1.487326 0.221236 0.004230 1.436860 0.164487 0.004272 1.455676 0.379882 0.004917 1.350432 0.235369 0.004916 
1.487316 0.221225 0.004295 1.436776 0.164505 0.004333 1.455619 0.379895 0.004921 1.350424 0.235375 0.004918 
1.487263 0.220714 0.004356 1.436795 0.164504 0.004394 1.455627 0.379896 0.004913 1.350367 0.234865 0.004916 
1.487171 0.219804 0.004411 1.436864 0.164498 0.004449 1.455676 0.379894 0.004908 1.350269 0.233956 0.004914 
1.487038 0.218484 0.004460 1.436894 0.164496 0.004499 1.455676 0.379895 0.004906 1.350128 0.232637 0.004914 
1.486855 0.216654 0.004505 1.436840 0.164503 0.004544 1.455580 0.379904 0.004905 1.349934 0.230808 0.004913 
1.486608 0.214177 0.004545 1.436676 0.164521 0.004585 1.455361 0.379922 0.004906 1.349671 0.228332 0.004911 
1.486285 0.210940 0.004582 1.436367 0.164553 0.004623 1.454979 0.379954 0.004910 1.349329 0.225095 0.004910 
1.485875 0.206819 0.004615 1.435869 0.164606 0.004657 1.454388 0.380003 0.004915 1.348893 0.220973 0.004909 
1.485366 0.201695 0.004644 1.435151 0.164681 0.004688 1.453554 0.380071 0.004922 1.348352 0.215849 0.004907 
1.484848 0.196477 0.004672 1.434555 0.164743 0.004716 1.452840 0.380130 0.004932 1.347801 0.210630 0.004907 
1.484299 0.190954 0.004696 1.434074 0.164793 0.004741 1.452235 0.380179 0.004932 1.347218 0.205108 0.004905 
1.483727 0.185196 0.004718 1.433729 0.164829 0.004763 1.451760 0.380218 0.004934 1.346611 0.199350 0.004904 
1.483227 0.181300 0.004394 1.432519 0.165115 0.004451 1.450522 0.380480 0.005105 1.346090 0.195491 0.004735 
1.483631 0.185253 0.004822 1.432642 0.164768 0.004551 1.452022 0.379998 0.007752 1.346609 0.200252 0.005140 
1.484604 0.191837 0.005573 1.433967 0.163888 0.004671 1.456331 0.378794 0.010997 1.347838 0.208625 0.005838 
1.484803 0.192771 0.005873 1.436152 0.163322 0.004719 1.459735 0.378109 0.012318 1.348142 0.210325 0.006153 
1.483378 0.181626 0.005267 1.439054 0.162967 0.004739 1.462420 0.377910 0.010179 1.346653 0.199221 0.005530 
1.481379 0.165695 0.004752 1.441159 0.162686 0.004753 1.463695 0.377824 0.006756 1.344519 0.183011 0.005013 
1.480221 0.156212 0.004694 1.442166 0.162596 0.004766 1.464476 0.377788 0.005232 1.343303 0.173532 0.004941 
1.471371 -0.033746 0.008456 1.465038 0.377735 0.005021 1.334713 0.158608 0.008932 1.316916 0.160336 0.011651 1.534813 0.180086 0.014055 1.535965 0.143620 0.011520 
1.466014 -0.029717 0.005653 1.465594 0.377673 0.005004 1.334384 0.159288 0.007400 1.318033 0.155712 0.009425 1.535748 0.175256 0.010632 1.536010 0.148499 0.008699 
1.461309 -0.030153 0.004934 1.464572 0.377935 0.005312 1.333634 0.155582 0.007532 1.318392 0.150219 0.009279 1.535988 0.169751 0.009260 1.535972 0.147601 0.007666 
1.460866 -0.030210 0.004927 1.465136 0.377830 0.006738 1.333328 0.153738 0.008093 1.318694 0.147203 0.009658 1.536223 0.166720 0.009614 1.536134 0.146265 0.008118 
1.460380 -0.030278 0.004921 1.464912 0.377741 0.008306 1.333046 0.152333 0.008828 1.318825 0.145896 0.010333 1.536326 0.165400 0.010261 1.536205 0.145404 0.008741 
1.459966 -0.030335 0.004921 1.464423 0.377706 0.009627 1.332835 0.151263 0.009433 1.318942 0.144714 0.010871 1.536419 0.164207 0.010791 1.536279 0.144613 0.009257 
1.459569 -0.030387 0.004921 1.464021 0.377695 0.010797 1.332700 0.150658 0.009920 1.319049 0.143629 0.011268 1.536503 0.163112 0.011182 1.536286 0.144356 0.009667 
1.459187 -0.030435 0.004921 1.463709 0.377678 0.011779 1.332614 0.150307 0.010322 1.319121 0.142905 0.011602 1.536559 0.162379 0.011511 1.536263 0.144361 0.010009 
1.458827 -0.030480 0.004920 1.463488 0.377662 0.012500 1.332555 0.150027 0.010636 1.319150 0.142604 0.011889 1.536583 0.162070 0.011794 1.536250 0.144364 0.010284 
1.458504 -0.030518 0.004920 1.463318 0.377658 0.012898 1.332500 0.149751 0.010817 1.319161 0.142491 0.012067 1.536592 0.161951 0.011969 1.536245 0.144328 0.010447 
1.458248 -0.030545 0.004920 1.463244 0.377661 0.012999 1.332463 0.149551 0.010863 1.319161 0.142481 0.012122 1.536592 0.161936 0.012023 1.536243 0.144313 0.010495 
1.458080 -0.030560 0.004920 1.463242 0.377669 0.012886 1.332470 0.149602 0.010788 1.319164 0.142446 0.012038 1.536594 0.161898 0.011941 1.536217 0.144505 0.010432 
1.457996 -0.030563 0.004921 1.463259 0.377686 0.012574 1.332504 0.149844 0.010605 1.319168 0.142396 0.011835 1.536597 0.161846 0.011740 1.536170 0.144853 0.010271 
1.457993 -0.030555 0.004922 1.463336 0.377707 0.012097 1.332572 0.150310 0.010323 1.319175 0.142317 0.011517 1.536602 0.161767 0.011426 1.536094 0.145420 0.010019 
1.458088 -0.030534 0.004923 1.463468 0.377732 0.011391 1.332638 0.150777 0.009935 1.319183 0.142228 0.011098 1.536608 0.161681 0.011013 1.536027 0.145930 0.009673 
1.458279 -0.030501 0.004925 1.463629 0.377764 0.010469 1.332707 0.151250 0.009449 1.319192 0.142132 0.010588 1.536614 0.161589 0.010510 1.535970 0.146369 0.009240 
1.458558 -0.030458 0.004927 1.463845 0.377793 0.009359 1.332782 0.151733 0.008880 1.319198 0.142073 0.010006 1.536616 0.161537 0.009936 1.535926 0.146738 0.008734 
1.458924 -0.030405 0.004929 1.464155 0.377813 0.008104 1.332851 0.152120 0.008291 1.319163 0.142411 0.009453 1.536588 0.161883 0.009391 1.535911 0.146926 0.008222 
1.459374 -0.030345 0.004932 1.464660 0.377817 0.006750 1.332919 0.152445 0.007690 1.319093 0.143113 0.008928 1.536532 0.162597 0.008873 1.535910 0.147051 0.007712 
1.459983 -0.030269 0.004935 1.464795 0.377844 0.005289 1.332962 0.152757 0.007089 1.318992 0.144126 0.008429 1.536452 0.163625 0.008383 1.535922 0.146969 0.007203 
1.461218 -0.030040 0.005000 1.465007 0.377928 0.004992 1.333255 0.155253 0.006973 1.318555 0.146886 0.008424 1.536059 0.166597 0.008483 1.535563 0.148941 0.007206 
1.463310 -0.030172 0.005212 1.465832 0.377966 0.004951 1.333620 0.157707 0.006935 1.318119 0.149282 0.008477 1.535667 0.169217 0.008850 1.535235 0.150437 0.007464 
1.464577 -0.031484 0.005564 1.466591 0.378010 0.004928 1.333950 0.159439 0.006965 1.317698 0.149812 0.008507 1.535275 0.169939 0.008933 1.534741 0.151835 0.007552 
1.464385 -0.033608 0.006190 1.463353 0.378310 0.004376 1.333862 0.160134 0.007105 1.317177 0.147806 0.008509 1.534756 0.167962 0.008611 1.534133 0.151054 0.007354 
1.464065 -0.035547 0.006710 1.465174 0.378278 0.004607 1.333905 0.160860 0.007304 1.316749 0.145947 0.008579 1.534332 0.166073 0.008345 1.533372 0.152735 0.007293 
1.463904 -0.036810 0.007060 1.465824 0.378250 0.004648 1.333924 0.160966 0.007470 1.316569 0.144579 0.008675 1.534148 0.164709 0.008166 1.533011 0.153281 0.007234 
1.463902 -0.037015 0.006935 1.465066 0.378458 0.004594 1.333950 0.161497 0.007461 1.316503 0.144351 0.008621 1.534081 0.164482 0.007922 1.532889 0.153512 0.007015 
1.463918 -0.036477 0.006490 1.466315 0.378343 0.004467 1.333827 0.161233 0.007288 1.316458 0.144841 0.008513 1.534033 0.164998 0.007654 1.532892 0.153699 0.006721 
1.463933 -0.035509 0.005790 1.466325 0.378401 0.004471 1.333729 0.161533 0.007090 1.316433 0.145779 0.008351 1.534005 0.165970 0.007357 1.532930 0.153979 0.006364 
1.465034 -0.034770 0.005270 1.467401 0.378284 0.004451 1.333596 0.161112 0.006833 1.316469 0.146157 0.008140 1.534034 0.166369 0.007330 1.533116 0.153088 0.006255 
1.467156 -0.034557 0.005071 1.466299 0.378449 0.004561 1.333577 0.161235 0.006714 1.316499 0.146096 0.007980 1.534063 0.166326 0.007666 1.533356 0.151068 0.006478 
1.468227 -0.034449 0.004975 1.464119 0.378995 0.004988 1.333685 0.162201 0.006787 1.316575 0.145495 0.007891 1.534126 0.165723 0.007825 1.533445 0.150307 0.006628 
1.468297 -0.034454 0.004974 1.465121 0.378899 0.004983 1.333461 0.160734 0.006844 1.316630 0.144993 0.008017 1.534170 0.165223 0.007951 1.533601 0.149094 0.006726 
1.468212 -0.034473 0.004972 1.464370 0.379122 0.005105 1.333372 0.160396 0.006921 1.316687 0.144452 0.008057 1.534215 0.164680 0.007992 1.533659 0.148516 0.006773 
1.468039 -0.034516 0.004970 1.460895 0.379749 0.005160 1.333381 0.160944 0.006994 1.316751 0.143879 0.008009 1.534267 0.164103 0.007947 1.533716 0.147796 0.006734 
1.467816 -0.034540 0.004965 1.461546 0.379698 0.005012 1.333279 0.160264 0.006905 1.316785 0.143634 0.007951 1.534296 0.163853 0.007904 1.533754 0.147547 0.006701 
1.467556 -0.034570 0.004965 1.461384 0.379762 0.005010 1.333263 0.160280 0.006880 1.316787 0.143590 0.007914 1.534297 0.163803 0.007872 1.533719 0.147740 0.006680 
1.467313 -0.034599 0.004964 1.461239 0.379822 0.005012 1.333266 0.160421 0.006848 1.316784 0.143568 0.007863 1.534294 0.163779 0.007826 1.533666 0.148065 0.006651 
1.467071 -0.034626 0.004965 1.461913 0.379761 0.005000 1.333253 0.160366 0.006788 1.316778 0.143548 0.007806 1.534288 0.163762 0.007771 1.533599 0.148545 0.006620 
1.466830 -0.034652 0.004964 1.460223 0.380125 0.005027 1.333311 0.161112 0.006781 1.316777 0.143493 0.007721 1.534285 0.163707 0.007687 1.533528 0.148877 0.006556 
1.466610 -0.034676 0.004964 1.459968 0.380227 0.005022 1.333331 0.161412 0.006739 1.316771 0.143485 0.007649 1.534278 0.163702 0.007616 1.533454 0.149330 0.006508 
1.466413 -0.034700 0.004965 1.460737 0.380157 0.005006 1.333311 0.161320 0.006684 1.316761 0.143481 0.007602 1.534268 0.163705 0.007570 1.533389 0.149779 0.006483 
1.466232 -0.034721 0.004965 1.461146 0.380163 0.005066 1.333312 0.161387 0.006669 1.316755 0.143455 0.007576 1.534261 0.163685 0.007545 1.533326 0.150217 0.006479 
1.466072 -0.034740 0.004959 1.458980 0.380594 0.005102 1.333349 0.162000 0.006709 1.316759 0.143412 0.007548 1.534264 0.163643 0.007516 1.533315 0.150102 0.006447 
1.465905 -0.034759 0.004960 1.459828 0.380519 0.005015 1.333295 0.161679 0.006639 1.316753 0.143390 0.007505 1.534257 0.163627 0.007474 1.533283 0.150306 0.006417 
1.465763 -0.034777 0.004960 1.460927 0.380454 0.005001 1.333253 0.161383 0.006594 1.316743 0.143370 0.007485 1.534246 0.163616 0.007454 1.533242 0.150611 0.006413 
1.465640 -0.034791 0.004961 1.461293 0.380468 0.005068 1.333246 0.161402 0.006592 1.316738 0.143320 0.007474 1.534240 0.163572 0.007443 1.533194 0.150925 0.006419 
1.465531 -0.034805 0.004960 1.460607 0.380628 0.005117 1.333239 0.161564 0.006620 1.316733 0.143269 0.007477 1.534233 0.163530 0.007445 1.533174 0.150926 0.006422 
1.465438 -0.034816 0.004961 1.461136 0.380593 0.005109 1.333189 0.161276 0.006609 1.316727 0.143259 0.007487 1.534227 0.163524 0.007456 1.533165 0.150946 0.006434 
1.465361 -0.034826 0.004962 1.461836 0.380529 0.005088 1.333131 0.160919 0.006587 1.316726 0.143212 0.007491 1.534224 0.163482 0.007460 1.533159 0.150958 0.006440 
1.465312 -0.034833 0.004958 1.463448 0.380514 0.005115 1.333090 0.160501 0.006551 1.316727 0.143189 0.007490 1.534224 0.163463 0.007463 1.533142 0.151239 0.006459 
1.465232 -0.034842 0.004957 1.463505 0.380525 0.005115 1.333081 0.160481 0.006544 1.316727 0.143170 0.007482 1.534223 0.163443 0.007451 1.533129 0.151313 0.006451 
1.465160 -0.034849 0.004958 1.463932 0.380487 0.005099 1.333063 0.160374 0.006514 1.316729 0.143138 0.007459 1.534225 0.163411 0.007428 1.533108 0.151467 0.006439 
1.465073 -0.034857 0.004958 1.464289 0.380456 0.005086 1.333048 0.160280 0.006487 1.316732 0.143103 0.007436 1.534227 0.163375 0.007405 1.533088 0.151611 0.006426 
1.464995 -0.034866 0.004955 1.461808 0.380821 0.005195 1.333158 0.161295 0.006559 1.316735 0.143079 0.007410 1.534229 0.163353 0.007380 1.533055 0.151695 0.006405 
1.464897 -0.034878 0.004955 1.461008 0.380976 0.005225 1.333183 0.161655 0.006569 1.316729 0.143076 0.007385 1.534223 0.163353 0.007354 1.533017 0.151851 0.006386 
1.464806 -0.034888 0.004956 1.460780 0.381032 0.005100 1.333139 0.161515 0.006525 1.316719 0.143083 0.007353 1.534213 0.163363 0.007323 1.533022 0.151690 0.006349 
1.464729 -0.034896 0.004957 1.459898 0.381231 0.005137 1.333171 0.161964 0.006533 1.316714 0.143074 0.007317 1.534208 0.163358 0.007288 1.532974 0.151906 0.006324 
1.464672 -0.034904 0.004958 1.460636 0.381164 0.005111 1.333146 0.161830 0.006490 1.316705 0.143072 0.007288 1.534198 0.163364 0.007259 1.532932 0.152177 0.006309 
1.464638 -0.034911 0.004960 1.461326 0.381101 0.005089 1.333112 0.161631 0.006458 1.316699 0.143056 0.007274 1.534191 0.163355 0.007245 1.532907 0.152330 0.006304 
1.464622 -0.034914 0.004961 1.461949 0.381044 0.005073 1.333073 0.161393 0.006435 1.316698 0.143006 0.007267 1.534189 0.163311 0.007239 1.532895 0.152390 0.006304 
1.464618 -0.034918 0.004961 1.462009 0.381041 0.005069 1.333048 0.161288 0.006438 1.316694 0.142972 0.007275 1.534184 0.163283 0.007247 1.532896 0.152313 0.006309 
1.464627 -0.034919 0.004960 1.461368 0.381176 0.005138 1.333059 0.161526 0.006478 1.316693 0.142957 0.007289 1.534182 0.163278 0.007260 1.532880 0.152331 0.006322 
1.464631 -0.034924 0.004960 1.457590 0.381627 0.005206 1.333084 0.162491 0.006600 1.316687 0.142947 0.007306 1.534175 0.163276 0.007277 1.532871 0.151836 0.006308 
1.464648 -0.034923 0.004960 1.456564 0.382098 0.005299 1.333163 0.163125 0.006630 1.316689 0.142933 0.007276 1.534176 0.163262 0.007247 1.532847 0.152069 0.006292 
1.464625 -0.034924 0.004955 1.455362 0.382403 0.005257 1.333189 0.163710 0.006600 1.316689 0.142951 0.007192 1.534176 0.163284 0.007164 1.532788 0.152303 0.006220 
1.464596 -0.034930 0.004956 1.457432 0.382319 0.005044 1.333149 0.163297 0.006437 1.316680 0.142983 0.007084 1.534168 0.163321 0.007057 1.532736 0.152811 0.006142 
1.464603 -0.034930 0.004957 1.457450 0.382380 0.005041 1.333197 0.163794 0.006383 1.316671 0.142992 0.006991 1.534159 0.163338 0.006966 1.532637 0.153435 0.006083 
1.464645 -0.034925 0.004959 1.458454 0.382288 0.005016 1.333188 0.163759 0.006334 1.316659 0.143076 0.006959 1.534148 0.163427 0.006934 1.532576 0.153869 0.006068 
1.464721 -0.034917 0.004961 1.459373 0.382214 0.005009 1.333156 0.163582 0.006311 1.316647 0.143118 0.006958 1.534136 0.163477 0.006934 1.532543 0.154072 0.006075 
1.464801 -0.034908 0.004962 1.459701 0.382298 0.005003 1.333134 0.163536 0.006298 1.316644 0.143082 0.006948 1.534132 0.163450 0.006923 1.532527 0.154144 0.006071 
1.464869 -0.034904 0.004964 1.460574 0.382218 0.004989 1.333087 0.163249 0.006277 1.316639 0.143056 0.006953 1.534125 0.163435 0.006928 1.532513 0.154207 0.006080 
1.464926 -0.034896 0.004964 1.458278 0.382679 0.005005 1.333112 0.163902 0.006333 1.316638 0.143007 0.006937 1.534123 0.163393 0.006912 1.532513 0.153931 0.006051 
1.464973 -0.034894 0.004965 1.459259 0.382589 0.004988 1.333069 0.163644 0.006303 1.316628 0.143009 0.006934 1.534112 0.163408 0.006909 1.532484 0.154099 0.006056 
1.465021 -0.034888 0.004965 1.459005 0.382700 0.004999 1.333048 0.163724 0.006314 1.316619 0.142993 0.006934 1.534102 0.163404 0.006910 1.532464 0.154090 0.006055 
1.465067 -0.034884 0.004966 1.459909 0.382618 0.004988 1.332999 0.163427 0.006291 1.316615 0.142951 0.006936 1.534095 0.163373 0.006912 1.532447 0.154175 0.006064 
1.465116 -0.034873 0.004965 1.460749 0.382539 0.004979 1.332946 0.163104 0.006274 1.316604 0.142914 0.006946 1.534082 0.163359 0.006922 1.532436 0.154201 0.006076 
1.464769 -0.034872 0.004907 1.461152 0.382478 0.004920 1.332835 0.162635 0.006299 1.316525 0.143211 0.007039 1.534007 0.163670 0.006915 1.532405 0.154131 0.006043 
1.464792 -0.034866 0.004914 1.459596 0.382667 0.004956 1.332828 0.163031 0.006351 1.316519 0.143184 0.007044 1.534000 0.163653 0.006930 1.532387 0.153945 0.006047 
1.464810 -0.034863 0.004919 1.460802 0.382623 0.005094 1.332845 0.162975 0.006362 1.316505 0.143195 0.007064 1.533985 0.163679 0.006961 1.532342 0.154397 0.006099 
1.464810 -0.034866 0.004925 1.461464 0.382562 0.005078 1.332801 0.162694 0.006339 1.316504 0.143149 0.007062 1.533982 0.163641 0.006969 1.532336 0.154413 0.006111 
1.464808 -0.034864 0.004929 1.461149 0.382629 0.005122 1.332803 0.162841 0.006354 1.316503 0.143105 0.007057 1.533980 0.163602 0.006973 1.532316 0.154468 0.006120 
1.464808 -0.034867 0.004933 1.461755 0.382574 0.005106 1.332763 0.162590 0.006334 1.316496 0.143097 0.007058 1.533973 0.163602 0.006983 1.532308 0.154492 0.006131 
1.464802 -0.034867 0.004936 1.459121 0.383071 0.005422 1.332899 0.164056 0.006472 1.316496 0.143045 0.007045 1.533971 0.163556 0.006978 1.532193 0.155035 0.006153 
1.464771 -0.034870 0.004938 1.456994 0.383521 0.005334 1.332891 0.164466 0.006484 1.316493 0.143064 0.007013 1.533969 0.163576 0.006951 1.532213 0.154653 0.006104 
1.464729 -0.034872 0.004940 1.458094 0.383437 0.005022 1.332799 0.163810 0.006329 1.316493 0.143088 0.006929 1.533968 0.163601 0.006877 1.532239 0.154492 0.006024 
1.464701 -0.034870 0.004943 1.457539 0.383562 0.005027 1.332841 0.164340 0.006302 1.316481 0.143109 0.006858 1.533956 0.163628 0.006812 1.532162 0.154903 0.005979 
1.464702 -0.034867 0.004947 1.457771 0.383583 0.005049 1.332861 0.164635 0.006270 1.316471 0.143127 0.006803 1.533946 0.163653 0.006762 1.532080 0.155395 0.005954 
1.464723 -0.034863 0.004949 1.456222 0.383926 0.005123 1.332918 0.165422 0.006304 1.316467 0.143115 0.006758 1.533941 0.163646 0.006720 1.532021 0.155614 0.005924 
1.464741 -0.034857 0.004952 1.456306 0.383959 0.005069 1.332912 0.165548 0.006259 1.316462 0.143110 0.006704 1.533936 0.163645 0.006670 1.531976 0.155833 0.005886 
1.464787 -0.034851 0.004955 1.456838 0.383949 0.005015 1.332877 0.165425 0.006221 1.316449 0.143141 0.006684 1.533923 0.163685 0.006651 1.531945 0.155964 0.005872 
1.464852 -0.034846 0.004958 1.456868 0.384007 0.005037 1.332865 0.165525 0.006228 1.316439 0.143148 0.006682 1.533912 0.163703 0.006652 1.531915 0.156057 0.005876 
1.464912 -0.034839 0.004959 1.457381 0.384064 0.005023 1.332833 0.165406 0.006208 1.316438 0.143115 0.006671 1.533910 0.163676 0.006642 1.531895 0.156155 0.005873 
1.464963 -0.034836 0.004961 1.458401 0.383971 0.005004 1.332797 0.165182 0.006170 1.316431 0.143104 0.006656 1.533902 0.163675 0.006630 1.531859 0.156375 0.005873 
1.465027 -0.034833 0.004963 1.459350 0.383884 0.004991 1.332749 0.164874 0.006146 1.316425 0.143085 0.006661 1.533895 0.163665 0.006637 1.531843 0.156455 0.005885 
1.465087 -0.034826 0.004964 1.457246 0.384320 0.005230 1.332828 0.165919 0.006268 1.316425 0.143042 0.006669 1.533893 0.163630 0.006646 1.531771 0.156715 0.005908 
1.465115 -0.034819 0.004961 1.455830 0.384668 0.005139 1.332802 0.166148 0.006262 1.316431 0.143017 0.006635 1.533898 0.163607 0.006612 1.531787 0.156407 0.005858 
1.465129 -0.034818 0.004963 1.455910 0.384740 0.005044 1.332773 0.166172 0.006203 1.316421 0.143016 0.006577 1.533888 0.163618 0.006556 1.531746 0.156557 0.005810 
1.465162 -0.034817 0.004965 1.457046 0.384637 0.005019 1.332747 0.166026 0.006149 1.316413 0.143016 0.006542 1.533878 0.163628 0.006523 1.531687 0.156936 0.005797 
1.465213 -0.034812 0.004966 1.457921 0.384557 0.005003 1.332712 0.165825 0.006120 1.316404 0.143014 0.006535 1.533869 0.163636 0.006515 1.531655 0.157111 0.005799 
1.465273 -0.034809 0.004968 1.458913 0.384466 0.004989 1.332662 0.165494 0.006095 1.316402 0.142979 0.006540 1.533865 0.163609 0.006520 1.531640 0.157188 0.005810 
1.465317 -0.034805 0.004969 1.458688 0.384544 0.005052 1.332648 0.165592 0.006129 1.316396 0.142945 0.006558 1.533858 0.163587 0.006537 1.531617 0.157217 0.005829 
1.465347 -0.034806 0.004970 1.455925 0.385003 0.005337 1.332733 0.166873 0.006284 1.316384 0.142884 0.006570 1.533843 0.163547 0.006549 1.531524 0.157459 0.005852 
1.465328 -0.034808 0.004970 1.457051 0.384906 0.005131 1.332628 0.166129 0.006188 1.316388 0.142838 0.006545 1.533846 0.163501 0.006524 1.531559 0.157201 0.005817 
1.465319 -0.034811 0.004971 1.458041 0.384817 0.005078 1.332590 0.165892 0.006129 1.316383 0.142822 0.006512 1.533840 0.163492 0.006493 1.531520 0.157438 0.005801 
1.465314 -0.034811 0.004972 1.458612 0.384773 0.005072 1.332565 0.165781 0.006107 1.316374 0.142821 0.006502 1.533830 0.163499 0.006483 1.531488 0.157606 0.005799 
1.465306 -0.034809 0.004973 1.459385 0.384687 0.005036 1.332516 0.165468 0.006076 1.316365 0.142806 0.006501 1.533820 0.163493 0.006482 1.531475 0.157644 0.005801 
1.465300 -0.034791 0.004968 1.459848 0.384615 0.004981 1.332458 0.165135 0.006054 1.316348 0.142829 0.006512 1.533802 0.163535 0.006493 1.531482 0.157516 0.005803 
1.465273 -0.034795 0.004969 1.460523 0.384553 0.004978 1.332418 0.164866 0.006037 1.316349 0.142786 0.006515 1.533801 0.163496 0.006496 1.531471 0.157573 0.005812 
1.465235 -0.034799 0.004970 1.461129 0.384497 0.004978 1.332380 0.164606 0.006022 1.316349 0.142752 0.006521 1.533800 0.163465 0.006502 1.531463 0.157613 0.005821 
1.465182 -0.034800 0.004970 1.460229 0.384666 0.005072 1.332409 0.165030 0.006076 1.316345 0.142743 0.006528 1.533796 0.163459 0.006509 1.531432 0.157709 0.005832 
1.465111 -0.034805 0.004971 1.460812 0.384613 0.005063 1.332372 0.164785 0.006055 1.316343 0.142722 0.006528 1.533794 0.163441 0.006508 1.531420 0.157780 0.005837 
1.465029 -0.034808 0.004972 1.460975 0.384609 0.005073 1.332353 0.164706 0.006050 1.316340 0.142696 0.006526 1.533790 0.163418 0.006507 1.531405 0.157840 0.005840 
1.464578 -0.034804 0.004911 1.456538 0.385378 0.005499 1.332472 0.166662 0.006338 1.316243 0.143150 0.006644 1.533700 0.163883 0.006520 1.531225 0.158446 0.005849 
1.464524 -0.034809 0.004917 1.457451 0.385301 0.005288 1.332382 0.166029 0.006235 1.316241 0.143159 0.006607 1.533698 0.163892 0.006496 1.531253 0.158234 0.005813 
1.464507 -0.034796 0.004921 1.454150 0.385761 0.005615 1.332540 0.167805 0.006384 1.316235 0.143171 0.006569 1.533692 0.163911 0.006474 1.531120 0.158825 0.005819 
1.464470 -0.034799 0.004926 1.455283 0.385670 0.005235 1.332406 0.166843 0.006223 1.316229 0.143215 0.006516 1.533687 0.163956 0.006429 1.531188 0.158340 0.005744 
1.464457 -0.034799 0.004932 1.456315 0.385582 0.005029 1.332354 0.166499 0.006095 1.316224 0.143228 0.006432 1.533682 0.163972 0.006354 1.531165 0.158480 0.005678 
1.464466 -0.034800 0.004937 1.457264 0.385496 0.005011 1.332344 0.166454 0.006053 1.316201 0.143390 0.006413 1.533663 0.164141 0.006342 1.531100 0.158897 0.005679 
1.464490 -0.034799 0.004942 1.458156 0.385415 0.004997 1.332315 0.166268 0.006030 1.316180 0.143550 0.006424 1.533644 0.164306 0.006359 1.531065 0.159116 0.005697 
1.464521 -0.034793 0.004946 1.457105 0.385644 0.005132 1.332352 0.166895 0.006092 1.316169 0.143564 0.006421 1.533633 0.164331 0.006361 1.530997 0.159388 0.005711 
1.464559 -0.034791 0.004950 1.458038 0.385551 0.005102 1.332292 0.166504 0.006064 1.316156 0.143536 0.006430 1.533618 0.164319 0.006375 1.530988 0.159384 0.005725 
1.464588 -0.034799 0.004953 1.458873 0.385475 0.005084 1.332233 0.166140 0.006040 1.316138 0.143471 0.006437 1.533596 0.164283 0.006386 1.530973 0.159375 0.005739 
1.464601 -0.034806 0.004956 1.459567 0.385412 0.005072 1.332182 0.165812 0.006023 1.316125 0.143419 0.006446 1.533581 0.164252 0.006400 1.530966 0.159347 0.005755 
1.464599 -0.034806 0.004958 1.458070 0.385700 0.005277 1.332231 0.166566 0.006128 1.316116 0.143416 0.006468 1.533571 0.164258 0.006427 1.530901 0.159579 0.005791 
1.464588 -0.034802 0.004959 1.458158 0.385710 0.005285 1.332203 0.166455 0.006134 1.316111 0.143392 0.006480 1.533565 0.164241 0.006443 1.530900 0.159519 0.005804 
1.464576 -0.034807 0.004961 1.458927 0.385640 0.005252 1.332146 0.166061 0.006108 1.316106 0.143376 0.006490 1.533559 0.164232 0.006458 1.530902 0.159470 0.005817 
1.464563 -0.034806 0.004963 1.458472 0.385730 0.005300 1.332140 0.166202 0.006138 1.316102 0.143357 0.006500 1.533554 0.164219 0.006471 1.530885 0.159471 0.005829 
1.464551 -0.034802 0.004964 1.458152 0.385767 0.005283 1.332108 0.166170 0.006146 1.316095 0.143367 0.006508 1.533546 0.164234 0.006482 1.530884 0.159342 0.005831 
1.464555 -0.034785 0.004963 1.457871 0.385803 0.005335 1.332129 0.166361 0.006173 1.316077 0.143420 0.006521 1.533527 0.164309 0.006498 1.530870 0.159412 0.005846 
1.464543 -0.034785 0.004964 1.456534 0.386061 0.005482 1.332176 0.167076 0.006242 1.316071 0.143404 0.006512 1.533521 0.164301 0.006492 1.530802 0.159680 0.005854 
1.464517 -0.034781 0.004965 1.456281 0.386123 0.005313 1.332118 0.166829 0.006189 1.316065 0.143415 0.006485 1.533515 0.164314 0.006466 1.530834 0.159349 0.005808 
1.464506 -0.034781 0.004966 1.456339 0.386158 0.005165 1.332081 0.166723 0.006119 1.316055 0.143418 0.006430 1.533504 0.164326 0.006412 1.530823 0.159315 0.005752 
1.464498 -0.034776 0.004966 1.454575 0.386541 0.005293 1.332156 0.167792 0.006165 1.316048 0.143431 0.006370 1.533497 0.164344 0.006352 1.530715 0.159810 0.005717 
1.464490 -0.034778 0.004968 1.455564 0.386453 0.005019 1.332078 0.167282 0.006023 1.316030 0.143424 0.006289 1.533477 0.164359 0.006272 1.530713 0.159739 0.005634 
1.464541 -0.034694 0.004953 1.456528 0.386361 0.005004 1.332047 0.167211 0.005997 1.315951 0.143778 0.006309 1.533397 0.164796 0.006292 1.530642 0.160128 0.005649 
1.464535 -0.034672 0.004957 1.457417 0.386281 0.004991 1.332025 0.167086 0.005966 1.315937 0.143896 0.006303 1.533384 0.164919 0.006287 1.530597 0.160433 0.005653 
1.464529 -0.034662 0.004960 1.455634 0.386514 0.005093 1.332040 0.167749 0.006050 1.315924 0.143962 0.006318 1.533373 0.164988 0.006300 1.530545 0.160468 0.005660 
1.464539 -0.034666 0.004963 1.456641 0.386503 0.005113 1.332009 0.167467 0.006032 1.315913 0.143962 0.006330 1.533361 0.165000 0.006313 1.530524 0.160642 0.005684 
1.464242 -0.034660 0.004919 1.456671 0.386534 0.005144 1.331933 0.167279 0.006093 1.315839 0.144252 0.006431 1.533292 0.165301 0.006329 1.530475 0.160691 0.005680 
1.464238 -0.034647 0.004925 1.455712 0.386681 0.005164 1.331926 0.167492 0.006131 1.315836 0.144257 0.006442 1.533288 0.165307 0.006347 1.530479 0.160530 0.005686 
1.464230 -0.034646 0.004930 1.456145 0.386657 0.005139 1.331891 0.167331 0.006106 1.315827 0.144249 0.006432 1.533278 0.165309 0.006345 1.530458 0.160592 0.005688 
1.464232 -0.034649 0.004935 1.457047 0.386576 0.005115 1.331847 0.167031 0.006070 1.315819 0.144238 0.006426 1.533270 0.165307 0.006348 1.530436 0.160705 0.005698 
1.464224 -0.034644 0.004939 1.455005 0.386893 0.005163 1.331851 0.167679 0.006128 1.315811 0.144205 0.006407 1.533260 0.165286 0.006336 1.530395 0.160622 0.005678 
1.464217 -0.034644 0.004943 1.454836 0.387006 0.005102 1.331843 0.167737 0.006095 1.315801 0.144192 0.006371 1.533248 0.165285 0.006305 1.530385 0.160635 0.005650 
1.464212 -0.034645 0.004947 1.455825 0.386914 0.005038 1.331813 0.167540 0.006027 1.315790 0.144199 0.006328 1.533237 0.165303 0.006269 1.530338 0.160909 0.005629 
1.464212 -0.034641 0.004950 1.453439 0.387392 0.005316 1.331910 0.168926 0.006150 1.315781 0.144195 0.006303 1.533227 0.165308 0.006249 1.530207 0.161479 0.005639 
1.464206 -0.034648 0.004953 1.454556 0.387300 0.005043 1.331806 0.168193 0.006017 1.315770 0.144134 0.006246 1.533212 0.165267 0.006195 1.530234 0.161220 0.005575 
1.464198 -0.034651 0.004957 1.455555 0.387211 0.005003 1.331782 0.168047 0.005954 1.315762 0.144118 0.006201 1.533204 0.165260 0.006156 1.530177 0.161560 0.005557 
1.464207 -0.034614 0.004954 1.454615 0.387394 0.005056 1.331791 0.168482 0.005987 1.315747 0.144171 0.006192 1.533188 0.165336 0.006149 1.530133 0.161688 0.005552 
1.464217 -0.034595 0.004954 1.455628 0.387298 0.005021 1.331746 0.168185 0.005945 1.315730 0.144210 0.006186 1.533169 0.165400 0.006148 1.530102 0.161859 0.005557 
1.464220 -0.034585 0.004957 1.455122 0.387384 0.005087 1.331742 0.168404 0.005982 1.315720 0.144210 0.006197 1.533159 0.165407 0.006161 1.530072 0.161915 0.005572 
1.464234 -0.034587 0.004960 1.456136 0.387281 0.005059 1.331685 0.167952 0.005959 1.315714 0.144200 0.006218 1.533151 0.165406 0.006184 1.530074 0.161880 0.005593 
1.464234 -0.034585 0.004962 1.454945 0.387527 0.005204 1.331701 0.168493 0.006037 1.315708 0.144171 0.006231 1.533143 0.165387 0.006198 1.530020 0.162023 0.005615 
1.464226 -0.034584 0.004964 1.455241 0.387516 0.005124 1.331646 0.168203 0.006004 1.315698 0.144152 0.006225 1.533132 0.165380 0.006195 1.530026 0.161883 0.005603 
1.464228 -0.034581 0.004966 1.452743 0.388014 0.005452 1.331740 0.169608 0.006159 1.315687 0.144154 0.006225 1.533120 0.165393 0.006197 1.529896 0.162426 0.005634 
1.464225 -0.034590 0.004967 1.453915 0.387915 0.005252 1.331640 0.168892 0.006061 1.315669 0.144141 0.006204 1.533100 0.165401 0.006178 1.529915 0.162215 0.005603 
1.464218 -0.034596 0.004969 1.454960 0.387827 0.005076 1.331566 0.168371 0.005961 1.315657 0.144096 0.006159 1.533087 0.165374 0.006136 1.529913 0.162158 0.005559 
1.464230 -0.034570 0.004966 1.455911 0.387734 0.005057 1.331534 0.168170 0.005921 1.315638 0.144153 0.006148 1.533065 0.165460 0.006128 1.529872 0.162404 0.005562 
1.464224 -0.034564 0.004968 1.453238 0.388257 0.005411 1.331645 0.169741 0.006081 1.315636 0.144104 0.006132 1.533061 0.165417 0.006113 1.529725 0.163054 0.005586 
1.464220 -0.034571 0.004970 1.454351 0.388163 0.005223 1.331553 0.169073 0.005986 1.315622 0.144064 0.006106 1.533045 0.165397 0.006088 1.529742 0.162866 0.005552 
1.464214 -0.034571 0.004971 1.452182 0.388622 0.005366 1.331597 0.170106 0.006062 1.315606 0.144031 0.006067 1.533026 0.165385 0.006050 1.529646 0.163157 0.005530 
1.464211 -0.034577 0.004972 1.451804 0.388836 0.005149 1.331507 0.169877 0.005982 1.315576 0.144028 0.006014 1.532994 0.165415 0.005997 1.529648 0.162868 0.005457 
1.464209 -0.034577 0.004973 1.452006 0.388859 0.005033 1.331479 0.169881 0.005910 1.315558 0.144024 0.005948 1.532974 0.165432 0.005932 1.529600 0.163028 0.005401 
1.464225 -0.034578 0.004975 1.453214 0.388753 0.005008 1.331456 0.169752 0.005848 1.315548 0.144024 0.005905 1.532964 0.165442 0.005892 1.529525 0.163469 0.005387 
1.464266 -0.034576 0.004977 1.454356 0.388652 0.004990 1.331419 0.169494 0.005803 1.315543 0.143999 0.005888 1.532957 0.165426 0.005876 1.529482 0.163713 0.005389 
1.464293 -0.034553 0.004979 1.451540 0.389177 0.005343 1.331507 0.170984 0.005989 1.315529 0.143995 0.005905 1.532942 0.165432 0.005888 1.529356 0.164173 0.005426 
1.464293 -0.034554 0.004982 1.450985 0.389463 0.005293 1.331442 0.170961 0.005984 1.315514 0.143946 0.005895 1.532923 0.165406 0.005871 1.529339 0.164038 0.005401 
1.464295 -0.034564 0.004982 1.452245 0.389361 0.005047 1.331331 0.170162 0.005865 1.315490 0.143914 0.005864 1.532897 0.165404 0.005841 1.529363 0.163773 0.005355 
1.464290 -0.034562 0.004983 1.453264 0.389281 0.004998 1.331295 0.169943 0.005805 1.315479 0.143902 0.005830 1.532884 0.165406 0.005810 1.529314 0.164036 0.005341 
1.464263 -0.034526 0.004977 1.454341 0.389165 0.004981 1.331245 0.169668 0.005770 1.315449 0.143952 0.005832 1.532853 0.165477 0.005802 1.529265 0.164268 0.005344 
1.464294 -0.034508 0.004975 1.455304 0.389071 0.004973 1.331203 0.169359 0.005740 1.315442 0.143925 0.005832 1.532843 0.165473 0.005806 1.529244 0.164380 0.005356 
1.464303 -0.034492 0.004976 1.454731 0.389168 0.005056 1.331197 0.169592 0.005791 1.315431 0.143919 0.005853 1.532831 0.165475 0.005827 1.529216 0.164409 0.005378 
1.464318 -0.034491 0.004977 1.455660 0.389076 0.005043 1.331142 0.169171 0.005770 1.315426 0.143893 0.005872 1.532824 0.165459 0.005849 1.529215 0.164385 0.005399 
1.464346 -0.034457 0.004972 1.456508 0.388990 0.005062 1.331092 0.168823 0.005767 1.315404 0.143936 0.005906 1.532800 0.165539 0.005886 1.529206 0.164407 0.005433 
1.464346 -0.034443 0.004970 1.457197 0.388919 0.005102 1.331057 0.168570 0.005770 1.315392 0.143940 0.005933 1.532786 0.165566 0.005916 1.529192 0.164470 0.005466 
1.464311 -0.034450 0.004969 1.457769 0.388856 0.005166 1.331030 0.168374 0.005784 1.315383 0.143944 0.005963 1.532776 0.165576 0.005948 1.529173 0.164556 0.005503 
1.464247 -0.034456 0.004971 1.458131 0.388823 0.005247 1.331013 0.168245 0.005809 1.315383 0.143920 0.005994 1.532776 0.165553 0.005980 1.529159 0.164640 0.005542 
1.464161 -0.034445 0.004972 1.457084 0.388987 0.005472 1.331041 0.168803 0.005922 1.315366 0.143927 0.006041 1.532757 0.165573 0.006028 1.529094 0.164886 0.005603 
1.464058 -0.034449 0.004974 1.457539 0.388946 0.005544 1.331002 0.168554 0.005948 1.315353 0.143927 0.006086 1.532742 0.165586 0.006072 1.529081 0.164916 0.005648 
