0.505686 0.495228 0.004501 0.703966 -0.099907 0.005063 0.850380 0.056429 0.005052 0.293275 0.467672 0.004632 0.601963 -0.008884 0.004892 0.307596 0.331714 0.004972 
0.505677 0.495230 0.004548 0.703969 -0.099924 0.005065 0.850386 0.056409 0.005035 0.293267 0.467672 0.004664 0.601968 -0.008899 0.004898 0.307589 0.331714 0.004969 
0.505677 0.495229 0.004591 0.703970 -0.099926 0.005029 0.850387 0.056407 0.005020 0.293267 0.467671 0.004691 0.601969 -0.008901 0.004906 0.307589 0.331713 0.004963 
0.505677 0.495228 0.004626 0.703971 -0.099926 0.005023 0.850387 0.056406 0.005015 0.293266 0.467670 0.004712 0.601969 -0.008901 0.004912 0.307589 0.331712 0.004960 
0.505661 0.495249 0.004658 0.703964 -0.099990 0.005087 0.850423 0.056303 0.005005 0.293252 0.467675 0.004730 0.601987 -0.008938 0.004920 0.307585 0.331718 0.004957 
0.505660 0.495249 0.004686 0.703965 -0.099991 0.005076 0.850423 0.056302 0.005003 0.293252 0.467674 0.004747 0.601988 -0.008939 0.004924 0.307585 0.331717 0.004955 
0.505660 0.495248 0.004711 0.704017 -0.100001 0.005074 0.850443 0.056322 0.005005 0.293252 0.467674 0.004763 0.602021 -0.008970 0.004929 0.307585 0.331716 0.004956 
0.505660 0.495248 0.004733 0.704280 -0.100049 0.005081 0.850543 0.056427 0.005001 0.293252 0.467673 0.004779 0.602189 -0.009125 0.004952 0.307584 0.331716 0.004957 
0.505660 0.495247 0.004753 0.704757 -0.100149 0.005157 0.850723 0.056604 0.004995 0.293252 0.467673 0.004793 0.602494 -0.009418 0.005049 0.307584 0.331716 0.004960 
0.505658 0.495261 0.004770 0.705422 -0.100433 0.005386 0.851098 0.056589 0.004972 0.293249 0.467690 0.004808 0.602992 -0.009891 0.005175 0.307580 0.331732 0.004965 
0.505661 0.495265 0.004784 0.706054 -0.100725 0.005766 0.851394 0.056607 0.004949 0.293251 0.467703 0.004822 0.603430 -0.010403 0.005440 0.307576 0.331745 0.004978 
0.505671 0.495271 0.004791 0.706508 -0.100893 0.006121 0.851610 0.056657 0.004950 0.293228 0.467961 0.004896 0.603748 -0.010725 0.005807 0.307392 0.331986 0.005092 
0.505684 0.495287 0.004794 0.706541 -0.100910 0.006475 0.851644 0.056635 0.004946 0.293177 0.468488 0.005367 0.603782 -0.010741 0.006203 0.307015 0.332480 0.005734 
0.505705 0.495300 0.004792 0.706695 -0.101035 0.007221 0.851879 0.056428 0.004991 0.293146 0.468958 0.006310 0.603984 -0.010812 0.006918 0.306695 0.332922 0.006971 
0.505733 0.495318 0.004795 0.706767 -0.101059 0.008288 0.851955 0.056382 0.004991 0.293147 0.469300 0.007611 0.604064 -0.010827 0.008073 0.306498 0.333247 0.008687 
0.505767 0.495340 0.004808 0.706778 -0.101075 0.009661 0.852075 0.056230 0.004999 0.293170 0.469634 0.009214 0.604147 -0.010761 0.009518 0.306341 0.333568 0.010804 
0.505807 0.495365 0.004819 0.706765 -0.100974 0.011252 0.852116 0.056225 0.004992 0.293218 0.469992 0.011126 0.604183 -0.010604 0.011303 0.306211 0.333917 0.013320 
0.505854 0.495395 0.004830 0.706797 -0.100890 0.013157 0.852174 0.056198 0.004997 0.293297 0.470396 0.013320 0.604260 -0.010469 0.013410 0.306103 0.334317 0.016227 
0.505908 0.495430 0.004840 0.706854 -0.100773 0.015395 0.852220 0.056193 0.004983 0.293420 0.470828 0.015849 0.604360 -0.010304 0.015951 0.306053 0.334754 0.019593 
0.505904 0.495490 0.004864 0.710983 -0.097182 0.025455 0.851882 0.063485 0.010917 0.293402 0.471244 0.016389 0.606116 -0.009484 0.026761 0.305856 0.335176 0.020899 
0.505853 0.495503 0.004882 0.718222 -0.094219 0.038507 0.851690 0.072114 0.018569 0.293221 0.471643 0.014686 0.609710 -0.011096 0.040894 0.305371 0.335536 0.018828 
0.505764 0.495488 0.004870 0.725181 -0.090958 0.049116 0.851894 0.080011 0.024810 0.292938 0.472667 0.012725 0.613669 -0.011944 0.052548 0.304346 0.336469 0.015844 
0.505736 0.495458 0.004867 0.730367 -0.084179 0.061445 0.849400 0.091539 0.032602 0.292735 0.473877 0.011385 0.615874 -0.009691 0.067165 0.303308 0.337596 0.013752 
0.505748 0.495454 0.004864 0.738358 -0.072385 0.069385 0.849907 0.107818 0.038378 0.292462 0.477088 0.011901 0.621216 -0.002379 0.077539 0.300979 0.340662 0.014131 
0.505773 0.495463 0.004862 0.757985 -0.052574 0.076451 0.858472 0.133905 0.044738 0.292064 0.483730 0.013129 0.637032 0.010437 0.085931 0.296364 0.347109 0.015615 
0.505813 0.495467 0.004861 0.779776 -0.025243 0.079218 0.868933 0.167480 0.051176 0.291979 0.488282 0.014925 0.655312 0.030260 0.090080 0.293399 0.351603 0.017518 
0.505862 0.495469 0.004861 0.805429 0.010269 0.082915 0.880195 0.209748 0.060641 0.292038 0.492840 0.017123 0.677234 0.056155 0.095176 0.290575 0.356163 0.019766 
0.834017 0.041544 0.074700 0.292306 0.498474 0.020160 0.505929 0.495483 0.004862 0.897290 0.245374 0.056603 0.703673 0.079894 0.089850 0.287317 0.361890 0.023254 
0.873864 0.078563 0.068127 0.292968 0.507189 0.023713 0.506007 0.495499 0.004862 0.925162 0.286084 0.054668 0.741364 0.108872 0.082786 0.282516 0.370930 0.027461 
0.906236 0.111789 0.058819 0.293596 0.509936 0.027534 0.506093 0.495483 0.004862 0.947632 0.321747 0.049772 0.772442 0.135464 0.073932 0.281396 0.373816 0.031028 
0.935500 0.141764 0.043215 0.294468 0.512652 0.032296 0.506199 0.495469 0.004869 0.971627 0.352852 0.039407 0.801135 0.161702 0.058653 0.280560 0.376696 0.035797 
0.956892 0.159219 0.026992 0.295392 0.513547 0.037541 0.506334 0.495480 0.005065 0.990639 0.370706 0.023497 0.822527 0.177614 0.044241 0.280874 0.377642 0.040543 
0.979506 0.173729 0.011165 0.297058 0.518559 0.043486 0.506564 0.495651 0.005276 1.013416 0.385192 0.007800 0.845260 0.192213 0.029228 0.279446 0.383023 0.046615 
0.995346 0.180308 0.004851 0.298788 0.521370 0.049736 0.506783 0.495695 0.005500 1.029408 0.391773 0.004702 0.860820 0.198657 0.020848 0.279301 0.386085 0.052554 
0.998588 0.180476 0.004970 0.301341 0.525720 0.057367 0.507068 0.495844 0.005775 1.035116 0.391529 0.004969 0.864413 0.200360 0.022039 0.279164 0.390861 0.060682 
0.999138 0.180358 0.004975 0.304131 0.527858 0.065985 0.507270 0.495950 0.006036 1.036584 0.391250 0.005269 0.865381 0.200740 0.024557 0.280803 0.393223 0.070352 
1.000420 0.180325 0.004683 0.306887 0.528604 0.074477 0.507244 0.495587 0.006325 1.039822 0.390857 0.005877 0.867192 0.201788 0.026583 0.283503 0.394078 0.081243 
1.000511 0.180309 0.004709 0.308264 0.532060 0.084936 0.506042 0.498289 0.009960 1.042307 0.390379 0.005811 0.867853 0.203224 0.028517 0.284511 0.397626 0.092225 
1.000793 0.180362 0.004749 0.308282 0.538928 0.096361 0.504192 0.504493 0.016917 1.044661 0.390012 0.005385 0.868603 0.204586 0.029825 0.283786 0.404596 0.103048 
1.001211 0.180428 0.004813 0.307708 0.546784 0.107097 0.502050 0.511950 0.024058 1.047176 0.389628 0.005139 0.869421 0.205976 0.030669 0.282571 0.412536 0.113067 
1.001289 0.180895 0.003606 0.308055 0.554889 0.115525 0.501192 0.519562 0.029922 1.049307 0.389630 0.004971 0.869977 0.207550 0.030745 0.282244 0.420744 0.120881 
1.001316 0.181236 0.002796 0.310494 0.562957 0.120291 0.502785 0.526351 0.033331 1.051064 0.389558 0.004966 0.870312 0.208849 0.030458 0.283595 0.429012 0.125296 
1.001317 0.181239 0.002994 0.314445 0.570258 0.121246 0.506240 0.531685 0.034042 1.053183 0.389046 0.004966 0.870601 0.210212 0.030633 0.286200 0.436594 0.126327 
1.001312 0.181244 0.003173 0.318953 0.577923 0.119585 0.510432 0.536965 0.032775 1.055564 0.388442 0.004966 0.870899 0.211753 0.030590 0.289164 0.444603 0.124897 
1.001296 0.181251 0.003336 0.323916 0.586275 0.115496 0.515226 0.542550 0.029669 1.058129 0.387758 0.004966 0.871172 0.213439 0.030193 0.292386 0.453370 0.121134 
1.001269 0.181262 0.003482 0.329142 0.595434 0.109183 0.520396 0.548605 0.024882 1.060855 0.386993 0.004966 0.871412 0.215262 0.029388 0.295689 0.463017 0.115204 
1.001341 0.181290 0.003630 0.334542 0.605491 0.100801 0.525825 0.555263 0.018547 1.063831 0.386158 0.005005 0.871727 0.217222 0.028098 0.298998 0.473638 0.107225 
1.001407 0.181584 0.002980 0.340157 0.616156 0.090291 0.531589 0.562419 0.010645 1.066635 0.385592 0.004954 0.872018 0.219279 0.025948 0.302459 0.484921 0.097075 
1.001399 0.181555 0.003180 0.342231 0.622764 0.081608 0.534619 0.565970 0.006513 1.068810 0.384854 0.004951 0.872066 0.220795 0.023746 0.302887 0.492048 0.089052 
1.002215 0.181214 0.003349 0.339817 0.621889 0.076437 0.534410 0.566157 0.006399 1.068859 0.384767 0.004953 0.872486 0.220079 0.022049 0.301199 0.490931 0.083407 
1.004635 0.180399 0.004049 0.337670 0.620125 0.072310 0.534193 0.566268 0.006310 1.068822 0.384744 0.004953 0.874275 0.217823 0.021242 0.300088 0.488815 0.078230 
1.005414 0.180204 0.006143 0.336177 0.619149 0.068791 0.534060 0.566256 0.006164 1.068800 0.384798 0.004954 0.874826 0.217312 0.022251 0.299378 0.487624 0.074851 
1.006235 0.180050 0.009162 0.334811 0.617648 0.065973 0.533911 0.566230 0.006029 1.068787 0.384860 0.004957 0.875459 0.216864 0.024398 0.299123 0.485827 0.072260 
1.007160 0.179932 0.012274 0.333700 0.615907 0.063924 0.533808 0.566189 0.005937 1.068784 0.384936 0.004960 0.876208 0.216380 0.026863 0.299272 0.483768 0.070560 
1.008196 0.179818 0.015185 0.332789 0.614148 0.062428 0.533723 0.566147 0.005867 1.068785 0.385006 0.004963 0.877066 0.215809 0.029302 0.299630 0.481708 0.069484 
1.009097 0.179807 0.017739 0.332093 0.612653 0.061346 0.533656 0.566110 0.005814 1.068776 0.385119 0.004968 0.877824 0.215392 0.031550 0.300013 0.479969 0.068799 
1.010046 0.180648 0.019631 0.331578 0.611387 0.060635 0.533606 0.566077 0.005778 1.068782 0.386105 0.004970 0.878630 0.215763 0.033290 0.300400 0.478506 0.068411 
1.011496 0.183748 0.020315 0.331129 0.609991 0.060223 0.533562 0.566035 0.005757 1.068790 0.389563 0.004971 0.879857 0.217994 0.034042 0.300883 0.476904 0.068150 
1.012850 0.187114 0.020179 0.330839 0.608829 0.060142 0.533533 0.565996 0.005751 1.068866 0.393292 0.004987 0.881019 0.220538 0.034085 0.301350 0.475577 0.068139 
1.013246 0.188057 0.019988 0.330923 0.608759 0.060490 0.533540 0.565997 0.005760 1.068956 0.394332 0.004987 0.881384 0.221280 0.034080 0.301522 0.475496 0.068637 
1.012922 0.188093 0.019510 0.331282 0.609452 0.061181 0.533575 0.566023 0.005781 1.068992 0.394302 0.004969 0.881138 0.221521 0.033842 0.301487 0.476287 0.069494 
1.012403 0.188150 0.018624 0.331814 0.610427 0.062217 0.533626 0.566056 0.005817 1.069010 0.394274 0.004975 0.880730 0.221865 0.033305 0.301429 0.477402 0.070636 
1.011941 0.188154 0.017417 0.332482 0.611539 0.063553 0.533689 0.566090 0.005866 1.069062 0.394212 0.004967 0.880375 0.222115 0.032479 0.301395 0.478679 0.072012 
1.011358 0.188192 0.015883 0.333280 0.612815 0.065122 0.533764 0.566129 0.005925 1.069070 0.394172 0.004968 0.879920 0.222423 0.031445 0.301370 0.480150 0.073584 
1.010805 0.188208 0.013954 0.334174 0.614144 0.066879 0.533846 0.566167 0.005993 1.069079 0.394123 0.004968 0.879491 0.222652 0.030081 0.301388 0.481691 0.075300 
1.010309 0.188210 0.011750 0.335152 0.615449 0.068821 0.533935 0.566202 0.006069 1.069090 0.394066 0.004968 0.879112 0.222802 0.028501 0.301481 0.483213 0.077166 
1.009836 0.188223 0.009382 0.336199 0.616679 0.070935 0.534028 0.566235 0.006151 1.069104 0.394004 0.004968 0.878758 0.222926 0.026818 0.301700 0.484655 0.079261 
1.009408 0.188250 0.006935 0.337256 0.617689 0.073148 0.534120 0.566259 0.006238 1.069115 0.393941 0.004966 0.878445 0.223014 0.025100 0.302050 0.485849 0.081433 
1.009093 0.188276 0.004983 0.338292 0.618510 0.075360 0.534210 0.566274 0.006327 1.069164 0.393871 0.004985 0.878229 0.223085 0.023764 0.302461 0.486831 0.083516 
1.009100 0.188206 0.004992 0.339276 0.619133 0.077497 0.534293 0.566282 0.006415 1.069261 0.393775 0.004939 0.878302 0.223063 0.024142 0.302941 0.487585 0.085533 
1.009117 0.188201 0.004977 0.339993 0.619098 0.079371 0.534353 0.566269 0.006493 1.069369 0.393743 0.004941 0.878396 0.223096 0.024578 0.303586 0.487562 0.087291 
1.009128 0.188197 0.004963 0.340397 0.618732 0.080653 0.534385 0.566247 0.006549 1.069429 0.393725 0.004944 0.878460 0.223108 0.024883 0.304138 0.487148 0.088441 
1.009133 0.188196 0.004951 0.340500 0.618362 0.081177 0.534393 0.566227 0.006577 1.069479 0.393710 0.004947 0.878486 0.223131 0.024970 0.304400 0.486723 0.088789 
1.009130 0.188197 0.004945 0.340299 0.617968 0.080960 0.534376 0.566207 0.006578 1.069481 0.393709 0.004948 0.878471 0.223138 0.024873 0.304349 0.486271 0.088275 
1.009122 0.188199 0.004944 0.339833 0.617296 0.080271 0.534336 0.566177 0.006561 1.069473 0.393712 0.004949 0.878432 0.223149 0.024652 0.304199 0.485493 0.087208 
1.009111 0.188202 0.004944 0.339231 0.616527 0.079288 0.534285 0.566144 0.006534 1.069462 0.393715 0.004949 0.878374 0.223166 0.024319 0.303976 0.484602 0.085813 
1.009096 0.188206 0.004945 0.338510 0.615715 0.078004 0.534223 0.566110 0.006494 1.069447 0.393719 0.004950 0.878301 0.223187 0.023889 0.303664 0.483659 0.084090 
1.009140 0.188173 0.004956 0.337651 0.614884 0.076400 0.534117 0.566084 0.006421 1.069455 0.393696 0.004948 0.878274 0.223151 0.023411 0.303238 0.482696 0.082038 
1.009190 0.188158 0.004954 0.336776 0.613988 0.074676 0.534041 0.566047 0.006367 1.069437 0.393701 0.004951 0.878249 0.223111 0.022908 0.302820 0.481660 0.079801 
1.009566 0.188065 0.004959 0.335906 0.613019 0.072955 0.533963 0.566005 0.006315 1.069415 0.393725 0.004961 0.878485 0.222786 0.022340 0.302428 0.480548 0.077483 
1.009913 0.187965 0.004961 0.335085 0.611977 0.071362 0.533889 0.565957 0.006271 1.069397 0.393730 0.004961 0.878708 0.222470 0.021824 0.302086 0.479363 0.075160 
1.010378 0.187831 0.004961 0.334340 0.610859 0.069985 0.533820 0.565901 0.006237 1.069380 0.393735 0.004962 0.879035 0.222045 0.021340 0.301832 0.478102 0.072941 
1.010691 0.187769 0.004968 0.333674 0.609706 0.068824 0.533758 0.565843 0.006212 1.069359 0.393768 0.004976 0.879253 0.221781 0.020999 0.301681 0.476808 0.070938 
1.010731 0.187753 0.004984 0.333111 0.608700 0.067825 0.533705 0.565790 0.006192 1.069216 0.393805 0.004993 0.879231 0.221658 0.020730 0.301550 0.475689 0.069139 
1.010901 0.187790 0.004988 0.332677 0.608243 0.066855 0.533651 0.565768 0.006165 1.069187 0.393898 0.005145 0.879332 0.221567 0.020427 0.301327 0.475178 0.067775 
1.010885 0.187772 0.004985 0.332454 0.608284 0.066138 0.533628 0.565773 0.006141 1.069266 0.393851 0.006041 0.879279 0.221560 0.020094 0.301103 0.475219 0.067043 
1.010880 0.187739 0.004981 0.332100 0.608086 0.065730 0.533432 0.565788 0.006117 1.069369 0.393780 0.006959 0.879250 0.221543 0.019837 0.300903 0.474986 0.066628 
1.010868 0.187721 0.004978 0.331827 0.607908 0.065453 0.533282 0.565810 0.006113 1.069512 0.393708 0.007812 0.879228 0.221577 0.019630 0.300770 0.474774 0.066338 
1.010858 0.187704 0.004974 0.331644 0.607783 0.065279 0.533179 0.565826 0.006112 1.069707 0.393620 0.008625 0.879224 0.221646 0.019473 0.300683 0.474627 0.066153 
1.010850 0.187690 0.004971 0.331475 0.607656 0.065150 0.533079 0.565841 0.006114 1.069886 0.393539 0.009304 0.879224 0.221714 0.019347 0.300610 0.474478 0.066012 
1.010844 0.187677 0.004968 0.331341 0.607515 0.065154 0.533009 0.565845 0.006237 1.069995 0.393480 0.009891 0.879218 0.221744 0.019250 0.300539 0.474321 0.065883 
1.010839 0.187666 0.004965 0.331242 0.607361 0.065289 0.532972 0.565839 0.006481 1.070033 0.393443 0.010401 0.879206 0.221733 0.019178 0.300470 0.474159 0.065762 
1.010835 0.187656 0.004962 0.331171 0.607222 0.065466 0.532954 0.565828 0.006747 1.070035 0.393420 0.010844 0.879191 0.221703 0.019126 0.300412 0.474016 0.065664 
1.010832 0.187648 0.004960 0.331121 0.607107 0.065632 0.532944 0.565818 0.006975 1.070025 0.393403 0.011202 0.879179 0.221671 0.019090 0.300367 0.473900 0.065593 
1.010830 0.187642 0.004958 0.331085 0.607021 0.065759 0.532935 0.565811 0.007142 1.070017 0.393391 0.011464 0.879170 0.221646 0.019067 0.300337 0.473813 0.065547 
1.010829 0.187638 0.004956 0.331061 0.606964 0.065846 0.532928 0.565806 0.007249 1.070012 0.393383 0.011629 0.879164 0.221631 0.019054 0.300318 0.473755 0.065523 
1.010829 0.187637 0.004954 0.331052 0.606938 0.065887 0.532925 0.565804 0.007296 1.070009 0.393379 0.011703 0.879162 0.221623 0.019050 0.300310 0.473729 0.065515 
1.010830 0.187637 0.004952 0.331054 0.606942 0.065884 0.532924 0.565804 0.007284 1.070009 0.393380 0.011683 0.879164 0.221623 0.019053 0.300314 0.473733 0.065523 
1.010831 0.187639 0.004951 0.331070 0.606974 0.065842 0.532926 0.565808 0.007213 1.070012 0.393385 0.011567 0.879169 0.221632 0.019066 0.300329 0.473764 0.065552 
1.010834 0.187643 0.004949 0.331099 0.607033 0.065764 0.532929 0.565814 0.007083 1.070018 0.393395 0.011356 0.879177 0.221649 0.019092 0.300358 0.473823 0.065608 
1.010837 0.187649 0.004948 0.331141 0.607119 0.065650 0.532933 0.565824 0.006893 1.070025 0.393410 0.011046 0.879190 0.221674 0.019132 0.300400 0.473910 0.065689 
1.010842 0.187658 0.004947 0.331197 0.607234 0.065500 0.532938 0.565836 0.006641 1.070035 0.393428 0.010635 0.879207 0.221707 0.019184 0.300456 0.474024 0.065797 
1.010848 0.187668 0.004946 0.331267 0.607376 0.065311 0.532945 0.565850 0.006327 1.070047 0.393451 0.010122 0.879228 0.221749 0.019250 0.300527 0.474168 0.065932 
1.010865 0.187666 0.004946 0.331310 0.607437 0.065293 0.532935 0.565861 0.006161 1.070008 0.393480 0.009471 0.879256 0.221746 0.019356 0.300579 0.474228 0.066085 
1.010875 0.187681 0.004945 0.331371 0.607426 0.065496 0.532940 0.565860 0.006168 1.069896 0.393544 0.008754 0.879275 0.221718 0.019526 0.300641 0.474217 0.066293 
1.010886 0.187696 0.004944 0.331434 0.607415 0.065702 0.532946 0.565859 0.006174 1.069750 0.393618 0.007974 0.879289 0.221676 0.019687 0.300704 0.474205 0.066506 
1.010910 0.187700 0.004943 0.331473 0.607393 0.065949 0.532908 0.565836 0.006159 1.069607 0.393679 0.007138 0.879317 0.221620 0.019867 0.300738 0.474184 0.066771 
1.010922 0.187717 0.004942 0.331555 0.607378 0.066220 0.532915 0.565835 0.006169 1.069470 0.393747 0.006260 0.879340 0.221592 0.020060 0.300822 0.474169 0.067050 
1.010935 0.187735 0.004941 0.331647 0.607361 0.066519 0.532924 0.565834 0.006180 1.069336 0.393810 0.005379 0.879367 0.221569 0.020264 0.300914 0.474152 0.067358 
1.010990 0.187722 0.004942 0.331728 0.607370 0.066897 0.532907 0.565881 0.006207 1.069328 0.393815 0.004982 0.879443 0.221537 0.020487 0.301000 0.474159 0.067712 
1.011057 0.187719 0.004948 0.331860 0.607479 0.067385 0.532896 0.565952 0.006246 1.069374 0.393818 0.004988 0.879528 0.221514 0.020686 0.301081 0.474280 0.068175 
1.011063 0.187717 0.004949 0.332065 0.607731 0.067839 0.532915 0.565959 0.006258 1.069380 0.393816 0.004987 0.879552 0.221507 0.020845 0.301114 0.474572 0.068652 
1.011069 0.187716 0.004950 0.332278 0.608011 0.068292 0.532935 0.565970 0.006268 1.069385 0.393815 0.004985 0.879573 0.221501 0.020990 0.301155 0.474894 0.069194 
1.011072 0.187713 0.004953 0.332526 0.608464 0.068728 0.532959 0.565987 0.006279 1.069397 0.393809 0.004989 0.879590 0.221501 0.021095 0.301125 0.475412 0.069730 
1.011076 0.187712 0.004953 0.332743 0.608812 0.069141 0.532979 0.566001 0.006287 1.069401 0.393808 0.004988 0.879605 0.221497 0.021195 0.301149 0.475807 0.070292 
1.011079 0.187710 0.004952 0.332942 0.609068 0.069555 0.532998 0.566012 0.006297 1.069406 0.393807 0.004986 0.879621 0.221493 0.021298 0.301209 0.476097 0.070842 
1.011083 0.187709 0.004951 0.333125 0.609263 0.069964 0.533014 0.566020 0.006308 1.069410 0.393806 0.004986 0.879636 0.221489 0.021398 0.301284 0.476319 0.071355 
1.011086 0.187708 0.004950 0.333260 0.609365 0.070290 0.533027 0.566024 0.006317 1.069413 0.393805 0.004985 0.879649 0.221485 0.021480 0.301359 0.476436 0.071743 
1.011088 0.187708 0.004949 0.333328 0.609376 0.070481 0.533032 0.566025 0.006321 1.069415 0.393804 0.004984 0.879657 0.221483 0.021528 0.301418 0.476449 0.071955 
1.011092 0.187682 0.004972 0.333342 0.609360 0.070532 0.533033 0.566024 0.006322 1.069436 0.393774 0.004977 0.879664 0.221470 0.021551 0.301439 0.476432 0.072001 
1.011092 0.187682 0.004969 0.333324 0.609331 0.070498 0.533032 0.566023 0.006319 1.069435 0.393773 0.004979 0.879663 0.221469 0.021537 0.301433 0.476400 0.071944 
1.011092 0.187682 0.004966 0.333288 0.609273 0.070433 0.533028 0.566020 0.006316 1.069435 0.393773 0.004980 0.879660 0.221469 0.021515 0.301424 0.476335 0.071834 
1.011138 0.187680 0.004972 0.333236 0.609180 0.070342 0.533023 0.566016 0.006312 1.069476 0.393773 0.004996 0.879700 0.221465 0.021479 0.301413 0.476232 0.071675 
1.011277 0.187697 0.004982 0.333166 0.609034 0.070233 0.533016 0.566009 0.006309 1.069586 0.393799 0.004993 0.879830 0.221466 0.021451 0.301408 0.476069 0.071465 
1.011295 0.187700 0.004980 0.333094 0.608910 0.070106 0.533009 0.566002 0.006305 1.069595 0.393804 0.004997 0.879842 0.221464 0.021409 0.301385 0.475932 0.071224 
1.011298 0.187685 0.004990 0.333013 0.608773 0.069961 0.533001 0.565994 0.006301 1.069606 0.393786 0.004994 0.879841 0.221457 0.021370 0.301356 0.475782 0.070945 
1.011300 0.187683 0.004986 0.332965 0.608741 0.069839 0.532997 0.565993 0.006297 1.069604 0.393786 0.005007 0.879835 0.221453 0.021305 0.301322 0.475746 0.070787 
1.011345 0.187617 0.004986 0.332891 0.608792 0.069821 0.532956 0.566111 0.006338 1.069639 0.393723 0.004993 0.879873 0.221383 0.021259 0.301268 0.475792 0.070679 
1.011359 0.187595 0.004981 0.332835 0.608782 0.069750 0.532919 0.566121 0.006313 1.069644 0.393703 0.005020 0.879880 0.221354 0.021213 0.301233 0.475777 0.070625 
1.011373 0.187571 0.004977 0.332793 0.608769 0.069717 0.532886 0.566130 0.006293 1.069671 0.393676 0.005078 0.879892 0.221335 0.021182 0.301210 0.475759 0.070604 
1.011388 0.187547 0.004973 0.332771 0.608762 0.069701 0.532874 0.566139 0.006297 1.069703 0.393647 0.005141 0.879907 0.221318 0.021164 0.301198 0.475750 0.070584 
1.011432 0.187465 0.004969 0.332728 0.608740 0.069715 0.532829 0.566157 0.006280 1.069773 0.393557 0.005130 0.879954 0.221253 0.021154 0.301183 0.475721 0.070607 
1.011447 0.187444 0.004965 0.332715 0.608732 0.069723 0.532818 0.566165 0.006285 1.069795 0.393534 0.005120 0.879971 0.221236 0.021154 0.301179 0.475711 0.070612 
1.011448 0.187443 0.004962 0.332716 0.608734 0.069729 0.532818 0.566165 0.006286 1.069796 0.393534 0.005106 0.879973 0.221237 0.021154 0.301181 0.475713 0.070624 
1.011448 0.187443 0.004959 0.332718 0.608735 0.069735 0.532818 0.566165 0.006286 1.069797 0.393533 0.005093 0.879974 0.221238 0.021154 0.301183 0.475715 0.070635 
1.011507 0.187451 0.004963 0.332720 0.608737 0.069741 0.532818 0.566166 0.006287 1.069837 0.393547 0.005111 0.880028 0.221233 0.021145 0.301186 0.475716 0.070646 
1.011508 0.187451 0.004960 0.332722 0.608738 0.069746 0.532817 0.566166 0.006287 1.069837 0.393547 0.005099 0.880029 0.221233 0.021145 0.301188 0.475717 0.070655 
1.011523 0.187429 0.004957 0.332707 0.608729 0.069761 0.532805 0.566180 0.006292 1.069859 0.393523 0.005064 0.880047 0.221217 0.021150 0.301186 0.475704 0.070664 
1.011572 0.187412 0.004959 0.332692 0.608720 0.069776 0.532792 0.566195 0.006298 1.069905 0.393507 0.005045 0.880095 0.221200 0.021144 0.301185 0.475692 0.070673 
1.011604 0.187356 0.004969 0.332661 0.608697 0.069807 0.532759 0.566215 0.006294 1.069961 0.393444 0.004988 0.880134 0.221164 0.021168 0.301181 0.475663 0.070702 
1.011598 0.187331 0.004988 0.332664 0.608698 0.069814 0.532759 0.566215 0.006295 1.069973 0.393414 0.004981 0.880130 0.221153 0.021178 0.301183 0.475664 0.070713 
1.011666 0.187319 0.004887 0.332665 0.608699 0.069821 0.532759 0.566216 0.006296 1.070010 0.393410 0.004971 0.880190 0.221114 0.021069 0.301185 0.475665 0.070723 
1.011662 0.187305 0.004905 0.332666 0.608700 0.069823 0.532759 0.566216 0.006297 1.070017 0.393394 0.004969 0.880188 0.221109 0.021080 0.301186 0.475666 0.070727 
1.011658 0.187292 0.004921 0.332666 0.608700 0.069825 0.532759 0.566216 0.006297 1.070023 0.393378 0.004968 0.880185 0.221104 0.021091 0.301186 0.475666 0.070731 
1.011658 0.187292 0.004923 0.332666 0.608701 0.069827 0.532758 0.566216 0.006298 1.070023 0.393378 0.004969 0.880186 0.221104 0.021093 0.301187 0.475667 0.070734 
1.011654 0.187278 0.004938 0.332667 0.608701 0.069830 0.532758 0.566216 0.006299 1.070029 0.393361 0.004968 0.880183 0.221098 0.021103 0.301188 0.475667 0.070739 
1.011677 0.187229 0.004959 0.332635 0.608683 0.069863 0.532732 0.566251 0.006313 1.070081 0.393303 0.004964 0.880212 0.221068 0.021130 0.301183 0.475642 0.070748 
1.011967 0.187328 0.004766 0.332622 0.608675 0.069885 0.532719 0.566267 0.006317 1.070236 0.393441 0.005113 0.880464 0.221060 0.020858 0.301184 0.475631 0.070765 
1.011982 0.187308 0.004782 0.332615 0.608665 0.069877 0.532711 0.566260 0.006308 1.070253 0.393420 0.005101 0.880479 0.221043 0.020870 0.301184 0.475619 0.070774 
1.011983 0.187308 0.004796 0.332602 0.608664 0.069899 0.532692 0.566275 0.006300 1.070258 0.393418 0.005086 0.880483 0.221047 0.020897 0.301181 0.475616 0.070799 
1.012012 0.187267 0.004809 0.332574 0.608639 0.069910 0.532660 0.566275 0.006280 1.070295 0.393375 0.005052 0.880515 0.221014 0.020914 0.301175 0.475586 0.070832 
1.012013 0.187267 0.004820 0.332564 0.608638 0.069932 0.532644 0.566288 0.006276 1.070299 0.393375 0.005035 0.880518 0.221018 0.020938 0.301173 0.475583 0.070855 
1.012014 0.187267 0.004831 0.332563 0.608639 0.069933 0.532643 0.566288 0.006278 1.070300 0.393374 0.005038 0.880519 0.221019 0.020948 0.301173 0.475584 0.070860 
1.012046 0.187226 0.004840 0.332528 0.608631 0.069984 0.532603 0.566330 0.006280 1.070345 0.393330 0.004998 0.880556 0.220989 0.020975 0.301164 0.475570 0.070895 
1.012136 0.187144 0.004881 0.332482 0.608624 0.070065 0.532556 0.566405 0.006300 1.070457 0.393242 0.004989 0.880652 0.220924 0.021029 0.301158 0.475553 0.070933 
1.012181 0.187105 0.004886 0.332442 0.608604 0.070114 0.532506 0.566430 0.006290 1.070521 0.393197 0.004989 0.880702 0.220897 0.021048 0.301146 0.475526 0.070987 
1.012195 0.187092 0.004892 0.332429 0.608599 0.070135 0.532493 0.566447 0.006299 1.070542 0.393183 0.004989 0.880718 0.220888 0.021061 0.301144 0.475518 0.071001 
1.012193 0.187083 0.004905 0.332430 0.608601 0.070141 0.532493 0.566447 0.006301 1.070547 0.393171 0.004986 0.880718 0.220885 0.021072 0.301146 0.475521 0.071013 
1.012194 0.187083 0.004909 0.332431 0.608603 0.070145 0.532493 0.566447 0.006303 1.070549 0.393171 0.004986 0.880718 0.220886 0.021077 0.301148 0.475523 0.071023 
1.012206 0.187060 0.004921 0.332419 0.608600 0.070170 0.532480 0.566466 0.006311 1.070575 0.393145 0.004984 0.880734 0.220873 0.021093 0.301147 0.475517 0.071039 
1.012207 0.187060 0.004923 0.332420 0.608602 0.070174 0.532480 0.566466 0.006312 1.070576 0.393145 0.004984 0.880735 0.220874 0.021096 0.301148 0.475519 0.071049 
1.012236 0.187034 0.004925 0.332391 0.608586 0.070223 0.532442 0.566493 0.006307 1.070617 0.393115 0.004985 0.880768 0.220854 0.021113 0.301144 0.475497 0.071096 
1.012251 0.187021 0.004926 0.332381 0.608585 0.070256 0.532429 0.566514 0.006317 1.070638 0.393100 0.004985 0.880785 0.220844 0.021124 0.301145 0.475494 0.071121 
1.012252 0.187021 0.004928 0.332382 0.608588 0.070260 0.532429 0.566515 0.006317 1.070640 0.393100 0.004985 0.880786 0.220845 0.021126 0.301147 0.475496 0.071130 
1.012266 0.187000 0.004936 0.332372 0.608589 0.070295 0.532416 0.566537 0.006326 1.070665 0.393076 0.004984 0.880802 0.220832 0.021141 0.301147 0.475494 0.071156 
1.012266 0.187000 0.004937 0.332376 0.608591 0.070307 0.532416 0.566537 0.006326 1.070666 0.393075 0.004984 0.880803 0.220833 0.021144 0.301152 0.475496 0.071174 
1.012265 0.186991 0.004945 0.332381 0.608593 0.070320 0.532416 0.566538 0.006326 1.070672 0.393065 0.004982 0.880803 0.220829 0.021151 0.301157 0.475498 0.071194 
1.012265 0.186991 0.004945 0.332386 0.608594 0.070334 0.532416 0.566538 0.006326 1.070672 0.393065 0.004983 0.880804 0.220829 0.021153 0.301162 0.475500 0.071213 
1.012281 0.186977 0.004945 0.332378 0.608594 0.070375 0.532403 0.566561 0.006335 1.070696 0.393049 0.004985 0.880822 0.220820 0.021162 0.301165 0.475497 0.071244 
1.012312 0.186982 0.004948 0.332386 0.608595 0.070396 0.532403 0.566561 0.006335 1.070716 0.393056 0.004998 0.880850 0.220817 0.021158 0.301173 0.475498 0.071271 
1.012333 0.186969 0.004948 0.332374 0.608581 0.070438 0.532378 0.566568 0.006322 1.070740 0.393042 0.004998 0.880872 0.220806 0.021167 0.301177 0.475481 0.071327 
1.012349 0.186955 0.004948 0.332367 0.608580 0.070482 0.532365 0.566589 0.006331 1.070761 0.393027 0.004997 0.880890 0.220795 0.021178 0.301180 0.475477 0.071360 
1.012365 0.186942 0.004947 0.332356 0.608582 0.070514 0.532351 0.566613 0.006340 1.070783 0.393012 0.004996 0.880908 0.220785 0.021185 0.301179 0.475477 0.071380 
1.012365 0.186941 0.004946 0.332362 0.608584 0.070529 0.532352 0.566613 0.006340 1.070783 0.393012 0.004996 0.880909 0.220784 0.021189 0.301185 0.475479 0.071402 
1.012380 0.186919 0.004955 0.332354 0.608588 0.070569 0.532338 0.566637 0.006349 1.070809 0.392986 0.004992 0.880927 0.220770 0.021203 0.301186 0.475480 0.071431 
1.012380 0.186918 0.004954 0.332360 0.608590 0.070584 0.532338 0.566637 0.006347 1.070810 0.392985 0.004992 0.880927 0.220769 0.021206 0.301192 0.475483 0.071453 
1.012380 0.186918 0.004953 0.332363 0.608593 0.070590 0.532338 0.566638 0.006346 1.070810 0.392985 0.004992 0.880928 0.220769 0.021206 0.301195 0.475485 0.071465 
1.012397 0.186904 0.004952 0.332355 0.608596 0.070632 0.532324 0.566662 0.006355 1.070832 0.392970 0.004992 0.880946 0.220758 0.021216 0.301196 0.475486 0.071496 
1.012414 0.186890 0.004950 0.332348 0.608600 0.070675 0.532310 0.566687 0.006363 1.070854 0.392955 0.004991 0.880965 0.220747 0.021225 0.301198 0.475488 0.071528 
1.012414 0.186890 0.004949 0.332356 0.608602 0.070696 0.532311 0.566687 0.006361 1.070854 0.392955 0.004991 0.880966 0.220746 0.021229 0.301207 0.475491 0.071557 
1.012428 0.186866 0.004959 0.332356 0.608609 0.070721 0.532306 0.566698 0.006367 1.070879 0.392927 0.004988 0.880982 0.220730 0.021233 0.301207 0.475497 0.071577 
1.012498 0.186811 0.004957 0.332255 0.608550 0.070844 0.532157 0.566749 0.006271 1.070970 0.392866 0.004988 0.881060 0.220688 0.021274 0.301193 0.475418 0.071775 
1.012545 0.186764 0.004974 0.332251 0.608559 0.070977 0.532136 0.566821 0.006313 1.071050 0.392810 0.004984 0.881116 0.220662 0.021322 0.301211 0.475422 0.071859 
1.012545 0.186764 0.004971 0.332256 0.608561 0.070996 0.532137 0.566822 0.006317 1.071051 0.392810 0.004985 0.881118 0.220662 0.021326 0.301217 0.475424 0.071884 
1.012582 0.186737 0.004968 0.332227 0.608547 0.071041 0.532099 0.566846 0.006312 1.071094 0.392781 0.004985 0.881156 0.220639 0.021335 0.301211 0.475404 0.071930 
1.012582 0.186737 0.004965 0.332228 0.608549 0.071050 0.532099 0.566846 0.006316 1.071096 0.392780 0.004985 0.881157 0.220639 0.021335 0.301213 0.475406 0.071944 
1.012601 0.186724 0.004963 0.332218 0.608549 0.071077 0.532086 0.566864 0.006326 1.071118 0.392766 0.004986 0.881177 0.220628 0.021339 0.301211 0.475404 0.071964 
1.012618 0.186699 0.004971 0.332209 0.608550 0.071107 0.532074 0.566882 0.006335 1.071147 0.392738 0.004983 0.881197 0.220611 0.021351 0.301210 0.475403 0.071986 
1.012619 0.186699 0.004969 0.332211 0.608552 0.071113 0.532074 0.566882 0.006337 1.071149 0.392737 0.004983 0.881198 0.220611 0.021350 0.301212 0.475405 0.071998 
1.012637 0.186685 0.004966 0.332194 0.608541 0.071138 0.532049 0.566889 0.006324 1.071171 0.392723 0.004984 0.881218 0.220600 0.021354 0.301210 0.475391 0.072037 
1.012638 0.186685 0.004964 0.332195 0.608543 0.071145 0.532049 0.566889 0.006327 1.071173 0.392722 0.004984 0.881219 0.220600 0.021353 0.301212 0.475392 0.072049 
1.012657 0.186671 0.004961 0.332178 0.608531 0.071173 0.532023 0.566896 0.006316 1.071195 0.392708 0.004984 0.881239 0.220588 0.021358 0.301210 0.475377 0.072088 
1.012713 0.186631 0.004960 0.332127 0.608492 0.071240 0.531950 0.566916 0.006278 1.071259 0.392666 0.004985 0.881298 0.220552 0.021375 0.301201 0.475328 0.072183 
1.012732 0.186618 0.004958 0.332122 0.608487 0.071281 0.531939 0.566929 0.006292 1.071280 0.392652 0.004985 0.881320 0.220539 0.021388 0.301204 0.475322 0.072215 
1.012770 0.186591 0.004956 0.332102 0.608482 0.071325 0.531918 0.566955 0.006309 1.071320 0.392624 0.004985 0.881359 0.220514 0.021397 0.301198 0.475313 0.072240 
1.012768 0.186581 0.004965 0.332104 0.608482 0.071338 0.531918 0.566956 0.006315 1.071327 0.392611 0.004983 0.881359 0.220509 0.021405 0.301201 0.475313 0.072256 
1.012788 0.186567 0.004962 0.332086 0.608470 0.071364 0.531892 0.566963 0.006304 1.071349 0.392597 0.004984 0.881379 0.220497 0.021408 0.301198 0.475298 0.072293 
1.012786 0.186544 0.004978 0.332090 0.608470 0.071381 0.531892 0.566963 0.006310 1.071361 0.392570 0.004978 0.881380 0.220485 0.021419 0.301202 0.475298 0.072313 
1.012806 0.186531 0.004974 0.332072 0.608458 0.071410 0.531865 0.566970 0.006300 1.071382 0.392556 0.004979 0.881401 0.220472 0.021422 0.301199 0.475282 0.072352 
1.012825 0.186517 0.004971 0.332063 0.608455 0.071436 0.531855 0.566983 0.006312 1.071403 0.392543 0.004980 0.881421 0.220458 0.021426 0.301197 0.475278 0.072368 
