0.000608 0.000079 1.000000 0.000036 0.000039 1.000000 -0.000609 0.000776 1.000000 -0.000260 0.002469 0.999997 -0.000931 0.000831 0.999999 0.000116 -0.000134 1.000000 
0.000536 0.000069 1.000000 0.000096 0.000103 1.000000 -0.000539 0.000686 1.000000 -0.000234 0.002221 0.999998 -0.000912 0.000814 0.999999 0.000104 -0.000120 1.000000 
0.000466 0.000060 1.000000 0.000028 0.000030 1.000000 -0.000476 0.000605 1.000000 -0.000209 0.001980 0.999998 -0.000673 0.000601 1.000000 0.000084 -0.000097 1.000000 
0.000396 0.000051 1.000000 0.000025 0.000027 1.000000 -0.000431 0.000548 1.000000 -0.000190 0.001803 0.999998 -0.000604 0.000539 1.000000 0.000069 -0.000080 1.000000 
0.000333 0.000043 1.000000 0.000261 0.000279 1.000000 -0.000384 0.000489 1.000000 -0.000174 0.001650 0.999999 -0.000909 0.000812 0.999999 0.000053 -0.000061 1.000000 
0.000281 0.000036 1.000000 0.000235 0.000251 1.000000 -0.000350 0.000446 1.000000 -0.000159 0.001513 0.999999 -0.000830 0.000741 0.999999 0.000044 -0.000051 1.000000 
0.000243 0.000032 1.000000 0.000219 0.000234 1.000000 -0.000326 0.000414 1.000000 -0.000147 0.001398 0.999999 -0.000791 0.000706 0.999999 0.000039 -0.000045 1.000000 
0.000212 0.000027 1.000000 0.000255 0.000273 1.000000 -0.000296 0.000377 1.000000 -0.000137 0.001296 0.999999 -0.000704 0.000627 1.000000 0.000008 -0.000009 1.000000 
0.000188 0.000024 1.000000 0.000516 0.000554 1.000000 -0.000268 0.000341 1.000000 -0.000128 0.001213 0.999999 -0.000591 0.000525 1.000000 -0.000129 0.000149 1.000000 
0.000177 0.000023 1.000000 0.001313 0.001415 0.999998 -0.000224 0.000284 1.000000 -0.000120 0.001142 0.999999 -0.001156 0.001022 0.999999 -0.000303 0.000350 1.000000 
0.000179 0.000023 1.000000 0.002587 0.002800 0.999993 -0.000184 0.000233 1.000000 -0.000119 0.001129 0.999999 -0.001791 0.001576 0.999997 -0.000668 0.000773 0.999999 
0.000486 0.000062 1.000000 0.003703 0.004020 0.999985 -0.000176 0.000224 1.000000 -0.000148 0.001423 0.999999 -0.001729 0.001517 0.999997 -0.001032 0.001193 0.999999 
0.002653 0.000335 0.999996 0.004836 0.005251 0.999975 -0.000168 0.000212 1.000000 -0.000272 0.002672 0.999996 -0.001491 0.001308 0.999998 -0.000676 0.000782 0.999999 
0.007032 0.000871 0.999975 0.007057 0.007654 0.999946 -0.000220 0.000279 1.000000 -0.000479 0.004813 0.999988 -0.001664 0.001462 0.999998 0.000076 -0.000088 1.000000 
0.013049 0.001597 0.999914 0.010436 0.011317 0.999881 -0.000217 0.000275 1.000000 -0.000768 0.007831 0.999969 -0.001184 0.001040 0.999999 0.000883 -0.001021 0.999999 
0.020424 0.002470 0.999788 0.014768 0.015989 0.999763 -0.000212 0.000269 1.000000 -0.001120 0.011576 0.999932 -0.000786 0.000692 0.999999 0.001848 -0.002137 0.999996 
0.029236 0.003489 0.999566 0.019842 0.021459 0.999573 -0.000191 0.000243 1.000000 -0.001526 0.015980 0.999871 0.000280 -0.000247 1.000000 0.002897 -0.003349 0.999990 
0.039365 0.004630 0.999214 0.025874 0.027958 0.999274 -0.000185 0.000235 1.000000 -0.001993 0.021175 0.999774 0.001393 -0.001228 0.999998 0.004042 -0.004674 0.999981 
0.051057 0.005911 0.998678 0.033033 0.035668 0.998818 -0.000158 0.000200 1.000000 -0.002531 0.027266 0.999625 0.003046 -0.002689 0.999992 0.005221 -0.006039 0.999968 
0.053462 0.006100 0.998551 0.044752 0.051031 0.997694 -0.006836 0.008536 0.999940 -0.003007 0.032853 0.999456 0.007328 -0.006128 0.999954 -0.008422 0.009667 0.999918 
0.045489 0.005104 0.998952 0.058256 0.072601 0.995658 -0.015834 0.019384 0.999687 -0.002694 0.030175 0.999541 0.013864 -0.010620 0.999847 -0.031526 0.035907 0.998858 
0.036464 0.003910 0.999327 0.067569 0.091168 0.993541 -0.023585 0.028311 0.999321 -0.001905 0.022737 0.999740 0.020483 -0.014514 0.999685 -0.052139 0.058729 0.996911 
0.030276 0.003068 0.999537 0.075525 0.111491 0.990891 -0.033843 0.039777 0.998635 -0.001339 0.017264 0.999850 0.035067 -0.022814 0.999125 -0.075980 0.084421 0.993529 
0.032733 0.002819 0.999460 0.076194 0.123088 0.989466 -0.042835 0.048246 0.997917 -0.001016 0.016281 0.999867 0.051198 -0.030597 0.998220 -0.091371 0.097878 0.990995 
0.038535 0.002116 0.999255 0.070235 0.130340 0.988979 -0.054956 0.056337 0.996898 -0.000572 0.018178 0.999835 0.061500 -0.032039 0.997593 -0.103313 0.102101 0.989395 
0.046957 0.001578 0.998896 0.054969 0.118823 0.991393 -0.069928 0.063162 0.995550 -0.000197 0.018965 0.999820 0.072561 -0.032358 0.996839 -0.110872 0.098443 0.988947 
0.057247 0.000704 0.998360 0.036498 0.097378 0.994578 -0.093503 0.071369 0.993058 0.000207 0.019330 0.999813 0.084437 -0.030223 0.995970 -0.120320 0.093356 0.988336 
0.025049 0.080695 0.996424 0.000826 0.022616 0.999744 0.071414 -0.001000 0.997446 -0.093292 0.059621 0.993852 0.106306 -0.031277 0.993841 -0.108701 0.073623 0.991344 
0.015079 0.061000 0.998024 0.002096 0.027329 0.999624 0.087880 -0.004822 0.996119 -0.094557 0.047242 0.994398 0.104529 -0.023910 0.994234 -0.090425 0.051644 0.994563 
0.008170 0.041438 0.999108 0.002282 0.025461 0.999673 0.105602 -0.007182 0.994383 -0.087684 0.034502 0.995551 0.108858 -0.019262 0.993871 -0.070494 0.034218 0.996925 
0.003000 0.017526 0.999842 0.002606 0.025472 0.999672 0.127631 -0.010358 0.991768 -0.067666 0.020734 0.997493 0.111705 -0.016575 0.993603 -0.037478 0.015478 0.999178 
0.002571 0.016114 0.999867 0.002333 0.021836 0.999759 0.151069 -0.012939 0.988438 -0.035666 0.009189 0.999322 0.125005 -0.017113 0.992009 -0.006007 0.002218 0.999979 
0.002488 0.015513 0.999877 0.002949 0.022692 0.999738 0.177336 -0.019390 0.983959 -0.004754 0.001036 0.999988 0.130886 -0.018021 0.991234 0.027580 -0.009301 0.999576 
0.000111 0.000688 1.000000 0.002939 0.020403 0.999788 0.204969 -0.025302 0.978441 0.001469 -0.000292 0.999999 0.115935 -0.015813 0.993131 0.049326 -0.015898 0.998656 
0.000001 0.000005 1.000000 0.003935 0.023931 0.999706 0.238369 -0.034616 0.970557 0.001469 -0.000290 0.999999 0.123510 -0.018304 0.992175 0.059585 -0.019395 0.998035 
-0.000240 -0.001354 0.999999 0.005454 0.031476 0.999490 0.276496 -0.043431 0.960033 0.001394 -0.000276 0.999999 0.141604 -0.021577 0.989688 0.070482 -0.023208 0.997243 
-0.001026 -0.005482 0.999984 0.008476 0.048760 0.998775 0.313948 -0.051736 0.948029 0.000809 -0.000159 1.000000 0.158151 -0.025479 0.987086 0.084146 -0.027721 0.996068 
-0.001004 -0.005046 0.999987 0.009278 0.052509 0.998577 0.345048 -0.058918 0.936734 0.007436 -0.001496 0.999971 0.171605 -0.029643 0.984720 0.097773 -0.032584 0.994675 
-0.000608 -0.002907 0.999996 0.008774 0.048116 0.998803 0.365304 -0.064209 0.928671 0.020416 -0.004325 0.999782 0.180422 -0.033062 0.983034 0.111316 -0.038071 0.993056 
-0.000326 -0.001485 0.999999 0.008037 0.042922 0.999046 0.381607 -0.068398 0.921791 0.033023 -0.007410 0.999427 0.185672 -0.035994 0.981952 0.123848 -0.043592 0.991343 
-0.001429 -0.006211 0.999980 0.007402 0.038472 0.999232 0.393136 -0.071910 0.916664 0.043057 -0.010207 0.999020 0.194545 -0.039490 0.980098 0.134143 -0.048659 0.989767 
-0.002353 -0.009855 0.999949 0.007209 0.035895 0.999330 0.398831 -0.075925 0.913876 0.048641 -0.012136 0.998743 0.197992 -0.041734 0.979315 0.140095 -0.052570 0.988742 
-0.002229 -0.008931 0.999958 0.007685 0.036367 0.999309 0.399136 -0.080273 0.913371 0.049711 -0.012964 0.998680 0.197380 -0.043749 0.979350 0.140750 -0.054523 0.988543 
-0.002120 -0.008097 0.999965 0.008474 0.037925 0.999245 0.396326 -0.084777 0.914188 0.047431 -0.012923 0.998791 0.195272 -0.045683 0.979685 0.138172 -0.055306 0.988863 
-0.002020 -0.007340 0.999971 0.009520 0.040129 0.999149 0.390627 -0.089281 0.916209 0.042041 -0.011987 0.999044 0.190707 -0.047174 0.980513 0.132692 -0.055006 0.989630 
-0.001928 -0.006655 0.999976 0.010788 0.042700 0.999030 0.382286 -0.093606 0.919291 0.033804 -0.010108 0.999377 0.183315 -0.047996 0.981882 0.124605 -0.053622 0.990756 
-0.001873 -0.006141 0.999979 0.012230 0.045370 0.998895 0.371428 -0.097531 0.923325 0.022901 -0.007198 0.999712 0.172472 -0.047813 0.983853 0.114184 -0.051121 0.992143 
-0.002806 -0.008777 0.999958 0.013699 0.047691 0.998768 0.358011 -0.100498 0.928293 0.009588 -0.003169 0.999949 0.161297 -0.046991 0.985787 0.101918 -0.047535 0.993656 
-0.002602 -0.007849 0.999966 0.015695 0.052144 0.998516 0.336253 -0.099263 0.936526 0.002622 -0.000889 0.999996 0.143958 -0.043677 0.988619 0.093003 -0.044323 0.994679 
-0.002329 -0.007113 0.999972 0.014420 0.048898 0.998700 0.314352 -0.090031 0.945028 0.002426 -0.000824 0.999997 0.131026 -0.039254 0.990601 0.087282 -0.041381 0.995324 
-0.001264 -0.004024 0.999991 0.011916 0.041635 0.999062 0.297179 -0.081442 0.951342 0.002276 -0.000773 0.999997 0.120874 -0.034701 0.992061 0.080846 -0.038156 0.995996 
0.001643 0.005303 0.999985 0.011942 0.042684 0.999017 0.282475 -0.075503 0.956299 0.002028 -0.000688 0.999998 0.113336 -0.032205 0.993035 0.074628 -0.035056 0.996595 
0.005735 0.018777 0.999807 0.012019 0.044396 0.998942 0.270973 -0.069979 0.960040 0.001797 -0.000609 0.999998 0.107279 -0.030199 0.993770 0.068001 -0.031735 0.997180 
0.009830 0.032700 0.999417 0.012238 0.046970 0.998821 0.262737 -0.065277 0.962657 0.001639 -0.000555 0.999999 0.102809 -0.028615 0.994289 0.062201 -0.028828 0.997647 
0.013516 0.045772 0.998860 0.012535 0.050067 0.998667 0.256839 -0.061357 0.964505 0.001517 -0.000514 0.999999 0.099577 -0.027330 0.994654 0.057299 -0.026385 0.998008 
0.016642 0.057255 0.998221 0.012813 0.052994 0.998513 0.252614 -0.058331 0.965807 0.001420 -0.000480 0.999999 0.097508 -0.026432 0.994884 0.053201 -0.024360 0.998287 
0.018814 0.065811 0.997655 0.012991 0.055371 0.998381 0.249906 -0.056047 0.966647 0.001357 -0.000456 0.999999 0.096529 -0.025793 0.994996 0.050267 -0.022841 0.998475 
0.019211 0.069012 0.997431 0.012851 0.056546 0.998317 0.248494 -0.053958 0.967129 0.001325 -0.000437 0.999999 0.097176 -0.025280 0.994946 0.049023 -0.021923 0.998557 
0.018596 0.068448 0.997481 0.012638 0.057109 0.998288 0.248450 -0.052502 0.967221 0.001294 -0.000417 0.999999 0.098599 -0.024999 0.994813 0.049148 -0.021624 0.998557 
0.018260 0.067611 0.997545 0.012839 0.058191 0.998223 0.250017 -0.052766 0.966803 0.001308 -0.000419 0.999999 0.099958 -0.025184 0.994673 0.049913 -0.021882 0.998514 
0.017813 0.065509 0.997693 0.013278 0.059343 0.998149 0.252887 -0.054291 0.965971 0.001375 -0.000441 0.999999 0.101618 -0.025776 0.994490 0.051467 -0.022621 0.998418 
0.016876 0.061449 0.997968 0.013713 0.060036 0.998102 0.257175 -0.056544 0.964709 0.001425 -0.000457 0.999999 0.104026 -0.026636 0.994218 0.053852 -0.023755 0.998266 
0.015527 0.056013 0.998309 0.014097 0.060248 0.998084 0.262706 -0.059340 0.963049 0.001521 -0.000488 0.999999 0.106674 -0.027536 0.993913 0.056962 -0.025242 0.998057 
0.013749 0.049073 0.998701 0.014475 0.060180 0.998083 0.269171 -0.062682 0.961050 0.001621 -0.000521 0.999999 0.110154 -0.028688 0.993500 0.060640 -0.027014 0.997794 
0.011425 0.040371 0.999119 0.014801 0.059793 0.998101 0.276392 -0.066412 0.958747 0.001736 -0.000558 0.999998 0.114103 -0.029930 0.993018 0.064975 -0.029114 0.997462 
0.008694 0.030448 0.999499 0.015061 0.059150 0.998135 0.284377 -0.070453 0.956120 0.001864 -0.000600 0.999998 0.118477 -0.031238 0.992465 0.069813 -0.031473 0.997064 
0.005703 0.019801 0.999788 0.015398 0.058928 0.998143 0.293081 -0.074731 0.953163 0.002003 -0.000645 0.999998 0.123294 -0.032641 0.991833 0.075118 -0.034070 0.996592 
0.002562 0.008827 0.999958 0.015634 0.058549 0.998162 0.302244 -0.078959 0.949955 0.002153 -0.000694 0.999997 0.128422 -0.034090 0.991133 0.080592 -0.036750 0.996069 
-0.000004 -0.000013 1.000000 0.015663 0.057560 0.998219 0.311418 -0.083031 0.946639 0.002273 -0.000732 0.999997 0.132768 -0.035316 0.990518 0.085398 -0.039119 0.995579 
0.000070 0.000239 1.000000 0.015649 0.056657 0.998271 0.320310 -0.086806 0.943327 0.002499 -0.000806 0.999997 0.135352 -0.036070 0.990141 0.087671 -0.040306 0.995334 
0.000047 0.000160 1.000000 0.015454 0.055832 0.998321 0.328337 -0.089245 0.940335 0.002627 -0.000847 0.999996 0.138524 -0.036978 0.989668 0.089603 -0.041226 0.995124 
0.000025 0.000085 1.000000 0.015133 0.054920 0.998376 0.333964 -0.090357 0.938245 0.002717 -0.000876 0.999996 0.140771 -0.037610 0.989328 0.090898 -0.041790 0.994983 
0.000005 0.000017 1.000000 0.014725 0.053695 0.998449 0.336343 -0.090437 0.937387 0.002759 -0.000890 0.999996 0.141468 -0.037828 0.989220 0.091345 -0.041941 0.994936 
-0.000004 -0.000015 1.000000 0.014091 0.051620 0.998567 0.335544 -0.089491 0.937764 0.002758 -0.000889 0.999996 0.140820 -0.037658 0.989319 0.090806 -0.041619 0.994999 
-0.000007 -0.000025 1.000000 0.013243 0.048984 0.998712 0.332827 -0.087474 0.938922 0.002729 -0.000879 0.999996 0.139264 -0.037243 0.989555 0.089688 -0.040975 0.995127 
-0.000007 -0.000024 1.000000 0.012322 0.046111 0.998860 0.328876 -0.084950 0.940544 0.002681 -0.000864 0.999996 0.136909 -0.036614 0.989907 0.088268 -0.040175 0.995286 
-0.000006 -0.000021 1.000000 0.011358 0.043042 0.999009 0.323629 -0.082025 0.942622 0.002614 -0.000842 0.999996 0.133866 -0.035802 0.990353 0.086514 -0.039215 0.995479 
0.000011 0.000036 1.000000 0.010389 0.039907 0.999149 0.317079 -0.078759 0.945123 0.002493 -0.000803 0.999997 0.130410 -0.034856 0.990847 0.084336 -0.038065 0.995710 
0.000005 0.000017 1.000000 0.009318 0.036314 0.999297 0.309894 -0.075313 0.947784 0.002398 -0.000772 0.999997 0.126882 -0.033869 0.991339 0.081931 -0.036813 0.995958 
-0.000002 -0.000007 1.000000 0.008116 0.032112 0.999451 0.302713 -0.071856 0.950369 0.002292 -0.000738 0.999997 0.122897 -0.032552 0.991885 0.079454 -0.035553 0.996204 
-0.000000 -0.000001 1.000000 0.006708 0.026958 0.999614 0.296066 -0.068536 0.952705 0.002216 -0.000713 0.999997 0.119294 -0.031373 0.992363 0.076905 -0.034262 0.996450 
-0.000001 -0.000004 1.000000 0.005142 0.021001 0.999766 0.290342 -0.065436 0.954683 0.002157 -0.000694 0.999997 0.115936 -0.030201 0.992797 0.074451 -0.033028 0.996678 
-0.000011 -0.000039 1.000000 0.003620 0.015036 0.999880 0.285538 -0.062596 0.956321 0.002090 -0.000672 0.999998 0.113523 -0.029377 0.993101 0.072132 -0.031850 0.996886 
-0.000012 -0.000041 1.000000 0.002219 0.009351 0.999954 0.281383 -0.060192 0.957706 0.002029 -0.000652 0.999998 0.111529 -0.028755 0.993345 0.070014 -0.030788 0.997071 
-0.000199 -0.000702 1.000000 0.001543 0.006547 0.999977 0.277222 -0.058589 0.959018 0.001728 -0.000554 0.999998 0.109381 -0.028081 0.993603 0.068499 -0.030055 0.997198 
-0.001344 -0.004745 0.999988 0.001517 0.006439 0.999978 0.274056 -0.057912 0.959968 0.000170 -0.000055 1.000000 0.107046 -0.027482 0.993874 0.067907 -0.029793 0.997247 
-0.002522 -0.008885 0.999957 0.001498 0.006393 0.999978 0.272371 -0.057223 0.960489 -0.001425 0.000457 0.999999 0.105251 -0.027029 0.994078 0.067685 -0.029661 0.997266 
-0.003623 -0.012727 0.999912 0.001471 0.006305 0.999979 0.271187 -0.056669 0.960857 -0.002873 0.000922 0.999995 0.103800 -0.026696 0.994240 0.067579 -0.029580 0.997275 
-0.004684 -0.016391 0.999855 0.001447 0.006224 0.999980 0.270436 -0.056301 0.961090 -0.004246 0.001363 0.999990 0.102696 -0.026480 0.994360 0.067550 -0.029538 0.997279 
-0.005577 -0.019447 0.999795 0.001423 0.006140 0.999980 0.269879 -0.055977 0.961266 -0.005387 0.001729 0.999984 0.101815 -0.026318 0.994455 0.067541 -0.029505 0.997280 
-0.006349 -0.022090 0.999736 0.001201 0.005193 0.999986 0.269381 -0.055660 0.961424 -0.006169 0.001980 0.999979 0.101138 -0.026176 0.994528 0.067506 -0.029465 0.997284 
-0.007017 -0.024393 0.999678 0.000778 0.003369 0.999994 0.268922 -0.055352 0.961570 -0.006617 0.002124 0.999976 0.100648 -0.026048 0.994581 0.067444 -0.029417 0.997289 
-0.007592 -0.026389 0.999623 0.000325 0.001407 0.999999 0.268554 -0.055091 0.961688 -0.006916 0.002220 0.999974 0.100304 -0.025941 0.994619 0.067383 -0.029375 0.997295 
-0.008057 -0.028006 0.999575 -0.000064 -0.000277 1.000000 0.268296 -0.054888 0.961772 -0.007135 0.002290 0.999972 0.100074 -0.025861 0.994644 0.067337 -0.029344 0.997299 
-0.008397 -0.029191 0.999539 -0.000349 -0.001511 0.999999 0.268138 -0.054744 0.961824 -0.007294 0.002342 0.999971 0.099930 -0.025809 0.994660 0.067308 -0.029323 0.997301 
-0.008613 -0.029941 0.999515 -0.000532 -0.002303 0.999997 0.268056 -0.054654 0.961852 -0.007392 0.002373 0.999970 0.099855 -0.025780 0.994668 0.067294 -0.029311 0.997303 
-0.008710 -0.030282 0.999503 -0.000613 -0.002656 0.999996 0.268038 -0.054616 0.961859 -0.007438 0.002388 0.999969 0.099834 -0.025769 0.994670 0.067291 -0.029307 0.997303 
-0.008687 -0.030200 0.999506 -0.000594 -0.002575 0.999997 0.268079 -0.054630 0.961847 -0.007425 0.002384 0.999970 0.099868 -0.025779 0.994667 0.067298 -0.029311 0.997302 
-0.008540 -0.029688 0.999523 -0.000476 -0.002061 0.999998 0.268201 -0.054696 0.961809 -0.007350 0.002360 0.999970 0.099972 -0.025811 0.994655 0.067320 -0.029323 0.997300 
-0.008268 -0.028743 0.999553 -0.000257 -0.001113 0.999999 0.268426 -0.054819 0.961739 -0.007212 0.002315 0.999971 0.100164 -0.025872 0.994634 0.067360 -0.029347 0.997297 
-0.007869 -0.027357 0.999595 0.000064 0.000277 1.000000 0.268753 -0.054999 0.961638 -0.007010 0.002250 0.999973 0.100446 -0.025961 0.994604 0.067418 -0.029381 0.997292 
-0.007341 -0.025521 0.999647 0.000489 0.002119 0.999998 0.269186 -0.055238 0.961503 -0.006741 0.002164 0.999975 0.100818 -0.026078 0.994563 0.067494 -0.029425 0.997286 
-0.006680 -0.023220 0.999708 0.001022 0.004427 0.999990 0.269725 -0.055538 0.961334 -0.006405 0.002056 0.999977 0.101285 -0.026226 0.994512 0.067589 -0.029481 0.997278 
-0.005835 -0.020305 0.999777 0.001302 0.005642 0.999983 0.270386 -0.055755 0.961136 -0.005588 0.001794 0.999983 0.102038 -0.026423 0.994429 0.067653 -0.029518 0.997272 
-0.004901 -0.017093 0.999842 0.001311 0.005681 0.999983 0.271279 -0.055941 0.960874 -0.004367 0.001401 0.999989 0.103258 -0.026707 0.994296 0.067709 -0.029546 0.997268 
-0.003888 -0.013603 0.999900 0.001321 0.005727 0.999983 0.272192 -0.056132 0.960604 -0.003041 0.000976 0.999995 0.104413 -0.026960 0.994169 0.067785 -0.029586 0.997261 
-0.002808 -0.009853 0.999948 0.001352 0.005859 0.999982 0.273389 -0.056400 0.960249 -0.001654 0.000531 0.999998 0.105709 -0.027248 0.994024 0.067905 -0.029642 0.997251 
-0.001681 -0.005916 0.999981 0.001365 0.005915 0.999982 0.274581 -0.056649 0.959894 -0.000153 0.000049 1.000000 0.107090 -0.027570 0.993867 0.068033 -0.029703 0.997241 
-0.000556 -0.001963 0.999998 0.001379 0.005979 0.999981 0.275897 -0.056923 0.959500 0.001354 -0.000434 0.999999 0.108550 -0.027915 0.993699 0.068187 -0.029774 0.997228 
-0.000051 -0.000179 1.000000 0.001340 0.005810 0.999982 0.277505 -0.057230 0.959018 0.002070 -0.000664 0.999998 0.110127 -0.028309 0.993514 0.068373 -0.029860 0.997213 
-0.000051 -0.000181 1.000000 0.001301 0.005631 0.999983 0.279539 -0.057744 0.958396 0.002125 -0.000682 0.999998 0.111496 -0.028648 0.993352 0.068740 -0.030038 0.997182 
-0.000048 -0.000169 1.000000 0.001347 0.005795 0.999982 0.281484 -0.058541 0.957779 0.002148 -0.000689 0.999997 0.112620 -0.028936 0.993217 0.069173 -0.030263 0.997146 
-0.000045 -0.000159 1.000000 0.001502 0.006423 0.999978 0.283418 -0.059382 0.957156 0.002169 -0.000696 0.999997 0.113638 -0.029198 0.993093 0.069716 -0.030541 0.997099 
-0.000046 -0.000161 1.000000 0.001684 0.007135 0.999973 0.285226 -0.060448 0.956552 0.002180 -0.000700 0.999997 0.114356 -0.029387 0.993005 0.070287 -0.030852 0.997050 
-0.000044 -0.000156 1.000000 0.001947 0.008196 0.999965 0.286959 -0.061353 0.955976 0.002197 -0.000705 0.999997 0.115065 -0.029569 0.992918 0.070915 -0.031177 0.996995 
-0.000043 -0.000153 1.000000 0.002187 0.009164 0.999956 0.288721 -0.062138 0.955395 0.002215 -0.000711 0.999997 0.115799 -0.029758 0.992827 0.071534 -0.031488 0.996941 
-0.000043 -0.000153 1.000000 0.002369 0.009892 0.999948 0.290475 -0.062839 0.954817 0.002235 -0.000717 0.999997 0.116517 -0.029942 0.992737 0.072110 -0.031772 0.996891 
-0.000044 -0.000155 1.000000 0.002481 0.010338 0.999943 0.291885 -0.063326 0.954355 0.002251 -0.000723 0.999997 0.117105 -0.030093 0.992664 0.072544 -0.031982 0.996852 
-0.000044 -0.000157 1.000000 0.002518 0.010489 0.999942 0.292724 -0.063543 0.954083 0.002260 -0.000726 0.999997 0.117454 -0.030183 0.992619 0.072781 -0.032092 0.996832 
-0.000006 -0.000022 1.000000 0.002509 0.010453 0.999942 0.292961 -0.063576 0.954008 0.002272 -0.000730 0.999997 0.117449 -0.030194 0.992620 0.072816 -0.032108 0.996828 
-0.000012 -0.000043 1.000000 0.002468 0.010286 0.999944 0.292829 -0.063502 0.954054 0.002265 -0.000727 0.999997 0.117371 -0.030173 0.992630 0.072758 -0.032077 0.996834 
-0.000018 -0.000062 1.000000 0.002389 0.009967 0.999947 0.292567 -0.063354 0.954144 0.002258 -0.000725 0.999997 0.117242 -0.030140 0.992646 0.072636 -0.032015 0.996845 
-0.000031 -0.000108 1.000000 0.002269 0.009479 0.999952 0.292198 -0.063130 0.954272 0.002224 -0.000714 0.999997 0.116940 -0.030059 0.992684 0.072464 -0.031924 0.996860 
-0.000014 -0.000049 1.000000 0.002094 0.008766 0.999959 0.291760 -0.062813 0.954427 0.002223 -0.000713 0.999997 0.116676 -0.029974 0.992718 0.072207 -0.031783 0.996883 
-0.000021 -0.000076 1.000000 0.001897 0.007954 0.999967 0.291237 -0.062509 0.954607 0.002210 -0.000709 0.999997 0.116395 -0.029896 0.992753 0.071930 -0.031643 0.996908 
-0.000005 -0.000017 1.000000 0.001668 0.007006 0.999974 0.290635 -0.062169 0.954812 0.002209 -0.000709 0.999997 0.116044 -0.029813 0.992796 0.071598 -0.031477 0.996937 
-0.000027 -0.000094 1.000000 0.001604 0.006740 0.999976 0.290111 -0.061999 0.954983 0.002180 -0.000700 0.999997 0.115615 -0.029699 0.992850 0.071464 -0.031413 0.996948 
-0.000009 -0.000032 1.000000 0.001452 0.006107 0.999980 0.289861 -0.061838 0.955069 0.002272 -0.000730 0.999997 0.115286 -0.029609 0.992891 0.071358 -0.031376 0.996957 
-0.000049 -0.000174 1.000000 0.001479 0.006223 0.999980 0.289663 -0.061761 0.955134 0.002183 -0.000701 0.999997 0.114997 -0.029527 0.992927 0.071341 -0.031368 0.996959 
-0.000128 -0.000452 1.000000 0.001500 0.006317 0.999979 0.289604 -0.061714 0.955155 0.002053 -0.000660 0.999998 0.114813 -0.029484 0.992949 0.071352 -0.031371 0.996958 
-0.000214 -0.000757 1.000000 0.001493 0.006288 0.999979 0.289521 -0.061670 0.955183 0.001951 -0.000627 0.999998 0.114709 -0.029463 0.992962 0.071347 -0.031368 0.996958 
-0.000205 -0.000725 1.000000 0.001506 0.006351 0.999979 0.289673 -0.061644 0.955138 0.001941 -0.000624 0.999998 0.114668 -0.029468 0.992967 0.071385 -0.031386 0.996955 
-0.000196 -0.000693 1.000000 0.001501 0.006331 0.999979 0.289692 -0.061625 0.955134 0.001967 -0.000632 0.999998 0.114685 -0.029477 0.992964 0.071391 -0.031388 0.996954 
-0.000184 -0.000648 1.000000 0.001510 0.006369 0.999979 0.289717 -0.061633 0.955126 0.001991 -0.000640 0.999998 0.114709 -0.029484 0.992961 0.071408 -0.031396 0.996953 
-0.000170 -0.000600 1.000000 0.001519 0.006406 0.999978 0.289742 -0.061641 0.955118 0.002015 -0.000648 0.999998 0.114734 -0.029491 0.992958 0.071423 -0.031403 0.996952 
-0.000188 -0.000663 1.000000 0.001527 0.006439 0.999978 0.289766 -0.061648 0.955110 0.001985 -0.000638 0.999998 0.114643 -0.029456 0.992970 0.071446 -0.031411 0.996950 
-0.000177 -0.000624 1.000000 0.001534 0.006471 0.999978 0.289788 -0.061654 0.955103 0.002005 -0.000645 0.999998 0.114664 -0.029462 0.992967 0.071460 -0.031417 0.996949 
-0.000136 -0.000482 1.000000 0.001523 0.006426 0.999978 0.289836 -0.061631 0.955090 0.002073 -0.000666 0.999998 0.114719 -0.029482 0.992960 0.071463 -0.031417 0.996948 
-0.000110 -0.000387 1.000000 0.001512 0.006383 0.999978 0.289890 -0.061607 0.955075 0.002113 -0.000679 0.999998 0.114660 -0.029466 0.992968 0.071480 -0.031423 0.996947 
-0.000024 -0.000083 1.000000 0.001508 0.006375 0.999979 0.290059 -0.061581 0.955025 0.002204 -0.000709 0.999997 0.114753 -0.029509 0.992956 0.071484 -0.031424 0.996947 
0.000009 0.000031 1.000000 0.001513 0.006396 0.999978 0.290087 -0.061589 0.955016 0.002216 -0.000713 0.999997 0.114691 -0.029506 0.992963 0.071484 -0.031425 0.996947 
-0.000107 -0.000377 1.000000 0.001519 0.006418 0.999978 0.290115 -0.061596 0.955007 0.002235 -0.000719 0.999997 0.114643 -0.029469 0.992970 0.071646 -0.031498 0.996933 
-0.000082 -0.000291 1.000000 0.001523 0.006435 0.999978 0.290119 -0.061598 0.955006 0.002239 -0.000720 0.999997 0.114596 -0.029464 0.992975 0.071635 -0.031494 0.996934 
-0.000060 -0.000211 1.000000 0.001526 0.006448 0.999978 0.290125 -0.061600 0.955004 0.002243 -0.000722 0.999997 0.114554 -0.029461 0.992980 0.071626 -0.031491 0.996934 
-0.000059 -0.000210 1.000000 0.001528 0.006459 0.999978 0.290130 -0.061602 0.955003 0.002241 -0.000721 0.999997 0.114556 -0.029461 0.992980 0.071627 -0.031492 0.996934 
-0.000038 -0.000136 1.000000 0.001531 0.006470 0.999978 0.290140 -0.061604 0.954999 0.002245 -0.000722 0.999997 0.114515 -0.029458 0.992985 0.071620 -0.031489 0.996935 
-0.000006 -0.000023 1.000000 0.001490 0.006301 0.999979 0.290246 -0.061548 0.954971 0.002274 -0.000732 0.999997 0.114551 -0.029485 0.992980 0.071591 -0.031476 0.996937 
-0.000440 -0.001556 0.999999 0.001479 0.006260 0.999979 0.290332 -0.061531 0.954946 0.002032 -0.000653 0.999998 0.114017 -0.029246 0.993048 0.071984 -0.031634 0.996904 
-0.000405 -0.001432 0.999999 0.001509 0.006389 0.999978 0.290335 -0.061528 0.954945 0.002036 -0.000655 0.999998 0.113985 -0.029241 0.993052 0.071980 -0.031632 0.996904 
-0.000369 -0.001305 0.999999 0.001513 0.006408 0.999978 0.290477 -0.061538 0.954901 0.002046 -0.000658 0.999998 0.114077 -0.029269 0.993041 0.071976 -0.031629 0.996905 
-0.000309 -0.001091 0.999999 0.001550 0.006568 0.999977 0.290626 -0.061534 0.954856 0.002071 -0.000666 0.999998 0.114108 -0.029285 0.993037 0.071995 -0.031636 0.996903 
-0.000272 -0.000963 0.999999 0.001551 0.006576 0.999977 0.290751 -0.061542 0.954818 0.002092 -0.000673 0.999998 0.114197 -0.029311 0.993026 0.071994 -0.031634 0.996903 
-0.000263 -0.000931 1.000000 0.001556 0.006595 0.999977 0.290750 -0.061543 0.954818 0.002089 -0.000672 0.999998 0.114194 -0.029311 0.993026 0.071986 -0.031631 0.996904 
-0.000200 -0.000708 1.000000 0.001528 0.006484 0.999978 0.290987 -0.061522 0.954747 0.002160 -0.000695 0.999997 0.114311 -0.029352 0.993011 0.071993 -0.031633 0.996903 
-0.000137 -0.000486 1.000000 0.001456 0.006186 0.999980 0.291284 -0.061465 0.954660 0.002209 -0.000711 0.999997 0.114402 -0.029392 0.993000 0.071958 -0.031618 0.996906 
-0.000130 -0.000460 1.000000 0.001461 0.006211 0.999980 0.291570 -0.061463 0.954573 0.002192 -0.000706 0.999997 0.114499 -0.029428 0.992987 0.072001 -0.031634 0.996903 
-0.000123 -0.000436 1.000000 0.001449 0.006165 0.999980 0.291631 -0.061444 0.954555 0.002207 -0.000711 0.999997 0.114552 -0.029446 0.992981 0.072002 -0.031633 0.996903 
-0.000103 -0.000364 1.000000 0.001459 0.006208 0.999980 0.291648 -0.061452 0.954550 0.002214 -0.000713 0.999997 0.114531 -0.029446 0.992983 0.072003 -0.031634 0.996903 
-0.000099 -0.000348 1.000000 0.001468 0.006246 0.999979 0.291661 -0.061457 0.954545 0.002216 -0.000714 0.999997 0.114539 -0.029449 0.992982 0.072010 -0.031638 0.996902 
-0.000081 -0.000285 1.000000 0.001454 0.006189 0.999980 0.291742 -0.061442 0.954521 0.002234 -0.000720 0.999997 0.114565 -0.029464 0.992979 0.072009 -0.031638 0.996902 
-0.000078 -0.000277 1.000000 0.001464 0.006230 0.999980 0.291757 -0.061449 0.954516 0.002235 -0.000720 0.999997 0.114574 -0.029467 0.992978 0.072019 -0.031642 0.996901 
-0.000077 -0.000270 1.000000 0.001460 0.006219 0.999980 0.292010 -0.061442 0.954440 0.002226 -0.000717 0.999997 0.114678 -0.029501 0.992965 0.072059 -0.031657 0.996898 
-0.000075 -0.000265 1.000000 0.001445 0.006156 0.999980 0.292126 -0.061436 0.954404 0.002241 -0.000722 0.999997 0.114743 -0.029521 0.992956 0.072076 -0.031665 0.996896 
-0.000074 -0.000260 1.000000 0.001455 0.006201 0.999980 0.292140 -0.061442 0.954400 0.002241 -0.000722 0.999997 0.114752 -0.029524 0.992955 0.072086 -0.031670 0.996895 
-0.000061 -0.000214 1.000000 0.001438 0.006131 0.999980 0.292264 -0.061438 0.954362 0.002259 -0.000728 0.999997 0.114791 -0.029542 0.992950 0.072099 -0.031676 0.996894 
-0.000060 -0.000212 1.000000 0.001450 0.006180 0.999980 0.292318 -0.061453 0.954345 0.002258 -0.000728 0.999997 0.114806 -0.029546 0.992948 0.072122 -0.031686 0.996892 
-0.000047 -0.000167 1.000000 0.001460 0.006224 0.999980 0.292378 -0.061469 0.954325 0.002261 -0.000729 0.999997 0.114795 -0.029548 0.992950 0.072141 -0.031695 0.996891 
-0.000048 -0.000170 1.000000 0.001470 0.006264 0.999979 0.292441 -0.061485 0.954305 0.002261 -0.000729 0.999997 0.114811 -0.029552 0.992948 0.072166 -0.031707 0.996889 
-0.000050 -0.000177 1.000000 0.001451 0.006187 0.999980 0.292594 -0.061486 0.954258 0.002272 -0.000732 0.999997 0.114877 -0.029574 0.992939 0.072193 -0.031719 0.996886 
-0.000063 -0.000222 1.000000 0.001461 0.006232 0.999980 0.292692 -0.061510 0.954226 0.002250 -0.000725 0.999997 0.114825 -0.029553 0.992946 0.072238 -0.031738 0.996882 
-0.000063 -0.000223 1.000000 0.001483 0.006329 0.999979 0.292950 -0.061538 0.954145 0.002228 -0.000718 0.999997 0.114888 -0.029571 0.992938 0.072304 -0.031765 0.996877 
-0.000063 -0.000223 1.000000 0.001465 0.006252 0.999979 0.293113 -0.061541 0.954095 0.002245 -0.000724 0.999997 0.114970 -0.029596 0.992928 0.072333 -0.031778 0.996874 
-0.000063 -0.000222 1.000000 0.001444 0.006167 0.999980 0.293222 -0.061534 0.954062 0.002261 -0.000729 0.999997 0.115027 -0.029613 0.992921 0.072348 -0.031785 0.996873 
-0.000063 -0.000222 1.000000 0.001456 0.006215 0.999980 0.293293 -0.061553 0.954039 0.002261 -0.000729 0.999997 0.115056 -0.029621 0.992917 0.072375 -0.031797 0.996871 
-0.000048 -0.000169 1.000000 0.001437 0.006137 0.999980 0.293441 -0.061555 0.953993 0.002281 -0.000736 0.999997 0.115098 -0.029640 0.992912 0.072392 -0.031806 0.996869 
-0.000049 -0.000172 1.000000 0.001449 0.006188 0.999980 0.293515 -0.061576 0.953969 0.002280 -0.000735 0.999997 0.115121 -0.029646 0.992909 0.072422 -0.031819 0.996866 
-0.000050 -0.000176 1.000000 0.001460 0.006234 0.999980 0.293547 -0.061586 0.953959 0.002278 -0.000735 0.999997 0.115132 -0.029648 0.992908 0.072438 -0.031827 0.996865 
-0.000051 -0.000181 1.000000 0.001441 0.006156 0.999980 0.293705 -0.061590 0.953910 0.002292 -0.000739 0.999997 0.115210 -0.029671 0.992898 0.072466 -0.031840 0.996863 
-0.000052 -0.000184 1.000000 0.001422 0.006076 0.999981 0.293870 -0.061597 0.953859 0.002306 -0.000744 0.999997 0.115283 -0.029693 0.992889 0.072495 -0.031853 0.996860 
-0.000053 -0.000188 1.000000 0.001436 0.006135 0.999980 0.293974 -0.061624 0.953825 0.002304 -0.000743 0.999997 0.115316 -0.029701 0.992885 0.072533 -0.031871 0.996857 
-0.000037 -0.000131 1.000000 0.001426 0.006092 0.999980 0.294064 -0.061637 0.953796 0.002318 -0.000748 0.999997 0.115271 -0.029697 0.992890 0.072552 -0.031881 0.996855 
-0.000040 -0.000140 1.000000 0.001547 0.006630 0.999977 0.295090 -0.061706 0.953475 0.002157 -0.000696 0.999997 0.115576 -0.029788 0.992852 0.072772 -0.031968 0.996836 
-0.000013 -0.000046 1.000000 0.001465 0.006282 0.999979 0.295527 -0.061709 0.953339 0.002232 -0.000721 0.999997 0.115789 -0.029864 0.992825 0.072818 -0.031990 0.996832 
-0.000018 -0.000063 1.000000 0.001474 0.006324 0.999979 0.295596 -0.061727 0.953317 0.002238 -0.000723 0.999997 0.115844 -0.029878 0.992818 0.072848 -0.032003 0.996829 
-0.000022 -0.000077 1.000000 0.001476 0.006334 0.999979 0.295833 -0.061723 0.953243 0.002229 -0.000720 0.999997 0.115924 -0.029903 0.992808 0.072897 -0.032023 0.996825 
-0.000025 -0.000090 1.000000 0.001484 0.006369 0.999979 0.295857 -0.061730 0.953236 0.002235 -0.000722 0.999997 0.115941 -0.029908 0.992806 0.072917 -0.032032 0.996823 
-0.000029 -0.000102 1.000000 0.001471 0.006317 0.999979 0.295940 -0.061723 0.953210 0.002251 -0.000727 0.999997 0.115992 -0.029923 0.992799 0.072936 -0.032040 0.996822 
-0.000015 -0.000051 1.000000 0.001458 0.006264 0.999979 0.296036 -0.061718 0.953181 0.002272 -0.000734 0.999997 0.116010 -0.029935 0.992797 0.072949 -0.032047 0.996821 
-0.000019 -0.000066 1.000000 0.001468 0.006306 0.999979 0.296056 -0.061726 0.953174 0.002274 -0.000735 0.999997 0.116023 -0.029939 0.992795 0.072967 -0.032055 0.996819 
-0.000023 -0.000080 1.000000 0.001491 0.006406 0.999978 0.296232 -0.061738 0.953118 0.002251 -0.000727 0.999997 0.116068 -0.029953 0.992790 0.073016 -0.032075 0.996815 
-0.000026 -0.000092 1.000000 0.001498 0.006436 0.999978 0.296253 -0.061745 0.953112 0.002256 -0.000729 0.999997 0.116083 -0.029957 0.992788 0.073033 -0.032083 0.996813 
-0.000029 -0.000103 1.000000 0.001517 0.006523 0.999978 0.296434 -0.061757 0.953054 0.002236 -0.000722 0.999997 0.116133 -0.029972 0.992781 0.073081 -0.032102 0.996809 
-0.000032 -0.000114 1.000000 0.001561 0.006722 0.999976 0.296930 -0.061781 0.952899 0.002171 -0.000702 0.999997 0.116263 -0.030010 0.992765 0.073188 -0.032144 0.996800 
-0.000035 -0.000123 1.000000 0.001545 0.006654 0.999977 0.297061 -0.061783 0.952858 0.002194 -0.000709 0.999997 0.116366 -0.030037 0.992752 0.073214 -0.032155 0.996798 
-0.000038 -0.000132 1.000000 0.001513 0.006522 0.999978 0.297188 -0.061763 0.952819 0.002223 -0.000718 0.999997 0.116447 -0.030060 0.992742 0.073230 -0.032161 0.996796 
-0.000024 -0.000084 1.000000 0.001518 0.006541 0.999977 0.297223 -0.061771 0.952808 0.002235 -0.000722 0.999997 0.116440 -0.030064 0.992743 0.073241 -0.032167 0.996795 
-0.000027 -0.000096 1.000000 0.001537 0.006625 0.999977 0.297397 -0.061781 0.952753 0.002216 -0.000716 0.999997 0.116475 -0.030074 0.992738 0.073289 -0.032187 0.996791 
-0.000001 -0.000004 1.000000 0.001540 0.006638 0.999977 0.297449 -0.061792 0.952736 0.002235 -0.000722 0.999997 0.116442 -0.030075 0.992742 0.073300 -0.032193 0.996790 
-0.000007 -0.000023 1.000000 0.001556 0.006712 0.999976 0.297630 -0.061804 0.952679 0.002217 -0.000717 0.999997 0.116488 -0.030088 0.992736 0.073350 -0.032214 0.996786 
-0.000012 -0.000041 1.000000 0.001540 0.006646 0.999977 0.297700 -0.061795 0.952657 0.002235 -0.000722 0.999997 0.116538 -0.030101 0.992730 0.073366 -0.032220 0.996784 
