1.261772 0.188410 0.004430 1.347074 0.270456 0.004491 1.359254 0.133561 0.004611 1.476681 0.205096 0.004725 
1.261569 0.189600 0.004546 1.345792 0.270456 0.004594 1.357963 0.133553 0.004514 1.476506 0.206236 0.004557 
1.261652 0.188931 0.004526 1.345945 0.270441 0.004571 1.358117 0.133539 0.004577 1.476575 0.205578 0.004640 
1.261543 0.190894 0.004343 1.347106 0.270724 0.004688 1.359300 0.133831 0.004396 1.476502 0.207587 0.004787 
1.261533 0.191015 0.004401 1.346993 0.270715 0.004711 1.359189 0.133822 0.004452 1.476495 0.207706 0.004805 
1.262010 0.189268 0.003766 1.350965 0.271011 0.004265 1.363285 0.134151 0.004384 1.476909 0.206255 0.005032 
1.261844 0.189754 0.003952 1.350409 0.270895 0.004237 1.362782 0.134037 0.004481 1.476753 0.206811 0.004891 
1.261649 0.191903 0.004045 1.351175 0.270961 0.004307 1.363561 0.134109 0.004531 1.476604 0.208981 0.004894 
1.261361 0.194396 0.004096 1.351960 0.270999 0.004284 1.364382 0.134156 0.004552 1.476370 0.211529 0.004814 
1.260856 0.196766 0.004388 1.350550 0.270796 0.004166 1.362985 0.133948 0.004635 1.475923 0.213872 0.004402 
1.260507 0.200905 0.004361 1.352762 0.270981 0.004169 1.365200 0.134147 0.004729 1.475666 0.218035 0.004500 
1.260171 0.204571 0.004563 1.354511 0.271145 0.004238 1.366970 0.134326 0.005132 1.475409 0.221747 0.004688 
1.259992 0.206526 0.004847 1.356192 0.271311 0.004302 1.368662 0.134508 0.005750 1.475270 0.223742 0.004964 
1.259914 0.207374 0.005178 1.357832 0.271478 0.004360 1.370305 0.134694 0.006493 1.475208 0.224629 0.005289 
1.259891 0.207630 0.005531 1.359443 0.271644 0.004413 1.371916 0.134884 0.007290 1.475188 0.224922 0.005637 
1.259888 0.207669 0.005883 1.361036 0.271810 0.004460 1.373506 0.135077 0.008084 1.475182 0.224997 0.005985 
1.259886 0.207695 0.006221 1.362617 0.271973 0.004503 1.375085 0.135271 0.008849 1.475178 0.225058 0.006319 
1.259884 0.207722 0.006545 1.364185 0.272135 0.004541 1.376649 0.135465 0.009586 1.475173 0.225121 0.006639 
1.259882 0.207751 0.006857 1.365727 0.272293 0.004576 1.378189 0.135660 0.010300 1.475168 0.225185 0.006948 
1.259880 0.207781 0.007160 1.367231 0.272448 0.004607 1.379689 0.135854 0.010996 1.475164 0.225248 0.007246 
1.259877 0.207811 0.007456 1.368678 0.272598 0.004635 1.381133 0.136044 0.011678 1.475159 0.225312 0.007538 
1.259875 0.207843 0.007745 1.370054 0.272741 0.004660 1.382506 0.136230 0.012349 1.475154 0.225374 0.007823 
1.259872 0.207875 0.008030 1.371364 0.272878 0.004683 1.383812 0.136413 0.013015 1.475150 0.225436 0.008107 
1.259869 0.207908 0.008310 1.372607 0.273010 0.004705 1.385050 0.136593 0.013679 1.475145 0.225497 0.008391 
1.259866 0.207943 0.008590 1.373758 0.273134 0.004725 1.386197 0.136767 0.014344 1.475140 0.225558 0.008675 
1.259863 0.207979 0.008871 1.374818 0.273250 0.004742 1.387253 0.136937 0.015015 1.475135 0.225619 0.008960 
1.259860 0.208019 0.009154 1.375785 0.273358 0.004758 1.388215 0.137103 0.015695 1.475130 0.225680 0.009247 
1.259856 0.208061 0.009442 1.376655 0.273458 0.004773 1.389080 0.137264 0.016388 1.475125 0.225742 0.009538 
1.259852 0.208107 0.009736 1.377425 0.273551 0.004786 1.389843 0.137422 0.017097 1.475119 0.225806 0.009836 
1.259848 0.208157 0.010038 1.378087 0.273634 0.004798 1.390499 0.137576 0.017828 1.475114 0.225871 0.010141 
1.259844 0.208210 0.010349 1.378636 0.273709 0.004809 1.391042 0.137727 0.018583 1.475108 0.225937 0.010456 
1.259839 0.208269 0.010672 1.379066 0.273775 0.004819 1.391464 0.137875 0.019368 1.475103 0.226006 0.010783 
1.259833 0.208332 0.011007 1.379374 0.273831 0.004828 1.391765 0.138022 0.020187 1.475097 0.226077 0.011123 
1.259827 0.208401 0.011358 1.379560 0.273878 0.004836 1.391942 0.138168 0.021045 1.475090 0.226151 0.011478 
1.259821 0.208477 0.011725 1.379622 0.273915 0.004843 1.391995 0.138314 0.021945 1.475084 0.226229 0.011851 
1.259813 0.208560 0.012109 1.379611 0.273948 0.004850 1.391973 0.138469 0.022894 1.475076 0.226313 0.012244 
1.259805 0.208650 0.012515 1.379572 0.273981 0.004856 1.391922 0.138636 0.023896 1.475068 0.226403 0.012659 
1.259797 0.208750 0.012944 1.379506 0.274014 0.004861 1.391843 0.138820 0.024957 1.475059 0.226503 0.013098 
1.259787 0.208859 0.013399 1.379415 0.274046 0.004866 1.391737 0.139022 0.026083 1.475050 0.226611 0.013563 
1.259776 0.208980 0.013882 1.379301 0.274080 0.004871 1.391606 0.139246 0.027280 1.475039 0.226732 0.014058 
1.259764 0.209114 0.014395 1.379160 0.274114 0.004875 1.391447 0.139495 0.028554 1.475027 0.226864 0.014583 
1.259751 0.209262 0.014943 1.378994 0.274148 0.004878 1.391259 0.139772 0.029913 1.475015 0.227010 0.015143 
1.259737 0.209428 0.015527 1.378802 0.274184 0.004882 1.391043 0.140082 0.031362 1.475000 0.227174 0.015740 
1.259721 0.209614 0.016150 1.378587 0.274222 0.004885 1.390801 0.140430 0.032909 1.474984 0.227358 0.016376 
1.259702 0.209823 0.016814 1.378352 0.274262 0.004888 1.390535 0.140823 0.034563 1.474966 0.227565 0.017055 
1.259682 0.210058 0.017524 1.378091 0.274305 0.004890 1.390239 0.141265 0.036331 1.474946 0.227798 0.017781 
1.259658 0.210322 0.018282 1.377803 0.274349 0.004893 1.389911 0.141764 0.038222 1.474923 0.228059 0.018556 
1.259633 0.210616 0.019093 1.377483 0.274396 0.004895 1.389545 0.142330 0.040244 1.474897 0.228351 0.019385 
1.259604 0.210946 0.019960 1.377126 0.274445 0.004897 1.389137 0.142969 0.042408 1.474869 0.228678 0.020272 
1.259573 0.211303 0.020891 1.376732 0.274498 0.004900 1.388685 0.143696 0.044724 1.474838 0.229032 0.021225 
1.259554 0.211527 0.021957 1.376299 0.274554 0.004902 1.388182 0.144531 0.047227 1.474815 0.229254 0.022315 
1.259546 0.211632 0.023172 1.375826 0.274615 0.004904 1.387628 0.145491 0.049928 1.474799 0.229356 0.023556 
1.258932 0.215766 0.022737 1.374042 0.273969 0.004908 1.385179 0.145606 0.052251 1.474358 0.232428 0.023157 
1.258433 0.218335 0.022945 1.371630 0.273170 0.004909 1.381931 0.145767 0.054999 1.474007 0.233666 0.023411 
1.258465 0.217974 0.024534 1.370756 0.273230 0.004912 1.380949 0.147149 0.058276 1.474016 0.233298 0.025039 
1.258596 0.216862 0.026559 1.370435 0.273236 0.004916 1.380643 0.148708 0.061812 1.474090 0.232439 0.027099 
1.258716 0.215783 0.028743 1.370558 0.273193 0.004918 1.380759 0.150428 0.065523 1.474152 0.231624 0.029318 
1.258590 0.215822 0.030080 1.370653 0.272340 0.004835 1.380595 0.151490 0.069214 1.474037 0.231522 0.030748 
1.294605 0.799542 0.004628 1.382767 0.151719 0.073611 1.194510 0.558031 0.027105 1.420603 0.667202 0.010843 1.473886 0.230205 0.032739 1.411390 0.690210 0.009683 
1.298951 0.800535 0.003889 1.380699 0.155010 0.079517 1.190545 0.574847 0.026972 1.410928 0.694371 0.008282 1.467776 0.234284 0.034906 1.409140 0.708967 0.008366 
1.303245 0.802061 0.003964 1.366294 0.159401 0.090398 1.184890 0.585977 0.029220 1.407761 0.703130 0.010430 1.452939 0.241957 0.040269 1.408465 0.721156 0.010727 
1.307556 0.803659 0.004042 1.179572 0.588024 0.034595 1.345472 0.159629 0.108873 1.408677 0.700638 0.014913 1.415252 0.617067 0.028607 
1.312303 0.805416 0.004114 1.325637 0.156235 0.132398 1.203194 0.227034 0.082115 1.168053 0.668599 0.013720 1.410550 0.695517 0.020288 1.412661 0.614375 0.036510 
1.317588 0.807372 0.004178 1.310786 0.152454 0.157349 1.191119 0.222979 0.105096 1.166227 0.661878 0.018469 1.410776 0.694566 0.024501 1.410490 0.609687 0.044531 
1.323307 0.809377 0.004235 1.303589 0.151115 0.181384 1.184922 0.219757 0.127323 1.165298 0.656005 0.023318 1.410435 0.695815 0.027997 1.409300 0.606058 0.052326 
1.324995 0.809500 0.003603 1.302224 0.154094 0.202643 1.183495 0.220371 0.146870 1.164986 0.652736 0.027825 1.411179 0.693192 0.032013 1.408753 0.604951 0.059199 
1.327490 0.810519 0.003898 1.304979 0.161166 0.220930 1.185353 0.225456 0.163070 1.165315 0.653374 0.031968 1.410857 0.694157 0.035876 1.408802 0.607300 0.065374 
1.327419 0.810824 0.004338 1.310290 0.171003 0.237831 1.188858 0.233317 0.177729 1.165789 0.656076 0.036139 1.410407 0.694585 0.040052 1.408848 0.610559 0.071324 
1.325834 0.810810 0.004862 1.314563 0.182305 0.254405 1.191937 0.242700 0.192119 1.166008 0.659849 0.040388 1.409577 0.694928 0.044353 1.408447 0.613873 0.077292 
1.308265 0.828709 0.019325 1.165488 0.711989 0.052246 1.372768 0.837890 0.017191 1.392985 0.604775 0.077377 1.317044 0.192420 0.269080 1.192394 0.247872 0.208208 
1.303128 0.864966 0.022237 1.314930 0.193632 0.286154 1.186739 0.250890 0.218845 1.169375 0.745009 0.056619 1.377580 0.887480 0.018446 1.396368 0.629778 0.081459 
1.326284 0.920585 0.019217 1.301519 0.187786 0.306704 1.175045 0.244050 0.236204 1.179275 0.770229 0.057183 1.394597 0.921203 0.020092 1.411089 0.671031 0.086889 
1.352474 0.998396 0.021858 1.285558 0.178051 0.329722 1.160914 0.231071 0.257505 1.192581 0.810420 0.062138 1.420491 0.972180 0.027314 1.425869 0.722869 0.096603 
1.348595 1.043925 0.011252 1.253794 0.179926 0.342228 1.148076 0.227513 0.273291 1.197676 0.842358 0.056692 1.428466 1.034646 0.015566 1.430093 0.747033 0.092194 
1.351016 1.067866 0.012126 1.241558 0.185656 0.339136 1.140028 0.233615 0.265314 1.205880 0.886268 0.049957 1.445956 1.010092 0.023296 1.436628 0.796416 0.087900 
1.355092 1.112301 0.014613 1.227832 0.188311 0.342168 1.131023 0.233442 0.266128 1.211550 0.930957 0.048447 1.454417 1.044204 0.027171 1.441060 0.841793 0.086523 
1.309437 1.123066 0.004810 1.204385 0.198418 0.336775 1.122349 0.240119 0.260999 1.215292 0.969217 0.040760 1.450659 1.110929 0.004657 1.440246 0.854691 0.062438 
1.309539 1.121895 0.002671 1.209804 0.210033 0.326766 1.125334 0.252735 0.243880 1.219753 0.998664 0.030413 1.449833 1.120824 0.002951 1.446147 0.887289 0.048904 
1.308180 1.121784 0.002872 1.231381 0.221733 0.329740 1.136323 0.262711 0.241412 1.223686 1.020613 0.025904 1.448420 1.133883 0.002863 1.451106 0.912490 0.042196 
1.307016 1.121796 0.003059 1.250344 0.233627 0.347385 1.147390 0.271341 0.253007 1.226244 1.033721 0.024657 1.447809 1.139606 0.002656 1.454311 0.929439 0.041611 
1.306528 1.122124 0.003229 1.259757 0.246253 0.376837 1.154600 0.280734 0.274572 1.227554 1.040400 0.025738 1.447301 1.144216 0.002232 1.456201 0.939384 0.045129 
1.307229 1.123118 0.003387 1.265018 0.261231 0.415427 1.159930 0.291758 0.305231 1.228132 1.042182 0.028938 1.446734 1.148607 0.001730 1.457926 0.945199 0.052199 
1.309855 1.124880 0.003473 1.270406 0.280125 0.459746 1.165466 0.305585 0.342997 1.228373 1.040754 0.033972 1.445984 1.152812 0.001289 1.460181 0.950160 0.061794 
1.314187 1.127244 0.003611 1.281265 0.304248 0.507147 1.228720 1.037684 0.040845 1.445167 1.157280 0.000893 1.462567 0.955050 0.072804 
1.319701 1.129575 0.003683 1.294952 0.334138 0.556592 1.229107 1.033601 0.049458 1.444523 1.160028 0.000622 1.464559 0.959593 0.085220 
1.325924 1.130658 0.003747 1.308228 0.369904 0.607923 1.229358 1.028273 0.060039 1.444238 1.159713 0.000684 1.465841 0.962918 0.099327 
1.333744 1.130652 0.003861 1.229190 1.021250 0.073315 1.444076 1.157279 0.001304 1.466636 0.964916 0.116370 1.296799 0.406753 0.526497 
1.317520 1.135444 0.016578 1.216331 1.033328 0.093329 1.429366 1.160908 0.009207 1.455443 0.979329 0.132336 1.290555 0.441939 0.583524 1.403262 0.438269 0.556778 
1.293021 1.138025 0.023969 1.284684 0.480344 0.636643 1.193576 1.042994 0.110293 1.402272 1.162206 0.009310 1.401188 0.473188 0.605586 1.435060 0.991052 0.140470 
1.297141 0.524511 0.683585 1.266086 1.136516 0.024275 1.166617 1.045348 0.126112 1.409169 0.516958 0.653311 1.368350 1.157610 0.003147 1.409679 0.995514 0.146160 
1.319444 0.574552 0.718463 1.261813 1.138745 0.025605 1.159843 1.053040 0.136174 1.422690 0.568880 0.692022 1.358703 1.155467 0.004783 1.403018 1.008527 0.153439 
1.160522 1.067641 0.144667 1.341270 0.619319 0.742508 1.254405 1.147415 0.027966 1.359032 1.159811 0.006404 1.435117 0.618191 0.725898 1.401886 1.019511 0.166229 
1.161078 1.098008 0.147649 1.322688 0.646238 0.754264 1.250946 1.176612 0.030645 1.360359 1.189472 0.006218 1.425929 0.640087 0.731035 1.403067 1.045770 0.170527 
1.304289 0.667453 0.750098 1.257174 1.215212 0.031430 1.164719 1.133760 0.147081 1.416087 0.655043 0.717236 1.365796 1.227759 0.008240 1.407894 1.081830 0.167742 
1.310196 0.686919 0.736205 1.258907 1.245849 0.031708 1.163225 1.162969 0.147205 1.417233 0.673555 0.699193 1.363886 1.255712 0.010120 1.406434 1.111660 0.160971 
1.159209 1.184064 0.146912 1.328883 0.706051 0.718906 1.255261 1.264825 0.031751 1.358722 1.268847 0.012114 1.426695 0.694692 0.682069 1.401146 1.132456 0.153139 
1.160237 1.202255 0.145325 1.347508 0.723504 0.704589 1.255880 1.279259 0.032567 1.359024 1.279688 0.013680 1.436623 0.713792 0.668439 1.400667 1.149858 0.146655 
1.161860 1.215622 0.146511 1.357633 0.738985 0.702702 1.256284 1.289146 0.034489 1.359611 1.287401 0.014886 1.444645 0.728855 0.665246 1.401716 1.161974 0.144258 
1.164138 1.223159 0.152215 1.367176 0.753746 0.711964 1.257941 1.295548 0.036174 1.359788 1.293007 0.015150 1.454197 0.743259 0.675233 1.403812 1.168276 0.146824 
1.167072 1.227490 0.161030 1.376559 0.768049 0.726692 1.258404 1.300009 0.038481 1.360311 1.296015 0.016010 1.464951 0.757159 0.691054 1.406793 1.170554 0.153849 
1.170233 1.232068 0.170865 1.385390 0.781171 0.741983 1.260092 1.306358 0.040083 1.360867 1.301046 0.016820 1.475281 0.769972 0.707673 1.410077 1.173753 0.161462 
1.172054 1.237982 0.178989 1.392862 0.792455 0.752439 1.260885 1.313357 0.041544 1.359948 1.307111 0.017231 1.483408 0.780530 0.718046 1.411771 1.178251 0.166229 
1.172454 1.244057 0.184433 1.401900 0.802343 0.756094 1.259787 1.318764 0.043118 1.358031 1.310606 0.018223 1.490695 0.790054 0.721339 1.411568 1.182635 0.168266 
1.258742 1.322993 0.044563 1.173640 1.250448 0.186483 1.410049 0.811226 0.755991 1.495938 0.799096 0.721670 1.357936 1.313191 0.018644 1.411749 1.186278 0.169275 
1.256188 1.325295 0.045995 1.173796 1.255896 0.186544 1.413556 0.819039 0.756070 1.496857 0.807264 0.723134 1.391339 1.234981 0.169267 
1.254146 1.327179 0.046409 1.172421 1.260539 0.185705 1.406448 0.825948 0.759478 1.489670 0.813522 0.727557 1.389925 1.236359 0.170325 
1.253563 1.328888 0.045311 1.169755 1.264552 0.184065 1.390672 0.832527 0.765440 1.474799 0.818778 0.734765 1.387095 1.237549 0.171735 
1.252477 1.330846 0.043566 1.165683 1.269014 0.181139 1.367145 0.838867 0.772202 1.452956 0.823169 0.742847 1.356755 1.316766 0.016924 1.400172 1.190253 0.176850 
1.160110 1.273821 0.176216 1.337037 0.845944 0.778290 1.251609 1.332699 0.040593 1.355567 1.318955 0.014826 1.424943 0.828276 0.751355 1.393238 1.190927 0.178161 
1.153211 1.279699 0.169034 1.299809 0.854765 0.782749 1.250175 1.334870 0.036720 1.354266 1.321158 0.012474 1.389894 0.834762 0.758811 1.384287 1.192020 0.179042 
1.145316 1.287340 0.159688 1.253338 0.864355 0.784436 1.247065 1.338242 0.032578 1.353314 1.323006 0.010739 1.345664 0.840990 0.763325 1.373300 1.193425 0.180030 
1.136834 1.295239 0.149050 1.198042 0.875153 0.784227 1.244554 1.341497 0.027989 1.352445 1.324694 0.009284 1.293342 0.846958 0.765636 1.361010 1.194873 0.180452 
1.135718 0.887277 0.781373 1.243854 1.344014 0.022841 1.128453 1.302354 0.137617 1.351822 1.326155 0.007970 1.236091 0.852406 0.765256 1.348786 1.196544 0.179399 
1.243976 1.346130 0.017596 1.076071 0.898645 0.773676 1.120939 1.308540 0.125960 1.351371 1.327238 0.006948 1.180663 0.857212 0.760483 1.337093 1.197943 0.177596 
1.244685 1.347957 0.012371 1.114641 1.313655 0.114378 1.351070 1.328278 0.005943 1.326216 1.198942 0.175112 1.025170 0.907053 0.761405 1.131368 0.860922 0.751488 
0.981956 0.912216 0.745515 1.245486 1.349456 0.007366 1.109568 1.317771 0.102669 1.350943 1.329556 0.004703 1.331487 1.221767 0.113877 
0.943931 0.914690 0.727177 1.240551 1.349403 0.006281 1.350089 1.328651 0.005538 1.326296 1.221962 0.110905 0.855310 0.958087 0.731103 1.096704 1.307967 0.150353 
0.911611 0.916511 0.712218 1.230606 1.348161 0.008878 1.348975 1.325511 0.008683 1.321290 1.220023 0.110280 0.823784 0.958892 0.708715 1.092542 1.310861 0.140453 
0.885527 0.920196 0.705588 1.223123 1.347938 0.010689 1.348753 1.324817 0.010573 1.315952 1.216697 0.113245 0.799453 0.961999 0.697813 1.088967 1.312743 0.135851 
0.864443 0.925868 0.704037 1.219245 1.347531 0.012277 1.348332 1.323581 0.013906 1.310767 1.213815 0.118461 0.780064 0.967854 0.694640 1.085238 1.313504 0.135294 
0.847868 0.932547 0.704434 1.217863 1.347384 0.013684 1.347917 1.323005 0.017402 1.306628 1.212217 0.124177 0.764991 0.974509 0.693595 1.081827 1.314106 0.136310 
0.835862 0.939256 0.705650 1.217550 1.347149 0.014831 1.347481 1.322572 0.020468 1.303502 1.211492 0.129212 0.754088 0.981179 0.693828 1.078998 1.314507 0.137787 
0.827770 0.945542 0.707119 1.218227 1.346911 0.015877 1.347080 1.322616 0.022987 1.301678 1.211991 0.132946 0.746817 0.987597 0.695183 1.076946 1.315038 0.139018 
0.823032 0.951189 0.708355 1.219082 1.346664 0.016637 1.346719 1.322429 0.025012 1.301115 1.213307 0.135193 0.742760 0.993391 0.696809 1.075831 1.315675 0.139578 
0.821288 0.956443 0.709911 1.219302 1.346717 0.016972 1.346557 1.322376 0.025999 1.301230 1.214717 0.136408 0.741591 0.998764 0.699059 1.075509 1.316553 0.139814 
0.822362 0.961580 0.712651 1.219340 1.346641 0.017032 1.346296 1.321896 0.026512 1.301562 1.215943 0.137181 0.742967 1.004115 0.702766 1.075547 1.317299 0.140377 
0.825439 0.966680 0.716479 1.219537 1.346620 0.016902 1.346224 1.321651 0.026343 1.302085 1.216963 0.137718 0.746271 1.009456 0.707719 1.075928 1.318044 0.141367 
0.830169 0.971456 0.720945 1.220045 1.346632 0.016607 1.346226 1.321458 0.025789 1.302911 1.217929 0.138003 0.751200 1.014460 0.713394 1.076583 1.318706 0.142697 
0.836614 0.975468 0.725817 1.220990 1.346660 0.016170 1.346251 1.321275 0.025023 1.304075 1.218895 0.138058 0.757700 1.018718 0.719550 1.077477 1.319193 0.144333 
0.844627 0.978379 0.730954 1.222174 1.346645 0.015560 1.346274 1.320997 0.023994 1.305427 1.219651 0.137797 0.765622 1.021957 0.726169 1.078583 1.319418 0.146241 
0.854082 0.979833 0.736113 1.222789 1.346603 0.014626 1.346304 1.320622 0.022229 1.306719 1.219706 0.137165 0.774931 1.023540 0.732566 1.079899 1.319311 0.148151 
0.865188 0.979538 0.741095 1.223032 1.346754 0.013425 1.346617 1.320781 0.019496 1.308201 1.219293 0.136060 0.785820 1.023378 0.739087 1.081621 1.318956 0.150038 
0.878411 0.977115 0.745193 1.223782 1.346965 0.012165 1.346993 1.321321 0.016616 1.310417 1.219342 0.134064 0.798536 1.021245 0.745323 1.083787 1.318243 0.151704 
0.893575 0.972361 0.747894 1.224737 1.347320 0.010836 1.347419 1.322334 0.013589 1.313287 1.219868 0.131206 0.812865 1.016592 0.750189 1.086332 1.317147 0.152900 
0.911012 0.965974 0.749773 1.225917 1.347776 0.009453 1.347881 1.323618 0.010543 1.316463 1.220634 0.127978 0.828750 1.010369 0.754374 1.089163 1.315751 0.154006 
0.929495 0.958822 0.750748 1.227206 1.348219 0.008081 1.348188 1.324869 0.007670 1.319743 1.221670 0.124343 0.845375 1.003441 0.757910 1.092091 1.314197 0.154955 
0.947878 0.951628 0.750776 1.228573 1.348744 0.006645 1.348564 1.326226 0.004774 1.323166 1.222926 0.120370 0.862061 0.996390 0.760630 1.095177 1.312677 0.155598 
0.965776 0.944828 0.750216 1.229943 1.349279 0.005201 1.348819 1.327406 0.002126 1.326527 1.224390 0.116307 0.878433 0.989677 0.762809 1.098205 1.311226 0.156088 
0.984181 0.938300 0.749394 1.235392 1.347131 0.005167 1.348750 1.326869 0.002488 1.329950 1.226595 0.112623 0.894056 0.983797 0.765153 1.100778 1.308094 0.157098 
0.999598 0.933094 0.749109 1.240092 1.345057 0.005403 1.109793 1.317662 0.095941 1.348687 1.326569 0.002811 1.332262 1.227971 0.110240 
1.007009 0.930576 0.749757 1.242596 1.343893 0.005665 1.110245 1.316059 0.096906 1.348663 1.326439 0.002952 1.333521 1.228426 0.109371 
1.008375 0.930126 0.750771 1.243673 1.343431 0.005689 1.110188 1.315310 0.097588 1.348676 1.326564 0.002821 1.333698 1.228212 0.109538 
1.005435 0.930805 0.751129 1.244043 1.343302 0.005505 1.109781 1.315134 0.097580 1.348678 1.326621 0.002763 1.333345 1.227877 0.110031 
0.999447 0.932040 0.750899 1.244204 1.343272 0.005156 1.109084 1.315170 0.097081 1.348670 1.326637 0.002766 1.332663 1.227476 0.110667 
0.991584 0.933515 0.750396 1.243344 1.343446 0.004976 1.108378 1.315523 0.096318 1.348605 1.326279 0.003158 1.332051 1.227079 0.111502 
0.983395 0.935287 0.750454 1.241932 1.343616 0.004984 1.107695 1.315861 0.095870 1.348461 1.325797 0.003540 1.331405 1.226408 0.112605 
0.978720 0.936397 0.750771 1.239489 1.343541 0.004984 1.347689 1.325005 0.003537 1.329905 1.225232 0.113463 0.890215 0.982616 0.768442 1.098710 1.304007 0.158132 
0.976346 0.936760 0.750816 1.237831 1.343428 0.004985 1.346690 1.324494 0.003552 1.328549 1.224624 0.113763 0.887942 0.983022 0.768227 1.097547 1.304108 0.158058 
0.975288 0.936759 0.750710 1.237048 1.343368 0.004980 1.346084 1.324244 0.003606 1.327848 1.224421 0.113807 0.886890 0.983071 0.768080 1.096898 1.304111 0.158015 
0.975010 0.936724 0.750653 1.236787 1.343327 0.004978 1.345841 1.324122 0.003643 1.327584 1.224357 0.113793 0.886577 0.983071 0.768033 1.096659 1.304100 0.158002 
0.975121 0.936685 0.750641 1.236755 1.343305 0.004978 1.345794 1.324071 0.003661 1.327551 1.224352 0.113768 0.886646 0.983048 0.768041 1.096638 1.304085 0.158008 
0.975346 0.936613 0.750615 1.236749 1.343289 0.004976 1.345764 1.324051 0.003662 1.327534 1.224358 0.113732 0.886794 0.982992 0.768038 1.096639 1.304066 0.158013 
0.975498 0.936564 0.750602 1.236724 1.343283 0.004976 1.345744 1.324022 0.003671 1.327529 1.224361 0.113708 0.886900 0.982953 0.768043 1.096646 1.304057 0.158017 
0.975536 0.936545 0.750590 1.236727 1.343282 0.004974 1.345743 1.324023 0.003670 1.327530 1.224363 0.113700 0.886923 0.982937 0.768034 1.096649 1.304053 0.158014 
0.975557 0.936539 0.750587 1.236700 1.343256 0.004973 1.345683 1.323992 0.003668 1.327467 1.224345 0.113685 0.886918 0.982948 0.768045 1.096601 1.304044 0.158022 
0.975582 0.936537 0.750589 1.236653 1.343182 0.004965 1.345597 1.323842 0.003729 1.327396 1.224310 0.113667 0.886917 0.982963 0.768059 1.096540 1.303995 0.158033 
0.975597 0.936537 0.750590 1.236650 1.343169 0.004965 1.345568 1.323829 0.003726 1.327365 1.224302 0.113657 0.886916 0.982976 0.768070 1.096517 1.303993 0.158038 
0.975620 0.936532 0.750589 1.236631 1.343145 0.004964 1.345509 1.323806 0.003719 1.327302 1.224286 0.113638 0.886911 0.982992 0.768085 1.096470 1.303989 0.158045 
0.975644 0.936537 0.750592 1.236600 1.343110 0.004964 1.345422 1.323773 0.003708 1.327211 1.224264 0.113610 0.886903 0.983023 0.768108 1.096402 1.303983 0.158055 
0.975668 0.936543 0.750594 1.236576 1.343085 0.004963 1.345350 1.323750 0.003699 1.327137 1.224253 0.113583 0.886899 0.983053 0.768128 1.096347 1.303984 0.158061 
0.975674 0.936557 0.750604 1.236567 1.343058 0.004963 1.345282 1.323730 0.003691 1.327068 1.224244 0.113558 0.886880 0.983093 0.768159 1.096293 1.303985 0.158069 
0.975670 0.936582 0.750640 1.236377 1.343017 0.004947 1.345115 1.323573 0.003717 1.326924 1.224201 0.113513 0.886856 0.983156 0.768234 1.096178 1.303984 0.158086 
0.975611 0.936609 0.750636 1.236440 1.343005 0.004943 1.345115 1.323574 0.003722 1.326920 1.224211 0.113504 0.886796 0.983196 0.768228 1.096169 1.303990 0.158076 
0.975566 0.936602 0.750608 1.236597 1.342947 0.004926 1.345119 1.323557 0.003744 1.326900 1.224208 0.113500 0.886731 0.983199 0.768197 1.096146 1.303944 0.158067 
0.975577 0.936606 0.750618 1.236574 1.342924 0.004929 1.345059 1.323537 0.003738 1.326840 1.224196 0.113481 0.886724 0.983223 0.768224 1.096100 1.303942 0.158077 
0.975611 0.936620 0.750638 1.236541 1.342892 0.004933 1.344982 1.323503 0.003730 1.326763 1.224176 0.113459 0.886735 0.983259 0.768262 1.096044 1.303939 0.158093 
0.975601 0.936651 0.750687 1.236415 1.342836 0.004938 1.344801 1.323425 0.003717 1.326593 1.224140 0.113408 0.886693 0.983349 0.768377 1.095907 1.303941 0.158115 
0.975592 0.936686 0.750715 1.236388 1.342805 0.004942 1.344722 1.323386 0.003715 1.326520 1.224131 0.113375 0.886669 0.983415 0.768431 1.095850 1.303950 0.158122 
0.975579 0.936736 0.750781 1.236610 1.342599 0.004915 1.344652 1.323156 0.003826 1.326457 1.224073 0.113370 0.886635 0.983516 0.768546 1.095777 1.303802 0.158163 
0.975610 0.936747 0.750804 1.236642 1.342593 0.004920 1.344650 1.323149 0.003832 1.326463 1.224077 0.113367 0.886660 0.983546 0.768593 1.095783 1.303806 0.158178 
0.975614 0.936769 0.750843 1.236585 1.342554 0.004924 1.344538 1.323128 0.003799 1.326341 1.224043 0.113339 0.886631 0.983613 0.768676 1.095693 1.303810 0.158196 
0.975605 0.936796 0.750876 1.236515 1.342521 0.004927 1.344434 1.323104 0.003766 1.326222 1.224006 0.113312 0.886594 0.983679 0.768741 1.095608 1.303821 0.158209 
0.975620 0.936807 0.750893 1.236482 1.342505 0.004930 1.344382 1.323087 0.003753 1.326165 1.223991 0.113294 0.886592 0.983710 0.768775 1.095571 1.303828 0.158217 
0.975634 0.936817 0.750910 1.236451 1.342489 0.004933 1.344329 1.323071 0.003741 1.326107 1.223973 0.113279 0.886587 0.983742 0.768811 1.095533 1.303834 0.158228 
0.975635 0.936834 0.750930 1.236471 1.342484 0.004935 1.344322 1.323062 0.003748 1.326107 1.223979 0.113276 0.886589 0.983771 0.768842 1.095530 1.303840 0.158237 
0.975679 0.936858 0.750956 1.236143 1.342425 0.004928 1.344047 1.322868 0.003759 1.325830 1.223890 0.113228 0.886552 0.983855 0.768913 1.095327 1.303849 0.158262 
0.975522 0.936960 0.751056 1.236072 1.342372 0.004925 1.343916 1.322799 0.003753 1.325674 1.223832 0.113242 0.886382 0.984006 0.769033 1.095198 1.303858 0.158288 
0.975364 0.937068 0.751148 1.236057 1.342354 0.004929 1.343864 1.322797 0.003729 1.325592 1.223795 0.113269 0.886232 0.984149 0.769135 1.095133 1.303887 0.158308 
0.975313 0.937105 0.751176 1.236027 1.342338 0.004932 1.343812 1.322783 0.003716 1.325522 1.223771 0.113268 0.886171 0.984212 0.769177 1.095084 1.303900 0.158319 
0.975280 0.937139 0.751203 1.235888 1.342314 0.004934 1.343703 1.322706 0.003718 1.325399 1.223721 0.113264 0.886118 0.984275 0.769224 1.094996 1.303911 0.158339 
0.975169 0.937232 0.751275 1.235953 1.342263 0.004926 1.343624 1.322700 0.003700 1.325279 1.223688 0.113282 0.885982 0.984418 0.769323 1.094899 1.303912 0.158366 
0.975114 0.937300 0.751326 1.235894 1.342248 0.004930 1.343553 1.322655 0.003707 1.325210 1.223675 0.113276 0.885932 0.984512 0.769393 1.094844 1.303934 0.158381 
0.975095 0.937354 0.751355 1.235826 1.342217 0.004933 1.343473 1.322614 0.003692 1.325108 1.223636 0.113267 0.885901 0.984591 0.769440 1.094778 1.303943 0.158398 
0.975011 0.937423 0.751414 1.235822 1.342222 0.004935 1.343451 1.322638 0.003667 1.325058 1.223615 0.113296 0.885808 0.984685 0.769504 1.094743 1.303973 0.158417 
0.974989 0.937449 0.751428 1.235808 1.342216 0.004937 1.343424 1.322627 0.003664 1.325022 1.223604 0.113297 0.885783 0.984724 0.769525 1.094719 1.303983 0.158425 
0.974905 0.937514 0.751482 1.235763 1.342204 0.004939 1.343373 1.322609 0.003653 1.324942 1.223565 0.113323 0.885695 0.984811 0.769584 1.094661 1.304000 0.158450 
0.974771 0.937617 0.751568 1.235654 1.342173 0.004940 1.343272 1.322552 0.003641 1.324797 1.223492 0.113361 0.885557 0.984944 0.769672 1.094558 1.304016 0.158486 
0.974611 0.937749 0.751664 1.235631 1.342173 0.004942 1.343238 1.322549 0.003629 1.324724 1.223458 0.113412 0.885410 0.985103 0.769766 1.094504 1.304056 0.158515 
0.974471 0.937883 0.751751 1.235471 1.342087 0.004938 1.343082 1.322410 0.003622 1.324519 1.223340 0.113441 0.885250 0.985279 0.769857 1.094356 1.304046 0.158552 
0.974294 0.938040 0.751864 1.235321 1.342067 0.004935 1.342990 1.322285 0.003663 1.324411 1.223284 0.113488 0.885099 0.985463 0.769972 1.094271 1.304076 0.158587 
0.973995 0.938214 0.751964 1.235033 1.342017 0.004933 1.342759 1.322228 0.003566 1.324085 1.223133 0.113515 0.884795 0.985703 0.770099 1.094037 1.304125 0.158617 
0.973563 0.938433 0.752082 1.234891 1.341999 0.004931 1.342617 1.322212 0.003516 1.323854 1.223040 0.113581 0.884401 0.985978 0.770224 1.093854 1.304191 0.158641 
0.973010 0.938724 0.752252 1.234742 1.341988 0.004932 1.342489 1.322195 0.003469 1.323626 1.222931 0.113686 0.883938 0.986310 0.770377 1.093670 1.304269 0.158683 
0.972725 0.938946 0.752373 1.234597 1.341986 0.004934 1.342375 1.322164 0.003439 1.323435 1.222855 0.113750 0.883684 0.986569 0.770491 1.093536 1.304342 0.158725 
0.972513 0.939143 0.752460 1.234500 1.341988 0.004937 1.342293 1.322141 0.003416 1.323299 1.222810 0.113785 0.883499 0.986800 0.770580 1.093445 1.304413 0.158751 
0.972415 0.939272 0.752496 1.234348 1.341987 0.004939 1.342165 1.322128 0.003364 1.323118 1.222764 0.113775 0.883388 0.986971 0.770638 1.093331 1.304479 0.158763 
0.972305 0.939381 0.752546 1.234282 1.341989 0.004941 1.342115 1.322115 0.003347 1.323035 1.222736 0.113792 0.883289 0.987098 0.770685 1.093278 1.304523 0.158776 
0.971954 0.939576 0.752623 1.234085 1.341987 0.004942 1.341939 1.322075 0.003310 1.322775 1.222653 0.113831 0.882959 0.987351 0.770776 1.093086 1.304607 0.158802 
0.971586 0.939826 0.752766 1.233974 1.341988 0.004944 1.341843 1.322058 0.003280 1.322603 1.222580 0.113911 0.882642 0.987639 0.770909 1.092956 1.304686 0.158840 
0.971435 0.939971 0.752807 1.233895 1.342001 0.004944 1.341771 1.322036 0.003268 1.322488 1.222557 0.113924 0.882495 0.987828 0.770968 1.092882 1.304757 0.158853 
