1.457581 0.384451 0.003508 1.674527 0.395713 0.004777 1.452946 0.521083 0.003409 1.666773 0.533495 0.004659 
1.457583 0.384451 0.003646 1.674530 0.395712 0.004796 1.452948 0.521083 0.003556 1.666776 0.533494 0.004689 
1.457785 0.384276 0.003136 1.674720 0.395637 0.005156 1.453090 0.520906 0.002774 1.666906 0.533415 0.004761 
1.457621 0.384112 0.003566 1.674561 0.395477 0.004905 1.452924 0.520741 0.002872 1.666745 0.533254 0.004186 
1.457705 0.384093 0.003430 1.674641 0.395512 0.004911 1.452974 0.520721 0.002800 1.666791 0.533287 0.004255 
1.457708 0.384091 0.003572 1.674644 0.395509 0.004911 1.452977 0.520719 0.003008 1.666795 0.533285 0.004323 
1.457751 0.384111 0.003545 1.674686 0.395556 0.004907 1.453002 0.520738 0.003140 1.666818 0.533331 0.004479 
1.457933 0.384229 0.002969 1.674860 0.395756 0.004929 1.453130 0.520855 0.003040 1.666937 0.533528 0.004973 
1.457892 0.384258 0.003153 1.674821 0.395781 0.004800 1.453090 0.520884 0.003326 1.666900 0.533554 0.004951 
1.457803 0.384343 0.003317 1.674733 0.395918 0.004335 1.452967 0.520967 0.003871 1.666777 0.533687 0.004880 
1.457799 0.384345 0.003454 1.674729 0.395941 0.004335 1.452950 0.520968 0.004042 1.666760 0.533710 0.004916 
1.457842 0.384548 0.003073 1.674769 0.396192 0.004102 1.452960 0.521166 0.004234 1.666767 0.533955 0.005260 
1.457717 0.384561 0.003238 1.674741 0.394142 0.004775 1.454126 0.521212 0.005139 1.668041 0.531966 0.006673 
1.457674 0.384457 0.003394 1.674784 0.391877 0.004767 1.455439 0.521118 0.006306 1.669452 0.529743 0.007687 
1.457668 0.384438 0.003536 1.674831 0.390118 0.004784 1.456529 0.521103 0.006892 1.670604 0.528012 0.008155 
1.457668 0.384443 0.003665 1.674834 0.390065 0.004797 1.456568 0.521112 0.006868 1.670646 0.527964 0.008014 
1.457672 0.384462 0.003863 1.674838 0.390088 0.004803 1.456574 0.521144 0.006464 1.670653 0.527999 0.007416 
1.457670 0.384478 0.004071 1.674841 0.389929 0.005020 1.456683 0.521164 0.006471 1.670767 0.527848 0.007430 
1.457674 0.384440 0.004146 1.674877 0.388462 0.004969 1.457584 0.521104 0.007694 1.671708 0.526379 0.008539 
1.457676 0.384456 0.004218 1.674879 0.388479 0.004963 1.457588 0.521132 0.007306 1.671712 0.526408 0.008070 
1.457677 0.384464 0.004282 1.674880 0.388488 0.004958 1.457590 0.521145 0.007133 1.671715 0.526422 0.007828 
1.457771 0.384586 0.004348 1.674963 0.389176 0.004955 1.457327 0.521247 0.008024 1.671437 0.527082 0.008657 
1.672362 0.527265 0.010057 1.452257 0.174032 0.022010 1.458264 0.520995 0.009223 1.683470 0.285555 0.030934 1.569808 0.104236 0.021879 
1.672396 0.527319 0.008447 1.458554 0.175957 0.020067 1.458297 0.521055 0.008310 1.689150 0.289005 0.024762 1.576522 0.106869 0.020421 
1.672395 0.527401 0.007000 1.462140 0.180772 0.015999 1.692194 0.294907 0.021005 1.580435 0.112244 0.016335 1.458296 0.521134 0.006887 1.459007 0.384440 0.004878 
1.672394 0.527441 0.006155 1.461855 0.188074 0.012773 1.691814 0.302348 0.018834 1.580208 0.119647 0.012340 1.458295 0.521174 0.006059 1.459006 0.384470 0.004880 
1.672394 0.527452 0.005912 1.459871 0.194054 0.010814 1.458295 0.521185 0.005825 1.689894 0.308160 0.017564 1.578191 0.125583 0.009463 
1.672394 0.527446 0.006054 1.457915 0.196430 0.009807 1.458295 0.521178 0.005970 1.688080 0.310229 0.016932 1.576154 0.127831 0.007921 
1.672394 0.527425 0.006523 1.456729 0.195586 0.009526 1.458295 0.521157 0.006438 1.686991 0.309179 0.016814 1.574910 0.126892 0.007484 
1.672395 0.527396 0.007110 1.456134 0.192820 0.009724 1.458295 0.521128 0.007022 1.686491 0.306218 0.017027 1.574257 0.124024 0.007725 
1.672395 0.527362 0.007725 1.455768 0.189211 0.010169 1.458296 0.521095 0.007635 1.686213 0.302435 0.017373 1.573836 0.120318 0.008295 
1.672396 0.527329 0.008299 1.455704 0.185927 0.010468 1.458297 0.521061 0.008205 1.686234 0.298977 0.017681 1.573719 0.116938 0.008753 
1.672397 0.527297 0.008800 1.455916 0.183889 0.010349 1.458298 0.521031 0.008703 1.686488 0.296839 0.017799 1.573902 0.114850 0.008720 
1.672398 0.527269 0.009221 1.456179 0.183462 0.009805 1.458299 0.521003 0.009120 1.686755 0.296373 0.017710 1.574161 0.114417 0.008105 
1.672398 0.527243 0.009606 1.456277 0.183702 0.009099 1.458299 0.520977 0.009503 1.686843 0.296600 0.017462 1.574263 0.114669 0.007224 
1.672399 0.527216 0.009981 1.456318 0.184224 0.008306 1.458300 0.520951 0.009875 1.686873 0.297111 0.017125 1.574311 0.115209 0.006208 
1.672400 0.527188 0.010370 1.456341 0.184774 0.007503 1.458300 0.520922 0.010261 1.686884 0.297648 0.016762 1.574340 0.115778 0.005155 
1.672401 0.527151 0.010845 1.456328 0.184816 0.007419 1.458301 0.520886 0.010734 1.686843 0.297766 0.016457 1.574347 0.115857 0.004989 
1.672402 0.527100 0.011472 1.456320 0.184792 0.007519 1.458302 0.520836 0.011358 1.686821 0.297768 0.016575 1.574349 0.115852 0.004986 
1.672403 0.527050 0.012061 1.456317 0.184778 0.007597 1.458304 0.520786 0.011944 1.686814 0.297757 0.016736 1.574349 0.115847 0.004983 
1.672404 0.527006 0.012558 1.456319 0.184766 0.007624 1.458305 0.520741 0.012439 1.686819 0.297727 0.016905 1.574348 0.115831 0.004993 
1.672405 0.526969 0.012959 1.456322 0.184768 0.007638 1.458306 0.520705 0.012838 1.686827 0.297710 0.017034 1.574347 0.115828 0.004989 
1.672405 0.526940 0.013264 1.456325 0.184773 0.007626 1.458306 0.520676 0.013141 1.686835 0.297692 0.017150 1.574346 0.115825 0.004984 
1.672406 0.526921 0.013460 1.456327 0.184778 0.007614 1.458307 0.520657 0.013336 1.686842 0.297679 0.017243 1.574344 0.115823 0.004980 
1.672406 0.526914 0.013540 1.456348 0.184786 0.007517 1.458307 0.520650 0.013414 1.686871 0.297652 0.017379 1.574358 0.115818 0.004921 
1.672405 0.526913 0.013552 1.456346 0.184787 0.007493 1.458306 0.520649 0.013424 1.686868 0.297649 0.017424 1.574357 0.115817 0.004925 
1.672405 0.526915 0.013533 1.456345 0.184788 0.007462 1.458306 0.520651 0.013404 1.686864 0.297651 0.017430 1.574356 0.115818 0.004929 
1.672405 0.526919 0.013498 1.456347 0.184763 0.007436 1.458306 0.520654 0.013368 1.686865 0.297625 0.017422 1.574357 0.115789 0.004967 
1.672405 0.526924 0.013449 1.456346 0.184755 0.007407 1.458306 0.520659 0.013319 1.686866 0.297617 0.017372 1.574355 0.115778 0.004983 
1.672405 0.526929 0.013393 1.456348 0.184762 0.007376 1.458306 0.520665 0.013262 1.686873 0.297619 0.017301 1.574355 0.115779 0.004982 
1.672405 0.526935 0.013331 1.456353 0.184763 0.007358 1.458305 0.520671 0.013200 1.686884 0.297607 0.017271 1.574355 0.115772 0.004992 
1.672404 0.526942 0.013265 1.456358 0.184773 0.007343 1.458305 0.520677 0.013135 1.686898 0.297602 0.017230 1.574355 0.115772 0.004992 
1.672404 0.526948 0.013198 1.456364 0.184784 0.007334 1.458305 0.520684 0.013069 1.686914 0.297596 0.017174 1.574355 0.115773 0.004991 
1.672404 0.526955 0.013129 1.456371 0.184796 0.007328 1.458305 0.520690 0.013002 1.686931 0.297592 0.017100 1.574356 0.115774 0.004991 
1.672404 0.526961 0.013060 1.456378 0.184807 0.007323 1.458305 0.520696 0.012935 1.686949 0.297588 0.017022 1.574356 0.115775 0.004990 
1.672404 0.526968 0.012989 1.456384 0.184820 0.007317 1.458305 0.520703 0.012867 1.686966 0.297583 0.016957 1.574357 0.115777 0.004989 
1.672404 0.526974 0.012920 1.456391 0.184829 0.007309 1.458305 0.520709 0.012801 1.686983 0.297576 0.016914 1.574357 0.115776 0.004991 
1.672404 0.526980 0.012856 1.456396 0.184835 0.007304 1.458305 0.520715 0.012739 1.686997 0.297564 0.016887 1.574357 0.115772 0.004995 
1.672404 0.526986 0.012798 1.456401 0.184844 0.007298 1.458305 0.520720 0.012683 1.687011 0.297557 0.016871 1.574357 0.115772 0.004995 
1.672404 0.526990 0.012748 1.456406 0.184848 0.007296 1.458305 0.520725 0.012636 1.687023 0.297546 0.016858 1.574357 0.115768 0.004998 
1.672404 0.526994 0.012710 1.456410 0.184841 0.007296 1.458305 0.520728 0.012600 1.687033 0.297528 0.016843 1.574358 0.115755 0.004997 
1.672404 0.526996 0.012683 1.456413 0.184795 0.007296 1.458305 0.520730 0.012575 1.687041 0.297473 0.016825 1.574358 0.115704 0.004997 
1.672404 0.526998 0.012668 1.456409 0.184797 0.007293 1.458305 0.520732 0.012562 1.687041 0.297468 0.016813 1.574351 0.115703 0.004965 
1.672404 0.526998 0.012665 1.456410 0.184790 0.007312 1.458305 0.520732 0.012559 1.687045 0.297460 0.016800 1.574352 0.115696 0.004970 
1.672404 0.526998 0.012666 1.456408 0.184780 0.007331 1.458305 0.520732 0.012561 1.687039 0.297460 0.016784 1.574353 0.115690 0.004971 
1.672404 0.526998 0.012666 1.456405 0.184768 0.007348 1.458305 0.520732 0.012563 1.687031 0.297460 0.016769 1.574353 0.115685 0.004973 
1.672404 0.526998 0.012668 1.456403 0.184746 0.007362 1.458305 0.520732 0.012564 1.687024 0.297450 0.016751 1.574354 0.115668 0.004974 
1.672404 0.526998 0.012668 1.456401 0.184733 0.007374 1.458305 0.520731 0.012566 1.687020 0.297444 0.016738 1.574354 0.115659 0.004975 
1.672404 0.526998 0.012669 1.456401 0.184727 0.007383 1.458305 0.520731 0.012566 1.687019 0.297441 0.016730 1.574355 0.115655 0.004976 
1.672404 0.526998 0.012669 1.456401 0.184722 0.007390 1.458305 0.520731 0.012567 1.687020 0.297436 0.016724 1.574355 0.115650 0.004976 
1.672404 0.526998 0.012669 1.456402 0.184719 0.007395 1.458305 0.520731 0.012567 1.687020 0.297434 0.016719 1.574355 0.115647 0.004977 
1.672404 0.526998 0.012669 1.456401 0.184717 0.007400 1.458305 0.520731 0.012568 1.687019 0.297434 0.016715 1.574355 0.115646 0.004978 
1.672404 0.526999 0.012669 1.456401 0.184715 0.007404 1.458305 0.520731 0.012568 1.687017 0.297435 0.016713 1.574355 0.115646 0.004978 
1.672404 0.526999 0.012668 1.456400 0.184714 0.007406 1.458304 0.520731 0.012568 1.687017 0.297435 0.016711 1.574355 0.115645 0.004979 
1.672404 0.526999 0.012668 1.456400 0.184713 0.007408 1.458304 0.520731 0.012568 1.687016 0.297435 0.016709 1.574355 0.115645 0.004979 
1.672403 0.526999 0.012668 1.456400 0.184713 0.007410 1.458304 0.520731 0.012568 1.687016 0.297436 0.016709 1.574355 0.115645 0.004980 
1.672403 0.526999 0.012668 1.456400 0.184712 0.007411 1.458304 0.520731 0.012567 1.687015 0.297436 0.016708 1.574355 0.115645 0.004980 
1.672403 0.526999 0.012668 1.456400 0.184705 0.007414 1.458304 0.520732 0.012567 1.687015 0.297429 0.016711 1.574356 0.115638 0.004987 
1.672403 0.526999 0.012668 1.456399 0.184705 0.007415 1.458304 0.520731 0.012568 1.687014 0.297429 0.016710 1.574356 0.115638 0.004987 
1.672403 0.526999 0.012668 1.456399 0.184704 0.007416 1.458304 0.520731 0.012568 1.687014 0.297430 0.016709 1.574356 0.115637 0.004987 
1.672403 0.527000 0.012669 1.456399 0.184703 0.007418 1.458304 0.520731 0.012568 1.687013 0.297430 0.016707 1.574356 0.115637 0.004986 
1.672403 0.527000 0.012670 1.456399 0.184703 0.007421 1.458304 0.520731 0.012569 1.687013 0.297430 0.016705 1.574356 0.115637 0.004986 
1.672403 0.527000 0.012671 1.456399 0.184702 0.007426 1.458304 0.520731 0.012570 1.687013 0.297430 0.016702 1.574356 0.115637 0.004986 
1.672403 0.527000 0.012673 1.456399 0.184702 0.007431 1.458304 0.520731 0.012572 1.687014 0.297430 0.016700 1.574356 0.115637 0.004986 
1.672403 0.526999 0.012676 1.456400 0.184702 0.007439 1.458304 0.520731 0.012575 1.687015 0.297429 0.016696 1.574356 0.115636 0.004986 
1.672403 0.526999 0.012679 1.456400 0.184702 0.007448 1.458304 0.520730 0.012578 1.687016 0.297429 0.016692 1.574357 0.115636 0.004986 
1.672403 0.526999 0.012683 1.456401 0.184702 0.007458 1.458304 0.520730 0.012582 1.687018 0.297428 0.016687 1.574357 0.115636 0.004986 
1.672403 0.526998 0.012693 1.456402 0.184701 0.007471 1.458304 0.520729 0.012591 1.687020 0.297426 0.016682 1.574357 0.115635 0.004985 
1.672403 0.526997 0.012712 1.456403 0.184700 0.007486 1.458304 0.520728 0.012610 1.687023 0.297424 0.016678 1.574358 0.115634 0.004985 
1.672403 0.526995 0.012736 1.456404 0.184699 0.007503 1.458303 0.520725 0.012633 1.687025 0.297422 0.016674 1.574358 0.115633 0.004985 
1.672403 0.526992 0.012762 1.456405 0.184699 0.007522 1.458303 0.520723 0.012660 1.687029 0.297419 0.016669 1.574359 0.115631 0.004985 
1.672403 0.526990 0.012790 1.456407 0.184698 0.007543 1.458303 0.520721 0.012687 1.687032 0.297416 0.016663 1.574360 0.115630 0.004985 
1.672403 0.526987 0.012819 1.456409 0.184698 0.007565 1.458303 0.520718 0.012716 1.687036 0.297413 0.016657 1.574360 0.115629 0.004985 
1.672403 0.526985 0.012849 1.456410 0.184698 0.007590 1.458303 0.520715 0.012745 1.687041 0.297411 0.016650 1.574361 0.115628 0.004985 
1.672403 0.526982 0.012879 1.456412 0.184699 0.007616 1.458303 0.520712 0.012776 1.687045 0.297409 0.016642 1.574362 0.115628 0.004985 
1.672403 0.526979 0.012911 1.456414 0.184699 0.007643 1.458303 0.520709 0.012807 1.687050 0.297407 0.016633 1.574363 0.115627 0.004985 
1.672403 0.526975 0.012954 1.456417 0.184683 0.007682 1.458303 0.520705 0.012850 1.687056 0.297387 0.016645 1.574364 0.115610 0.004996 
1.672403 0.526973 0.012984 1.456418 0.184679 0.007714 1.458304 0.520703 0.012880 1.687058 0.297383 0.016641 1.574365 0.115607 0.004995 
1.672403 0.526971 0.013009 1.456418 0.184675 0.007744 1.458303 0.520700 0.012905 1.687057 0.297385 0.016625 1.574366 0.115607 0.004994 
1.672403 0.526968 0.013035 1.456417 0.184670 0.007774 1.458303 0.520698 0.012931 1.687053 0.297389 0.016607 1.574367 0.115606 0.004993 
1.672403 0.526966 0.013060 1.456416 0.184664 0.007804 1.458303 0.520696 0.012956 1.687049 0.297392 0.016589 1.574369 0.115606 0.004992 
1.672403 0.526964 0.013085 1.456415 0.184659 0.007835 1.458303 0.520693 0.012981 1.687047 0.297395 0.016575 1.574370 0.115606 0.004991 
1.672403 0.526961 0.013117 1.456416 0.184651 0.007871 1.458303 0.520690 0.013013 1.687048 0.297388 0.016579 1.574371 0.115598 0.004996 
1.672403 0.526959 0.013138 1.456415 0.184645 0.007900 1.458303 0.520688 0.013034 1.687045 0.297390 0.016568 1.574372 0.115598 0.004994 
1.672403 0.526957 0.013158 1.456413 0.184639 0.007929 1.458303 0.520686 0.013054 1.687039 0.297395 0.016551 1.574373 0.115597 0.004993 
1.672403 0.526955 0.013180 1.456411 0.184632 0.007958 1.458303 0.520684 0.013077 1.687034 0.297399 0.016538 1.574374 0.115597 0.004992 
1.672403 0.526953 0.013202 1.456410 0.184627 0.007986 1.458303 0.520682 0.013099 1.687030 0.297403 0.016527 1.574375 0.115596 0.004992 
1.672402 0.526952 0.013223 1.456409 0.184622 0.008014 1.458303 0.520680 0.013121 1.687027 0.297405 0.016519 1.574376 0.115596 0.004991 
1.672402 0.526950 0.013245 1.456409 0.184618 0.008042 1.458303 0.520678 0.013143 1.687024 0.297407 0.016511 1.574377 0.115595 0.004990 
1.672402 0.526948 0.013267 1.456409 0.184614 0.008069 1.458303 0.520676 0.013165 1.687024 0.297408 0.016502 1.574378 0.115595 0.004990 
1.672402 0.526946 0.013289 1.456410 0.184613 0.008095 1.458303 0.520674 0.013187 1.687025 0.297407 0.016495 1.574378 0.115594 0.004989 
1.672402 0.526943 0.013314 1.456412 0.184610 0.008124 1.458303 0.520671 0.013213 1.687031 0.297400 0.016496 1.574379 0.115590 0.004991 
1.672402 0.526942 0.013332 1.456414 0.184610 0.008145 1.458303 0.520669 0.013231 1.687035 0.297398 0.016487 1.574380 0.115589 0.004991 
1.672402 0.526940 0.013355 1.456416 0.184607 0.008171 1.458303 0.520667 0.013254 1.687039 0.297392 0.016489 1.574381 0.115585 0.004993 
1.672402 0.526939 0.013370 1.456417 0.184606 0.008191 1.458303 0.520666 0.013269 1.687041 0.297391 0.016482 1.574381 0.115585 0.004992 
1.672402 0.526937 0.013390 1.456418 0.184602 0.008213 1.458303 0.520664 0.013289 1.687044 0.297385 0.016484 1.574382 0.115580 0.004995 
1.672402 0.526936 0.013403 1.456419 0.184601 0.008231 1.458303 0.520662 0.013302 1.687046 0.297384 0.016481 1.574383 0.115580 0.004994 
1.672402 0.526934 0.013421 1.456420 0.184596 0.008251 1.458303 0.520661 0.013321 1.687048 0.297378 0.016485 1.574383 0.115575 0.004996 
1.672402 0.526933 0.013433 1.456421 0.184596 0.008267 1.458303 0.520659 0.013333 1.687050 0.297376 0.016485 1.574384 0.115574 0.004995 
1.672402 0.526932 0.013450 1.456422 0.184592 0.008285 1.458303 0.520658 0.013351 1.687052 0.297370 0.016492 1.574384 0.115570 0.004998 
1.672402 0.526931 0.013461 1.456423 0.184591 0.008297 1.458303 0.520657 0.013361 1.687054 0.297369 0.016493 1.574384 0.115569 0.004996 
1.672402 0.526929 0.013480 1.456407 0.184606 0.008291 1.458303 0.520655 0.013380 1.687042 0.297377 0.016493 1.574367 0.115584 0.004931 
1.672402 0.526928 0.013490 1.456408 0.184606 0.008303 1.458303 0.520654 0.013391 1.687043 0.297376 0.016493 1.574367 0.115584 0.004936 
1.672402 0.526927 0.013501 1.456409 0.184607 0.008313 1.458303 0.520653 0.013402 1.687044 0.297376 0.016493 1.574368 0.115584 0.004940 
1.672402 0.526927 0.013511 1.456409 0.184606 0.008322 1.458303 0.520652 0.013412 1.687045 0.297375 0.016494 1.574368 0.115584 0.004944 
1.672402 0.526926 0.013522 1.456409 0.184606 0.008331 1.458303 0.520651 0.013423 1.687046 0.297374 0.016495 1.574368 0.115583 0.004948 
1.672402 0.526925 0.013535 1.456410 0.184606 0.008341 1.458303 0.520649 0.013436 1.687047 0.297374 0.016496 1.574368 0.115583 0.004951 
1.672402 0.526923 0.013548 1.456410 0.184604 0.008352 1.458303 0.520648 0.013449 1.687048 0.297372 0.016498 1.574368 0.115582 0.004955 
1.672401 0.526922 0.013563 1.456410 0.184599 0.008363 1.458303 0.520647 0.013463 1.687048 0.297366 0.016502 1.574368 0.115576 0.004957 
1.672401 0.526921 0.013580 1.456411 0.184590 0.008374 1.458302 0.520645 0.013481 1.687049 0.297357 0.016509 1.574369 0.115568 0.004960 
1.672401 0.526919 0.013599 1.456411 0.184581 0.008385 1.458302 0.520643 0.013499 1.687050 0.297347 0.016516 1.574369 0.115558 0.004962 
1.672401 0.526917 0.013619 1.456411 0.184569 0.008395 1.458302 0.520641 0.013519 1.687050 0.297336 0.016521 1.574369 0.115547 0.004964 
1.672401 0.526915 0.013641 1.456412 0.184557 0.008406 1.458302 0.520639 0.013541 1.687051 0.297323 0.016526 1.574369 0.115535 0.004966 
1.672401 0.526913 0.013663 1.456412 0.184544 0.008417 1.458302 0.520637 0.013563 1.687052 0.297310 0.016531 1.574369 0.115522 0.004968 
1.672401 0.526911 0.013686 1.456412 0.184530 0.008427 1.458302 0.520635 0.013585 1.687052 0.297296 0.016534 1.574370 0.115508 0.004969 
1.672401 0.526909 0.013710 1.456413 0.184515 0.008438 1.458302 0.520632 0.013609 1.687053 0.297281 0.016538 1.574370 0.115494 0.004971 
1.672401 0.526907 0.013734 1.456413 0.184500 0.008450 1.458302 0.520630 0.013632 1.687053 0.297266 0.016540 1.574370 0.115480 0.004972 
1.672401 0.526905 0.013758 1.456413 0.184486 0.008461 1.458302 0.520627 0.013656 1.687054 0.297252 0.016543 1.574370 0.115465 0.004973 
1.672401 0.526902 0.013782 1.456414 0.184472 0.008473 1.458302 0.520625 0.013680 1.687055 0.297237 0.016545 1.574371 0.115451 0.004974 
1.672401 0.526900 0.013804 1.456414 0.184459 0.008485 1.458302 0.520623 0.013702 1.687056 0.297224 0.016549 1.574371 0.115439 0.004975 
1.672401 0.526898 0.013827 1.456415 0.184449 0.008498 1.458302 0.520621 0.013724 1.687058 0.297212 0.016554 1.574371 0.115428 0.004976 
1.672401 0.526896 0.013849 1.456416 0.184439 0.008510 1.458302 0.520619 0.013746 1.687060 0.297201 0.016559 1.574371 0.115418 0.004976 
1.672401 0.526894 0.013870 1.456417 0.184429 0.008523 1.458302 0.520616 0.013767 1.687061 0.297190 0.016565 1.574372 0.115408 0.004977 
1.672401 0.526892 0.013891 1.456418 0.184420 0.008537 1.458302 0.520614 0.013788 1.687063 0.297179 0.016570 1.574372 0.115399 0.004978 
1.672401 0.526890 0.013911 1.456419 0.184412 0.008550 1.458302 0.520612 0.013808 1.687065 0.297169 0.016574 1.574372 0.115390 0.004978 
1.672401 0.526889 0.013931 1.456419 0.184403 0.008564 1.458302 0.520610 0.013827 1.687068 0.297159 0.016577 1.574373 0.115382 0.004979 
1.672401 0.526887 0.013950 1.456421 0.184396 0.008578 1.458302 0.520609 0.013846 1.687070 0.297150 0.016580 1.574373 0.115374 0.004979 
1.672401 0.526885 0.013967 1.456422 0.184389 0.008593 1.458302 0.520607 0.013864 1.687072 0.297141 0.016583 1.574373 0.115367 0.004979 
1.672401 0.526884 0.013984 1.456423 0.184384 0.008607 1.458302 0.520605 0.013881 1.687075 0.297134 0.016586 1.574374 0.115360 0.004980 
1.672401 0.526882 0.014000 1.456424 0.184379 0.008622 1.458302 0.520603 0.013897 1.687077 0.297127 0.016589 1.574374 0.115355 0.004980 
1.672401 0.526881 0.014016 1.456425 0.184375 0.008636 1.458302 0.520602 0.013912 1.687080 0.297121 0.016593 1.574374 0.115351 0.004980 
1.672401 0.526879 0.014031 1.456426 0.184372 0.008650 1.458302 0.520600 0.013927 1.687083 0.297115 0.016597 1.574375 0.115347 0.004981 
1.672400 0.526878 0.014045 1.456427 0.184369 0.008664 1.458302 0.520599 0.013941 1.687085 0.297110 0.016601 1.574375 0.115343 0.004981 
1.672400 0.526877 0.014059 1.456428 0.184366 0.008678 1.458302 0.520598 0.013955 1.687088 0.297105 0.016606 1.574376 0.115340 0.004981 
1.672400 0.526876 0.014072 1.456429 0.184364 0.008691 1.458302 0.520596 0.013969 1.687090 0.297100 0.016611 1.574376 0.115337 0.004981 
1.672400 0.526875 0.014086 1.456431 0.184362 0.008704 1.458302 0.520595 0.013982 1.687093 0.297096 0.016615 1.574376 0.115334 0.004981 
1.672400 0.526873 0.014099 1.456432 0.184359 0.008717 1.458302 0.520594 0.013995 1.687095 0.297091 0.016620 1.574376 0.115331 0.004981 
1.672400 0.526872 0.014112 1.456432 0.184356 0.008729 1.458301 0.520592 0.014009 1.687097 0.297086 0.016624 1.574377 0.115327 0.004982 
1.672400 0.526871 0.014126 1.456433 0.184352 0.008740 1.458301 0.520591 0.014023 1.687099 0.297081 0.016629 1.574377 0.115323 0.004982 
1.672400 0.526870 0.014140 1.456434 0.184349 0.008752 1.458301 0.520589 0.014037 1.687101 0.297076 0.016633 1.574377 0.115319 0.004982 
1.672400 0.526869 0.014154 1.456435 0.184344 0.008762 1.458301 0.520588 0.014051 1.687103 0.297070 0.016637 1.574377 0.115315 0.004982 
1.672400 0.526867 0.014169 1.456435 0.184339 0.008772 1.458301 0.520586 0.014066 1.687104 0.297063 0.016641 1.574378 0.115309 0.004982 
1.672400 0.526866 0.014184 1.456436 0.184333 0.008782 1.458301 0.520585 0.014081 1.687105 0.297056 0.016645 1.574378 0.115303 0.004982 
1.672400 0.526864 0.014199 1.456437 0.184326 0.008791 1.458301 0.520583 0.014096 1.687106 0.297049 0.016649 1.574378 0.115296 0.004982 
1.672400 0.526863 0.014214 1.456437 0.184320 0.008800 1.458301 0.520582 0.014111 1.687107 0.297042 0.016655 1.574378 0.115290 0.004982 
1.672400 0.526862 0.014230 1.456437 0.184315 0.008807 1.458301 0.520580 0.014127 1.687108 0.297035 0.016662 1.574378 0.115284 0.004982 
1.672400 0.526860 0.014245 1.456438 0.184309 0.008814 1.458301 0.520578 0.014142 1.687109 0.297028 0.016670 1.574378 0.115279 0.004983 
1.672400 0.526859 0.014261 1.456438 0.184303 0.008821 1.458301 0.520577 0.014158 1.687110 0.297021 0.016679 1.574378 0.115272 0.004983 
1.672400 0.526857 0.014278 1.456438 0.184296 0.008827 1.458301 0.520575 0.014174 1.687110 0.297013 0.016688 1.574378 0.115266 0.004983 
1.672400 0.526856 0.014294 1.456438 0.184289 0.008833 1.458301 0.520573 0.014191 1.687111 0.297006 0.016697 1.574378 0.115259 0.004983 
1.672400 0.526854 0.014311 1.456439 0.184282 0.008838 1.458301 0.520572 0.014208 1.687111 0.296998 0.016707 1.574378 0.115252 0.004983 
1.672399 0.526853 0.014328 1.456439 0.184274 0.008843 1.458301 0.520570 0.014225 1.687111 0.296989 0.016716 1.574378 0.115244 0.004983 
1.672399 0.526851 0.014345 1.456439 0.184266 0.008847 1.458301 0.520568 0.014242 1.687111 0.296981 0.016726 1.574378 0.115236 0.004983 
1.672399 0.526850 0.014363 1.456439 0.184258 0.008851 1.458301 0.520566 0.014259 1.687112 0.296972 0.016736 1.574378 0.115228 0.004983 
1.672399 0.526848 0.014380 1.456439 0.184250 0.008855 1.458301 0.520564 0.014276 1.687111 0.296963 0.016746 1.574378 0.115220 0.004983 
1.672399 0.526846 0.014398 1.456438 0.184242 0.008858 1.458300 0.520563 0.014294 1.687111 0.296955 0.016757 1.574378 0.115212 0.004983 
1.672399 0.526845 0.014415 1.456438 0.184234 0.008862 1.458300 0.520561 0.014311 1.687111 0.296946 0.016767 1.574378 0.115204 0.004983 
1.672399 0.526843 0.014433 1.456438 0.184225 0.008865 1.458300 0.520559 0.014328 1.687111 0.296937 0.016777 1.574378 0.115196 0.004983 
1.672399 0.526842 0.014450 1.456438 0.184217 0.008868 1.458300 0.520557 0.014345 1.687111 0.296929 0.016788 1.574378 0.115188 0.004983 
1.672399 0.526840 0.014466 1.456438 0.184206 0.008871 1.458300 0.520556 0.014361 1.687111 0.296917 0.016798 1.574378 0.115178 0.004983 
1.672399 0.526838 0.014483 1.456438 0.184183 0.008875 1.458300 0.520554 0.014378 1.687112 0.296893 0.016809 1.574378 0.115154 0.004983 
1.672399 0.526837 0.014500 1.456439 0.184143 0.008879 1.458300 0.520552 0.014395 1.687113 0.296850 0.016821 1.574378 0.115113 0.004983 
1.672399 0.526835 0.014519 1.456440 0.184085 0.008884 1.458300 0.520550 0.014414 1.687115 0.296788 0.016835 1.574378 0.115054 0.004983 
1.672399 0.526833 0.014541 1.456440 0.184021 0.008888 1.458300 0.520548 0.014435 1.687118 0.296721 0.016848 1.574377 0.114989 0.004983 
1.672399 0.526831 0.014564 1.456441 0.183975 0.008892 1.458300 0.520545 0.014458 1.687119 0.296672 0.016859 1.574377 0.114942 0.004983 
1.672398 0.526829 0.014586 1.456441 0.183959 0.008897 1.458300 0.520543 0.014479 1.687119 0.296656 0.016869 1.574377 0.114926 0.004983 
1.672398 0.526827 0.014608 1.456441 0.183947 0.008902 1.458300 0.520541 0.014502 1.687119 0.296644 0.016879 1.574377 0.114914 0.004983 
1.672398 0.526824 0.014633 1.456441 0.183933 0.008907 1.458300 0.520538 0.014526 1.687119 0.296630 0.016890 1.574377 0.114901 0.004983 
1.672398 0.526822 0.014658 1.456441 0.183918 0.008913 1.458300 0.520535 0.014551 1.687119 0.296614 0.016899 1.574377 0.114886 0.004983 
1.672398 0.526819 0.014682 1.456441 0.183897 0.008918 1.458300 0.520533 0.014574 1.687119 0.296593 0.016907 1.574377 0.114865 0.004983 
1.672398 0.526817 0.014704 1.456441 0.183872 0.008924 1.458300 0.520531 0.014596 1.687119 0.296568 0.016913 1.574377 0.114841 0.004983 
1.672398 0.526815 0.014725 1.456441 0.183849 0.008929 1.458300 0.520528 0.014617 1.687120 0.296544 0.016918 1.574377 0.114818 0.004983 
1.672398 0.526813 0.014745 1.456441 0.183830 0.008935 1.458300 0.520526 0.014636 1.687119 0.296526 0.016923 1.574377 0.114799 0.004982 
1.672398 0.526812 0.014763 1.456441 0.183815 0.008941 1.458300 0.520524 0.014655 1.687119 0.296512 0.016928 1.574378 0.114786 0.004982 
1.672398 0.526810 0.014780 1.456440 0.183804 0.008948 1.458299 0.520523 0.014671 1.687118 0.296503 0.016931 1.574378 0.114776 0.004982 
1.672398 0.526809 0.014795 1.456440 0.183794 0.008955 1.458299 0.520521 0.014687 1.687117 0.296494 0.016933 1.574378 0.114767 0.004982 
1.672398 0.526807 0.014809 1.456440 0.183781 0.008963 1.458299 0.520519 0.014700 1.687116 0.296483 0.016935 1.574378 0.114755 0.004982 
1.672398 0.526806 0.014823 1.456440 0.183758 0.008971 1.458299 0.520518 0.014714 1.687115 0.296461 0.016937 1.574378 0.114733 0.004982 
1.672398 0.526805 0.014836 1.456439 0.183721 0.008979 1.458299 0.520517 0.014727 1.687114 0.296425 0.016942 1.574378 0.114697 0.004982 
1.672397 0.526804 0.014849 1.456439 0.183673 0.008989 1.458299 0.520515 0.014740 1.687114 0.296379 0.016950 1.574378 0.114650 0.004982 
