0.669300 -0.742992 0.001016 0.740069 0.672525 -0.002738 -0.744169 -0.667986 0.002732 -0.685702 0.727882 -0.000955 
0.669306 -0.742986 0.000634 0.740063 0.672532 -0.002866 -0.744162 -0.667993 0.002862 -0.685708 0.727877 -0.000570 
0.669306 -0.742987 0.000542 0.740063 0.672532 -0.002563 -0.744163 -0.667993 0.002560 -0.685707 0.727877 -0.000485 
0.669306 -0.742987 0.000455 0.740064 0.672533 -0.002292 -0.744163 -0.667994 0.002289 -0.685707 0.727877 -0.000404 
0.669242 -0.743044 0.000935 0.740117 0.672461 -0.004835 -0.744216 -0.667921 0.004829 -0.685644 0.727936 -0.000827 
0.669236 -0.743050 0.000700 0.740123 0.672457 -0.004387 -0.744222 -0.667917 0.004382 -0.685639 0.727942 -0.000602 
0.669276 -0.743011 0.002103 0.740088 0.672491 -0.005084 -0.744188 -0.667951 0.005072 -0.685678 0.727902 -0.001989 
0.669387 -0.742912 0.001738 0.739984 0.672598 -0.005896 -0.744084 -0.668060 0.005886 -0.685787 0.727800 -0.001607 
0.669387 -0.742913 0.001535 0.739986 0.672601 -0.005312 -0.744086 -0.668063 0.005303 -0.685787 0.727801 -0.001416 
0.669377 -0.742922 0.001240 0.739995 0.672594 -0.004874 -0.744095 -0.668056 0.004867 -0.685777 0.727811 -0.001132 
0.669377 -0.742922 0.001046 0.739996 0.672597 -0.004369 -0.744096 -0.668058 0.004363 -0.685777 0.727811 -0.000949 
0.669468 -0.742839 0.001503 0.739917 0.672691 -0.003023 -0.744017 -0.668154 0.003014 -0.685867 0.727726 -0.001436 
0.669465 -0.742843 0.000962 0.739921 0.672692 -0.001663 -0.744021 -0.668154 0.001657 -0.685863 0.727730 -0.000925 
0.670034 -0.742331 -0.000100 0.739406 0.673260 0.000449 -0.743510 -0.668725 -0.000449 -0.686421 0.727205 0.000090 
0.670034 -0.742331 -0.000089 0.739406 0.673260 0.000404 -0.743509 -0.668725 -0.000403 -0.686420 0.727205 0.000080 
0.669989 -0.742370 -0.001046 0.739444 0.673212 0.002841 -0.743548 -0.668677 -0.002834 -0.686377 0.727245 0.000983 
0.669833 -0.742510 -0.001765 0.739587 0.673061 0.000104 -0.743689 -0.668525 -0.000093 -0.686224 0.727388 0.001762 
0.669833 -0.742510 -0.001578 0.739587 0.673061 0.000109 -0.743689 -0.668525 -0.000099 -0.686224 0.727388 0.001575 
0.669988 -0.742364 0.003481 0.739427 0.673223 0.004243 -0.743531 -0.668688 -0.004265 -0.686375 0.727239 -0.003575 
0.669978 -0.742375 0.003019 0.739439 0.673212 0.003957 -0.743543 -0.668677 -0.003975 -0.686366 0.727250 -0.003107 
0.669844 -0.742486 0.004812 0.739530 0.673088 0.006911 -0.743633 -0.668552 -0.006940 -0.686234 0.727364 -0.004966 
0.669892 -0.742439 0.005318 0.739497 0.673140 0.005152 -0.743600 -0.668605 -0.005185 -0.686281 0.727316 -0.005432 
0.669815 -0.742517 0.004014 0.739577 0.673055 0.004845 -0.743679 -0.668519 -0.004869 -0.686206 0.727395 -0.004121 
0.669818 -0.742516 0.003635 0.739579 0.673055 0.004387 -0.743682 -0.668519 -0.004409 -0.686209 0.727395 -0.003732 
0.669820 -0.742516 0.003292 0.739581 0.673056 0.003973 -0.743684 -0.668520 -0.003993 -0.686211 0.727395 -0.003380 
0.669822 -0.742516 0.002986 0.739583 0.673056 0.003599 -0.743685 -0.668520 -0.003617 -0.686213 0.727395 -0.003066 
0.669849 -0.742496 0.001692 0.739561 0.673076 0.004180 -0.743664 -0.668540 -0.004190 -0.686239 0.727374 -0.001785 
0.669849 -0.742496 0.001533 0.739563 0.673077 0.003780 -0.743666 -0.668541 -0.003789 -0.686240 0.727374 -0.001617 
0.669850 -0.742495 0.001394 0.739564 0.673078 0.003418 -0.743667 -0.668542 -0.003426 -0.686240 0.727373 -0.001470 
0.669850 -0.742495 0.001266 0.739565 0.673078 0.003088 -0.743668 -0.668542 -0.003096 -0.686241 0.727373 -0.001335 
0.669851 -0.742495 0.001151 0.739566 0.673078 0.002789 -0.743669 -0.668543 -0.002796 -0.686242 0.727373 -0.001213 
0.670147 -0.742221 0.003152 0.739291 0.673381 0.002710 -0.743395 -0.668847 -0.002729 -0.686532 0.727093 -0.003212 
0.670199 -0.742176 0.002872 0.739246 0.673431 0.002431 -0.743351 -0.668897 -0.002448 -0.686582 0.727046 -0.002926 
0.670240 -0.742143 0.001318 0.739211 0.673466 0.003358 -0.743316 -0.668932 -0.003367 -0.686622 0.727013 -0.001393 
0.670240 -0.742143 0.001217 0.739212 0.673466 0.003042 -0.743317 -0.668932 -0.003050 -0.686623 0.727013 -0.001285 
0.670277 -0.742105 0.002966 0.739167 0.673509 0.004098 -0.743273 -0.668976 -0.004116 -0.686659 0.726973 -0.003057 
0.670393 -0.741993 0.004368 0.739068 0.673629 0.001514 -0.743174 -0.669096 -0.001540 -0.686773 0.726859 -0.004401 
0.670492 -0.741892 0.006070 0.738984 0.673721 -0.001667 -0.743091 -0.669189 0.001630 -0.686870 0.726756 -0.006032 
0.670495 -0.741894 0.005492 0.738982 0.673723 -0.001538 -0.743089 -0.669191 0.001504 -0.686872 0.726758 -0.005457 
0.670516 -0.741878 0.004963 0.738964 0.673743 -0.001400 -0.743071 -0.669211 0.001369 -0.686893 0.726742 -0.004931 
0.670702 -0.741717 0.003761 0.738792 0.673933 0.000887 -0.742900 -0.669402 -0.000910 -0.687076 0.726576 -0.003780 
0.670427 -0.741971 0.002490 0.739048 0.673652 -0.001128 -0.743154 -0.669119 0.001113 -0.686806 0.726836 -0.002464 
0.669479 -0.742808 0.005818 0.739899 0.672718 -0.000179 -0.743999 -0.668180 0.000144 -0.685877 0.727695 -0.005813 
0.669244 -0.743025 0.005124 0.740112 0.672483 0.000104 -0.744211 -0.667944 -0.000136 -0.685647 0.727916 -0.005125 
0.669223 -0.743047 0.004681 0.740133 0.672460 0.000123 -0.744232 -0.667921 -0.000152 -0.685626 0.727939 -0.004684 
0.669404 -0.742879 0.005428 0.739967 0.672643 0.000175 -0.744067 -0.668105 -0.000208 -0.685803 0.727767 -0.005431 
0.669406 -0.742880 0.004939 0.739966 0.672645 0.000423 -0.744066 -0.668106 -0.000453 -0.685805 0.727768 -0.004947 
0.670507 -0.741887 0.004907 0.738961 0.673746 0.001927 -0.743068 -0.669214 -0.001957 -0.686884 0.726750 -0.004950 
0.673251 -0.739391 0.005825 0.736398 0.676488 0.009026 -0.740522 -0.671971 -0.009062 -0.689571 0.724193 -0.006026 
0.670188 -0.742172 0.005429 0.739136 0.673415 0.013806 -0.743241 -0.668881 -0.013839 -0.686568 0.727043 -0.005736 
0.668757 -0.743464 0.005082 0.740377 0.671959 0.017668 -0.744474 -0.667417 -0.017699 -0.685165 0.728367 -0.005475 
0.668927 -0.743313 0.004753 0.740231 0.672125 0.017509 -0.744328 -0.667584 -0.017539 -0.685333 0.728212 -0.005142 
0.671078 -0.741372 0.004541 0.738259 0.674251 0.018977 -0.742369 -0.669722 -0.019005 -0.687440 0.726225 -0.004964 
0.685704 -0.727866 0.004630 0.724626 0.688778 0.022380 -0.728826 -0.684332 -0.022408 -0.701759 0.712396 -0.005128 
0.687523 0.725251 0.036372 0.722590 -0.691258 0.005043 -0.737812 0.674980 -0.005854 -0.691948 -0.721029 -0.036403 
0.646768 0.760147 0.062199 0.758379 -0.651748 0.009231 -0.772687 0.634699 -0.010617 -0.651411 -0.756167 -0.062256 
0.592730 0.799717 0.095521 0.799473 -0.600373 0.019906 -0.812569 0.582448 -0.022033 -0.597624 -0.796051 -0.095644 
0.537380 0.833128 0.130847 0.834048 -0.549994 0.043251 -0.845905 0.531332 -0.046162 -0.542486 -0.829770 -0.131113 
0.472685 0.865194 0.167355 0.866481 -0.493272 0.076773 -0.876890 0.473903 -0.080493 -0.477988 -0.862184 -0.167826 
0.982695 -0.076511 -0.168691 -0.895156 0.428278 -0.123587 0.414555 0.885331 0.210553 0.688254 0.724237 0.042263 -0.105326 -0.981837 -0.157808 -0.748570 -0.662729 0.020824 
0.979156 -0.067605 -0.191530 -0.898321 0.410709 -0.156008 0.377898 0.885523 0.270262 0.681455 0.729066 0.063885 -0.099192 -0.983588 -0.150720 -0.736547 -0.676369 -0.004899 
0.979544 -0.078843 -0.185142 -0.888181 0.429932 -0.162153 0.379961 0.865906 0.325326 0.659898 0.746238 0.087542 -0.107147 -0.984608 -0.138083 -0.724078 -0.688112 -0.047042 
0.982891 -0.077286 -0.167189 -0.884547 0.437937 -0.160584 0.378699 0.854392 0.355812 0.635674 0.764853 0.104489 -0.101490 -0.986280 -0.130197 -0.708352 -0.701473 -0.078570 
0.988076 -0.052668 -0.144676 -0.894149 0.418308 -0.159736 0.362633 0.864832 0.347221 0.607102 0.786554 0.112960 -0.073202 -0.989109 -0.127694 -0.686632 -0.721468 -0.089557 
0.992594 -0.014619 -0.120596 -0.909786 0.386046 -0.152504 0.342200 0.884854 0.316122 0.572647 0.812171 0.111597 -0.031451 -0.991778 -0.124043 -0.660410 -0.745823 -0.087216 
0.995213 0.032656 -0.092113 -0.927532 0.346864 -0.139178 0.316800 0.906887 0.277838 0.525947 0.844065 0.104567 0.019942 -0.992882 -0.117419 -0.625560 -0.775883 -0.081727 
0.994272 0.085813 -0.063709 -0.944203 0.305841 -0.122234 0.286914 0.925664 0.246629 0.464906 0.880427 0.093333 0.077057 -0.991458 -0.105227 -0.580168 -0.810711 -0.078443 
0.988908 0.144562 -0.034112 -0.959314 0.262926 -0.102891 0.252694 0.941309 0.223791 0.389636 0.917751 0.076915 0.139283 -0.986170 -0.089831 -0.523823 -0.848340 -0.076995 
0.978282 0.207152 -0.007240 -0.972428 0.219514 -0.078719 0.217523 0.954691 0.203097 0.298993 0.952509 0.057708 0.204413 -0.976320 -0.070819 -0.456630 -0.886421 -0.075815 
0.963918 0.266191 -0.001854 -0.983019 0.176747 -0.049336 0.182895 0.966278 0.181263 0.198988 0.979239 0.038672 0.264101 -0.963299 -0.048016 -0.382619 -0.921328 -0.068971 
0.131921 0.986492 0.097111 0.932770 0.360441 -0.004790 -0.990189 0.138287 0.020085 0.358555 -0.933128 -0.026656 -0.316815 -0.943725 -0.094927 
0.094208 0.990662 0.098558 0.895748 0.444552 -0.002948 -0.990505 0.135417 0.023723 0.442970 -0.896535 -0.001761 -0.270920 -0.957357 -0.100348 
0.047895 0.991765 0.118781 0.865789 0.500406 -0.001597 -0.996153 0.087586 -0.002639 0.498862 -0.866599 0.011899 -0.218190 -0.968810 -0.117470 
-0.010766 0.992186 0.124306 0.848208 0.529512 -0.012675 -0.999701 0.009737 -0.022431 0.528084 -0.848331 0.038239 -0.158204 -0.979785 -0.122446 
0.847410 0.530641 -0.017765 -0.987225 -0.157172 -0.026132 -0.141447 0.982564 0.120668 -0.072507 0.990763 0.114595 0.528944 -0.845614 0.071804 -0.079455 -0.989022 -0.124591 
0.825886 0.562715 -0.035552 -0.972060 -0.234717 -0.002645 -0.217176 0.975463 0.036160 -0.159280 0.980200 0.117636 0.561894 -0.821897 0.093593 -0.001936 -0.994543 -0.104307 
0.791742 0.609143 -0.045715 -0.951332 -0.306766 0.029349 -0.290483 0.956385 -0.030795 -0.239554 0.966220 0.095039 0.608952 -0.786880 0.099987 0.072419 -0.994918 -0.069957 
0.744086 0.664994 -0.064179 -0.926912 -0.373328 0.038220 -0.358245 0.932142 -0.052649 -0.291552 0.955466 0.045623 0.666606 -0.739485 0.093800 0.129998 -0.991295 -0.020854 
0.689152 0.719412 -0.086692 -0.903968 -0.427500 0.009275 -0.411259 0.910835 -0.035288 -0.309997 0.950677 -0.010684 0.723397 -0.685039 0.086130 0.161942 -0.986388 0.028509 
0.659257 0.742731 -0.117181 -0.891215 -0.453570 0.003019 -0.437031 0.897935 -0.052123 -0.312020 0.950041 -0.008076 0.750755 -0.652478 0.103146 0.172383 -0.984200 0.040416 
0.640890 0.755579 -0.135497 -0.882860 -0.469607 0.005201 -0.452051 0.887026 -0.093991 -0.324449 0.945900 -0.002532 0.766470 -0.630508 0.122406 0.185779 -0.981168 0.052879 
0.621693 0.767684 -0.155431 -0.868694 -0.495291 0.007591 -0.474955 0.866941 -0.151100 -0.335529 0.942019 0.004595 0.782103 -0.608140 0.135942 0.200106 -0.977103 0.072297 
0.597941 0.781692 -0.177268 -0.847626 -0.530368 0.015479 -0.506299 0.836928 -0.207876 -0.349864 0.936770 0.007524 0.800401 -0.581236 0.146706 0.219946 -0.970823 0.095533 
0.570881 0.796895 -0.197621 -0.827063 -0.561210 0.031793 -0.534249 0.804627 -0.259139 -0.377418 0.926040 0.002324 0.819821 -0.549974 0.159444 0.249185 -0.961027 0.119721 
0.541447 0.811612 -0.219366 -0.805495 -0.590277 0.052455 -0.562354 0.771303 -0.298078 -0.412845 0.910647 -0.016757 0.839270 -0.514710 0.175214 0.284985 -0.947144 0.147318 
0.510417 0.824707 -0.243582 -0.784175 -0.615739 0.077031 -0.589728 0.739619 -0.324321 -0.452660 0.890360 -0.048555 0.857958 -0.476241 0.192619 0.324271 -0.929101 0.177819 
0.479783 0.835040 -0.269288 -0.764164 -0.636737 0.103053 -0.614911 0.710915 -0.341298 -0.493529 0.865089 -0.089723 0.874558 -0.436440 0.211351 0.363884 -0.907351 0.210483 
0.451285 0.841306 -0.297567 -0.745373 -0.653945 0.129520 -0.637900 0.684710 -0.352499 -0.530553 0.836529 -0.136868 0.888421 -0.397380 0.229777 0.400130 -0.882944 0.245574 
0.425981 0.843023 -0.328408 -0.727597 -0.668040 0.155967 -0.658890 0.660400 -0.360189 -0.560776 0.806536 -0.187166 0.899559 -0.360628 0.246457 0.430764 -0.857014 0.282788 
0.405051 0.841836 -0.356715 -0.708662 -0.683053 0.176740 -0.678000 0.633007 -0.373655 -0.583415 0.780193 -0.225667 0.907571 -0.327326 0.263006 0.455314 -0.832673 0.315190 
0.374556 0.846702 -0.377894 -0.686770 -0.699260 0.198451 -0.698322 0.601315 -0.388287 -0.613976 0.751440 -0.241602 0.918817 -0.288171 0.269690 0.486544 -0.807993 0.332298 
0.337173 0.852762 -0.398888 -0.660049 -0.718523 0.219228 -0.720964 0.564733 -0.401606 -0.647737 0.721737 -0.243992 0.931599 -0.244670 0.268811 0.521361 -0.781900 0.341783 
0.296975 0.857374 -0.420376 -0.629677 -0.738647 0.240639 -0.743993 0.523079 -0.415768 -0.680140 0.692747 -0.239814 0.943855 -0.200100 0.262865 0.555683 -0.754697 0.348783 
0.257619 0.858610 -0.443195 -0.598571 -0.756161 0.264449 -0.765389 0.479478 -0.429279 -0.709711 0.663435 -0.236988 0.954152 -0.156695 0.255031 0.587712 -0.725991 0.357117 
0.219014 0.854743 -0.470583 -0.565322 -0.771461 0.291991 -0.786722 0.433381 -0.439601 -0.735177 0.633405 -0.241480 0.962744 -0.113660 0.245366 0.616835 -0.694439 0.370499 
0.180335 0.845474 -0.502646 -0.529290 -0.784520 0.323079 -0.808449 0.384960 -0.445215 -0.758475 0.599846 -0.254755 0.969524 -0.069143 0.235039 0.644733 -0.658168 0.388761 
0.140004 0.829805 -0.540206 -0.491132 -0.793599 0.359151 -0.829955 0.334069 -0.446736 -0.781718 0.559915 -0.274612 0.974600 -0.021431 0.222925 0.672901 -0.615337 0.410566 
0.100325 0.808180 -0.580327 -0.454291 -0.795368 0.401260 -0.849454 0.283099 -0.445289 -0.806016 0.512870 -0.295470 0.977474 0.026804 0.209346 0.701598 -0.567083 0.431482 
0.058011 0.770344 -0.634984 -0.440994 -0.770855 0.459681 -0.857233 0.242950 -0.454011 -0.834938 0.449703 -0.317247 0.979560 0.077094 0.185792 0.730094 -0.508384 0.456627 
0.042686 0.711672 -0.701214 -0.418745 -0.737232 0.530228 0.741346 -0.456500 0.491950 0.979954 0.105353 0.169090 -0.841770 0.410134 -0.351019 -0.869342 0.189997 -0.456230 
0.038591 0.651723 -0.757475 -0.408645 -0.691353 0.595852 0.746633 -0.414409 0.520389 0.981314 0.116858 0.152863 -0.844415 0.379622 -0.377956 -0.876784 0.150597 -0.456695 
0.035129 0.584962 -0.810300 -0.847342 0.345603 -0.403200 0.752219 -0.369502 0.545559 0.982805 0.125537 0.135407 -0.398765 -0.634544 0.662073 -0.884584 0.111736 -0.452798 
0.024354 0.511571 -0.858896 -0.852902 0.307071 -0.422214 0.760330 -0.318724 0.565962 0.984071 0.137958 0.112124 -0.385695 -0.574053 0.722290 -0.892201 0.069149 -0.446314 
0.010923 0.438611 -0.898611 -0.865268 0.248080 -0.435623 0.775823 -0.255575 0.576870 0.982459 0.161724 0.092840 -0.362917 -0.506725 0.781998 -0.902485 0.017626 -0.430360 
-0.011414 0.386784 -0.922100 -0.892555 0.154972 -0.423472 0.802472 -0.181510 0.568413 0.973184 0.215563 0.080283 -0.357320 -0.437218 0.825326 -0.901720 -0.035362 -0.430871 
-0.048540 0.324317 -0.944702 -0.907139 0.087350 -0.411666 0.821380 -0.106242 0.560399 0.962339 0.268189 0.044487 -0.320527 -0.397342 0.859873 -0.905243 -0.111736 -0.409940 
-0.093533 0.284535 -0.954092 -0.920892 0.071181 -0.383263 0.838568 -0.065723 0.540819 0.957334 0.288924 -0.005840 -0.270802 -0.380368 0.884300 -0.909400 -0.178624 -0.375613 
-0.138905 0.273066 -0.951914 -0.939663 0.061914 -0.336452 0.861561 -0.045715 0.505592 0.952077 0.301652 -0.050547 -0.230658 -0.362516 0.902984 -0.912364 -0.223815 -0.342780 
-0.189192 0.268602 -0.944489 -0.957366 0.049181 -0.284659 0.885586 -0.029705 0.463524 0.942799 0.319174 -0.096220 -0.188089 -0.358340 0.914448 -0.917492 -0.252538 -0.307300 
-0.239058 0.264027 -0.934420 -0.970799 0.024818 -0.238607 0.906738 -0.008220 0.421614 0.929419 0.341707 -0.139342 -0.140561 -0.361636 0.921663 -0.923944 -0.273322 -0.267624 
-0.289251 0.258994 -0.921551 -0.980198 -0.003553 -0.197990 0.924694 0.014507 0.380436 0.912831 0.365607 -0.181852 -0.087593 -0.371531 0.924279 -0.931760 -0.286585 -0.222916 
-0.336591 0.255621 -0.906292 -0.986678 -0.031573 -0.159594 0.939861 0.034524 0.339807 0.894766 0.388059 -0.220915 -0.036631 -0.384889 0.922235 -0.939680 -0.291759 -0.178546 
-0.378074 0.253062 -0.890517 -0.990521 -0.060151 -0.123492 0.952068 0.053424 0.301186 0.876438 0.409171 -0.253843 0.007563 -0.394490 0.918869 -0.945432 -0.294972 -0.138385 
0.858063 0.428365 -0.283252 -0.414870 0.248062 -0.875413 0.046631 -0.398413 0.916020 0.961266 0.073033 0.265772 -0.948514 -0.299942 -0.101761 -0.991930 -0.088688 -0.090602 
0.840797 0.444173 -0.309470 -0.445864 0.239035 -0.862594 0.081257 -0.396880 0.914267 0.967751 0.091601 0.234663 -0.949253 -0.306961 -0.068511 -0.991671 -0.113123 -0.061583 
0.824843 0.454795 -0.335849 -0.474277 0.228449 -0.850219 0.114392 -0.392057 0.912801 0.972915 0.105565 0.205650 -0.946927 -0.319184 -0.038083 -0.991405 -0.126750 -0.032420 
0.819987 0.459796 -0.340894 0.973304 0.109502 0.201715 -0.988793 0.148600 -0.014340 -0.481209 0.226496 -0.846840 -0.146749 -0.975905 0.161473 0.875519 -0.457345 0.155891 
0.822345 0.457382 -0.338454 0.972434 0.108788 0.206244 -0.476672 0.224184 -0.850015 -0.134203 -0.985393 0.104836 0.869936 -0.467598 0.156726 -0.990422 0.136849 0.018329 -0.987391 0.157327 -0.017538 
0.824775 0.453056 -0.338359 0.972400 0.104767 0.208476 -0.474848 0.225169 -0.850775 -0.123482 -0.990695 0.057230 0.863612 -0.478578 0.158551 -0.992144 0.124420 0.013065 -0.985638 0.167899 -0.018090 
0.826404 0.450103 -0.338325 0.972575 0.101246 0.209396 -0.473975 0.226785 -0.850833 -0.107730 -0.994096 0.012969 0.856334 -0.490572 0.161344 -0.994177 0.107752 0.001098 -0.983825 0.178199 -0.018249 
0.827317 0.448312 -0.338471 0.972685 0.099272 0.209832 -0.473580 0.227661 -0.850819 -0.096764 -0.995304 -0.002665 0.853919 -0.494542 0.162019 -0.995304 0.096760 0.002843 -0.983104 0.182131 -0.018321 
0.827438 0.448172 -0.338360 0.972759 0.098776 0.209720 -0.473535 0.228042 -0.850742 -0.096448 -0.995328 -0.004412 0.853722 -0.494875 0.162042 -0.995334 0.096437 0.003107 -0.983025 0.182560 -0.018283 
0.827381 0.448245 -0.338403 0.972826 0.098627 0.209482 -0.473719 0.228343 -0.850559 -0.096686 -0.995303 -0.004881 0.853688 -0.494941 0.162018 -0.995312 0.096671 0.002887 -0.983020 0.182596 -0.018156 
0.827317 0.448324 -0.338454 0.972900 0.098402 0.209244 -0.473913 0.228638 -0.850371 -0.094897 -0.995408 -0.012572 0.852730 -0.496556 0.162122 -0.995486 0.094858 0.003030 -0.982793 0.183825 -0.018045 
0.827246 0.448409 -0.338516 0.972973 0.098256 0.208971 -0.474133 0.228968 -0.850160 -0.093515 -0.995506 -0.014934 0.852520 -0.496948 0.162029 -0.995613 0.093462 0.004390 -0.982731 0.184168 -0.017923 
0.827156 0.448557 -0.338540 0.973061 0.098074 0.208649 -0.474371 0.229372 -0.849918 -0.092147 -0.995508 -0.021742 0.851755 -0.498255 0.162037 -0.995740 0.092057 0.005210 -0.982542 0.185188 -0.017788 
0.825099 0.449002 -0.342942 0.973568 0.100970 0.204864 -0.479197 0.229630 -0.847137 -0.090428 -0.995676 -0.021249 0.850039 -0.501215 0.161916 -0.995900 0.090364 0.004084 -0.982470 0.185723 -0.016137 
0.819981 0.452284 -0.350815 0.973619 0.110425 0.199682 -0.487112 0.224606 -0.843963 -0.096455 -0.995292 -0.009535 0.847335 -0.505750 0.161990 -0.995325 0.096496 -0.004192 -0.982746 0.184430 -0.013969 
0.818268 0.454842 -0.351507 0.971349 0.120967 0.204566 -0.484200 0.210988 -0.849137 -0.103942 -0.994492 0.013473 0.845429 -0.508507 0.163311 -0.994462 0.103713 -0.017017 -0.983180 0.181879 -0.016669 
0.820137 0.452178 -0.350586 0.968282 0.129385 0.213749 -0.475368 0.192753 -0.858412 -0.111400 -0.992855 0.042760 0.844809 -0.508431 0.166723 -0.993424 0.110109 -0.031393 -0.983416 0.180049 -0.021792 
0.822829 0.445657 -0.352621 0.966119 0.134522 0.220270 -0.468195 0.175214 -0.866080 -0.119195 -0.989861 0.077245 0.845365 -0.505722 0.172058 -0.992198 0.115886 -0.045978 -0.983462 0.179176 -0.026423 
0.824235 0.436937 -0.360171 0.965215 0.137963 0.222097 -0.466556 0.158834 -0.870114 -0.128408 -0.984386 0.120397 0.846545 -0.501471 0.178573 -0.990638 0.121645 -0.061964 -0.983438 0.178838 -0.029428 
0.823927 0.428062 -0.371359 0.965669 0.141096 0.218120 -0.469121 0.142770 -0.871517 -0.142988 -0.974554 0.172626 0.847448 -0.496718 0.187359 -0.987922 0.130012 -0.084303 -0.983482 0.178343 -0.030934 
0.821797 0.419971 -0.385064 0.966812 0.145799 0.209804 -0.474103 0.124332 -0.871647 -0.163687 -0.958523 0.233325 0.847710 -0.491895 0.198563 -0.983721 0.140812 -0.111643 -0.983673 0.177119 -0.031888 
0.818212 0.412089 -0.400889 0.968146 0.151960 0.199000 -0.480850 0.103450 -0.870679 -0.195485 -0.932897 0.302472 0.847322 -0.487208 0.211363 -0.976034 0.154990 -0.152758 -0.983946 0.175538 -0.032212 
0.847207 -0.481463 0.224575 0.813416 0.404039 -0.418458 0.969717 0.158610 0.185719 -0.237275 -0.894457 0.379008 -0.970764 0.170178 -0.169285 
0.846025 -0.476676 0.238791 0.807209 0.396423 -0.437334 0.971457 0.165820 0.169632 -0.284109 -0.850490 0.442661 -0.971428 0.165880 -0.169740 
0.843264 -0.472636 0.255969 0.800063 0.387114 -0.458304 0.972824 0.174240 0.152495 -0.319396 -0.817326 0.479546 -0.971911 0.161693 -0.171009 
0.839685 -0.467775 0.275890 0.792126 0.376406 -0.480473 0.973613 0.184251 0.134646 -0.333940 -0.803933 0.492113 -0.972317 0.156789 -0.173255 
0.836623 -0.460849 0.296109 0.973870 0.195314 0.115885 -0.337511 -0.799690 0.496571 0.783503 0.364681 -0.503122 -0.936460 -0.350766 0.002236 -0.866336 -0.499461 -0.001254 -0.348370 0.929259 -0.122948 -0.165463 0.949088 -0.268055 
0.974026 0.205486 0.095123 -0.336338 -0.798507 0.499263 0.773928 0.350772 -0.527252 0.864140 -0.475660 0.164344 0.217466 -0.094622 0.971471 -0.946905 -0.321268 0.012527 -0.863244 -0.504784 -0.001543 -0.321184 0.943451 -0.082104 -0.176816 0.945428 -0.273683 
0.974343 0.213560 0.071043 -0.334782 -0.800775 0.496669 0.762996 0.333955 -0.553453 0.858013 -0.477153 0.190102 0.234774 -0.057279 0.970361 -0.948711 -0.315717 0.016422 -0.858084 -0.513505 -0.001925 -0.316134 0.947754 -0.042674 -0.185656 0.943253 -0.275330 
0.852535 -0.475901 0.216109 -0.336550 -0.799758 0.497113 -0.324825 0.945710 -0.011029 -0.191203 0.942482 -0.274169 0.751165 0.314712 -0.580265 -0.945746 -0.324694 0.011794 -0.852376 -0.522926 -0.001835 0.252976 -0.017957 0.967306 0.566565 0.133204 0.813180 0.932430 0.207419 -0.295893 
0.846985 -0.473292 0.242097 -0.339855 -0.798290 0.497224 -0.339366 0.940654 -0.000565 -0.196612 0.942259 -0.271092 -0.940589 -0.339336 0.011951 -0.847463 -0.530852 -0.001737 0.738250 0.292267 -0.607919 0.582586 0.167710 0.795278 0.272570 0.021476 0.961896 0.925691 0.197449 -0.322661 
0.843923 -0.466823 0.264331 -0.342775 -0.796137 0.498669 -0.348119 0.937413 -0.008360 -0.200173 0.943044 -0.265704 -0.937343 -0.347925 0.018339 -0.845125 -0.534566 -0.001683 0.726990 0.275904 -0.628778 0.596594 0.189490 0.779852 0.290605 0.054809 0.955272 0.917655 0.185235 -0.351565 
0.843232 -0.459124 0.279581 -0.340664 -0.796757 0.499125 -0.355497 0.934669 -0.003900 -0.203996 0.944199 -0.258601 0.973932 0.194573 -0.116612 -0.934584 -0.355396 0.015723 -0.842631 -0.538488 -0.001577 0.713603 0.262286 -0.649597 0.613072 0.205016 0.762962 
0.842929 -0.451336 0.292859 -0.340136 -0.797355 0.498531 -0.359928 0.932978 -0.002064 -0.210233 0.944306 -0.253157 0.970756 0.196331 -0.138158 -0.932869 -0.359838 0.016495 -0.840853 -0.541261 -0.001563 0.699289 0.251215 -0.669243 0.627303 0.223716 0.745950 
0.842041 -0.443532 0.306996 -0.338591 -0.799139 0.496722 -0.360264 0.932850 -0.001319 -0.217453 0.944045 -0.247980 0.966663 0.198953 -0.161186 -0.932703 -0.360186 0.018189 -0.839681 -0.543077 -0.001547 0.645688 0.245993 0.722893 0.697580 0.245215 -0.673240 
0.839490 -0.436517 0.323589 -0.332411 -0.805388 0.490768 -0.360097 0.932914 -0.001133 -0.224904 0.943936 -0.241666 0.961410 0.201564 -0.187252 -0.932745 -0.360012 0.019421 -0.838495 -0.544906 -0.001805 0.660921 0.269275 0.700482 0.679242 0.232784 -0.696018 
0.836655 -0.429138 0.340366 -0.328623 -0.811591 0.483038 -0.359778 0.933037 -0.001213 -0.231675 0.944221 -0.234035 0.955376 0.202234 -0.215307 -0.932847 -0.359673 0.020789 -0.837389 -0.546603 -0.002185 0.676369 0.290144 0.677009 0.660261 0.219602 -0.718213 
0.834325 -0.420963 0.355938 -0.325928 -0.816301 0.476889 -0.359451 0.933163 -0.000992 -0.237875 0.944905 -0.224878 0.948663 0.200837 -0.244341 -0.932918 -0.359338 0.023247 -0.835952 -0.548797 -0.002309 0.692579 0.308176 0.652198 0.640402 0.205196 -0.740121 
0.832613 -0.411886 0.370278 -0.322792 -0.820082 0.472515 0.708737 0.325263 0.626016 0.619296 0.190530 -0.761690 0.940952 0.198863 -0.273976 -0.932842 -0.359340 0.026089 -0.834351 -0.551229 -0.002232 -0.359477 0.933154 -0.000444 -0.243890 0.945753 -0.214636 
0.830647 -0.403409 0.383779 -0.317768 -0.828421 0.461241 0.723894 0.341065 0.599710 0.597509 0.177379 -0.781997 0.932286 0.197336 -0.303153 -0.932210 -0.360760 0.028915 -0.833089 -0.553132 -0.002777 -0.360944 0.932587 -0.001275 -0.249724 0.946677 -0.203569 
0.829804 -0.394793 0.394416 -0.308765 -0.837183 0.451429 0.737799 0.351998 0.575978 0.577316 0.166340 -0.799398 0.923582 0.194450 -0.330432 -0.929685 -0.366908 0.032633 -0.832022 -0.554734 -0.003244 -0.367409 0.930002 -0.010367 -0.253684 0.948108 -0.191664 
0.829825 -0.387643 0.401403 -0.299967 -0.843352 0.445844 0.748872 0.356349 0.558754 0.562435 0.158113 -0.811583 0.916837 0.189714 -0.351310 -0.925436 -0.377378 0.033974 -0.829820 -0.558023 -0.003082 -0.378016 0.925681 -0.014782 -0.254538 0.949830 -0.181753 
0.828901 -0.384308 0.406486 -0.288445 -0.850289 0.440236 0.755911 0.357817 0.548239 0.553414 0.152660 -0.818796 0.912816 0.185888 -0.363611 -0.919701 -0.391277 0.032430 -0.825898 -0.563812 -0.002784 -0.391683 0.920072 -0.007155 -0.252962 0.951456 -0.175333 
0.827463 -0.383700 0.409974 -0.273150 -0.857907 0.435183 -0.405446 0.914119 -0.000300 -0.250970 0.952638 -0.171742 0.759453 0.359056 0.542503 -0.913704 -0.405255 0.030224 -0.822233 -0.569146 -0.002564 0.910886 0.183980 -0.369375 0.548742 0.149183 -0.822574 
0.825619 -0.385011 0.412455 -0.258627 -0.865552 0.428873 -0.412061 0.911156 -0.000677 -0.249676 0.953255 -0.170198 0.760980 0.359266 0.540220 -0.910783 -0.411867 0.028994 -0.820339 -0.571872 -0.002478 0.910296 0.182909 -0.371355 0.547045 0.147330 -0.824036 
0.824826 -0.386230 0.412904 -0.252311 -0.868409 0.426856 -0.413184 0.910648 -0.000309 -0.249386 0.953311 -0.170311 0.760871 0.358802 0.540681 -0.910269 -0.413006 0.028933 -0.819700 -0.572788 -0.002288 0.910594 0.182776 -0.370690 0.547507 0.147308 -0.823733 
0.824333 -0.388105 0.412127 -0.252711 -0.868526 0.426381 -0.413718 0.910405 -0.000249 -0.248668 0.953293 -0.171455 0.759464 0.357371 0.543600 -0.910055 -0.413533 0.028096 -0.819435 -0.573169 -0.002098 0.911794 0.183085 -0.367576 0.549977 0.148657 -0.821843 
0.823779 -0.390754 0.410730 -0.253694 -0.868252 0.426354 -0.415204 0.909729 -0.000170 -0.247678 0.953212 -0.173329 0.913657 0.183763 -0.362578 -0.909408 -0.415044 0.026757 -0.819199 -0.573506 -0.001941 0.757110 0.355497 0.548093 0.553840 0.150671 -0.818877 
0.823379 -0.393579 0.408830 -0.253392 -0.867862 0.427326 -0.417200 0.908814 -0.000097 -0.246566 0.953089 -0.175576 0.915817 0.184747 -0.356579 -0.908539 -0.417080 0.024527 -0.818996 -0.573797 -0.001763 0.754223 0.353649 0.553245 0.558328 0.152908 -0.815407 
0.823104 -0.396275 0.406774 -0.252642 -0.867452 0.428602 -0.418918 0.908024 -0.000030 -0.245455 0.952943 -0.177910 0.917906 0.185957 -0.350525 -0.907814 -0.418825 0.021425 -0.818907 -0.573923 -0.001587 0.751110 0.352054 0.558473 0.562845 0.155343 -0.811834 
0.822939 -0.398597 0.404836 -0.252360 -0.866874 0.429935 -0.420755 0.907174 0.000005 -0.244466 0.952810 -0.179973 0.919697 0.187107 -0.345178 -0.907034 -0.420684 0.017707 -0.818881 -0.573961 -0.001417 0.748296 0.350674 0.563100 0.566806 0.157597 -0.808637 
0.822873 -0.400282 0.403305 -0.252524 -0.866397 0.430800 -0.422338 0.906438 0.000020 -0.243685 0.952727 -0.181466 0.921008 0.187880 -0.341240 -0.906353 -0.422293 0.013880 -0.818890 -0.573949 -0.001258 0.746291 0.349422 0.566528 0.569704 0.159308 -0.806262 
0.822859 -0.401230 0.402389 -0.252816 -0.866141 0.431143 -0.423358 0.905962 0.000029 -0.243227 0.952669 -0.182381 0.921725 0.188348 -0.339041 -0.905908 -0.423334 0.010918 -0.818896 -0.573941 -0.001120 0.745037 0.348725 0.568604 0.571454 0.160369 -0.804812 
0.822890 -0.401531 0.402026 -0.252830 -0.866124 0.431169 -0.423671 0.905816 0.000032 -0.243117 0.952631 -0.182724 0.921944 0.188600 -0.338304 -0.905777 -0.423652 0.009331 -0.818898 -0.573938 -0.001010 0.744558 0.348701 0.569246 0.572017 0.160687 -0.804348 
0.822960 -0.401524 0.401890 -0.252830 -0.866074 0.431268 -0.423674 0.905815 0.000001 -0.243125 0.952629 -0.182725 0.921951 0.188584 -0.338294 -0.905779 -0.423650 0.009228 -0.818899 -0.573937 -0.000925 0.744549 0.348734 0.569237 0.572012 0.160684 -0.804353 
0.823032 -0.401445 0.401820 -0.252923 -0.865968 0.431427 -0.423662 0.905820 -0.000010 -0.243166 0.952632 -0.182654 0.921903 0.188526 -0.338455 -0.905775 -0.423655 0.009353 -0.818899 -0.573937 -0.000852 0.744640 0.348810 0.569072 0.571873 0.160603 -0.804467 
0.823100 -0.401328 0.401799 -0.253097 -0.865844 0.431574 -0.423637 0.905832 -0.000019 -0.243233 0.952635 -0.182552 0.921819 0.188473 -0.338715 -0.905790 -0.423621 0.009482 -0.818900 -0.573936 -0.000787 0.744773 0.348945 0.568815 0.571660 0.160476 -0.804644 
0.823167 -0.401176 0.401813 -0.253308 -0.865711 0.431717 -0.423601 0.905849 -0.000028 -0.243319 0.952637 -0.182425 0.921708 0.188418 -0.339047 -0.905810 -0.423576 0.009612 -0.818900 -0.573935 -0.000727 0.744936 0.349124 0.568491 0.571391 0.160315 -0.804868 
0.823233 -0.401009 0.401844 -0.253518 -0.865585 0.431846 -0.423555 0.905870 -0.000035 -0.243413 0.952639 -0.182290 0.921588 0.188363 -0.339404 -0.905825 -0.423541 0.009738 -0.818901 -0.573935 -0.000674 0.745112 0.349322 0.568140 0.571100 0.160141 -0.805108 
0.823294 -0.400848 0.401881 -0.253587 -0.865516 0.431944 -0.423512 0.905891 -0.000043 -0.243503 0.952640 -0.182161 0.921472 0.188309 -0.339747 -0.905844 -0.423497 0.009855 -0.818901 -0.573935 -0.000626 0.745279 0.349512 0.567803 0.570822 0.159974 -0.805339 
0.823350 -0.400703 0.401911 -0.253580 -0.865471 0.432038 -0.423471 0.905910 -0.000051 -0.243584 0.952641 -0.182049 0.921370 0.188265 -0.340049 -0.905863 -0.423454 0.009928 -0.818901 -0.573935 -0.000581 0.745423 0.349689 0.567505 0.570575 0.159827 -0.805543 
0.823400 -0.400586 0.401925 -0.253547 -0.865432 0.432136 -0.423436 0.905926 -0.000058 -0.243650 0.952641 -0.181961 0.921290 0.188228 -0.340286 -0.905882 -0.423414 0.009962 -0.818901 -0.573935 -0.000541 0.745535 0.349837 0.567267 0.570379 0.159710 -0.805705 
0.823445 -0.400494 0.401924 -0.253511 -0.865400 0.432220 -0.423408 0.905939 -0.000063 -0.243702 0.952641 -0.181894 0.921230 0.188198 -0.340465 -0.905895 -0.423386 0.009976 -0.818901 -0.573935 -0.000504 0.745619 0.349953 0.567085 0.570229 0.159620 -0.805829 
0.823486 -0.400412 0.401921 -0.253469 -0.865373 0.432299 -0.423381 0.905952 -0.000066 -0.243746 0.952640 -0.181836 0.921179 0.188168 -0.340621 -0.905906 -0.423360 0.009988 -0.818901 -0.573935 -0.000471 0.745693 0.350053 0.566926 0.570098 0.159542 -0.805937 
0.823527 -0.400322 0.401927 -0.253420 -0.865352 0.432370 -0.423349 0.905967 -0.000069 -0.243789 0.952642 -0.181767 0.921121 0.188123 -0.340801 -0.905925 -0.423320 0.010002 -0.818901 -0.573935 -0.000441 0.745781 0.350134 0.566759 0.569958 0.159461 -0.806052 
0.823571 -0.400213 0.401947 -0.253349 -0.865333 0.432450 -0.423304 0.905988 -0.000075 -0.243834 0.952648 -0.181679 0.921051 0.188053 -0.341029 -0.905942 -0.423284 0.010022 -0.818900 -0.573936 -0.000414 0.745897 0.350197 0.566568 0.569795 0.159369 -0.806186 
0.823615 -0.400084 0.401983 -0.253280 -0.865314 0.432529 -0.423247 0.906014 -0.000080 -0.243886 0.952654 -0.181576 0.920966 0.187974 -0.341302 -0.905971 -0.423222 0.010031 -0.818900 -0.573936 -0.000389 0.746034 0.350269 0.566344 0.569603 0.159261 -0.806343 
0.823652 -0.399943 0.402047 -0.253203 -0.865300 0.432601 -0.423192 0.906040 -0.000083 -0.244005 0.952645 -0.181462 0.920869 0.187887 -0.341611 -0.905994 -0.423166 0.010303 -0.818894 -0.573945 -0.000370 0.746199 0.350364 0.566068 0.569373 0.159114 -0.806534 
0.823694 -0.399815 0.402090 -0.253154 -0.865275 0.432679 -0.423130 0.906069 -0.000071 -0.244065 0.952647 -0.181371 0.920787 0.187830 -0.341864 -0.906018 -0.423114 0.010285 -0.818894 -0.573945 -0.000349 0.746319 0.350478 0.565839 0.569181 0.159003 -0.806692 
0.823729 -0.399725 0.402106 -0.253119 -0.865220 0.432810 -0.423080 0.906093 -0.000055 -0.244108 0.952648 -0.181312 0.920734 0.187791 -0.342029 -0.906046 -0.423054 0.010246 -0.818894 -0.573945 -0.000330 0.746396 0.350565 0.565683 0.569051 0.158927 -0.806798 
0.823760 -0.399667 0.402101 -0.253111 -0.865134 0.432988 -0.423031 0.906115 -0.000032 -0.244132 0.952649 -0.181271 0.920703 0.187749 -0.342134 -0.906067 -0.423012 0.010189 -0.818894 -0.573945 -0.000313 0.746453 0.350601 0.565586 0.568968 0.158882 -0.806866 
0.823785 -0.399629 0.402089 -0.253105 -0.865038 0.433184 -0.422991 0.906134 -0.000019 -0.244149 0.952651 -0.181238 0.920685 0.187710 -0.342205 -0.906084 -0.422976 0.010123 -0.818894 -0.573944 -0.000297 0.746496 0.350618 0.565519 0.568907 0.158857 -0.806914 
0.823788 -0.399584 0.402126 -0.253111 -0.864948 0.433360 -0.422968 0.906144 -0.000004 -0.244236 0.952637 -0.181194 0.920644 0.187657 -0.342343 -0.906097 -0.422944 0.010336 -0.818889 -0.573952 -0.000286 0.746549 0.350660 0.565423 0.568816 0.158836 -0.806982 
0.823807 -0.399539 0.402132 -0.253124 -0.864843 0.433560 -0.422940 0.906158 -0.000002 -0.244264 0.952636 -0.181163 0.920616 0.187639 -0.342430 -0.906111 -0.422915 0.010271 -0.818889 -0.573952 -0.000272 0.746584 0.350722 0.565338 0.568742 0.158806 -0.807040 
0.823806 -0.399473 0.402201 -0.253145 -0.864753 0.433729 -0.422919 0.906168 -0.000003 -0.244363 0.952623 -0.181099 0.920554 0.187575 -0.342630 -0.906116 -0.422900 0.010484 -0.818884 -0.573959 -0.000264 0.746664 0.350786 0.565192 0.568607 0.158764 -0.807143 
0.823833 -0.399398 0.402219 -0.253168 -0.864655 0.433910 -0.422886 0.906183 -0.000006 -0.244399 0.952624 -0.181044 0.920510 0.187536 -0.342770 -0.906130 -0.422871 0.010440 -0.818884 -0.573959 -0.000252 0.746735 0.350850 0.565058 0.568494 0.158700 -0.807235 
0.823844 -0.399308 0.402287 -0.253161 -0.864597 0.434030 -0.422861 0.906195 -0.000002 -0.244516 0.952608 -0.180972 0.920443 0.187470 -0.342985 -0.906139 -0.422845 0.010685 -0.818875 -0.573972 -0.000246 0.746833 0.350936 0.564875 0.568338 0.158618 -0.807361 
0.823860 -0.399215 0.402346 -0.253152 -0.864544 0.434140 -0.422820 0.906214 -0.000006 -0.244628 0.952591 -0.180910 0.920379 0.187426 -0.343182 -0.906159 -0.422799 0.010827 -0.818869 -0.573981 -0.000240 0.746916 0.351052 0.564694 0.568189 0.158529 -0.807483 
0.823872 -0.399128 0.402408 -0.253133 -0.864483 0.434272 -0.422776 0.906234 -0.000003 -0.244737 0.952573 -0.180853 0.920320 0.187379 -0.343366 -0.906180 -0.422751 0.010940 -0.818863 -0.573990 -0.000233 0.746996 0.351165 0.564517 0.568045 0.158439 -0.807603 
0.823895 -0.399060 0.402427 -0.253154 -0.864412 0.434401 -0.422727 0.906257 0.000136 -0.244846 0.952552 -0.180817 0.920278 0.187364 -0.343486 -0.906200 -0.422706 0.011036 -0.818848 -0.574010 -0.000234 0.747040 0.351247 0.564408 0.567955 0.158389 -0.807676 
0.823923 -0.398988 0.402442 -0.253141 -0.864360 0.434513 -0.422703 0.906268 0.000029 -0.244874 0.952553 -0.180773 0.920243 0.187323 -0.343603 -0.906219 -0.422669 0.010858 -0.818848 -0.574011 -0.000221 0.747095 0.351296 0.564306 0.567869 0.158339 -0.807746 
0.823947 -0.398922 0.402458 -0.253139 -0.864306 0.434622 -0.422656 0.906290 -0.000002 -0.244906 0.952551 -0.180741 0.920213 0.187294 -0.343699 -0.906241 -0.422627 0.010679 -0.818847 -0.574011 -0.000212 0.747137 0.351365 0.564207 0.567791 0.158284 -0.807812 
0.823969 -0.398858 0.402475 -0.253125 -0.864250 0.434741 -0.422601 0.906316 -0.000020 -0.244937 0.952548 -0.180713 0.920186 0.187267 -0.343786 -0.906264 -0.422582 0.010488 -0.818847 -0.574012 -0.000204 0.747174 0.351438 0.564113 0.567719 0.158228 -0.807873 
0.823993 -0.398793 0.402493 -0.253133 -0.864185 0.434866 -0.422537 0.906346 -0.000021 -0.244968 0.952546 -0.180682 0.920158 0.187233 -0.343881 -0.906298 -0.422514 0.010282 -0.818847 -0.574012 -0.000196 0.747216 0.351501 0.564017 0.567644 0.158172 -0.807937 
0.824010 -0.398716 0.402533 -0.253118 -0.864124 0.434996 -0.422481 0.906372 -0.000019 -0.245130 0.952511 -0.180651 0.920129 0.187178 -0.343986 -0.906319 -0.422459 0.010695 -0.818834 -0.574031 -0.000197 0.747293 0.351596 0.563856 0.567535 0.158034 -0.808041 
0.824006 -0.398643 0.402613 -0.253167 -0.864011 0.435192 -0.422415 0.906403 -0.000029 -0.245243 0.952485 -0.180633 0.920078 0.187167 -0.344130 -0.906349 -0.422394 0.010702 -0.818827 -0.574040 -0.000193 0.747331 0.351748 0.563710 0.567429 0.157941 -0.808133 
0.824031 -0.398595 0.402611 -0.253188 -0.863928 0.435344 -0.422360 0.906428 -0.000023 -0.245269 0.952479 -0.180626 0.920059 0.187164 -0.344182 -0.906380 -0.422334 0.010428 -0.818827 -0.574040 -0.000187 0.747334 0.351818 0.563662 0.567391 0.157923 -0.808163 
