-0.166284 0.007238 0.004981 -0.073920 -0.095295 0.005121 -0.006890 0.150315 0.004396 0.086853 0.050806 0.004526 
-0.166314 0.007250 0.004990 -0.073950 -0.095282 0.005077 -0.006921 0.150328 0.004377 0.086822 0.050819 0.004455 
-0.166315 0.007249 0.004983 -0.073951 -0.095284 0.005057 -0.006922 0.150327 0.004434 0.086822 0.050818 0.004501 
-0.166316 0.007247 0.004977 -0.073951 -0.095285 0.005040 -0.006923 0.150326 0.004487 0.086821 0.050817 0.004542 
-0.166376 0.007147 0.004957 -0.074020 -0.095393 0.005086 -0.006971 0.150210 0.003923 0.086764 0.050693 0.004036 
-0.166378 0.007140 0.004957 -0.074023 -0.095401 0.005054 -0.006972 0.150202 0.004018 0.086762 0.050684 0.004101 
-0.166316 0.007030 0.004765 -0.073956 -0.095505 0.005055 -0.006918 0.150100 0.003679 0.086822 0.050588 0.003951 
-0.166399 0.007010 0.004876 -0.074023 -0.095512 0.005116 -0.007023 0.150103 0.003616 0.086732 0.050604 0.003835 
-0.166401 0.007007 0.004883 -0.074025 -0.095515 0.005095 -0.007024 0.150100 0.003747 0.086730 0.050602 0.003941 
-0.166411 0.007004 0.004902 -0.074037 -0.095519 0.005073 -0.007033 0.150096 0.003859 0.086721 0.050596 0.004014 
-0.166412 0.007002 0.004907 -0.074038 -0.095522 0.005051 -0.007034 0.150093 0.003972 0.086719 0.050594 0.004102 
-0.166332 0.007016 0.004710 -0.073945 -0.095496 0.004918 -0.006970 0.150128 0.004065 0.086795 0.050640 0.004261 
-0.166317 0.007052 0.004622 -0.073930 -0.095460 0.004754 -0.006954 0.150165 0.004267 0.086811 0.050676 0.004393 
-0.166243 0.007017 0.004487 -0.073778 -0.095425 0.004474 -0.006990 0.150252 0.004584 0.086851 0.050835 0.004571 
-0.166243 0.007017 0.004532 -0.073778 -0.095424 0.004520 -0.006990 0.150252 0.004619 0.086851 0.050835 0.004608 
-0.166201 0.007162 0.004320 -0.073742 -0.095285 0.004175 -0.006940 0.150387 0.004927 0.086896 0.050965 0.004792 
-0.166327 0.007118 0.004583 -0.073890 -0.095348 0.004340 -0.007035 0.150310 0.004603 0.086779 0.050869 0.004362 
-0.166328 0.007119 0.004617 -0.073891 -0.095347 0.004399 -0.007036 0.150311 0.004638 0.086778 0.050869 0.004422 
-0.165973 0.007031 0.003616 -0.073515 -0.095416 0.004097 -0.006716 0.150258 0.004530 0.087119 0.050836 0.005019 
-0.165976 0.007037 0.003738 -0.073519 -0.095411 0.004154 -0.006716 0.150261 0.004589 0.087118 0.050838 0.005014 
-0.165729 0.007101 0.003249 -0.073290 -0.095362 0.003913 -0.006449 0.150299 0.004735 0.087366 0.050861 0.005414 
-0.165734 0.007021 0.003399 -0.073289 -0.095435 0.004133 -0.006462 0.150230 0.004510 0.087360 0.050799 0.005252 
-0.165760 0.007062 0.003515 -0.073326 -0.095405 0.004069 -0.006471 0.150253 0.004558 0.087341 0.050810 0.005121 
-0.165758 0.007063 0.003651 -0.073323 -0.095405 0.004153 -0.006468 0.150253 0.004596 0.087344 0.050811 0.005106 
-0.165756 0.007063 0.003775 -0.073320 -0.095405 0.004229 -0.006465 0.150253 0.004630 0.087347 0.050811 0.005092 
-0.165754 0.007063 0.003887 -0.073318 -0.095404 0.004299 -0.006463 0.150254 0.004661 0.087350 0.050811 0.005081 
-0.165757 0.007134 0.003943 -0.073318 -0.095330 0.004176 -0.006471 0.150329 0.004840 0.087345 0.050890 0.005084 
-0.165755 0.007135 0.004039 -0.073316 -0.095330 0.004251 -0.006469 0.150330 0.004851 0.087348 0.050890 0.005072 
-0.165753 0.007135 0.004127 -0.073314 -0.095329 0.004319 -0.006467 0.150331 0.004860 0.087350 0.050891 0.005061 
-0.165752 0.007136 0.004206 -0.073313 -0.095328 0.004381 -0.006465 0.150332 0.004869 0.087351 0.050892 0.005051 
-0.165751 0.007137 0.004277 -0.073311 -0.095328 0.004436 -0.006464 0.150332 0.004876 0.087353 0.050893 0.005042 
-0.165669 0.007054 0.003963 -0.073189 -0.095373 0.004398 -0.006441 0.150315 0.004547 0.087416 0.050913 0.004986 
-0.165671 0.007044 0.004059 -0.073184 -0.095376 0.004455 -0.006452 0.150316 0.004584 0.087411 0.050920 0.004984 
-0.165675 0.007141 0.004086 -0.073182 -0.095275 0.004268 -0.006464 0.150420 0.004808 0.087405 0.051029 0.004998 
-0.165674 0.007141 0.004168 -0.073181 -0.095274 0.004336 -0.006462 0.150421 0.004821 0.087406 0.051030 0.004997 
-0.165548 0.007106 0.003920 -0.073050 -0.095304 0.004329 -0.006346 0.150395 0.004802 0.087528 0.051010 0.005220 
-0.165560 0.006973 0.004014 -0.073045 -0.095422 0.004617 -0.006379 0.150287 0.004344 0.087510 0.050918 0.004946 
-0.165541 0.006842 0.004075 -0.073013 -0.095539 0.004912 -0.006378 0.150176 0.003726 0.087524 0.050821 0.004550 
-0.165541 0.006840 0.004160 -0.073012 -0.095541 0.004918 -0.006378 0.150175 0.003838 0.087525 0.050819 0.004584 
-0.165539 0.006835 0.004237 -0.073008 -0.095544 0.004922 -0.006380 0.150174 0.003944 0.087525 0.050821 0.004618 
-0.165461 0.006915 0.004081 -0.072904 -0.095442 0.004600 -0.006339 0.150294 0.004276 0.087592 0.050964 0.004792 
-0.165591 0.006929 0.004364 -0.073072 -0.095463 0.004708 -0.006414 0.150248 0.004126 0.087480 0.050881 0.004463 
-0.165470 0.006994 0.004007 -0.073082 -0.095514 0.004810 -0.006112 0.150112 0.003977 0.087655 0.050628 0.004771 
-0.165481 0.007046 0.004079 -0.073126 -0.095491 0.004786 -0.006078 0.150114 0.004108 0.087657 0.050600 0.004809 
-0.165479 0.007045 0.004159 -0.073126 -0.095495 0.004805 -0.006071 0.150108 0.004191 0.087661 0.050591 0.004832 
-0.165362 0.006985 0.004072 -0.072985 -0.095533 0.004821 -0.005990 0.150087 0.004117 0.087767 0.050593 0.004859 
-0.165362 0.006982 0.004154 -0.072984 -0.095535 0.004836 -0.005990 0.150085 0.004251 0.087767 0.050591 0.004927 
-0.165383 0.006907 0.004163 -0.072853 -0.095474 0.004841 -0.006225 0.150246 0.004583 0.087679 0.050891 0.005259 
-0.165496 0.006620 0.004022 -0.072587 -0.095416 0.004826 -0.006883 0.150550 0.005963 0.087389 0.051545 0.006787 
-0.165397 0.006680 0.004112 -0.072911 -0.095739 0.004861 -0.006202 0.149949 0.007076 0.087659 0.050554 0.007861 
-0.165349 0.006715 0.004193 -0.073061 -0.095883 0.004894 -0.005890 0.149670 0.007984 0.087780 0.050094 0.008732 
-0.165321 0.006736 0.004263 -0.073009 -0.095841 0.004919 -0.005892 0.149726 0.008019 0.087800 0.050172 0.008722 
-0.165406 0.006681 0.004325 -0.072797 -0.095628 0.004951 -0.006397 0.150130 0.008395 0.087583 0.050847 0.009074 
-0.165311 0.006126 0.004339 -0.070684 -0.094320 0.004978 -0.009203 0.152703 0.009138 0.086735 0.055311 0.009839 
-0.065594 -0.090068 0.005091 -0.165311 0.005326 0.004395 0.083764 0.067486 0.012992 -0.017102 0.159764 0.012192 
-0.060641 -0.084747 0.005623 -0.165297 0.005194 0.004350 0.079863 0.080388 0.019136 -0.025771 0.167158 0.017684 
-0.052684 -0.077562 0.007318 -0.163011 0.005290 0.004571 0.076081 0.096170 0.028069 -0.035006 0.175797 0.025057 
-0.042071 -0.070546 0.010759 -0.157170 0.005353 0.004791 0.074670 0.110443 0.039185 -0.040975 0.183082 0.032874 
-0.027394 -0.062658 0.015588 -0.146968 0.005413 0.004994 0.075293 0.125298 0.051945 -0.044587 0.190085 0.040941 
-0.496355 -0.324448 0.040913 0.078917 0.140587 0.067392 -0.011141 -0.051744 0.021651 -0.285870 -0.340836 0.004781 -0.481820 -0.188954 0.062690 -0.043461 0.199137 0.050496 
-0.495530 -0.326670 0.046166 0.088752 0.164115 0.091272 0.006657 -0.028257 0.032560 -0.285803 -0.341150 0.005142 -0.481841 -0.190934 0.066965 -0.034058 0.220264 0.069944 
-0.495660 -0.324100 0.044804 0.097302 0.187064 0.115702 0.014759 -0.001046 0.045028 -0.285850 -0.340987 0.005149 -0.480873 -0.188224 0.063860 -0.024121 0.245840 0.093534 
-0.496249 -0.324414 0.040835 0.094816 0.203525 0.131350 0.012546 0.017916 0.054053 -0.285723 -0.340967 0.005025 -0.482244 -0.188307 0.058803 -0.026112 0.263395 0.109396 
-0.494712 -0.329691 0.035975 0.076717 0.210983 0.132705 -0.002062 0.023106 0.057274 -0.283075 -0.340972 0.004987 -0.484610 -0.193194 0.053597 -0.045523 0.268170 0.110867 
-0.495431 -0.337814 0.030802 0.046527 0.212961 0.123343 -0.027813 0.020734 0.054668 -0.282827 -0.340945 0.004972 -0.491091 -0.200949 0.047920 -0.077851 0.265738 0.102494 
-0.496146 -0.347912 0.024695 0.009349 0.214789 0.109760 -0.059473 0.017776 0.049403 -0.282980 -0.340918 0.004966 -0.498898 -0.210895 0.040899 -0.117455 0.262209 0.090733 
-0.496375 -0.359676 0.018260 -0.030293 0.221107 0.096495 -0.092622 0.020014 0.042917 -0.283411 -0.341296 0.004615 -0.507008 -0.222855 0.032782 -0.159375 0.262918 0.079784 
-0.495440 -0.372391 0.011980 -0.071958 0.232323 0.084238 -0.126854 0.027832 0.035621 -0.283625 -0.341427 0.004674 -0.514661 -0.236300 0.024377 -0.203107 0.268268 0.070171 
-0.493336 -0.385784 0.006251 -0.117506 0.245199 0.071796 -0.164761 0.037800 0.027675 -0.283797 -0.341414 0.004701 -0.521545 -0.251052 0.016024 -0.250448 0.275209 0.061035 
-0.491061 -0.398511 0.004922 -0.165753 0.257744 0.059278 -0.205485 0.047829 0.019900 -0.284599 -0.341495 0.004525 -0.527507 -0.265575 0.011548 -0.300143 0.281907 0.052533 
-0.285570 -0.343954 0.004526 -0.485361 -0.421157 0.005552 -0.202898 0.274264 0.065384 -0.534842 -0.292385 0.009231 -0.338267 0.293169 0.068130 
-0.284850 -0.345260 0.004908 -0.476711 -0.440479 0.005539 -0.223911 0.295563 0.068662 -0.537841 -0.316757 0.005782 -0.359323 0.314076 0.071905 
-0.279053 -0.341540 0.006586 -0.464497 -0.448723 0.006928 -0.246789 0.326553 0.086602 -0.533340 -0.329132 0.005286 -0.382974 0.338527 0.086241 
-0.274964 -0.338996 0.010216 -0.456642 -0.452413 0.012930 -0.282410 0.347284 0.096196 -0.529518 -0.335343 0.007653 -0.419080 0.348615 0.093130 
-0.455957 -0.452061 0.018614 -0.340277 0.354674 0.096497 -0.309549 0.141221 0.070283 -0.274449 -0.338403 0.014808 -0.528951 -0.335366 0.008705 -0.475242 0.333187 0.092925 
-0.446548 -0.455688 0.025453 -0.389958 0.326776 0.079701 -0.342778 0.114865 0.071846 -0.269650 -0.335159 0.017838 -0.524089 -0.342266 0.012537 -0.522849 0.294687 0.079340 
-0.432680 -0.460941 0.028533 -0.431126 0.300505 0.053678 -0.368021 0.092739 0.060368 -0.263096 -0.330469 0.018741 -0.516715 -0.352352 0.014734 -0.561183 0.258566 0.057691 
-0.414339 -0.466776 0.031671 -0.459022 0.291850 0.026241 -0.381197 0.089350 0.037678 -0.254963 -0.324340 0.017924 -0.506331 -0.364727 0.018727 -0.585741 0.240812 0.031466 
-0.394543 -0.471305 0.035520 -0.471584 0.295612 0.004622 -0.382242 0.097741 0.012288 -0.246933 -0.317214 0.016952 -0.494372 -0.376770 0.023634 -0.595166 0.237168 0.005890 
-0.382477 -0.471268 0.044846 -0.472124 0.296714 0.004906 -0.377183 0.101646 0.016229 -0.241270 -0.312182 0.019747 -0.486082 -0.381226 0.030611 -0.593963 0.234706 0.005318 
-0.371725 -0.464655 0.055467 -0.472492 0.297558 0.004935 -0.374288 0.104860 0.025354 -0.234452 -0.302817 0.026445 -0.477498 -0.377645 0.038575 -0.593188 0.233358 0.005646 
-0.360565 -0.453427 0.069285 -0.472558 0.297940 0.005112 -0.369378 0.109605 0.037937 -0.227404 -0.288996 0.035993 -0.468495 -0.369504 0.050525 -0.591318 0.230229 0.006150 
-0.345194 -0.440017 0.085489 -0.472475 0.298450 0.005487 -0.362486 0.116634 0.050646 -0.217121 -0.272586 0.047519 -0.455649 -0.359807 0.065243 -0.588355 0.225942 0.007603 
-0.323867 -0.426176 0.103479 -0.472383 0.298963 0.005807 -0.356322 0.124165 0.062103 -0.201589 -0.255489 0.061150 -0.437002 -0.350280 0.081476 -0.585451 0.222240 0.010154 
-0.297835 -0.413025 0.124601 -0.472257 0.299450 0.006032 -0.350090 0.131892 0.070787 -0.181862 -0.239185 0.077615 -0.413654 -0.341994 0.100422 -0.582376 0.218753 0.013203 
-0.268880 -0.400202 0.148570 -0.472098 0.299886 0.006158 -0.343984 0.139210 0.076614 -0.159553 -0.223557 0.096397 -0.387278 -0.334481 0.121988 -0.579303 0.215707 0.016689 
-0.239100 -0.387126 0.174762 -0.471927 0.300265 0.006214 -0.338343 0.145825 0.080358 -0.136335 -0.208268 0.117083 -0.359789 -0.326897 0.145595 -0.576397 0.213216 0.020302 
-0.210939 -0.373488 0.203012 -0.471756 0.300602 0.006228 -0.333178 0.151854 0.082805 -0.114278 -0.193288 0.139275 -0.333541 -0.318650 0.171302 -0.573657 0.211200 0.023935 
-0.186108 -0.359080 0.232769 -0.471590 0.300909 0.006217 -0.328452 0.157443 0.084465 -0.094867 -0.178512 0.162427 -0.310247 -0.309314 0.198758 -0.571061 0.209580 0.027539 
-0.163449 -0.343473 0.258677 -0.469043 0.302076 0.006308 -0.321754 0.164561 0.087481 -0.076691 -0.163159 0.182272 -0.288694 -0.298302 0.222382 -0.565925 0.208695 0.030470 
-0.138523 -0.324957 0.273071 -0.467724 0.302454 0.006363 -0.316020 0.171824 0.090715 -0.058297 -0.143601 0.192130 -0.265320 -0.285189 0.235854 -0.561613 0.206858 0.033493 
-0.112796 -0.303766 0.280950 -0.467606 0.302869 0.006409 -0.310982 0.180186 0.093654 -0.040576 -0.121113 0.195512 -0.241356 -0.270002 0.243854 -0.557841 0.204639 0.036380 
-0.088132 -0.280510 0.286023 -0.467497 0.303329 0.006459 -0.305871 0.189695 0.096781 -0.024523 -0.096868 0.195983 -0.218385 -0.252896 0.249748 -0.553580 0.202348 0.039357 
-0.065424 -0.256176 0.291816 -0.467398 0.303805 0.006500 -0.301124 0.199643 0.099757 -0.010244 -0.072270 0.196888 -0.197097 -0.234552 0.256622 -0.549229 0.200430 0.042653 
-0.044167 -0.230642 0.301059 -0.467290 0.304302 0.006512 -0.296381 0.210154 0.102012 0.002744 -0.047564 0.200264 -0.177025 -0.214957 0.267198 -0.544575 0.198835 0.046431 
-0.022372 -0.203327 0.314247 -0.467166 0.304814 0.006486 -0.291537 0.221185 0.103205 0.016254 -0.022234 0.206585 -0.156167 -0.193785 0.281812 -0.539525 0.197562 0.050654 
0.001127 -0.172653 0.330824 -0.467033 0.305320 0.006410 -0.286733 0.232746 0.103459 0.031115 0.005084 0.215117 -0.133368 -0.169695 0.300060 -0.534176 0.196826 0.055510 
0.025348 -0.138210 0.348030 -0.466895 0.305863 0.006317 -0.282359 0.244363 0.103052 0.046837 0.034895 0.223729 -0.109543 -0.141909 0.319140 -0.529002 0.197128 0.061173 
0.049818 -0.107281 0.371392 -0.467376 0.295452 0.006277 -0.281150 0.242673 0.104907 0.062243 0.057719 0.235385 -0.085361 -0.117920 0.345753 -0.527665 0.190068 0.069121 
0.060726 -0.077631 0.400795 -0.467657 0.285959 0.006094 -0.524904 0.185172 0.078582 -0.074507 -0.092170 0.377460 0.069869 0.074803 0.250601 -0.278800 0.244684 0.105206 
0.064926 -0.049633 0.424238 -0.467563 0.280151 0.005998 -0.523429 0.185636 0.087457 -0.070496 -0.065759 0.403143 0.073191 0.089960 0.261994 -0.277089 0.247435 0.105211 
0.068546 -0.017236 0.444994 0.076070 0.108057 0.271435 -0.521973 0.188890 0.096390 -0.067081 -0.034560 0.426308 -0.467458 0.275639 0.005878 -0.275289 0.251365 0.104244 
0.074799 0.022889 0.461705 0.080016 0.132463 0.277737 -0.520091 0.196297 0.104503 -0.061002 0.003851 0.446232 -0.467362 0.274776 0.005759 -0.273539 0.259754 0.102716 
0.085630 0.074630 0.472109 0.087969 0.168577 0.279634 -0.516406 0.205974 0.112459 -0.049950 0.052312 0.459297 -0.466791 0.275249 0.005552 -0.270734 0.271420 0.099044 
0.105036 0.135932 0.473571 0.102592 0.218778 0.276065 -0.515155 0.216087 0.118321 -0.029263 0.106184 0.462492 -0.466305 0.275860 0.005490 -0.270415 0.283542 0.099093 
0.122053 0.195440 0.469861 0.111656 0.264906 0.267514 -0.510310 0.223046 0.122889 -0.010750 0.158430 0.463722 -0.466491 0.277367 0.005335 -0.269835 0.301640 0.094391 
0.130878 0.236006 0.449041 0.110844 0.296950 0.244683 -0.503477 0.235498 0.125935 -0.001235 0.196134 0.449847 -0.466456 0.287498 0.005041 -0.268897 0.326303 0.086640 
0.140630 0.263805 0.419061 0.110878 0.322293 0.215170 -0.497879 0.249085 0.128441 0.009244 0.222177 0.426036 -0.466345 0.298645 0.004993 -0.268142 0.347267 0.079459 
0.155246 0.288674 0.387719 0.114723 0.346206 0.185419 -0.492607 0.261995 0.130004 0.025140 0.244628 0.400998 -0.466893 0.310984 0.004989 -0.267576 0.365845 0.071747 
0.173064 0.313480 0.358665 0.121860 0.370032 0.158521 -0.486203 0.271138 0.130987 0.044804 0.266324 0.377894 -0.466986 0.320578 0.004986 -0.266268 0.379954 0.063125 
0.192235 0.336306 0.330547 0.130280 0.391780 0.133159 -0.478917 0.277299 0.131345 0.066264 0.285852 0.355643 -0.466943 0.328091 0.004986 -0.264526 0.390350 0.053413 
0.210597 0.356550 0.302880 0.138502 0.411302 0.108761 -0.472416 0.282445 0.131067 0.087119 0.302998 0.333366 -0.467409 0.335063 0.004987 -0.263271 0.398445 0.043775 
0.226831 0.375042 0.276654 0.145851 0.429245 0.085914 -0.466546 0.286455 0.130597 0.105883 0.318576 0.311685 -0.467580 0.340386 0.004978 -0.262193 0.404466 0.035041 
0.121895 0.332923 0.291389 0.240308 0.392038 0.252300 -0.467448 0.343099 0.004979 -0.461073 0.288632 0.130209 -0.261391 0.408259 0.027086 0.151447 0.445170 0.064794 
0.134295 0.345378 0.273153 0.250325 0.406674 0.230446 -0.467330 0.343741 0.004973 -0.456221 0.289483 0.129963 -0.261113 0.410426 0.019857 0.154825 0.457873 0.045687 
0.142391 0.354704 0.255310 0.256219 0.417465 0.208963 -0.467207 0.343856 0.004973 -0.451568 0.290257 0.129762 -0.261495 0.413195 0.013246 0.154634 0.466397 0.026854 
0.144902 0.357062 0.252785 -0.449949 0.290137 0.129503 0.154990 0.469027 0.024356 0.258061 0.420513 0.205742 -1.126995 0.661689 0.005765 -1.129488 0.645108 0.008508 
0.142621 0.356474 0.255247 -0.450115 0.290163 0.129534 0.256104 0.419593 0.208540 -1.122705 0.669654 0.006169 -1.124985 0.652912 0.007950 -1.057337 0.660622 0.004960 0.154006 0.467611 0.026475 
0.139349 0.353715 0.255964 -0.450241 0.290192 0.129560 0.253168 0.416236 0.209270 -1.116799 0.677565 0.005829 -1.118896 0.660733 0.006801 -1.051317 0.669353 0.004967 0.151460 0.464465 0.027042 
0.136925 0.351340 0.256014 -0.450339 0.290205 0.129576 0.250969 0.413454 0.209326 -1.108295 0.685070 0.005044 -1.110125 0.668180 0.005265 -1.042679 0.677958 0.004972 0.149448 0.462029 0.027085 
0.135757 0.350048 0.256040 -0.450439 0.290221 0.129584 0.249927 0.411915 0.209331 -1.104872 0.687094 0.005148 -1.106516 0.670184 0.005103 -1.039182 0.680708 0.004960 0.148490 0.460678 0.027094 
0.135655 0.349780 0.255943 -0.450527 0.290258 0.129566 0.249841 0.411628 0.209249 -1.104788 0.687372 0.005147 -1.106426 0.670461 0.005072 -1.039096 0.681007 0.004942 0.148414 0.460472 0.027028 
0.135697 0.349675 0.255778 -0.450532 0.290241 0.129544 0.249876 0.411533 0.209079 -1.104738 0.687392 0.005156 -1.106381 0.670482 0.005073 -1.039047 0.681012 0.004965 0.148410 0.460442 0.026897 
0.135752 0.349571 0.255612 -0.450581 0.290267 0.129508 0.249922 0.411440 0.208905 -1.104064 0.688651 0.005173 -1.105677 0.671739 0.004960 -1.038362 0.682390 0.004973 0.148414 0.460412 0.026764 
0.135807 0.349459 0.255425 -0.450577 0.290243 0.129484 0.249968 0.411339 0.208710 -1.103924 0.688929 0.005261 -1.105513 0.672016 0.005007 -1.038214 0.682761 0.004971 0.148413 0.460382 0.026613 
0.135877 0.349327 0.255199 -0.450571 0.290219 0.129450 0.250025 0.411227 0.208481 -1.103528 0.690011 0.005304 -1.105093 0.673098 0.004934 -1.037809 0.683936 0.004960 0.148419 0.460357 0.026436 
0.137646 0.348751 0.253328 -0.450828 0.287719 0.129497 0.251509 0.410713 0.206001 -1.102999 0.690085 0.005340 -1.104535 0.673169 0.004978 -1.037269 0.684121 0.005070 0.148870 0.459898 0.024552 
0.141692 0.350345 0.251478 -0.450987 0.283125 0.129924 0.254849 0.412760 0.203066 -1.102932 0.690141 0.005137 -1.104571 0.673231 0.004975 -1.037241 0.683772 0.005414 0.150514 0.460869 0.022296 
0.143244 0.355359 0.256670 -0.452626 0.281153 0.131180 0.256165 0.418128 0.208162 -1.102932 0.690257 0.004991 -1.104698 0.673360 0.005220 -1.037298 0.683412 0.006114 0.152454 0.463319 0.026285 
0.141783 0.361481 0.265686 -0.454066 0.281861 0.134152 0.254962 0.423881 0.217305 -1.102988 0.690409 0.004987 -1.104881 0.673541 0.005714 -1.037422 0.683142 0.007059 0.153143 0.465167 0.033441 
0.139711 0.367009 0.274174 -0.454077 0.284330 0.138793 0.253261 0.428509 0.225512 -1.103042 0.690589 0.004984 -1.105067 0.673771 0.006297 -1.037557 0.682941 0.008019 0.152978 0.466039 0.040006 
0.138682 0.372028 0.280763 -0.452671 0.287503 0.144692 0.252426 0.432326 0.231059 -1.103096 0.690814 0.004984 -1.105278 0.674089 0.007029 -1.037714 0.682786 0.009073 0.152494 0.466346 0.044689 
0.138980 0.377034 0.285904 -0.450977 0.290834 0.152648 0.252682 0.436107 0.234656 -1.103175 0.691092 0.004986 -1.105605 0.674534 0.007919 -1.037972 0.682511 0.010550 0.152200 0.466687 0.047985 
0.140605 0.383125 0.290800 -0.449462 0.294141 0.162752 0.254014 0.441081 0.237662 -1.103272 0.691422 0.004991 -1.106053 0.675136 0.008955 -1.038346 0.682128 0.012360 0.152465 0.467712 0.050963 
0.143257 0.390302 0.295646 -0.447627 0.297557 0.174191 0.256170 0.447170 0.240323 -1.103039 0.692177 0.004732 -1.106360 0.676327 0.009871 -1.038621 0.681948 0.014814 0.153176 0.469328 0.053831 
-1.107261 0.677437 0.011212 0.146722 0.398078 0.300066 -0.445297 0.301246 0.186683 -1.103230 0.692634 0.004772 0.258973 0.453836 0.242319 
-1.107921 0.679843 0.012491 0.151081 0.406403 0.303932 -0.442716 0.305047 0.200246 -1.103094 0.694293 0.004970 0.262476 0.461110 0.243580 
-1.105069 0.682308 0.012755 0.155911 0.415523 0.308196 -0.438977 0.308974 0.214944 -1.099643 0.696195 0.004608 0.266319 0.468945 0.244950 
-1.100272 0.684358 0.012153 0.161102 0.425960 0.313327 -0.434202 0.313302 0.231000 -1.094598 0.698017 0.003792 0.270416 0.477904 0.247022 
-1.096231 0.685487 0.011767 -0.428804 0.317838 0.247993 -1.090497 0.699073 0.003331 0.166649 0.437259 0.318848 0.105917 1.385578 0.005001 0.089810 1.379545 0.005040 0.128909 1.324247 0.013116 0.274772 0.487585 0.249417 
-0.422898 0.322464 0.265593 -1.084321 0.699823 0.003076 0.172327 0.448036 0.323722 -1.090035 0.686257 0.011559 -0.452628 0.335400 0.132782 0.102495 1.389818 0.004953 0.086208 1.384292 0.005169 0.123693 1.327550 0.010372 0.279129 0.496443 0.250962 
-0.416970 0.327328 0.284061 -1.076710 0.700968 0.002642 0.178160 0.457770 0.327455 -1.082398 0.687363 0.011081 -0.449066 0.335158 0.151403 0.098530 1.399934 0.004960 0.082212 1.394504 0.005243 0.119395 1.337383 0.007777 0.283454 0.503856 0.251078 
-1.077535 0.687763 0.011134 -1.071817 0.701351 0.002689 0.117072 1.350760 0.005692 0.287618 0.510103 0.250241 0.183957 0.466672 0.330317 0.095633 1.413177 0.004964 0.079366 1.407592 0.005167 -0.445873 0.335157 0.171255 0.060876 0.437735 0.153661 -0.411288 0.332702 0.303496 
-1.072856 0.688034 0.011249 -1.067082 0.701597 0.002801 0.115208 1.361775 0.004977 0.291804 0.515441 0.248471 0.092810 1.423858 0.004940 0.076631 1.418021 0.005146 0.189925 0.475108 0.332364 0.063363 0.438675 0.159597 -0.442491 0.335789 0.191429 -0.405227 0.338725 0.322930 
-1.072505 0.688221 0.011402 -1.066682 0.701748 0.002929 0.115102 1.368644 0.005441 0.295603 0.518276 0.245034 0.092126 1.430513 0.004890 0.076004 1.424529 0.005205 0.195278 0.480201 0.331806 0.065674 0.439036 0.162390 -0.438865 0.337718 0.209868 -0.399137 0.345211 0.340464 
-1.072050 0.688432 0.011508 -1.066262 0.701969 0.003028 0.115517 1.376349 0.005153 0.300140 0.521822 0.239195 -0.433567 0.340789 0.223204 0.092054 1.438038 0.004895 0.075979 1.431925 0.005166 0.201662 0.485626 0.328839 0.068478 0.441088 0.163092 
-1.071057 0.688785 0.011555 -1.065278 0.702332 0.003085 0.115546 1.381428 0.005059 0.305422 0.528557 0.233703 -0.427413 0.344155 0.235176 0.091791 1.443004 0.004923 0.075746 1.436815 0.005206 0.208921 0.493889 0.326059 0.072645 0.445289 0.164008 
-1.069229 0.689091 0.011578 -1.063476 0.702669 0.003139 0.115431 1.384018 0.005012 0.310684 0.536349 0.227676 -0.420987 0.347640 0.247917 0.091653 1.445586 0.004925 0.075611 1.439391 0.005238 0.172384 0.483660 0.072839 0.077017 0.450136 0.164878 
-1.065866 0.689981 0.011165 -1.060219 0.703665 0.002827 0.115152 1.386242 0.005012 0.315605 0.544930 0.220404 -0.414805 0.351444 0.262123 0.091385 1.447814 0.004937 0.075342 1.441622 0.005271 0.174041 0.487254 0.070368 0.081182 0.455429 0.165521 
-1.062524 0.691300 0.010551 -1.056940 0.705089 0.002344 0.114856 1.388609 0.005020 0.320027 0.552409 0.212281 -0.408448 0.355811 0.276640 0.091111 1.450190 0.004940 0.075066 1.444003 0.005297 0.175155 0.490263 0.067272 0.084890 0.460241 0.165459 
-1.058599 0.692223 0.010330 -1.053062 0.706091 0.002227 0.114277 1.390925 0.005007 0.323886 0.558298 0.203165 -0.401400 0.360630 0.290702 0.090553 1.452514 0.004942 0.074507 1.446333 0.005342 0.175542 0.492289 0.063470 0.087992 0.464236 0.164652 
-1.054955 0.692596 0.010421 -1.049471 0.706530 0.002393 0.175741 0.494029 0.059160 0.091076 0.467982 0.163291 -0.393769 0.365514 0.304463 0.089893 1.454851 0.004950 0.073848 1.448670 0.005399 0.113618 1.393262 0.004980 0.327546 0.563698 0.193247 
-1.051760 0.693826 0.009558 -1.046361 0.707901 0.001722 0.176209 0.496120 0.054377 0.094523 0.471871 0.161284 -0.385516 0.370261 0.317379 0.089340 1.457512 0.004956 0.073306 1.451307 0.005454 0.113162 1.395961 0.005041 0.331261 0.569173 0.182829 
-1.050106 0.694854 0.008863 -1.044860 0.709077 0.001193 0.176456 0.497559 0.049374 0.097531 0.474818 0.158661 -0.377436 0.374819 0.328591 0.089107 1.460777 0.004990 0.073116 1.454466 0.005551 0.113356 1.399397 0.005674 0.334486 0.572954 0.172744 
-1.048483 0.695034 0.009000 -1.043387 0.709363 0.001425 0.176255 0.497601 0.045399 0.099364 0.475985 0.156351 -0.371149 0.378626 0.336640 0.088872 1.466552 0.004987 0.072954 1.460061 0.005571 0.113821 1.405457 0.005962 0.336656 0.573928 0.165079 
-1.044843 0.695013 0.009271 -1.039942 0.709459 0.001792 0.175887 0.497217 0.043015 0.100229 0.476346 0.154954 -0.367686 0.381059 0.341343 0.088338 1.475627 0.004984 0.072519 1.468897 0.005542 0.114189 1.414903 0.005456 0.337796 0.573858 0.160443 
-1.040523 0.695179 0.009440 -1.035882 0.709755 0.002046 0.114617 1.423363 0.005001 0.338389 0.573963 0.158131 0.175722 0.497056 0.041932 0.087858 1.483695 0.004981 0.072142 1.476724 0.005501 -0.365998 0.382398 0.343639 0.100703 0.476661 0.154387 
-1.035731 0.695706 0.009389 -1.031337 0.710412 0.002102 0.115216 1.426760 0.004982 0.338630 0.573770 0.157278 0.175635 0.496818 0.041568 0.088020 1.486897 0.004937 0.072354 1.479813 0.005436 -0.365221 0.383027 0.344355 0.100849 0.476677 0.154222 
-1.033369 0.695762 0.009629 -1.029083 0.710516 0.002376 0.115205 1.427124 0.004973 0.338506 0.573526 0.157470 0.175535 0.496674 0.041661 0.087935 1.487226 0.004952 0.072279 1.480123 0.005450 -0.365401 0.382982 0.344010 0.100685 0.476535 0.154274 
-1.032271 0.695815 0.009866 -1.027977 0.710571 0.002622 0.115188 1.427158 0.004972 0.337998 0.572992 0.158598 0.175328 0.496446 0.042164 0.087883 1.487244 0.004955 0.072230 1.480132 0.005438 -0.366590 0.382405 0.342675 0.100140 0.476123 0.154519 
-1.031276 0.695934 0.010057 -1.026966 0.710686 0.002814 0.115077 1.427170 0.004969 0.337201 0.572306 0.160415 -0.368382 0.381495 0.340572 0.087673 1.487212 0.004958 0.072032 1.480073 0.005418 0.175035 0.496161 0.043019 0.099319 0.475563 0.154968 
-1.030541 0.695966 0.010280 -1.026236 0.710711 0.003019 0.114929 1.427175 0.004967 0.336262 0.571624 0.162574 -0.370382 0.380408 0.338067 0.087394 1.487157 0.004961 0.071767 1.479983 0.005382 0.174714 0.495876 0.044074 0.098385 0.474972 0.155549 
-1.030178 0.696000 0.010487 -1.025885 0.710738 0.003205 0.114848 1.427163 0.004965 0.335341 0.571131 0.164782 -0.372355 0.379298 0.335580 0.087199 1.487093 0.004963 0.071585 1.479889 0.005332 0.174460 0.495724 0.045163 0.097513 0.474487 0.156149 
-1.030040 0.696030 0.010677 -1.025753 0.710758 0.003372 0.114805 1.427149 0.004965 0.334535 0.570746 0.166728 -0.374063 0.378302 0.333378 0.087035 1.487022 0.004966 0.071434 1.479786 0.005270 0.174257 0.495635 0.046117 0.096768 0.474090 0.156667 
-1.030056 0.696046 0.010841 -1.025766 0.710766 0.003522 0.114788 1.427141 0.004966 0.333931 0.570363 0.168157 -0.375322 0.377554 0.331738 0.086913 1.486965 0.004968 0.071324 1.479702 0.005206 0.174082 0.495520 0.046812 0.096198 0.473741 0.157036 
-1.030072 0.696055 0.010982 -1.025777 0.710771 0.003657 0.114774 1.427134 0.004968 0.333567 0.570166 0.169028 -0.376000 0.377127 0.330832 0.086832 1.486928 0.004970 0.071251 1.479646 0.005158 0.173987 0.495473 0.047238 0.095863 0.473549 0.157265 
-1.030078 0.696057 0.011105 -1.025782 0.710773 0.003780 0.114767 1.427131 0.004969 0.333461 0.570201 0.169337 -0.376195 0.376993 0.330563 0.086805 1.486915 0.004972 0.071225 1.479628 0.005132 0.173983 0.495512 0.047409 0.095782 0.473544 0.157372 
-1.030078 0.696059 0.011218 -1.025783 0.710774 0.003890 0.114766 1.427131 0.004971 0.333463 0.570217 0.169337 -0.376170 0.377016 0.330552 0.086804 1.486915 0.004971 0.071225 1.479628 0.005130 0.173988 0.495521 0.047412 0.095787 0.473554 0.157375 
-1.030080 0.696062 0.011321 -1.025783 0.710775 0.003991 0.114767 1.427131 0.004972 0.333494 0.570243 0.169269 -0.376094 0.377071 0.330609 0.086805 1.486915 0.004972 0.071225 1.479628 0.005133 0.173998 0.495531 0.047379 0.095817 0.473575 0.157358 
-1.030084 0.696065 0.011414 -1.025784 0.710776 0.004082 0.114767 1.427131 0.004974 0.333541 0.570293 0.169168 -0.375985 0.377140 0.330714 0.086807 1.486916 0.004972 0.071227 1.479630 0.005136 0.174017 0.495552 0.047333 0.095865 0.473613 0.157337 
-1.030088 0.696069 0.011499 -1.025784 0.710777 0.004164 0.114767 1.427132 0.004975 0.333601 0.570359 0.169043 -0.375850 0.377221 0.330852 0.086810 1.486918 0.004973 0.071230 1.479632 0.005138 0.174043 0.495580 0.047277 0.095927 0.473663 0.157311 
-1.030093 0.696072 0.011575 -1.025785 0.710778 0.004238 0.114768 1.427132 0.004976 0.333666 0.570433 0.168908 -0.375703 0.377309 0.331002 0.086813 1.486919 0.004974 0.071233 1.479634 0.005141 0.174070 0.495612 0.047217 0.095995 0.473719 0.157284 
-1.030094 0.696074 0.011644 -1.025785 0.710779 0.004306 0.114768 1.427132 0.004977 0.333729 0.570505 0.168779 -0.375562 0.377393 0.331146 0.086816 1.486921 0.004974 0.071236 1.479637 0.005144 0.174097 0.495643 0.047160 0.096060 0.473772 0.157259 
-1.030093 0.696075 0.011707 -1.025785 0.710780 0.004367 0.114768 1.427132 0.004978 0.333785 0.570573 0.168666 -0.375434 0.377469 0.331273 0.086819 1.486922 0.004975 0.071238 1.479639 0.005145 0.174122 0.495672 0.047111 0.096118 0.473822 0.157238 
-1.030092 0.696077 0.011764 -1.025784 0.710780 0.004422 0.114768 1.427132 0.004979 0.333829 0.570630 0.168577 -0.375329 0.377533 0.331372 0.086821 1.486923 0.004975 0.071240 1.479640 0.005146 0.174143 0.495698 0.047073 0.096166 0.473864 0.157222 
-1.030091 0.696078 0.011815 -1.025783 0.710781 0.004472 0.114768 1.427132 0.004980 0.333864 0.570675 0.168509 -0.375245 0.377585 0.331446 0.086823 1.486924 0.004976 0.071241 1.479642 0.005147 0.174159 0.495718 0.047045 0.096203 0.473897 0.157210 
-1.030089 0.696079 0.011862 -1.025783 0.710781 0.004517 0.114767 1.427132 0.004980 0.333894 0.570714 0.168450 -0.375171 0.377631 0.331509 0.086824 1.486925 0.004976 0.071243 1.479643 0.005148 0.174173 0.495736 0.047019 0.096235 0.473925 0.157199 
-1.030088 0.696079 0.011904 -1.025782 0.710782 0.004558 0.114767 1.427132 0.004981 0.333924 0.570743 0.168383 -0.375091 0.377681 0.331578 0.086826 1.486926 0.004976 0.071244 1.479645 0.005148 0.174185 0.495747 0.046988 0.096265 0.473947 0.157184 
-1.030086 0.696080 0.011942 -1.025781 0.710782 0.004595 0.114767 1.427132 0.004982 0.333959 0.570761 0.168300 -0.374995 0.377740 0.331662 0.086829 1.486927 0.004977 0.071247 1.479647 0.005149 0.174194 0.495752 0.046946 0.096297 0.473965 0.157161 
-1.030084 0.696081 0.011977 -1.025780 0.710783 0.004629 0.114767 1.427132 0.004982 0.333999 0.570782 0.168203 -0.374884 0.377807 0.331762 0.086832 1.486929 0.004977 0.071250 1.479650 0.005149 0.174205 0.495757 0.046897 0.096334 0.473985 0.157133 
-1.030082 0.696082 0.012009 -1.025780 0.710783 0.004659 0.114713 1.427111 0.004983 0.334043 0.570803 0.168094 -0.374766 0.377878 0.331886 0.086782 1.486910 0.004977 0.071199 1.479632 0.005154 0.174214 0.495759 0.046847 0.096375 0.474006 0.157109 
-1.030080 0.696083 0.012037 -1.025779 0.710784 0.004686 0.114713 1.427111 0.004982 0.334085 0.570844 0.168003 -0.374655 0.377944 0.331986 0.086786 1.486912 0.004977 0.071202 1.479634 0.005154 0.174230 0.495775 0.046806 0.096417 0.474038 0.157089 
-1.030079 0.696084 0.012065 -1.025778 0.710784 0.004711 0.114712 1.427111 0.004981 0.334114 0.570877 0.167943 -0.374577 0.377993 0.332050 0.086788 1.486913 0.004977 0.071204 1.479636 0.005153 0.174243 0.495789 0.046779 0.096447 0.474062 0.157077 
-1.030079 0.696087 0.012090 -1.025778 0.710786 0.004734 0.114711 1.427110 0.004980 0.334132 0.570889 0.167902 -0.374524 0.378029 0.332085 0.086791 1.486914 0.004977 0.071206 1.479638 0.005153 0.174248 0.495793 0.046759 0.096464 0.474072 0.157066 
-1.030078 0.696090 0.012114 -1.025778 0.710787 0.004754 0.114710 1.427110 0.004979 0.334144 0.570894 0.167870 -0.374490 0.378056 0.332106 0.086792 1.486915 0.004977 0.071208 1.479639 0.005152 0.174252 0.495794 0.046741 0.096476 0.474077 0.157055 
-1.030079 0.696093 0.012135 -1.025778 0.710788 0.004772 0.114654 1.427087 0.004978 0.334161 0.570903 0.167826 -0.374465 0.378083 0.332168 0.086738 1.486893 0.004978 0.071154 1.479618 0.005155 0.174258 0.495794 0.046718 0.096494 0.474080 0.157041 
-1.030079 0.696096 0.012155 -1.025778 0.710790 0.004789 0.114653 1.427087 0.004977 0.334179 0.570929 0.167794 -0.374427 0.378111 0.332204 0.086739 1.486893 0.004977 0.071154 1.479619 0.005154 0.174268 0.495808 0.046703 0.096515 0.474098 0.157034 
-1.030080 0.696099 0.012173 -1.025779 0.710791 0.004804 0.114597 1.427065 0.004977 0.334205 0.570945 0.167730 -0.374389 0.378147 0.332297 0.086685 1.486872 0.004977 0.071099 1.479598 0.005157 0.174277 0.495810 0.046671 0.096542 0.474105 0.157016 
-1.030080 0.696102 0.012190 -1.025779 0.710793 0.004818 0.114595 1.427065 0.004977 0.334230 0.570968 0.167676 -0.374324 0.378188 0.332349 0.086685 1.486873 0.004976 0.071099 1.479599 0.005156 0.174286 0.495819 0.046646 0.096567 0.474123 0.157004 
-1.030080 0.696104 0.012204 -1.025779 0.710794 0.004830 0.114528 1.427043 0.004977 0.334260 0.570989 0.167606 -0.374260 0.378235 0.332445 0.086619 1.486852 0.004976 0.071033 1.479579 0.005160 0.174295 0.495821 0.046614 0.096597 0.474136 0.156989 
-1.030081 0.696106 0.012218 -1.025779 0.710795 0.004841 0.114468 1.427020 0.004976 0.334291 0.571023 0.167542 -0.374187 0.378281 0.332535 0.086562 1.486830 0.004976 0.070976 1.479558 0.005162 0.174308 0.495831 0.046589 0.096631 0.474159 0.156981 
-1.030081 0.696108 0.012230 -1.025780 0.710796 0.004852 0.114409 1.426998 0.004976 0.334319 0.571056 0.167484 -0.374121 0.378327 0.332623 0.086505 1.486809 0.004976 0.070919 1.479538 0.005164 0.174319 0.495839 0.046569 0.096661 0.474179 0.156977 
-1.030082 0.696111 0.012241 -1.025781 0.710797 0.004861 0.114338 1.426991 0.004975 0.334340 0.571089 0.167445 -0.374058 0.378361 0.332672 0.086438 1.486804 0.004984 0.070851 1.479533 0.005174 0.174331 0.495855 0.046554 0.096686 0.474202 0.156972 
-1.030082 0.696113 0.012251 -1.025781 0.710798 0.004869 0.114335 1.426991 0.004976 0.334359 0.571106 0.167404 -0.373997 0.378401 0.332714 0.086437 1.486804 0.004978 0.070850 1.479535 0.005165 0.174338 0.495862 0.046535 0.096704 0.474216 0.156962 
-1.030082 0.696115 0.012261 -1.025782 0.710799 0.004877 0.114331 1.426990 0.004977 0.334377 0.571133 0.167370 -0.373944 0.378439 0.332753 0.086436 1.486805 0.004977 0.070849 1.479536 0.005160 0.174347 0.495874 0.046522 0.096724 0.474235 0.156959 
-1.030083 0.696117 0.012270 -1.025782 0.710801 0.004883 0.114327 1.426990 0.004977 0.334394 0.571162 0.167341 -0.373894 0.378476 0.332791 0.086436 1.486807 0.004976 0.070848 1.479538 0.005156 0.174356 0.495887 0.046513 0.096743 0.474256 0.156958 
-1.030084 0.696119 0.012278 -1.025783 0.710802 0.004890 0.114322 1.426989 0.004977 0.334411 0.571185 0.167309 -0.373844 0.378515 0.332829 0.086435 1.486808 0.004976 0.070846 1.479540 0.005152 0.174364 0.495897 0.046501 0.096761 0.474273 0.156955 
-1.030084 0.696122 0.012286 -1.025783 0.710803 0.004895 0.114200 1.426941 0.004977 0.334427 0.571198 0.167275 -0.373791 0.378560 0.332888 0.086316 1.486761 0.004975 0.070727 1.479495 0.005159 0.174363 0.495890 0.046502 0.096775 0.474285 0.156970 
-1.030086 0.696126 0.012294 -1.025785 0.710805 0.004900 0.114135 1.426916 0.004977 0.334449 0.571253 0.167248 -0.373747 0.378598 0.332984 0.086256 1.486739 0.004975 0.070667 1.479473 0.005159 0.174378 0.495912 0.046506 0.096804 0.474320 0.156987 
-1.030088 0.696128 0.012301 -1.025786 0.710807 0.004905 0.114131 1.426915 0.004977 0.334460 0.571286 0.167236 -0.373698 0.378624 0.333004 0.086255 1.486739 0.004975 0.070665 1.479475 0.005155 0.174388 0.495930 0.046505 0.096820 0.474340 0.156990 
