1.532839 0.509526 0.004441 1.616265 0.619453 0.004566 1.703686 0.380340 0.004322 1.788741 0.487371 0.004444 
1.532839 0.509526 0.004492 1.616265 0.619454 0.004604 1.703686 0.380341 0.004385 1.788740 0.487372 0.004495 
1.532839 0.509527 0.004536 1.616265 0.619454 0.004639 1.703686 0.380341 0.004439 1.788741 0.487372 0.004539 
1.532839 0.509527 0.004577 1.616265 0.619455 0.004670 1.703686 0.380341 0.004487 1.788741 0.487372 0.004579 
1.532729 0.509648 0.004923 1.616203 0.619540 0.004931 1.703519 0.380390 0.003878 1.788619 0.487384 0.003871 
1.532727 0.509650 0.004927 1.616201 0.619541 0.004933 1.703517 0.380391 0.003980 1.788618 0.487385 0.003973 
1.532674 0.509582 0.004936 1.616119 0.619495 0.004772 1.703497 0.380368 0.003928 1.788570 0.487384 0.003751 
1.532677 0.509584 0.004928 1.616123 0.619497 0.004786 1.703500 0.380368 0.004025 1.788573 0.487384 0.003871 
1.532678 0.509555 0.004918 1.616120 0.619471 0.004728 1.703505 0.380345 0.004174 1.788575 0.487363 0.003975 
1.532676 0.509556 0.004923 1.616118 0.619471 0.004747 1.703503 0.380345 0.004252 1.788573 0.487363 0.004069 
1.532724 0.509415 0.004648 1.616153 0.619340 0.004284 1.703568 0.380224 0.004661 1.788625 0.487252 0.004301 
1.532617 0.509395 0.004887 1.616034 0.619329 0.004350 1.703474 0.380223 0.004596 1.788519 0.487259 0.004060 
1.532511 0.509264 0.005023 1.615927 0.619197 0.004307 1.703368 0.380091 0.004764 1.788413 0.487127 0.004052 
1.532652 0.508964 0.004507 1.616013 0.618937 0.003508 1.703576 0.379881 0.005224 1.788567 0.486958 0.004245 
1.532665 0.508669 0.004413 1.615873 0.618755 0.003188 1.703767 0.379825 0.005424 1.788610 0.487017 0.004225 
1.532664 0.508664 0.004465 1.615873 0.618751 0.003355 1.703766 0.379819 0.005379 1.788609 0.487012 0.004292 
1.532544 0.508638 0.004693 1.615725 0.618745 0.003507 1.703677 0.379832 0.005104 1.788492 0.487046 0.003935 
1.532500 0.508639 0.004792 1.615671 0.618755 0.003671 1.703645 0.379848 0.004979 1.788451 0.487071 0.003872 
1.532489 0.508366 0.004687 1.615631 0.618499 0.003246 1.703667 0.379620 0.005407 1.788445 0.486861 0.003989 
1.532487 0.508314 0.004683 1.615622 0.618453 0.003270 1.703673 0.379581 0.005472 1.788445 0.486827 0.004084 
1.532564 0.508355 0.004562 1.615698 0.618498 0.003424 1.703753 0.379625 0.005353 1.788523 0.486875 0.004237 
1.532587 0.508220 0.004431 1.615813 0.618292 0.003082 1.703670 0.379353 0.005699 1.788529 0.486531 0.004381 
1.532538 0.507793 0.004401 1.615771 0.617850 0.002486 1.703611 0.378919 0.006150 1.788478 0.486082 0.004279 
1.532687 0.508021 0.004194 1.615914 0.618091 0.002788 1.703768 0.379155 0.005820 1.788629 0.486331 0.004450 
1.532668 0.507762 0.004023 1.615896 0.617830 0.002534 1.703748 0.378901 0.006110 1.788609 0.486075 0.004665 
1.532669 0.507755 0.004115 1.615896 0.617825 0.002761 1.703749 0.378892 0.006009 1.788610 0.486068 0.004695 
1.532669 0.507749 0.004200 1.615897 0.617821 0.002965 1.703749 0.378884 0.005921 1.788610 0.486061 0.004723 
1.532781 0.507201 0.003852 1.616020 0.617255 0.001997 1.703847 0.378335 0.006581 1.788719 0.485495 0.004784 
1.532645 0.506932 0.003961 1.615880 0.616986 0.001933 1.703716 0.378071 0.006665 1.788584 0.485232 0.004695 
1.532836 0.506599 0.003678 1.616109 0.616617 0.001285 1.703863 0.377694 0.006983 1.788768 0.484817 0.004660 
1.532815 0.506507 0.003752 1.616097 0.616519 0.001399 1.703831 0.377584 0.006932 1.788746 0.484701 0.004647 
1.532760 0.506282 0.003926 1.615986 0.616334 0.001467 1.703843 0.377441 0.006868 1.788702 0.484600 0.004474 
1.532722 0.506007 0.003897 1.615958 0.616046 0.001208 1.703792 0.377158 0.007147 1.788662 0.484304 0.004531 
1.532709 0.505879 0.003902 1.615977 0.615893 0.001207 1.703741 0.376981 0.007205 1.788642 0.484101 0.004584 
1.532701 0.505856 0.004007 1.615966 0.615878 0.001535 1.703737 0.376955 0.006996 1.788635 0.484083 0.004590 
1.532664 0.505613 0.003977 1.615924 0.615633 0.001259 1.703706 0.376726 0.007221 1.788599 0.483852 0.004575 
1.532586 0.505590 0.004242 1.615840 0.615616 0.001594 1.703634 0.376700 0.006943 1.788521 0.483832 0.004359 
1.532585 0.505578 0.004313 1.615839 0.615610 0.001911 1.703634 0.376682 0.006757 1.788521 0.483820 0.004413 
1.532585 0.505567 0.004378 1.615839 0.615604 0.002199 1.703633 0.376667 0.006587 1.788521 0.483810 0.004461 
1.532584 0.505557 0.004436 1.615838 0.615598 0.002458 1.703633 0.376654 0.006434 1.788520 0.483800 0.004504 
1.532606 0.505414 0.004468 1.615856 0.615458 0.002500 1.703660 0.376518 0.006461 1.788543 0.483668 0.004541 
1.532898 0.505192 0.004918 1.615773 0.615514 0.002723 1.704388 0.376871 0.006529 1.788906 0.484304 0.004379 
1.532973 0.505022 0.005171 1.615553 0.615565 0.002944 1.704804 0.377153 0.006344 1.789034 0.484811 0.004155 
1.532968 0.505008 0.005100 1.615554 0.615552 0.003248 1.704791 0.377127 0.006045 1.789028 0.484787 0.004225 
1.532798 0.504962 0.005148 1.615463 0.615457 0.003967 1.704531 0.376955 0.005104 1.788844 0.484565 0.003934 
1.532772 0.505003 0.005125 1.615501 0.615452 0.004077 1.704431 0.376897 0.005083 1.788806 0.484459 0.004046 
1.532789 0.504884 0.005006 1.615504 0.615345 0.004184 1.704466 0.376802 0.005053 1.788827 0.484377 0.004240 
1.532787 0.504890 0.005002 1.615528 0.615332 0.004242 1.704433 0.376768 0.005062 1.788821 0.484323 0.004310 
1.532786 0.504888 0.005001 1.615527 0.615330 0.004309 1.704432 0.376766 0.005055 1.788819 0.484321 0.004370 
1.532784 0.504887 0.005002 1.615526 0.615329 0.004368 1.704429 0.376764 0.005054 1.788818 0.484318 0.004426 
1.532883 0.504826 0.005004 1.615530 0.615339 0.004425 1.704638 0.376850 0.005071 1.788934 0.484477 0.004499 
1.534863 0.508232 0.004996 1.621745 0.615449 0.004570 1.701512 0.373679 0.006080 1.789930 0.477948 0.005673 
1.545415 0.500459 0.005193 1.635651 0.604869 0.004807 1.707706 0.360709 0.008275 1.799383 0.462125 0.007936 
1.567697 0.485705 0.004976 1.656501 0.591336 0.005063 1.731837 0.348202 0.010322 1.822122 0.450859 0.010484 
1.568108 0.485457 0.004917 1.656652 0.591306 0.004793 1.732638 0.348319 0.005911 1.822671 0.451197 0.005802 
1.293227 0.706502 0.147914 1.462462 0.757968 0.027131 1.822529 0.451018 0.006245 1.330320 0.573676 0.142859 1.732375 0.348246 0.006323 
1.289901 0.694798 0.134253 1.822147 0.450401 0.005816 1.656754 0.591247 0.004841 1.477303 0.741289 0.041535 1.323347 0.560912 0.134160 1.731657 0.347924 0.005896 
1.299365 0.680028 0.108072 1.822150 0.450358 0.005225 1.656775 0.591229 0.004854 1.500314 0.722647 0.047402 1.330062 0.545638 0.114481 1.731645 0.347894 0.005301 
1.322859 0.674258 0.072319 1.532843 0.712024 0.053394 1.822154 0.450352 0.004947 1.348450 0.539145 0.083883 1.731650 0.347889 0.005014 
1.348604 0.676484 0.045035 1.559874 0.709940 0.056141 1.822220 0.450359 0.005009 1.369587 0.540828 0.059219 1.731731 0.347882 0.004976 
1.366213 0.681759 0.027146 1.576727 0.712695 0.051727 1.822237 0.450289 0.004916 1.384605 0.545884 0.042753 1.731749 0.347811 0.005025 
1.378207 0.684371 0.011930 1.587916 0.714221 0.043698 1.822458 0.450377 0.005154 1.395141 0.548535 0.029419 1.732002 0.347871 0.005025 
1.382876 0.683532 0.004646 1.592441 0.713275 0.037443 1.822682 0.450560 0.006084 1.399417 0.547843 0.023591 1.732411 0.347892 0.006317 
1.382920 0.683585 0.004664 1.592943 0.712576 0.035117 1.822218 0.449915 0.008517 1.398944 0.548023 0.024916 1.731569 0.347579 0.008887 
1.382603 0.683542 0.004695 1.592882 0.711711 0.034143 1.821409 0.448227 0.012925 1.397891 0.548182 0.026783 1.729758 0.346789 0.013482 
1.382099 0.683509 0.004813 1.592374 0.710986 0.034932 1.821894 0.446625 0.019338 1.396463 0.548486 0.029437 1.729234 0.346109 0.020024 
1.381933 0.683606 0.004820 1.591994 0.710743 0.036691 1.825967 0.444706 0.027960 1.395427 0.549008 0.032118 1.732202 0.345218 0.028407 
1.381714 0.683740 0.004827 1.591429 0.711055 0.038759 1.832510 0.442876 0.037860 1.394538 0.549693 0.035009 1.737597 0.344482 0.037908 
1.381451 0.683836 0.004901 1.590689 0.712018 0.040999 1.840303 0.442279 0.048291 1.393923 0.550485 0.038160 1.744846 0.344414 0.048001 
1.381372 0.683938 0.004909 1.589956 0.714229 0.043029 1.850694 0.440792 0.060820 1.394229 0.551424 0.041223 1.755362 0.342804 0.060779 
1.381106 0.684001 0.004911 1.588828 0.717702 0.044830 1.858963 0.436594 0.074152 1.395320 0.552261 0.043467 1.764717 0.337590 0.076559 
1.381085 0.683890 0.004893 1.588482 0.721140 0.043322 1.860544 0.436667 0.079463 1.397318 0.553005 0.045509 1.767599 0.336593 0.085479 
1.381103 0.683824 0.004847 1.588584 0.723194 0.040619 1.863345 0.443043 0.080939 1.398594 0.553874 0.047869 1.771013 0.342525 0.088724 
1.381153 0.683929 0.004852 1.588849 0.724783 0.037576 1.868361 0.452360 0.081622 1.399575 0.555000 0.050479 1.776296 0.351659 0.090170 
1.381217 0.684059 0.004858 1.589160 0.726470 0.033814 1.874652 0.461523 0.083451 1.400700 0.556450 0.053645 1.783151 0.360421 0.093244 
1.381230 0.684174 0.004890 1.588999 0.729470 0.030544 1.879449 0.467157 0.085998 1.402590 0.558038 0.056634 1.789265 0.365234 0.098977 
1.381259 0.683227 0.004839 1.588492 0.732523 0.027250 1.882091 0.473151 0.089716 1.405107 0.558976 0.059948 1.793530 0.370520 0.107426 
1.381283 0.683175 0.004804 1.587803 0.736715 0.023792 1.886455 0.480443 0.095693 1.407609 0.561488 0.064329 1.799541 0.377379 0.118356 
1.381231 0.683192 0.004832 1.586986 0.740685 0.020226 1.899283 0.489988 0.107266 1.409755 0.564688 0.069540 1.813447 0.386851 0.133438 
1.381258 0.683174 0.004800 1.586195 0.744464 0.015862 1.913868 0.503800 0.119054 1.412019 0.568480 0.075108 1.829821 0.400269 0.149174 
1.381386 0.683024 0.004797 1.585122 0.748848 0.010824 1.923797 0.516076 0.127393 1.415082 0.572598 0.080392 1.841529 0.412997 0.163400 
1.381749 0.682341 0.004954 1.584072 0.752649 0.004932 1.930237 0.530856 0.133155 1.418559 0.577181 0.086382 1.850108 0.428750 0.176093 
1.385560 0.672464 0.005547 1.584224 0.752527 0.004892 1.934571 0.549969 0.137531 1.425568 0.574567 0.094200 1.857404 0.449122 0.188175 
1.388894 0.665148 0.010811 1.584206 0.752873 0.004891 1.936160 0.569285 0.143270 1.432294 0.575563 0.106389 1.862379 0.470899 0.202989 
1.391600 0.660777 0.019501 1.584243 0.753259 0.004899 1.938607 0.589021 0.153146 1.438170 0.580452 0.121594 1.868058 0.494539 0.222325 1.694988 0.527029 0.100387 
1.393189 0.660285 0.030025 1.584295 0.753697 0.004917 1.942706 0.609656 0.165385 1.441958 0.590213 0.138448 1.874244 0.520326 0.242994 1.699782 0.539479 0.120219 
1.394073 0.664463 0.039506 1.584608 0.756000 0.004935 1.443684 0.604882 0.153668 1.706985 0.557646 0.131996 1.948558 0.634699 0.173009 1.881240 0.549718 0.256294 
1.953761 0.663253 0.176317 1.164878 1.420910 0.004454 1.397357 0.666615 0.045913 1.449168 0.617446 0.163989 1.174718 1.434543 0.008082 1.227317 1.395077 0.013719 1.889666 0.582650 0.266233 1.714691 0.575471 0.142904 
1.955776 0.692463 0.177828 1.165142 1.421588 0.004548 1.397180 0.670450 0.058839 1.896967 0.618778 0.276832 1.175714 1.435110 0.005656 1.226973 1.394359 0.013898 1.454521 0.632377 0.178449 1.719083 0.594293 0.160060 
1.955611 0.725073 0.165744 1.165566 1.424053 0.005442 1.391719 0.676887 0.080620 1.906758 0.660254 0.275752 1.176645 1.437199 0.004920 1.226638 1.395498 0.015769 1.457969 0.651055 0.198889 1.722458 0.617712 0.175245 
1.176638 1.437569 0.004925 1.958363 0.765124 0.149867 1.165141 1.424862 0.006406 1.398716 0.681211 0.126237 1.917912 0.705398 0.265997 1.467810 0.671153 0.245270 1.730257 0.650562 0.178497 
1.176878 1.438071 0.004922 1.967325 0.797525 0.146197 1.165251 1.425488 0.006447 1.410796 0.689793 0.174394 1.933953 0.744835 0.267852 1.745130 0.677304 0.192597 
1.952305 0.780122 0.289229 1.764283 0.699390 0.225923 1.176732 1.438100 0.004918 1.980581 0.822481 0.162359 1.165154 1.425442 0.006170 1.428092 0.698448 0.217280 
1.971745 0.816418 0.326748 1.785523 0.723117 0.276809 1.176642 1.438097 0.004912 1.996630 0.844648 0.195319 1.165211 1.425287 0.005944 1.447210 0.710439 0.258831 
1.176624 1.438137 0.004908 1.809885 0.756003 0.334145 1.165347 1.425197 0.006002 1.469907 0.726373 0.302317 2.015151 0.872809 0.233155 
1.176646 1.438254 0.004906 2.033950 0.909885 0.259826 1.851503 0.792767 0.246039 1.165578 1.425167 0.006351 1.494734 0.750595 0.350256 
1.518360 0.787543 0.403631 2.050302 0.951125 0.265073 1.872118 0.827527 0.278027 1.165950 1.425171 0.006959 2.040838 0.974539 0.399431 1.176687 1.438451 0.004906 
1.546156 0.841017 0.455262 2.061712 0.993704 0.247348 1.889436 0.868483 0.290179 2.062410 1.033249 0.378212 1.167706 1.424323 0.007649 1.177870 1.437927 0.004921 
1.574600 0.895072 0.487306 2.072321 1.037288 0.210716 1.908934 0.909548 0.275377 2.082037 1.085296 0.338351 1.170957 1.422862 0.008460 1.180764 1.436544 0.004928 
2.082115 1.080588 0.175535 2.098613 1.135110 0.299813 1.152424 1.420781 0.010987 1.599522 0.936032 0.498821 1.677437 0.936386 0.299304 1.930248 0.948817 0.257795 1.158602 1.435652 0.004945 1.218763 1.419530 0.026781 
2.103243 1.120508 0.168611 1.158676 1.434742 0.004951 2.120705 1.179812 0.290545 1.152381 1.419631 0.010230 1.621411 0.961844 0.507148 1.693058 0.959283 0.305312 1.960736 0.984168 0.259700 
2.121706 1.159564 0.166148 2.137285 1.220483 0.287540 1.157009 1.416272 0.008643 1.645863 0.976709 0.500600 1.711744 0.980039 0.296820 1.986655 1.017181 0.259323 1.158926 1.432971 0.004996 1.221901 1.430009 0.024523 
1.131158 1.352136 0.005749 1.195466 1.362574 0.016313 1.132704 1.336214 0.012070 1.665131 0.991988 0.497941 2.155819 1.258159 0.268757 2.139770 1.197397 0.147348 1.723330 0.998744 0.291920 2.016041 1.046883 0.243423 
1.119211 1.250040 0.030422 1.183005 1.266902 0.031850 1.122592 1.236407 0.040349 1.681283 1.012087 0.502279 2.168250 1.283966 0.245854 2.148857 1.220519 0.126321 1.733176 1.015014 0.294490 2.033444 1.068562 0.230161 
2.049897 1.087181 0.220616 1.094889 1.227860 0.032275 1.160232 1.236689 0.029377 1.097311 1.211600 0.037333 2.179477 1.306330 0.219870 2.156356 1.236756 0.104481 1.741310 1.030769 0.297260 1.700884 1.033906 0.507577 
1.082938 1.172252 0.081119 2.069705 1.104569 0.211336 1.084294 1.155345 0.083977 1.748704 1.044210 0.305345 2.193376 1.325895 0.188151 2.164615 1.248514 0.079180 
2.089382 1.114002 0.205143 1.068582 1.068926 0.153565 1.068590 1.085668 0.149623 1.133975 1.066851 0.144877 1.758913 1.058299 0.315146 2.205863 1.337713 0.170452 2.174733 1.256413 0.065043 
2.100097 1.119117 0.214720 1.041873 1.010877 0.220277 1.043970 1.026967 0.214571 2.215434 1.342538 0.174745 2.184281 1.258834 0.071242 1.106627 1.000044 0.213521 1.763380 1.066599 0.326110 
1.060107 0.954783 0.264803 2.117167 1.128912 0.225362 0.998340 0.962762 0.286646 0.996965 0.977243 0.277468 2.226711 1.353809 0.178041 2.196405 1.266618 0.077199 
0.966452 0.965511 0.288400 2.128592 1.139737 0.235327 2.232962 1.365483 0.180892 2.203281 1.275100 0.082710 0.970197 0.953301 0.299921 1.028654 0.943760 0.270804 
0.933371 0.996386 0.260848 2.135514 1.148850 0.241055 2.235088 1.375366 0.181114 2.205622 1.282727 0.084992 0.943511 0.983228 0.265306 1.769802 1.086586 0.359317 
2.140652 1.154309 0.241611 0.930150 1.029202 0.198233 0.948651 1.052613 0.139364 2.236380 1.381767 0.179028 2.206879 1.288170 0.083849 0.942127 1.016908 0.197108 1.768785 1.091331 0.365411 
2.145837 1.157719 0.236215 0.943983 1.055017 0.139481 0.951711 1.089270 0.083597 0.956772 1.044508 0.134809 1.766878 1.092456 0.365332 2.236851 1.387369 0.174610 2.207725 1.294179 0.078917 
2.148922 1.159542 0.231051 0.963781 1.068359 0.100050 0.971867 1.106549 0.046832 0.976990 1.058557 0.095022 1.764255 1.089861 0.360973 2.235949 1.391183 0.171163 2.207450 1.298572 0.074722 
2.150238 1.158842 0.223911 0.986753 1.055493 0.094925 0.994584 1.093975 0.041880 1.000444 1.046209 0.090211 1.760358 1.084595 0.353471 2.233961 1.392478 0.167146 2.205919 1.301071 0.069431 
2.151020 1.156822 0.214722 1.007621 1.024719 0.116450 1.014881 1.060664 0.061576 1.021739 1.015749 0.112442 1.755463 1.077068 0.342779 2.231296 1.392738 0.162595 2.203894 1.303108 0.063069 
1.024081 0.989827 0.148548 1.030389 1.022627 0.091624 2.150699 1.153936 0.204707 2.228226 1.391895 0.157987 2.201365 1.304405 0.056431 1.038548 0.981164 0.145160 1.750300 1.068251 0.329824 
1.037508 0.960397 0.176451 1.044300 0.990214 0.117963 2.153207 1.152022 0.191820 2.226852 1.392097 0.149887 2.181384 1.240342 0.294043 1.052312 0.952021 0.173900 1.745014 1.057624 0.317363 
1.048309 0.940843 0.190851 1.055979 0.968961 0.131635 2.155740 1.150439 0.180236 2.225707 1.392338 0.142721 2.184236 1.236806 0.284028 1.063370 0.932754 0.188961 1.738599 1.047993 0.306573 
2.158456 1.149646 0.169265 1.059837 0.930377 0.187809 1.068883 0.958419 0.128751 2.224494 1.393263 0.135982 2.187207 1.234186 0.274481 1.075141 0.922639 0.186479 1.732837 1.039131 0.295802 
2.160152 1.148850 0.159449 1.073248 0.926925 0.170571 1.083813 0.956265 0.112404 2.222935 1.393831 0.130123 2.189166 1.231686 0.265940 1.088773 0.919574 0.169683 1.746367 1.033724 0.498850 
2.163085 1.149172 0.147592 1.088494 0.927362 0.146729 1.100851 0.958625 0.089932 2.221835 1.395666 0.122954 2.192441 1.230011 0.255515 1.104232 0.920433 0.146340 1.741736 1.025040 0.494836 
2.168016 1.151914 0.136544 1.097680 0.929821 0.124444 1.111222 0.962913 0.068969 2.222353 1.399874 0.117027 2.197209 1.230725 0.246000 1.113533 0.923150 0.124335 1.737999 1.020216 0.493513 
2.170457 1.152338 0.133867 1.099023 0.931269 0.110200 1.112969 0.965516 0.055531 1.114905 0.924665 0.110114 1.735550 1.015136 0.491828 2.222406 1.401072 0.118050 2.198954 1.229774 0.244482 
2.171552 1.151139 0.131722 1.095591 0.929448 0.105366 1.109809 0.963968 0.050940 1.111451 0.922791 0.105287 1.735201 1.010611 0.490031 2.222141 1.400323 0.118849 2.199676 1.227408 0.243240 
2.172880 1.149856 0.130067 1.089707 0.924621 0.108842 1.104160 0.958651 0.054169 1.105521 0.917857 0.108813 1.735792 1.005383 0.487813 2.221911 1.399457 0.119435 2.200701 1.225258 0.242248 
2.174292 1.149001 0.128972 1.083255 0.918151 0.117802 1.097929 0.951199 0.062589 1.099019 0.911271 0.117874 1.735618 1.000641 0.485922 2.221766 1.398961 0.119823 2.201847 1.223869 0.241575 
2.176112 1.148214 0.128127 1.078044 0.911840 0.128527 1.093100 0.943744 0.072747 1.093766 0.904869 0.128784 1.735840 0.995415 0.483719 2.221602 1.398580 0.120082 2.203374 1.222744 0.241025 
2.177952 1.147743 0.127709 1.074770 0.907377 0.137711 1.090300 0.938303 0.081511 1.090465 0.900357 0.138185 1.735325 0.990961 0.482035 2.221486 1.398474 0.120195 2.204942 1.222190 0.240727 
2.180215 1.147399 0.127496 1.073153 0.905569 0.143336 1.089358 0.935841 0.086971 1.088833 0.898537 0.144068 1.735203 0.985912 0.479955 2.221404 1.398533 0.120206 2.206906 1.221928 0.240532 
2.182319 1.147326 0.127623 1.071968 0.906206 0.145272 1.088875 0.936166 0.088947 1.087629 0.899158 0.146225 1.734899 0.982014 0.478451 2.221448 1.398782 0.120101 2.208759 1.222117 0.240544 
2.184269 1.147350 0.127864 1.071515 0.908262 0.144991 1.089354 0.938083 0.088880 1.087154 0.901209 0.146214 1.734101 0.976726 0.476084 2.221453 1.399089 0.119956 2.210553 1.222453 0.240615 
2.185953 1.147477 0.128200 1.070977 0.910945 0.143636 1.089587 0.940747 0.087766 1.086594 0.903880 0.145069 1.733412 0.972710 0.474387 2.221478 1.399439 0.119783 2.212119 1.222924 0.240748 
2.187581 1.147578 0.128461 1.070686 0.913696 0.141752 1.090148 0.943504 0.086176 1.086271 0.906609 0.143409 1.732735 0.967481 0.471583 2.221496 1.399748 0.119629 2.213649 1.223322 0.240832 
2.188553 1.147403 0.128078 1.071127 0.914666 0.138742 1.091334 0.944580 0.083490 1.086690 0.907581 0.140598 1.732758 0.964121 0.469598 2.221461 1.399722 0.119724 2.214531 1.223008 0.240563 
2.189859 1.147074 0.127321 1.071584 0.915164 0.135651 1.092402 0.945213 0.080700 1.087130 0.908087 0.137671 1.732401 0.959373 0.466982 2.221340 1.399606 0.119968 2.215631 1.222350 0.240074 
2.190961 1.146636 0.126570 1.071154 0.915379 0.133241 1.092517 0.945495 0.078536 1.086675 0.908289 0.135400 1.732475 0.955384 0.464720 2.221205 1.399346 0.120192 2.216552 1.221579 0.239586 
2.192168 1.146104 0.125777 1.070116 0.915240 0.131597 1.092125 0.945315 0.077126 1.085600 0.908120 0.133921 1.732757 0.950704 0.461935 2.221076 1.398994 0.120428 2.217564 1.220697 0.239069 
2.193270 1.145605 0.125010 1.068817 0.915104 0.130049 1.091471 0.945118 0.075810 1.084256 0.907940 0.132533 1.732996 0.946651 0.459541 2.220942 1.398653 0.120652 2.218470 1.219858 0.238569 
2.194547 1.145168 0.124191 1.067684 0.914740 0.128765 1.091142 0.944627 0.074798 1.083066 0.907530 0.131458 1.733334 0.941906 0.456573 2.220795 1.398384 0.120908 2.219524 1.219059 0.238035 
2.195734 1.144745 0.123337 1.066341 0.914140 0.127941 1.090569 0.943856 0.074220 1.081663 0.906882 0.130836 1.733226 0.937656 0.454069 2.220575 1.398114 0.121136 2.220489 1.218268 0.237468 
2.197118 1.144368 0.122455 1.064871 0.913356 0.127498 1.090075 0.942802 0.074078 1.080112 0.906036 0.130654 1.733347 0.932536 0.450822 2.220376 1.397894 0.121389 2.221631 1.217511 0.236880 
2.198307 1.144098 0.121656 1.063637 0.912531 0.127442 1.089782 0.941680 0.074313 1.078795 0.905153 0.130854 1.733236 0.928410 0.448218 2.220162 1.397752 0.121575 2.222623 1.216914 0.236333 
2.199519 1.143793 0.120930 1.062516 0.911662 0.127533 1.089735 0.940458 0.074751 1.077574 0.904222 0.131239 1.733299 0.923539 0.444898 2.220028 1.397557 0.121770 2.223635 1.216304 0.235841 
2.200552 1.143632 0.120312 1.061755 0.910863 0.127631 1.089930 0.939339 0.075178 1.076720 0.903372 0.131603 1.733245 0.919712 0.442245 2.219913 1.397482 0.121932 2.224505 1.215886 0.235419 
2.201776 1.143585 0.119645 1.060911 0.910201 0.127583 1.090089 0.938345 0.075500 1.075772 0.902654 0.131830 1.733119 0.915132 0.438959 2.219791 1.397528 0.122103 2.225541 1.215571 0.234958 
2.202863 1.143596 0.119039 1.060103 0.909718 0.127288 1.090187 0.937572 0.075567 1.074863 0.902114 0.131779 1.733059 0.911333 0.436171 2.219680 1.397612 0.122257 2.226460 1.215337 0.234540 
2.204151 1.143704 0.118352 1.059113 0.909385 0.126714 1.090218 0.936920 0.075428 1.073751 0.901711 0.131472 1.732823 0.906772 0.432773 2.219550 1.397798 0.122429 2.227547 1.215173 0.234062 
2.205294 1.143871 0.117732 1.058207 0.909188 0.125971 1.090282 0.936426 0.075125 1.072724 0.901442 0.130979 1.732643 0.902953 0.429862 2.219429 1.398025 0.122584 2.228509 1.215093 0.233630 
2.206636 1.144126 0.117029 1.057145 0.909024 0.125128 1.090334 0.935905 0.074809 1.071514 0.901192 0.130422 1.732288 0.898400 0.426342 2.219290 1.398340 0.122756 2.229640 1.215074 0.233138 
2.207824 1.144422 0.116388 1.056177 0.908863 0.124304 1.090440 0.935386 0.074519 1.070395 0.900946 0.129872 1.732013 0.894564 0.423307 2.219159 1.398679 0.122915 2.230633 1.215116 0.232690 
2.209219 1.144830 0.115665 1.055062 0.908664 0.123519 1.090570 0.934740 0.074375 1.069095 0.900648 0.129406 1.731540 0.890007 0.419653 2.219010 1.399127 0.123090 2.231803 1.215243 0.232181 
2.210444 1.145251 0.115000 1.054043 0.908425 0.122812 1.090762 0.934043 0.074320 1.067886 0.900311 0.129008 1.731167 0.886154 0.416490 2.218868 1.399571 0.123253 2.232821 1.215400 0.231715 
2.212052 1.146030 0.114187 1.052891 0.908167 0.122112 1.091026 0.933214 0.074422 1.066497 0.899939 0.128671 1.730446 0.881482 0.412657 2.218623 1.400370 0.123440 2.234170 1.215876 0.231133 
2.213311 1.146447 0.113442 1.051400 0.907971 0.121162 1.091119 0.932344 0.074425 1.064719 0.899598 0.128114 1.729918 0.877340 0.409220 2.218456 1.400784 0.123627 2.235201 1.215984 0.230614 
2.214843 1.147214 0.112630 1.050194 0.907925 0.120050 1.091840 0.931449 0.074572 1.063140 0.899385 0.127488 1.729062 0.872695 0.405304 2.218211 1.401539 0.123807 2.236491 1.216443 0.230030 
2.216116 1.147859 0.111916 1.049057 0.907868 0.118911 1.092495 0.930547 0.074698 1.061626 0.899172 0.126800 1.728525 0.868780 0.401827 2.218038 1.402159 0.123980 2.237537 1.216801 0.229526 
2.217636 1.148736 0.111124 1.047783 0.907943 0.117606 1.093273 0.929581 0.074962 1.059884 0.899068 0.126011 1.727746 0.864183 0.397700 2.217835 1.402996 0.124157 2.238813 1.217375 0.228955 
2.218973 1.149594 0.110385 1.046635 0.908030 0.116182 1.094103 0.928590 0.075193 1.058241 0.898979 0.125082 1.727169 0.860332 0.394109 2.217657 1.403801 0.124333 2.239910 1.217936 0.228432 
1.045374 0.908301 0.114510 2.220631 1.150806 0.109565 1.056346 0.899047 0.123987 1.726321 0.855749 0.389794 2.217453 1.404940 0.124524 2.241277 1.218835 0.227844 
1.044130 0.908684 0.112526 2.222024 1.151840 0.108795 1.054349 0.899208 0.122606 1.725636 0.851889 0.386072 2.217259 1.405890 0.124706 2.242413 1.219557 0.227297 
1.042983 0.909226 0.110220 2.223711 1.153256 0.107924 1.052273 0.899523 0.120962 1.724761 0.847403 0.381638 2.217034 1.407195 0.124901 2.243806 1.220635 0.226669 
1.041859 0.910066 0.107360 2.225144 1.154478 0.107125 1.049942 0.900108 0.118822 1.724044 0.843580 0.377761 2.216826 1.408300 0.125089 2.244971 1.221531 0.226098 
1.040976 0.911060 0.104122 2.227066 1.156365 0.106155 1.047605 0.900885 0.116302 1.723009 0.839019 0.373114 2.216497 1.410017 0.125291 2.246583 1.223057 0.225382 
1.040430 0.912856 0.099401 2.228667 1.157909 0.105223 1.044792 0.902458 0.112389 1.722072 0.835088 0.369080 2.216136 1.411384 0.125497 2.247890 1.224229 0.224706 
1.720949 0.830588 0.364353 2.230659 1.159999 0.104143 1.042532 0.903821 0.108726 1.040239 0.914253 0.095244 2.215701 1.413234 0.125725 2.249531 1.225904 0.223912 
1.719855 0.826507 0.359997 2.232420 1.161932 0.103116 1.040415 0.904389 0.106338 1.039278 0.914772 0.092672 2.215251 1.414918 0.125942 2.250977 1.227432 0.223155 
1.718690 0.822060 0.355067 1.038408 0.904534 0.104659 1.037961 0.914864 0.090914 2.214916 1.416823 0.126171 2.252528 1.229194 0.222390 1.833877 0.897899 0.359989 2.234320 1.164118 0.102067 
1.717375 0.818029 0.350689 1.036517 0.904055 0.103966 1.036226 0.914358 0.090196 2.214535 1.418631 0.126392 2.253934 1.230879 0.221652 1.832773 0.893518 0.356035 2.236063 1.166218 0.101055 
1.715958 0.813483 0.345492 1.034512 0.903363 0.103549 1.034374 0.913641 0.089758 2.214145 1.420698 0.126629 2.255444 1.232837 0.220865 1.831591 0.888576 0.351331 2.237944 1.168625 0.099975 
1.714938 0.809548 0.340762 1.032568 0.902488 0.103312 1.032568 0.912742 0.089503 2.213728 1.422645 0.126857 2.256909 1.234696 0.220067 1.830756 0.884318 0.347063 2.239737 1.170933 0.098892 
1.714096 0.805527 0.335459 1.031108 0.901526 0.103222 1.031254 0.911755 0.089395 2.213355 1.425136 0.127082 2.258540 1.237150 0.219262 1.830094 0.879974 0.342242 2.241730 1.173829 0.097805 
1.713149 0.802067 0.330959 1.029678 0.900547 0.103146 1.029957 0.910752 0.089303 2.212959 1.427699 0.127295 2.260088 1.239709 0.218489 1.829305 0.876226 0.338191 2.243631 1.176811 0.096764 
1.712036 0.798053 0.325558 1.028068 0.899622 0.102913 1.028494 0.909805 0.089058 2.212568 1.430635 0.127525 2.261799 1.242677 0.217668 1.828381 0.871862 0.333306 2.245747 1.180233 0.095655 
1.711054 0.794614 0.320886 1.026516 0.898784 0.102407 1.027076 0.908951 0.088545 2.212156 1.433338 0.127745 2.263321 1.245415 0.216879 1.827554 0.868129 0.329093 2.247637 1.183419 0.094590 
1.709892 0.790753 0.315596 1.024790 0.898136 0.101698 1.025500 0.908292 0.087834 2.211655 1.436386 0.127973 2.265004 1.248562 0.216029 1.826580 0.863915 0.324282 2.249726 1.187034 0.093453 
1.708918 0.787479 0.310986 1.023211 0.897583 0.100879 1.024050 0.907731 0.087017 2.211148 1.439003 0.128176 2.266422 1.251280 0.215255 1.825759 0.860344 0.320097 2.251485 1.190181 0.092422 
1.707850 0.783794 0.305518 1.021645 0.896998 0.100010 1.022624 0.907139 0.086152 2.210567 1.442079 0.128395 2.268028 1.254516 0.214396 1.824866 0.856313 0.315127 2.253472 1.193886 0.091286 
1.706918 0.780660 0.300824 1.020154 0.896373 0.099139 1.021258 0.906507 0.085285 2.209974 1.444892 0.128603 2.269448 1.257487 0.213574 1.824076 0.852890 0.310870 2.255233 1.197315 0.090199 
1.705946 0.777122 0.295154 1.018698 0.895653 0.098286 1.019938 0.905777 0.084437 2.209297 1.448095 0.128825 2.271013 1.260907 0.212669 1.823264 0.849017 0.305723 2.257169 1.201233 0.089011 
1.705072 0.774129 0.290363 1.017270 0.894888 0.097459 1.018632 0.905002 0.083614 2.208601 1.451026 0.129038 2.272399 1.264054 0.211797 1.822519 0.845744 0.301383 2.258888 1.204867 0.087868 
1.704200 0.770744 0.284490 1.015921 0.894021 0.096635 1.017417 0.904122 0.082794 2.207824 1.454297 0.129263 2.273900 1.267599 0.210845 1.821792 0.842034 0.296057 2.260741 1.208941 0.086627 
1.703399 0.767899 0.279597 1.014594 0.893132 0.095800 1.016212 0.903220 0.081963 2.207030 1.457335 0.129480 2.275240 1.270910 0.209923 1.821107 0.838920 0.291631 2.262404 1.212772 0.085427 
1.702763 0.764982 0.274761 2.206077 1.460620 0.129708 2.276655 1.274560 0.208945 1.013474 0.892248 0.095007 1.015233 0.902321 0.081177 1.820595 0.835738 0.287134 2.264172 1.216964 0.084162 
1.702444 0.762893 0.271295 2.205226 1.463324 0.129936 2.277783 1.277584 0.208128 1.012466 0.891420 0.094325 1.014347 0.901477 0.080499 1.820351 0.833485 0.283896 2.265583 1.220464 0.083099 
1.701704 0.760218 0.266952 2.204203 1.466261 0.130160 2.278993 1.280959 0.207280 1.011874 0.890614 0.093793 1.013898 0.900651 0.079972 1.819745 0.830540 0.279805 2.267107 1.224306 0.082008 
1.701264 0.758061 0.263196 2.203280 1.468737 0.130362 2.280003 1.283821 0.206501 1.011456 0.889782 0.093357 1.013602 0.899797 0.079540 1.819400 0.828180 0.276278 2.268366 1.227602 0.081010 
1.700534 0.755565 0.258864 2.202223 1.471664 0.130562 2.281133 1.287257 0.205694 1.011489 0.888954 0.092971 1.013775 0.898947 0.079159 1.818803 0.825414 0.272194 2.269787 1.231467 0.079985 
1.699918 0.753413 0.255087 2.201218 1.474207 0.130753 2.282074 1.290255 0.204929 1.011616 0.888120 0.092525 1.014030 0.898091 0.078720 1.818294 0.823037 0.268640 2.270975 1.234886 0.079012 
1.699500 0.751327 0.251574 2.200050 1.476946 0.130944 2.283063 1.293557 0.204119 1.011782 0.887401 0.092013 1.014338 0.897351 0.078218 1.817983 0.820750 0.265224 2.272227 1.238610 0.077995 
1.699267 0.749702 0.248675 2.199021 1.479381 0.131110 2.283911 1.296500 0.203401 1.011751 0.886797 0.091482 1.014428 0.896730 0.077698 1.817824 0.818980 0.262415 2.273293 1.241928 0.077095 
1.698773 0.747700 0.245150 2.197809 1.482133 0.131279 2.284837 1.299889 0.202629 1.011704 0.886278 0.090952 1.014517 0.896193 0.077181 1.817443 0.816764 0.258986 2.274465 1.245700 0.076138 
1.698484 0.746064 0.242146 2.196699 1.484557 0.131437 2.285614 1.302885 0.201913 1.011485 0.885772 0.090428 1.014416 0.895669 0.076670 1.817232 0.814975 0.256078 2.275452 1.249061 0.075249 
1.697840 0.743998 0.238477 2.195354 1.487257 0.131611 1.816719 0.812663 0.252512 1.011274 0.885262 0.089873 1.014341 0.895139 0.076129 2.286509 1.306306 0.201074 2.276572 1.252891 0.074219 
1.697602 0.742488 0.235462 2.194213 1.489676 0.131762 1.816556 0.811004 0.249583 1.010976 0.884785 0.089310 1.014156 0.894645 0.075580 2.287223 1.309341 0.200362 2.277481 1.256286 0.073341 
1.697289 0.740754 0.231837 2.192925 1.492336 0.131907 1.816340 0.809080 0.246063 1.010865 0.884288 0.088770 1.014172 0.894129 0.075057 2.287997 1.312718 0.199556 2.278462 1.260054 0.072357 
1.697050 0.739305 0.228846 2.191688 1.494879 0.132056 1.816168 0.807492 0.243180 1.010878 0.883782 0.088253 1.014300 0.893606 0.074556 2.288684 1.315963 0.198825 2.279339 1.263657 0.071464 
1.696179 0.737281 0.225039 2.190160 1.497550 0.132219 1.815433 0.805203 0.239497 1.010951 0.883240 0.087708 1.014510 0.893044 0.074031 2.289331 1.319461 0.198000 2.280190 1.267554 0.070461 
1.695708 0.735759 0.221894 2.188836 1.499728 0.132373 1.815051 0.803502 0.236456 1.010744 0.882697 0.087125 1.014417 0.892483 0.073466 2.289830 1.322330 0.197239 2.280841 1.270810 0.069533 
1.694846 0.733815 0.218053 2.187220 1.502255 0.132541 1.814319 0.801301 0.232751 1.010581 0.882145 0.086475 1.014388 0.891911 0.072838 2.290351 1.325713 0.196375 2.281542 1.274619 0.068485 
