0.000608 0.000079 1.000000 0.000036 0.000039 1.000000 -0.000609 0.000776 1.000000 -0.000260 0.002469 0.999997 -0.000931 0.000831 0.999999 0.000116 -0.000134 1.000000 
0.000536 0.000069 1.000000 0.000096 0.000103 1.000000 -0.000539 0.000686 1.000000 -0.000234 0.002221 0.999998 -0.000912 0.000814 0.999999 0.000104 -0.000120 1.000000 
0.000465 0.000060 1.000000 0.000030 0.000032 1.000000 -0.000475 0.000605 1.000000 -0.000208 0.001978 0.999998 -0.000671 0.000599 1.000000 0.000083 -0.000096 1.000000 
0.000394 0.000051 1.000000 0.000025 0.000027 1.000000 -0.000430 0.000547 1.000000 -0.000190 0.001804 0.999998 -0.000599 0.000534 1.000000 0.000068 -0.000079 1.000000 
0.000336 0.000044 1.000000 0.000025 0.000026 1.000000 -0.000391 0.000497 1.000000 -0.000174 0.001652 0.999999 -0.000542 0.000483 1.000000 0.000055 -0.000064 1.000000 
0.000290 0.000038 1.000000 0.000029 0.000031 1.000000 -0.000358 0.000456 1.000000 -0.000160 0.001518 0.999999 -0.000508 0.000453 1.000000 0.000047 -0.000054 1.000000 
0.000252 0.000033 1.000000 0.000042 0.000044 1.000000 -0.000330 0.000420 1.000000 -0.000148 0.001407 0.999999 -0.000488 0.000435 1.000000 0.000037 -0.000043 1.000000 
0.000222 0.000029 1.000000 0.000209 0.000224 1.000000 -0.000293 0.000373 1.000000 -0.000138 0.001314 0.999999 -0.000330 0.000293 1.000000 -0.000060 0.000070 1.000000 
0.000206 0.000027 1.000000 0.000964 0.001038 0.999999 -0.000254 0.000322 1.000000 -0.000130 0.001233 0.999999 -0.000705 0.000624 1.000000 -0.000275 0.000318 1.000000 
0.000206 0.000027 1.000000 0.002078 0.002251 0.999995 -0.000233 0.000295 1.000000 -0.000129 0.001229 0.999999 -0.000553 0.000487 1.000000 -0.000798 0.000923 0.999999 
0.001247 0.000159 0.999999 0.003236 0.003514 0.999989 -0.000225 0.000285 1.000000 -0.000201 0.001957 0.999998 -0.000525 0.000461 1.000000 -0.000855 0.000989 0.999999 
0.005401 0.000670 0.999985 0.005004 0.005431 0.999973 -0.000269 0.000342 1.000000 -0.000376 0.003767 0.999993 -0.001212 0.001064 0.999999 0.000114 -0.000132 1.000000 
0.012797 0.001555 0.999917 0.007914 0.008581 0.999932 -0.000243 0.000308 1.000000 -0.000662 0.006811 0.999977 -0.000266 0.000234 1.000000 0.001476 -0.001707 0.999997 
0.022287 0.002651 0.999748 0.012253 0.013265 0.999837 -0.000225 0.000286 1.000000 -0.001032 0.010875 0.999940 0.000389 -0.000342 1.000000 0.003102 -0.003586 0.999989 
0.033625 0.003911 0.999427 0.017777 0.019221 0.999657 -0.000201 0.000255 1.000000 -0.001473 0.015917 0.999872 0.001541 -0.001358 0.999998 0.004831 -0.005587 0.999973 
0.046967 0.005328 0.998882 0.025570 0.027549 0.999293 -0.000022 0.000028 1.000000 -0.001993 0.022103 0.999754 0.002894 -0.002560 0.999993 0.006535 -0.007562 0.999950 
0.048741 0.005394 0.998797 0.037728 0.043315 0.998349 -0.007194 0.008965 0.999934 -0.002323 0.026507 0.999646 0.008075 -0.006707 0.999945 -0.008536 0.009792 0.999916 
0.042045 0.004564 0.999105 0.051110 0.063533 0.996670 -0.012772 0.015661 0.999796 -0.001948 0.022867 0.999737 0.016186 -0.012432 0.999792 -0.027241 0.031090 0.999145 
0.033190 0.003398 0.999443 0.064750 0.088327 0.993985 -0.021109 0.025504 0.999452 -0.001143 0.014541 0.999894 0.025993 -0.018239 0.999496 -0.051505 0.058555 0.996955 
0.030050 0.002831 0.999544 0.070520 0.103794 0.992096 -0.028480 0.033689 0.999026 -0.000677 0.009633 0.999953 0.041344 -0.027014 0.998780 -0.069716 0.078060 0.994508 
0.033536 0.002516 0.999434 0.073375 0.120255 0.990028 -0.038309 0.043306 0.998327 -0.000452 0.008835 0.999961 0.058976 -0.034814 0.997652 -0.087218 0.094068 0.991738 
0.042058 0.001989 0.999113 0.066748 0.123389 0.990111 -0.047642 0.049411 0.997642 -0.000236 0.010004 0.999950 0.071780 -0.037645 0.996710 -0.095545 0.095683 0.990816 
0.051829 0.000948 0.998656 0.050927 0.111353 0.992475 -0.064382 0.058001 0.996238 0.000058 0.011052 0.999939 0.080814 -0.035659 0.996091 -0.103360 0.092067 0.990374 
0.063733 0.000130 0.997967 0.033713 0.088808 0.995478 -0.081459 0.062859 0.994693 0.000235 0.010994 0.999940 0.096889 -0.035192 0.994673 -0.107824 0.084776 0.990549 
0.021515 0.068646 0.997409 0.000979 0.016579 0.999862 0.080417 -0.002913 0.996757 -0.081949 0.051690 0.995295 0.111932 -0.033148 0.993163 -0.092532 0.062602 0.993740 
0.014137 0.055601 0.998353 0.001493 0.017756 0.999841 0.098385 -0.006053 0.995130 -0.077081 0.039450 0.996244 0.122002 -0.028816 0.992111 -0.075847 0.044249 0.996137 
0.006564 0.031414 0.999485 0.002111 0.019234 0.999813 0.120011 -0.010518 0.992717 -0.069476 0.027586 0.997202 0.119933 -0.022530 0.992526 -0.050320 0.024818 0.998425 
0.002181 0.011797 0.999928 0.001762 0.015588 0.999877 0.142875 -0.012967 0.989656 -0.047692 0.015343 0.998744 0.129757 -0.020960 0.991324 -0.019839 0.008486 0.999767 
0.001100 0.006198 0.999980 0.002258 0.017769 0.999840 0.174065 -0.018373 0.984563 -0.016281 0.004361 0.999858 0.138203 -0.021214 0.990177 0.017568 -0.006707 0.999823 
0.000316 0.001685 0.999999 0.002475 0.016330 0.999864 0.203428 -0.026445 0.978733 0.001459 -0.000356 0.999999 0.143950 -0.023390 0.989309 0.041796 -0.015178 0.999011 
-0.000011 -0.000053 1.000000 0.005364 0.026876 0.999624 0.237920 -0.043056 0.970330 0.001207 -0.000289 0.999999 0.128792 -0.024384 0.991372 0.058420 -0.021554 0.998059 
-0.000150 -0.000677 1.000000 0.007917 0.036270 0.999311 0.272974 -0.055509 0.960418 0.001338 -0.000321 0.999999 0.141039 -0.027712 0.989616 0.069764 -0.026198 0.997219 
-0.000526 -0.002259 0.999997 0.011580 0.052391 0.998560 0.310920 -0.066312 0.948120 0.001195 -0.000287 0.999999 0.154745 -0.031980 0.987437 0.083325 -0.031445 0.996026 
-0.001139 -0.004575 0.999989 0.013673 0.060029 0.998103 0.341604 -0.076846 0.936697 0.166970 -0.037115 0.985263 0.097134 -0.037151 0.994578 0.166237 -0.040922 0.985236 -0.047722 0.011668 0.998793 
-0.000983 -0.003711 0.999993 0.013160 0.055124 0.998393 0.360539 -0.084810 0.928880 0.174842 -0.041634 0.983716 0.109836 -0.043667 0.992990 0.173986 -0.045622 0.983691 -0.033590 0.008769 0.999397 
-0.000670 -0.002367 0.999997 0.012154 0.048515 0.998748 0.374909 -0.091870 0.922498 0.030286 -0.008554 0.999505 0.179572 -0.046035 0.982667 0.120980 -0.050369 0.991376 
-0.001633 -0.005426 0.999984 0.011018 0.041777 0.999066 0.384667 -0.098357 0.917800 0.040429 -0.012359 0.999106 0.186214 -0.050889 0.981190 0.129835 -0.056885 0.989902 
-0.002820 -0.008834 0.999957 0.010412 0.037220 0.999253 0.388524 -0.104796 0.915460 0.045759 -0.015036 0.998839 0.187810 -0.054544 0.980690 0.134520 -0.062035 0.988967 
-0.002700 -0.007979 0.999965 0.010709 0.036014 0.999294 0.387098 -0.111000 0.915333 0.046622 -0.016299 0.998780 0.185125 -0.057288 0.981044 0.134241 -0.064877 0.988823 
-0.002575 -0.007208 0.999971 0.011512 0.036481 0.999268 0.382618 -0.116726 0.916503 0.044094 -0.016271 0.998895 0.181535 -0.059580 0.981578 0.130834 -0.066010 0.989204 
-0.002465 -0.006539 0.999976 0.012690 0.037903 0.999201 0.375317 -0.121901 0.918846 0.038294 -0.014864 0.999156 0.175555 -0.061040 0.982575 0.124578 -0.065518 0.990044 
-0.002349 -0.005910 0.999980 0.014230 0.040013 0.999098 0.365442 -0.126559 0.922190 0.029646 -0.012089 0.999487 0.167008 -0.061481 0.984037 0.115826 -0.063501 0.991238 
-0.002625 -0.006275 0.999977 0.015969 0.042258 0.998979 0.353068 -0.130349 0.926473 0.018685 -0.008003 0.999793 0.158096 -0.061436 0.985511 0.104793 -0.059948 0.992686 
-0.003473 -0.007926 0.999963 0.017849 0.044504 0.998850 0.338121 -0.132813 0.931684 0.004493 -0.002018 0.999988 0.143266 -0.058429 0.987958 0.091864 -0.054827 0.994261 
-0.003223 -0.007209 0.999969 0.020046 0.048804 0.998607 0.314281 -0.126680 0.940840 0.002425 -0.001102 0.999996 0.126543 -0.052761 0.990557 0.086474 -0.052123 0.994890 
-0.002787 -0.006339 0.999976 0.017824 0.044185 0.998864 0.296480 -0.116375 0.947922 0.002116 -0.000963 0.999997 0.115948 -0.047536 0.992117 0.081162 -0.048732 0.995509 
-0.000499 -0.001164 0.999999 0.015736 0.039835 0.999082 0.281197 -0.107286 0.953634 0.001916 -0.000871 0.999998 0.107508 -0.042979 0.993275 0.075078 -0.044891 0.996167 
0.004074 0.009599 0.999946 0.016529 0.042551 0.998958 0.268381 -0.100727 0.958032 0.001704 -0.000774 0.999998 0.101029 -0.040157 0.994073 0.069275 -0.041269 0.996744 
0.009823 0.023403 0.999678 0.017191 0.045415 0.998820 0.259173 -0.094827 0.961164 0.001540 -0.000700 0.999999 0.096167 -0.037947 0.994642 0.063400 -0.037561 0.997281 
0.015535 0.037516 0.999175 0.018089 0.049242 0.998623 0.252969 -0.089962 0.963283 0.001417 -0.000643 0.999999 0.092676 -0.036207 0.995038 0.058311 -0.034349 0.997707 
0.020676 0.050643 0.998503 0.018963 0.053151 0.998406 0.248436 -0.085963 0.964826 0.001321 -0.000599 0.999999 0.090271 -0.034881 0.995306 0.053881 -0.031575 0.998048 
0.025196 0.062455 0.997730 0.019755 0.056789 0.998191 0.245315 -0.082924 0.965890 0.001249 -0.000566 0.999999 0.088804 -0.034003 0.995469 0.050107 -0.029228 0.998316 
0.028630 0.071687 0.997016 0.020464 0.059986 0.997989 0.243627 -0.080921 0.966487 0.001169 -0.000529 0.999999 0.087886 -0.033386 0.995571 0.047425 -0.027537 0.998495 
0.030102 0.076318 0.996629 0.020944 0.062379 0.997833 0.243260 -0.079658 0.966685 0.001155 -0.000518 0.999999 0.088441 -0.033214 0.995528 0.046299 -0.026668 0.998572 
0.030302 0.077609 0.996523 0.021263 0.064077 0.997718 0.243709 -0.078980 0.966627 0.001158 -0.000514 0.999999 0.089071 -0.033117 0.995475 0.046322 -0.026457 0.998576 
0.030460 0.078020 0.996486 0.021939 0.065999 0.997578 0.245417 -0.079858 0.966123 0.001180 -0.000523 0.999999 0.090057 -0.033494 0.995373 0.046941 -0.026798 0.998538 
0.029936 0.076125 0.996649 0.022856 0.067915 0.997429 0.247733 -0.081838 0.965366 0.001204 -0.000534 0.999999 0.091579 -0.034312 0.995206 0.048398 -0.027698 0.998444 
0.028772 0.072542 0.996950 0.023771 0.069501 0.997299 0.251189 -0.084575 0.964236 0.001257 -0.000557 0.999999 0.093725 -0.035410 0.994968 0.050585 -0.029051 0.998297 
0.027127 0.067871 0.997325 0.024647 0.070758 0.997189 0.255805 -0.087974 0.962717 0.001329 -0.000589 0.999999 0.096396 -0.036678 0.994667 0.053330 -0.030757 0.998103 
0.025030 0.062149 0.997753 0.025492 0.071760 0.997096 0.261425 -0.091961 0.960833 0.001417 -0.000628 0.999999 0.099590 -0.038150 0.994297 0.056585 -0.032790 0.997859 
0.022356 0.055142 0.998228 0.026284 0.072537 0.997019 0.268061 -0.096473 0.958560 0.001524 -0.000676 0.999999 0.103357 -0.039799 0.993848 0.060420 -0.035195 0.997552 
0.019304 0.047344 0.998692 0.027073 0.073288 0.996943 0.275745 -0.101497 0.955857 0.001649 -0.000732 0.999998 0.107685 -0.041626 0.993313 0.064730 -0.037911 0.997182 
0.016008 0.039052 0.999109 0.027933 0.074410 0.996836 0.284091 -0.106668 0.952845 0.001783 -0.000792 0.999998 0.112476 -0.043611 0.992697 0.069387 -0.040846 0.996753 
0.012643 0.030692 0.999449 0.028692 0.075386 0.996742 0.292691 -0.111831 0.949645 0.001923 -0.000855 0.999998 0.117439 -0.045643 0.992031 0.074086 -0.043815 0.996289 
0.009498 0.022945 0.999692 0.029268 0.075954 0.996682 0.301074 -0.116834 0.946417 0.002236 -0.000995 0.999997 0.121761 -0.047432 0.991425 0.078705 -0.046753 0.995801 
0.006060 0.014574 0.999875 0.029680 0.076094 0.996659 0.308577 -0.121504 0.943407 0.002349 -0.001046 0.999997 0.126049 -0.049170 0.990805 0.083012 -0.049508 0.995318 
0.002681 0.006420 0.999976 0.029802 0.075552 0.996696 0.314976 -0.125599 0.940752 0.002399 -0.001068 0.999997 0.129300 -0.050492 0.990319 0.086914 -0.052011 0.994857 
0.000067 0.000160 1.000000 0.029566 0.074200 0.996805 0.320093 -0.128937 0.938571 0.002491 -0.001110 0.999996 0.131765 -0.051487 0.989943 0.089850 -0.053912 0.994495 
0.000084 0.000200 1.000000 0.029169 0.072658 0.996930 0.324195 -0.131495 0.936807 0.002567 -0.001144 0.999996 0.132710 -0.051888 0.989796 0.090736 -0.054537 0.994381 
0.000056 0.000134 1.000000 0.028294 0.070574 0.997105 0.327212 -0.132314 0.935642 0.002609 -0.001162 0.999996 0.133536 -0.052218 0.989667 0.091169 -0.054757 0.994329 
0.000039 0.000093 1.000000 0.027274 0.068330 0.997290 0.328005 -0.131716 0.935448 0.002630 -0.001172 0.999996 0.133401 -0.052164 0.989688 0.091013 -0.054568 0.994354 
0.000086 0.000206 1.000000 0.026039 0.065550 0.997509 0.326630 -0.130047 0.936163 0.002629 -0.001171 0.999996 0.132166 -0.051688 0.989879 0.090202 -0.053962 0.994460 
0.000069 0.000164 1.000000 0.024394 0.061966 0.997780 0.323944 -0.127174 0.937490 0.002598 -0.001157 0.999996 0.130423 -0.050968 0.990148 0.088923 -0.053008 0.994627 
0.000059 0.000140 1.000000 0.022575 0.058006 0.998061 0.319988 -0.123473 0.939341 0.002547 -0.001134 0.999996 0.127896 -0.049930 0.990530 0.087295 -0.051814 0.994834 
0.000054 0.000130 1.000000 0.020605 0.053584 0.998351 0.315296 -0.119434 0.941448 0.002488 -0.001107 0.999996 0.124627 -0.048469 0.991019 0.085455 -0.050508 0.995061 
0.000051 0.000124 1.000000 0.018351 0.048346 0.998662 0.309708 -0.114942 0.943859 0.002420 -0.001076 0.999996 0.120866 -0.046635 0.991573 0.083225 -0.048985 0.995326 
0.000047 0.000115 1.000000 0.016183 0.043155 0.998937 0.303732 -0.110554 0.946322 0.002345 -0.001043 0.999997 0.117131 -0.044904 0.992101 0.080904 -0.047424 0.995593 
0.000039 0.000095 1.000000 0.013860 0.037448 0.999202 0.297839 -0.106168 0.948694 0.002274 -0.001011 0.999997 0.113700 -0.043405 0.992566 0.078484 -0.045793 0.995863 
0.000005 0.000013 1.000000 0.011453 0.031357 0.999443 0.292096 -0.101932 0.950942 0.002169 -0.000964 0.999997 0.110475 -0.042138 0.992985 0.076032 -0.044133 0.996128 
-0.000000 -0.000001 1.000000 0.008962 0.024854 0.999651 0.286360 -0.097837 0.953114 0.002109 -0.000937 0.999997 0.107425 -0.040962 0.993369 0.073489 -0.042441 0.996393 
-0.000013 -0.000032 1.000000 0.006421 0.018012 0.999817 0.280926 -0.094087 0.955107 0.002042 -0.000906 0.999998 0.104396 -0.039728 0.993742 0.070969 -0.040801 0.996644 
-0.000017 -0.000042 1.000000 0.003660 0.010385 0.999939 0.276145 -0.090593 0.956837 0.002022 -0.000897 0.999998 0.102034 -0.038720 0.994027 0.068400 -0.039158 0.996889 
-0.000191 -0.000470 1.000000 0.002204 0.006300 0.999978 0.271304 -0.087929 0.958469 0.001765 -0.000783 0.999998 0.099218 -0.037551 0.994357 0.066539 -0.037995 0.997060 
-0.001851 -0.004547 0.999988 0.002197 0.006304 0.999978 0.267439 -0.086346 0.959698 0.000149 -0.000066 1.000000 0.096240 -0.036427 0.994691 0.065832 -0.037549 0.997124 
-0.003457 -0.008486 0.999958 0.002134 0.006186 0.999979 0.265124 -0.084651 0.960491 -0.001338 0.000593 0.999999 0.094024 -0.035577 0.994934 0.065482 -0.037255 0.997158 
-0.004787 -0.011745 0.999920 0.001951 0.005715 0.999982 0.263149 -0.083045 0.961174 -0.002484 0.001101 0.999996 0.092109 -0.034838 0.995139 0.065181 -0.036988 0.997188 
-0.006333 -0.015538 0.999859 0.001161 0.003421 0.999993 0.261329 -0.081720 0.961784 -0.003406 0.001510 0.999993 0.090498 -0.034189 0.995310 0.064875 -0.036744 0.997217 
-0.008020 -0.019678 0.999774 -0.000049 -0.000144 1.000000 0.259832 -0.080714 0.962275 -0.004159 0.001844 0.999990 0.089278 -0.033688 0.995437 0.064601 -0.036541 0.997242 
-0.009746 -0.023910 0.999667 -0.001416 -0.004189 0.999990 0.258711 -0.079978 0.962638 -0.004828 0.002140 0.999986 0.088331 -0.033291 0.995535 0.064400 -0.036394 0.997260 
-0.011276 -0.027661 0.999554 -0.002782 -0.008229 0.999962 0.257861 -0.079356 0.962918 -0.005313 0.002356 0.999983 0.087610 -0.032984 0.995609 0.064246 -0.036276 0.997275 
-0.012649 -0.031029 0.999438 -0.004024 -0.011908 0.999921 0.257201 -0.078820 0.963138 -0.005734 0.002542 0.999980 0.087045 -0.032741 0.995666 0.064125 -0.036179 0.997286 
-0.013912 -0.034127 0.999321 -0.005150 -0.015246 0.999871 0.256714 -0.078370 0.963305 -0.006133 0.002719 0.999977 0.086586 -0.032539 0.995713 0.064037 -0.036103 0.997294 
-0.015137 -0.037131 0.999196 -0.006160 -0.018235 0.999815 0.256333 -0.078019 0.963435 -0.006571 0.002914 0.999974 0.086221 -0.032376 0.995750 0.063972 -0.036047 0.997300 
-0.016287 -0.039939 0.999069 -0.007063 -0.020896 0.999757 0.256018 -0.077750 0.963540 -0.007010 0.003109 0.999971 0.085895 -0.032236 0.995783 0.063924 -0.036006 0.997305 
-0.017364 -0.042563 0.998943 -0.007865 -0.023249 0.999699 0.255738 -0.077550 0.963631 -0.007451 0.003304 0.999967 0.085585 -0.032111 0.995813 0.063887 -0.035975 0.997308 
-0.018367 -0.044999 0.998818 -0.008574 -0.025317 0.999643 0.255469 -0.077395 0.963714 -0.007887 0.003498 0.999963 0.085281 -0.031992 0.995843 0.063855 -0.035950 0.997311 
-0.019255 -0.047151 0.998702 -0.009199 -0.027133 0.999589 0.255201 -0.077256 0.963797 -0.008275 0.003670 0.999959 0.084987 -0.031878 0.995872 0.063821 -0.035926 0.997314 
-0.020002 -0.048966 0.998600 -0.009746 -0.028728 0.999540 0.254929 -0.077104 0.963881 -0.008588 0.003810 0.999956 0.084714 -0.031770 0.995899 0.063782 -0.035898 0.997318 
-0.020615 -0.050476 0.998513 -0.010222 -0.030129 0.999494 0.254669 -0.076919 0.963964 -0.008837 0.003920 0.999953 0.084448 -0.031652 0.995925 0.063738 -0.035863 0.997322 
-0.021092 -0.051646 0.998443 -0.010623 -0.031314 0.999453 0.254404 -0.076742 0.964048 -0.009004 0.003994 0.999951 0.084245 -0.031564 0.995945 0.063688 -0.035827 0.997327 
-0.021486 -0.052613 0.998384 -0.010954 -0.032291 0.999418 0.254168 -0.076592 0.964123 -0.009143 0.004056 0.999950 0.084049 -0.031482 0.995964 0.063646 -0.035796 0.997330 
-0.021800 -0.053382 0.998336 -0.011218 -0.033069 0.999390 0.253981 -0.076474 0.964181 -0.009253 0.004105 0.999949 0.083898 -0.031418 0.995979 0.063612 -0.035772 0.997333 
-0.022036 -0.053961 0.998300 -0.011417 -0.033655 0.999368 0.253848 -0.076386 0.964223 -0.009336 0.004142 0.999948 0.083820 -0.031383 0.995987 0.063582 -0.035752 0.997336 
-0.022196 -0.054353 0.998275 -0.011551 -0.034052 0.999353 0.253767 -0.076328 0.964249 -0.009392 0.004166 0.999947 0.083804 -0.031373 0.995988 0.063557 -0.035735 0.997338 
-0.022281 -0.054561 0.998262 -0.011622 -0.034263 0.999345 0.253734 -0.076299 0.964260 -0.009420 0.004179 0.999947 0.083835 -0.031382 0.995985 0.063540 -0.035724 0.997340 
-0.022291 -0.054586 0.998260 -0.011631 -0.034289 0.999344 0.253746 -0.076299 0.964257 -0.009423 0.004180 0.999947 0.083904 -0.031407 0.995979 0.063530 -0.035718 0.997341 
-0.022226 -0.054428 0.998270 -0.011577 -0.034131 0.999350 0.253804 -0.076327 0.964239 -0.009399 0.004170 0.999947 0.084010 -0.031448 0.995969 0.063529 -0.035718 0.997341 
-0.022087 -0.054087 0.998292 -0.011460 -0.033787 0.999363 0.253907 -0.076384 0.964208 -0.009348 0.004147 0.999948 0.084153 -0.031504 0.995955 0.063536 -0.035724 0.997340 
-0.021872 -0.053559 0.998325 -0.011280 -0.033254 0.999383 0.254056 -0.076469 0.964162 -0.009271 0.004113 0.999949 0.084333 -0.031576 0.995937 0.063551 -0.035736 0.997339 
-0.021580 -0.052842 0.998370 -0.011034 -0.032530 0.999410 0.254251 -0.076584 0.964101 -0.009166 0.004066 0.999950 0.084551 -0.031664 0.995916 0.063575 -0.035754 0.997336 
-0.021208 -0.051930 0.998425 -0.010722 -0.031609 0.999443 0.254495 -0.076729 0.964025 -0.009033 0.004007 0.999951 0.084808 -0.031768 0.995891 0.063608 -0.035779 0.997333 
-0.020754 -0.050817 0.998492 -0.010340 -0.030485 0.999482 0.254790 -0.076906 0.963933 -0.008871 0.003935 0.999953 0.085101 -0.031888 0.995862 0.063651 -0.035810 0.997330 
-0.020214 -0.049494 0.998570 -0.009887 -0.029148 0.999526 0.255141 -0.077118 0.963824 -0.008678 0.003850 0.999955 0.085437 -0.032026 0.995829 0.063705 -0.035850 0.997325 
-0.019585 -0.047951 0.998658 -0.009359 -0.027591 0.999575 0.255554 -0.077366 0.963694 -0.008454 0.003750 0.999957 0.085823 -0.032185 0.995790 0.063770 -0.035896 0.997319 
-0.018861 -0.046178 0.998755 -0.008752 -0.025801 0.999629 0.256029 -0.077651 0.963545 -0.008195 0.003635 0.999960 0.086260 -0.032365 0.995747 0.063846 -0.035951 0.997312 
-0.018038 -0.044161 0.998862 -0.008061 -0.023765 0.999685 0.256575 -0.077979 0.963374 -0.007901 0.003504 0.999963 0.086751 -0.032568 0.995698 0.063936 -0.036015 0.997304 
-0.017110 -0.041886 0.998976 -0.007282 -0.021470 0.999743 0.257229 -0.078357 0.963168 -0.007569 0.003357 0.999966 0.087299 -0.032796 0.995642 0.064051 -0.036095 0.997294 
-0.016070 -0.039338 0.999097 -0.006410 -0.018899 0.999801 0.257984 -0.078788 0.962931 -0.007196 0.003191 0.999969 0.087908 -0.033050 0.995580 0.064189 -0.036189 0.997281 
-0.014912 -0.036502 0.999222 -0.005438 -0.016034 0.999857 0.258842 -0.079274 0.962661 -0.006781 0.003007 0.999972 0.088591 -0.033336 0.995510 0.064347 -0.036297 0.997267 
-0.013627 -0.033353 0.999351 -0.004358 -0.012853 0.999908 0.259795 -0.079815 0.962360 -0.006321 0.002803 0.999976 0.089348 -0.033655 0.995432 0.064522 -0.036416 0.997252 
-0.012204 -0.029867 0.999479 -0.003164 -0.009331 0.999951 0.260836 -0.080416 0.962028 -0.005812 0.002577 0.999980 0.090176 -0.034004 0.995345 0.064715 -0.036547 0.997234 
-0.010632 -0.026018 0.999605 -0.001845 -0.005444 0.999983 0.261970 -0.081079 0.961664 -0.005249 0.002327 0.999984 0.091078 -0.034386 0.995250 0.064925 -0.036691 0.997215 
-0.008900 -0.021778 0.999723 -0.000394 -0.001162 0.999999 0.263197 -0.081811 0.961267 -0.004629 0.002052 0.999987 0.092060 -0.034805 0.995145 0.065152 -0.036848 0.997195 
-0.006996 -0.017116 0.999829 0.001201 0.003545 0.999993 0.264519 -0.082615 0.960835 -0.003949 0.001750 0.999991 0.093126 -0.035261 0.995030 0.065396 -0.037018 0.997172 
-0.004828 -0.011831 0.999918 0.001875 0.005535 0.999983 0.265751 -0.083162 0.960448 -0.002413 0.001069 0.999997 0.094515 -0.035792 0.994880 0.065533 -0.037110 0.997160 
-0.002496 -0.006133 0.999978 0.001894 0.005591 0.999983 0.267467 -0.083701 0.959925 -0.000268 0.000119 1.000000 0.096722 -0.036591 0.994639 0.065657 -0.037185 0.997149 
-0.000101 -0.000249 1.000000 0.001919 0.005664 0.999982 0.269424 -0.084316 0.959323 0.001943 -0.000861 0.999998 0.098980 -0.037364 0.994388 0.065842 -0.037298 0.997133 
-0.000024 -0.000059 1.000000 0.001953 0.005764 0.999981 0.272101 -0.085200 0.958490 0.002031 -0.000900 0.999998 0.100947 -0.038102 0.994162 0.066314 -0.037573 0.997091 
-0.000038 -0.000093 1.000000 0.002005 0.005883 0.999981 0.275260 -0.086728 0.957450 0.002047 -0.000907 0.999997 0.102940 -0.038785 0.993931 0.066934 -0.037979 0.997034 
-0.000036 -0.000090 1.000000 0.002152 0.006245 0.999978 0.278148 -0.088681 0.956436 0.002080 -0.000922 0.999997 0.104422 -0.039330 0.993755 0.067628 -0.038470 0.996969 
-0.000031 -0.000078 1.000000 0.002680 0.007689 0.999967 0.280629 -0.090719 0.955520 0.002111 -0.000936 0.999997 0.105637 -0.039787 0.993608 0.068464 -0.039060 0.996889 
-0.000027 -0.000067 1.000000 0.003536 0.010047 0.999943 0.282994 -0.092688 0.954632 0.002136 -0.000947 0.999997 0.106731 -0.040199 0.993475 0.069469 -0.039746 0.996792 
-0.000023 -0.000057 1.000000 0.004454 0.012562 0.999911 0.285630 -0.094561 0.953663 0.002164 -0.000959 0.999997 0.107982 -0.040670 0.993321 0.070563 -0.040470 0.996686 
-0.000020 -0.000048 1.000000 0.005305 0.014876 0.999875 0.288628 -0.096404 0.952576 0.002198 -0.000975 0.999997 0.109391 -0.041200 0.993145 0.071706 -0.041211 0.996574 
-0.000017 -0.000041 1.000000 0.006004 0.016751 0.999842 0.291706 -0.098170 0.951457 0.002236 -0.000991 0.999997 0.110811 -0.041735 0.992965 0.072789 -0.041909 0.996466 
-0.000014 -0.000035 1.000000 0.006563 0.018233 0.999812 0.294510 -0.099743 0.950429 0.002272 -0.001008 0.999997 0.112087 -0.042215 0.992801 0.073738 -0.042519 0.996371 
-0.000013 -0.000032 1.000000 0.006970 0.019304 0.999789 0.296844 -0.100992 0.949570 0.002303 -0.001021 0.999997 0.113156 -0.042617 0.992663 0.074495 -0.043004 0.996294 
-0.000011 -0.000028 1.000000 0.007197 0.019907 0.999776 0.298385 -0.101726 0.949009 0.002324 -0.001031 0.999997 0.113871 -0.042887 0.992569 0.074973 -0.043303 0.996245 
-0.000010 -0.000025 1.000000 0.007275 0.020117 0.999771 0.299113 -0.102037 0.948746 0.002335 -0.001036 0.999997 0.114179 -0.043003 0.992529 0.075190 -0.043436 0.996223 
-0.000011 -0.000028 1.000000 0.007235 0.020009 0.999774 0.299063 -0.101991 0.948767 0.002334 -0.001035 0.999997 0.114120 -0.042981 0.992537 0.075164 -0.043418 0.996225 
-0.000013 -0.000032 1.000000 0.007086 0.019610 0.999783 0.298696 -0.101746 0.948909 0.002329 -0.001033 0.999997 0.113877 -0.042889 0.992569 0.075014 -0.043320 0.996241 
-0.000015 -0.000036 1.000000 0.006826 0.018916 0.999798 0.298100 -0.101315 0.949143 0.002321 -0.001030 0.999997 0.113500 -0.042744 0.992618 0.074758 -0.043149 0.996268 
-0.000017 -0.000041 1.000000 0.006468 0.017956 0.999818 0.297236 -0.100722 0.949477 0.002311 -0.001025 0.999997 0.112910 -0.042508 0.992696 0.074403 -0.042916 0.996304 
-0.000019 -0.000046 1.000000 0.006017 0.016735 0.999842 0.296141 -0.100002 0.949895 0.002298 -0.001019 0.999997 0.112121 -0.042191 0.992798 0.073960 -0.042627 0.996350 
-0.000021 -0.000052 1.000000 0.005461 0.015226 0.999869 0.294903 -0.099160 0.950368 0.002284 -0.001013 0.999997 0.111279 -0.041874 0.992907 0.073428 -0.042278 0.996404 
-0.000024 -0.000059 1.000000 0.004799 0.013420 0.999898 0.293595 -0.098202 0.950872 0.002270 -0.001006 0.999997 0.110410 -0.041547 0.993017 0.072821 -0.041877 0.996465 
-0.000027 -0.000066 1.000000 0.004032 0.011316 0.999928 0.292297 -0.097147 0.951381 0.002257 -0.001001 0.999997 0.109589 -0.041238 0.993121 0.072150 -0.041431 0.996533 
-0.000030 -0.000075 1.000000 0.003178 0.008956 0.999955 0.291027 -0.096045 0.951882 0.002246 -0.000995 0.999997 0.108816 -0.040947 0.993218 0.071430 -0.040951 0.996605 
-0.000035 -0.000086 1.000000 0.002369 0.006701 0.999975 0.289777 -0.095016 0.952366 0.002234 -0.000990 0.999997 0.108067 -0.040665 0.993312 0.070732 -0.040492 0.996673 
-0.000059 -0.000146 1.000000 0.002298 0.006506 0.999976 0.288745 -0.094571 0.952724 0.002201 -0.000975 0.999997 0.107011 -0.040223 0.993444 0.070554 -0.040384 0.996690 
-0.000149 -0.000368 1.000000 0.002254 0.006390 0.999977 0.287971 -0.094173 0.952998 0.002091 -0.000927 0.999997 0.106167 -0.039894 0.993548 0.070417 -0.040301 0.996703 
-0.000413 -0.001021 0.999999 0.002178 0.006187 0.999978 0.287369 -0.093711 0.953225 0.001841 -0.000816 0.999998 0.105435 -0.039630 0.993636 0.070307 -0.040222 0.996714 
-0.000767 -0.001898 0.999998 0.002103 0.005992 0.999980 0.286855 -0.093283 0.953421 0.001534 -0.000680 0.999999 0.104875 -0.039429 0.993703 0.070221 -0.040154 0.996723 
-0.001300 -0.003215 0.999994 0.002107 0.006005 0.999980 0.286445 -0.093104 0.953562 0.001044 -0.000463 0.999999 0.104377 -0.039249 0.993763 0.070192 -0.040132 0.996726 
-0.001481 -0.003659 0.999992 0.001912 0.005461 0.999983 0.286301 -0.092762 0.953639 0.000940 -0.000417 0.999999 0.104121 -0.039184 0.993792 0.070119 -0.040074 0.996733 
-0.001615 -0.003987 0.999991 0.001870 0.005347 0.999984 0.286174 -0.092609 0.953692 0.000818 -0.000363 1.000000 0.103915 -0.039138 0.993816 0.070084 -0.040051 0.996737 
-0.001808 -0.004461 0.999988 0.001896 0.005422 0.999984 0.286047 -0.092559 0.953735 0.000639 -0.000284 1.000000 0.103749 -0.039080 0.993835 0.070089 -0.040052 0.996736 
-0.001765 -0.004354 0.999989 0.001866 0.005342 0.999984 0.286113 -0.092477 0.953723 0.000678 -0.000301 1.000000 0.103744 -0.039086 0.993836 0.070081 -0.040046 0.996737 
-0.001737 -0.004287 0.999989 0.001900 0.005438 0.999983 0.286170 -0.092497 0.953704 0.000695 -0.000309 1.000000 0.103694 -0.039060 0.993842 0.070116 -0.040064 0.996734 
-0.001542 -0.003805 0.999992 0.001945 0.005571 0.999983 0.286332 -0.092528 0.953652 0.000860 -0.000382 1.000000 0.103822 -0.039113 0.993827 0.070151 -0.040081 0.996731 
-0.001336 -0.003297 0.999994 0.001976 0.005659 0.999982 0.286485 -0.092583 0.953601 0.001049 -0.000466 0.999999 0.103980 -0.039177 0.993807 0.070186 -0.040101 0.996728 
-0.001098 -0.002712 0.999996 0.002004 0.005741 0.999982 0.286662 -0.092646 0.953542 0.001268 -0.000563 0.999999 0.104170 -0.039253 0.993785 0.070221 -0.040121 0.996724 
-0.000812 -0.002004 0.999998 0.002031 0.005817 0.999981 0.286860 -0.092717 0.953475 0.001523 -0.000676 0.999999 0.104360 -0.039330 0.993762 0.070252 -0.040140 0.996721 
-0.000499 -0.001231 0.999999 0.002056 0.005889 0.999981 0.287071 -0.092790 0.953405 0.001799 -0.000799 0.999998 0.104567 -0.039412 0.993737 0.070282 -0.040157 0.996719 
-0.000156 -0.000385 1.000000 0.002109 0.006041 0.999980 0.287275 -0.092861 0.953336 0.002091 -0.000929 0.999997 0.104754 -0.039482 0.993714 0.070317 -0.040180 0.996715 
-0.000058 -0.000143 1.000000 0.002123 0.006083 0.999979 0.287570 -0.092947 0.953239 0.002175 -0.000966 0.999997 0.105057 -0.039595 0.993678 0.070349 -0.040199 0.996712 
-0.000058 -0.000142 1.000000 0.002155 0.006177 0.999979 0.287882 -0.093038 0.953136 0.002165 -0.000962 0.999997 0.105318 -0.039696 0.993646 0.070400 -0.040226 0.996707 
-0.000059 -0.000145 1.000000 0.002171 0.006222 0.999978 0.288085 -0.093108 0.953068 0.002171 -0.000964 0.999997 0.105479 -0.039756 0.993627 0.070446 -0.040253 0.996703 
-0.000059 -0.000146 1.000000 0.002185 0.006260 0.999978 0.288170 -0.093139 0.953039 0.002174 -0.000966 0.999997 0.105545 -0.039781 0.993618 0.070470 -0.040268 0.996701 
-0.000020 -0.000048 1.000000 0.002190 0.006277 0.999978 0.288180 -0.093144 0.953035 0.002185 -0.000970 0.999997 0.105473 -0.039761 0.993627 0.070468 -0.040268 0.996701 
-0.000009 -0.000023 1.000000 0.002194 0.006289 0.999978 0.288187 -0.093147 0.953033 0.002191 -0.000973 0.999997 0.105452 -0.039755 0.993629 0.070473 -0.040271 0.996700 
-0.000002 -0.000004 1.000000 0.002198 0.006298 0.999978 0.288194 -0.093150 0.953031 0.002196 -0.000975 0.999997 0.105431 -0.039750 0.993632 0.070479 -0.040275 0.996700 
0.000005 0.000012 1.000000 0.002201 0.006307 0.999978 0.288199 -0.093152 0.953029 0.002200 -0.000977 0.999997 0.105411 -0.039744 0.993634 0.070484 -0.040279 0.996699 
-0.000004 -0.000010 1.000000 0.002203 0.006314 0.999978 0.288205 -0.093154 0.953027 0.002199 -0.000977 0.999997 0.105389 -0.039735 0.993637 0.070497 -0.040287 0.996698 
-0.000010 -0.000025 1.000000 0.002207 0.006323 0.999978 0.288215 -0.093158 0.953023 0.002190 -0.000973 0.999997 0.105324 -0.039702 0.993645 0.070510 -0.040293 0.996697 
-0.000015 -0.000036 1.000000 0.002209 0.006329 0.999978 0.288220 -0.093160 0.953022 0.002193 -0.000974 0.999997 0.105331 -0.039704 0.993644 0.070518 -0.040298 0.996696 
-0.000175 -0.000431 1.000000 0.002127 0.006097 0.999979 0.288302 -0.093138 0.952999 0.002236 -0.000993 0.999997 0.105219 -0.039637 0.993659 0.070662 -0.040382 0.996683 
-0.000126 -0.000311 1.000000 0.002138 0.006128 0.999979 0.288306 -0.093142 0.952998 0.002240 -0.000995 0.999997 0.105146 -0.039617 0.993667 0.070648 -0.040376 0.996684 
-0.000147 -0.000363 1.000000 0.001961 0.005624 0.999982 0.288482 -0.093111 0.952947 0.002264 -0.001006 0.999997 0.105184 -0.039620 0.993663 0.070611 -0.040356 0.996687 
-0.000139 -0.000343 1.000000 0.001987 0.005701 0.999982 0.288607 -0.093119 0.952909 0.002242 -0.000997 0.999997 0.105252 -0.039652 0.993655 0.070621 -0.040363 0.996686 
-0.000132 -0.000325 1.000000 0.001947 0.005588 0.999982 0.288699 -0.093075 0.952885 0.002252 -0.001001 0.999997 0.105266 -0.039661 0.993653 0.070619 -0.040360 0.996687 
-0.000033 -0.000082 1.000000 0.002234 0.006423 0.999977 0.289310 -0.093182 0.952689 0.002104 -0.000936 0.999997 0.105261 -0.039704 0.993652 0.070760 -0.040437 0.996673 
-0.000036 -0.000089 1.000000 0.002233 0.006421 0.999977 0.289340 -0.093191 0.952679 0.002110 -0.000938 0.999997 0.105235 -0.039693 0.993655 0.070781 -0.040449 0.996671 
-0.000012 -0.000029 1.000000 0.002233 0.006421 0.999977 0.289371 -0.093200 0.952669 0.002132 -0.000948 0.999997 0.105276 -0.039713 0.993650 0.070782 -0.040451 0.996671 
-0.000001 -0.000002 1.000000 0.002140 0.006155 0.999979 0.289474 -0.093200 0.952638 0.002175 -0.000967 0.999997 0.105311 -0.039733 0.993645 0.070773 -0.040449 0.996672 
0.000022 0.000055 1.000000 0.001953 0.005618 0.999982 0.289672 -0.093191 0.952578 0.002246 -0.001000 0.999997 0.105376 -0.039768 0.993637 0.070739 -0.040436 0.996675 
-0.000160 -0.000395 1.000000 0.001980 0.005694 0.999982 0.289692 -0.093205 0.952571 0.002261 -0.001006 0.999997 0.105287 -0.039702 0.993649 0.070925 -0.040543 0.996657 
-0.000150 -0.000370 1.000000 0.002003 0.005762 0.999981 0.289700 -0.093215 0.952568 0.002260 -0.001006 0.999997 0.105293 -0.039705 0.993648 0.070930 -0.040547 0.996657 
-0.000161 -0.000397 1.000000 0.001924 0.005533 0.999983 0.289814 -0.093222 0.952532 0.002266 -0.001008 0.999997 0.105283 -0.039691 0.993650 0.070924 -0.040546 0.996657 
-0.000141 -0.000349 1.000000 0.001953 0.005617 0.999982 0.289827 -0.093235 0.952527 0.002260 -0.001006 0.999997 0.105236 -0.039680 0.993655 0.070934 -0.040552 0.996656 
-0.000133 -0.000328 1.000000 0.001980 0.005694 0.999982 0.289836 -0.093246 0.952523 0.002258 -0.001005 0.999997 0.105244 -0.039683 0.993654 0.070942 -0.040558 0.996656 
-0.000099 -0.000244 1.000000 0.002004 0.005763 0.999981 0.289847 -0.093256 0.952519 0.002261 -0.001006 0.999997 0.105213 -0.039676 0.993658 0.070941 -0.040558 0.996656 
-0.000093 -0.000230 1.000000 0.002027 0.005832 0.999981 0.289910 -0.093276 0.952498 0.002249 -0.001001 0.999997 0.105249 -0.039685 0.993654 0.070947 -0.040561 0.996655 
-0.000080 -0.000197 1.000000 0.002047 0.005889 0.999981 0.289939 -0.093291 0.952487 0.002251 -0.001002 0.999997 0.105264 -0.039692 0.993652 0.070955 -0.040567 0.996654 
-0.000077 -0.000191 1.000000 0.002065 0.005941 0.999980 0.289964 -0.093305 0.952478 0.002250 -0.001002 0.999997 0.105305 -0.039707 0.993647 0.070963 -0.040572 0.996654 
-0.000075 -0.000186 1.000000 0.002081 0.005987 0.999980 0.289984 -0.093316 0.952471 0.002250 -0.001001 0.999997 0.105348 -0.039724 0.993642 0.070967 -0.040575 0.996653 
-0.000073 -0.000181 1.000000 0.002096 0.006029 0.999980 0.289998 -0.093324 0.952466 0.002249 -0.001001 0.999997 0.105385 -0.039738 0.993637 0.070971 -0.040578 0.996653 
-0.000057 -0.000140 1.000000 0.002109 0.006069 0.999979 0.290028 -0.093328 0.952457 0.002251 -0.001002 0.999997 0.105366 -0.039736 0.993639 0.070977 -0.040581 0.996652 
-0.000057 -0.000140 1.000000 0.002122 0.006105 0.999979 0.290063 -0.093344 0.952444 0.002250 -0.001002 0.999997 0.105481 -0.039779 0.993625 0.070972 -0.040579 0.996653 
-0.000057 -0.000140 1.000000 0.002133 0.006136 0.999979 0.290082 -0.093354 0.952438 0.002250 -0.001002 0.999997 0.105505 -0.039788 0.993622 0.070979 -0.040583 0.996652 
