2.025000 0.000000 0.000000 0.000000
2.050000 350.000000 0.000000 0.000000
2.075000 700.000000 0.000000 0.000000
2.100000 1050.000000 0.000000 0.000000
2.125000 1400.000000 0.000000 0.000000
2.150000 1750.000000 0.000000 0.000000
2.175000 2100.000000 0.000000 0.000000
2.200000 2450.000000 0.000000 0.000000
2.225000 2800.000000 0.000000 0.000000
2.250000 3150.000000 0.000000 0.000000
2.275000 3500.000000 0.000000 0.000000
2.300000 3850.000000 0.000000 0.000000
2.325000 4200.000000 0.000000 0.000000
2.350000 4550.000000 0.000000 0.000000
2.375000 4900.000000 0.000000 0.000000
