2.343079 0.256518 0.004978 2.492230 0.308844 0.004109 2.397805 0.408267 0.003733 2.498597 0.406087 0.003409 
2.343048 0.256545 0.004978 2.492356 0.308962 0.004190 2.397931 0.408385 0.003851 2.498568 0.406112 0.003557 
2.343092 0.256494 0.004975 2.492374 0.308977 0.004260 2.397949 0.408401 0.003956 2.498614 0.406062 0.003689 
2.342352 0.257020 0.004974 2.490634 0.307414 0.003852 2.396241 0.406885 0.003768 2.497892 0.406540 0.003211 
2.343522 0.255926 0.004695 2.491748 0.308413 0.004039 2.397348 0.407866 0.003805 2.499081 0.405481 0.003543 
2.344720 0.254897 0.004291 2.493181 0.309736 0.004197 2.398777 0.409170 0.003872 2.500306 0.404478 0.003929 
2.345542 0.254029 0.004357 2.492449 0.309035 0.004268 2.398047 0.408479 0.003980 2.501131 0.403644 0.004028 
2.345276 0.254395 0.004209 2.492170 0.308895 0.004141 2.397795 0.408369 0.004247 2.500900 0.403964 0.004180 
2.344858 0.254439 0.004468 2.488044 0.305174 0.003482 2.393706 0.404726 0.004031 2.500482 0.403999 0.003325 
2.346037 0.253117 0.004424 2.486487 0.303784 0.003313 2.392186 0.403386 0.004032 2.501712 0.402682 0.003173 
2.348286 0.250700 0.004487 2.485118 0.302506 0.003406 2.390833 0.402138 0.004130 2.503997 0.400334 0.003243 
2.349874 0.249173 0.004206 2.484980 0.302499 0.003380 2.390725 0.402159 0.004403 2.505653 0.398816 0.003542 
2.352025 0.246951 0.004107 2.484145 0.301767 0.003441 2.389911 0.401455 0.004575 2.507854 0.396643 0.003726 
2.353824 0.244979 0.004111 2.482175 0.300065 0.003315 2.387960 0.399790 0.004587 2.509680 0.394732 0.003552 
2.356091 0.242550 0.004200 2.480931 0.298846 0.003442 2.386727 0.398597 0.004692 2.511979 0.392374 0.003632 
2.357481 0.241074 0.004326 2.479979 0.297933 0.003576 2.385780 0.397697 0.004990 2.513381 0.390951 0.003824 
2.357994 0.240529 0.004517 2.479145 0.297122 0.003701 2.384947 0.396892 0.005475 2.513887 0.390436 0.004078 
2.358011 0.240509 0.004745 2.478429 0.296421 0.003817 2.384232 0.396190 0.006052 2.513888 0.390433 0.004359 
2.358019 0.240499 0.004956 2.477851 0.295851 0.003922 2.383655 0.395618 0.006586 2.513883 0.390437 0.004618 
2.358027 0.240489 0.005150 2.477414 0.295417 0.004017 2.383222 0.395181 0.007078 2.513881 0.390437 0.004856 
2.358036 0.240479 0.005328 2.477124 0.295123 0.004102 2.382935 0.394882 0.007533 2.513883 0.390433 0.005074 
2.358044 0.240469 0.005492 2.476980 0.294971 0.004179 2.382796 0.394723 0.007954 2.513888 0.390427 0.005275 
2.357699 0.241536 0.005706 2.476181 0.294909 0.004283 2.382773 0.395383 0.008363 2.514687 0.390309 0.005441 
2.360846 0.238348 0.005410 2.475693 0.294968 0.004344 2.382672 0.395829 0.007740 2.518472 0.386619 0.005165 
2.364900 0.233991 0.005075 2.475344 0.294804 0.004401 2.382424 0.395789 0.006813 2.522752 0.382222 0.004856 
2.367248 0.231460 0.004938 2.475229 0.294737 0.004497 2.382386 0.395806 0.006364 2.525256 0.379641 0.004825 
2.368630 0.229955 0.004901 2.474678 0.294243 0.004540 2.381844 0.395329 0.006190 2.526667 0.378173 0.004807 
2.369931 0.228568 0.004882 2.473973 0.293717 0.004577 2.381239 0.394905 0.006083 2.528129 0.376683 0.004799 
2.368611 0.230006 0.005035 2.473315 0.293079 0.004609 2.380574 0.394257 0.006713 2.526763 0.378104 0.004972 
2.365914 0.232903 0.005307 2.473181 0.292869 0.004647 2.380496 0.394076 0.007660 2.524091 0.380845 0.005284 
2.364151 0.234826 0.005519 2.473479 0.293117 0.004673 2.380793 0.394301 0.008274 2.522291 0.382722 0.005512 
2.366074 0.232729 0.005378 2.473713 0.293354 0.004697 2.381034 0.394556 0.007868 2.524265 0.380664 0.005368 
2.368362 0.230233 0.005235 2.473534 0.293210 0.004718 2.380862 0.394435 0.007429 2.526604 0.378224 0.005223 
2.369780 0.228682 0.005182 2.473033 0.292770 0.004735 2.380353 0.393997 0.007289 2.528028 0.376735 0.005173 
2.371750 0.226521 0.005106 2.472265 0.292098 0.004743 2.379579 0.393334 0.007053 2.530012 0.374655 0.005082 
2.372442 0.225762 0.005120 2.471368 0.291284 0.004758 2.378669 0.392514 0.007221 2.530680 0.373954 0.005107 
2.372990 0.225160 0.005145 2.470628 0.290612 0.004771 2.377915 0.391832 0.007461 2.531202 0.373406 0.005142 
2.373191 0.224927 0.005191 2.469983 0.290079 0.004784 2.377221 0.391251 0.007806 2.531319 0.373272 0.005201 
2.374189 0.223834 0.005180 2.469572 0.289728 0.004795 2.376794 0.390886 0.007934 2.532300 0.372246 0.005198 
2.374953 0.222991 0.005182 2.469152 0.289413 0.004806 2.376325 0.390525 0.008127 2.532993 0.371514 0.005208 
2.376709 0.221080 0.005120 2.468777 0.289088 0.004816 2.375945 0.390202 0.008063 2.534765 0.369671 0.005149 
2.377883 0.219801 0.005095 2.468226 0.288601 0.004824 2.375381 0.389705 0.008179 2.535927 0.368461 0.005128 
2.377310 0.220423 0.005176 2.467397 0.287801 0.004832 2.374554 0.388896 0.008786 2.535322 0.369088 0.005216 
2.374186 0.223817 0.005467 2.466348 0.286766 0.004840 2.373506 0.387818 0.010026 2.532101 0.372433 0.005521 
2.371597 0.226629 0.005765 2.465045 0.285509 0.004847 2.372206 0.386524 0.011004 2.529422 0.375214 0.005831 
2.372375 0.225784 0.005710 2.463787 0.284343 0.004852 2.370945 0.385373 0.010949 2.530193 0.374414 0.005777 
2.370306 0.384728 0.010563 2.620258 -0.033415 0.004875 2.739163 0.393983 0.005105 2.542595 0.397098 0.009226 2.373902 0.224056 0.005551 2.413833 0.191146 0.004863 
2.375203 0.389224 0.011475 2.617558 -0.034815 0.004905 2.738438 0.395699 0.005101 2.537049 0.400713 0.010884 2.373104 0.224593 0.005530 2.411381 0.192688 0.004864 
2.377052 0.392725 0.012816 2.614526 -0.036283 0.004887 2.736748 0.399600 0.005686 2.530075 0.404222 0.012650 2.368229 0.227823 0.005756 2.407516 0.194213 0.004870 
2.375984 0.392427 0.012552 2.612944 -0.036896 0.004693 2.735988 0.402912 0.006394 2.526995 0.405875 0.012732 2.366430 0.229093 0.005766 2.403617 0.196581 0.004878 
2.373043 0.389036 0.010886 2.609397 -0.037960 0.004635 2.737941 0.403844 0.006023 2.526455 0.406653 0.011149 2.366570 0.229174 0.005602 2.399702 0.199382 0.004888 
2.368845 0.384111 0.008671 2.604480 -0.039258 0.004548 2.740036 0.405780 0.006230 2.527580 0.406450 0.008776 2.366912 0.229179 0.005403 2.395293 0.202532 0.004891 
2.366390 0.380714 0.006585 2.601153 -0.039620 0.004391 2.742240 0.407090 0.006818 2.528904 0.406033 0.006744 2.367765 0.228606 0.005153 2.390730 0.205804 0.004895 
2.365848 0.380335 0.005047 2.602471 -0.038775 0.004808 2.742652 0.407395 0.006748 2.527739 0.406717 0.005769 2.369054 0.227006 0.004963 2.386874 0.208508 0.004969 
2.366427 0.380893 0.004835 2.609637 -0.035732 0.004784 2.742423 0.410079 0.008094 2.525975 0.408258 0.006208 2.365360 0.231175 0.004768 2.383681 0.210780 0.004796 
2.366524 0.381026 0.004757 2.621299 -0.030029 0.005513 2.744673 0.415592 0.011607 2.526744 0.409068 0.007004 2.361313 0.235676 0.004733 2.383102 0.211105 0.004771 
2.367000 0.381309 0.004426 2.631740 -0.025383 0.008338 2.748210 0.420488 0.015383 2.529047 0.409158 0.007795 2.358978 0.238241 0.004727 2.386008 0.209076 0.004954 
2.367562 0.381794 0.004476 2.640794 -0.021969 0.011888 2.751816 0.424145 0.018822 2.531168 0.409295 0.008910 2.355462 0.242295 0.004733 2.390215 0.206477 0.005170 
2.367889 0.381888 0.003891 2.646969 -0.020195 0.015332 2.754150 0.426297 0.021108 2.533299 0.408906 0.009295 2.354359 0.243555 0.004577 2.393653 0.204396 0.005438 
2.366934 0.380748 0.003423 2.649399 -0.019900 0.018242 2.755224 0.426921 0.022194 2.534296 0.408478 0.009260 2.353741 0.244050 0.004824 2.394821 0.203509 0.006046 
2.368426 0.382160 0.003521 2.649803 -0.020568 0.020770 2.755234 0.426382 0.022581 2.533292 0.409104 0.009821 2.350524 0.247933 0.004517 2.396363 0.202694 0.005934 
2.368843 0.382518 0.003647 2.649121 -0.021814 0.023165 2.754876 0.425244 0.022658 2.532450 0.409325 0.010145 2.347954 0.250892 0.004545 2.397112 0.202163 0.006130 
2.369510 0.383086 0.003705 2.648510 -0.023115 0.025419 2.754461 0.424038 0.022653 2.531814 0.409427 0.010422 2.346367 0.252741 0.004598 2.397835 0.201656 0.006400 
2.368549 0.381883 0.003295 2.648215 -0.023987 0.027422 2.754352 0.423164 0.022824 2.532523 0.408532 0.010125 2.347044 0.251573 0.004950 2.397743 0.201295 0.007085 
2.369337 0.382565 0.003446 2.648147 -0.024357 0.029045 2.754444 0.422744 0.023030 2.532116 0.408697 0.010438 2.345696 0.253123 0.005056 2.398413 0.200851 0.007362 
2.370174 0.383298 0.003582 2.647955 -0.024549 0.030414 2.754393 0.422496 0.023175 2.531775 0.408841 0.010697 2.345271 0.253611 0.005284 2.398725 0.200638 0.007765 
2.371049 0.384065 0.003706 2.647678 -0.024696 0.031535 2.754257 0.422286 0.023206 2.531479 0.408956 0.010898 2.345255 0.253628 0.005534 2.398909 0.200507 0.008172 
2.371951 0.384852 0.003818 2.647324 -0.024912 0.032442 2.754042 0.422002 0.023106 2.531241 0.409009 0.011046 2.345244 0.253639 0.005730 2.399174 0.200315 0.008494 
2.372882 0.385661 0.003919 2.646908 -0.025192 0.033120 2.753768 0.421650 0.022867 2.531043 0.409016 0.011139 2.345229 0.253655 0.005868 2.399502 0.200075 0.008725 
2.373832 0.386484 0.004010 2.646424 -0.025549 0.033534 2.753449 0.421217 0.022458 2.530832 0.409005 0.011167 2.345216 0.253668 0.005953 2.399818 0.199833 0.008862 
2.374794 0.387313 0.004092 2.645861 -0.025996 0.033659 2.753089 0.420688 0.021852 2.530568 0.408997 0.011123 2.345209 0.253673 0.005988 2.400068 0.199622 0.008899 
2.375765 0.388148 0.004167 2.645263 -0.026501 0.033495 2.752703 0.420101 0.021065 2.530262 0.408999 0.011012 2.345209 0.253672 0.005972 2.400272 0.199434 0.008838 
2.376747 0.388988 0.004235 2.644687 -0.027012 0.033049 2.752327 0.419515 0.020133 2.529946 0.409010 0.010841 2.345213 0.253666 0.005906 2.400476 0.199245 0.008682 
2.377748 0.389842 0.004300 2.644147 -0.027483 0.032328 2.751984 0.418976 0.019087 2.529620 0.409040 0.010624 2.345261 0.253610 0.005800 2.400655 0.199074 0.008447 
2.378823 0.390799 0.004390 2.643569 -0.027829 0.031334 2.751600 0.418561 0.017949 2.529216 0.409179 0.010385 2.345309 0.253564 0.005680 2.400711 0.198991 0.008156 
2.379855 0.391712 0.004467 2.642884 -0.028087 0.030096 2.751215 0.418210 0.016772 2.528846 0.409295 0.010106 2.345687 0.253138 0.005576 2.400587 0.199028 0.007859 
2.380816 0.392530 0.004520 2.642141 -0.028337 0.028680 2.750713 0.417884 0.015529 2.528511 0.409351 0.009780 2.346370 0.252349 0.005468 2.400398 0.199102 0.007542 
2.381674 0.393263 0.004562 2.641362 -0.028507 0.027068 2.750106 0.417655 0.014236 2.528212 0.409397 0.009410 2.347575 0.250957 0.005423 2.399962 0.199345 0.007286 
2.382498 0.393967 0.004602 2.640513 -0.028479 0.025224 2.749401 0.417627 0.012918 2.527884 0.409493 0.009008 2.348965 0.249351 0.005377 2.399385 0.199692 0.007014 
2.383283 0.394634 0.004659 2.639648 -0.028271 0.023154 2.748611 0.417788 0.011559 2.527480 0.409670 0.008587 2.350297 0.247813 0.005302 2.398743 0.200093 0.006689 
2.384024 0.395255 0.004770 2.638905 -0.028073 0.020912 2.747900 0.417953 0.010158 2.527045 0.409878 0.008188 2.351171 0.246804 0.005151 2.398261 0.200391 0.006250 
2.384716 0.395838 0.004859 2.638297 -0.028009 0.018562 2.747373 0.417944 0.008726 2.526773 0.409976 0.007769 2.352580 0.245176 0.005032 2.397695 0.200745 0.005873 
2.385353 0.396386 0.004872 2.637471 -0.027702 0.016014 2.746674 0.418171 0.007316 2.526543 0.410073 0.007273 2.355102 0.242264 0.005022 2.396604 0.201459 0.005669 
2.385952 0.396900 0.004896 2.636428 -0.027075 0.013231 2.745741 0.418709 0.005898 2.526121 0.410323 0.006758 2.357615 0.239362 0.004998 2.395257 0.202352 0.005448 
2.386429 0.397311 0.004908 2.635228 -0.026188 0.010266 2.744614 0.419499 0.004478 2.525575 0.410680 0.006208 2.360281 0.236283 0.004993 2.393616 0.203449 0.005265 
2.386683 0.397571 0.004883 2.633592 -0.025427 0.007438 2.743562 0.420237 0.003104 2.525154 0.410959 0.005623 2.362664 0.233490 0.004916 2.392316 0.204300 0.005038 
2.386985 0.397952 0.005015 2.631631 -0.026325 0.007128 2.744326 0.419237 0.003063 2.527238 0.409658 0.005560 2.364018 0.231913 0.004740 2.395271 0.202339 0.004806 
2.386948 0.397947 0.005065 2.629452 -0.027288 0.006728 2.744773 0.419080 0.003163 2.529136 0.408412 0.005375 2.366116 0.229438 0.004775 2.397231 0.200990 0.004819 
2.387320 0.398251 0.005409 2.627785 -0.028037 0.006287 2.744786 0.419554 0.003426 2.530284 0.407667 0.005498 2.367193 0.228193 0.004841 2.398771 0.199950 0.004815 
2.387641 0.398503 0.005892 2.626379 -0.028669 0.005922 2.744747 0.420038 0.003653 2.530928 0.407241 0.005748 2.367388 0.227967 0.004934 2.400016 0.199107 0.004809 
2.387916 0.398715 0.006328 2.625416 -0.029099 0.005619 2.744682 0.420490 0.003888 2.531396 0.406929 0.005995 2.367340 0.228022 0.005020 2.400962 0.198464 0.004804 
2.388033 0.398800 0.006621 2.625866 -0.028909 0.005187 2.744275 0.421421 0.004578 2.532163 0.406443 0.006229 2.367337 0.228026 0.005082 2.401387 0.198176 0.004795 
2.388012 0.398772 0.006777 2.625924 -0.028888 0.005059 2.744230 0.421525 0.004820 2.532492 0.406234 0.006355 2.367338 0.228023 0.005120 2.401693 0.197969 0.004804 
2.387942 0.398712 0.006781 2.625883 -0.028906 0.005042 2.744238 0.421514 0.004865 2.532510 0.406222 0.006368 2.367426 0.227921 0.005130 2.401649 0.197998 0.004816 
2.387815 0.398612 0.006652 2.625934 -0.028883 0.005076 2.744215 0.421537 0.004860 2.532398 0.406295 0.006292 2.367645 0.227667 0.005115 2.401316 0.198223 0.004833 
2.387625 0.398465 0.006427 2.626114 -0.028804 0.005154 2.744149 0.421606 0.004829 2.532146 0.406458 0.006160 2.367890 0.227384 0.005083 2.400712 0.198631 0.004852 
2.387379 0.398274 0.006084 2.626399 -0.028678 0.005277 2.744048 0.421713 0.004768 2.531797 0.406686 0.005950 2.368256 0.226960 0.005032 2.399855 0.199209 0.004873 
2.387079 0.398042 0.005630 2.626764 -0.028516 0.005452 2.743938 0.421802 0.004660 2.531358 0.406973 0.005666 2.368743 0.226397 0.004966 2.398785 0.199932 0.004896 
2.386880 0.397897 0.005320 2.627429 -0.028225 0.005695 2.743893 0.421625 0.004510 2.530593 0.407468 0.005542 2.368672 0.226476 0.004923 2.397648 0.200700 0.004922 
2.383906 0.395274 0.004700 2.628491 -0.027760 0.005974 2.743986 0.421141 0.004394 2.530894 0.407074 0.004838 2.367883 0.226961 0.005090 2.396144 0.201394 0.005133 
2.383330 0.394751 0.004418 2.628919 -0.027549 0.006241 2.744067 0.420900 0.004218 2.530002 0.407547 0.004677 2.366798 0.228031 0.004961 2.395071 0.201975 0.005042 
2.383162 0.394607 0.004464 2.629868 -0.027106 0.006501 2.744138 0.420536 0.004146 2.528809 0.408297 0.004861 2.365405 0.229640 0.004955 2.393934 0.202733 0.005047 
2.383927 0.395695 0.004763 2.631306 -0.026503 0.006759 2.744177 0.420004 0.004158 2.527379 0.409434 0.005427 2.362322 0.233480 0.004520 2.393898 0.203054 0.004539 
2.381888 0.393781 0.004557 2.632379 -0.026088 0.007009 2.744376 0.419503 0.004122 2.527227 0.409402 0.005141 2.361462 0.234280 0.004772 2.392530 0.203790 0.004802 
2.380873 0.392870 0.004373 2.634131 -0.025699 0.007435 2.745039 0.419093 0.004406 2.527442 0.409256 0.005082 2.361490 0.234144 0.004937 2.391930 0.204121 0.005037 
2.380644 0.392600 0.004224 2.635268 -0.025408 0.007889 2.745578 0.419174 0.004879 2.527652 0.409186 0.005137 2.361253 0.234366 0.004904 2.391943 0.204077 0.005061 
2.380621 0.392581 0.004293 2.635596 -0.025424 0.008436 2.745791 0.419089 0.005310 2.527583 0.409244 0.005374 2.360629 0.235083 0.004909 2.392121 0.203959 0.005090 
2.380610 0.392572 0.004355 2.635671 -0.025505 0.008884 2.745881 0.418979 0.005661 2.527547 0.409258 0.005569 2.360188 0.235590 0.004914 2.392296 0.203838 0.005115 
2.380853 0.392798 0.004388 2.635719 -0.025552 0.009154 2.745935 0.418897 0.005924 2.527496 0.409299 0.005738 2.360045 0.235782 0.004862 2.392476 0.203742 0.005086 
2.380882 0.392816 0.004439 2.635741 -0.025570 0.009260 2.745963 0.418862 0.006111 2.527481 0.409306 0.005854 2.359954 0.235887 0.004862 2.392522 0.203710 0.005092 
2.382076 0.393866 0.004379 2.635786 -0.025561 0.009195 2.745940 0.418819 0.006197 2.527408 0.409496 0.006005 2.360053 0.236034 0.004489 2.393128 0.203501 0.004735 
2.381979 0.393783 0.004436 2.635751 -0.025416 0.008980 2.745926 0.418945 0.006235 2.527317 0.409576 0.006041 2.360184 0.235882 0.004533 2.392885 0.203666 0.004764 
2.381924 0.393736 0.004487 2.635712 -0.025262 0.008709 2.745880 0.419086 0.006230 2.527253 0.409640 0.006057 2.360412 0.235618 0.004572 2.392668 0.203815 0.004787 
2.382201 0.394074 0.004595 2.635690 -0.025152 0.008374 2.745833 0.419157 0.006173 2.527104 0.409802 0.006147 2.360025 0.236108 0.004443 2.392822 0.203769 0.004608 
2.380553 0.392625 0.004351 2.635609 -0.025039 0.007952 2.745868 0.419215 0.006049 2.527792 0.409260 0.005680 2.360939 0.234871 0.004656 2.392188 0.204054 0.004825 
2.381386 0.393453 0.004494 2.635517 -0.024856 0.007382 2.745710 0.419354 0.005822 2.527357 0.409634 0.005811 2.360773 0.235161 0.004469 2.392247 0.204114 0.004581 
2.382676 0.394651 0.004579 2.635353 -0.024747 0.006817 2.745453 0.419419 0.005612 2.527012 0.409957 0.005956 2.361031 0.235037 0.004179 2.392506 0.204088 0.004260 
2.382371 0.394359 0.004556 2.634964 -0.024897 0.006695 2.745614 0.419186 0.005605 2.527567 0.409575 0.005861 2.361951 0.233937 0.004299 2.392726 0.203908 0.004395 
2.382945 0.394941 0.004677 2.634753 -0.024998 0.006614 2.745729 0.419018 0.005654 2.527811 0.409495 0.006010 2.361962 0.234002 0.004180 2.393472 0.203489 0.004255 
2.382947 0.394949 0.004709 2.634597 -0.025074 0.006553 2.745823 0.418875 0.005681 2.528195 0.409256 0.006009 2.362511 0.233368 0.004246 2.393760 0.203300 0.004327 
2.382983 0.394981 0.004735 2.634456 -0.025136 0.006518 2.745902 0.418761 0.005670 2.528468 0.409085 0.006003 2.362964 0.232846 0.004311 2.393970 0.203161 0.004399 
2.383054 0.395044 0.004760 2.634434 -0.025148 0.006502 2.745930 0.418710 0.005648 2.528644 0.408976 0.006000 2.363279 0.232481 0.004371 2.394096 0.203078 0.004462 
2.382105 0.394396 0.004803 2.634439 -0.025164 0.006516 2.745964 0.418632 0.005584 2.528866 0.408765 0.005888 2.362587 0.233086 0.004482 2.394120 0.202960 0.004531 
2.382275 0.394544 0.004820 2.634471 -0.025149 0.006526 2.745967 0.418626 0.005547 2.528874 0.408761 0.005900 2.362795 0.232844 0.004525 2.394123 0.202958 0.004582 
2.383273 0.395628 0.004988 2.634558 -0.025119 0.006534 2.745942 0.418640 0.005535 2.528525 0.409143 0.006165 2.361895 0.234092 0.004252 2.394766 0.202733 0.004266 
2.383764 0.396177 0.005069 2.634640 -0.025086 0.006541 2.745912 0.418669 0.005528 2.528356 0.409339 0.006292 2.361285 0.234905 0.004087 2.395150 0.202586 0.004070 
2.383718 0.396142 0.005057 2.634651 -0.025080 0.006556 2.745914 0.418674 0.005496 2.528382 0.409325 0.006264 2.361590 0.234555 0.004167 2.394999 0.202688 0.004167 
2.383710 0.396139 0.005048 2.634700 -0.025059 0.006573 2.745900 0.418689 0.005459 2.528408 0.409311 0.006238 2.361861 0.234241 0.004241 2.394877 0.202771 0.004254 
2.382042 0.394868 0.004898 2.634736 -0.025045 0.006596 2.745904 0.418694 0.005408 2.528924 0.408867 0.005892 2.361162 0.234737 0.004359 2.394728 0.202682 0.004337 
2.382312 0.395267 0.005005 2.634844 -0.024999 0.006606 2.745874 0.418723 0.005392 2.528784 0.409039 0.006005 2.360296 0.235795 0.004237 2.395084 0.202525 0.004165 
2.382783 0.395692 0.005012 2.634910 -0.024970 0.006615 2.745861 0.418738 0.005376 2.528715 0.409110 0.006060 2.360576 0.235510 0.004211 2.395134 0.202526 0.004160 
2.383051 0.395955 0.005035 2.635000 -0.024934 0.006612 2.745832 0.418763 0.005388 2.528681 0.409159 0.006112 2.360729 0.235362 0.004209 2.395152 0.202543 0.004168 
2.383057 0.395965 0.005029 2.635059 -0.024909 0.006604 2.745816 0.418781 0.005407 2.528738 0.409126 0.006108 2.361102 0.234930 0.004276 2.395022 0.202630 0.004254 
2.383050 0.395963 0.005023 2.635093 -0.024895 0.006596 2.745809 0.418785 0.005425 2.528794 0.409092 0.006104 2.361450 0.234526 0.004338 2.394908 0.202707 0.004333 
2.383031 0.395952 0.005018 2.635113 -0.024887 0.006591 2.745815 0.418762 0.005438 2.528846 0.409061 0.006101 2.361768 0.234158 0.004394 2.394809 0.202774 0.004405 
2.383006 0.395934 0.005014 2.635120 -0.024884 0.006586 2.745826 0.418737 0.005452 2.528890 0.409034 0.006100 2.362051 0.233830 0.004445 2.394719 0.202834 0.004469 
2.382982 0.395916 0.005011 2.635126 -0.024881 0.006581 2.745837 0.418714 0.005468 2.528930 0.409010 0.006100 2.362304 0.233536 0.004491 2.394634 0.202892 0.004526 
2.383056 0.396052 0.005033 2.635119 -0.024880 0.006570 2.745860 0.418696 0.005493 2.528924 0.409041 0.006137 2.361899 0.234015 0.004394 2.394848 0.202773 0.004410 
2.383009 0.396015 0.005028 2.635112 -0.024877 0.006561 2.745885 0.418685 0.005518 2.528961 0.409016 0.006135 2.362152 0.233722 0.004445 2.394724 0.202856 0.004474 
2.382881 0.396074 0.005119 2.635113 -0.024870 0.006556 2.745910 0.418667 0.005539 2.528872 0.409105 0.006210 2.361776 0.234158 0.004460 2.394731 0.202890 0.004465 
2.382598 0.395749 0.004961 2.635083 -0.024879 0.006551 2.745953 0.418645 0.005554 2.529129 0.408883 0.006052 2.362048 0.233786 0.004428 2.394715 0.202839 0.004454 
2.382757 0.395909 0.004987 2.635131 -0.024859 0.006547 2.745935 0.418657 0.005578 2.529052 0.408951 0.006105 2.362061 0.233790 0.004417 2.394699 0.202870 0.004445 
2.382881 0.396038 0.005010 2.635139 -0.024854 0.006544 2.745933 0.418660 0.005595 2.528981 0.409013 0.006149 2.362086 0.233781 0.004411 2.394676 0.202906 0.004441 
2.382825 0.395993 0.005007 2.635143 -0.024851 0.006546 2.745942 0.418647 0.005603 2.528976 0.409017 0.006147 2.362283 0.233554 0.004461 2.394540 0.202997 0.004502 
2.382004 0.395289 0.004829 2.635053 -0.024885 0.006558 2.745979 0.418623 0.005572 2.529322 0.408731 0.005897 2.362336 0.233363 0.004497 2.394415 0.202986 0.004545 
2.382409 0.395654 0.004855 2.635154 -0.024843 0.006559 2.745946 0.418649 0.005595 2.529191 0.408844 0.005980 2.362356 0.233383 0.004441 2.394466 0.202988 0.004495 
2.382810 0.396122 0.004932 2.635236 -0.024820 0.006563 2.745925 0.418636 0.005606 2.529010 0.409048 0.006111 2.362051 0.233862 0.004338 2.394660 0.202978 0.004379 
2.382893 0.396315 0.004988 2.635220 -0.024824 0.006563 2.745945 0.418630 0.005616 2.528922 0.409172 0.006177 2.361395 0.234668 0.004227 2.394887 0.202889 0.004237 
2.380756 0.394659 0.005011 2.635149 -0.024845 0.006561 2.746004 0.418603 0.005624 2.529291 0.408832 0.005930 2.359909 0.236077 0.004424 2.394632 0.202874 0.004338 
2.382277 0.396154 0.005060 2.635109 -0.024868 0.006567 2.746018 0.418597 0.005611 2.528910 0.409251 0.006189 2.359937 0.236407 0.004076 2.395279 0.202747 0.003998 
2.382247 0.396134 0.005050 2.635170 -0.024844 0.006564 2.745994 0.418617 0.005630 2.528931 0.409241 0.006185 2.360342 0.235938 0.004154 2.395077 0.202883 0.004101 
2.381230 0.395299 0.004941 2.635084 -0.024879 0.006561 2.746026 0.418596 0.005623 2.529281 0.408958 0.005967 2.360299 0.235842 0.004263 2.394876 0.202920 0.004205 
2.381387 0.395447 0.004951 2.635081 -0.024878 0.006556 2.746033 0.418596 0.005631 2.529255 0.408981 0.005996 2.360626 0.235469 0.004304 2.394783 0.202990 0.004265 
2.380383 0.394585 0.004839 2.635050 -0.024903 0.006554 2.746045 0.418578 0.005624 2.529631 0.408659 0.005770 2.360615 0.235325 0.004412 2.394603 0.202995 0.004370 
2.380606 0.394781 0.004851 2.635030 -0.024907 0.006558 2.746068 0.418562 0.005607 2.529579 0.408689 0.005801 2.360969 0.234912 0.004458 2.394515 0.203053 0.004436 
2.380827 0.394979 0.004866 2.635070 -0.024886 0.006564 2.746073 0.418553 0.005600 2.529532 0.408720 0.005836 2.361246 0.234591 0.004494 2.394449 0.203099 0.004488 
2.382907 0.396977 0.005004 2.635175 -0.024856 0.006561 2.746023 0.418570 0.005612 2.528965 0.409245 0.006233 2.360525 0.235725 0.003963 2.395519 0.202649 0.003932 
2.382845 0.396929 0.005001 2.635185 -0.024853 0.006568 2.746024 0.418552 0.005600 2.528993 0.409230 0.006220 2.360901 0.235291 0.004052 2.395349 0.202764 0.004041 
2.382443 0.396696 0.005037 2.635172 -0.024858 0.006564 2.746029 0.418549 0.005601 2.529064 0.409199 0.006198 2.360167 0.236082 0.004026 2.395492 0.202653 0.003971 
2.382419 0.396681 0.005031 2.635201 -0.024846 0.006555 2.746020 0.418558 0.005616 2.529122 0.409164 0.006190 2.360596 0.235585 0.004108 2.395332 0.202761 0.004075 
2.383260 0.397563 0.005148 2.635211 -0.024843 0.006546 2.746020 0.418558 0.005627 2.528890 0.409452 0.006396 2.360132 0.236308 0.003906 2.395806 0.202616 0.003848 
2.382320 0.396864 0.005152 2.635126 -0.024876 0.006556 2.746076 0.418520 0.005587 2.529099 0.409298 0.006268 2.359552 0.236870 0.004015 2.395727 0.202615 0.003914 
2.382375 0.396917 0.005133 2.635198 -0.024845 0.006555 2.746057 0.418542 0.005585 2.529171 0.409256 0.006251 2.360053 0.236290 0.004094 2.395580 0.202715 0.004023 
2.382429 0.396973 0.005123 2.635248 -0.024824 0.006552 2.746046 0.418547 0.005589 2.529239 0.409221 0.006244 2.360479 0.235804 0.004158 2.395474 0.202794 0.004110 
2.382191 0.396795 0.005112 2.635262 -0.024815 0.006550 2.746052 0.418532 0.005585 2.529358 0.409138 0.006200 2.360686 0.235531 0.004242 2.395362 0.202851 0.004202 
2.382037 0.396686 0.005103 2.635280 -0.024806 0.006550 2.746061 0.418511 0.005580 2.529452 0.409073 0.006168 2.360914 0.235242 0.004314 2.395263 0.202904 0.004285 
2.382341 0.396966 0.005103 2.635315 -0.024790 0.006557 2.746079 0.418453 0.005574 2.529439 0.409106 0.006207 2.361186 0.234962 0.004297 2.395318 0.202897 0.004285 
2.382332 0.396963 0.005091 2.635334 -0.024781 0.006575 2.746127 0.418337 0.005552 2.529487 0.409077 0.006198 2.361537 0.234554 0.004357 2.395237 0.202953 0.004363 
2.382319 0.396956 0.005081 2.635348 -0.024774 0.006590 2.746170 0.418235 0.005535 2.529523 0.409056 0.006192 2.361844 0.234199 0.004410 2.395157 0.203007 0.004433 
2.382298 0.396942 0.005073 2.635359 -0.024769 0.006607 2.746213 0.418135 0.005516 2.529544 0.409044 0.006187 2.362109 0.233891 0.004459 2.395075 0.203062 0.004496 
2.383129 0.397788 0.005185 2.635393 -0.024754 0.006624 2.746233 0.418056 0.005505 2.529259 0.409339 0.006392 2.361472 0.234784 0.004222 2.395592 0.202860 0.004234 
2.383453 0.398126 0.005223 2.635392 -0.024746 0.006624 2.746267 0.418042 0.005520 2.529140 0.409459 0.006473 2.361291 0.235046 0.004146 2.395705 0.202836 0.004153 
2.383338 0.398031 0.005195 2.635351 -0.024746 0.006636 2.746344 0.418003 0.005508 2.529168 0.409437 0.006436 2.361563 0.234733 0.004220 2.395496 0.202976 0.004243 
2.382305 0.397243 0.005129 2.635222 -0.024786 0.006661 2.746429 0.417955 0.005452 2.529392 0.409254 0.006244 2.360763 0.235512 0.004254 2.395454 0.202920 0.004235 
2.381276 0.396414 0.005034 2.635154 -0.024808 0.006694 2.746462 0.417935 0.005382 2.529634 0.409037 0.006021 2.360427 0.235741 0.004363 2.395235 0.202963 0.004327 
2.381856 0.397007 0.005088 2.635255 -0.024772 0.006721 2.746438 0.417930 0.005344 2.529421 0.409254 0.006136 2.360294 0.236012 0.004273 2.395393 0.202964 0.004237 
2.381954 0.397096 0.005077 2.635357 -0.024718 0.006752 2.746416 0.417889 0.005314 2.529390 0.409276 0.006137 2.360618 0.235639 0.004333 2.395240 0.203068 0.004319 
2.382037 0.397172 0.005067 2.635340 -0.024693 0.006777 2.746366 0.417834 0.005271 2.529346 0.409295 0.006132 2.360925 0.235281 0.004387 2.395097 0.203162 0.004393 
2.382466 0.397542 0.005057 2.635315 -0.024675 0.006796 2.746316 0.417784 0.005238 2.529252 0.409382 0.006174 2.361254 0.234982 0.004350 2.395133 0.203195 0.004377 
2.380850 0.396201 0.004925 2.635183 -0.024708 0.006820 2.746340 0.417710 0.005177 2.529705 0.408988 0.005850 2.360961 0.235100 0.004537 2.394812 0.203258 0.004543 
2.381399 0.396879 0.004998 2.635185 -0.024704 0.006839 2.746351 0.417696 0.005139 2.529493 0.409228 0.005982 2.360497 0.235755 0.004382 2.395153 0.203162 0.004370 
2.382858 0.398051 0.004994 2.635239 -0.024678 0.006846 2.746328 0.417703 0.005133 2.529228 0.409477 0.006154 2.360668 0.235712 0.004111 2.395606 0.202953 0.004126 
2.382826 0.398025 0.004993 2.635253 -0.024667 0.006858 2.746320 0.417680 0.005121 2.529225 0.409479 0.006148 2.360977 0.235356 0.004187 2.395442 0.203065 0.004218 
2.383206 0.398401 0.005050 2.635250 -0.024661 0.006875 2.746336 0.417607 0.005098 2.529072 0.409615 0.006242 2.360841 0.235557 0.004127 2.395580 0.203016 0.004154 
2.382163 0.397664 0.005088 2.635171 -0.024686 0.006876 2.746386 0.417585 0.005086 2.529221 0.409492 0.006143 2.359626 0.236819 0.004154 2.395649 0.202899 0.004107 
2.383133 0.398649 0.005210 2.635205 -0.024673 0.006870 2.746371 0.417600 0.005098 2.528927 0.409819 0.006371 2.359131 0.237587 0.003928 2.396140 0.202746 0.003856 
2.381546 0.397481 0.005144 2.635058 -0.024729 0.006874 2.746433 0.417565 0.005067 2.529258 0.409480 0.006121 2.358574 0.237929 0.004106 2.395863 0.202754 0.003995 
2.381649 0.397577 0.005127 2.635051 -0.024730 0.006872 2.746442 0.417566 0.005065 2.529284 0.409463 0.006117 2.359111 0.237303 0.004176 2.395701 0.202863 0.004099 
2.381735 0.397658 0.005113 2.635072 -0.024720 0.006862 2.746440 0.417575 0.005079 2.529342 0.409428 0.006114 2.359618 0.236712 0.004241 2.395570 0.202951 0.004193 
2.382013 0.397925 0.005130 2.635116 -0.024701 0.006849 2.746434 0.417577 0.005103 2.529340 0.409452 0.006165 2.359867 0.236448 0.004236 2.395604 0.202954 0.004202 
2.382462 0.398364 0.005175 2.635158 -0.024682 0.006834 2.746432 0.417566 0.005130 2.529271 0.409537 0.006263 2.359881 0.236476 0.004165 2.395781 0.202881 0.004134 
2.382427 0.398339 0.005157 2.635150 -0.024682 0.006822 2.746458 0.417539 0.005153 2.529367 0.409477 0.006248 2.360337 0.235946 0.004234 2.395655 0.202966 0.004225 
2.381505 0.397620 0.005150 2.635109 -0.024695 0.006815 2.746492 0.417499 0.005156 2.529606 0.409291 0.006128 2.360010 0.236220 0.004354 2.395518 0.202998 0.004318 
2.381601 0.397708 0.005134 2.635121 -0.024689 0.006812 2.746502 0.417487 0.005160 2.529648 0.409265 0.006126 2.360436 0.235724 0.004404 2.395422 0.203062 0.004392 
2.381682 0.397783 0.005121 2.635167 -0.024667 0.006815 2.746512 0.417448 0.005162 2.529686 0.409242 0.006127 2.360808 0.235290 0.004450 2.395337 0.203119 0.004458 
2.381059 0.397356 0.005065 2.635074 -0.024697 0.006820 2.746561 0.417397 0.005141 2.529886 0.409093 0.006003 2.360126 0.235978 0.004390 2.395508 0.202954 0.004364 
2.381606 0.397877 0.005113 2.635092 -0.024687 0.006823 2.746564 0.417401 0.005141 2.529708 0.409249 0.006113 2.360066 0.236098 0.004308 2.395645 0.202913 0.004285 
2.380486 0.397047 0.005095 2.635029 -0.024706 0.006830 2.746598 0.417379 0.005129 2.529934 0.409065 0.005958 2.359057 0.237124 0.004337 2.395662 0.202823 0.004253 
2.380699 0.397231 0.005077 2.634989 -0.024714 0.006844 2.746633 0.417366 0.005104 2.529861 0.409107 0.005966 2.359507 0.236600 0.004385 2.395487 0.202940 0.004332 
2.382052 0.398392 0.004999 2.635079 -0.024672 0.006855 2.746596 0.417385 0.005108 2.529692 0.409331 0.006085 2.359963 0.236292 0.004103 2.395883 0.202835 0.004098 
