-0.737705 0.675123 0.000000 -0.671899 -0.740643 -0.000000 0.688248 0.725476 0.000000 0.741821 -0.670598 0.000000 
-0.737763 0.675060 0.000000 -0.671838 -0.740698 -0.000000 0.688188 0.725532 0.000000 0.741878 -0.670535 0.000000 
-0.737763 0.675059 0.000000 -0.671838 -0.740698 -0.000000 0.688188 0.725532 0.000000 0.741878 -0.670534 0.000000 
-0.737857 0.674957 0.000000 -0.671733 -0.740793 -0.000000 0.688085 0.725630 0.000000 0.741971 -0.670432 0.000000 
-0.737857 0.674957 0.000000 -0.671734 -0.740793 -0.000000 0.688086 0.725629 0.000000 0.741972 -0.670431 0.000000 
-0.737832 0.674985 0.000000 -0.671761 -0.740768 -0.000000 0.688113 0.725604 0.000000 0.741946 -0.670459 0.000000 
-0.737832 0.674985 0.000000 -0.671762 -0.740767 -0.000000 0.688113 0.725603 0.000000 0.741946 -0.670459 0.000000 
-0.737986 0.674816 0.000000 -0.671596 -0.740917 -0.000000 0.687951 0.725757 0.000000 0.742099 -0.670290 0.000000 
-0.738115 0.674675 0.000000 -0.671456 -0.741045 -0.000000 0.687814 0.725887 0.000000 0.742227 -0.670148 0.000000 
-0.738114 0.674676 0.000000 -0.671455 -0.741045 -0.000000 0.687813 0.725888 0.000000 0.742227 -0.670148 0.000000 
-0.738176 0.674608 0.000000 -0.671387 -0.741107 -0.000000 0.687747 0.725951 0.000000 0.742288 -0.670081 0.000000 
-0.738176 0.674608 0.000000 -0.671387 -0.741107 -0.000000 0.687747 0.725951 0.000000 0.742288 -0.670081 0.000000 
-0.738348 0.674420 0.000000 -0.671204 -0.741273 -0.000000 0.687567 0.726121 0.000000 0.742459 -0.669892 0.000000 
-0.738347 0.674421 0.000000 -0.671203 -0.741273 -0.000000 0.687566 0.726122 0.000000 0.742458 -0.669892 0.000000 
-0.738568 0.674179 0.000000 -0.670970 -0.741484 -0.000000 0.687338 0.726337 0.000000 0.742677 -0.669649 0.000000 
-0.738635 0.674105 0.000000 -0.670890 -0.741557 -0.000000 0.687260 0.726411 0.000000 0.742744 -0.669575 0.000000 
-0.738700 0.674035 0.000000 -0.670824 -0.741616 -0.000000 0.687196 0.726472 0.000000 0.742808 -0.669504 0.000000 
-0.738846 0.673874 0.000000 -0.670676 -0.741751 -0.000000 0.687050 0.726610 0.000000 0.742954 -0.669343 0.000000 
-0.738916 0.673797 0.000000 -0.670720 -0.741710 -0.000000 0.687095 0.726568 0.000000 0.743023 -0.669266 0.000000 
-0.738878 0.673839 0.000000 -0.670733 -0.741699 -0.000000 0.687106 0.726557 0.000000 0.742985 -0.669308 0.000000 
-0.738892 0.673824 0.000000 -0.670695 -0.741734 -0.000000 0.687069 0.726592 0.000000 0.742999 -0.669292 0.000000 
-0.738916 0.673797 0.000000 -0.670719 -0.741711 -0.000000 0.687092 0.726570 0.000000 0.743023 -0.669266 0.000000 
-0.738914 0.673800 0.000000 -0.670697 -0.741731 -0.000000 0.687071 0.726590 0.000000 0.743021 -0.669268 0.000000 
-0.739013 0.673692 0.000000 -0.670616 -0.741805 -0.000000 0.686992 0.726665 0.000000 0.743119 -0.669159 0.000000 
-0.739030 0.673672 0.000000 -0.670576 -0.741841 -0.000000 0.686952 0.726703 0.000000 0.743137 -0.669140 0.000000 
-0.739045 0.673656 0.000000 -0.670545 -0.741869 -0.000000 0.686922 0.726732 0.000000 0.743151 -0.669123 0.000000 
-0.739095 0.673601 0.000000 -0.670574 -0.741842 -0.000000 0.686951 0.726704 0.000000 0.743201 -0.669068 0.000000 
-0.739083 0.673614 0.000000 -0.670556 -0.741859 -0.000000 0.686933 0.726721 0.000000 0.743189 -0.669081 0.000000 
-0.739067 0.673632 0.000000 -0.670555 -0.741860 -0.000000 0.686931 0.726722 0.000000 0.743173 -0.669099 0.000000 
-0.739037 0.673665 0.000000 -0.670612 -0.741809 -0.000000 0.686987 0.726670 0.000000 0.743144 -0.669132 0.000000 
-0.739021 0.673683 0.000000 -0.670637 -0.741786 -0.000000 0.687011 0.726647 0.000000 0.743127 -0.669150 0.000000 
-0.739013 0.673691 0.000000 -0.670648 -0.741776 -0.000000 0.687021 0.726638 0.000000 0.743120 -0.669158 0.000000 
-0.738985 0.673722 0.000000 -0.670695 -0.741733 -0.000000 0.687066 0.726595 0.000000 0.743092 -0.669189 0.000000 
-0.738955 0.673755 0.000000 -0.670737 -0.741695 -0.000000 0.687106 0.726557 0.000000 0.743063 -0.669222 0.000000 
-0.738944 0.673767 0.000000 -0.670745 -0.741688 -0.000000 0.687113 0.726551 0.000000 0.743052 -0.669234 0.000000 
-0.738778 0.673949 0.000000 -0.670897 -0.741551 -0.000000 0.687260 0.726411 0.000000 0.742887 -0.669417 0.000000 
-0.738713 0.674020 0.000000 -0.670956 -0.741497 -0.000000 0.687317 0.726357 0.000000 0.742823 -0.669488 0.000000 
-0.738704 0.674030 0.000000 -0.670985 -0.741471 -0.000000 0.687344 0.726332 0.000000 0.742815 -0.669497 0.000000 
-0.738634 0.674106 0.000000 -0.671135 -0.741335 -0.000000 0.687490 0.726194 0.000000 0.742746 -0.669574 0.000000 
-0.738617 0.674125 0.000000 -0.671136 -0.741334 -0.000000 0.687491 0.726193 0.000000 0.742729 -0.669592 0.000000 
-0.738455 0.674303 0.000000 -0.671251 -0.741230 -0.000000 0.687602 0.726088 0.000000 0.742568 -0.669771 0.000000 
-0.738434 0.674325 0.000000 -0.671277 -0.741207 -0.000000 0.687626 0.726065 0.000000 0.742548 -0.669793 0.000000 
-0.738437 0.674323 0.000000 -0.671277 -0.741207 -0.000000 0.687625 0.726066 0.000000 0.742551 -0.669790 0.000000 
-0.738435 0.674324 0.000000 -0.671270 -0.741213 -0.000000 0.687618 0.726073 0.000000 0.742550 -0.669791 0.000000 
-0.738470 0.674287 0.000000 -0.671179 -0.741295 -0.000000 0.687525 0.726160 0.000000 0.742584 -0.669753 0.000000 
-0.738429 0.674331 0.000000 -0.671183 -0.741291 -0.000000 0.687529 0.726157 0.000000 0.742544 -0.669797 0.000000 
-0.738425 0.674335 0.000000 -0.671184 -0.741291 -0.000000 0.687529 0.726157 0.000000 0.742541 -0.669801 0.000000 
-0.738422 0.674339 0.000000 -0.671186 -0.741289 -0.000000 0.687529 0.726157 0.000000 0.742537 -0.669805 0.000000 
-0.738418 0.674343 0.000000 -0.671187 -0.741288 -0.000000 0.687529 0.726157 0.000000 0.742534 -0.669809 0.000000 
-0.738414 0.674348 0.000000 -0.671188 -0.741287 -0.000000 0.687529 0.726157 0.000000 0.742530 -0.669813 0.000000 
-0.738409 0.674353 0.000000 -0.671189 -0.741286 -0.000000 0.687529 0.726157 0.000000 0.742526 -0.669817 0.000000 
-0.738405 0.674357 0.000000 -0.671190 -0.741285 -0.000000 0.687529 0.726157 0.000000 0.742522 -0.669821 0.000000 
-0.738389 0.674375 0.000000 -0.671216 -0.741262 -0.000000 0.687553 0.726135 0.000000 0.742507 -0.669838 0.000000 
-0.738384 0.674380 0.000000 -0.671216 -0.741261 -0.000000 0.687551 0.726136 0.000000 0.742502 -0.669844 0.000000 
-0.738146 0.674641 0.000000 -0.671482 -0.741021 -0.000000 0.687809 0.725891 0.000000 0.742266 -0.670105 0.000000 
-0.738004 0.674796 0.000000 -0.671711 -0.740813 -0.000000 0.688031 0.725682 0.000000 0.742126 -0.670260 0.000000 
-0.737991 0.674811 0.000000 -0.671712 -0.740812 -0.000000 0.688029 0.725683 0.000000 0.742113 -0.670274 0.000000 
-0.737987 0.674815 0.000000 -0.671721 -0.740805 -0.000000 0.688035 0.725678 0.000000 0.742110 -0.670278 0.000000 
-0.737979 0.674823 0.000000 -0.671725 -0.740800 -0.000000 0.688037 0.725676 0.000000 0.742103 -0.670286 0.000000 
-0.737966 0.674838 0.000000 -0.671725 -0.740800 -0.000000 0.688034 0.725678 0.000000 0.742091 -0.670300 0.000000 
-0.737953 0.674852 0.000000 -0.671726 -0.740800 -0.000000 0.688032 0.725681 0.000000 0.742078 -0.670313 0.000000 
-0.737940 0.674866 0.000000 -0.671726 -0.740799 -0.000000 0.688029 0.725684 0.000000 0.742066 -0.670326 0.000000 
-0.737928 0.674880 0.000000 -0.671726 -0.740799 -0.000000 0.688025 0.725687 0.000000 0.742055 -0.670339 0.000000 
-0.737916 0.674893 0.000000 -0.671726 -0.740799 -0.000000 0.688021 0.725691 0.000000 0.742045 -0.670350 0.000000 
-0.737905 0.674905 0.000000 -0.671726 -0.740800 -0.000000 0.688016 0.725696 0.000000 0.742035 -0.670361 0.000000 
-0.737894 0.674916 0.000000 -0.671725 -0.740801 -0.000000 0.688010 0.725701 0.000000 0.742025 -0.670372 0.000000 
-0.737884 0.674928 0.000000 -0.671724 -0.740802 -0.000000 0.688003 0.725708 0.000000 0.742017 -0.670381 0.000000 
-0.737874 0.674938 0.000000 -0.671722 -0.740803 -0.000000 0.687995 0.725715 0.000000 0.742009 -0.670390 0.000000 
-0.737865 0.674949 0.000000 -0.671720 -0.740805 -0.000000 0.687986 0.725724 0.000000 0.742001 -0.670399 0.000000 
-0.737857 0.674958 0.000000 -0.671719 -0.740806 -0.000000 0.687976 0.725734 0.000000 0.741995 -0.670405 0.000000 
-0.737850 0.674965 0.000000 -0.671717 -0.740808 -0.000000 0.687964 0.725744 0.000000 0.741991 -0.670410 0.000000 
-0.737844 0.674971 0.000000 -0.671714 -0.740810 -0.000000 0.687952 0.725756 0.000000 0.741988 -0.670413 0.000000 
-0.737839 0.674977 0.000000 -0.671712 -0.740812 -0.000000 0.687937 0.725770 0.000000 0.741986 -0.670416 0.000000 
-0.737834 0.674982 0.000000 -0.671710 -0.740815 -0.000000 0.687921 0.725785 0.000000 0.741984 -0.670417 0.000000 
-0.737826 0.674991 0.000000 -0.671709 -0.740816 -0.000000 0.687905 0.725801 0.000000 0.741981 -0.670421 0.000000 
-0.737818 0.675000 0.000000 -0.671707 -0.740817 -0.000000 0.687885 0.725819 0.000000 0.741977 -0.670426 0.000000 
-0.737807 0.675011 0.000000 -0.671705 -0.740819 -0.000000 0.687863 0.725840 0.000000 0.741972 -0.670431 0.000000 
-0.737810 0.675009 0.000000 -0.671700 -0.740824 -0.000000 0.687836 0.725866 0.000000 0.741980 -0.670422 0.000000 
-0.737807 0.675012 0.000000 -0.671695 -0.740827 -0.000000 0.687806 0.725894 0.000000 0.741984 -0.670418 0.000000 
-0.737803 0.675016 0.000000 -0.671692 -0.740831 -0.000000 0.687774 0.725925 0.000000 0.741988 -0.670413 0.000000 
-0.737800 0.675019 0.000000 -0.671688 -0.740834 -0.000000 0.687738 0.725959 0.000000 0.741993 -0.670407 0.000000 
-0.737796 0.675024 0.000000 -0.671684 -0.740838 -0.000000 0.687697 0.725998 0.000000 0.741999 -0.670401 0.000000 
-0.737793 0.675027 0.000000 -0.671681 -0.740840 -0.000000 0.687651 0.726042 0.000000 0.742007 -0.670392 0.000000 
-0.737789 0.675031 0.000000 -0.671678 -0.740843 -0.000000 0.687598 0.726091 0.000000 0.742017 -0.670382 0.000000 
-0.737684 0.675146 0.000000 -0.671763 -0.740766 -0.000000 0.687624 0.726067 0.000000 0.741928 -0.670479 0.000000 
-0.737680 0.675150 0.000000 -0.671761 -0.740768 -0.000000 0.687556 0.726132 0.000000 0.741942 -0.670464 0.000000 
-0.737790 0.675030 0.000000 -0.671691 -0.740832 -0.000000 0.687410 0.726270 0.000000 0.742072 -0.670320 0.000000 
-0.737783 0.675038 0.000000 -0.671690 -0.740832 -0.000000 0.687320 0.726354 0.000000 0.742089 -0.670301 0.000000 
-0.737773 0.675049 0.000000 -0.671690 -0.740832 -0.000000 0.687218 0.726452 0.000000 0.742108 -0.670280 0.000000 
-0.737762 0.675061 0.000000 -0.671691 -0.740831 -0.000000 0.687100 0.726563 0.000000 0.742131 -0.670255 0.000000 
-0.737858 0.674956 0.000000 -0.671602 -0.740912 -0.000000 0.686874 0.726776 0.000000 0.742266 -0.670105 0.000000 
-0.737867 0.674946 0.000000 -0.671538 -0.740970 -0.000000 0.686652 0.726986 0.000000 0.742321 -0.670044 0.000000 
-0.738558 0.674190 0.000000 -0.671043 -0.741418 -0.000000 0.685982 0.727618 0.000000 0.743063 -0.669221 0.000000 
-0.738785 0.673941 0.000000 -0.670745 -0.741688 -0.000000 0.685475 0.728096 0.000000 0.743355 -0.668898 0.000000 
-0.738780 0.673946 0.000000 -0.670522 -0.741890 -0.000000 0.685012 0.728532 0.000000 0.743427 -0.668817 0.000000 
-0.739003 0.673703 0.000000 -0.670314 -0.742078 -0.000000 0.684531 0.728984 0.000000 0.743739 -0.668470 0.000000 
-0.739287 0.673391 0.000000 -0.670168 -0.742210 -0.000000 0.684069 0.729418 0.000000 0.744130 -0.668035 0.000000 
-0.739606 0.673040 0.000000 -0.669759 -0.742579 -0.000000 0.683293 0.730144 0.000000 0.744581 -0.667532 0.000000 
-0.734971 0.678098 0.000000 -0.672484 -0.740112 -0.000000 0.685495 0.728078 0.000000 0.740169 -0.672421 0.000000 
-0.730160 0.683277 0.000000 -0.672904 -0.739730 -0.000000 0.685302 0.728259 0.000000 0.735654 -0.677357 0.000000 
0.681672 0.731658 0.000000 -0.728474 0.685073 0.000000 0.734311 -0.678813 0.000000 -0.669927 -0.742427 -0.000000 
-0.742365 0.669996 0.000000 -0.665322 -0.746557 -0.000000 0.676419 0.736517 0.000000 0.748441 -0.663202 0.000000 
-0.759476 0.650536 0.000000 -0.650170 -0.759788 -0.000000 0.660903 0.750471 0.000000 0.765684 -0.643218 0.000000 
-0.782823 0.622244 0.000000 -0.635680 -0.771953 -0.000000 0.645664 0.763622 0.000000 0.789302 -0.614005 0.000000 
-0.796932 0.604070 0.000000 -0.635323 -0.772246 -0.000000 0.644275 0.764794 0.000000 0.803933 -0.594720 0.000000 
-0.813968 0.580910 0.000000 -0.634127 -0.773229 -0.000000 0.642165 0.766566 0.000000 0.821442 -0.570292 0.000000 
-0.831947 0.554855 0.000000 -0.633490 -0.773751 -0.000000 0.640492 0.767965 0.000000 0.840088 -0.542450 0.000000 
-0.846885 0.531776 0.000000 -0.637176 -0.770718 -0.000000 0.642899 0.765951 0.000000 0.856290 -0.516496 0.000000 
-0.895289 0.445487 0.000000 -0.641431 -0.767181 -0.000000 0.645989 0.763347 0.000000 0.904666 -0.426122 0.000000 
-0.645159 -0.764048 -0.000000 0.640919 0.767609 0.000000 0.912709 -0.408611 0.000000 0.685444 -0.728125 0.000000 -0.852927 0.522030 0.000000 -0.633593 0.773666 0.000000 
-0.527793 -0.849373 -0.000000 0.610666 0.791888 0.000000 0.681032 -0.732253 0.000000 -0.858878 0.512180 0.000000 -0.585373 0.810764 0.000000 
-0.510283 -0.860007 -0.000000 0.682976 -0.730441 0.000000 -0.851917 0.523677 0.000000 -0.592696 0.805426 0.000000 0.581694 0.813408 0.000000 
-0.501470 -0.865175 -0.000000 0.658320 -0.752738 0.000000 -0.845722 0.533624 0.000000 -0.613453 0.789731 0.000000 0.565828 0.824523 0.000000 0.285979 0.958236 0.000000 
-0.467979 -0.883739 -0.000000 0.603577 -0.797305 0.000000 -0.842312 0.538991 0.000000 -0.611893 0.790941 0.000000 0.567513 0.823365 0.000000 0.418392 0.908267 0.000000 
-0.434593 -0.900627 -0.000000 0.562126 -0.827052 0.000000 -0.843786 0.536679 0.000000 -0.623807 0.781579 0.000000 0.555159 0.831744 0.000000 0.489865 0.871799 0.000000 
-0.403757 -0.914866 -0.000000 0.551670 -0.834062 0.000000 -0.841543 0.540189 0.000000 -0.661686 0.749781 0.000000 0.525037 0.851079 0.000000 0.494259 0.869315 0.000000 
-0.391938 -0.919992 -0.000000 0.567129 -0.823629 0.000000 -0.841613 0.540082 0.000000 -0.706512 0.707701 0.000000 0.495031 0.868875 0.000000 0.468439 0.883496 0.000000 
-0.384646 -0.923064 -0.000000 0.586923 -0.809643 0.000000 -0.842251 0.539085 0.000000 -0.739058 0.673642 0.000000 0.463757 0.885962 0.000000 0.444709 0.895675 0.000000 
-0.394697 -0.918811 -0.000000 0.602836 -0.797865 0.000000 -0.842480 0.538727 0.000000 -0.758238 0.651977 0.000000 0.440373 0.897815 0.000000 0.426981 0.904260 0.000000 
-0.401882 -0.915691 -0.000000 0.611366 -0.791348 0.000000 -0.840707 0.541490 0.000000 -0.771821 0.635840 0.000000 0.427115 0.904197 0.000000 0.413681 0.910422 0.000000 
-0.404435 -0.914567 -0.000000 0.614126 -0.789208 0.000000 -0.839768 0.542946 0.000000 -0.778973 0.627057 0.000000 0.423133 0.906068 0.000000 0.405547 0.914074 0.000000 
-0.408567 -0.912728 -0.000000 0.614180 -0.789166 0.000000 -0.838342 0.545145 0.000000 -0.782982 0.622045 0.000000 0.423317 0.905982 0.000000 0.400504 0.916295 0.000000 
-0.410060 -0.912058 -0.000000 0.613169 -0.789952 0.000000 -0.836892 0.547369 0.000000 -0.783869 0.620926 0.000000 0.425694 0.904867 0.000000 0.393105 0.919493 0.000000 
-0.407254 -0.913315 -0.000000 0.611831 -0.790988 0.000000 -0.836352 0.548193 0.000000 -0.782522 0.622623 0.000000 0.428010 0.903774 0.000000 0.391667 0.920107 0.000000 
-0.402771 -0.915301 -0.000000 0.611751 -0.791050 0.000000 -0.836935 0.547302 0.000000 -0.780509 0.625145 0.000000 0.428155 0.903705 0.000000 0.392727 0.919655 0.000000 
-0.400004 -0.916513 -0.000000 0.613072 -0.790027 0.000000 -0.838255 0.545279 0.000000 -0.777960 0.628314 0.000000 0.425769 0.904832 0.000000 0.394259 0.918999 0.000000 
-0.395792 -0.918340 -0.000000 0.614826 -0.788663 0.000000 -0.840764 0.541402 0.000000 -0.773584 0.633694 0.000000 0.422821 0.906213 0.000000 0.397014 0.917813 0.000000 
-0.389108 -0.921192 -0.000000 0.616661 -0.787229 0.000000 -0.844998 0.534769 0.000000 -0.766922 0.641741 0.000000 0.422882 0.906185 0.000000 0.400606 0.916250 0.000000 
-0.378054 -0.925783 -0.000000 0.618172 -0.786043 0.000000 -0.850943 0.525258 0.000000 -0.758101 0.652137 0.000000 0.424466 0.905444 0.000000 0.405262 0.914200 0.000000 
-0.370645 -0.928774 -0.000000 0.620987 -0.783821 0.000000 -0.856870 0.515532 0.000000 -0.749892 0.661560 0.000000 0.424899 0.905241 0.000000 0.409393 0.912358 0.000000 
-0.367604 -0.929982 -0.000000 0.625026 -0.780604 0.000000 -0.861691 0.507433 0.000000 -0.743932 0.668255 0.000000 0.427470 0.904030 0.000000 0.409109 0.912485 0.000000 
-0.368778 -0.929517 -0.000000 0.625670 -0.780088 0.000000 -0.864422 0.502767 0.000000 -0.738288 0.674486 0.000000 0.432313 0.901724 0.000000 0.411007 0.911632 0.000000 
-0.371254 -0.928531 -0.000000 0.625379 -0.780321 0.000000 -0.865491 0.500924 0.000000 -0.734548 0.678557 0.000000 0.434588 0.900630 0.000000 0.414242 0.910167 0.000000 
-0.373002 -0.927831 -0.000000 0.625668 -0.780090 0.000000 -0.865742 0.500490 0.000000 -0.733135 0.680083 0.000000 0.435512 0.900183 0.000000 0.415996 0.909366 0.000000 
0.433770 0.901024 0.000000 0.436758 0.899579 0.000000 0.569598 -0.821924 0.000000 0.889182 -0.457553 0.000000 -0.731891 0.681422 0.000000 -0.864143 0.503247 0.000000 -0.965312 -0.261099 -0.000000 -0.983805 0.179240 0.000000 
0.439425 0.898279 0.000000 0.468238 0.883602 0.000000 0.134057 -0.990974 0.000000 0.901543 -0.432690 0.000000 -0.727003 0.686635 0.000000 -0.854563 0.519347 0.000000 -0.998808 -0.048802 -0.000000 -0.994797 0.101881 0.000000 
0.438530 0.898717 0.000000 0.479216 0.877697 0.000000 0.086158 -0.996281 0.000000 0.916216 -0.400685 0.000000 -0.728351 0.685204 0.000000 -0.847182 0.531304 0.000000 -0.999478 -0.032312 -0.000000 -0.999310 0.037154 0.000000 
-0.731594 0.681740 0.000000 -0.844139 0.536124 0.000000 -0.992028 -0.126018 -0.000000 -0.999825 -0.018708 -0.000000 0.437193 0.899368 0.000000 0.478420 0.878131 0.000000 0.169174 -0.985586 0.000000 0.932307 -0.361667 0.000000 
-0.730189 0.683245 0.000000 -0.845259 0.534357 0.000000 -0.945144 -0.326655 -0.000000 -0.995896 -0.090503 -0.000000 0.437151 0.899388 0.000000 0.479208 0.877702 0.000000 0.340159 -0.940368 0.000000 0.953047 -0.302822 0.000000 
-0.725200 0.688538 0.000000 -0.848409 0.529342 0.000000 -0.839950 -0.542664 -0.000000 -0.986294 -0.165000 -0.000000 0.438147 0.898903 0.000000 0.482041 0.876149 0.000000 0.542764 -0.839885 0.000000 0.970693 -0.240321 0.000000 
-0.717198 0.696869 0.000000 -0.854475 0.519492 0.000000 -0.765783 -0.643099 -0.000000 -0.977877 -0.209182 -0.000000 0.439898 0.898048 0.000000 0.487441 0.873156 0.000000 0.642255 -0.766491 0.000000 0.978631 -0.205625 0.000000 
-0.709785 0.704418 0.000000 -0.860751 0.509027 0.000000 -0.760701 -0.649103 -0.000000 -0.975560 -0.219732 -0.000000 0.441367 0.897326 0.000000 0.494236 0.869328 0.000000 0.648416 -0.761286 0.000000 0.979744 -0.200255 0.000000 
-0.706557 0.707656 0.000000 -0.863816 0.503808 0.000000 -0.790504 -0.612457 -0.000000 -0.977148 -0.212559 -0.000000 0.442437 0.896799 0.000000 0.498206 0.867059 0.000000 0.611882 -0.790949 0.000000 0.977902 -0.209064 0.000000 
-0.706629 0.707584 0.000000 -0.864274 0.503020 0.000000 -0.823880 -0.566764 -0.000000 -0.979701 -0.200463 -0.000000 0.442168 0.896932 0.000000 0.500417 0.865784 0.000000 0.566572 -0.824012 0.000000 0.975210 -0.221281 0.000000 
-0.709052 0.705156 0.000000 -0.862979 0.505240 0.000000 -0.844676 -0.535278 -0.000000 -0.981530 -0.191308 -0.000000 0.441175 0.897421 0.000000 0.501548 0.865130 0.000000 0.535380 -0.844612 0.000000 0.973307 -0.229506 0.000000 
-0.712279 0.701896 0.000000 -0.860922 0.508737 0.000000 -0.845849 -0.533423 -0.000000 -0.981986 -0.188955 -0.000000 0.439902 0.898046 0.000000 0.500586 0.865687 0.000000 0.533502 -0.845799 0.000000 0.973088 -0.230433 0.000000 
-0.715403 0.698712 0.000000 -0.858759 0.512379 0.000000 -0.845546 -0.533903 -0.000000 -0.982542 -0.186043 -0.000000 0.438795 0.898587 0.000000 0.498951 0.866630 0.000000 0.533953 -0.845514 0.000000 0.972847 -0.231449 0.000000 
-0.718054 0.695987 0.000000 -0.856762 0.515711 0.000000 -0.846080 -0.533056 -0.000000 -0.983030 -0.183443 -0.000000 0.437532 0.899203 0.000000 0.497372 0.867538 0.000000 0.533080 -0.846065 0.000000 0.972600 -0.232486 0.000000 
-0.719366 0.694632 0.000000 -0.855745 0.517398 0.000000 -0.846843 -0.531842 -0.000000 -0.983317 -0.181903 -0.000000 0.436869 0.899525 0.000000 0.496357 0.868118 0.000000 0.531874 -0.846823 0.000000 0.972427 -0.233208 0.000000 
-0.719475 0.694518 0.000000 -0.855689 0.517490 0.000000 -0.846910 -0.531737 -0.000000 -0.983356 -0.181691 -0.000000 0.436762 0.899577 0.000000 0.496245 0.868183 0.000000 0.531794 -0.846874 0.000000 0.972401 -0.233314 0.000000 
-0.719372 0.694625 0.000000 -0.855824 0.517267 0.000000 -0.846819 -0.531882 -0.000000 -0.983415 -0.181368 -0.000000 0.436748 0.899584 0.000000 0.496274 0.868166 0.000000 0.531948 -0.846777 0.000000 0.972361 -0.233482 0.000000 
-0.719197 0.694806 0.000000 -0.856015 0.516951 0.000000 -0.846672 -0.532114 -0.000000 -0.983430 -0.181287 -0.000000 0.436738 0.899589 0.000000 0.496349 0.868123 0.000000 0.532183 -0.846630 0.000000 0.972355 -0.233509 0.000000 
-0.718917 0.695096 0.000000 -0.856203 0.516640 0.000000 -0.846508 -0.532376 -0.000000 -0.983409 -0.181404 -0.000000 0.436792 0.899562 0.000000 0.496562 0.868001 0.000000 0.532458 -0.846456 0.000000 0.972363 -0.233474 0.000000 
-0.718825 0.695191 0.000000 -0.856260 0.516546 0.000000 -0.846460 -0.532453 -0.000000 -0.983413 -0.181382 -0.000000 0.436829 0.899544 0.000000 0.496605 0.867977 0.000000 0.532542 -0.846404 0.000000 0.972355 -0.233506 0.000000 
-0.718820 0.695196 0.000000 -0.856263 0.516540 0.000000 -0.846464 -0.532446 -0.000000 -0.983433 -0.181273 -0.000000 0.436830 0.899544 0.000000 0.496608 0.867975 0.000000 0.532535 -0.846408 0.000000 0.972338 -0.233578 0.000000 
-0.718815 0.695201 0.000000 -0.856267 0.516534 0.000000 -0.846468 -0.532439 -0.000000 -0.983450 -0.181179 -0.000000 0.436832 0.899543 0.000000 0.496612 0.867972 0.000000 0.532538 -0.846406 0.000000 0.972323 -0.233641 0.000000 
-0.718805 0.695211 0.000000 -0.856273 0.516524 0.000000 -0.846475 -0.532428 -0.000000 -0.983468 -0.181080 -0.000000 0.436834 0.899542 0.000000 0.496617 0.867970 0.000000 0.532536 -0.846407 0.000000 0.972307 -0.233708 0.000000 
-0.718797 0.695220 0.000000 -0.856278 0.516515 0.000000 -0.846484 -0.532414 -0.000000 -0.983484 -0.180996 -0.000000 0.436838 0.899540 0.000000 0.496620 0.867968 0.000000 0.532532 -0.846410 0.000000 0.972292 -0.233768 0.000000 
-0.718790 0.695227 0.000000 -0.856282 0.516509 0.000000 -0.846489 -0.532407 -0.000000 -0.983500 -0.180908 -0.000000 0.436840 0.899539 0.000000 0.496622 0.867967 0.000000 0.532534 -0.846408 0.000000 0.972278 -0.233827 0.000000 
-0.718786 0.695231 0.000000 -0.856285 0.516504 0.000000 -0.846492 -0.532402 -0.000000 -0.983514 -0.180833 -0.000000 0.436842 0.899538 0.000000 0.496625 0.867965 0.000000 0.532537 -0.846407 0.000000 0.972266 -0.233880 0.000000 
-0.718780 0.695237 0.000000 -0.856288 0.516499 0.000000 -0.846494 -0.532398 -0.000000 -0.983528 -0.180757 -0.000000 0.436845 0.899537 0.000000 0.496625 0.867965 0.000000 0.532534 -0.846408 0.000000 0.972253 -0.233933 0.000000 
-0.718758 0.695260 0.000000 -0.856298 0.516482 0.000000 -0.846494 -0.532398 -0.000000 -0.983540 -0.180691 -0.000000 0.436865 0.899527 0.000000 0.496620 0.867968 0.000000 0.532553 -0.846397 0.000000 0.972240 -0.233985 0.000000 
-0.718738 0.695281 0.000000 -0.856307 0.516467 0.000000 -0.846520 -0.532357 -0.000000 -0.983554 -0.180612 -0.000000 0.436883 0.899518 0.000000 0.496615 0.867971 0.000000 0.532510 -0.846424 0.000000 0.972225 -0.234047 0.000000 
-0.718719 0.695300 0.000000 -0.856315 0.516453 0.000000 -0.846596 -0.532236 -0.000000 -0.983574 -0.180504 -0.000000 0.436899 0.899510 0.000000 0.496610 0.867974 0.000000 0.532400 -0.846493 0.000000 0.972204 -0.234135 0.000000 
-0.718700 0.695320 0.000000 -0.856324 0.516439 0.000000 -0.846713 -0.532050 -0.000000 -0.983600 -0.180362 -0.000000 0.436918 0.899501 0.000000 0.496604 0.867977 0.000000 0.532228 -0.846601 0.000000 0.972177 -0.234250 0.000000 
-0.718669 0.695353 0.000000 -0.856338 0.516417 0.000000 -0.846837 -0.531852 -0.000000 -0.983628 -0.180208 -0.000000 0.436947 0.899487 0.000000 0.496593 0.867983 0.000000 0.532046 -0.846716 0.000000 0.972147 -0.234373 0.000000 
-0.718621 0.695402 0.000000 -0.856357 0.516384 0.000000 -0.846946 -0.531679 -0.000000 -0.983653 -0.180072 -0.000000 0.436992 0.899465 0.000000 0.496575 0.867994 0.000000 0.531890 -0.846814 0.000000 0.972119 -0.234488 0.000000 
-0.718566 0.695459 0.000000 -0.856381 0.516345 0.000000 -0.847042 -0.531525 -0.000000 -0.983677 -0.179944 -0.000000 0.437047 0.899439 0.000000 0.496554 0.868006 0.000000 0.531739 -0.846908 0.000000 0.972093 -0.234594 0.000000 
-0.718513 0.695514 0.000000 -0.856403 0.516308 0.000000 -0.847134 -0.531379 -0.000000 -0.983702 -0.179807 -0.000000 0.437099 0.899414 0.000000 0.496533 0.868018 0.000000 0.531596 -0.846998 0.000000 0.972068 -0.234699 0.000000 
-0.718469 0.695559 0.000000 -0.856421 0.516278 0.000000 -0.847230 -0.531227 -0.000000 -0.983728 -0.179662 -0.000000 0.437142 0.899393 0.000000 0.496515 0.868028 0.000000 0.531463 -0.847081 0.000000 0.972042 -0.234807 0.000000 
-0.718432 0.695598 0.000000 -0.856437 0.516252 0.000000 -0.847334 -0.531060 -0.000000 -0.983756 -0.179510 -0.000000 0.437177 0.899375 0.000000 0.496502 0.868036 0.000000 0.531301 -0.847183 0.000000 0.972016 -0.234917 0.000000 
-0.718394 0.695636 0.000000 -0.856452 0.516226 0.000000 -0.847442 -0.530889 -0.000000 -0.983784 -0.179359 -0.000000 0.437215 0.899357 0.000000 0.496486 0.868045 0.000000 0.531136 -0.847286 0.000000 0.971989 -0.235028 0.000000 
-0.718353 0.695678 0.000000 -0.856469 0.516198 0.000000 -0.847552 -0.530713 -0.000000 -0.983810 -0.179214 -0.000000 0.437255 0.899337 0.000000 0.496469 0.868054 0.000000 0.530971 -0.847390 0.000000 0.971962 -0.235139 0.000000 
-0.718312 0.695721 0.000000 -0.856486 0.516170 0.000000 -0.847657 -0.530544 -0.000000 -0.983835 -0.179075 -0.000000 0.437295 0.899318 0.000000 0.496452 0.868064 0.000000 0.530807 -0.847493 0.000000 0.971936 -0.235247 0.000000 
-0.718280 0.695755 0.000000 -0.856500 0.516147 0.000000 -0.847760 -0.530380 -0.000000 -0.983861 -0.178936 -0.000000 0.437326 0.899303 0.000000 0.496439 0.868072 0.000000 0.530660 -0.847585 0.000000 0.971911 -0.235351 0.000000 
-0.718249 0.695786 0.000000 -0.856512 0.516127 0.000000 -0.847862 -0.530217 -0.000000 -0.983886 -0.178796 -0.000000 0.437356 0.899288 0.000000 0.496426 0.868079 0.000000 0.530496 -0.847687 0.000000 0.971885 -0.235455 0.000000 
-0.718214 0.695823 0.000000 -0.856527 0.516102 0.000000 -0.847967 -0.530050 -0.000000 -0.983912 -0.178656 -0.000000 0.437392 0.899271 0.000000 0.496411 0.868088 0.000000 0.530344 -0.847783 0.000000 0.971860 -0.235560 0.000000 
-0.718172 0.695865 0.000000 -0.856544 0.516074 0.000000 -0.848069 -0.529886 -0.000000 -0.983936 -0.178520 -0.000000 0.437432 0.899251 0.000000 0.496394 0.868098 0.000000 0.530187 -0.847881 0.000000 0.971835 -0.235663 0.000000 
-0.718133 0.695906 0.000000 -0.856561 0.516046 0.000000 -0.848166 -0.529731 -0.000000 -0.983960 -0.178389 -0.000000 0.437473 0.899232 0.000000 0.496376 0.868108 0.000000 0.530038 -0.847974 0.000000 0.971810 -0.235764 0.000000 
-0.718101 0.695939 0.000000 -0.856574 0.516025 0.000000 -0.848260 -0.529580 -0.000000 -0.983984 -0.178258 -0.000000 0.437504 0.899217 0.000000 0.496362 0.868115 0.000000 0.529889 -0.848067 0.000000 0.971787 -0.235861 0.000000 
-0.718099 0.695941 0.000000 -0.856574 0.516024 0.000000 -0.848356 -0.529427 -0.000000 -0.984009 -0.178117 -0.000000 0.437506 0.899215 0.000000 0.496360 0.868117 0.000000 0.529749 -0.848154 0.000000 0.971764 -0.235957 0.000000 
-0.718099 0.695941 0.000000 -0.856574 0.516023 0.000000 -0.848462 -0.529256 -0.000000 -0.984036 -0.177968 -0.000000 0.437508 0.899214 0.000000 0.496357 0.868118 0.000000 0.529584 -0.848258 0.000000 0.971739 -0.236058 0.000000 
-0.718098 0.695942 0.000000 -0.856574 0.516023 0.000000 -0.848574 -0.529077 -0.000000 -0.984064 -0.177817 -0.000000 0.437508 0.899215 0.000000 0.496356 0.868119 0.000000 0.529417 -0.848361 0.000000 0.971714 -0.236162 0.000000 
-0.718097 0.695943 0.000000 -0.856575 0.516022 0.000000 -0.848682 -0.528903 -0.000000 -0.984090 -0.177669 -0.000000 0.437511 0.899213 0.000000 0.496354 0.868120 0.000000 0.529241 -0.848471 0.000000 0.971689 -0.236263 0.000000 
-0.718095 0.695945 0.000000 -0.856576 0.516022 0.000000 -0.848787 -0.528736 -0.000000 -0.984116 -0.177526 -0.000000 0.437513 0.899212 0.000000 0.496351 0.868122 0.000000 0.529094 -0.848563 0.000000 0.971665 -0.236362 0.000000 
-0.718091 0.695950 0.000000 -0.856578 0.516018 0.000000 -0.848887 -0.528575 -0.000000 -0.984141 -0.177387 -0.000000 0.437517 0.899210 0.000000 0.496348 0.868124 0.000000 0.528947 -0.848655 0.000000 0.971642 -0.236457 0.000000 
-0.718075 0.695966 0.000000 -0.856584 0.516007 0.000000 -0.848986 -0.528415 -0.000000 -0.984165 -0.177254 -0.000000 0.437534 0.899202 0.000000 0.496340 0.868128 0.000000 0.528791 -0.848752 0.000000 0.971619 -0.236552 0.000000 
-0.718033 0.696010 0.000000 -0.856601 0.515979 0.000000 -0.849083 -0.528260 -0.000000 -0.984187 -0.177133 -0.000000 0.437576 0.899181 0.000000 0.496321 0.868139 0.000000 0.528645 -0.848843 0.000000 0.971596 -0.236647 0.000000 
-0.717989 0.696055 0.000000 -0.856619 0.515949 0.000000 -0.849168 -0.528122 -0.000000 -0.984207 -0.177022 -0.000000 0.437620 0.899160 0.000000 0.496302 0.868150 0.000000 0.528506 -0.848930 0.000000 0.971574 -0.236735 0.000000 
-0.717849 0.696199 0.000000 -0.856662 0.515878 0.000000 -0.849392 -0.527763 -0.000000 -0.984254 -0.176758 -0.000000 0.438726 0.898621 0.000000 0.495618 0.868541 0.000000 0.528170 -0.849139 0.000000 0.971525 -0.236936 0.000000 
-0.717702 0.696351 0.000000 -0.856728 0.515769 0.000000 -0.849511 -0.527570 -0.000000 -0.984264 -0.176703 -0.000000 0.438854 0.898559 0.000000 0.495588 0.868558 0.000000 0.527991 -0.849250 0.000000 0.971503 -0.237025 0.000000 
-0.717584 0.696472 0.000000 -0.856781 0.515680 0.000000 -0.849502 -0.527585 -0.000000 -0.984261 -0.176722 -0.000000 0.438952 0.898510 0.000000 0.495563 0.868572 0.000000 0.527995 -0.849247 0.000000 0.971500 -0.237040 0.000000 
-0.717503 0.696556 0.000000 -0.856818 0.515619 0.000000 -0.849499 -0.527591 -0.000000 -0.984264 -0.176705 -0.000000 0.439022 0.898476 0.000000 0.495527 0.868593 0.000000 0.528011 -0.849237 0.000000 0.971494 -0.237066 0.000000 
-0.717470 0.696590 0.000000 -0.856834 0.515592 0.000000 -0.849512 -0.527569 -0.000000 -0.984274 -0.176647 -0.000000 0.439045 0.898465 0.000000 0.495507 0.868604 0.000000 0.527983 -0.849255 0.000000 0.971484 -0.237104 0.000000 
-0.717464 0.696596 0.000000 -0.856840 0.515582 0.000000 -0.849579 -0.527461 -0.000000 -0.984292 -0.176546 -0.000000 0.439039 0.898468 0.000000 0.495515 0.868599 0.000000 0.527883 -0.849317 0.000000 0.971469 -0.237168 0.000000 
-0.717457 0.696603 0.000000 -0.856845 0.515574 0.000000 -0.849704 -0.527259 -0.000000 -0.984321 -0.176386 -0.000000 0.439036 0.898469 0.000000 0.495522 0.868595 0.000000 0.527681 -0.849442 0.000000 0.971443 -0.237272 0.000000 
-0.717433 0.696627 0.000000 -0.856857 0.515553 0.000000 -0.849907 -0.526932 -0.000000 -0.984358 -0.176182 -0.000000 0.439050 0.898463 0.000000 0.495519 0.868597 0.000000 0.527367 -0.849638 0.000000 0.971407 -0.237420 0.000000 
-0.717426 0.696635 0.000000 -0.856863 0.515544 0.000000 -0.850000 -0.526783 -0.000000 -0.984379 -0.176064 -0.000000 0.439047 0.898464 0.000000 0.495527 0.868592 0.000000 0.527216 -0.849731 0.000000 0.971388 -0.237499 0.000000 
-0.717411 0.696650 0.000000 -0.856872 0.515529 0.000000 -0.850046 -0.526708 -0.000000 -0.984393 -0.175987 -0.000000 0.439052 0.898462 0.000000 0.495534 0.868589 0.000000 0.527149 -0.849773 0.000000 0.971375 -0.237551 0.000000 
-0.717374 0.696688 0.000000 -0.856889 0.515501 0.000000 -0.850099 -0.526624 -0.000000 -0.984406 -0.175911 -0.000000 0.439082 0.898447 0.000000 0.495526 0.868593 0.000000 0.527060 -0.849828 0.000000 0.971361 -0.237607 0.000000 
