-0.100445 -0.058233 0.003478 0.109870 -0.003839 0.005018 -0.132295 0.074716 0.003411 0.074736 0.129613 0.004929 
-0.100443 -0.058232 0.003620 0.109874 -0.003839 0.005014 -0.132292 0.074717 0.003559 0.074739 0.129614 0.004933 
-0.100440 -0.058232 0.003745 0.109877 -0.003838 0.005007 -0.132290 0.074717 0.003691 0.074743 0.129615 0.004935 
-0.100438 -0.058231 0.003858 0.109880 -0.003837 0.004999 -0.132288 0.074718 0.003812 0.074745 0.129615 0.004936 
-0.100489 -0.058208 0.003934 0.109824 -0.003788 0.004733 -0.132356 0.074736 0.004052 0.074671 0.129660 0.004842 
-0.100324 -0.058145 0.003412 0.109971 -0.003670 0.004845 -0.132227 0.074791 0.003599 0.074783 0.129768 0.005013 
-0.100322 -0.058144 0.003557 0.109974 -0.003669 0.004854 -0.132224 0.074792 0.003729 0.074787 0.129770 0.005010 
-0.100681 -0.057747 0.002894 0.109597 -0.003188 0.003596 -0.132637 0.075167 0.004490 0.074355 0.130227 0.005197 
-0.100527 -0.057654 0.002500 0.109723 -0.002999 0.003732 -0.132549 0.075242 0.004311 0.074416 0.130395 0.005543 
-0.100483 -0.057559 0.002095 0.109744 -0.002825 0.003579 -0.132559 0.075319 0.004148 0.074383 0.130552 0.005631 
-0.100648 -0.057490 0.002405 0.109576 -0.002728 0.003226 -0.132734 0.075384 0.004616 0.074205 0.130643 0.005447 
-0.100796 -0.057429 0.002638 0.109443 -0.002722 0.003208 -0.132844 0.075450 0.005073 0.074109 0.130655 0.005658 
-0.100737 -0.057146 0.002047 0.109443 -0.002216 0.002708 -0.132926 0.075683 0.005216 0.073968 0.131108 0.005899 
-0.100749 -0.057088 0.002290 0.109440 -0.002186 0.002910 -0.132920 0.075751 0.005215 0.073982 0.131148 0.005854 
-0.100655 -0.057066 0.002240 0.109465 -0.001901 0.002803 -0.132990 0.075725 0.005546 0.073843 0.131381 0.006133 
-0.100652 -0.057077 0.002495 0.109468 -0.001912 0.003002 -0.132984 0.075703 0.006246 0.073849 0.131358 0.006782 
-0.100645 -0.057097 0.002727 0.109475 -0.001934 0.003181 -0.132971 0.075660 0.007237 0.073862 0.131314 0.007729 
-0.100632 -0.057145 0.002938 0.109489 -0.001985 0.003344 -0.132941 0.075547 0.009177 0.073893 0.131197 0.009637 
-0.100615 -0.057204 0.003130 0.109507 -0.002047 0.003491 -0.132897 0.075378 0.011472 0.073939 0.131025 0.011908 
-0.100607 -0.057232 0.003303 0.109515 -0.002075 0.003624 -0.132872 0.075292 0.012589 0.073964 0.130937 0.012994 
-0.100601 -0.057252 0.003459 0.109521 -0.002096 0.003742 -0.132853 0.075225 0.013434 0.073984 0.130869 0.013809 
-0.100594 -0.057278 0.003599 0.109529 -0.002123 0.003851 -0.132828 0.075136 0.014435 0.074009 0.130778 0.014787 
-0.100579 -0.057334 0.003727 0.109545 -0.002183 0.003954 -0.132771 0.074927 0.016401 0.074067 0.130564 0.016746 
-0.100588 -0.057341 0.003842 0.109552 -0.002251 0.004048 -0.132733 0.074901 0.016828 0.074122 0.130477 0.017156 
-0.100587 -0.057342 0.003945 0.109553 -0.002253 0.004130 -0.132728 0.074895 0.016991 0.074127 0.130470 0.017299 
-0.100593 -0.057317 0.004038 0.109547 -0.002228 0.004201 -0.132750 0.074987 0.016338 0.074104 0.130564 0.016616 
-0.100721 -0.056888 0.004136 0.109531 -0.002227 0.004261 -0.132612 0.075501 0.016220 0.074356 0.130656 0.016460 
-0.101033 -0.056188 0.004273 0.109432 -0.002353 0.004290 -0.132375 0.076236 0.017359 0.074808 0.130578 0.017501 
0.072330 0.134867 0.022534 0.054657 -0.372225 0.004839 0.258322 -0.438542 0.004945 0.300781 -0.307355 0.010527 -0.136300 0.086406 0.024188 -0.108956 -0.046436 0.007014 
0.064269 0.144911 0.028398 0.054696 -0.374149 0.004866 0.258258 -0.440783 0.004983 0.300924 -0.309652 0.010302 -0.144624 0.097791 0.032979 -0.118521 -0.034856 0.012648 
0.062181 0.150302 0.031655 0.054493 -0.375279 0.004875 0.258431 -0.440754 0.004976 0.300360 -0.309354 0.009451 -0.146410 0.101908 0.036725 -0.119579 -0.030494 0.015755 
0.070664 0.148391 0.031295 0.054393 -0.375596 0.004885 0.258439 -0.440732 0.004970 0.300157 -0.309244 0.008782 -0.137918 0.099765 0.033912 -0.110642 -0.032772 0.014423 
0.085127 0.142479 0.028086 0.054634 -0.375576 0.004891 0.258446 -0.441443 0.004963 0.300639 -0.310090 0.008185 -0.123628 0.094552 0.026633 -0.096373 -0.038350 0.009777 
0.099865 0.135990 0.023034 0.054807 -0.375563 0.004887 0.257529 -0.444712 0.004964 0.301841 -0.314048 0.007681 -0.109346 0.090246 0.019014 -0.083263 -0.043206 0.004869 
0.103665 0.132708 0.017306 0.054779 -0.375537 0.004893 0.255920 -0.449138 0.006558 0.303090 -0.319470 0.008868 -0.106446 0.091105 0.016824 -0.083202 -0.043086 0.004897 
0.104154 0.132485 0.014678 0.054659 -0.374963 0.004934 0.255398 -0.449534 0.009493 0.303176 -0.320087 0.011685 -0.106082 0.091513 0.014502 -0.083224 -0.042931 0.004909 
0.104195 0.132611 0.012488 0.053610 -0.370970 0.005397 0.254225 -0.445670 0.012558 0.302073 -0.316251 0.014862 -0.106059 0.091735 0.012332 -0.083239 -0.042853 0.004906 
0.105102 0.131780 0.010310 0.050682 -0.364608 0.006556 0.250964 -0.440055 0.015079 0.299289 -0.310814 0.017449 -0.105369 0.092033 0.010143 -0.083254 -0.042775 0.004902 
0.105740 0.131187 0.008492 0.046854 -0.359344 0.008571 0.246798 -0.435558 0.018139 0.295641 -0.306504 0.019999 -0.104885 0.092269 0.007778 -0.083283 -0.042693 0.004898 
0.105886 0.131093 0.007040 0.043133 -0.355927 0.011584 0.242818 -0.432669 0.022269 0.292054 -0.303754 0.023136 -0.104775 0.092401 0.005469 -0.083318 -0.042614 0.004894 
0.105846 0.131161 0.006870 0.040572 -0.354264 0.015828 0.240049 -0.431361 0.027772 0.289589 -0.302560 0.027449 -0.104804 0.092419 0.005026 -0.083318 -0.042593 0.004999 
0.105814 0.131194 0.007432 0.040188 -0.355728 0.021943 0.239530 -0.432827 0.035954 0.289193 -0.304087 0.034078 -0.104825 0.092421 0.004992 -0.083319 -0.042587 0.005091 
0.105797 0.131198 0.007843 0.040968 -0.359438 0.029174 0.240159 -0.436423 0.045721 0.289931 -0.307764 0.042007 -0.104835 0.092423 0.004976 -0.083329 -0.042586 0.005150 
0.105781 0.131202 0.008238 0.042334 -0.364150 0.036927 0.241347 -0.440946 0.056263 0.291238 -0.312405 0.050606 -0.104846 0.092425 0.004960 -0.083340 -0.042583 0.005257 
0.105765 0.131198 0.008635 0.043317 -0.368735 0.044860 0.242131 -0.445325 0.066876 0.292171 -0.316943 0.059247 -0.104859 0.092443 0.004947 -0.083377 -0.042566 0.005790 
0.105791 0.130976 0.008967 0.043331 -0.371939 0.052346 0.241935 -0.448391 0.076620 0.292172 -0.320208 0.067161 -0.104873 0.092479 0.004936 -0.083578 -0.042550 0.006807 
0.105838 0.130642 0.009266 0.042420 -0.373024 0.058830 0.240793 -0.449500 0.084849 0.291299 -0.321544 0.073875 -0.104889 0.092525 0.004925 -0.083871 -0.042522 0.008142 
0.103812 0.135362 0.017578 0.042477 -0.373783 0.062214 0.240197 -0.451261 0.090175 0.291604 -0.323765 0.078083 -0.106780 0.096440 0.013840 -0.085251 -0.038511 0.017663 
0.094075 0.149215 0.026231 0.046219 -0.377927 0.061069 0.242929 -0.456737 0.092239 0.295603 -0.329886 0.078880 -0.116040 0.107648 0.024929 -0.092766 -0.027036 0.027820 
0.097419 0.123091 0.030923 0.051622 -0.386003 0.056570 0.249992 -0.460258 0.088401 0.300135 -0.332788 0.071635 -0.116712 0.128097 0.030042 -0.123219 -0.008285 0.036923 
0.074056 0.145906 0.024460 0.062023 -0.392953 0.044924 0.258074 -0.470218 0.083289 0.310918 -0.343866 0.066359 -0.139534 0.154307 0.038114 -0.147864 0.017949 0.043297 
0.054266 0.180910 0.019574 0.070451 -0.407348 0.031996 0.266784 -0.482379 0.073242 0.318972 -0.356236 0.053033 -0.159299 0.186203 0.035055 -0.165478 0.049807 0.041959 
0.023200 0.221796 0.019296 0.076978 -0.414921 0.020441 0.273581 -0.494377 0.050633 0.326829 -0.368087 0.034524 -0.188582 0.245132 0.041237 -0.206033 0.109756 0.048891 
-0.006651 0.275026 0.031226 0.074502 -0.414973 0.014527 0.269390 -0.501747 0.033673 0.326000 -0.376337 0.023107 -0.218377 0.298762 0.053281 -0.235784 0.163558 0.063620 
-0.021749 0.311752 0.059916 0.073761 -0.415465 0.012482 0.268247 -0.504245 0.025552 0.325695 -0.379057 0.017082 -0.229845 0.360909 0.072463 -0.264125 0.228685 0.078085 
-0.025973 0.331665 0.062011 0.073451 -0.415206 0.014331 0.267702 -0.504204 0.029288 0.325452 -0.379284 0.019101 -0.230069 0.396280 0.068887 -0.274264 0.267020 0.074221 
-0.017051 0.335615 0.042157 0.073442 -0.414767 0.018431 0.267651 -0.502710 0.039088 0.325300 -0.378125 0.024972 -0.221249 0.399895 0.049161 -0.265256 0.270546 0.053864 
0.003104 0.327154 0.024586 0.073877 -0.414169 0.023152 0.268324 -0.500250 0.048804 0.325505 -0.376053 0.030105 -0.200200 0.393880 0.014960 -0.246188 0.265323 0.021908 
0.009047 0.326785 0.012894 0.071229 -0.413140 0.030523 0.267771 -0.493362 0.059042 0.321922 -0.368899 0.034132 -0.192915 0.397527 0.003710 -0.241378 0.269798 0.008849 
0.009159 0.326819 0.017737 0.055166 -0.404213 0.039803 0.252550 -0.483415 0.065183 0.305776 -0.359542 0.035745 -0.192392 0.397683 0.002466 -0.241226 0.270166 0.009127 
0.007905 0.326711 0.028596 0.038881 -0.396046 0.055710 0.236283 -0.475771 0.079251 0.289602 -0.352807 0.046375 -0.192530 0.397781 0.003044 -0.242336 0.270870 0.013176 
0.005109 0.325635 0.042709 0.026942 -0.392350 0.080527 0.224525 -0.471281 0.105194 0.277578 -0.349264 0.068571 -0.192753 0.397838 0.003781 -0.244817 0.272141 0.017175 
0.017332 -0.391019 0.111518 0.001555 0.324883 0.056379 -0.193002 0.397911 0.004491 -0.247699 0.273745 0.021253 0.214861 -0.469151 0.138998 0.267994 -0.348367 0.098597 
0.011968 -0.390423 0.146195 -0.001344 0.325298 0.066522 -0.193199 0.398024 0.005037 -0.249805 0.275179 0.024903 0.208924 -0.467985 0.178910 0.262881 -0.348683 0.135325 
0.012691 -0.389121 0.183346 -0.002969 0.327176 0.073238 -0.193326 0.398191 0.005424 -0.250586 0.276104 0.027917 0.208773 -0.465387 0.223509 0.263796 -0.347552 0.177342 
0.019406 -0.385608 0.221691 -0.003279 0.330372 0.077156 -0.193382 0.398410 0.005675 -0.250089 0.276544 0.030633 0.214324 -0.459466 0.270987 0.270383 -0.342866 0.222968 
0.029848 -0.380109 0.260933 -0.003515 0.333423 0.080456 -0.193423 0.398626 0.005883 -0.249728 0.277178 0.033634 0.223667 -0.449812 0.319697 0.280112 -0.334204 0.269769 
0.039217 -0.373221 0.298860 -0.003122 0.336578 0.082085 -0.193416 0.398843 0.005999 -0.249039 0.277822 0.036817 0.231780 -0.438937 0.365782 0.288661 -0.324490 0.313720 
0.045798 -0.365477 0.329984 0.006158 0.338661 0.094142 -0.180894 0.398766 0.008839 -0.237861 0.278695 0.040893 0.236695 -0.427299 0.404909 0.294271 -0.314097 0.350924 
0.046148 -0.356133 0.346619 0.020969 0.344572 0.102575 -0.161625 0.404328 0.007884 -0.220734 0.285095 0.039181 0.233660 -0.417847 0.429736 0.293899 -0.305687 0.376487 
0.039882 -0.346881 0.354537 0.022178 0.346955 0.104331 -0.160141 0.404722 0.007892 -0.219297 0.286107 0.041371 0.225649 -0.408911 0.441261 0.287461 -0.297718 0.387787 
0.026603 -0.338321 0.358404 0.020045 0.348612 0.109064 -0.160270 0.404942 0.008113 -0.220631 0.287462 0.043395 0.212237 -0.401646 0.444474 0.274891 -0.291539 0.389747 
0.012557 -0.330788 0.361115 0.017345 0.352391 0.114130 -0.160186 0.408337 0.008155 -0.222328 0.292025 0.044206 0.197594 -0.396034 0.447036 0.261420 -0.286794 0.391929 
0.001246 -0.322925 0.359424 0.014798 0.363802 0.116418 -0.160332 0.423163 0.008328 -0.224286 0.307019 0.041646 0.184268 -0.390318 0.447961 0.249840 -0.281053 0.394994 
-0.012214 -0.314803 0.353105 0.012433 0.377662 0.117354 -0.160453 0.441921 0.008455 -0.226354 0.325877 0.038133 0.167643 -0.385745 0.445281 0.235818 -0.276426 0.395827 
-0.027165 -0.306577 0.343309 0.010245 0.388704 0.119530 -0.160530 0.455086 0.008594 -0.227451 0.339023 0.035812 0.149357 -0.381838 0.438458 0.220246 -0.272590 0.392812 
0.009802 0.392991 0.122860 -0.037474 -0.300809 0.337977 0.136283 -0.379097 0.435739 0.209139 -0.269904 0.393158 -0.160256 0.455684 0.008722 -0.225272 0.338319 0.034953 
-0.038888 -0.297380 0.342954 0.006531 0.393820 0.128012 -0.160438 0.455731 0.008991 -0.225465 0.337897 0.033001 0.132732 -0.372317 0.446919 0.205219 -0.262198 0.406134 
-0.044343 -0.295066 0.355470 0.002055 0.394420 0.134436 -0.160591 0.455781 0.009302 -0.226096 0.337752 0.030935 0.123819 -0.366235 0.467426 0.196450 -0.255660 0.428159 
-0.056287 -0.293682 0.371343 -0.003547 0.395865 0.142066 -0.160876 0.455882 0.009691 -0.226834 0.337734 0.029194 0.107114 -0.362295 0.491635 0.180900 -0.251946 0.453915 
-0.072530 -0.293177 0.386673 -0.010215 0.396773 0.149921 -0.161328 0.455941 0.010130 -0.227967 0.337786 0.027115 0.084926 -0.359925 0.515630 0.160333 -0.249954 0.480077 
-0.092089 -0.293242 0.398040 -0.018044 0.397011 0.158228 -0.161846 0.455950 0.010834 -0.229418 0.337928 0.024785 0.058733 -0.358962 0.535195 0.135842 -0.249258 0.502589 
-0.114696 -0.294940 0.404475 -0.026841 0.395788 0.166320 -0.162377 0.455835 0.011717 -0.231219 0.338154 0.021805 0.028382 -0.360707 0.549669 0.107293 -0.251138 0.521181 
-0.141889 -0.298775 0.404592 -0.036709 0.392988 0.174127 -0.162770 0.455522 0.012647 -0.233220 0.338482 0.017957 -0.007575 -0.366072 0.557263 0.073427 -0.256835 0.533812 
-0.047449 0.388804 0.182073 -0.174456 -0.304498 0.397099 -0.050313 -0.375299 0.556641 0.033247 -0.266829 0.539431 -0.472734 1.166280 0.058371 -0.437005 1.194404 0.109207 -0.462274 1.177520 0.050620 
-0.059259 0.382614 0.193801 -0.210532 -0.310974 0.381281 -0.098156 -0.387313 0.546876 -0.011953 -0.279953 0.537555 -0.475737 1.172632 0.052883 -0.442719 1.199535 0.106154 -0.464899 1.184049 0.045953 
-0.074109 0.375648 0.207391 -0.248600 -0.317831 0.360377 -0.149049 -0.400977 0.530830 -0.060725 -0.294945 0.530662 -0.478012 1.177956 0.047228 -0.447704 1.203836 0.102577 -0.466837 1.189485 0.041062 
-0.091737 0.367965 0.220940 -0.201656 -0.415658 0.512478 -0.112188 -0.311040 0.522198 -0.286833 -0.326068 0.337560 -0.477702 1.180224 0.039987 -0.450678 1.205419 0.097317 -0.466111 1.191744 0.034621 
-0.111539 0.361418 0.233332 -0.256436 -0.431675 0.489555 -0.166920 -0.328724 0.510343 -0.324992 -0.335482 0.310880 -0.475635 1.181392 0.034109 -0.451265 1.205313 0.093149 -0.463282 1.193890 0.097726 
-0.307984 -0.454123 0.451908 -0.218479 -0.353422 0.481776 -0.363178 -0.351280 0.272312 -0.167155 0.453973 0.059034 -0.134038 0.350263 0.243493 -0.479841 1.186006 0.040961 -0.451804 1.205032 0.100154 -0.467263 1.196862 0.036512 
-0.354998 -0.479577 0.379556 -0.264673 -0.383313 0.419789 -0.403797 -0.361420 0.207698 -0.181714 0.448017 0.069571 -0.160857 0.330615 0.247502 -0.492799 1.186095 0.043872 -0.463065 1.204795 0.102336 -0.480181 1.196765 0.039102 
-0.406900 -0.501231 0.291032 -0.315275 -0.412247 0.343289 -0.447981 -0.364551 0.131318 -0.200070 0.441710 0.079223 -0.188506 0.309406 0.247269 -0.502020 1.182128 0.047798 -0.469709 1.202119 0.104439 -0.489549 1.192578 0.042219 
-0.215228 0.432850 0.089175 -0.463807 -0.517890 0.196685 -0.213681 0.284905 0.244055 -0.370616 -0.438721 0.260652 -0.477829 1.193936 0.105143 -0.500061 1.181856 0.044186 -0.494426 -0.363668 0.051235 -0.512244 1.171588 0.050664 
-0.228216 0.422077 0.098006 -0.505725 -0.532970 0.146813 -0.234670 0.260216 0.238138 -0.417217 -0.460064 0.223591 -0.485202 1.182828 0.110573 -0.510680 1.169711 0.051119 -0.520229 -0.369589 0.009068 -0.522474 1.159539 0.058418 
-0.236384 0.407286 0.109470 -0.512146 -0.546176 0.146154 -0.250859 0.244298 0.247684 -0.429413 -0.472690 0.228611 -0.490592 1.173987 0.125632 -0.517446 1.163507 0.066260 -0.520806 -0.381857 0.009033 -0.529288 1.153291 0.073419 
-0.242293 0.393679 0.121359 -0.517365 -0.558953 0.146442 -0.265403 0.229846 0.257383 -0.439247 -0.484806 0.232720 -0.504985 1.168129 0.138274 -0.533070 1.160041 0.079098 -0.520850 -0.394686 0.009031 -0.544823 1.149616 0.086101 
-0.253697 0.385106 0.122158 -0.519611 -0.569705 0.147046 -0.564630 1.144835 0.092713 -0.278785 0.220099 0.256400 -0.445693 -0.494070 0.235701 -0.523203 1.162689 0.143868 -0.553187 1.155472 0.085517 
-0.268647 0.379503 0.110066 -0.515228 -0.578060 0.148863 -0.585269 1.140460 0.100777 -0.290557 0.216220 0.246947 -0.442921 -0.499781 0.236545 -0.542879 1.157860 0.151297 -0.574111 1.151353 0.093519 
-0.278266 0.379886 0.107131 -0.511387 -0.584877 0.151393 -0.299206 0.217082 0.244733 -0.439436 -0.504239 0.237209 -0.563894 1.154761 0.162791 -0.595088 1.148928 0.104921 -0.520554 -0.424853 0.009315 -0.606078 1.137734 0.111974 
-0.285381 0.381287 0.107596 -0.511662 -0.591102 0.151883 -0.624588 1.137102 0.128411 -0.304864 0.218554 0.245495 -0.440670 -0.509956 0.238019 -0.582712 1.153227 0.179775 -0.613744 1.148647 0.121706 
-0.291913 0.381172 0.108366 -0.510074 -0.595349 0.152793 -0.639767 1.136220 0.148294 -0.310994 0.217642 0.245376 -0.440013 -0.513258 0.238795 -0.598534 1.151497 0.200431 -0.629010 1.148069 0.141990 
-0.507523 -0.597798 0.151986 -0.641807 1.146947 0.169694 -0.652553 1.134804 0.175431 -0.612532 1.148973 0.228811 -0.298274 0.380316 0.110878 -0.317796 0.215265 0.245988 -0.439103 -0.515401 0.239012 
-0.509200 -0.600724 0.149814 -0.648608 1.144501 0.206253 -0.659585 1.132126 0.210964 -0.621397 1.143246 0.266370 -0.305737 0.382202 0.120521 -0.325854 0.216788 0.255099 -0.444420 -0.519370 0.240529 
-0.515770 -0.604239 0.147442 -0.652932 1.140380 0.245285 -0.664225 1.127874 0.248737 -0.627947 1.134606 0.306099 -0.311523 0.380316 0.136568 -0.336341 0.214221 0.269512 -0.455413 -0.524236 0.242313 
-0.523294 -0.606753 0.145059 -0.467775 -0.527953 0.243813 -0.657283 1.134620 0.279806 -0.668851 1.122094 0.282067 -0.634094 1.124201 0.340713 -0.316539 0.374188 0.153802 
-0.528056 -0.609885 0.146105 -0.477669 -0.531601 0.247971 -0.663939 1.129131 0.305287 -0.675635 1.116596 0.306669 -0.641595 1.114948 0.365749 -0.321833 0.366651 0.172567 
-0.534158 -0.612007 0.147560 -0.488807 -0.534729 0.252515 -0.672727 1.125966 0.320247 -0.684400 1.113367 0.321178 -0.650332 1.109640 0.380147 -0.327506 0.359212 0.193110 
-0.544683 -0.614689 0.150016 -0.504381 -0.538769 0.257978 -0.683314 1.125409 0.329469 -0.694878 1.112695 0.330163 -0.660461 1.107863 0.388848 -0.333977 0.353321 0.216007 
-0.482123 -0.373330 0.134472 -0.689755 1.123635 0.334326 -0.701280 1.110877 0.334830 -0.666095 1.104579 0.392918 -0.341103 0.347540 0.241163 -0.558458 -0.617942 0.152208 -0.523089 -0.543628 0.262980 
-0.491566 -0.377936 0.141104 -0.691968 1.123046 0.328691 -0.703470 1.110272 0.329305 -0.667032 1.103369 0.386545 -0.348217 0.340514 0.266369 -0.571851 -0.621713 0.151277 -0.541178 -0.549493 0.264800 
-0.690930 1.123590 0.315676 -0.702373 1.110789 0.316686 -0.664289 1.104291 0.372893 -0.355349 0.330565 0.292044 -0.584408 -0.625911 0.147243 -0.558443 -0.556328 0.263553 -0.365972 0.267139 0.171404 -0.500906 -0.383007 0.145896 
-0.685004 1.123063 0.297107 -0.696445 1.110314 0.298653 -0.656682 1.104513 0.353762 -0.362409 0.318750 0.318898 -0.597076 -0.630611 0.141192 -0.532646 -0.457286 0.033096 -0.368411 0.258338 0.196406 -0.510400 -0.388958 0.149398 
-0.673114 1.121037 0.272864 -0.684637 1.108456 0.275048 -0.643165 1.103342 0.328952 -0.369341 0.304681 0.346444 -0.610594 -0.635597 0.133039 -0.538639 -0.460648 0.032576 -0.370791 0.247559 0.222247 -0.520544 -0.395753 0.151534 
-0.624954 -0.640562 0.123186 -0.545333 -0.464292 0.031169 -0.657914 1.118103 0.245690 -0.669504 1.105734 0.248609 -0.626036 1.101283 0.300979 -0.373402 0.234688 0.248809 -0.376668 0.288523 0.374432 
-0.640379 -0.645173 0.112329 -0.552880 -0.468214 0.029220 -0.641000 1.113775 0.217477 -0.652657 1.101669 0.221138 -0.607151 1.097600 0.271779 -0.376746 0.221081 0.275484 -0.384936 0.271613 0.402248 
-0.655363 -0.649044 0.101078 -0.560412 -0.471881 0.027083 -0.622968 1.107537 0.186985 -0.634703 1.095766 0.191407 -0.587187 1.091849 0.240178 -0.381297 0.206680 0.301079 
-0.669163 -0.652339 0.091714 -0.567356 -0.475494 0.026605 -0.606222 1.100095 0.155457 -0.568449 1.084763 0.207361 -0.387421 0.192076 0.325663 -0.670207 -0.603874 0.220919 -0.617990 1.088675 0.160647 
-0.681788 -0.654950 0.086700 -0.573849 -0.479235 0.028814 -0.585771 1.090175 0.145251 -0.547386 1.072432 0.195924 -0.394952 0.179172 0.349180 -0.687215 -0.608544 0.216550 -0.597863 1.079151 0.150551 
-0.691605 -0.657008 0.082392 -0.578894 -0.482144 0.031436 -0.701474 -0.612403 0.212611 -0.529827 1.058226 0.198164 -0.403704 0.168701 0.369202 -0.567486 1.078211 0.147782 -0.579966 1.067525 0.152871 
-0.699440 -0.658709 0.077593 -0.582983 -0.484373 0.033746 -0.713931 -0.615934 0.207994 -0.517087 1.046921 0.199785 -0.414068 0.158651 0.387622 -0.554203 1.068564 0.149686 -0.566971 1.058166 0.154653 
-1.556836 -0.150249 0.114024 -0.546797 1.062118 0.150918 -0.559697 1.051873 0.155865 -0.509830 1.039632 0.200757 -0.427024 0.148841 0.406192 -0.706268 -0.660181 0.072627 -0.586660 -0.486237 0.036362 
-1.580309 -0.134624 0.113040 -0.543188 1.057452 0.152371 -0.556146 1.047278 0.157315 -0.506153 1.034333 0.201868 -0.443287 0.139383 0.425918 -0.713275 -0.661509 0.067951 -0.590668 -0.488121 0.039993 
-1.590765 -0.126349 0.106538 -0.541193 1.052786 0.154229 -0.554202 1.042664 0.159145 -0.504077 1.028919 0.203309 -0.463136 0.130186 0.446665 -0.720416 -0.662731 0.063131 -0.595097 -0.490051 0.044303 
-1.596843 -0.123262 0.112633 -0.538913 1.046275 0.155980 -0.552062 1.036286 0.160793 -0.502103 1.021324 0.204749 -0.485139 0.121436 0.467237 -0.726323 -0.663593 0.061782 -0.598614 -0.491946 0.051512 
-1.603748 -0.121127 0.115924 -0.537099 1.039498 0.156957 -0.550435 1.029689 0.161624 -0.500930 1.013494 0.205656 -0.507170 0.114801 0.486769 -0.730439 -0.664340 0.062479 -0.601414 -0.493390 0.059965 
-1.612422 -0.117696 0.118638 -0.535283 1.033080 0.157824 -0.548754 1.023421 0.162414 -0.499521 1.006280 0.206393 -0.528525 0.108735 0.505062 -0.733959 -0.665204 0.062841 -0.604406 -0.494718 0.068144 
-0.737459 -0.666082 0.063235 -0.533160 1.027080 0.158882 -0.546718 1.017534 0.163451 -0.793256 -0.632488 0.184899 -1.621728 -0.113023 0.120310 -0.497551 0.999633 0.207200 -0.607630 -0.496226 0.076302 -0.549399 0.101970 0.522849 
-0.740935 -0.667042 0.063510 -0.531078 1.021516 0.159281 -0.544701 1.012072 0.163873 -0.801833 -0.634582 0.183017 -1.630211 -0.108415 0.121554 -0.495566 0.993719 0.207471 -0.611055 -0.497985 0.084211 
-0.742527 -0.668073 0.063318 -0.530451 1.017779 0.157598 -0.544097 1.008418 0.162288 -0.806682 -0.636803 0.181430 -1.639344 -0.103717 0.124467 -0.495022 0.990440 0.206109 -0.613564 -0.499005 0.089046 
-1.646497 -0.101478 0.127078 -0.532232 1.015662 0.155569 -0.545864 1.006332 0.160361 -0.496809 0.989024 0.204473 -0.614444 -0.498785 0.090484 -0.806937 -0.638854 0.180732 -0.741546 -0.668984 0.063003 
-1.649339 -0.101084 0.127709 -0.533209 1.014258 0.154552 -0.546836 1.004946 0.159392 -0.497800 0.987962 0.203651 -0.614779 -0.498887 0.090958 -0.806857 -0.639952 0.180536 -0.741014 -0.669644 0.062947 
-1.649041 -0.101468 0.126778 -0.533152 1.014031 0.154497 -0.546786 1.004724 0.159328 -0.497785 0.987725 0.203621 -0.614719 -0.499279 0.090776 -0.806835 -0.640080 0.180687 -0.741129 -0.669955 0.063068 
-1.647659 -0.101651 0.124568 -0.532069 1.014055 0.154453 -0.545728 1.004768 0.159252 -0.496842 0.987656 0.203627 -0.614243 -0.499693 0.089927 -0.806408 -0.639624 0.181083 -0.741355 -0.670010 0.063233 
-1.645861 -0.101780 0.121604 -0.530051 1.013623 0.155065 -0.543753 1.004368 0.159801 -0.494999 0.986854 0.204164 -0.613535 -0.500195 0.088635 -0.805673 -0.638960 0.181613 -0.741604 -0.670016 0.063398 
-0.741804 -0.670002 0.063586 -0.527462 1.012747 0.156212 -0.541227 1.003534 0.160847 -0.804877 -0.638274 0.182157 -1.643980 -0.101802 0.118483 -0.492654 0.985357 0.205143 -0.612821 -0.500657 0.087323 
-0.741826 -0.669957 0.063824 -0.524780 1.011522 0.157688 -0.538615 1.002358 0.162209 -0.804097 -0.637651 0.182663 -1.642290 -0.101706 0.115760 -0.490230 0.983382 0.206374 -0.612205 -0.500918 0.086231 
-0.741810 -0.669898 0.064105 -0.522639 1.010401 0.158972 -0.536530 1.001276 0.163402 -0.803633 -0.637163 0.183061 -1.641287 -0.101408 0.114221 -0.488288 0.981630 0.207431 -0.611854 -0.500999 0.085605 
-0.741731 -0.669841 0.064348 -0.521283 1.009459 0.159970 -0.535210 1.000359 0.164337 -0.803374 -0.636853 0.183327 -1.640873 -0.101121 0.113612 -0.487047 0.980226 0.208232 -0.611704 -0.500931 0.085321 
-0.741607 -0.669833 0.064493 -0.520803 1.008951 0.160524 -0.534746 0.999862 0.164861 -0.803273 -0.636754 0.183435 -1.640964 -0.101036 0.113692 -0.486614 0.979477 0.208673 -0.611633 -0.500863 0.085325 
-0.741504 -0.669825 0.064565 -0.520643 1.008725 0.160722 -0.534596 0.999643 0.165042 -0.803247 -0.636736 0.183464 -1.641313 -0.100901 0.113951 -0.486493 0.979148 0.208837 -0.611618 -0.500790 0.085409 
-0.741440 -0.669806 0.064588 -0.520604 1.008673 0.160759 -0.534563 0.999596 0.165070 -0.803239 -0.636738 0.183464 -1.641519 -0.100803 0.114078 -0.486488 0.979057 0.208873 -0.611638 -0.500711 0.085467 
-0.741375 -0.669806 0.064587 -0.520580 1.008653 0.160730 -0.534543 0.999580 0.165039 -0.803205 -0.636760 0.183452 -1.641621 -0.100761 0.114154 -0.486484 0.979032 0.208856 -0.611617 -0.500682 0.085503 
-0.741308 -0.669814 0.064592 -0.520539 1.008616 0.160722 -0.534504 0.999546 0.165029 -0.803159 -0.636778 0.183450 -1.641638 -0.100740 0.114144 -0.486454 0.978991 0.208852 -0.611580 -0.500668 0.085524 
-0.741210 -0.669817 0.064598 -0.520490 1.008580 0.160707 -0.534457 0.999511 0.165012 -0.803084 -0.636794 0.183447 -1.641620 -0.100730 0.114113 -0.486415 0.978951 0.208843 -0.611521 -0.500644 0.085548 
-0.741157 -0.669819 0.064600 -0.520452 1.008550 0.160709 -0.534420 0.999483 0.165013 -0.803042 -0.636802 0.183445 -1.641597 -0.100721 0.114066 -0.486383 0.978915 0.208846 -0.611485 -0.500634 0.085559 
-0.741118 -0.669819 0.064602 -0.520430 1.008534 0.160705 -0.534399 0.999468 0.165009 -0.803013 -0.636806 0.183444 -1.641579 -0.100721 0.114027 -0.486366 0.978897 0.208844 -0.611461 -0.500623 0.085568 
-0.741074 -0.669817 0.064606 -0.520397 1.008509 0.160701 -0.534367 0.999445 0.165003 -0.802977 -0.636809 0.183444 -1.641550 -0.100713 0.113981 -0.486341 0.978868 0.208842 -0.611433 -0.500609 0.085576 
-0.741021 -0.669813 0.064612 -0.520362 1.008481 0.160700 -0.534334 0.999418 0.165001 -0.802937 -0.636811 0.183445 -1.641525 -0.100706 0.113952 -0.486314 0.978833 0.208843 -0.611403 -0.500589 0.085588 
-0.741001 -0.669812 0.064615 -0.520344 1.008464 0.160710 -0.534317 0.999402 0.165010 -0.802921 -0.636810 0.183446 -1.641511 -0.100699 0.113915 -0.486298 0.978811 0.208851 -0.611391 -0.500582 0.085591 
-0.740958 -0.669811 0.064620 -0.520316 1.008438 0.160718 -0.534290 0.999377 0.165016 -0.802885 -0.636810 0.183447 -1.641502 -0.100694 0.113892 -0.486276 0.978778 0.208858 -0.611359 -0.500573 0.085598 
-0.740925 -0.669808 0.064626 -0.520288 1.008413 0.160725 -0.534263 0.999354 0.165022 -0.802859 -0.636808 0.183450 -1.641467 -0.100688 0.113834 -0.486253 0.978746 0.208865 -0.611339 -0.500559 0.085603 
-0.740908 -0.669805 0.064631 -0.520268 1.008393 0.160738 -0.534244 0.999335 0.165034 -0.802845 -0.636804 0.183453 -1.641450 -0.100684 0.113805 -0.486236 0.978718 0.208875 -0.611330 -0.500550 0.085606 
-0.740835 -0.669803 0.064636 -0.520223 1.008358 0.160732 -0.534201 0.999302 0.165026 -0.802785 -0.636809 0.183453 -1.641359 -0.100679 0.113660 -0.486201 0.978678 0.208872 -0.611278 -0.500533 0.085619 
-0.740794 -0.669797 0.064650 -0.520181 1.008311 0.160766 -0.534161 0.999257 0.165058 -0.802751 -0.636799 0.183462 -1.641357 -0.100668 0.113643 -0.486166 0.978612 0.208900 -0.611255 -0.500512 0.085623 
-0.740777 -0.669791 0.064662 -0.520151 1.008277 0.160796 -0.534132 0.999223 0.165087 -0.802739 -0.636788 0.183471 -1.641351 -0.100660 0.113623 -0.486141 0.978562 0.208925 -0.611247 -0.500498 0.085625 
-0.740721 -0.669785 0.064671 -0.520113 1.008245 0.160788 -0.534096 0.999194 0.165076 -0.802693 -0.636784 0.183475 -1.641308 -0.100655 0.113552 -0.486114 0.978525 0.208921 -0.611213 -0.500475 0.085634 
-0.740696 -0.669779 0.064683 -0.520075 1.008201 0.160831 -0.534060 0.999152 0.165117 -0.802672 -0.636772 0.183484 -1.641303 -0.100646 0.113526 -0.486081 0.978461 0.208955 -0.611199 -0.500459 0.085636 
-0.740594 -0.669775 0.064692 -0.520033 1.008154 0.160831 -0.534019 0.999106 0.165115 -0.802584 -0.636774 0.183487 -1.641235 -0.100656 0.113359 -0.486050 0.978405 0.208957 -0.611126 -0.500434 0.085647 
-0.740578 -0.669768 0.064706 -0.519999 1.008112 0.160871 -0.533987 0.999066 0.165152 -0.802572 -0.636760 0.183497 -1.641232 -0.100647 0.113341 -0.486021 0.978344 0.208989 -0.611118 -0.500418 0.085649 
-0.740535 -0.669761 0.064719 -0.519952 1.008066 0.160892 -0.533943 0.999022 0.165170 -0.802537 -0.636751 0.183505 -1.641180 -0.100635 0.113250 -0.485984 0.978282 0.209007 -0.611094 -0.500396 0.085655 
-0.740533 -0.669757 0.064727 -0.519938 1.008045 0.160918 -0.533929 0.999001 0.165195 -0.802536 -0.636741 0.183511 -1.641189 -0.100631 0.113257 -0.485971 0.978250 0.209028 -0.611094 -0.500389 0.085655 
-0.740504 -0.669753 0.064732 -0.519926 1.008031 0.160873 -0.533919 0.998989 0.165149 -0.802512 -0.636739 0.183514 -1.641158 -0.100627 0.113208 -0.485972 0.978243 0.208996 -0.611077 -0.500376 0.085658 
-0.740504 -0.669753 0.064732 -0.519925 1.008030 0.160875 -0.533918 0.998988 0.165151 -0.802511 -0.636738 0.183514 -1.641159 -0.100627 0.113208 -0.485971 0.978241 0.208997 -0.611077 -0.500376 0.085658 
-0.740477 -0.669752 0.064733 -0.519906 1.008016 0.160868 -0.533900 0.998975 0.165144 -0.802489 -0.636741 0.183513 -1.641145 -0.100625 0.113189 -0.485956 0.978226 0.208993 -0.611059 -0.500368 0.085662 
-0.740450 -0.669750 0.064733 -0.519886 1.008001 0.160863 -0.533881 0.998961 0.165138 -0.802466 -0.636743 0.183513 -1.641118 -0.100623 0.113145 -0.485941 0.978209 0.208989 -0.611042 -0.500359 0.085666 
-0.740436 -0.669749 0.064734 -0.519874 1.007991 0.160863 -0.533869 0.998952 0.165138 -0.802455 -0.636744 0.183512 -1.641095 -0.100623 0.113105 -0.485931 0.978197 0.208990 -0.611033 -0.500355 0.085668 
-0.740422 -0.669748 0.064734 -0.519863 1.007986 0.160845 -0.533858 0.998948 0.165119 -0.802443 -0.636745 0.183512 -1.641079 -0.100631 0.113073 -0.485925 0.978194 0.208977 -0.611024 -0.500350 0.085670 
-0.740419 -0.669748 0.064734 -0.519855 1.007974 0.160859 -0.533851 0.998936 0.165132 -0.802440 -0.636745 0.183512 -1.641110 -0.100635 0.113054 -0.485918 0.978177 0.208988 -0.611023 -0.500349 0.085669 
-0.740363 -0.669747 0.064735 -0.519820 1.007951 0.160829 -0.533818 0.998916 0.165102 -0.802387 -0.636748 0.183513 -1.641050 -0.100648 0.112837 -0.485894 0.978156 0.208967 -0.610977 -0.500340 0.085672 
-0.740306 -0.669744 0.064735 -0.519753 1.007866 0.160895 -0.533753 0.998832 0.165165 -0.802337 -0.636750 0.183510 -1.641052 -0.100662 0.112682 -0.485832 0.978042 0.209019 -0.610935 -0.500326 0.085677 
-0.740252 -0.669737 0.064747 -0.519692 1.007796 0.160935 -0.533694 0.998765 0.165202 -0.802289 -0.636740 0.183518 -1.641008 -0.100675 0.112437 -0.485779 0.977951 0.209051 -0.610895 -0.500308 0.085681 
-0.740210 -0.669732 0.064756 -0.519618 1.007718 0.160960 -0.533624 0.998690 0.165224 -0.802246 -0.636730 0.183526 -1.641059 -0.100686 0.112418 -0.485720 0.977851 0.209073 -0.610858 -0.500297 0.085677 
-0.740131 -0.669721 0.064773 -0.519502 1.007572 0.161076 -0.533511 0.998547 0.165333 -0.802173 -0.636712 0.183538 -1.641093 -0.100683 0.112355 -0.485614 0.977655 0.209165 -0.610797 -0.500270 0.085679 
-0.740102 -0.669706 0.064796 -0.519429 1.007487 0.161135 -0.533441 0.998465 0.165388 -0.802145 -0.636685 0.183557 -1.641122 -0.100693 0.112317 -0.485552 0.977538 0.209212 -0.610780 -0.500243 0.085675 
-0.740024 -0.669690 0.064811 -0.519377 1.007406 0.161073 -0.533394 0.998389 0.165321 -0.802065 -0.636661 0.183572 -1.641104 -0.100725 0.112203 -0.485531 0.977454 0.209170 -0.610720 -0.500211 0.085663 
-0.739998 -0.669684 0.064823 -0.519336 1.007356 0.161110 -0.533355 0.998340 0.165356 -0.802038 -0.636648 0.183582 -1.641124 -0.100735 0.112171 -0.485496 0.977386 0.209200 -0.610699 -0.500198 0.085661 
-0.739952 -0.669683 0.064825 -0.519312 1.007328 0.161121 -0.533331 0.998313 0.165366 -0.801994 -0.636647 0.183583 -1.641153 -0.100745 0.112152 -0.485476 0.977351 0.209209 -0.610657 -0.500195 0.085661 
-0.739939 -0.669682 0.064823 -0.519335 1.007337 0.161028 -0.533356 0.998323 0.165272 -0.801979 -0.636648 0.183582 -1.641173 -0.100757 0.112116 -0.485513 0.977381 0.209139 -0.610647 -0.500191 0.085658 
-0.739929 -0.669681 0.064823 -0.519329 1.007332 0.161022 -0.533350 0.998319 0.165267 -0.801970 -0.636647 0.183582 -1.641194 -0.100768 0.112075 -0.485509 0.977377 0.209136 -0.610639 -0.500188 0.085659 
-0.739916 -0.669679 0.064822 -0.519310 1.007314 0.161022 -0.533332 0.998302 0.165266 -0.801957 -0.636647 0.183582 -1.641178 -0.100801 0.111859 -0.485495 0.977356 0.209137 -0.610629 -0.500184 0.085657 
-0.739906 -0.669678 0.064822 -0.519303 1.007309 0.161017 -0.533326 0.998298 0.165261 -0.801947 -0.636648 0.183582 -1.641181 -0.100807 0.111839 -0.485491 0.977351 0.209134 -0.610621 -0.500182 0.085658 
-0.739883 -0.669676 0.064819 -0.519279 1.007286 0.161011 -0.533303 0.998276 0.165254 -0.801924 -0.636650 0.183580 -1.641183 -0.100822 0.111769 -0.485472 0.977325 0.209131 -0.610603 -0.500176 0.085656 
-0.739870 -0.669676 0.064816 -0.519305 1.007298 0.160934 -0.533329 0.998288 0.165176 -0.801911 -0.636652 0.183578 -1.641186 -0.100833 0.111718 -0.485508 0.977357 0.209072 -0.610594 -0.500173 0.085655 
-0.739837 -0.669672 0.064813 -0.519279 1.007272 0.160931 -0.533305 0.998264 0.165172 -0.801880 -0.636654 0.183576 -1.641185 -0.100868 0.111432 -0.485489 0.977328 0.209071 -0.610568 -0.500165 0.085657 
-0.739823 -0.669671 0.064810 -0.519258 1.007249 0.160937 -0.533284 0.998242 0.165178 -0.801864 -0.636656 0.183574 -1.641184 -0.100880 0.111373 -0.485471 0.977300 0.209077 -0.610558 -0.500161 0.085654 
-0.739746 -0.669672 0.064804 -0.519203 1.007185 0.160949 -0.533231 0.998181 0.165188 -0.801790 -0.636664 0.183569 -1.641166 -0.100897 0.111297 -0.485424 0.977224 0.209088 -0.610489 -0.500156 0.085654 
-0.739735 -0.669671 0.064803 -0.519191 1.007172 0.160954 -0.533220 0.998168 0.165193 -0.801778 -0.636665 0.183568 -1.641162 -0.100904 0.111259 -0.485415 0.977208 0.209092 -0.610480 -0.500153 0.085653 
-0.739688 -0.669670 0.064799 -0.519160 1.007133 0.160966 -0.533190 0.998131 0.165204 -0.801730 -0.636668 0.183566 -1.641161 -0.100917 0.111208 -0.485388 0.977161 0.209103 -0.610438 -0.500149 0.085650 
-0.739687 -0.669670 0.064799 -0.519158 1.007132 0.160969 -0.533188 0.998129 0.165207 -0.801729 -0.636668 0.183566 -1.641173 -0.100920 0.111198 -0.485386 0.977159 0.209105 -0.610437 -0.500149 0.085650 
-0.739638 -0.669663 0.064795 -0.519115 1.007085 0.160986 -0.533147 0.998084 0.165222 -0.801680 -0.636666 0.183564 -1.641112 -0.100935 0.110999 -0.485348 0.977102 0.209119 -0.610399 -0.500133 0.085645 
-0.739617 -0.669660 0.064794 -0.519103 1.007074 0.160977 -0.533135 0.998074 0.165213 -0.801660 -0.636666 0.183563 -1.641125 -0.100949 0.110953 -0.485340 0.977091 0.209113 -0.610382 -0.500127 0.085646 
-0.739587 -0.669654 0.064787 -0.519080 1.007049 0.160973 -0.533113 0.998051 0.165209 -0.801629 -0.636666 0.183558 -1.641140 -0.100963 0.110907 -0.485322 0.977063 0.209110 -0.610356 -0.500119 0.085642 
-0.739576 -0.669654 0.064786 -0.519073 1.007042 0.160970 -0.533106 0.998044 0.165206 -0.801618 -0.636667 0.183558 -1.641156 -0.100971 0.110877 -0.485316 0.977056 0.209109 -0.610348 -0.500116 0.085643 
-0.739555 -0.669649 0.064782 -0.519058 1.007026 0.160967 -0.533092 0.998029 0.165203 -0.801596 -0.636667 0.183555 -1.641199 -0.100985 0.110747 -0.485305 0.977038 0.209107 -0.610330 -0.500110 0.085640 
-0.739554 -0.669650 0.064781 -0.519057 1.007025 0.160970 -0.533091 0.998027 0.165205 -0.801595 -0.636667 0.183555 -1.641199 -0.100986 0.110747 -0.485303 0.977036 0.209109 -0.610330 -0.500110 0.085640 
-0.739469 -0.669647 0.064775 -0.519013 1.006968 0.160992 -0.533049 0.997973 0.165225 -0.801512 -0.636673 0.183550 -1.641188 -0.101006 0.110665 -0.485264 0.976968 0.209126 -0.610256 -0.500099 0.085640 
-0.739437 -0.669643 0.064773 -0.518993 1.006948 0.160982 -0.533030 0.997954 0.165215 -0.801481 -0.636674 0.183548 -1.641179 -0.101020 0.110597 -0.485250 0.976947 0.209120 -0.610230 -0.500091 0.085640 
-0.739425 -0.669642 0.064771 -0.518981 1.006931 0.160991 -0.533017 0.997937 0.165224 -0.801467 -0.636675 0.183548 -1.641184 -0.101029 0.110557 -0.485238 0.976925 0.209127 -0.610221 -0.500088 0.085638 
-0.739403 -0.669639 0.064769 -0.518968 1.006917 0.160985 -0.533005 0.997924 0.165217 -0.801446 -0.636675 0.183546 -1.641188 -0.101039 0.110515 -0.485228 0.976911 0.209123 -0.610203 -0.500082 0.085638 
-0.739403 -0.669640 0.064768 -0.518966 1.006915 0.160988 -0.533003 0.997921 0.165221 -0.801445 -0.636677 0.183546 -1.641205 -0.101043 0.110506 -0.485226 0.976907 0.209125 -0.610203 -0.500082 0.085637 
