0.001797 -0.000390 0.999998 -0.000450 -0.002032 0.999998 -0.000413 -0.002081 0.999998 0.001807 -0.000404 0.999998 
0.001326 -0.000288 0.999999 -0.000370 -0.001671 0.999999 -0.000339 -0.001708 0.999998 0.001334 -0.000298 0.999999 
0.001199 -0.000260 0.999999 -0.000335 -0.001512 0.999999 -0.000307 -0.001546 0.999999 0.001207 -0.000270 0.999999 
0.001091 -0.000237 0.999999 -0.000302 -0.001363 0.999999 -0.000276 -0.001394 0.999999 0.001098 -0.000245 0.999999 
0.000375 -0.000082 1.000000 0.000458 0.002059 0.999998 0.000410 0.002060 0.999998 0.000362 -0.000081 1.000000 
0.000846 -0.000184 1.000000 0.000543 0.002440 0.999997 0.000484 0.002432 0.999997 0.000830 -0.000186 1.000000 
0.002968 -0.000646 0.999995 0.000384 0.001727 0.999998 0.000332 0.001669 0.999999 0.002953 -0.000662 0.999995 
0.002698 -0.000587 0.999996 0.000348 0.001564 0.999999 0.000301 0.001511 0.999999 0.002684 -0.000602 0.999996 
0.004568 -0.000993 0.999989 0.000159 0.000717 1.000000 0.000123 0.000618 1.000000 0.004557 -0.001020 0.999989 
0.005143 -0.001118 0.999986 0.000402 0.001810 0.999998 0.000338 0.001703 0.999998 0.005125 -0.001147 0.999986 
0.004658 -0.001012 0.999989 0.000364 0.001642 0.999999 0.000307 0.001546 0.999999 0.004641 -0.001038 0.999989 
0.005370 -0.001165 0.999985 0.000332 0.001498 0.999999 0.000274 0.001384 0.999999 0.005353 -0.001196 0.999985 
0.006914 -0.001500 0.999975 0.000306 0.001380 0.999999 0.000244 0.001231 0.999999 0.006896 -0.001540 0.999975 
0.007909 -0.001714 0.999967 0.000285 0.001289 0.999999 0.000221 0.001118 0.999999 0.007890 -0.001761 0.999967 
0.005250 -0.001138 0.999986 0.000257 0.001163 0.999999 0.000208 0.001050 0.999999 0.005236 -0.001168 0.999986 
0.003340 -0.000724 0.999994 0.000229 0.001035 0.999999 0.000191 0.000965 1.000000 0.003329 -0.000743 0.999994 
0.004654 -0.001009 0.999989 0.000206 0.000929 1.000000 0.000164 0.000829 1.000000 0.004642 -0.001036 0.999989 
0.008520 -0.001847 0.999962 0.000192 0.000866 1.000000 0.000135 0.000679 1.000000 0.008503 -0.001898 0.999962 
0.027474 -0.006079 0.999604 -0.000171 -0.000757 1.000000 -0.000279 -0.001376 0.999999 0.027441 -0.006248 0.999604 
0.009126 -0.002167 0.999956 -0.001208 -0.004987 0.999987 -0.001141 -0.005217 0.999986 0.009143 -0.002230 0.999956 
0.000479 -0.000124 1.000000 -0.000256 -0.000974 0.999999 -0.000236 -0.000990 0.999999 0.000485 -0.000128 1.000000 
0.000630 -0.000163 1.000000 -0.000481 -0.001823 0.999998 -0.000444 -0.001847 0.999998 0.000640 -0.000170 1.000000 
0.000617 -0.000160 1.000000 -0.000417 -0.001582 0.999999 -0.000385 -0.001604 0.999999 0.000626 -0.000166 1.000000 
0.000946 -0.000239 1.000000 -0.000358 -0.001391 0.999999 -0.000332 -0.001420 0.999999 0.000953 -0.000247 1.000000 
0.004546 -0.001106 0.999989 -0.000458 -0.001845 0.999998 -0.000439 -0.001956 0.999998 0.004550 -0.001137 0.999989 
0.011465 -0.002764 0.999930 -0.000430 -0.001750 0.999998 -0.000448 -0.002016 0.999998 0.011459 -0.002836 0.999930 
0.018140 -0.004372 0.999826 -0.000419 -0.001707 0.999998 -0.000471 -0.002122 0.999998 0.018124 -0.004486 0.999826 
0.023393 -0.005634 0.999710 -0.000409 -0.001665 0.999999 -0.000488 -0.002198 0.999997 0.023369 -0.005780 0.999710 
0.028509 -0.006853 0.999570 -0.000369 -0.001505 0.999999 -0.000477 -0.002151 0.999998 0.028476 -0.007029 0.999570 
0.033539 -0.008015 0.999405 -0.000322 -0.001320 0.999999 -0.000457 -0.002077 0.999998 0.033498 -0.008222 0.999405 
0.038337 -0.009092 0.999224 -0.000276 -0.001140 0.999999 -0.000438 -0.002004 0.999998 0.038288 -0.009328 0.999223 
0.042743 -0.010106 0.999035 -0.000233 -0.000968 1.000000 -0.000420 -0.001930 0.999998 0.042687 -0.010369 0.999035 
0.046733 -0.011049 0.998846 -0.000207 -0.000859 1.000000 -0.000416 -0.001910 0.999998 0.046670 -0.011336 0.998846 
0.050240 -0.011878 0.998667 -0.000181 -0.000751 1.000000 -0.000409 -0.001880 0.999998 0.050171 -0.012187 0.998666 
0.053282 -0.012598 0.998500 -0.000152 -0.000631 1.000000 -0.000398 -0.001827 0.999998 0.053208 -0.012925 0.998500 
0.057082 -0.013510 0.998278 -0.000123 -0.000509 1.000000 -0.000390 -0.001790 0.999998 0.057001 -0.013860 0.998278 
0.062922 -0.014952 0.997906 -0.000090 -0.000373 1.000000 -0.000390 -0.001783 0.999998 0.062832 -0.015338 0.997906 
0.071128 -0.017116 0.997320 -0.000056 -0.000229 1.000000 -0.000404 -0.001823 0.999998 0.071023 -0.017553 0.997320 
0.080891 -0.019790 0.996526 -0.000028 -0.000113 1.000000 -0.000435 -0.001925 0.999998 0.080769 -0.020287 0.996526 
0.092091 -0.022938 0.995486 0.000001 0.000003 1.000000 -0.000474 -0.002059 0.999998 0.091949 -0.023503 0.995486 
0.104352 -0.026375 0.994191 0.000028 0.000108 1.000000 -0.000521 -0.002229 0.999997 0.104188 -0.027016 0.994191 
0.116561 -0.029530 0.992744 0.000058 0.000225 1.000000 -0.000559 -0.002384 0.999997 0.116377 -0.030247 0.992744 
0.129139 -0.032617 0.991090 0.000184 0.000714 1.000000 -0.000508 -0.002174 0.999998 0.128931 -0.033412 0.991090 
0.141557 -0.035081 0.989308 0.000204 0.000807 1.000000 -0.000540 -0.002359 0.999997 0.141334 -0.035955 0.989309 
0.153083 -0.036837 0.987527 0.000180 0.000734 1.000000 -0.000597 -0.002691 0.999996 0.152848 -0.037784 0.987527 
0.162720 -0.037883 0.985945 0.000136 0.000575 1.000000 -0.000657 -0.003065 0.999995 0.162480 -0.038891 0.985945 
0.170413 -0.038353 0.984626 -0.000127 -0.000554 1.000000 -0.000904 -0.004371 0.999990 0.170176 -0.039412 0.984625 
0.177210 -0.038639 0.983414 -0.000287 -0.001289 0.999999 -0.001052 -0.005261 0.999986 0.176976 -0.039742 0.983413 
0.182596 -0.038979 0.982415 -0.000237 -0.001087 0.999999 -0.001012 -0.005178 0.999986 0.182358 -0.040117 0.982413 
0.186623 -0.039227 0.981648 -0.000409 -0.001902 0.999998 -0.001171 -0.006086 0.999981 0.186389 -0.040392 0.981645 
0.189922 -0.039379 0.981009 -0.000675 -0.003174 0.999995 -0.001412 -0.007437 0.999971 0.189694 -0.040566 0.981005 
0.191815 -0.039408 0.980640 -0.001000 -0.004738 0.999988 -0.001704 -0.009049 0.999958 0.191596 -0.040611 0.980633 
0.191774 -0.039350 0.980650 -0.001269 -0.006010 0.999981 -0.001945 -0.010325 0.999945 0.191563 -0.040554 0.980642 
0.190679 -0.039327 0.980864 -0.001416 -0.006668 0.999977 -0.002078 -0.010962 0.999938 0.190473 -0.040524 0.980856 
0.188673 -0.039272 0.981254 -0.001517 -0.007082 0.999974 -0.002170 -0.011333 0.999933 0.188469 -0.040457 0.981245 
0.185832 -0.039201 0.981799 -0.001629 -0.007501 0.999971 -0.002272 -0.011691 0.999929 0.185632 -0.040369 0.981790 
0.182218 -0.039135 0.982479 -0.001660 -0.007512 0.999970 -0.002302 -0.011622 0.999930 0.182018 -0.040279 0.982470 
0.177668 -0.038976 0.983318 -0.001612 -0.007150 0.999973 -0.002260 -0.011158 0.999935 0.177467 -0.040090 0.983310 
0.172184 -0.038672 0.984305 -0.001505 -0.006529 0.999978 -0.002161 -0.010413 0.999943 0.171982 -0.039751 0.984298 
0.165570 -0.038166 0.985459 -0.001295 -0.005481 0.999984 -0.001963 -0.009213 0.999956 0.165365 -0.039201 0.985453 
0.159381 -0.037492 0.986505 -0.001501 -0.006227 0.999979 -0.002140 -0.009825 0.999949 0.159185 -0.038489 0.986498 
0.153091 -0.036685 0.987531 -0.001708 -0.006958 0.999974 -0.002316 -0.010420 0.999943 0.152905 -0.037643 0.987524 
0.146845 -0.035821 0.988511 -0.001902 -0.007612 0.999969 -0.002478 -0.010938 0.999937 0.146669 -0.036741 0.988503 
0.140961 -0.034951 0.989398 -0.002071 -0.008154 0.999965 -0.002618 -0.011352 0.999932 0.140794 -0.035835 0.989390 
0.135705 -0.034110 0.990162 -0.002116 -0.008223 0.999964 -0.002644 -0.011304 0.999933 0.135543 -0.034961 0.990154 
0.131553 -0.033401 0.990746 -0.002078 -0.008000 0.999966 -0.002597 -0.010988 0.999936 0.131394 -0.034225 0.990739 
0.128371 -0.032837 0.991182 -0.002038 -0.007788 0.999968 -0.002549 -0.010704 0.999939 0.128215 -0.033641 0.991176 
0.126408 -0.032608 0.991442 -0.001770 -0.006713 0.999976 -0.002300 -0.009581 0.999951 0.126246 -0.033398 0.991437 
0.124296 -0.032333 0.991718 -0.001646 -0.006196 0.999979 -0.002183 -0.009014 0.999957 0.124133 -0.033110 0.991713 
0.123152 -0.032257 0.991863 -0.001476 -0.005519 0.999984 -0.002026 -0.008308 0.999963 0.122986 -0.033025 0.991859 
0.122496 -0.032234 0.991945 -0.001267 -0.004718 0.999988 -0.001834 -0.007488 0.999970 0.122325 -0.032996 0.991941 
0.122348 -0.032337 0.991960 -0.000998 -0.003702 0.999993 -0.001590 -0.006463 0.999978 0.122170 -0.033097 0.991957 
0.122725 -0.032583 0.991906 -0.000673 -0.002489 0.999997 -0.001297 -0.005252 0.999985 0.122538 -0.033344 0.991904 
0.123710 -0.032900 0.991773 -0.000542 -0.002000 0.999998 -0.001183 -0.004782 0.999988 0.123518 -0.033666 0.991771 
0.125365 -0.033342 0.991550 -0.000519 -0.001916 0.999998 -0.001171 -0.004734 0.999988 0.125170 -0.034118 0.991549 
0.127585 -0.033934 0.991247 -0.000489 -0.001805 0.999998 -0.001156 -0.004673 0.999988 0.127385 -0.034724 0.991245 
0.130011 -0.034579 0.990909 -0.000452 -0.001669 0.999999 -0.001135 -0.004590 0.999989 0.129806 -0.035384 0.990908 
0.132949 -0.035338 0.990493 -0.000412 -0.001522 0.999999 -0.001114 -0.004508 0.999989 0.132739 -0.036161 0.990491 
0.136597 -0.036127 0.989968 -0.000370 -0.001373 0.999999 -0.001092 -0.004441 0.999990 0.136381 -0.036973 0.989966 
0.140481 -0.036913 0.989395 -0.000329 -0.001228 0.999999 -0.001070 -0.004381 0.999990 0.140258 -0.037783 0.989394 
0.144244 -0.037650 0.988826 -0.000289 -0.001089 0.999999 -0.001049 -0.004325 0.999990 0.144016 -0.038543 0.988824 
0.147733 -0.038305 0.988285 -0.000253 -0.000959 1.000000 -0.001029 -0.004273 0.999990 0.147500 -0.039220 0.988284 
0.150793 -0.038816 0.987803 -0.000221 -0.000841 1.000000 -0.001009 -0.004223 0.999991 0.150556 -0.039750 0.987802 
0.153474 -0.039172 0.987376 -0.000191 -0.000734 1.000000 -0.000988 -0.004175 0.999991 0.153234 -0.040124 0.987375 
0.155687 -0.039348 0.987022 -0.000168 -0.000654 1.000000 -0.000970 -0.004144 0.999991 0.155445 -0.040313 0.987022 
0.157106 -0.039372 0.986797 -0.000160 -0.000626 1.000000 -0.000963 -0.004148 0.999991 0.156864 -0.040346 0.986796 
0.157987 -0.039330 0.986658 -0.000159 -0.000628 1.000000 -0.000961 -0.004169 0.999991 0.157745 -0.040310 0.986657 
0.158570 -0.039335 0.986564 -0.000159 -0.000627 1.000000 -0.000960 -0.004181 0.999991 0.158328 -0.040319 0.986563 
0.158882 -0.039377 0.986512 -0.000159 -0.000628 1.000000 -0.000961 -0.004189 0.999991 0.158640 -0.040363 0.986511 
0.158804 -0.039353 0.986526 -0.000163 -0.000646 1.000000 -0.000965 -0.004206 0.999991 0.158562 -0.040338 0.986525 
0.158569 -0.039294 0.986566 -0.000173 -0.000684 1.000000 -0.000972 -0.004238 0.999991 0.158328 -0.040278 0.986565 
0.158198 -0.039202 0.986629 -0.000182 -0.000722 1.000000 -0.000979 -0.004268 0.999990 0.157958 -0.040183 0.986628 
0.157711 -0.039080 0.986712 -0.000190 -0.000753 1.000000 -0.000983 -0.004288 0.999990 0.157471 -0.040059 0.986711 
0.157151 -0.038941 0.986807 -0.000195 -0.000772 1.000000 -0.000985 -0.004295 0.999990 0.156913 -0.039916 0.986806 
0.156502 -0.038780 0.986916 -0.000198 -0.000785 1.000000 -0.000985 -0.004293 0.999990 0.156264 -0.039751 0.986915 
0.155813 -0.038610 0.987032 -0.000198 -0.000785 1.000000 -0.000981 -0.004278 0.999990 0.155576 -0.039577 0.987031 
0.155112 -0.038438 0.987149 -0.000196 -0.000776 1.000000 -0.000975 -0.004253 0.999990 0.154877 -0.039399 0.987148 
0.154428 -0.038269 0.987263 -0.000191 -0.000757 1.000000 -0.000968 -0.004219 0.999991 0.154194 -0.039227 0.987262 
0.153788 -0.038112 0.987369 -0.000184 -0.000730 1.000000 -0.000958 -0.004178 0.999991 0.153554 -0.039065 0.987368 
0.153210 -0.037971 0.987464 -0.000176 -0.000697 1.000000 -0.000947 -0.004131 0.999991 0.152978 -0.038920 0.987463 
0.152700 -0.037846 0.987548 -0.000166 -0.000657 1.000000 -0.000936 -0.004080 0.999991 0.152468 -0.038792 0.987547 
0.152280 -0.037744 0.987616 -0.000156 -0.000616 1.000000 -0.000924 -0.004029 0.999991 0.152049 -0.038687 0.987616 
0.151984 -0.037672 0.987665 -0.000146 -0.000577 1.000000 -0.000914 -0.003983 0.999992 0.151753 -0.038614 0.987664 
0.151828 -0.037635 0.987690 -0.000136 -0.000540 1.000000 -0.000904 -0.003942 0.999992 0.151596 -0.038575 0.987689 
0.151794 -0.037628 0.987696 -0.000128 -0.000505 1.000000 -0.000896 -0.003907 0.999992 0.151563 -0.038568 0.987695 
0.151794 -0.037628 0.987696 -0.000125 -0.000495 1.000000 -0.000894 -0.003896 0.999992 0.151563 -0.038568 0.987695 
0.151796 -0.037628 0.987695 -0.000125 -0.000495 1.000000 -0.000894 -0.003897 0.999992 0.151564 -0.038569 0.987695 
0.151798 -0.037629 0.987695 -0.000126 -0.000499 1.000000 -0.000895 -0.003901 0.999992 0.151566 -0.038569 0.987694 
0.151800 -0.037629 0.987695 -0.000127 -0.000503 1.000000 -0.000895 -0.003904 0.999992 0.151568 -0.038570 0.987694 
0.151802 -0.037630 0.987694 -0.000128 -0.000506 1.000000 -0.000896 -0.003908 0.999992 0.151570 -0.038570 0.987694 
0.151803 -0.037630 0.987694 -0.000129 -0.000510 1.000000 -0.000897 -0.003912 0.999992 0.151572 -0.038570 0.987693 
0.151805 -0.037630 0.987694 -0.000130 -0.000513 1.000000 -0.000898 -0.003915 0.999992 0.151573 -0.038570 0.987693 
0.151806 -0.037630 0.987694 -0.000130 -0.000516 1.000000 -0.000899 -0.003918 0.999992 0.151575 -0.038571 0.987693 
0.151808 -0.037631 0.987693 -0.000131 -0.000518 1.000000 -0.000899 -0.003920 0.999992 0.151576 -0.038571 0.987693 
0.151809 -0.037631 0.987693 -0.000131 -0.000520 1.000000 -0.000900 -0.003922 0.999992 0.151577 -0.038571 0.987693 
0.151810 -0.037631 0.987693 -0.000132 -0.000522 1.000000 -0.000900 -0.003925 0.999992 0.151578 -0.038571 0.987692 
0.151834 -0.037636 0.987689 -0.000132 -0.000524 1.000000 -0.000901 -0.003927 0.999992 0.151602 -0.038577 0.987689 
0.151835 -0.037637 0.987689 -0.000133 -0.000526 1.000000 -0.000901 -0.003929 0.999992 0.151604 -0.038577 0.987688 
0.151837 -0.037637 0.987689 -0.000133 -0.000528 1.000000 -0.000901 -0.003930 0.999992 0.151605 -0.038577 0.987688 
0.151838 -0.037637 0.987689 -0.000134 -0.000529 1.000000 -0.000902 -0.003932 0.999992 0.151606 -0.038578 0.987688 
0.151839 -0.037637 0.987688 -0.000134 -0.000530 1.000000 -0.000902 -0.003933 0.999992 0.151608 -0.038578 0.987688 
0.151841 -0.037638 0.987688 -0.000134 -0.000531 1.000000 -0.000902 -0.003934 0.999992 0.151609 -0.038578 0.987687 
0.151843 -0.037638 0.987688 -0.000134 -0.000532 1.000000 -0.000902 -0.003935 0.999992 0.151611 -0.038579 0.987687 
0.151845 -0.037639 0.987687 -0.000135 -0.000533 1.000000 -0.000903 -0.003936 0.999992 0.151613 -0.038579 0.987687 
0.151847 -0.037639 0.987687 -0.000135 -0.000534 1.000000 -0.000903 -0.003937 0.999992 0.151615 -0.038580 0.987686 
0.151849 -0.037640 0.987687 -0.000135 -0.000534 1.000000 -0.000903 -0.003938 0.999992 0.151618 -0.038580 0.987686 
0.151852 -0.037640 0.987686 -0.000135 -0.000535 1.000000 -0.000903 -0.003938 0.999992 0.151620 -0.038581 0.987686 
0.151857 -0.037641 0.987685 -0.000135 -0.000536 1.000000 -0.000903 -0.003939 0.999992 0.151626 -0.038582 0.987685 
0.151874 -0.037645 0.987683 -0.000135 -0.000536 1.000000 -0.000903 -0.003939 0.999992 0.151643 -0.038586 0.987682 
0.151912 -0.037654 0.987677 -0.000135 -0.000535 1.000000 -0.000904 -0.003940 0.999992 0.151680 -0.038595 0.987676 
0.151981 -0.037671 0.987665 -0.000135 -0.000533 1.000000 -0.000903 -0.003939 0.999992 0.151749 -0.038613 0.987665 
0.152089 -0.037697 0.987648 -0.000134 -0.000531 1.000000 -0.000904 -0.003940 0.999992 0.151857 -0.038640 0.987647 
0.152235 -0.037733 0.987624 -0.000134 -0.000529 1.000000 -0.000904 -0.003941 0.999992 0.152003 -0.038677 0.987623 
0.152418 -0.037778 0.987594 -0.000133 -0.000527 1.000000 -0.000904 -0.003943 0.999992 0.152185 -0.038723 0.987593 
0.152629 -0.037830 0.987559 -0.000133 -0.000525 1.000000 -0.000905 -0.003946 0.999992 0.152397 -0.038776 0.987558 
0.152861 -0.037887 0.987521 -0.000133 -0.000525 1.000000 -0.000906 -0.003950 0.999992 0.152627 -0.038834 0.987521 
0.153102 -0.037947 0.987482 -0.000132 -0.000524 1.000000 -0.000907 -0.003956 0.999992 0.152868 -0.038895 0.987481 
0.153343 -0.038006 0.987442 -0.000133 -0.000525 1.000000 -0.000909 -0.003962 0.999992 0.153109 -0.038956 0.987441 
0.153574 -0.038063 0.987404 -0.000133 -0.000526 1.000000 -0.000910 -0.003968 0.999992 0.153340 -0.039015 0.987403 
0.153790 -0.038116 0.987368 -0.000133 -0.000528 1.000000 -0.000911 -0.003975 0.999992 0.153556 -0.039069 0.987367 
0.153986 -0.038164 0.987336 -0.000134 -0.000530 1.000000 -0.000913 -0.003981 0.999992 0.153752 -0.039118 0.987335 
0.154161 -0.038207 0.987307 -0.000134 -0.000532 1.000000 -0.000914 -0.003987 0.999992 0.153926 -0.039162 0.987306 
0.154314 -0.038245 0.987281 -0.000135 -0.000534 1.000000 -0.000916 -0.003992 0.999992 0.154079 -0.039201 0.987281 
0.154449 -0.038278 0.987259 -0.000135 -0.000536 1.000000 -0.000917 -0.003997 0.999992 0.154213 -0.039235 0.987258 
0.154570 -0.038307 0.987239 -0.000136 -0.000537 1.000000 -0.000918 -0.004001 0.999992 0.154334 -0.039265 0.987238 
0.154682 -0.038334 0.987220 -0.000136 -0.000538 1.000000 -0.000918 -0.004005 0.999992 0.154446 -0.039293 0.987220 
0.154789 -0.038361 0.987202 -0.000136 -0.000539 1.000000 -0.000919 -0.004008 0.999992 0.154553 -0.039320 0.987202 
0.154898 -0.038387 0.987184 -0.000136 -0.000539 1.000000 -0.000920 -0.004010 0.999992 0.154662 -0.039347 0.987184 
0.155012 -0.038415 0.987165 -0.000136 -0.000539 1.000000 -0.000920 -0.004013 0.999992 0.154775 -0.039376 0.987165 
0.155133 -0.038445 0.987145 -0.000136 -0.000538 1.000000 -0.000921 -0.004015 0.999992 0.154896 -0.039406 0.987145 
0.155255 -0.038475 0.987125 -0.000136 -0.000538 1.000000 -0.000921 -0.004017 0.999992 0.155018 -0.039437 0.987124 
0.155381 -0.038505 0.987104 -0.000136 -0.000537 1.000000 -0.000922 -0.004019 0.999991 0.155144 -0.039469 0.987103 
0.155516 -0.038539 0.987081 -0.000135 -0.000536 1.000000 -0.000922 -0.004022 0.999991 0.155279 -0.039503 0.987081 
0.155664 -0.038575 0.987057 -0.000135 -0.000535 1.000000 -0.000923 -0.004024 0.999991 0.155427 -0.039540 0.987056 
0.155825 -0.038614 0.987030 -0.000135 -0.000535 1.000000 -0.000923 -0.004027 0.999991 0.155587 -0.039580 0.987029 
0.155997 -0.038657 0.987001 -0.000135 -0.000534 1.000000 -0.000924 -0.004030 0.999991 0.155759 -0.039624 0.987000 
0.156180 -0.038701 0.986970 -0.000135 -0.000533 1.000000 -0.000925 -0.004033 0.999991 0.155941 -0.039670 0.986969 
0.156369 -0.038748 0.986938 -0.000135 -0.000533 1.000000 -0.000926 -0.004037 0.999991 0.156130 -0.039717 0.986938 
0.156563 -0.038795 0.986906 -0.000135 -0.000533 1.000000 -0.000927 -0.004042 0.999991 0.156324 -0.039766 0.986905 
0.156757 -0.038843 0.986873 -0.000135 -0.000534 1.000000 -0.000928 -0.004047 0.999991 0.156518 -0.039815 0.986872 
0.156950 -0.038890 0.986841 -0.000135 -0.000534 1.000000 -0.000929 -0.004052 0.999991 0.156710 -0.039863 0.986840 
0.157137 -0.038936 0.986809 -0.000135 -0.000535 1.000000 -0.000930 -0.004057 0.999991 0.156897 -0.039911 0.986808 
0.157316 -0.038980 0.986779 -0.000135 -0.000536 1.000000 -0.000931 -0.004062 0.999991 0.157076 -0.039956 0.986778 
0.157487 -0.039022 0.986750 -0.000136 -0.000537 1.000000 -0.000932 -0.004067 0.999991 0.157247 -0.039999 0.986749 
0.157647 -0.039061 0.986723 -0.000136 -0.000539 1.000000 -0.000934 -0.004072 0.999991 0.157406 -0.040039 0.986722 
0.157796 -0.039098 0.986697 -0.000136 -0.000540 1.000000 -0.000935 -0.004076 0.999991 0.157556 -0.040076 0.986697 
0.157935 -0.039132 0.986674 -0.000137 -0.000541 1.000000 -0.000936 -0.004081 0.999991 0.157694 -0.040111 0.986673 
0.158065 -0.039163 0.986652 -0.000137 -0.000542 1.000000 -0.000936 -0.004084 0.999991 0.157824 -0.040144 0.986651 
0.158187 -0.039193 0.986631 -0.000137 -0.000543 1.000000 -0.000937 -0.004088 0.999991 0.157946 -0.040174 0.986630 
0.158303 -0.039221 0.986611 -0.000137 -0.000544 1.000000 -0.000938 -0.004091 0.999991 0.158062 -0.040203 0.986610 
0.158416 -0.039249 0.986592 -0.000137 -0.000544 1.000000 -0.000939 -0.004094 0.999991 0.158174 -0.040231 0.986591 
0.158526 -0.039276 0.986573 -0.000137 -0.000544 1.000000 -0.000939 -0.004097 0.999991 0.158284 -0.040259 0.986572 
0.158638 -0.039303 0.986554 -0.000137 -0.000544 1.000000 -0.000940 -0.004099 0.999991 0.158396 -0.040287 0.986553 
0.158752 -0.039331 0.986535 -0.000137 -0.000544 1.000000 -0.000940 -0.004102 0.999991 0.158509 -0.040315 0.986534 
0.158869 -0.039359 0.986515 -0.000137 -0.000544 1.000000 -0.000941 -0.004104 0.999991 0.158627 -0.040345 0.986514 
0.158992 -0.039389 0.986494 -0.000137 -0.000544 1.000000 -0.000941 -0.004107 0.999991 0.158749 -0.040375 0.986493 
0.159120 -0.039420 0.986472 -0.000137 -0.000543 1.000000 -0.000942 -0.004109 0.999991 0.158877 -0.040407 0.986471 
0.159253 -0.039453 0.986449 -0.000137 -0.000543 1.000000 -0.000943 -0.004112 0.999991 0.159010 -0.040441 0.986448 
0.159392 -0.039487 0.986425 -0.000137 -0.000543 1.000000 -0.000943 -0.004115 0.999991 0.159148 -0.040476 0.986425 
0.159535 -0.039522 0.986401 -0.000137 -0.000542 1.000000 -0.000944 -0.004118 0.999991 0.159291 -0.040511 0.986400 
0.159681 -0.039557 0.986376 -0.000137 -0.000542 1.000000 -0.000945 -0.004121 0.999991 0.159437 -0.040548 0.986375 
0.159828 -0.039594 0.986350 -0.000137 -0.000542 1.000000 -0.000945 -0.004124 0.999991 0.159584 -0.040585 0.986350 
0.159977 -0.039630 0.986325 -0.000137 -0.000543 1.000000 -0.000946 -0.004128 0.999991 0.159733 -0.040622 0.986324 
0.160124 -0.039666 0.986300 -0.000137 -0.000543 1.000000 -0.000947 -0.004131 0.999991 0.159879 -0.040659 0.986299 
0.160269 -0.039701 0.986275 -0.000137 -0.000543 1.000000 -0.000948 -0.004135 0.999991 0.160024 -0.040695 0.986274 
0.160411 -0.039736 0.986250 -0.000137 -0.000544 1.000000 -0.000949 -0.004139 0.999991 0.160166 -0.040731 0.986249 
0.160549 -0.039769 0.986226 -0.000137 -0.000544 1.000000 -0.000950 -0.004142 0.999991 0.160303 -0.040765 0.986226 
0.160681 -0.039802 0.986203 -0.000138 -0.000545 1.000000 -0.000950 -0.004146 0.999991 0.160436 -0.040799 0.986203 
0.160809 -0.039833 0.986181 -0.000138 -0.000545 1.000000 -0.000951 -0.004149 0.999991 0.160564 -0.040831 0.986181 
0.160931 -0.039863 0.986160 -0.000138 -0.000546 1.000000 -0.000952 -0.004153 0.999991 0.160686 -0.040861 0.986159 
0.161048 -0.039891 0.986140 -0.000138 -0.000547 1.000000 -0.000953 -0.004156 0.999991 0.160803 -0.040890 0.986139 
0.161161 -0.039918 0.986121 -0.000138 -0.000547 1.000000 -0.000953 -0.004159 0.999991 0.160915 -0.040918 0.986120 
0.161270 -0.039945 0.986102 -0.000138 -0.000548 1.000000 -0.000954 -0.004162 0.999991 0.161023 -0.040945 0.986101 
0.161376 -0.039970 0.986083 -0.000138 -0.000548 1.000000 -0.000955 -0.004165 0.999991 0.161129 -0.040972 0.986082 
0.161480 -0.039996 0.986065 -0.000139 -0.000549 1.000000 -0.000955 -0.004167 0.999991 0.161234 -0.040998 0.986064 
0.161584 -0.040021 0.986047 -0.000139 -0.000549 1.000000 -0.000956 -0.004170 0.999991 0.161338 -0.041024 0.986046 
0.161689 -0.040046 0.986029 -0.000139 -0.000549 1.000000 -0.000956 -0.004172 0.999991 0.161442 -0.041050 0.986028 
0.161795 -0.040072 0.986010 -0.000139 -0.000549 1.000000 -0.000957 -0.004175 0.999991 0.161548 -0.041076 0.986010 
0.161903 -0.040098 0.985992 -0.000139 -0.000549 1.000000 -0.000957 -0.004177 0.999991 0.161656 -0.041103 0.985991 
0.162013 -0.040125 0.985972 -0.000139 -0.000549 1.000000 -0.000958 -0.004179 0.999991 0.161766 -0.041130 0.985972 
