2.731507 2.859649 0.004271 2.800522 2.763238 0.003988 2.663149 2.760535 0.004777 2.733380 2.643943 0.004511 
2.730062 2.859773 0.004509 2.800331 2.765050 0.003856 2.662949 2.762326 0.004875 2.731940 2.644096 0.004200 
2.730712 2.859787 0.004547 2.800339 2.764372 0.003959 2.662961 2.761644 0.004882 2.732606 2.644096 0.004267 
2.731529 2.859805 0.004581 2.800347 2.763722 0.004053 2.662973 2.760990 0.004889 2.733437 2.644095 0.004327 
2.731831 2.859818 0.004589 2.800157 2.766127 0.003735 2.662769 2.763350 0.004606 2.733745 2.644100 0.003622 
2.732976 2.859878 0.004633 2.800132 2.766359 0.003759 2.662743 2.763554 0.004579 2.734919 2.644134 0.003546 
2.734710 2.859964 0.004687 2.800117 2.766930 0.003779 2.662725 2.764105 0.004516 2.736656 2.644183 0.003403 
2.736794 2.860013 0.004704 2.800127 2.766158 0.003882 2.662740 2.763321 0.004557 2.738757 2.644184 0.003536 
2.738714 2.860106 0.004750 2.800073 2.766387 0.003833 2.662685 2.763545 0.004561 2.740662 2.644235 0.003394 
2.738703 2.860113 0.004623 2.799913 2.765502 0.003503 2.662532 2.762757 0.004706 2.740511 2.644238 0.003291 
2.742760 2.860208 0.004630 2.799951 2.763876 0.003627 2.662578 2.761152 0.004742 2.744535 2.644242 0.003421 
2.746389 2.860294 0.004709 2.800004 2.761900 0.003739 2.662645 2.759183 0.004956 2.748163 2.644247 0.003617 
2.749202 2.860354 0.004817 2.800040 2.760075 0.003842 2.662693 2.757342 0.005251 2.751016 2.644243 0.003831 
2.753275 2.860439 0.004818 2.800065 2.758378 0.003940 2.662729 2.755621 0.005297 2.755127 2.644237 0.003927 
2.757721 2.860531 0.004789 2.800088 2.756642 0.004028 2.662763 2.753857 0.005258 2.759613 2.644230 0.003985 
2.762117 2.860622 0.004767 2.800111 2.754992 0.004110 2.662795 2.752182 0.005224 2.764047 2.644223 0.004041 
2.767473 2.860733 0.004773 2.800250 2.753458 0.004250 2.662943 2.750594 0.005097 2.769473 2.644216 0.004117 
2.768423 2.861004 0.004907 2.799865 2.755837 0.003845 2.662551 2.752869 0.005152 2.770515 2.644462 0.003327 
2.773116 2.861107 0.004867 2.799890 2.754123 0.003937 2.662585 2.751127 0.005120 2.775249 2.644460 0.003440 
2.777860 2.861210 0.004836 2.799910 2.752707 0.004024 2.662614 2.749683 0.005096 2.780025 2.644457 0.003547 
2.782663 2.861315 0.004810 2.799927 2.751495 0.004104 2.662638 2.748442 0.005075 2.784857 2.644453 0.003646 
2.786769 2.861402 0.004735 2.799870 2.751096 0.004035 2.662585 2.748007 0.005048 2.788989 2.644448 0.003535 
2.789737 2.861360 0.004380 2.799724 2.748836 0.003933 2.662456 2.745656 0.005201 2.792120 2.644333 0.003675 
2.795267 2.861479 0.004372 2.799737 2.748372 0.004024 2.662472 2.745158 0.005173 2.797663 2.644328 0.003755 
2.798430 2.861623 0.004262 2.799507 2.750076 0.003716 2.662235 2.746843 0.005185 2.800782 2.644399 0.003197 
2.804560 2.861758 0.004267 2.799506 2.749881 0.003832 2.662235 2.746610 0.005164 2.806918 2.644397 0.003303 
2.810857 2.861897 0.004275 2.799501 2.749886 0.003938 2.662230 2.746578 0.005147 2.813216 2.644395 0.003403 
2.817380 2.862041 0.004286 2.799493 2.750160 0.004035 2.662220 2.746812 0.005133 2.819734 2.644392 0.003497 
2.824147 2.862189 0.004299 2.799482 2.750628 0.004122 2.662206 2.747239 0.005120 2.826491 2.644390 0.003584 
2.829742 2.862261 0.003971 2.799386 2.750310 0.004060 2.662115 2.746843 0.005220 2.832163 2.644334 0.003623 
2.836164 2.862506 0.003937 2.799280 2.752065 0.004032 2.662004 2.748423 0.005261 2.838760 2.644434 0.003445 
2.842523 2.862641 0.003863 2.799142 2.754199 0.004029 2.661855 2.750545 0.005440 2.845027 2.644425 0.003269 
2.847110 2.862747 0.003667 2.799120 2.756411 0.004118 2.661827 2.752728 0.006095 2.849564 2.644429 0.003133 
2.848676 2.862784 0.003250 2.799107 2.759232 0.004200 2.661819 2.755540 0.007368 2.851064 2.644431 0.002782 
2.848573 2.862768 0.002709 2.799089 2.762552 0.004275 2.661825 2.758900 0.009022 2.850821 2.644418 0.002311 
2.847825 2.862732 0.002120 2.799069 2.766265 0.004344 2.661855 2.762674 0.010880 2.849901 2.644399 0.001794 
2.846823 2.862710 0.001517 2.799065 2.770149 0.004405 2.661932 2.766566 0.012853 2.848811 2.644400 0.001265 
2.835476 2.862730 0.001215 2.799689 2.773600 0.004452 2.662841 2.769043 0.016592 2.839053 2.644693 0.001054 
2.824190 2.862798 0.001564 2.801708 2.775906 0.004501 2.665342 2.768037 0.020067 2.833116 2.645165 0.001490 
2.822035 2.862988 0.001427 2.802317 2.779615 0.004552 2.666295 2.769881 0.022138 2.833897 2.645535 0.001426 
2.820946 2.863064 0.001225 2.802518 2.784330 0.004589 2.666808 2.773742 0.024201 2.834111 2.645710 0.001303 
2.825671 2.863419 0.000297 2.802212 2.789284 0.004620 2.666657 2.778678 0.025472 2.838736 2.645954 0.000447 
2.822585 2.863203 0.000262 2.802045 2.793626 0.004649 2.666928 2.782990 0.028311 2.835690 2.645811 0.000507 
2.822345 2.863056 -0.000157 2.801498 2.797985 0.004702 2.666771 2.788092 0.030928 2.834239 2.645601 0.000282 
2.821961 2.862662 -0.000598 2.800488 2.801356 0.004972 2.666202 2.793613 0.034127 2.830570 2.645066 0.000829 
2.821575 2.862420 -0.001151 2.799679 2.803817 0.005189 2.666022 2.797728 0.037524 2.827761 2.644755 0.001297 
2.819760 2.862232 -0.001315 2.799479 2.805860 0.005369 2.666720 2.800566 0.041387 2.824938 2.644594 0.001915 
2.819800 2.862273 -0.001933 2.799724 2.806224 0.005540 2.668007 2.800820 0.045191 2.825490 2.644657 0.001997 
2.818447 2.862086 -0.002311 2.799256 2.806745 0.005826 2.668855 2.802725 0.049770 2.822470 2.644487 0.002972 
2.817531 2.861897 -0.002703 2.799057 2.806668 0.006178 2.670235 2.803953 0.054644 2.820124 2.644335 0.003982 
2.815801 2.861729 -0.002764 2.798934 2.806557 0.006533 2.672066 2.805074 0.059951 2.817199 2.644243 0.005330 
2.814055 2.861679 -0.002716 2.799129 2.806314 0.006765 2.674574 2.805288 0.065379 2.815471 2.644268 0.006287 
2.811748 2.861661 -0.002407 2.799119 2.805919 0.007014 2.677329 2.805526 0.071179 2.813087 2.644348 0.007685 
3.227980 2.653396 -0.023892 2.808219 2.861475 -0.001177 2.945495 2.659880 0.005060 2.681048 2.800796 0.077772 2.782491 2.507772 0.033553 2.677538 2.658690 0.088385 
3.243401 2.657444 -0.029171 2.684992 2.785487 0.087028 2.803855 2.853246 0.001178 2.783190 2.513501 0.037246 2.673317 2.664599 0.107737 2.950025 2.650384 0.006629 2.956184 2.641983 0.006218 
3.247925 2.652796 -0.038491 2.689144 2.764181 0.097825 2.720224 2.599566 0.104769 2.802421 2.838905 0.002065 2.954495 2.652212 0.006899 2.977770 2.620175 0.006580 
2.696751 2.742793 0.109972 3.247933 2.645203 -0.049131 2.724714 2.597284 0.121611 2.804831 2.824468 0.002748 2.959159 2.653620 0.007368 3.001581 2.599728 0.007314 
2.710616 2.734655 0.119403 3.244226 2.638751 -0.061264 2.732800 2.603683 0.136049 2.815180 2.817912 0.002565 2.962120 2.654842 0.008781 3.014959 2.588387 0.009003 
3.235522 2.632243 -0.074542 2.729207 2.741965 0.125635 2.830441 2.822407 0.002723 2.796965 2.535683 0.085854 2.699510 2.690853 0.183755 2.963878 2.653932 0.010928 3.008938 2.592020 0.011148 
3.220989 2.624217 -0.087315 2.847908 2.833355 0.002698 2.750884 2.756364 0.130203 2.964764 2.653849 0.013730 2.993471 2.608910 0.013469 2.804134 2.538429 0.104991 2.716694 2.733707 0.194535 
3.198775 2.612477 -0.096564 2.863437 2.846845 0.003960 2.977711 2.644354 0.006499 2.773476 2.770975 0.135521 2.813191 2.544271 0.127683 2.742818 2.771787 0.195119 
3.177898 2.601067 -0.101223 2.877160 2.859603 0.005542 2.977771 2.663915 0.007013 2.795192 2.784849 0.141718 2.826566 2.550841 0.149672 2.771022 2.796174 0.192474 
3.174467 2.598331 -0.107631 2.890268 2.869236 0.006514 2.985916 2.675232 0.007264 2.845539 2.558798 0.164596 2.816518 2.797184 0.147993 2.796615 2.812509 0.195463 
3.172505 2.596140 -0.114158 2.899010 2.872749 0.008870 2.995947 2.676915 0.007682 2.865954 2.567457 0.178489 2.836951 2.800241 0.156751 2.820297 2.825025 0.202985 
3.167614 2.593526 -0.119332 2.887779 2.576803 0.192528 2.906230 2.874087 0.012090 3.005707 2.675660 0.008268 2.858236 2.799433 0.166815 2.844581 2.838464 0.210948 
3.164196 2.592307 -0.123844 2.912242 2.589064 0.205407 2.915940 2.875347 0.014516 3.017364 2.674477 0.008889 2.882366 2.800013 0.176242 2.871386 2.853676 0.217740 
3.162164 2.600106 -0.127396 2.906434 2.821436 0.158606 2.943777 2.597929 0.220735 2.930978 2.879611 0.021890 3.031933 2.679114 0.011912 
3.140001 2.620109 -0.118558 2.930169 2.816107 0.180033 2.981295 2.557565 0.240965 2.949137 2.895130 0.032291 3.031169 2.710367 0.018747 
3.136936 2.625952 -0.108109 2.955430 2.799317 0.195976 3.015752 2.531622 0.249180 2.968348 2.894631 0.042083 3.042132 2.718878 0.026531 
3.143664 2.630250 -0.103007 2.977871 2.779710 0.209019 3.046115 2.509546 0.249891 2.985710 2.885257 0.051652 3.057610 2.712991 0.033841 
3.159277 2.629994 -0.104052 2.994841 2.759323 0.217725 3.069267 2.492783 0.245327 3.000109 2.867997 0.056943 3.076947 2.692428 0.037683 
3.172433 2.633063 -0.102035 3.011598 2.744594 0.229448 3.089266 2.482661 0.245030 3.013921 2.856470 0.066642 3.094549 2.678091 0.044148 
3.181636 2.637634 -0.095055 3.027441 2.737195 0.244693 3.106575 2.475517 0.250445 3.026832 2.852671 0.080620 3.108025 2.672731 0.055183 
3.185724 2.642427 -0.082132 3.041548 2.733721 0.265844 3.121259 2.469050 0.261521 3.037034 2.853654 0.101745 3.116627 2.672964 0.072530 
3.121243 2.675988 0.096057 3.184672 2.648872 -0.063306 3.132654 2.464480 0.277988 3.053854 2.732284 0.293346 
3.122535 2.684673 0.124659 3.178230 2.659759 -0.037216 3.142199 2.461785 0.298270 3.066000 2.730964 0.325060 
3.122285 2.698261 0.153165 3.169049 2.678309 -0.011633 3.150420 2.459074 0.313001 3.057232 2.874382 0.203400 3.078166 2.730818 0.355536 
3.124100 2.710049 0.175334 3.163913 2.698959 0.004322 3.156356 2.457915 0.316378 3.064572 2.882572 0.238751 3.089967 2.729140 0.380678 
3.129682 2.718894 0.183083 3.165860 2.718892 0.006003 3.161896 2.456845 0.304243 3.073780 2.888260 0.259121 3.100804 2.726788 0.391106 
3.137964 2.727020 0.176608 3.173236 2.739146 -0.003230 3.167417 2.457508 0.280651 3.084578 2.894159 0.259503 3.110017 2.725500 0.385806 
3.148002 2.736048 0.156881 3.185031 2.760494 -0.022773 3.172626 2.461372 0.247052 3.096019 2.902566 0.242440 3.117253 2.726856 0.366243 
3.158785 2.745308 0.127774 3.200870 2.785407 -0.051173 3.176112 2.466468 0.203188 3.107917 2.912507 0.210449 3.120992 2.733003 0.337854 
3.165087 2.750104 0.110437 3.208666 2.808649 -0.062733 3.176953 2.471205 0.174239 3.115662 2.917323 0.193864 3.123567 2.733584 0.322001 
3.166676 2.751282 0.114196 3.207454 2.822569 -0.053940 3.176083 2.472958 0.169253 3.120185 2.917394 0.202058 3.127692 2.727331 0.326386 
3.166873 2.752952 0.126726 3.204867 2.834195 -0.041927 3.174272 2.473582 0.167131 3.123609 2.915390 0.226354 3.133091 2.717549 0.339471 
3.168579 2.751205 0.136341 3.205916 2.839647 -0.034935 3.174203 2.470128 0.161598 3.127039 2.908524 0.246176 3.137763 2.710288 0.350990 
3.170292 2.748821 0.150614 3.204951 2.834208 -0.023912 3.176842 2.464166 0.168349 3.131145 2.903082 0.265118 3.143779 2.704132 0.363790 
3.172908 2.748905 0.167427 3.203389 2.829167 -0.006440 3.181151 2.459953 0.183313 3.137310 2.902747 0.279884 3.150921 2.701239 0.376672 
3.143714 2.903680 0.291828 3.967389 2.833953 0.281701 3.157861 2.700303 0.388896 3.184864 2.459971 0.199679 4.920059 2.756501 0.186859 4.022566 2.584406 0.134865 
3.971943 2.829313 0.293848 4.910676 2.724906 0.188665 4.024488 2.580165 0.149347 3.187964 2.461265 0.211515 3.149571 2.903988 0.303342 3.164631 2.699826 0.400749 
4.900412 2.690784 0.194376 4.025070 2.571643 0.163232 3.974913 2.822023 0.306129 4.029748 2.821555 0.469187 3.162981 2.788937 0.337789 3.190259 2.463614 0.225207 
4.880582 2.651798 0.184076 4.023705 2.563831 0.168281 3.973456 2.818266 0.306927 4.026681 2.861640 0.461790 3.164075 2.794620 0.337823 3.191253 2.465930 0.231646 
4.871926 2.639412 0.182399 4.022551 2.563143 0.169146 3.971127 2.821548 0.302070 4.027624 2.880691 0.461996 3.162052 2.801643 0.328682 3.190013 2.469217 0.229196 
4.872231 2.645428 0.190649 4.021374 2.567806 0.168848 3.968465 2.828712 0.295622 4.025262 2.886342 0.462656 3.187029 2.473726 0.219736 3.150921 2.926188 0.281526 3.162427 2.728082 0.392661 
3.147018 2.931246 0.265987 3.155989 2.734635 0.381565 3.182481 2.479566 0.210519 4.877554 2.663722 0.204185 4.019448 2.575884 0.169226 4.020153 2.883330 0.462892 3.965792 2.836835 0.291740 
3.144020 2.936553 0.255637 3.150822 2.741077 0.373847 3.177762 2.487066 0.204529 4.883166 2.684536 0.218348 4.016991 2.584762 0.170473 4.015310 2.877214 0.464383 3.963272 2.845291 0.290394 
3.141679 2.941847 0.247462 3.146580 2.747231 0.367528 3.173799 2.493227 0.199264 4.886524 2.701194 0.231388 4.014740 2.591714 0.172091 4.010964 2.872758 0.465754 3.960835 2.852518 0.290148 
3.139661 2.946662 0.239869 3.142903 2.752684 0.361690 3.170782 2.497250 0.194917 4.886842 2.709953 0.242187 4.012698 2.595651 0.174203 4.007026 2.872351 0.466845 3.958344 2.857589 0.290096 
3.137833 2.950607 0.232467 3.139615 2.757427 0.356033 3.168390 2.500260 0.191313 4.884633 2.711055 0.250776 4.010666 2.597351 0.176659 4.003488 2.876299 0.467877 3.955822 2.860565 0.290011 
3.136039 2.953779 0.225403 3.136530 2.761583 0.350580 3.166251 2.503034 0.188286 4.881589 2.709369 0.258840 4.008619 2.598168 0.179430 4.000076 2.881406 0.468874 3.953336 2.862444 0.290089 
3.134322 2.956832 0.218558 3.133559 2.765582 0.345249 3.164177 2.505703 0.185445 4.878393 2.707348 0.266773 4.006558 2.598827 0.182237 3.996717 2.886541 0.469803 3.950875 2.864161 0.290227 
3.132703 2.959943 0.211669 3.130643 2.769670 0.339881 3.162103 2.508406 0.182522 4.875417 2.706262 0.274993 4.004523 2.599739 0.185038 3.993253 2.891177 0.470494 3.948468 2.866114 0.290373 
3.131168 2.963145 0.204701 3.127752 2.773922 0.334449 3.159975 2.511304 0.179514 4.872749 2.706506 0.283709 4.002488 2.601070 0.187889 3.989585 2.895166 0.470915 3.946102 2.868423 0.290574 
3.129673 2.966386 0.197646 3.124869 2.778264 0.328932 3.157810 2.514328 0.176500 4.870079 2.707218 0.292692 4.000401 2.602582 0.190819 3.985807 2.899076 0.471219 3.943716 2.870888 0.290799 
3.128247 2.969499 0.190702 3.122166 2.782400 0.324027 3.155878 2.516781 0.176105 4.867307 2.708096 0.301814 3.998289 2.603811 0.194963 3.981926 2.903110 0.471341 3.941336 2.873402 0.291080 
3.127005 2.972124 0.184570 3.119925 2.786180 0.320295 3.154350 2.518843 0.178333 4.864690 2.709463 0.310599 3.996421 2.604944 0.200139 3.978204 2.907433 0.471013 3.939218 2.875921 0.291590 
3.126053 2.974284 0.179753 3.118277 2.789889 0.317635 3.153305 2.520949 0.180401 4.862491 2.711599 0.318809 3.995053 2.606546 0.205138 3.975047 2.912435 0.470501 3.937547 2.878652 0.292524 
3.125358 2.976325 0.176058 3.117105 2.793867 0.315963 3.152573 2.523349 0.182598 4.860758 2.714619 0.326373 3.994099 2.608616 0.209985 3.972441 2.917820 0.469858 3.936283 2.881729 0.293708 
3.124725 2.978749 0.172278 3.115960 2.798356 0.314377 3.151842 2.525945 0.184797 4.859161 2.718205 0.333366 3.993222 2.611065 0.214659 3.970198 2.923834 0.469315 3.935112 2.885338 0.294559 
4.857660 2.722561 0.340131 3.992385 2.613977 0.219294 3.124120 2.981428 0.168292 3.114813 2.803224 0.312774 3.151115 2.528740 0.187009 3.968158 2.930547 0.468797 3.933971 2.889489 0.295166 
4.856206 2.727858 0.346800 3.991495 2.617420 0.223926 3.123507 2.984438 0.163996 3.113591 2.808437 0.311047 3.150322 2.531715 0.189268 3.966202 2.937936 0.468385 3.932758 2.894291 0.295524 
4.854627 2.733801 0.353852 3.990513 2.621273 0.228834 3.122842 2.987526 0.159129 3.112245 2.813982 0.308981 3.149462 2.534956 0.191627 3.964121 2.945981 0.467836 3.931443 2.899492 0.295710 
4.852840 2.740459 0.361510 3.989390 2.625597 0.234157 3.122091 2.990637 0.153587 3.110734 2.819877 0.306487 3.148499 2.538549 0.194149 3.961804 2.954742 0.467068 3.929976 2.905106 0.295757 
4.850777 2.748002 0.369867 3.988068 2.630493 0.239953 3.121247 2.993841 0.147258 3.109023 2.826229 0.303479 3.147383 2.542589 0.196892 3.959184 2.964359 0.466036 3.928305 2.911253 0.295634 
4.848363 2.756516 0.378928 3.986498 2.636032 0.246249 3.120314 2.997226 0.139927 3.107066 2.833186 0.299797 3.146077 2.547127 0.199845 3.956211 2.974914 0.464669 3.926390 2.918036 0.295216 
4.845611 2.766193 0.388686 3.984701 2.642347 0.253058 3.119355 3.000797 0.131501 3.104903 2.840868 0.295388 3.144595 2.552254 0.202997 3.952928 2.986604 0.462860 3.924266 2.925559 0.294438 
4.842483 2.777305 0.399198 3.982647 2.649595 0.260424 3.118362 3.004552 0.122002 3.102531 2.849328 0.290235 3.142913 2.558070 0.206357 3.949291 2.999553 0.460474 3.921913 2.933941 0.293306 
4.838921 2.790134 0.410530 3.980295 2.657961 0.268383 3.117344 3.008487 0.111337 3.099935 2.858649 0.284236 3.141001 2.564679 0.209889 3.945262 3.013947 0.457391 3.919301 2.943315 0.291775 
4.834834 2.804927 0.422981 3.977598 2.667642 0.277086 3.116362 3.012498 0.099596 3.097135 2.868856 0.277405 3.138822 2.572266 0.213602 3.940780 3.029891 0.453652 3.916402 2.953755 0.290017 
4.830152 2.822212 0.436495 3.974461 2.678786 0.286448 3.115355 3.016511 0.086588 3.094095 2.879841 0.269474 3.136352 2.580741 0.217349 3.935669 3.047203 0.448843 3.913132 2.965355 0.287844 
4.825720 2.843122 0.451359 3.970727 2.691765 0.296238 3.114190 3.021135 0.072565 3.090565 2.891207 0.260063 3.133091 2.590508 0.221301 3.930671 3.065535 0.447400 3.909480 2.978704 0.285081 
4.820686 2.871556 0.472760 3.964993 2.703423 0.308143 3.113486 3.027324 0.056707 3.085953 2.902735 0.248427 3.128067 2.597957 0.224426 3.920361 3.069772 0.450548 3.903878 2.992073 0.284720 
4.809001 2.893872 0.497881 3.956577 2.712320 0.322282 3.110185 3.030205 0.044897 3.080650 2.911366 0.237880 3.121607 2.605813 0.228438 3.904701 3.067339 0.442764 3.895766 3.000964 0.288334 
4.793602 2.904301 0.522443 3.947698 2.718186 0.336060 3.106986 3.030794 0.033935 3.075966 2.915549 0.227900 3.116205 2.612878 0.232060 3.890229 3.067850 0.430559 3.887314 3.005627 0.292929 
4.780971 2.911226 0.543642 3.941138 2.722386 0.346725 3.106079 3.028642 0.020903 3.072591 2.915873 0.217308 3.113648 2.613406 0.232409 3.880471 3.073269 0.423487 3.880943 3.008630 0.295344 
4.771789 2.915898 0.559561 3.936721 2.725288 0.354301 3.104311 3.027445 0.014823 3.069804 2.913983 0.212637 3.112378 2.611402 0.231950 3.874185 3.079941 0.420222 3.875969 3.011207 0.299367 
4.766096 2.919197 0.569372 3.933936 2.727979 0.359368 3.103014 3.026983 0.013814 3.068294 2.913976 0.211719 3.111310 2.612110 0.232182 3.870639 3.084720 0.418009 3.872889 3.013381 0.303191 
4.764496 2.922314 0.572854 3.932858 2.729980 0.361578 3.102318 3.027745 0.014570 3.067542 2.915629 0.212275 3.110325 2.614016 0.232683 3.869411 3.086530 0.417866 3.871819 3.015237 0.305014 
4.765433 2.922221 0.571370 3.933106 2.730351 0.361332 3.102115 3.029687 0.016118 3.067424 2.917844 0.213567 3.109721 2.615637 0.233049 3.870116 3.087064 0.418536 3.872234 3.016141 0.305116 
4.768232 2.918243 0.565743 3.934486 2.728830 0.358886 3.102590 3.031775 0.017630 3.068052 2.919604 0.214908 3.109784 2.616369 0.233244 3.872496 3.086585 0.419679 3.873916 3.015518 0.303438 
4.772335 2.911506 0.556799 3.936738 2.725512 0.354348 3.103422 3.033638 0.019776 3.069355 2.920163 0.216651 3.110573 2.615505 0.233163 3.875924 3.084319 0.420949 3.876347 3.013477 0.300675 
4.777313 2.902087 0.545349 3.939899 2.720321 0.348095 3.104109 3.034456 0.024056 3.071299 2.918310 0.219999 3.112442 2.612652 0.232673 3.880199 3.079737 0.421184 3.879324 3.009481 0.298197 
4.783691 2.890170 0.531156 3.943911 2.715411 0.340563 3.104744 3.033063 0.029094 3.073040 2.915231 0.224613 3.114900 2.609317 0.231361 3.886807 3.080322 0.425401 3.883121 3.004666 0.295117 
4.789549 2.879135 0.518021 3.947511 2.712083 0.333986 3.104952 3.032770 0.036613 3.074764 2.914453 0.230698 3.116728 2.608831 0.230324 3.893840 3.082636 0.430211 3.886740 3.001057 0.293509 
4.794454 2.871752 0.507317 3.950277 2.710112 0.328480 3.105389 3.034578 0.044796 3.076634 2.915496 0.237137 3.117997 2.610029 0.229456 3.899241 3.082118 0.432735 3.889755 2.999110 0.293402 
4.798895 2.867697 0.498329 3.952101 2.709742 0.323740 3.105838 3.036873 0.051943 3.078195 2.917211 0.242703 3.118396 2.613238 0.229043 3.903445 3.080474 0.434838 3.892253 2.998274 0.293379 
4.802118 2.864955 0.492180 3.953049 2.709552 0.320399 3.106295 3.038927 0.056637 3.079248 2.918764 0.246295 3.118303 2.616225 0.228910 3.906326 3.078481 0.437306 3.893940 2.997725 0.293216 
4.803508 2.862527 0.488833 3.953416 2.709200 0.318649 3.106597 3.039977 0.058415 3.079702 2.919700 0.247679 3.118138 2.617929 0.228823 3.907851 3.077536 0.438283 3.894819 2.997104 0.292780 
4.803642 2.861820 0.488293 3.953391 2.709079 0.318375 3.106665 3.040382 0.058447 3.079730 2.920053 0.247706 3.118018 2.618330 0.228827 3.908118 3.077488 0.438593 3.894930 2.997027 0.292573 
4.802958 2.862956 0.489994 3.952916 2.709640 0.319211 3.106529 3.040045 0.057372 3.079426 2.919955 0.246859 3.117782 2.618558 0.228954 3.907367 3.077979 0.438429 3.894459 2.997389 0.292692 
4.801572 2.865473 0.493513 3.951928 2.710924 0.320981 3.106244 3.039197 0.055355 3.078818 2.919732 0.245269 3.117228 2.619290 0.229359 3.905802 3.078949 0.437972 3.893498 2.998121 0.293048 
4.799549 2.869021 0.498496 3.950519 2.712715 0.323493 3.105854 3.038006 0.052544 3.077977 2.919407 0.243046 3.116454 2.620318 0.229924 3.903551 3.080222 0.437166 3.892130 2.999130 0.293588 
4.797233 2.873703 0.504451 3.948871 2.714548 0.326452 3.105513 3.036894 0.049213 3.077032 2.919114 0.240362 3.115503 2.621331 0.230550 3.900500 3.079876 0.435680 3.890558 3.000215 0.294341 
4.795157 2.878191 0.509754 3.947432 2.716032 0.329077 3.105330 3.036049 0.046071 3.076240 2.918977 0.237839 3.114694 2.622071 0.231029 3.897572 3.078498 0.433825 3.889197 3.001122 0.294995 
4.793684 2.881394 0.513440 3.946384 2.717138 0.330899 3.105156 3.035507 0.043810 3.075634 2.918880 0.236017 3.114105 2.622523 0.231316 3.895608 3.077891 0.432803 3.888204 3.001869 0.295358 
4.792827 2.882943 0.515423 3.945775 2.717710 0.331887 3.105038 3.035262 0.042477 3.075268 2.918831 0.234947 3.113767 2.622724 0.231456 3.894597 3.077850 0.432417 3.887636 3.002291 0.295469 
4.792635 2.883107 0.515852 3.945619 2.717788 0.332104 3.105017 3.035241 0.042097 3.075173 2.918847 0.234648 3.113677 2.622770 0.231485 3.894407 3.077884 0.432546 3.887504 3.002358 0.295443 
4.792859 2.882863 0.515537 3.945699 2.717671 0.331948 3.105041 3.035354 0.042204 3.075206 2.918938 0.234741 3.113700 2.622733 0.231455 3.894602 3.077814 0.433058 3.887589 3.002314 0.295363 
4.793231 2.882328 0.514792 3.945894 2.717405 0.331587 3.105096 3.035616 0.042445 3.075282 2.919145 0.234949 3.113765 2.622588 0.231372 3.894969 3.077694 0.433567 3.887783 3.002219 0.295176 
4.793710 2.881601 0.513764 3.946150 2.717070 0.331090 3.105173 3.035972 0.042776 3.075388 2.919422 0.235238 3.113845 2.622448 0.231268 3.895455 3.077540 0.434099 3.888050 3.002091 0.294922 
4.794229 2.880790 0.512621 3.946434 2.716699 0.330538 3.105258 3.036366 0.043147 3.075507 2.919729 0.235558 3.113934 2.622290 0.231150 3.895990 3.077375 0.434641 3.888346 3.001949 0.294640 
4.794721 2.880024 0.511537 3.946703 2.716344 0.330015 3.105339 3.036739 0.043500 3.075619 2.920019 0.235863 3.114019 2.622136 0.231038 3.896501 3.077226 0.435160 3.888625 3.001814 0.294373 
4.795126 2.879409 0.510665 3.946919 2.716059 0.329592 3.105405 3.037039 0.043781 3.075710 2.920251 0.236108 3.114088 2.622013 0.230948 3.896917 3.077082 0.435633 3.888849 3.001705 0.294157 
4.795401 2.879019 0.510122 3.947053 2.715878 0.329327 3.105446 3.037227 0.043960 3.075768 2.920396 0.236262 3.114130 2.621940 0.230893 3.897196 3.077004 0.436030 3.888990 3.001636 0.294022 
4.795522 2.878902 0.509968 3.947092 2.715818 0.329248 3.105458 3.037282 0.044013 3.075785 2.920439 0.236308 3.114143 2.621919 0.230878 3.897302 3.076956 0.436338 3.889032 3.001614 0.293982 
4.795560 2.878891 0.509974 3.947092 2.715811 0.329247 3.105458 3.037283 0.044013 3.075784 2.920440 0.236308 3.114143 2.621918 0.230878 3.897326 3.076938 0.436529 3.889032 3.001613 0.293982 
4.795608 2.878892 0.509981 3.947092 2.715804 0.329246 3.105458 3.037283 0.044013 3.075784 2.920440 0.236308 3.114143 2.621919 0.230879 3.897354 3.076905 0.436753 3.889032 3.001611 0.293982 
4.795657 2.878886 0.509989 3.947091 2.715796 0.329245 3.105458 3.037283 0.044014 3.075785 2.920441 0.236308 3.114143 2.621919 0.230879 3.897388 3.076898 0.436991 3.889032 3.001609 0.293982 
4.795707 2.878879 0.509996 3.947091 2.715788 0.329244 3.105458 3.037283 0.044013 3.075785 2.920441 0.236309 3.114143 2.621919 0.230879 3.897418 3.076868 0.437230 3.889033 3.001607 0.293982 
4.795756 2.878874 0.510004 3.947091 2.715779 0.329242 3.105458 3.037284 0.044013 3.075785 2.920441 0.236309 3.114143 2.621919 0.230880 3.897450 3.076848 0.437470 3.889033 3.001605 0.293982 
4.795805 2.878868 0.510011 3.947090 2.715771 0.329241 3.105459 3.037284 0.044012 3.075785 2.920441 0.236309 3.114143 2.621919 0.230880 3.897480 3.076815 0.437707 3.889033 3.001603 0.293982 
4.795853 2.878855 0.510018 3.947090 2.715763 0.329239 3.105458 3.037284 0.044014 3.075785 2.920442 0.236310 3.114143 2.621919 0.230880 3.897512 3.076795 0.437941 3.889033 3.001601 0.293982 
4.795902 2.878856 0.510025 3.947090 2.715755 0.329238 3.105462 3.037291 0.044016 3.075787 2.920452 0.236311 3.114143 2.621920 0.230881 3.897541 3.076762 0.438172 3.889034 3.001603 0.293982 
4.795948 2.878844 0.510032 3.947090 2.715748 0.329237 3.105470 3.037306 0.044020 3.075792 2.920475 0.236313 3.114142 2.621920 0.230881 3.897572 3.076742 0.438400 3.889034 3.001609 0.293983 
4.795995 2.878846 0.510039 3.947090 2.715740 0.329235 3.105479 3.037322 0.044023 3.075797 2.920499 0.236315 3.114143 2.621920 0.230881 3.897603 3.076725 0.438622 3.889035 3.001615 0.293984 
4.796041 2.878840 0.510046 3.947090 2.715732 0.329234 3.105487 3.037337 0.044026 3.075802 2.920522 0.236317 3.114143 2.621920 0.230881 3.897633 3.076702 0.438845 3.889036 3.001621 0.293984 
4.796086 2.878836 0.510053 3.947090 2.715725 0.329233 3.105496 3.037352 0.044029 3.075807 2.920545 0.236319 3.114143 2.621920 0.230882 3.897661 3.076672 0.439060 3.889036 3.001628 0.293985 
4.796130 2.878830 0.510059 3.947090 2.715718 0.329231 3.105505 3.037367 0.044032 3.075812 2.920568 0.236322 3.114143 2.621920 0.230882 3.897691 3.076655 0.439273 3.889037 3.001634 0.293985 
4.796173 2.878819 0.510065 3.947090 2.715710 0.329230 3.105513 3.037383 0.044035 3.075817 2.920591 0.236324 3.114142 2.621921 0.230882 3.897719 3.076632 0.439486 3.889038 3.001640 0.293986 
4.796216 2.878815 0.510071 3.947090 2.715703 0.329229 3.105522 3.037398 0.044037 3.075821 2.920613 0.236326 3.114142 2.621921 0.230883 3.897746 3.076600 0.439693 3.889039 3.001646 0.293987 
4.796258 2.878810 0.510077 3.947091 2.715696 0.329227 3.105531 3.037413 0.044040 3.075826 2.920636 0.236328 3.114142 2.621922 0.230883 3.897774 3.076583 0.439896 3.889039 3.001652 0.293987 
4.796300 2.878805 0.510083 3.947091 2.715689 0.329226 3.105538 3.037428 0.044046 3.075831 2.920659 0.236330 3.114142 2.621922 0.230884 3.897802 3.076563 0.440098 3.889040 3.001658 0.293988 
4.796342 2.878801 0.510089 3.947091 2.715683 0.329225 3.105547 3.037443 0.044047 3.075836 2.920681 0.236332 3.114142 2.621923 0.230884 3.897830 3.076543 0.440296 3.889041 3.001664 0.293988 
4.796382 2.878796 0.510095 3.947091 2.715676 0.329223 3.105555 3.037458 0.044052 3.075841 2.920703 0.236334 3.114142 2.621922 0.230884 3.897857 3.076523 0.440492 3.889041 3.001671 0.293989 
4.796422 2.878791 0.510100 3.947091 2.715669 0.329222 3.105563 3.037473 0.044054 3.075846 2.920726 0.236337 3.114141 2.621924 0.230886 3.897884 3.076506 0.440682 3.889042 3.001677 0.293990 
4.796460 2.878785 0.510107 3.947091 2.715662 0.329221 3.105571 3.037487 0.044059 3.075851 2.920748 0.236339 3.114141 2.621924 0.230886 3.897910 3.076485 0.440872 3.889042 3.001682 0.293991 
4.796487 2.878768 0.510130 3.947087 2.715651 0.329230 3.105580 3.037502 0.044061 3.075855 2.920770 0.236341 3.114141 2.621925 0.230887 3.897924 3.076442 0.441042 3.889039 3.001683 0.294003 
4.796500 2.878761 0.510176 3.947079 2.715635 0.329249 3.105587 3.037517 0.044067 3.075860 2.920792 0.236343 3.114140 2.621926 0.230888 3.897925 3.076392 0.441177 3.889031 3.001678 0.294027 
4.796504 2.878733 0.510227 3.947069 2.715617 0.329273 3.105595 3.037531 0.044073 3.075865 2.920814 0.236345 3.114139 2.621928 0.230890 3.897922 3.076343 0.441301 3.889021 3.001671 0.294057 
4.796509 2.878701 0.510276 3.947059 2.715599 0.329296 3.105602 3.037546 0.044079 3.075870 2.920836 0.236347 3.114139 2.621928 0.230890 3.897918 3.076283 0.441425 3.889011 3.001664 0.294084 
4.796519 2.878687 0.510321 3.947051 2.715583 0.329316 3.105609 3.037560 0.044085 3.075874 2.920858 0.236350 3.114139 2.621930 0.230891 3.897920 3.076245 0.441550 3.889003 3.001659 0.294109 
4.796529 2.878664 0.510361 3.947043 2.715568 0.329334 3.105617 3.037574 0.044090 3.075879 2.920879 0.236352 3.114138 2.621931 0.230893 3.897923 3.076203 0.441682 3.888995 3.001654 0.294132 
4.796539 2.878642 0.510401 3.947036 2.715553 0.329351 3.105625 3.037589 0.044095 3.075884 2.920901 0.236354 3.114137 2.621933 0.230894 3.897923 3.076152 0.441809 3.888988 3.001650 0.294154 
4.796551 2.878631 0.510443 3.947028 2.715538 0.329370 3.105633 3.037604 0.044099 3.075889 2.920923 0.236356 3.114137 2.621933 0.230894 3.897925 3.076110 0.441936 3.888980 3.001646 0.294177 
4.796558 2.878602 0.510484 3.947020 2.715523 0.329388 3.105641 3.037626 0.044106 3.075894 2.920949 0.236359 3.114136 2.621935 0.230896 3.897924 3.076058 0.442056 3.888973 3.001646 0.294200 
4.796566 2.878586 0.510526 3.947012 2.715508 0.329407 3.105654 3.037660 0.044113 3.075902 2.920986 0.236363 3.114135 2.621937 0.230898 3.897924 3.076016 0.442176 3.888965 3.001652 0.294224 
4.796575 2.878571 0.510568 3.947005 2.715493 0.329426 3.105668 3.037701 0.044122 3.075911 2.921030 0.236367 3.114135 2.621939 0.230900 3.897923 3.075968 0.442290 3.888958 3.001662 0.294248 
4.796583 2.878557 0.510609 3.946998 2.715479 0.329444 3.105682 3.037741 0.044130 3.075920 2.921074 0.236372 3.114133 2.621941 0.230902 3.897924 3.075927 0.442407 3.888950 3.001672 0.294272 
4.796590 2.878536 0.510649 3.946990 2.715465 0.329462 3.105695 3.037777 0.044138 3.075929 2.921112 0.236376 3.114133 2.621943 0.230904 3.897924 3.075889 0.442519 3.888943 3.001679 0.294295 
4.796598 2.878522 0.510689 3.946983 2.715451 0.329480 3.105705 3.037806 0.044145 3.075936 2.921146 0.236379 3.114132 2.621945 0.230905 3.897922 3.075839 0.442629 3.888936 3.001684 0.294318 
4.796605 2.878501 0.510729 3.946976 2.715437 0.329498 3.105716 3.037835 0.044152 3.075943 2.921178 0.236382 3.114131 2.621946 0.230907 3.897922 3.075802 0.442738 3.888928 3.001688 0.294341 
4.796611 2.878481 0.510768 3.946968 2.715423 0.329516 3.105726 3.037864 0.044159 3.075949 2.921211 0.236386 3.114130 2.621948 0.230908 3.897922 3.075761 0.442846 3.888921 3.001692 0.294364 
4.796618 2.878468 0.510808 3.946961 2.715409 0.329534 3.105738 3.037896 0.044166 3.075957 2.921246 0.236389 3.114130 2.621948 0.230909 3.897922 3.075725 0.442951 3.888914 3.001698 0.294386 
4.796624 2.878456 0.510848 3.946954 2.715396 0.329552 3.105750 3.037929 0.044173 3.075964 2.921283 0.236393 3.114129 2.621950 0.230910 3.897919 3.075676 0.443053 3.888907 3.001705 0.294409 
4.796629 2.878431 0.510886 3.946947 2.715383 0.329569 3.105762 3.037963 0.044180 3.075972 2.921320 0.236397 3.114128 2.621952 0.230912 3.897918 3.075636 0.443156 3.888900 3.001712 0.294431 
4.796635 2.878419 0.510925 3.946940 2.715370 0.329587 3.105774 3.037995 0.044188 3.075980 2.921356 0.236400 3.114127 2.621953 0.230914 3.897915 3.075588 0.443255 3.888893 3.001719 0.294454 
4.796640 2.878402 0.510963 3.946933 2.715357 0.329604 3.105785 3.038026 0.044194 3.075987 2.921390 0.236404 3.114126 2.621955 0.230916 3.897914 3.075552 0.443352 3.888885 3.001725 0.294476 
4.796645 2.878390 0.511001 3.946926 2.715344 0.329621 3.105796 3.038056 0.044200 3.075994 2.921424 0.236407 3.114126 2.621957 0.230917 3.897913 3.075517 0.443448 3.888878 3.001731 0.294497 
4.796649 2.878373 0.511039 3.946919 2.715331 0.329638 3.105806 3.038087 0.044209 3.076001 2.921458 0.236411 3.114125 2.621959 0.230919 3.897911 3.075479 0.443543 3.888871 3.001737 0.294519 
4.796653 2.878356 0.511077 3.946912 2.715319 0.329656 3.105819 3.038118 0.044213 3.076008 2.921491 0.236414 3.114124 2.621960 0.230920 3.897909 3.075444 0.443635 3.888864 3.001743 0.294541 
