0.736731 0.170336 0.004367 0.653377 0.060354 0.004729 0.907204 0.040661 0.003399 0.827080 -0.070108 0.003744 
0.736593 0.170326 0.004403 0.653219 0.060360 0.004995 0.907038 0.040617 0.003111 0.826893 -0.070136 0.003678 
0.736471 0.170374 0.004540 0.653076 0.060425 0.005240 0.906887 0.040632 0.002779 0.826721 -0.070105 0.003447 
0.736467 0.170368 0.004537 0.653073 0.060418 0.005184 0.906886 0.040627 0.002994 0.826721 -0.070111 0.003613 
0.736474 0.170344 0.004439 0.653084 0.060390 0.005080 0.906901 0.040610 0.003212 0.826740 -0.070131 0.003829 
0.736478 0.170426 0.004666 0.653068 0.060487 0.005077 0.906881 0.040662 0.003261 0.826699 -0.070065 0.003649 
0.736490 0.170427 0.004622 0.653082 0.060485 0.004952 0.906898 0.040668 0.003320 0.826718 -0.070061 0.003628 
0.736517 0.170651 0.005120 0.653044 0.060758 0.004970 0.906847 0.040799 0.003164 0.826603 -0.069883 0.002988 
0.736513 0.170654 0.005098 0.653040 0.060762 0.004962 0.906845 0.040802 0.003336 0.826600 -0.069881 0.003177 
0.736674 0.170655 0.004959 0.653186 0.060775 0.004583 0.906991 0.040778 0.003730 0.826732 -0.069893 0.003340 
0.736782 0.170680 0.004935 0.653278 0.060813 0.004347 0.907081 0.040774 0.004087 0.826805 -0.069883 0.003493 
0.736776 0.170674 0.005193 0.653272 0.060809 0.004390 0.907075 0.040769 0.004433 0.826799 -0.069888 0.003627 
0.736764 0.170661 0.005664 0.653262 0.060798 0.004430 0.907064 0.040756 0.004982 0.826789 -0.069898 0.003750 
0.736755 0.170669 0.005650 0.653259 0.060801 0.004496 0.907062 0.040773 0.005081 0.826794 -0.069886 0.003930 
0.736759 0.170679 0.005470 0.653262 0.060809 0.004566 0.907066 0.040782 0.005024 0.826796 -0.069879 0.004122 
0.736987 0.170942 0.005387 0.653359 0.061175 0.004106 0.907135 0.040837 0.005367 0.826735 -0.069724 0.004098 
0.736963 0.170911 0.006304 0.653342 0.061153 0.004178 0.907112 0.040807 0.006283 0.826717 -0.069747 0.004178 
0.736918 0.170850 0.007780 0.653314 0.061115 0.004250 0.907067 0.040747 0.007745 0.826690 -0.069785 0.004248 
0.736723 0.170753 0.008550 0.653208 0.060974 0.004316 0.906963 0.040769 0.008505 0.826676 -0.069803 0.004312 
0.736702 0.170725 0.009130 0.653197 0.060960 0.004375 0.906943 0.040741 0.009080 0.826665 -0.069817 0.004370 
0.736684 0.170702 0.009587 0.653189 0.060948 0.004427 0.906925 0.040719 0.009533 0.826657 -0.069828 0.004422 
0.736679 0.170696 0.009751 0.653186 0.060945 0.004470 0.906920 0.040713 0.009700 0.826655 -0.069831 0.004470 
0.736665 0.170678 0.010094 0.653180 0.060937 0.004511 0.906907 0.040695 0.010041 0.826648 -0.069839 0.004511 
0.737271 0.170289 0.010189 0.653138 0.061045 0.004574 0.906722 0.039279 0.010814 0.825811 -0.070778 0.005263 
0.905566 0.041558 0.015380 0.517463 -0.156318 0.006430 0.658983 -0.317089 0.004889 0.763731 -0.229297 0.008073 0.738782 0.175927 0.012935 0.652607 0.068431 0.005039 
0.900158 0.056976 0.019128 0.517892 -0.155905 0.004844 0.657963 -0.317947 0.004897 0.763486 -0.231079 0.007816 0.735577 0.194049 0.020366 0.647656 0.088200 0.009883 
0.895051 0.074587 0.020294 0.517884 -0.155890 0.004863 0.657046 -0.318712 0.005600 0.763056 -0.232423 0.008029 0.730547 0.211621 0.026438 0.642488 0.106082 0.014136 
0.893501 0.083600 0.018641 0.517869 -0.155903 0.004910 0.657850 -0.318023 0.005061 0.763437 -0.231199 0.006696 0.728241 0.219654 0.026110 0.640752 0.113707 0.013270 
0.893145 0.084680 0.016918 0.517892 -0.155886 0.004911 0.658009 -0.317889 0.004936 0.763530 -0.230973 0.005754 0.727489 0.220323 0.022993 0.640317 0.114016 0.010999 
0.892648 0.085247 0.015661 0.517974 -0.155940 0.004986 0.658784 -0.317340 0.004998 0.763934 -0.229971 0.005022 0.726346 0.220159 0.020136 0.639683 0.113304 0.009386 
0.891817 0.086040 0.014229 0.518321 -0.156141 0.004592 0.659765 -0.316985 0.005369 0.764569 -0.229201 0.005600 0.724433 0.219649 0.017189 0.638628 0.111971 0.007870 
0.890690 0.086935 0.012566 0.518788 -0.157009 0.004894 0.661594 -0.316642 0.006053 0.765648 -0.227971 0.005974 0.721884 0.218763 0.014467 0.637215 0.110059 0.006808 
0.889098 0.088287 0.010781 0.520084 -0.158395 0.005738 0.665079 -0.316043 0.006974 0.767900 -0.225950 0.006074 0.718350 0.217601 0.011763 0.635282 0.107559 0.005889 
0.887054 0.089908 0.008762 0.521814 -0.160166 0.006978 0.669612 -0.315189 0.008000 0.770796 -0.223280 0.005883 0.713907 0.215995 0.008917 0.632897 0.104342 0.005065 
0.885584 0.091042 0.006868 0.523517 -0.161816 0.008387 0.673956 -0.314280 0.009216 0.773528 -0.220670 0.005714 0.710747 0.214774 0.006912 0.631234 0.102000 0.004968 
0.884831 0.091644 0.004994 0.524599 -0.162760 0.009926 0.676645 -0.313618 0.011277 0.775198 -0.219004 0.006272 0.709110 0.214118 0.004982 0.630402 0.100764 0.004983 
0.884728 0.091806 0.004266 0.525368 -0.163283 0.011404 0.678618 -0.312903 0.013815 0.776392 -0.217569 0.007375 0.708788 0.213964 0.004618 0.630284 0.100470 0.005076 
0.884753 0.091789 0.004073 0.525624 -0.162015 0.012777 0.679622 -0.310855 0.015762 0.776896 -0.215098 0.008132 0.708669 0.213740 0.004052 0.630300 0.100156 0.005022 
0.884695 0.091945 0.003644 0.524878 -0.159905 0.014851 0.678993 -0.308621 0.017970 0.776156 -0.212853 0.009169 0.708480 0.213706 0.004079 0.630236 0.100039 0.005358 
0.884700 0.091954 0.003762 0.523686 -0.159352 0.018298 0.677635 -0.308230 0.021877 0.774864 -0.212666 0.011681 0.708485 0.213716 0.004155 0.630244 0.100051 0.005769 
0.884715 0.091977 0.003870 0.522606 -0.159673 0.022541 0.676186 -0.308910 0.026929 0.773612 -0.213711 0.015305 0.708501 0.213739 0.004228 0.630266 0.100084 0.006681 
0.884735 0.092007 0.003968 0.521805 -0.159698 0.026624 0.675024 -0.309283 0.031737 0.772641 -0.214446 0.018826 0.708521 0.213770 0.004292 0.630301 0.100135 0.007848 
0.884755 0.092037 0.004057 0.521353 -0.159522 0.030400 0.674287 -0.309375 0.036146 0.772046 -0.214846 0.022097 0.708542 0.213802 0.004349 0.630341 0.100194 0.009031 
0.884774 0.092066 0.004138 0.521182 -0.159366 0.033885 0.673947 -0.309370 0.040191 0.771774 -0.215073 0.025095 0.708562 0.213832 0.004400 0.630383 0.100257 0.010136 
0.884792 0.092093 0.004211 0.521313 -0.159216 0.037029 0.674061 -0.309215 0.043791 0.771858 -0.215046 0.027733 0.708581 0.213861 0.004447 0.630428 0.100323 0.011181 
0.884810 0.092120 0.004277 0.521575 -0.159052 0.039920 0.674383 -0.308974 0.047041 0.772100 -0.214881 0.030078 0.708599 0.213888 0.004489 0.630474 0.100392 0.012178 
0.884827 0.092146 0.004337 0.521911 -0.158864 0.042628 0.674825 -0.308665 0.050022 0.772430 -0.214615 0.032200 0.708617 0.213914 0.004527 0.630522 0.100463 0.013127 
0.888127 0.101593 0.017943 0.520270 -0.159657 0.042306 0.673237 -0.309370 0.050360 0.770771 -0.215433 0.031575 0.706657 0.215294 0.022276 0.633715 0.098240 0.026951 
0.904203 0.112033 0.038385 0.513353 -0.162559 0.037139 0.667430 -0.311185 0.044078 0.764065 -0.216710 0.023439 0.720450 0.222016 0.034388 0.649758 0.103521 0.036763 
0.919668 0.125902 0.048729 0.733160 0.230850 0.039866 0.506214 -0.166646 0.027248 0.659894 -0.315718 0.033407 0.756609 -0.221652 0.011322 
0.504108 -0.166662 0.022060 0.954587 0.146520 0.066321 0.768166 0.249541 0.043701 0.655875 -0.317805 0.021974 0.890961 0.025614 0.071172 0.753891 -0.224036 0.004940 
0.503741 -0.166845 0.019513 0.981167 0.174144 0.078263 0.794045 0.275245 0.052932 0.655367 -0.318130 0.019444 0.918158 0.053323 0.089308 0.753679 -0.224247 0.004936 
0.503569 -0.166973 0.017829 1.003780 0.238358 0.087922 0.812997 0.334917 0.075432 0.655002 -0.318452 0.017875 0.944746 0.115195 0.093899 0.753553 -0.224587 0.004960 
0.502453 -0.165587 0.019280 1.008105 0.303099 0.064596 0.810789 0.386283 0.069555 0.651952 -0.318975 0.019519 0.958122 0.175889 0.067595 0.751592 -0.226477 0.005179 
0.502272 -0.164806 0.022344 1.008192 0.345192 0.025048 0.807679 0.419463 0.037543 0.651020 -0.318922 0.022358 0.963761 0.215906 0.024135 0.750847 -0.227146 0.004989 
0.503342 -0.165587 0.025738 1.009608 0.352728 0.004429 0.809445 0.428627 0.011652 0.653914 -0.317922 0.025705 0.964197 0.223783 0.003441 0.752302 -0.225293 0.004984 
0.502263 -0.167995 0.030139 1.009533 0.352657 0.002936 0.809329 0.428698 0.006695 0.657538 -0.315530 0.029278 0.964083 0.223723 0.003053 0.752492 -0.220228 0.004967 
0.499781 -0.165805 0.037009 1.009393 0.352609 0.002135 0.809086 0.428430 0.004625 0.658636 -0.309389 0.031859 0.964098 0.223624 0.003131 0.750461 -0.211741 0.004973 
0.494823 -0.158805 0.044949 1.009401 0.352648 0.002390 0.809091 0.428466 0.004638 0.654724 -0.300967 0.034986 0.964121 0.223668 0.004284 0.745013 -0.202366 0.006427 
0.489643 -0.152591 0.056217 1.009419 0.352703 0.002622 0.809111 0.428535 0.004659 0.649423 -0.294650 0.043293 0.964162 0.223762 0.006586 0.739103 -0.195992 0.013063 
0.485574 -0.149354 0.070298 1.009437 0.352761 0.002835 0.809133 0.428606 0.004681 0.644932 -0.291801 0.056456 0.964214 0.223891 0.008926 0.734414 -0.193530 0.024429 
0.483155 -0.148132 0.084963 1.009434 0.353062 0.003044 0.809071 0.428756 0.004744 0.641466 -0.291794 0.071673 0.964349 0.224238 0.010885 0.731386 -0.194491 0.037965 
0.484116 -0.148339 0.097138 1.009450 0.353103 0.003216 0.809292 0.429334 0.004948 0.640994 -0.293769 0.086321 0.964065 0.224482 0.012530 0.731970 -0.197880 0.051413 
0.488767 -0.148269 0.104730 1.009500 0.353130 0.003374 0.809495 0.429694 0.007078 0.644016 -0.295667 0.097704 0.964038 0.224649 0.014131 0.736528 -0.201334 0.062595 
0.495008 -0.148345 0.108511 1.009623 0.353533 0.003598 0.809435 0.429441 0.009956 0.649410 -0.296747 0.104665 0.964775 0.224961 0.015750 0.742926 -0.203295 0.069860 
0.499794 -0.148909 0.109974 1.009669 0.353542 0.003723 0.809402 0.429050 0.012058 0.653878 -0.297682 0.108399 0.965224 0.224904 0.016634 0.747920 -0.204653 0.073881 
0.501119 -0.149551 0.110039 1.009686 0.353538 0.003832 0.809474 0.429098 0.012974 0.654812 -0.298735 0.109985 0.965249 0.224902 0.016786 0.749277 -0.206125 0.075494 
0.499095 -0.149187 0.109017 1.009683 0.353527 0.003929 0.809779 0.429893 0.013109 0.652262 -0.298912 0.109576 0.964703 0.225042 0.016513 0.747108 -0.206718 0.075017 
0.495238 -0.147601 0.106787 1.009652 0.353523 0.004015 0.810036 0.430789 0.011842 0.648148 -0.297588 0.107019 0.964001 0.225234 0.016167 0.743126 -0.205510 0.072513 
0.490365 -0.144743 0.103028 1.009605 0.353518 0.004092 0.810435 0.432100 0.009932 0.642915 -0.295096 0.102649 0.962979 0.225521 0.015611 0.738105 -0.203115 0.068469 
0.484965 -0.140642 0.097515 1.009553 0.353511 0.004162 0.810948 0.433636 0.007861 0.636943 -0.291569 0.096390 0.961803 0.225865 0.014943 0.732528 -0.199738 0.062917 
0.479597 -0.136183 0.090692 1.009499 0.353502 0.004224 0.811502 0.435188 0.005755 0.630961 -0.287719 0.088844 0.960620 0.226215 0.014167 0.727028 -0.196015 0.056422 
0.474766 -0.132368 0.083022 1.009466 0.353475 0.004283 0.811846 0.436081 0.004929 0.625302 -0.284723 0.080823 0.959927 0.226364 0.013136 0.722065 -0.193290 0.049730 
0.472532 -0.130522 0.074450 1.009448 0.353436 0.004339 0.811905 0.436227 0.004930 0.622298 -0.283639 0.072705 0.959755 0.226303 0.011933 0.719855 -0.192483 0.043324 
0.472946 -0.130935 0.064962 1.009426 0.353387 0.004391 0.811882 0.436175 0.004930 0.622289 -0.284473 0.064475 0.959700 0.226183 0.010416 0.720536 -0.193413 0.037175 
0.474542 -0.132281 0.054430 1.009385 0.353526 0.004451 0.811805 0.436227 0.004963 0.623501 -0.286189 0.055546 0.959681 0.226236 0.008534 0.722440 -0.195189 0.030646 
0.476030 -0.133725 0.042584 1.009355 0.353456 0.004496 0.811773 0.436154 0.004961 0.624523 -0.288063 0.045241 0.959630 0.226123 0.006386 0.724163 -0.197146 0.022972 
0.476551 -0.134364 0.029136 1.009319 0.353399 0.004992 0.811735 0.436093 0.004991 0.624410 -0.289289 0.032882 0.959588 0.226054 0.004993 0.724775 -0.198519 0.013454 
0.475414 -0.133040 0.021107 1.009354 0.353416 0.005165 0.811766 0.436100 0.005112 0.621088 -0.290054 0.022993 0.959630 0.226069 0.004978 0.722914 -0.200262 0.006906 
0.473346 -0.131468 0.017761 1.009351 0.353267 0.006445 0.811795 0.436029 0.006408 0.615977 -0.291257 0.019014 0.959579 0.225947 0.004977 0.719729 -0.203155 0.006238 
0.471894 -0.130270 0.015270 1.009706 0.350846 0.008494 0.812938 0.435461 0.007909 0.612368 -0.291955 0.016941 0.958756 0.224018 0.005554 0.717454 -0.205119 0.006644 
0.470758 -0.129296 0.013069 1.009957 0.346824 0.010775 0.813898 0.433048 0.008791 0.609516 -0.292448 0.015468 0.958002 0.220427 0.006988 0.715631 -0.206636 0.007365 
0.469918 -0.128565 0.011120 1.010129 0.339461 0.012254 0.814636 0.426904 0.008540 0.607337 -0.292847 0.013438 0.957403 0.213376 0.008746 0.714214 -0.207822 0.007267 
0.469378 -0.128087 0.009673 1.010342 0.332136 0.013074 0.815478 0.420916 0.008179 0.605906 -0.293115 0.011567 0.956752 0.206405 0.009945 0.713270 -0.208616 0.006825 
0.468954 -0.127654 0.008914 1.010459 0.329093 0.013391 0.815935 0.418593 0.008108 0.604744 -0.293290 0.010701 0.956405 0.203559 0.010342 0.712498 -0.209248 0.006712 
0.468657 -0.127471 0.009059 1.010528 0.328664 0.013095 0.816131 0.418448 0.007991 0.604163 -0.293337 0.011093 0.956286 0.203208 0.010162 0.712061 -0.209488 0.006953 
0.468551 -0.127289 0.009551 1.010591 0.328596 0.012035 0.816206 0.418442 0.007537 0.603828 -0.293339 0.011900 0.956293 0.203155 0.009544 0.711835 -0.209656 0.007282 
0.468621 -0.127259 0.010573 1.010603 0.329091 0.010160 0.816026 0.418567 0.006787 0.603958 -0.293254 0.013309 0.956522 0.203545 0.008397 0.711918 -0.209571 0.007689 
0.468895 -0.127386 0.012175 1.010574 0.329936 0.007514 0.815687 0.418779 0.005629 0.604614 -0.293059 0.015451 0.956882 0.204212 0.006876 0.712345 -0.209200 0.008258 
0.469356 -0.127655 0.014142 1.010733 0.330596 0.004978 0.815609 0.418938 0.004910 0.605754 -0.292756 0.018019 0.957360 0.204735 0.005116 0.713081 -0.208569 0.008892 
0.470207 -0.128439 0.016141 1.010864 0.330710 0.004967 0.815754 0.419083 0.004927 0.608068 -0.292307 0.020540 0.957471 0.204857 0.005258 0.714565 -0.207309 0.009419 
0.471422 -0.129611 0.018087 1.011035 0.330914 0.004954 0.815923 0.419284 0.004929 0.611390 -0.291676 0.022751 0.957644 0.205061 0.005531 0.716683 -0.205461 0.009706 
0.472259 -0.130575 0.019967 1.011358 0.331389 0.004941 0.816183 0.419619 0.004929 0.613945 -0.291139 0.024645 0.958058 0.205500 0.005876 0.718197 -0.203967 0.009736 
0.470895 -0.133148 0.022778 1.011364 0.331403 0.004929 0.816189 0.419631 0.004929 0.614078 -0.292364 0.027942 0.958067 0.205516 0.006240 0.717360 -0.204467 0.010713 
0.466847 -0.137043 0.027962 1.011359 0.331427 0.004927 0.816169 0.419623 0.004932 0.610397 -0.295936 0.032874 0.958081 0.205529 0.006021 0.713279 -0.208022 0.013481 
0.463498 -0.140788 0.032187 1.011351 0.331410 0.004924 0.816161 0.419606 0.004929 0.606952 -0.299772 0.036965 0.958073 0.205509 0.005491 0.709745 -0.212077 0.016157 
0.461756 -0.142777 0.033656 1.011346 0.331398 0.004929 0.816156 0.419594 0.004931 0.605121 -0.301851 0.038070 0.958067 0.205496 0.005131 0.707889 -0.214252 0.016735 
0.461397 -0.141990 0.032034 1.011372 0.331572 0.004963 0.816147 0.419691 0.004981 0.604626 -0.301208 0.035607 0.958143 0.205649 0.005005 0.707460 -0.213596 0.014657 
0.461353 -0.140101 0.028439 1.011372 0.331578 0.004963 0.816144 0.419691 0.004980 0.604346 -0.299551 0.030963 0.958147 0.205654 0.005000 0.707338 -0.211926 0.010854 
0.461294 -0.138245 0.024196 1.011366 0.331757 0.004805 0.816119 0.419826 0.005079 0.603998 -0.297970 0.025340 0.958168 0.205821 0.004624 0.707180 -0.210332 0.006293 
0.460976 -0.138163 0.023266 1.011194 0.331779 0.004402 0.815897 0.419735 0.004971 0.603185 -0.298332 0.023115 0.958070 0.205812 0.004429 0.706657 -0.210844 0.004971 
0.460743 -0.138196 0.022280 1.011297 0.331729 0.004653 0.816054 0.419808 0.004827 0.602716 -0.298575 0.022156 0.958093 0.205795 0.004560 0.706412 -0.211159 0.004972 
0.460634 -0.138277 0.021509 1.011371 0.331725 0.004844 0.816161 0.419877 0.004824 0.602574 -0.298685 0.021379 0.958121 0.205811 0.004594 0.706360 -0.211227 0.004960 
0.460569 -0.138335 0.020951 1.011508 0.331641 0.005103 0.816403 0.420025 0.005098 0.602508 -0.298744 0.020811 0.958109 0.205792 0.004618 0.706343 -0.211242 0.004948 
0.460528 -0.138380 0.020621 1.011704 0.331540 0.005347 0.816742 0.420240 0.005353 0.602471 -0.298786 0.020489 0.958101 0.205778 0.004645 0.706333 -0.211259 0.004946 
0.460523 -0.138386 0.020573 1.011743 0.331524 0.005353 0.816808 0.420284 0.005362 0.602465 -0.298792 0.020437 0.958101 0.205778 0.004673 0.706331 -0.211260 0.004946 
0.460539 -0.138372 0.020720 1.011745 0.331527 0.005285 0.816810 0.420288 0.005295 0.602481 -0.298778 0.020580 0.958103 0.205782 0.004706 0.706335 -0.211257 0.004946 
0.460564 -0.138350 0.020942 1.011749 0.331528 0.005192 0.816820 0.420301 0.005205 0.602506 -0.298756 0.020799 0.958098 0.205785 0.004742 0.706341 -0.211252 0.004949 
0.460596 -0.138322 0.021221 1.011752 0.331534 0.005075 0.816823 0.420307 0.005087 0.602538 -0.298728 0.021075 0.958101 0.205791 0.004793 0.706348 -0.211246 0.004951 
0.460566 -0.138377 0.021572 1.011733 0.331648 0.004812 0.816780 0.420368 0.005104 0.602523 -0.298770 0.021427 0.958115 0.205890 0.004568 0.706288 -0.211309 0.004900 
0.460523 -0.138406 0.021923 1.011621 0.331774 0.004226 0.816595 0.420329 0.004937 0.602487 -0.298792 0.021762 0.958110 0.205971 0.004187 0.706214 -0.211356 0.004866 
0.460554 -0.138378 0.022190 1.011620 0.331775 0.004294 0.816594 0.420330 0.004940 0.602518 -0.298765 0.022028 0.958109 0.205972 0.004260 0.706221 -0.211350 0.004878 
0.460593 -0.138371 0.022406 1.011619 0.331776 0.004355 0.816592 0.420331 0.004942 0.602586 -0.298732 0.022296 0.958108 0.205972 0.004326 0.706256 -0.211317 0.004941 
0.460577 -0.138326 0.022521 1.011618 0.331776 0.004412 0.816591 0.420332 0.004943 0.602537 -0.298716 0.022565 0.958107 0.205973 0.004387 0.706223 -0.211341 0.005107 
0.460539 -0.138280 0.022541 1.011617 0.331777 0.004464 0.816590 0.420332 0.004945 0.602443 -0.298721 0.022680 0.958106 0.205974 0.004442 0.706163 -0.211390 0.005209 
0.460496 -0.138238 0.022522 1.011616 0.331777 0.004514 0.816589 0.420332 0.004949 0.602328 -0.298742 0.022655 0.958105 0.205974 0.004490 0.706089 -0.211455 0.005208 
0.460461 -0.138204 0.022501 1.011615 0.331777 0.004559 0.816588 0.420333 0.004952 0.602231 -0.298762 0.022600 0.958104 0.205974 0.004534 0.706027 -0.211511 0.005179 
0.460431 -0.138213 0.022482 1.011692 0.331903 0.004752 0.816667 0.420466 0.005031 0.602183 -0.298788 0.022541 0.958176 0.206102 0.004507 0.705989 -0.211544 0.005143 
0.460415 -0.138223 0.022449 1.011705 0.331928 0.004764 0.816674 0.420477 0.005003 0.602158 -0.298805 0.022440 0.958198 0.206124 0.004401 0.705968 -0.211559 0.005078 
0.460408 -0.138240 0.022422 1.011689 0.331965 0.004738 0.816660 0.420516 0.005068 0.602154 -0.298820 0.022337 0.958181 0.206161 0.004341 0.705961 -0.211566 0.005003 
0.460399 -0.138254 0.022395 1.011726 0.331978 0.004855 0.816702 0.420542 0.005031 0.602147 -0.298831 0.022295 0.958209 0.206178 0.004413 0.705956 -0.211572 0.004993 
0.460396 -0.138257 0.022378 1.011726 0.331980 0.004867 0.816702 0.420544 0.005027 0.602144 -0.298834 0.022271 0.958210 0.206180 0.004463 0.705955 -0.211573 0.004989 
0.460395 -0.138258 0.022369 1.011726 0.331981 0.004878 0.816703 0.420545 0.005024 0.602143 -0.298836 0.022259 0.958210 0.206181 0.004507 0.705954 -0.211573 0.004989 
0.460382 -0.138261 0.022375 1.011668 0.332069 0.004653 0.816616 0.420569 0.005042 0.602124 -0.298844 0.022260 0.958192 0.206251 0.004300 0.705938 -0.211585 0.004987 
0.460368 -0.138262 0.022386 1.011577 0.332087 0.004369 0.816503 0.420537 0.005086 0.602100 -0.298853 0.022280 0.958134 0.206255 0.004143 0.705920 -0.211602 0.004999 
0.460360 -0.138270 0.022381 1.011656 0.332079 0.004563 0.816594 0.420556 0.004946 0.602092 -0.298862 0.022274 0.958195 0.206255 0.004291 0.705912 -0.211609 0.005000 
0.460355 -0.138284 0.022382 1.011668 0.332089 0.004630 0.816607 0.420568 0.004944 0.602097 -0.298866 0.022278 0.958206 0.206265 0.004351 0.705912 -0.211608 0.005004 
0.460348 -0.138296 0.022380 1.011767 0.332110 0.004872 0.816724 0.420631 0.004888 0.602098 -0.298872 0.022279 0.958279 0.206298 0.004439 0.705909 -0.211608 0.005009 
0.460306 -0.138280 0.022392 1.011696 0.332272 0.004608 0.816632 0.420745 0.005086 0.602008 -0.298898 0.022278 0.958238 0.206448 0.004026 0.705843 -0.211666 0.004997 
0.460299 -0.138289 0.022390 1.011762 0.332291 0.004797 0.816709 0.420791 0.005029 0.602002 -0.298906 0.022274 0.958287 0.206474 0.004134 0.705836 -0.211673 0.004997 
0.460290 -0.138295 0.022392 1.011706 0.332371 0.004581 0.816623 0.420803 0.005020 0.601993 -0.298912 0.022277 0.958274 0.206535 0.003994 0.705828 -0.211679 0.004999 
0.460290 -0.138297 0.022387 1.011705 0.332373 0.004619 0.816622 0.420805 0.005018 0.601995 -0.298913 0.022271 0.958274 0.206537 0.004082 0.705829 -0.211678 0.004999 
0.460277 -0.138297 0.022392 1.011681 0.332519 0.004544 0.816577 0.420903 0.005173 0.601970 -0.298923 0.022274 0.958280 0.206671 0.003899 0.705810 -0.211695 0.004998 
0.460276 -0.138298 0.022387 1.011680 0.332521 0.004585 0.816576 0.420905 0.005156 0.601969 -0.298924 0.022267 0.958280 0.206673 0.003996 0.705810 -0.211695 0.004997 
0.460275 -0.138299 0.022382 1.011680 0.332524 0.004622 0.816576 0.420907 0.005141 0.601969 -0.298924 0.022261 0.958279 0.206675 0.004084 0.705810 -0.211695 0.004998 
0.460261 -0.138297 0.022389 1.011652 0.332700 0.004525 0.816520 0.421023 0.005310 0.601941 -0.298935 0.022268 0.958289 0.206836 0.003852 0.705788 -0.211715 0.004998 
0.460260 -0.138298 0.022387 1.011651 0.332703 0.004567 0.816519 0.421026 0.005276 0.601940 -0.298935 0.022263 0.958289 0.206838 0.003956 0.705788 -0.211715 0.004998 
0.460260 -0.138298 0.022388 1.011650 0.332705 0.004605 0.816519 0.421028 0.005246 0.601941 -0.298935 0.022263 0.958288 0.206840 0.004051 0.705788 -0.211715 0.004997 
0.460244 -0.138294 0.022403 1.011614 0.332921 0.004480 0.816449 0.421168 0.005445 0.601910 -0.298944 0.022276 0.958301 0.207037 0.003754 0.705764 -0.211735 0.004996 
0.460244 -0.138294 0.022404 1.011613 0.332925 0.004526 0.816448 0.421171 0.005398 0.601910 -0.298945 0.022274 0.958300 0.207039 0.003868 0.705764 -0.211734 0.004994 
0.460244 -0.138295 0.022403 1.011613 0.332927 0.004569 0.816447 0.421174 0.005356 0.601910 -0.298945 0.022273 0.958299 0.207042 0.003971 0.705764 -0.211734 0.004994 
0.460244 -0.138295 0.022405 1.011612 0.332930 0.004607 0.816446 0.421177 0.005318 0.601911 -0.298945 0.022274 0.958299 0.207044 0.004065 0.705764 -0.211734 0.004994 
0.460244 -0.138295 0.022407 1.011611 0.332932 0.004642 0.816445 0.421179 0.005284 0.601911 -0.298944 0.022277 0.958298 0.207046 0.004148 0.705765 -0.211734 0.004995 
0.460236 -0.138303 0.022415 1.011672 0.332922 0.004760 0.816511 0.421182 0.005137 0.601906 -0.298950 0.022284 0.958352 0.207039 0.004267 0.705757 -0.211738 0.004995 
0.460235 -0.138316 0.022422 1.011727 0.332919 0.004898 0.816577 0.421204 0.005027 0.601917 -0.298952 0.022297 0.958391 0.207043 0.004394 0.705761 -0.211733 0.005002 
0.460238 -0.138318 0.022433 1.011728 0.332921 0.004907 0.816578 0.421206 0.005024 0.601926 -0.298948 0.022321 0.958392 0.207044 0.004446 0.705767 -0.211727 0.005015 
0.460242 -0.138317 0.022451 1.011728 0.332923 0.004915 0.816578 0.421207 0.005022 0.601934 -0.298944 0.022353 0.958392 0.207046 0.004493 0.705771 -0.211723 0.005028 
0.460217 -0.138332 0.022485 1.011737 0.333037 0.004748 0.816570 0.421284 0.005045 0.601910 -0.298959 0.022383 0.958426 0.207151 0.004213 0.705743 -0.211740 0.005023 
0.460226 -0.138340 0.022495 1.011737 0.333039 0.004771 0.816570 0.421285 0.005041 0.601931 -0.298956 0.022384 0.958426 0.207152 0.004282 0.705756 -0.211729 0.005015 
0.460220 -0.138344 0.022506 1.011698 0.333271 0.004617 0.816495 0.421435 0.005288 0.601925 -0.298960 0.022386 0.958438 0.207363 0.003922 0.705749 -0.211734 0.005005 
0.460219 -0.138339 0.022519 1.011698 0.333273 0.004650 0.816494 0.421438 0.005257 0.601917 -0.298961 0.022390 0.958438 0.207365 0.004020 0.705743 -0.211740 0.004996 
0.460212 -0.138345 0.022525 1.011775 0.333280 0.004843 0.816583 0.421470 0.005152 0.601913 -0.298965 0.022394 0.958500 0.207379 0.004135 0.705736 -0.211742 0.004995 
0.460216 -0.138349 0.022525 1.011775 0.333283 0.004857 0.816583 0.421473 0.005137 0.601924 -0.298963 0.022400 0.958500 0.207381 0.004211 0.705744 -0.211736 0.005001 
0.460213 -0.138356 0.022538 1.011762 0.333352 0.004806 0.816563 0.421527 0.005215 0.601927 -0.298965 0.022412 0.958497 0.207447 0.004126 0.705742 -0.211735 0.005000 
0.460215 -0.138368 0.022541 1.011831 0.333355 0.004934 0.816642 0.421552 0.005126 0.601940 -0.298966 0.022414 0.958551 0.207455 0.004219 0.705749 -0.211730 0.005000 
0.460223 -0.138375 0.022545 1.011832 0.333357 0.004939 0.816642 0.421555 0.005113 0.601960 -0.298963 0.022420 0.958552 0.207458 0.004288 0.705762 -0.211719 0.005001 
0.460215 -0.138372 0.022568 1.011801 0.333532 0.004816 0.816585 0.421670 0.005282 0.601943 -0.298966 0.022439 0.958558 0.207617 0.004044 0.705748 -0.211730 0.004997 
0.460217 -0.138370 0.022590 1.011801 0.333534 0.004831 0.816585 0.421673 0.005253 0.601946 -0.298964 0.022460 0.958558 0.207619 0.004130 0.705748 -0.211729 0.004997 
0.460214 -0.138372 0.022606 1.011828 0.333545 0.004915 0.816616 0.421692 0.005202 0.601944 -0.298966 0.022475 0.958581 0.207632 0.004217 0.705744 -0.211731 0.004997 
0.460191 -0.138364 0.022619 1.011866 0.333821 0.004843 0.816630 0.421915 0.005364 0.601900 -0.298976 0.022490 0.958652 0.207896 0.003845 0.705710 -0.211757 0.004999 
0.460192 -0.138363 0.022629 1.011866 0.333825 0.004855 0.816630 0.421919 0.005324 0.601901 -0.298975 0.022499 0.958653 0.207899 0.003950 0.705711 -0.211756 0.004998 
0.460193 -0.138363 0.022634 1.011866 0.333828 0.004867 0.816631 0.421922 0.005291 0.601902 -0.298975 0.022503 0.958653 0.207902 0.004044 0.705711 -0.211756 0.004998 
0.460191 -0.138366 0.022642 1.011937 0.333833 0.005007 0.816712 0.421951 0.005186 0.601901 -0.298977 0.022511 0.958709 0.207913 0.004145 0.705709 -0.211758 0.004998 
0.460182 -0.138379 0.022661 1.011909 0.333926 0.004835 0.816661 0.421993 0.005164 0.601900 -0.298983 0.022530 0.958713 0.207992 0.003968 0.705701 -0.211761 0.004998 
0.460189 -0.138386 0.022664 1.011908 0.333928 0.004855 0.816660 0.421995 0.005152 0.601919 -0.298980 0.022534 0.958712 0.207993 0.004062 0.705714 -0.211750 0.004999 
0.460188 -0.138393 0.022672 1.011939 0.333981 0.004908 0.816704 0.422078 0.005196 0.601923 -0.298982 0.022540 0.958724 0.208056 0.004004 0.705714 -0.211749 0.004997 
0.460174 -0.138382 0.022686 1.011914 0.334130 0.004799 0.816658 0.422178 0.005343 0.601892 -0.298987 0.022555 0.958729 0.208192 0.003812 0.705691 -0.211767 0.004999 
0.460178 -0.138379 0.022713 1.011914 0.334133 0.004816 0.816658 0.422182 0.005306 0.601895 -0.298984 0.022581 0.958730 0.208195 0.003920 0.705692 -0.211766 0.004998 
0.460181 -0.138377 0.022737 1.011914 0.334137 0.004832 0.816658 0.422185 0.005274 0.601898 -0.298981 0.022605 0.958730 0.208198 0.004017 0.705693 -0.211765 0.004997 
0.460183 -0.138375 0.022756 1.011914 0.334139 0.004846 0.816658 0.422188 0.005246 0.601901 -0.298979 0.022623 0.958730 0.208200 0.004105 0.705693 -0.211765 0.004997 
0.460185 -0.138373 0.022773 1.011915 0.334142 0.004859 0.816658 0.422191 0.005221 0.601903 -0.298977 0.022641 0.958730 0.208202 0.004184 0.705694 -0.211764 0.004999 
0.460189 -0.138379 0.022783 1.011971 0.334132 0.004948 0.816719 0.422192 0.005090 0.601914 -0.298977 0.022650 0.958780 0.208194 0.004295 0.705699 -0.211760 0.004999 
0.460195 -0.138389 0.022789 1.012015 0.334131 0.005040 0.816769 0.422204 0.004999 0.601938 -0.298972 0.022657 0.958817 0.208197 0.004405 0.705714 -0.211744 0.005000 
0.460171 -0.138373 0.022817 1.012043 0.334309 0.004636 0.816768 0.422317 0.004983 0.601883 -0.298983 0.022687 0.958885 0.208358 0.003879 0.705672 -0.211777 0.005001 
0.460178 -0.138370 0.022864 1.012043 0.334311 0.004670 0.816768 0.422319 0.004987 0.601892 -0.298977 0.022730 0.958885 0.208360 0.003975 0.705676 -0.211775 0.004997 
0.460186 -0.138364 0.022922 1.012043 0.334313 0.004700 0.816768 0.422322 0.004991 0.601902 -0.298971 0.022788 0.958885 0.208362 0.004062 0.705679 -0.211772 0.004997 
0.460196 -0.138365 0.022964 1.012043 0.334315 0.004728 0.816769 0.422324 0.004994 0.601921 -0.298964 0.022832 0.958886 0.208364 0.004141 0.705689 -0.211763 0.005000 
0.460202 -0.138375 0.022966 1.012063 0.334326 0.004792 0.816790 0.422339 0.004985 0.601946 -0.298957 0.022835 0.958903 0.208376 0.004213 0.705703 -0.211743 0.005001 
0.460195 -0.138380 0.022970 1.012134 0.334338 0.004704 0.816861 0.422351 0.004772 0.601951 -0.298951 0.022841 0.958973 0.208387 0.004187 0.705702 -0.211730 0.005001 
0.460203 -0.138387 0.022978 1.012134 0.334339 0.004732 0.816862 0.422353 0.004794 0.601973 -0.298945 0.022860 0.958974 0.208389 0.004258 0.705716 -0.211717 0.005013 
0.460196 -0.138380 0.022992 1.012071 0.334441 0.004511 0.816778 0.422407 0.004908 0.601961 -0.298944 0.022870 0.958941 0.208478 0.003978 0.705705 -0.211720 0.005008 
0.460202 -0.138382 0.023015 1.012071 0.334443 0.004557 0.816777 0.422408 0.004920 0.601972 -0.298941 0.022881 0.958941 0.208480 0.004063 0.705710 -0.211716 0.004998 
0.460206 -0.138379 0.023045 1.012071 0.334444 0.004600 0.816777 0.422410 0.004932 0.601976 -0.298937 0.022912 0.958941 0.208481 0.004141 0.705711 -0.211715 0.004998 
0.460204 -0.138378 0.023058 1.012100 0.334432 0.004590 0.816806 0.422397 0.004818 0.601980 -0.298931 0.022931 0.958970 0.208468 0.004206 0.705711 -0.211705 0.005005 
0.460212 -0.138386 0.023063 1.012100 0.334433 0.004629 0.816805 0.422397 0.004839 0.602003 -0.298925 0.022950 0.958971 0.208469 0.004272 0.705726 -0.211691 0.005019 
0.460216 -0.138389 0.023071 1.012100 0.334434 0.004665 0.816805 0.422398 0.004857 0.602016 -0.298922 0.022972 0.958971 0.208470 0.004332 0.705735 -0.211684 0.005033 
0.460215 -0.138384 0.023081 1.012070 0.334516 0.004616 0.816765 0.422457 0.004998 0.602010 -0.298920 0.022973 0.958955 0.208546 0.004188 0.705730 -0.211685 0.005024 
0.460224 -0.138392 0.023091 1.012070 0.334517 0.004653 0.816765 0.422459 0.005000 0.602031 -0.298917 0.022973 0.958955 0.208547 0.004258 0.705742 -0.211674 0.005014 
0.460231 -0.138400 0.023091 1.012069 0.334519 0.004686 0.816764 0.422460 0.005001 0.602051 -0.298915 0.022962 0.958955 0.208548 0.004321 0.705755 -0.211664 0.005003 
0.460234 -0.138403 0.023092 1.012069 0.334520 0.004717 0.816764 0.422461 0.005003 0.602057 -0.298914 0.022960 0.958955 0.208549 0.004378 0.705759 -0.211660 0.004999 
0.460235 -0.138405 0.023089 1.012108 0.334528 0.004846 0.816810 0.422485 0.004975 0.602063 -0.298911 0.022961 0.958984 0.208562 0.004445 0.705763 -0.211654 0.005004 
0.460216 -0.138396 0.023097 1.011867 0.334751 0.004203 0.816489 0.422526 0.005020 0.602031 -0.298915 0.022967 0.958859 0.208736 0.003905 0.705737 -0.211667 0.005002 
0.460221 -0.138394 0.023123 1.011866 0.334752 0.004280 0.816487 0.422527 0.005020 0.602036 -0.298912 0.022988 0.958858 0.208737 0.004000 0.705739 -0.211666 0.004997 
0.460225 -0.138391 0.023157 1.011865 0.334753 0.004350 0.816486 0.422528 0.005021 0.602041 -0.298909 0.023020 0.958857 0.208738 0.004086 0.705740 -0.211665 0.004997 
0.460228 -0.138390 0.023186 1.011904 0.334728 0.004412 0.816532 0.422519 0.004952 0.602049 -0.298904 0.023049 0.958885 0.208717 0.004162 0.705743 -0.211660 0.004997 
0.460224 -0.138379 0.023205 1.011860 0.334803 0.004334 0.816476 0.422565 0.005057 0.602033 -0.298903 0.023068 0.958860 0.208784 0.004037 0.705732 -0.211667 0.004998 
0.460213 -0.138360 0.023225 1.011823 0.335020 0.004248 0.816405 0.422704 0.005267 0.601996 -0.298906 0.023087 0.958872 0.208982 0.003759 0.705706 -0.211690 0.004998 
0.460212 -0.138354 0.023240 1.011876 0.335083 0.004367 0.816458 0.422769 0.005212 0.601991 -0.298904 0.023102 0.958924 0.209045 0.003760 0.705702 -0.211691 0.004999 
0.460215 -0.138351 0.023260 1.011866 0.335110 0.004386 0.816450 0.422799 0.005246 0.601995 -0.298901 0.023122 0.958912 0.209073 0.003776 0.705704 -0.211690 0.004999 
0.460216 -0.138351 0.023268 1.011865 0.335112 0.004443 0.816449 0.422802 0.005219 0.601996 -0.298900 0.023128 0.958911 0.209075 0.003886 0.705704 -0.211689 0.004998 
