-0.999302 0.037359 -0.000499 0.998677 -0.051427 0.000033 0.075439 0.997150 -0.000302 -0.616509 0.787348 0.000197 -0.035599 -0.999365 -0.001337 0.613263 -0.789878 0.000823 
-0.999302 0.037360 -0.000448 0.998677 -0.051427 0.000032 0.075440 0.997150 -0.000306 -0.616507 0.787349 0.000187 -0.035599 -0.999365 -0.001230 0.613261 -0.789880 0.000755 
-0.999299 0.037431 0.000420 0.998676 -0.051436 0.000033 0.075451 0.997149 -0.000311 -0.616567 0.787303 -0.000078 -0.035672 -0.999362 -0.001696 0.613318 -0.789836 0.000644 
-0.999299 0.037432 0.000353 0.998676 -0.051438 0.000037 0.075451 0.997149 -0.000312 -0.616566 0.787303 -0.000062 -0.035673 -0.999362 -0.001533 0.613318 -0.789836 0.000600 
-0.999296 0.037502 -0.000397 0.998675 -0.051453 0.000044 0.075467 0.997148 -0.000325 -0.616491 0.787362 0.000272 -0.035741 -0.999359 -0.002028 0.613236 -0.789899 0.000980 
-0.999296 0.037516 -0.000358 0.998678 -0.051406 0.000510 0.075419 0.997152 -0.000871 -0.616525 0.787335 0.000250 -0.035755 -0.999359 -0.001858 0.613267 -0.789875 0.000823 
-0.999295 0.037538 -0.000319 0.998674 -0.051483 -0.000286 0.075494 0.997145 -0.001306 -0.616458 0.787388 0.000704 -0.035778 -0.999358 -0.001691 0.613203 -0.789925 0.000984 
-0.999288 0.037734 -0.000074 0.998674 -0.051483 -0.000256 0.075494 0.997145 -0.001206 -0.616518 0.787341 0.000572 -0.035974 -0.999352 -0.001557 0.613250 -0.789889 0.000832 
-0.999288 0.037735 -0.000066 0.998674 -0.051483 -0.000230 0.075496 0.997145 -0.001108 -0.616516 0.787342 0.000519 -0.035975 -0.999352 -0.001375 0.613248 -0.789890 0.000742 
-0.999288 0.037738 -0.000056 0.998674 -0.051483 -0.000209 0.075494 0.997146 -0.001031 -0.616514 0.787344 0.000475 -0.035978 -0.999352 -0.001206 0.613246 -0.789892 0.000661 
-0.999261 0.038432 -0.000043 0.998668 -0.051587 -0.000193 0.075599 0.997138 -0.001005 -0.616502 0.787353 0.000442 -0.036672 -0.999327 -0.001046 0.613189 -0.789936 0.000593 
-0.999193 0.040155 -0.000022 0.998668 -0.051588 -0.000180 0.075601 0.997138 -0.000946 -0.616489 0.787363 0.000401 -0.038395 -0.999262 -0.000864 0.613039 -0.790053 0.000507 
-0.999070 0.043111 0.000015 0.998668 -0.051591 -0.000178 0.075603 0.997138 -0.000915 -0.616479 0.787371 0.000367 -0.041352 -0.999144 -0.000657 0.612789 -0.790246 0.000412 
-0.998967 0.045431 0.000889 0.998668 -0.051595 -0.000175 0.075608 0.997137 -0.000892 -0.616458 0.787387 0.000327 -0.043672 -0.999046 -0.000270 0.612578 -0.790410 -0.000313 
-0.998879 0.047190 0.003612 0.998667 -0.051614 -0.000180 0.075627 0.997136 -0.000871 -0.616427 0.787412 0.000287 -0.045430 -0.998967 0.000462 0.612397 -0.790547 -0.002412 
-0.998772 0.048930 0.007728 0.998637 -0.052176 -0.001429 0.076185 0.997093 -0.001248 -0.616230 0.787565 0.000969 -0.047159 -0.998886 0.001759 0.612085 -0.790773 -0.005412 
-0.998561 0.052045 0.012960 0.998505 -0.054582 -0.002869 0.078581 0.996904 -0.002889 -0.616310 0.787501 0.001954 -0.050248 -0.998731 0.003293 0.612093 -0.790736 -0.008890 
-0.998195 0.056767 0.019621 0.998272 -0.058376 -0.006687 0.082338 0.996586 -0.006027 -0.615797 0.787894 0.004111 -0.054915 -0.998477 0.005286 0.611468 -0.791171 -0.012473 
-0.997610 0.063299 0.027723 0.997940 -0.063646 -0.008010 0.087596 0.996140 -0.005575 -0.616074 0.787679 0.003720 -0.061339 -0.998084 0.008064 0.611524 -0.791022 -0.017951 
0.997469 -0.070271 -0.010868 -0.996780 0.070995 0.037264 -0.068855 -0.997561 0.011467 0.611424 -0.790957 -0.023400 0.094197 0.995539 -0.005355 -0.616254 0.787541 0.003217 
0.996806 -0.078332 -0.015542 -0.995586 0.080481 0.048277 -0.078054 -0.996826 0.015640 0.610832 -0.791228 -0.029020 0.102221 0.994747 -0.005474 -0.616084 0.787675 0.002948 
0.995872 -0.088076 -0.021946 -0.993942 0.091645 0.060672 -0.088769 -0.995832 0.020941 0.610236 -0.791450 -0.034901 0.111922 0.993702 -0.005503 -0.616049 0.787703 0.002650 
0.994552 -0.100058 -0.029246 -0.991832 0.104285 0.073446 -0.100775 -0.994536 0.027265 0.609527 -0.791711 -0.040870 0.123853 0.992284 -0.005742 -0.615946 0.787785 0.002413 
0.993029 -0.112412 -0.035444 -0.989398 0.117364 0.085546 -0.113058 -0.993001 0.034163 0.608681 -0.792012 -0.047169 0.136141 0.990668 -0.006497 -0.615839 0.787869 0.002202 
0.991572 -0.123172 -0.040180 -0.986856 0.129896 0.096133 -0.124664 -0.991334 0.041432 0.607680 -0.792445 -0.052494 0.146737 0.989127 -0.009782 -0.615750 0.787939 0.002005 
0.991253 -0.127475 -0.034168 -0.986013 0.131943 0.101829 -0.124482 -0.990369 0.060604 0.596436 -0.797897 -0.087325 0.151027 0.988474 -0.010519 -0.606629 0.794683 0.021904 
0.991999 -0.125019 -0.017558 -0.987969 0.121640 0.095500 -0.113942 -0.991327 0.065480 0.561583 -0.817612 -0.127022 0.148689 0.988830 -0.010368 -0.572918 0.817755 0.055146 
-0.989385 0.113130 0.091213 0.992179 -0.124806 -0.002281 0.148614 0.988845 -0.009933 -0.543764 0.835038 0.083861 -0.105321 -0.992062 0.068711 0.531335 -0.831670 -0.161270 
-0.990545 0.102955 0.090669 0.992125 -0.125236 -0.001858 0.149041 0.988764 -0.011489 -0.517835 0.846609 0.122880 -0.094828 -0.992885 0.072018 0.504419 -0.840409 -0.198176 
-0.990055 0.076555 0.118028 0.992125 -0.125243 -0.001716 0.149030 0.988686 -0.017049 -0.498252 0.857520 0.128080 -0.064099 -0.993700 0.091927 0.480765 -0.848397 -0.221558 
-0.991577 0.026312 0.126820 0.992125 -0.125242 -0.001568 0.149023 0.988650 -0.019054 -0.448903 0.884367 0.127990 -0.013779 -0.996278 0.085086 0.428687 -0.875962 -0.221173 
-0.991397 -0.011120 0.130414 0.992125 -0.125247 -0.001495 0.148966 0.988307 -0.032545 -0.403446 0.905554 0.131157 0.023004 -0.996814 0.076372 0.379400 -0.899696 -0.215875 
-0.989438 -0.059717 0.132086 0.992123 -0.125258 -0.001434 0.148887 0.987729 -0.047155 -0.357480 0.924036 0.135523 0.069539 -0.995932 0.057311 0.327049 -0.921647 -0.208818 
-0.979005 -0.138081 0.149942 0.991959 -0.126552 -0.001414 0.149993 0.986332 -0.068195 -0.328626 0.937329 0.115844 0.147881 -0.988029 0.043929 0.284133 -0.940521 -0.186249 
0.235865 -0.964266 -0.120663 0.991940 -0.126701 -0.001377 -0.959588 -0.233486 0.157084 0.149974 0.985157 -0.083505 -0.298698 0.949583 0.095243 
0.991934 -0.126752 -0.001367 -0.937637 -0.308637 0.159935 0.214641 -0.970907 -0.106156 0.149789 0.983490 -0.101538 -0.340235 0.939844 -0.030550 -0.255645 0.960495 0.109978 
0.991932 -0.126765 -0.001371 -0.920629 -0.368001 0.130453 0.186821 -0.977713 -0.095787 0.149522 0.981499 -0.119591 -0.394818 0.918702 -0.010246 -0.205164 0.973158 0.104268 
0.991928 -0.126792 -0.001435 -0.914876 -0.392664 0.093898 0.163810 -0.982512 -0.088519 0.149044 0.977919 -0.146494 -0.415264 0.909594 0.013952 -0.170836 0.979448 0.107227 
-0.909512 -0.411772 0.056849 0.991924 -0.126822 -0.001501 0.138651 -0.987182 -0.079046 -0.432651 0.901115 0.028361 0.148505 0.973832 -0.172040 -0.136065 0.984649 0.109330 
-0.903928 -0.426778 0.027840 0.991920 -0.126856 -0.001582 0.113994 -0.991403 -0.064236 -0.447853 0.893776 0.024314 0.147899 0.969244 -0.196705 -0.103453 0.988943 0.106256 
-0.894047 -0.447929 -0.006219 0.991915 -0.126891 -0.001671 0.088127 -0.994795 -0.051148 -0.469334 0.882757 0.021558 0.147238 0.964253 -0.220313 -0.069913 0.991912 0.105936 
-0.881494 -0.471019 -0.033299 0.991909 -0.126936 -0.001801 0.066342 -0.997147 -0.036021 -0.492776 0.870013 0.015794 0.146353 0.957617 -0.248095 -0.042527 0.993881 0.101937 
-0.865318 -0.497050 -0.064546 0.991833 -0.127529 -0.001960 0.048501 -0.998553 -0.023212 -0.520050 0.853788 0.024375 0.145719 0.948942 -0.279777 -0.021204 0.994900 0.098608 
-0.850892 -0.518811 -0.082577 0.991120 -0.132951 -0.002211 0.037881 -0.999277 -0.003271 -0.542694 0.839523 0.026165 0.149076 0.935674 -0.319828 -0.009842 0.996273 0.085688 
-0.843167 -0.531052 -0.083983 0.989702 -0.143133 -0.001711 0.031883 -0.999110 0.027609 -0.553797 0.832606 0.008671 0.156463 0.918139 -0.364060 -0.004603 0.998159 0.060470 
-0.841176 -0.536516 -0.067631 0.988146 -0.153505 0.001916 0.028722 -0.997286 0.067785 -0.556548 0.830522 -0.022101 0.164512 0.897145 -0.409959 -0.002287 0.999733 0.022974 
-0.844853 -0.534997 0.001272 0.987951 -0.153983 0.015574 0.027917 -0.996784 0.075112 -0.555159 0.831701 -0.008438 0.168268 0.878048 -0.448015 -0.001199 0.999988 -0.004646 
-0.843969 -0.536391 0.001104 0.992457 -0.122587 0.000846 0.024878 -0.995976 0.086103 -0.556319 0.830408 -0.030523 0.132327 0.871792 -0.471665 0.007756 0.999963 -0.003736 
-0.837808 -0.545963 -0.001509 0.994415 -0.102981 -0.023100 0.015593 -0.994371 0.104804 -0.565117 0.823280 -0.053415 0.101827 0.861289 -0.497809 0.023119 0.999699 -0.008234 
-0.835476 -0.549525 -0.001589 0.994689 -0.094284 -0.041272 0.004616 -0.991615 0.129147 -0.567391 0.819102 -0.084496 0.082699 0.847088 -0.524978 0.038549 0.999053 -0.020156 
-0.835665 -0.549187 -0.007584 0.994123 -0.091658 -0.057614 -0.006331 -0.987619 0.156744 -0.565333 0.817902 -0.106933 0.068693 0.830246 -0.553149 0.052886 0.997920 -0.036867 
-0.832380 -0.553910 -0.018074 0.993115 -0.090757 -0.074071 -0.014176 -0.982698 0.184671 -0.567366 0.813360 -0.128610 0.054973 0.811379 -0.581930 0.063230 0.996579 -0.053211 
-0.828121 -0.559916 -0.026645 0.992357 -0.086309 -0.088198 -0.015712 -0.977709 0.209376 -0.570961 0.808320 -0.143603 0.064016 0.985972 -0.154144 
-0.822575 -0.567970 -0.027953 0.992029 -0.078423 -0.098631 -0.577616 0.801741 -0.153531 0.058843 0.983782 -0.169443 -0.012513 -0.988527 0.150527 -0.001289 -0.780335 0.625361 
-0.815870 -0.577872 -0.020513 0.991874 -0.067818 -0.107643 -0.587247 0.793192 -0.161209 0.049103 0.981966 -0.182571 -0.004251 -0.986260 0.165148 0.015210 -0.767943 0.640337 
-0.807252 -0.590129 -0.009636 0.991769 -0.054214 -0.115994 -0.599796 0.782440 -0.167429 0.035166 0.980474 -0.193481 0.008834 -0.984284 0.176371 0.033026 -0.757743 0.651717 
-0.801899 -0.597459 -0.000707 0.991847 -0.038194 -0.121577 -0.607845 0.775770 -0.169430 0.018564 0.978844 -0.203765 0.025368 -0.982246 0.185873 0.050261 -0.749575 0.660008 
-0.801891 -0.597470 -0.000589 0.991456 -0.020634 -0.128797 -0.607966 0.775873 -0.168519 0.004463 0.977060 -0.212919 0.038684 -0.979842 0.195991 0.069340 -0.742395 0.666365 
-0.801882 -0.597482 -0.000466 0.990363 -0.015622 -0.137609 -0.608090 0.775982 -0.167568 -0.001694 0.975128 -0.221637 0.044136 -0.977407 0.206706 0.080160 -0.735134 0.673166 
-0.801876 -0.597491 -0.000345 0.988459 -0.019336 -0.150249 -0.608226 0.776111 -0.166469 -0.000876 0.973735 -0.227684 0.042321 -0.975439 0.216166 0.087080 -0.729442 0.678477 
-0.801871 -0.597497 -0.000223 0.986123 -0.027084 -0.163792 -0.608425 0.776330 -0.164712 0.003086 0.972895 -0.231226 0.037429 -0.973995 0.223455 0.091544 -0.725699 0.681895 
-0.801868 -0.597501 -0.000101 0.983484 -0.034025 -0.177769 -0.608714 0.776678 -0.161983 0.007175 0.972635 -0.232226 0.032415 -0.973105 0.228069 0.096651 -0.723849 0.683156 
-0.802035 -0.597277 0.000011 0.980748 -0.037774 -0.191592 -0.608968 0.777448 -0.157265 0.009581 0.972970 -0.230735 0.029133 -0.972866 0.229529 0.103633 -0.723637 0.682356 
-0.803056 -0.595903 0.000072 0.978139 -0.038691 -0.204319 -0.608401 0.779507 -0.149054 0.009845 0.973714 -0.227563 0.028226 -0.973234 0.228077 0.111637 -0.724437 0.680242 
-0.803308 -0.595553 0.003588 0.975445 -0.038175 -0.216908 -0.609069 0.780283 -0.142105 0.009368 0.974907 -0.222413 0.028120 -0.974211 0.223882 0.120232 -0.726414 0.676659 
-0.803410 -0.595396 0.005902 0.972614 -0.036306 -0.229575 -0.609925 0.781293 -0.132561 0.008370 0.976638 -0.214730 0.028553 -0.975779 0.216887 0.129418 -0.729744 0.671360 
-0.803444 -0.595356 0.005326 0.969350 -0.033519 -0.243387 -0.610844 0.782876 -0.118214 0.007803 0.978834 -0.204508 0.028387 -0.977827 0.207482 0.139578 -0.734341 0.664274 
-0.803153 -0.595712 0.008552 0.965784 -0.030205 -0.257584 -0.612313 0.783641 -0.104786 0.007330 0.981301 -0.192340 0.028221 -0.980297 0.195502 0.149734 -0.740568 0.655087 
-0.802889 -0.596079 0.007689 0.962017 -0.026228 -0.271725 -0.613601 0.785029 -0.084990 0.006598 0.984149 -0.177221 0.028455 -0.983170 0.180463 0.159568 -0.748491 0.643661 
-0.802844 -0.596148 0.006984 0.957797 -0.021191 -0.286663 -0.614466 0.786413 -0.063141 0.005958 0.987144 -0.159719 0.028613 -0.986229 0.162894 0.169868 -0.758002 0.629744 
-0.808789 -0.588065 0.006320 0.952004 -0.017557 -0.305581 -0.607162 0.793748 -0.036317 0.000926 0.990407 -0.138174 0.036975 -0.988147 0.148989 0.166900 -0.803189 0.571866 
-0.816083 -0.577934 0.001016 0.948266 -0.008239 -0.317371 -0.597393 0.801921 -0.006603 -0.012837 0.992780 -0.119264 0.055154 -0.989006 0.137206 0.161404 -0.845054 0.509738 
-0.818295 -0.574799 0.000008 0.947426 0.006400 -0.319911 -0.594321 0.804225 0.002294 -0.036386 0.993932 -0.103805 0.083652 -0.988059 0.129391 0.155000 -0.881045 0.446917 
-0.818295 -0.574799 0.000114 0.944933 -0.001310 -0.327262 -0.594184 0.804041 0.021527 -0.059247 0.994676 -0.084315 0.114443 -0.986870 0.113974 0.135066 -0.906949 0.398999 
-0.818293 -0.574801 0.000285 0.941891 -0.035722 -0.334013 0.142843 -0.981048 0.130922 -0.593521 0.803113 0.052369 -0.070707 0.926150 -0.370468 -0.083972 0.996443 -0.007048 
-0.824091 -0.566457 0.000458 0.942935 -0.057142 -0.328038 0.156615 -0.981852 0.106950 -0.583837 0.806976 0.089012 -0.021847 0.953010 -0.302150 -0.108811 0.994062 -0.000015 
-0.856076 -0.516849 0.001295 0.940360 -0.096372 -0.326245 0.152632 -0.983873 0.093261 -0.532266 0.835403 0.137096 0.033018 0.964128 -0.263378 -0.114137 0.993465 -0.000418 
-0.880849 -0.472987 0.019678 0.943294 -0.106647 -0.314362 0.152689 -0.984875 0.081897 -0.483756 0.857353 0.175856 0.040995 0.959414 -0.279005 -0.119637 0.992818 -0.000353 
-0.892766 -0.448608 0.041463 0.942078 -0.125143 -0.311172 0.146823 -0.986710 0.069616 -0.454023 0.868355 0.199557 0.068386 0.963757 -0.257868 -0.119287 0.992860 -0.000395 
-0.899796 -0.430957 0.068134 0.939548 -0.137358 -0.313659 0.143131 -0.987868 0.060247 -0.429615 0.875890 0.219652 0.082734 0.964390 -0.251210 -0.119194 0.992871 -0.000431 
-0.903027 -0.419042 0.094587 0.934831 -0.148918 -0.322358 0.140562 -0.988622 0.053565 -0.410665 0.880778 0.235763 0.093761 0.964174 -0.248147 -0.119142 0.992877 -0.000528 
-0.903884 -0.410491 0.120377 0.929169 -0.157877 -0.334246 0.138860 -0.989112 0.048747 -0.395088 0.884313 0.248788 0.100191 0.963430 -0.248526 -0.119104 0.992882 -0.000670 
-0.902910 -0.404567 0.145185 0.922806 -0.166000 -0.347668 0.137586 -0.989469 0.044957 -0.382164 0.886756 0.260027 0.104952 0.962492 -0.250190 -0.119066 0.992886 -0.000816 
-0.900447 -0.400642 0.169353 0.915881 -0.172965 -0.362276 0.136655 -0.989737 0.041777 -0.371169 0.888378 0.270218 0.108175 0.961646 -0.252061 -0.119057 0.992887 -0.000974 
-0.897024 -0.397557 0.193123 0.908492 -0.178095 -0.378054 0.135967 -0.989948 0.038929 -0.360641 0.889506 0.280566 0.109174 0.961021 -0.254008 -0.119051 0.992887 -0.001140 
-0.892418 -0.395741 0.216746 0.900539 -0.182076 -0.394813 0.135534 -0.990093 0.036692 -0.351466 0.890324 0.289475 0.108127 0.960297 -0.257173 -0.118936 0.992901 -0.001283 
-0.885383 -0.398103 0.240022 0.891217 -0.186195 -0.413597 0.135998 -0.990071 0.035541 -0.347220 0.889987 0.295569 0.106385 0.959490 -0.260885 -0.119040 0.992888 -0.001463 
-0.876584 -0.403953 0.261577 0.880703 -0.188059 -0.434737 0.137523 -0.989854 0.035716 -0.347608 0.888579 0.299324 0.100726 0.958696 -0.266001 -0.119046 0.992888 -0.001469 
-0.876786 -0.396156 0.272594 0.870788 -0.179621 -0.457674 0.141556 -0.989127 0.039868 -0.338533 0.892864 0.296968 0.080979 0.958161 -0.274536 -0.120087 0.992762 -0.001568 
-0.877103 -0.387474 0.283820 0.861923 -0.168300 -0.478292 0.144633 -0.988565 0.042657 -0.327947 0.897110 0.296047 0.059766 0.958205 -0.279771 -0.120456 0.992717 -0.001630 
-0.875060 -0.381521 0.297846 0.848971 -0.160955 -0.503331 0.148160 -0.987895 0.045959 -0.319182 0.900227 0.296166 0.040038 0.957277 -0.286388 -0.120583 0.992702 -0.001737 
-0.867921 -0.380715 0.319013 0.831555 -0.157575 -0.532622 0.152209 -0.987157 0.048511 -0.313238 0.901395 0.298945 0.021475 0.955466 -0.294318 -0.120820 0.992673 -0.001840 
-0.857466 -0.379930 0.346995 0.811022 -0.155497 -0.563972 0.155749 -0.986562 0.049376 -0.304569 0.902413 0.304776 0.003340 0.953680 -0.300805 -0.120966 0.992655 -0.001932 
-0.842414 -0.383797 0.378203 0.786893 -0.157088 -0.596761 0.159528 -0.985940 0.049737 -0.299831 0.901880 0.310990 -0.011693 0.951863 -0.306299 -0.121142 0.992633 -0.002017 
0.163891 -0.985183 0.050537 0.758819 -0.162150 -0.630795 -0.946746 0.319406 0.040634 -0.824832 -0.389238 0.410057 0.027028 0.930319 -0.365754 0.720114 0.693705 -0.014473 
-0.948672 0.313720 0.040016 0.167312 -0.984634 0.050019 -0.804557 -0.391923 0.446189 0.728318 -0.170128 -0.663784 0.027613 0.925050 -0.378841 0.744294 0.667693 -0.014533 
-0.948997 0.312849 0.039115 0.170278 -0.984236 0.047809 -0.778400 -0.395643 0.487401 0.695555 -0.183697 -0.694592 0.028235 0.914780 -0.402964 0.769732 0.638222 -0.013621 
-0.947196 0.318329 0.038562 0.174438 -0.983753 0.042450 -0.747870 -0.397676 0.531549 0.669261 -0.196698 -0.716519 0.034777 0.900207 -0.434072 0.792017 0.610379 -0.012125 
0.180838 -0.982901 0.034695 0.648039 -0.206382 -0.733111 -0.711234 -0.400504 0.577705 -0.944541 0.326116 0.038611 0.047864 0.884022 -0.464988 0.809330 0.587258 -0.010609 
-0.671251 -0.402183 0.622633 -0.942447 0.332052 0.039177 0.186563 -0.982079 0.026752 0.626483 -0.214939 -0.749213 0.061646 0.866601 -0.495179 0.822613 0.568526 -0.009267 
-0.630133 -0.403303 0.663536 -0.942902 0.330729 0.039432 0.188484 -0.981863 0.020454 0.600235 -0.224166 -0.767768 0.078895 0.853299 -0.515419 0.832228 0.554373 -0.008215 
-0.593771 -0.402193 0.696905 -0.945735 0.322567 0.039185 0.187336 -0.982154 0.016674 0.572635 -0.234803 -0.785466 0.078281 0.826604 -0.557313 0.838073 0.545525 -0.006053 
-0.560445 -0.399895 0.725249 -0.948140 0.315478 0.038776 0.184593 -0.982712 0.014200 0.544154 -0.245896 -0.802142 0.078284 0.793676 -0.603283 0.843444 0.537204 -0.003796 
-0.530985 -0.395877 0.749224 -0.950133 0.309489 0.038275 0.518316 -0.255772 -0.816045 0.081164 0.762323 -0.642087 0.847782 0.530341 -0.002026 0.157769 -0.914102 -0.373533 0.183291 -0.979993 0.077576 
-0.503611 -0.390940 0.770416 -0.951504 0.305315 0.037736 0.496626 -0.263452 -0.827016 0.850836 0.525348 -0.009306 0.142808 -0.916390 -0.373947 0.184642 -0.979902 0.075498 0.090093 0.739278 -0.667346 0.673054 0.448705 0.587930 
-0.480984 -0.385308 0.787523 -0.952204 0.303213 0.037008 0.475505 -0.268849 -0.837625 0.853115 0.521634 -0.009578 0.129024 -0.918824 -0.372982 0.185560 -0.979830 0.074161 0.112599 0.735263 -0.668363 0.624806 0.470629 0.622998 
-0.461660 -0.379561 0.801750 -0.952625 0.301900 0.036899 0.455265 -0.271799 -0.847855 0.853915 0.520290 -0.011336 0.116315 -0.921189 -0.371324 0.186831 -0.979669 0.073093 0.139724 0.745389 -0.651823 0.569506 0.478013 0.668705 
-0.445149 -0.373548 0.813820 -0.952482 0.302450 0.036073 0.436457 -0.272532 -0.857456 0.853567 0.520835 -0.012399 0.103833 -0.923506 -0.369264 0.188793 -0.979358 0.072210 0.169613 0.756722 -0.631350 0.510559 0.480487 0.713065 
-0.435191 -0.378108 0.817094 -0.952190 0.303370 0.036069 0.427411 -0.279502 -0.859766 0.853718 0.520525 -0.014831 0.103681 -0.921817 -0.373503 0.186319 -0.979795 0.072711 0.187921 0.782591 -0.593496 0.497802 0.445014 0.744417 
-0.441383 -0.377582 0.814011 -0.951608 0.305209 0.035920 0.421612 -0.279295 -0.862692 0.853852 0.520265 -0.016134 0.103061 -0.921751 -0.373837 0.182847 -0.980347 0.074074 0.201196 0.799414 -0.566090 0.489618 0.418468 0.764956 
-0.449292 -0.375096 0.810826 -0.951108 0.306786 0.035714 0.420386 -0.275903 -0.864380 0.854012 0.519975 -0.017028 0.100248 -0.922286 -0.373281 0.179798 -0.980862 0.074713 0.208302 0.813961 -0.542290 0.483434 0.396304 0.780535 
-0.455146 -0.371631 0.809155 -0.950833 0.307680 0.035350 0.423559 -0.273935 -0.863456 0.854026 0.519920 -0.017986 0.096259 -0.923210 -0.372046 0.178295 -0.981151 0.074518 0.213847 0.826745 -0.520349 0.477310 0.376327 0.794074 
-0.460685 -0.369094 0.807180 -0.950690 0.308148 0.035133 0.428695 -0.273095 -0.861185 0.853568 0.520639 -0.018894 0.092753 -0.923734 -0.371634 0.177625 -0.981292 0.074269 0.216256 0.836344 -0.503748 0.469571 0.363268 0.804699 
-0.466999 -0.368213 0.803947 -0.950667 0.308227 0.035047 0.432915 -0.271977 -0.859426 0.852881 0.521742 -0.019494 0.090271 -0.923535 -0.372739 0.177272 -0.981341 0.074465 0.213428 0.844169 -0.491759 0.456786 0.358717 0.814045 
-0.473064 -0.367959 0.800510 -0.950741 0.308001 0.035030 0.434590 -0.272098 -0.858542 0.852539 0.522290 -0.019750 0.087833 -0.923029 -0.374570 0.175373 -0.981639 0.075021 0.207439 0.849672 -0.484796 0.445684 0.359070 0.820021 
-0.477920 -0.366595 0.798248 -0.950682 0.308177 0.035087 0.434504 -0.273348 -0.858188 0.852969 0.521575 -0.020060 0.084034 -0.922907 -0.375740 0.171481 -0.982294 0.075448 0.201651 0.854901 -0.477997 0.439411 0.357193 0.824215 
-0.481619 -0.364215 0.797114 -0.950603 0.308421 0.035079 0.433488 -0.275062 -0.858154 0.853936 0.519983 -0.020260 0.079407 -0.923190 -0.376053 0.166518 -0.983131 0.075661 0.195626 0.859518 -0.472185 0.435188 0.355397 0.827227 
-0.950531 0.308644 0.035073 0.161206 -0.984014 0.075690 0.432424 -0.276983 -0.858073 0.855041 0.518163 -0.020314 0.074592 -0.923571 -0.376101 -0.484214 -0.361643 0.796713 0.188556 0.862889 -0.468901 0.432118 0.355859 0.828637 
-0.950464 0.308849 0.035074 0.155917 -0.984867 0.075672 0.431287 -0.279131 -0.857950 0.856114 0.516387 -0.020318 0.069744 -0.923948 -0.376105 -0.486336 -0.359066 0.796586 0.181523 0.865457 -0.466941 0.429197 0.357492 0.829451 
-0.950399 0.309050 0.035074 0.150754 -0.985672 0.075662 0.429945 -0.281304 -0.857913 0.857155 0.514658 -0.020313 0.064952 -0.924307 -0.376083 -0.488278 -0.356506 0.796547 0.175187 0.867639 -0.465309 0.426377 0.359138 0.830195 
-0.950333 0.309254 0.035067 0.145687 -0.986434 0.075650 0.428416 -0.283439 -0.857975 0.858186 0.512936 -0.020311 0.060192 -0.924667 -0.375989 -0.490041 -0.353918 0.796619 0.169595 0.869630 -0.463661 0.423723 0.360427 0.830994 
-0.950266 0.309462 0.035052 0.140704 -0.987159 0.075624 0.426712 -0.285496 -0.858143 0.859219 0.511205 -0.020300 0.055446 -0.925040 -0.375802 -0.491603 -0.351276 0.796826 0.164512 0.871426 -0.462117 0.421280 0.361546 0.831749 
-0.950206 0.309654 0.034978 0.135804 -0.987848 0.075587 0.424882 -0.287432 -0.858404 0.860251 0.509468 -0.020265 0.050766 -0.925401 -0.375573 -0.492966 -0.348656 0.797134 0.160214 0.873344 -0.460002 0.418896 0.361818 0.832835 
-0.950181 0.309687 0.035358 0.130798 -0.988518 0.075659 0.422649 -0.289450 -0.858829 0.861135 0.507953 -0.020746 0.046486 -0.925578 -0.375693 -0.494301 -0.346523 0.797238 0.155940 0.876173 -0.456074 0.419806 0.359160 0.833527 
-0.950260 0.309475 0.035089 0.125923 -0.989141 0.075791 0.420252 -0.291633 -0.859266 0.862037 0.506431 -0.020489 0.042375 -0.925609 -0.376101 -0.495574 -0.344721 0.797229 0.151587 0.878112 -0.453807 0.416788 0.359520 0.834885 
-0.950304 0.309314 0.035313 0.121708 -0.989664 0.075846 0.418662 -0.293734 -0.859327 0.862667 0.505345 -0.020780 0.038525 -0.925625 -0.376476 -0.496786 -0.343021 0.797208 0.146544 0.880443 -0.450939 0.416090 0.358706 0.835583 
-0.950431 0.308881 0.035685 0.117474 -0.990166 0.075962 0.416851 -0.295859 -0.859478 0.863185 0.504437 -0.021336 0.034866 -0.925533 -0.377059 -0.498003 -0.341581 0.797066 0.140887 0.884112 -0.445530 0.416017 0.355494 0.836991 
-0.950549 0.308546 0.035435 -0.499168 -0.339947 0.797037 0.415798 -0.297656 -0.859368 0.113767 -0.990599 0.075962 0.031349 -0.925546 -0.377335 0.863706 0.503555 -0.021072 0.135512 0.885482 -0.444475 0.412441 0.357478 0.837915 
-0.950601 0.308403 0.035294 -0.500170 -0.338406 0.797064 0.414853 -0.299367 -0.859230 0.110257 -0.990997 0.075944 0.028031 -0.925553 -0.377578 0.864275 0.502589 -0.020824 0.130198 0.885945 -0.445140 0.410264 0.360584 0.837653 
-0.950674 0.308184 0.035223 -0.501032 -0.336778 0.797212 0.413904 -0.300890 -0.859156 0.106970 -0.991361 0.075900 0.024887 -0.925635 -0.377597 0.864815 0.501665 -0.020692 0.124751 0.886740 -0.445118 0.408569 0.362909 0.837477 
-0.950650 0.308200 0.035731 -0.501764 -0.335304 0.797373 0.413162 -0.302236 -0.859041 0.104132 -0.991667 0.075843 0.022131 -0.925722 -0.377558 0.865241 0.500909 -0.021154 0.119628 0.887700 -0.444610 0.410616 0.363494 0.836222 
-0.950633 0.308255 0.035705 -0.502407 -0.334062 0.797490 0.412630 -0.303338 -0.858908 0.101790 -0.991915 0.075790 0.019822 -0.925787 -0.377525 0.865665 0.500184 -0.020986 0.115553 0.887311 -0.446460 0.409200 0.367034 0.835369 
-0.950655 0.308214 0.035491 -0.502978 -0.333044 0.797556 0.411874 -0.304295 -0.858932 0.099667 -0.992130 0.075789 0.017831 -0.925812 -0.377564 0.866090 0.499459 -0.020694 0.112660 0.887263 -0.447293 0.407612 0.369271 0.835159 
-0.950639 0.308262 0.035488 -0.503396 -0.332213 0.797638 0.411412 -0.305008 -0.858901 0.098007 -0.992298 0.075763 0.016245 -0.925841 -0.377565 0.866394 0.498935 -0.020611 0.110204 0.887162 -0.448105 0.407474 0.370893 0.834508 
-0.950661 0.308197 0.035477 -0.503704 -0.331590 0.797703 0.410959 -0.305589 -0.858911 0.096694 -0.992427 0.075753 0.015012 -0.925852 -0.377587 0.866599 0.498581 -0.020587 0.108285 0.887538 -0.447828 0.407277 0.371328 0.834411 
-0.950719 0.308024 0.035424 -0.503900 -0.331164 0.797756 0.410456 -0.306080 -0.858977 0.095627 -0.992530 0.075759 0.014065 -0.925839 -0.377657 0.866736 0.498344 -0.020545 0.106887 0.888065 -0.447120 0.407124 0.371175 0.834553 
-0.950713 0.308044 0.035410 -0.503836 -0.330873 0.797918 0.410477 -0.306371 -0.858863 0.095304 -0.992566 0.075703 0.013585 -0.925883 -0.377566 0.866793 0.498244 -0.020542 0.106425 0.888126 -0.447109 0.407514 0.371204 0.834350 
-0.950734 0.307980 0.035414 -0.503710 -0.330922 0.797977 0.410367 -0.306569 -0.858845 0.095194 -0.992576 0.075703 0.013497 -0.925854 -0.377640 0.866763 0.498297 -0.020558 0.106205 0.888289 -0.446836 0.408554 0.370710 0.834061 
-0.950727 0.307998 0.035420 -0.503638 -0.330984 0.797997 0.410271 -0.306712 -0.858839 0.095119 -0.992583 0.075707 0.013548 -0.925843 -0.377667 0.866755 0.498310 -0.020556 0.106215 0.888239 -0.446934 0.409688 0.370460 0.833616 
-0.950775 0.307852 0.035417 -0.503845 -0.330953 0.797879 0.410120 -0.306854 -0.858861 0.095022 -0.992590 0.075738 0.013738 -0.925876 -0.377576 0.866699 0.498408 -0.020577 0.105833 0.888535 -0.446435 0.410405 0.369906 0.833509 
-0.950798 0.307781 0.035421 -0.503701 -0.331055 0.797927 0.409962 -0.307021 -0.858877 0.094960 -0.992594 0.075758 0.013730 -0.925840 -0.377666 0.866668 0.498461 -0.020585 0.105692 0.888579 -0.446382 0.411318 0.369630 0.833182 
-0.950878 0.307531 0.035422 -0.503625 -0.331197 0.797917 0.409765 -0.307192 -0.858910 0.094852 -0.992602 0.075787 0.013747 -0.925784 -0.377802 0.866576 0.498618 -0.020646 0.105200 0.889282 -0.445097 0.411697 0.368476 0.833505 
-0.950879 0.307529 0.035426 -0.503497 -0.331251 0.797974 0.409665 -0.307344 -0.858903 0.094831 -0.992604 0.075793 0.013740 -0.925769 -0.377839 0.866567 0.498634 -0.020643 0.105164 0.889182 -0.445304 0.412593 0.368414 0.833089 
-0.950878 0.307532 0.035426 -0.503408 -0.331276 0.798021 0.409543 -0.307435 -0.858928 0.094791 -0.992607 0.075802 0.013725 -0.925763 -0.377854 0.866576 0.498618 -0.020644 0.105128 0.889166 -0.445345 0.413212 0.368279 0.832842 
-0.950874 0.307545 0.035428 -0.503339 -0.331317 0.798047 0.409462 -0.307518 -0.858938 0.094737 -0.992612 0.075810 0.013718 -0.925750 -0.377888 0.866583 0.498606 -0.020644 0.105103 0.889154 -0.445375 0.413775 0.368147 0.832622 
-0.950872 0.307551 0.035434 -0.503255 -0.331390 0.798070 0.409344 -0.307635 -0.858952 0.094681 -0.992616 0.075825 0.013725 -0.925724 -0.377950 0.866583 0.498606 -0.020647 0.105078 0.889131 -0.445427 0.414417 0.368011 0.832362 
-0.950870 0.307554 0.035436 -0.503178 -0.331421 0.798105 0.409245 -0.307723 -0.858968 0.094643 -0.992619 0.075834 0.013719 -0.925716 -0.377969 0.866591 0.498592 -0.020648 0.105052 0.889117 -0.445460 0.414940 0.367894 0.832153 
-0.950863 0.307575 0.035444 -0.503114 -0.331499 0.798114 0.409115 -0.307826 -0.858993 0.094578 -0.992623 0.075853 0.013714 -0.925685 -0.378046 0.866592 0.498589 -0.020651 0.105027 0.889092 -0.445515 0.415612 0.367750 0.831881 
-0.950858 0.307591 0.035454 -0.503027 -0.331582 0.798134 0.409016 -0.307965 -0.858989 0.094507 -0.992629 0.075864 0.013711 -0.925653 -0.378125 0.866587 0.498598 -0.020654 0.105013 0.889058 -0.445587 0.416370 0.367595 0.831571 
-0.950853 0.307604 0.035463 -0.502939 -0.331635 0.798167 0.408857 -0.308078 -0.859025 0.094438 -0.992635 0.075880 0.013681 -0.925630 -0.378182 0.866592 0.498590 -0.020656 0.105005 0.889013 -0.445679 0.417170 0.367441 0.831238 
-0.950851 0.307612 0.035472 -0.502854 -0.331699 0.798194 0.408771 -0.308201 -0.859022 0.094399 -0.992638 0.075887 0.013659 -0.925604 -0.378247 0.866579 0.498612 -0.020657 0.105016 0.888961 -0.445780 0.417940 0.367299 0.830913 
-0.950849 0.307617 0.035477 -0.502751 -0.331717 0.798251 0.408697 -0.308302 -0.859021 0.094365 -0.992641 0.075885 0.013607 -0.925595 -0.378271 0.866574 0.498621 -0.020660 0.105038 0.888924 -0.445850 0.418812 0.367090 0.830567 
-0.950848 0.307619 0.035478 -0.502663 -0.331692 0.798317 0.408652 -0.308362 -0.859021 0.094345 -0.992644 0.075877 0.013543 -0.925602 -0.378256 0.866576 0.498618 -0.020659 0.105056 0.888885 -0.445922 0.419555 0.366928 0.830263 
-0.950844 0.307629 0.035488 -0.502563 -0.331754 0.798355 0.408549 -0.308497 -0.859021 0.094295 -0.992648 0.075880 0.013507 -0.925575 -0.378323 0.866567 0.498633 -0.020665 0.105096 0.888873 -0.445936 0.420496 0.366641 0.829914 
-0.950842 0.307637 0.035494 -0.502447 -0.331766 0.798422 0.408463 -0.308609 -0.859022 0.094259 -0.992652 0.075876 0.013445 -0.925568 -0.378343 0.866564 0.498638 -0.020670 0.105128 0.888853 -0.445970 0.421506 0.366350 0.829530 
-0.950839 0.307644 0.035502 -0.502332 -0.331780 0.798489 0.408374 -0.308725 -0.859022 0.094212 -0.992657 0.075869 0.013376 -0.925558 -0.378370 0.866562 0.498640 -0.020673 0.105164 0.888832 -0.446003 0.422545 0.366052 0.829133 
-0.950838 0.307646 0.035504 -0.502215 -0.331750 0.798575 0.408313 -0.308805 -0.859023 0.094184 -0.992661 0.075857 0.013289 -0.925566 -0.378352 0.866565 0.498635 -0.020675 0.105193 0.888803 -0.446053 0.423539 0.365787 0.828743 
-0.950837 0.307648 0.035506 -0.502110 -0.331722 0.798653 0.408258 -0.308874 -0.859024 0.094160 -0.992664 0.075845 0.013213 -0.925574 -0.378336 0.866568 0.498631 -0.020676 0.105215 0.888775 -0.446104 0.424410 0.365556 0.828399 
-0.950834 0.307657 0.035513 -0.501996 -0.331730 0.798721 0.408188 -0.308972 -0.859022 0.094113 -0.992669 0.075836 0.013144 -0.925567 -0.378356 0.866567 0.498632 -0.020680 0.105251 0.888764 -0.446118 0.425393 0.365255 0.828028 
-0.950819 0.307703 0.035530 -0.501869 -0.331820 0.798763 0.408071 -0.309076 -0.859041 0.093990 -0.992681 0.075836 0.013077 -0.925523 -0.378467 0.866570 0.498626 -0.020684 0.105302 0.888773 -0.446088 0.426515 0.364862 0.827624 
-0.950818 0.307706 0.035534 -0.501735 -0.331786 0.798862 0.408000 -0.309164 -0.859042 0.093959 -0.992685 0.075821 0.012980 -0.925532 -0.378447 0.866574 0.498620 -0.020687 0.105331 0.888747 -0.446133 0.427635 0.364548 0.827184 
-0.950817 0.307708 0.035537 -0.501622 -0.331756 0.798945 0.407942 -0.309239 -0.859042 0.093933 -0.992688 0.075807 0.012897 -0.925540 -0.378431 0.866576 0.498616 -0.020688 0.105363 0.888714 -0.446191 0.428550 0.364307 0.826816 
-0.950816 0.307712 0.035539 -0.501516 -0.331718 0.799027 0.407893 -0.309310 -0.859040 0.093906 -0.992692 0.075793 0.012807 -0.925550 -0.378409 0.866579 0.498611 -0.020690 0.105385 0.888694 -0.446226 0.429433 0.364057 0.826468 
-0.950814 0.307715 0.035542 -0.501377 -0.331690 0.799126 0.407843 -0.309372 -0.859042 0.093871 -0.992697 0.075774 0.012712 -0.925557 -0.378395 0.866581 0.498607 -0.020693 0.105421 0.888690 -0.446225 0.430292 0.363776 0.826145 
-0.950811 0.307723 0.035549 -0.501173 -0.331712 0.799245 0.407778 -0.309431 -0.859052 0.093790 -0.992706 0.075745 0.012704 -0.925564 -0.378377 0.866585 0.498601 -0.020699 0.105475 0.888717 -0.446158 0.431290 0.363384 0.825797 
-0.950809 0.307729 0.035553 -0.500982 -0.331678 0.799379 0.407715 -0.309508 -0.859054 0.093741 -0.992713 0.075718 0.012577 -0.925573 -0.378359 0.866588 0.498594 -0.020706 0.105522 0.888737 -0.446107 0.432424 0.362964 0.825389 
-0.950807 0.307737 0.035556 -0.500798 -0.331619 0.799519 0.407664 -0.309572 -0.859055 0.093693 -0.992720 0.075687 0.012418 -0.925587 -0.378332 0.866592 0.498588 -0.020710 0.105569 0.888748 -0.446074 0.433532 0.362571 0.824980 
-0.950804 0.307746 0.035557 -0.500644 -0.331524 0.799655 0.407629 -0.309622 -0.859054 0.093649 -0.992727 0.075654 0.012227 -0.925607 -0.378289 0.866595 0.498583 -0.020714 0.105612 0.888757 -0.446046 0.434626 0.362188 0.824573 
-0.950801 0.307756 0.035558 -0.500511 -0.331412 0.799784 0.407602 -0.309666 -0.859050 0.093609 -0.992733 0.075621 0.012021 -0.925630 -0.378238 0.866597 0.498578 -0.020717 0.105656 0.888765 -0.446020 0.435667 0.361818 0.824186 
-0.950797 0.307766 0.035558 -0.500386 -0.331301 0.799908 0.407575 -0.309710 -0.859047 0.093570 -0.992739 0.075589 0.011822 -0.925653 -0.378188 0.866600 0.498573 -0.020721 0.105692 0.888777 -0.445987 0.436727 0.361441 0.823790 
-0.950789 0.307790 0.035565 -0.500348 -0.331233 0.799961 0.407516 -0.309774 -0.859052 0.093472 -0.992750 0.075569 0.011783 -0.925681 -0.378121 0.866605 0.498563 -0.020726 0.105757 0.888803 -0.445920 0.437966 0.360964 0.823341 
-0.950784 0.307805 0.035576 -0.500116 -0.331230 0.800107 0.407436 -0.309825 -0.859072 0.093381 -0.992761 0.075538 0.011612 -0.925670 -0.378153 0.866612 0.498552 -0.020732 0.105815 0.888844 -0.445825 0.439171 0.360475 0.822914 
-0.950781 0.307814 0.035578 -0.499974 -0.331143 0.800231 0.407397 -0.309883 -0.859069 0.093340 -0.992767 0.075510 0.011427 -0.925686 -0.378119 0.866615 0.498546 -0.020736 0.105861 0.888849 -0.445804 0.440253 0.360094 0.822502 
-0.950779 0.307822 0.035579 -0.499868 -0.331049 0.800337 0.407371 -0.309927 -0.859066 0.093308 -0.992772 0.075484 0.011240 -0.925703 -0.378085 0.866617 0.498542 -0.020738 0.105890 0.888848 -0.445800 0.441194 0.359779 0.822135 
-0.950775 0.307832 0.035581 -0.499779 -0.330943 0.800436 0.407360 -0.309960 -0.859059 0.093277 -0.992777 0.075458 0.011026 -0.925717 -0.378056 0.866620 0.498537 -0.020742 0.105934 0.888872 -0.445740 0.442162 0.359400 0.821781 
-0.950772 0.307842 0.035583 -0.499706 -0.330838 0.800525 0.407359 -0.309988 -0.859049 0.093246 -0.992782 0.075432 0.010815 -0.925730 -0.378031 0.866623 0.498532 -0.020749 0.105984 0.888918 -0.445637 0.443159 0.358968 0.821433 
-0.950769 0.307852 0.035586 -0.499641 -0.330745 0.800604 0.407366 -0.310014 -0.859037 0.093216 -0.992786 0.075409 0.010617 -0.925739 -0.378015 0.866627 0.498525 -0.020756 0.106038 0.888978 -0.445505 0.444169 0.358502 0.821091 
-0.950765 0.307862 0.035590 -0.499593 -0.330664 0.800668 0.407376 -0.310034 -0.859025 0.093191 -0.992790 0.075389 0.010437 -0.925744 -0.378006 0.866630 0.498519 -0.020769 0.106147 0.889081 -0.445273 0.445316 0.357881 0.820740 
-0.950762 0.307872 0.035593 -0.499569 -0.330605 0.800707 0.407378 -0.310046 -0.859020 0.093179 -0.992792 0.075378 0.010311 -0.925748 -0.377999 0.866633 0.498513 -0.020785 0.106356 0.889208 -0.444968 0.446582 0.357115 0.820386 
-0.950760 0.307878 0.035597 -0.499549 -0.330564 0.800736 0.407370 -0.310055 -0.859020 0.093172 -0.992793 0.075371 0.010224 -0.925752 -0.377994 0.866634 0.498511 -0.020797 0.106562 0.889290 -0.444755 0.447749 0.356465 0.820033 
-0.950758 0.307884 0.035601 -0.499529 -0.330529 0.800763 0.407359 -0.310062 -0.859023 0.093167 -0.992794 0.075365 0.010141 -0.925753 -0.377993 0.866634 0.498510 -0.020805 0.106754 0.889350 -0.444591 0.448828 0.355895 0.819690 
-0.950755 0.307890 0.035605 -0.499510 -0.330492 0.800790 0.407351 -0.310069 -0.859024 0.093161 -0.992795 0.075359 0.010055 -0.925754 -0.377993 0.866635 0.498509 -0.020815 0.106927 0.889417 -0.444415 0.449853 0.355334 0.819372 
-0.950753 0.307897 0.035608 -0.499493 -0.330452 0.800818 0.407347 -0.310077 -0.859023 0.093154 -0.992796 0.075351 0.009962 -0.925755 -0.377992 0.866636 0.498506 -0.020826 0.107097 0.889500 -0.444207 0.450860 0.354753 0.819070 
-0.950751 0.307904 0.035611 -0.499477 -0.330406 0.800846 0.407346 -0.310085 -0.859021 0.093146 -0.992798 0.075343 0.009863 -0.925758 -0.377988 0.866638 0.498502 -0.020839 0.107270 0.889600 -0.443965 0.451833 0.354146 0.818796 
-0.950748 0.307913 0.035614 -0.499463 -0.330357 0.800875 0.407347 -0.310095 -0.859016 0.093137 -0.992799 0.075334 0.009761 -0.925761 -0.377983 0.866640 0.498498 -0.020853 0.107429 0.889714 -0.443698 0.452813 0.353520 0.818526 
-0.950745 0.307921 0.035616 -0.499449 -0.330305 0.800905 0.407351 -0.310106 -0.859011 0.093127 -0.992801 0.075325 0.009656 -0.925765 -0.377976 0.866643 0.498493 -0.020868 0.107585 0.889837 -0.443414 0.453767 0.352888 0.818270 
-0.950742 0.307930 0.035619 -0.499436 -0.330251 0.800936 0.407358 -0.310116 -0.859004 0.093116 -0.992803 0.075315 0.009549 -0.925769 -0.377968 0.866645 0.498487 -0.020884 0.107744 0.889963 -0.443121 0.454707 0.352253 0.818022 
-0.950739 0.307939 0.035621 -0.499423 -0.330197 0.800966 0.407365 -0.310126 -0.858997 0.093106 -0.992804 0.075305 0.009440 -0.925773 -0.377961 0.866648 0.498482 -0.020899 0.107892 0.890093 -0.442826 0.455632 0.351620 0.817779 
-0.950736 0.307948 0.035623 -0.499412 -0.330144 0.800995 0.407370 -0.310137 -0.858990 0.093094 -0.992806 0.075294 0.009335 -0.925777 -0.377955 0.866651 0.498476 -0.020914 0.108033 0.890218 -0.442539 0.456541 0.351004 0.817537 
-0.950733 0.307956 0.035626 -0.499399 -0.330094 0.801023 0.407376 -0.310148 -0.858984 0.093081 -0.992808 0.075284 0.009226 -0.925779 -0.377952 0.866654 0.498470 -0.020928 0.108177 0.890342 -0.442255 0.457402 0.350404 0.817313 
-0.950730 0.307965 0.035628 -0.499387 -0.330045 0.801051 0.407381 -0.310160 -0.858977 0.093068 -0.992810 0.075274 0.009117 -0.925781 -0.377950 0.866657 0.498464 -0.020942 0.108318 0.890462 -0.441978 0.458259 0.349813 0.817086 
-0.950728 0.307973 0.035631 -0.499375 -0.329996 0.801079 0.407386 -0.310172 -0.858971 0.093055 -0.992812 0.075263 0.009008 -0.925783 -0.377948 0.866661 0.498458 -0.020956 0.108455 0.890582 -0.441703 0.459113 0.349229 0.816856 
-0.950723 0.307987 0.035642 -0.499345 -0.329990 0.801100 0.407369 -0.310175 -0.858977 0.092995 -0.992819 0.075252 0.008865 -0.925759 -0.378011 0.866667 0.498447 -0.020961 0.108549 0.890670 -0.441501 0.459968 0.348723 0.816591 
-0.950720 0.307995 0.035643 -0.499336 -0.329928 0.801131 0.407386 -0.310190 -0.858964 0.092980 -0.992821 0.075240 0.008763 -0.925767 -0.377993 0.866670 0.498440 -0.020975 0.108668 0.890790 -0.441230 0.460852 0.348137 0.816343 
-0.950715 0.308009 0.035654 -0.499309 -0.329919 0.801152 0.407376 -0.310191 -0.858968 0.092920 -0.992828 0.075229 0.008630 -0.925746 -0.378048 0.866677 0.498429 -0.020981 0.108762 0.890879 -0.441028 0.461708 0.347632 0.816075 
-0.950712 0.308017 0.035654 -0.499299 -0.329860 0.801182 0.407391 -0.310204 -0.858956 0.092907 -0.992830 0.075218 0.008535 -0.925755 -0.378028 0.866680 0.498423 -0.020995 0.108881 0.890994 -0.440766 0.462549 0.347066 0.815839 
-0.950710 0.308025 0.035657 -0.499288 -0.329809 0.801210 0.407399 -0.310214 -0.858949 0.092896 -0.992831 0.075208 0.008433 -0.925759 -0.378020 0.866682 0.498418 -0.021008 0.108993 0.891095 -0.440533 0.463334 0.346546 0.815615 
-0.950707 0.308032 0.035660 -0.499277 -0.329761 0.801237 0.407404 -0.310224 -0.858943 0.092885 -0.992833 0.075199 0.008329 -0.925761 -0.378019 0.866685 0.498414 -0.021019 0.109113 0.891189 -0.440314 0.464105 0.346041 0.815391 
-0.950703 0.308044 0.035667 -0.499248 -0.329767 0.801252 0.407343 -0.310211 -0.858977 0.092842 -0.992837 0.075203 0.008262 -0.925747 -0.378054 0.866690 0.498404 -0.021028 0.109228 0.891262 -0.440139 0.464840 0.345588 0.815164 
-0.950696 0.308063 0.035690 -0.499188 -0.329799 0.801276 0.407318 -0.310176 -0.859001 0.092692 -0.992853 0.075171 0.008084 -0.925700 -0.378172 0.866702 0.498384 -0.021022 0.109308 0.891360 -0.439919 0.465724 0.345062 0.814882 
