0.503067 0.864247 0.000000 0.862048 -0.506827 0.000000 -0.865132 0.501544 0.000000 -0.522214 -0.852815 -0.000000 
0.503037 0.864265 0.000000 0.862068 -0.506793 0.000000 -0.865151 0.501511 0.000000 -0.522185 -0.852832 -0.000000 
0.502841 0.864379 0.000000 0.862180 -0.506602 0.000000 -0.865263 0.501319 0.000000 -0.521993 -0.852950 -0.000000 
0.502797 0.864405 0.000000 0.862206 -0.506559 0.000000 -0.865288 0.501275 0.000000 -0.521948 -0.852977 -0.000000 
0.502458 0.864602 0.000000 0.862397 -0.506233 0.000000 -0.865477 0.500949 0.000000 -0.521614 -0.853181 -0.000000 
0.502461 0.864600 0.000000 0.862396 -0.506233 0.000000 -0.865477 0.500950 0.000000 -0.521617 -0.853180 -0.000000 
0.502463 0.864599 0.000000 0.862397 -0.506233 0.000000 -0.865477 0.500949 0.000000 -0.521617 -0.853179 -0.000000 
0.502464 0.864598 0.000000 0.862397 -0.506233 0.000000 -0.865477 0.500949 0.000000 -0.521619 -0.853179 -0.000000 
0.502191 0.864756 0.000000 0.862550 -0.505972 0.000000 -0.865629 0.500687 0.000000 -0.521351 -0.853342 -0.000000 
0.502202 0.864751 0.000000 0.862556 -0.505962 0.000000 -0.865634 0.500677 0.000000 -0.521361 -0.853336 -0.000000 
0.502361 0.864658 0.000000 0.862447 -0.506147 0.000000 -0.865526 0.500864 0.000000 -0.521520 -0.853239 -0.000000 
0.502381 0.864646 0.000000 0.862436 -0.506167 0.000000 -0.865515 0.500883 0.000000 -0.521540 -0.853227 -0.000000 
0.502382 0.864646 0.000000 0.862432 -0.506172 0.000000 -0.865512 0.500888 0.000000 -0.521541 -0.853226 -0.000000 
0.502382 0.864646 0.000000 0.862432 -0.506173 0.000000 -0.865511 0.500889 0.000000 -0.521544 -0.853224 -0.000000 
0.502386 0.864644 0.000000 0.862432 -0.506172 0.000000 -0.865512 0.500888 0.000000 -0.521545 -0.853224 -0.000000 
0.502389 0.864642 0.000000 0.862434 -0.506170 0.000000 -0.865513 0.500887 0.000000 -0.521549 -0.853222 -0.000000 
0.502204 0.864749 0.000000 0.862559 -0.505957 0.000000 -0.865637 0.500672 0.000000 -0.521366 -0.853333 -0.000000 
0.502201 0.864751 0.000000 0.862560 -0.505955 0.000000 -0.865637 0.500671 0.000000 -0.521362 -0.853336 -0.000000 
0.502201 0.864751 0.000000 0.862559 -0.505957 0.000000 -0.865637 0.500672 0.000000 -0.521361 -0.853336 -0.000000 
0.502203 0.864749 0.000000 0.862558 -0.505959 0.000000 -0.865635 0.500675 0.000000 -0.521366 -0.853333 -0.000000 
0.502207 0.864748 0.000000 0.862555 -0.505964 0.000000 -0.865631 0.500682 0.000000 -0.521377 -0.853326 -0.000000 
0.502837 0.864382 0.000000 0.862189 -0.506587 0.000000 -0.865266 0.501313 0.000000 -0.522012 -0.852938 -0.000000 
0.502413 0.864628 0.000000 0.862462 -0.506123 0.000000 -0.865535 0.500849 0.000000 -0.521608 -0.853185 -0.000000 
0.499603 0.866254 0.000000 0.864111 -0.503301 0.000000 -0.867166 0.498020 0.000000 -0.518841 -0.854871 -0.000000 
0.499320 0.866417 0.000000 0.864272 -0.503025 0.000000 -0.867325 0.497742 0.000000 -0.518565 -0.855038 -0.000000 
0.499048 0.866575 0.000000 0.864426 -0.502759 0.000000 -0.867478 0.497475 0.000000 -0.518293 -0.855203 -0.000000 
0.499042 0.866578 0.000000 0.864428 -0.502757 0.000000 -0.867480 0.497473 0.000000 -0.518289 -0.855205 -0.000000 
0.499038 0.866580 0.000000 0.864431 -0.502752 0.000000 -0.867481 0.497471 0.000000 -0.518290 -0.855205 -0.000000 
0.498877 0.866673 0.000000 0.864528 -0.502585 0.000000 -0.867572 0.497311 0.000000 -0.518159 -0.855284 -0.000000 
0.496553 0.868006 0.000000 0.865920 -0.500182 0.000000 -0.868944 0.494910 0.000000 -0.515903 -0.856647 -0.000000 
0.500150 0.865939 0.000000 0.863930 -0.503613 0.000000 -0.866970 0.498361 0.000000 -0.519482 -0.854482 -0.000000 
0.493191 0.869921 0.000000 0.868137 -0.496324 0.000000 -0.871132 0.491049 0.000000 -0.512629 -0.858610 -0.000000 
-0.862385 0.506254 0.000000 0.764911 -0.644136 0.000000 0.642583 0.766216 0.000000 0.067183 0.997741 0.000000 -0.529663 -0.848208 -0.000000 -0.064822 -0.997897 -0.000000 
-0.856156 0.516718 0.000000 0.755410 -0.655253 0.000000 0.653919 0.756565 0.000000 0.070850 0.997487 0.000000 -0.542851 -0.839829 -0.000000 -0.067396 -0.997726 -0.000000 
-0.857422 0.514615 0.000000 0.751995 -0.659168 0.000000 0.657767 0.753221 0.000000 0.071295 0.997455 0.000000 -0.543206 -0.839599 -0.000000 -0.067398 -0.997726 -0.000000 
-0.855866 0.517198 0.000000 0.746910 -0.664926 0.000000 0.663453 0.748218 0.000000 0.073505 0.997295 0.000000 -0.545940 -0.837824 -0.000000 -0.069114 -0.997609 -0.000000 
-0.850085 0.526646 0.000000 0.740118 -0.672478 0.000000 0.671076 0.741389 0.000000 0.077921 0.996960 0.000000 -0.553887 -0.832592 -0.000000 -0.072896 -0.997340 -0.000000 
-0.844709 0.535225 0.000000 0.736085 -0.676889 0.000000 0.675575 0.737291 0.000000 0.081632 0.996662 0.000000 -0.560974 -0.827833 -0.000000 -0.076252 -0.997089 -0.000000 
-0.842833 0.538175 0.000000 0.736979 -0.675916 0.000000 0.674617 0.738168 0.000000 0.082348 0.996604 0.000000 -0.563082 -0.826401 -0.000000 -0.077084 -0.997025 -0.000000 
-0.839961 0.542648 0.000000 0.737338 -0.675524 0.000000 0.674224 0.738527 0.000000 0.083433 0.996513 0.000000 -0.566221 -0.824254 -0.000000 -0.078292 -0.996930 -0.000000 
-0.839311 0.543651 0.000000 0.737339 -0.675523 0.000000 0.674223 0.738528 0.000000 0.083321 0.996523 0.000000 -0.566050 -0.824371 -0.000000 -0.078339 -0.996927 -0.000000 
-0.841135 0.540825 0.000000 0.739220 -0.673464 0.000000 0.672162 0.740404 0.000000 0.082185 0.996617 0.000000 -0.562351 -0.826898 -0.000000 -0.077552 -0.996988 -0.000000 
-0.845459 0.534040 0.000000 0.743692 -0.668523 0.000000 0.667219 0.744861 0.000000 0.078441 0.996919 0.000000 -0.554874 -0.831935 -0.000000 -0.074265 -0.997239 -0.000000 
-0.850297 0.526303 0.000000 0.750265 -0.661137 0.000000 0.659836 0.751410 0.000000 0.073644 0.997285 0.000000 -0.546719 -0.837316 -0.000000 -0.069954 -0.997550 -0.000000 
-0.850300 0.526298 0.000000 0.751459 -0.659779 0.000000 0.658481 0.752597 0.000000 0.073687 0.997281 0.000000 -0.546702 -0.837327 -0.000000 -0.069994 -0.997547 -0.000000 
-0.850305 0.526290 0.000000 0.752297 -0.658825 0.000000 0.657517 0.753440 0.000000 0.074200 0.997243 0.000000 -0.546683 -0.837340 -0.000000 -0.070500 -0.997512 -0.000000 
-0.850362 0.526199 0.000000 0.752884 -0.658153 0.000000 0.656833 0.754036 0.000000 0.075025 0.997182 0.000000 -0.546585 -0.837404 -0.000000 -0.071323 -0.997453 -0.000000 
-0.850446 0.526063 0.000000 0.753434 -0.657523 0.000000 0.656194 0.754592 0.000000 0.076874 0.997041 0.000000 -0.546438 -0.837500 -0.000000 -0.073264 -0.997313 -0.000000 
-0.851199 0.524844 0.000000 0.752843 -0.658200 0.000000 0.656865 0.754008 0.000000 0.079763 0.996814 0.000000 -0.545227 -0.838289 -0.000000 -0.076348 -0.997081 -0.000000 
-0.851220 0.524809 0.000000 0.750583 -0.660776 0.000000 0.659437 0.751760 0.000000 0.083385 0.996517 0.000000 -0.545181 -0.838318 -0.000000 -0.080084 -0.996788 -0.000000 
-0.851632 0.524141 0.000000 0.747587 -0.664164 0.000000 0.662831 0.748769 0.000000 0.088414 0.996084 0.000000 -0.544516 -0.838750 -0.000000 -0.085384 -0.996348 -0.000000 
-0.851634 0.524137 0.000000 0.744554 -0.667562 0.000000 0.666240 0.745737 0.000000 0.093411 0.995628 0.000000 -0.544506 -0.838757 -0.000000 -0.090629 -0.995885 -0.000000 
-0.851635 0.524136 0.000000 0.741949 -0.670456 0.000000 0.669153 0.743125 0.000000 0.096483 0.995335 0.000000 -0.544501 -0.838760 -0.000000 -0.093815 -0.995590 -0.000000 
-0.851634 0.524137 0.000000 0.740328 -0.672246 0.000000 0.670970 0.741485 0.000000 0.097599 0.995226 0.000000 -0.544497 -0.838763 -0.000000 -0.094919 -0.995485 -0.000000 
-0.851634 0.524137 0.000000 0.739269 -0.673410 0.000000 0.672168 0.740399 0.000000 0.098324 0.995154 0.000000 -0.544494 -0.838765 -0.000000 -0.095633 -0.995417 -0.000000 
-0.851633 0.524138 0.000000 0.738653 -0.674086 0.000000 0.672878 0.739754 0.000000 0.098936 0.995094 0.000000 -0.544493 -0.838765 -0.000000 -0.096256 -0.995357 -0.000000 
-0.851632 0.524140 0.000000 0.738462 -0.674295 0.000000 0.673117 0.739536 0.000000 0.099333 0.995054 0.000000 -0.544492 -0.838766 -0.000000 -0.096671 -0.995316 -0.000000 
-0.851633 0.524139 0.000000 0.738878 -0.673839 0.000000 0.672680 0.739933 0.000000 0.099547 0.995033 0.000000 -0.544491 -0.838767 -0.000000 -0.096919 -0.995292 -0.000000 
-0.851633 0.524138 0.000000 0.739614 -0.673031 0.000000 0.671877 0.740662 0.000000 0.099983 0.994989 0.000000 -0.544490 -0.838767 -0.000000 -0.097427 -0.995243 -0.000000 
-0.851633 0.524138 0.000000 0.740544 -0.672008 0.000000 0.670831 0.741610 0.000000 0.100729 0.994914 0.000000 -0.544487 -0.838769 -0.000000 -0.098273 -0.995159 -0.000000 
-0.851634 0.524137 0.000000 0.741552 -0.670896 0.000000 0.669666 0.742662 0.000000 0.101746 0.994810 0.000000 -0.544485 -0.838771 -0.000000 -0.099403 -0.995047 -0.000000 
-0.851635 0.524135 0.000000 0.742521 -0.669823 0.000000 0.668502 0.743710 0.000000 0.103039 0.994677 0.000000 -0.544482 -0.838772 -0.000000 -0.100805 -0.994906 -0.000000 
-0.851636 0.524133 0.000000 0.743384 -0.668864 0.000000 0.667414 0.744687 0.000000 0.104638 0.994510 0.000000 -0.544482 -0.838772 -0.000000 -0.102507 -0.994732 -0.000000 
-0.851637 0.524132 0.000000 0.744084 -0.668086 0.000000 0.666453 0.745547 0.000000 0.106560 0.994306 0.000000 -0.544479 -0.838775 -0.000000 -0.104515 -0.994523 -0.000000 
-0.851638 0.524130 0.000000 0.744636 -0.667471 0.000000 0.665636 0.746277 0.000000 0.108496 0.994097 0.000000 -0.544477 -0.838776 -0.000000 -0.106510 -0.994312 -0.000000 
-0.851638 0.524130 0.000000 0.745651 -0.666337 0.000000 0.664338 0.747432 0.000000 0.108464 0.994100 0.000000 -0.544476 -0.838776 -0.000000 -0.106387 -0.994325 -0.000000 
-0.851637 0.524132 0.000000 0.746566 -0.665311 0.000000 0.663097 0.748534 0.000000 0.108441 0.994103 0.000000 -0.544477 -0.838775 -0.000000 -0.106230 -0.994342 -0.000000 
-0.851638 0.524130 0.000000 0.747322 -0.664462 0.000000 0.661984 0.749518 0.000000 0.108415 0.994106 0.000000 -0.544476 -0.838777 -0.000000 -0.106032 -0.994363 -0.000000 
-0.851637 0.524132 0.000000 0.747882 -0.663832 0.000000 0.661049 0.750343 0.000000 0.108388 0.994109 0.000000 -0.544475 -0.838777 -0.000000 -0.105795 -0.994388 -0.000000 
-0.851638 0.524130 0.000000 0.748409 -0.663237 0.000000 0.660098 0.751180 0.000000 0.108364 0.994111 0.000000 -0.544473 -0.838779 -0.000000 -0.105526 -0.994417 -0.000000 
-0.851638 0.524130 0.000000 0.748888 -0.662697 0.000000 0.659173 0.751991 0.000000 0.108400 0.994107 0.000000 -0.544470 -0.838780 -0.000000 -0.105303 -0.994440 -0.000000 
-0.851640 0.524128 0.000000 0.749264 -0.662272 0.000000 0.658297 0.752758 0.000000 0.108972 0.994045 0.000000 -0.544469 -0.838781 -0.000000 -0.105618 -0.994407 -0.000000 
-0.851639 0.524128 0.000000 0.749449 -0.662062 0.000000 0.657550 0.753411 0.000000 0.110292 0.993899 0.000000 -0.544467 -0.838782 -0.000000 -0.106688 -0.994293 -0.000000 
-0.851641 0.524126 0.000000 0.749444 -0.662068 0.000000 0.656947 0.753937 0.000000 0.112398 0.993663 0.000000 -0.544466 -0.838783 -0.000000 -0.108563 -0.994090 -0.000000 
-0.851701 0.524028 0.000000 0.749080 -0.662480 0.000000 0.656572 0.754263 0.000000 0.116523 0.993188 0.000000 -0.544364 -0.838849 -0.000000 -0.112527 -0.993649 -0.000000 
-0.851690 0.524047 0.000000 0.748093 -0.663594 0.000000 0.656685 0.754165 0.000000 0.123193 0.992383 0.000000 -0.544395 -0.838829 -0.000000 -0.119105 -0.992882 -0.000000 
-0.851715 0.524006 0.000000 0.747177 -0.664625 0.000000 0.656596 0.754242 0.000000 0.129794 0.991541 0.000000 -0.544357 -0.838854 -0.000000 -0.125549 -0.992087 -0.000000 
-0.851684 0.524056 0.000000 0.746722 -0.665137 0.000000 0.656059 0.754709 0.000000 0.135433 0.990786 0.000000 -0.544399 -0.838826 -0.000000 -0.130997 -0.991383 -0.000000 
-0.851305 0.524671 0.000000 0.746076 -0.665861 0.000000 0.655791 0.754943 0.000000 0.139436 0.990231 0.000000 -0.544933 -0.838479 -0.000000 -0.134668 -0.990891 -0.000000 
-0.851330 0.524631 0.000000 0.745674 -0.666310 0.000000 0.655224 0.755435 0.000000 0.144241 0.989543 0.000000 -0.544920 -0.838488 -0.000000 -0.139214 -0.990262 -0.000000 
-0.851332 0.524628 0.000000 0.745218 -0.666821 0.000000 0.654652 0.755931 0.000000 0.148980 0.988840 0.000000 -0.544924 -0.838486 -0.000000 -0.143664 -0.989627 -0.000000 
-0.851332 0.524627 0.000000 0.744750 -0.667343 0.000000 0.654051 0.756450 0.000000 0.153782 0.988105 0.000000 -0.544931 -0.838481 -0.000000 -0.148162 -0.988963 -0.000000 
-0.851343 0.524609 0.000000 0.744288 -0.667859 0.000000 0.653393 0.757019 0.000000 0.158642 0.987336 0.000000 -0.544917 -0.838490 -0.000000 -0.152704 -0.988272 -0.000000 
-0.851344 0.524608 0.000000 0.744542 -0.667575 0.000000 0.652186 0.758059 0.000000 0.160979 0.986958 0.000000 -0.544914 -0.838492 -0.000000 -0.154659 -0.987968 -0.000000 
-0.851345 0.524606 0.000000 0.744958 -0.667111 0.000000 0.650872 0.759187 0.000000 0.162350 0.986733 0.000000 -0.544909 -0.838495 -0.000000 -0.155608 -0.987819 -0.000000 
-0.851345 0.524606 0.000000 0.745546 -0.666454 0.000000 0.649460 0.760396 0.000000 0.163326 0.986572 0.000000 -0.544905 -0.838498 -0.000000 -0.156192 -0.987727 -0.000000 
-0.851347 0.524603 0.000000 0.746295 -0.665615 0.000000 0.648018 0.761625 0.000000 0.163588 0.986529 0.000000 -0.544901 -0.838500 -0.000000 -0.156092 -0.987743 -0.000000 
-0.851652 0.524107 0.000000 0.747296 -0.664492 0.000000 0.646313 0.763073 0.000000 0.163564 0.986533 0.000000 -0.544412 -0.838818 -0.000000 -0.155752 -0.987796 -0.000000 
-0.852622 0.522528 0.000000 0.748641 -0.662976 0.000000 0.644111 0.764932 0.000000 0.163553 0.986535 0.000000 -0.542856 -0.839826 -0.000000 -0.155487 -0.987838 -0.000000 
-0.854027 0.520229 0.000000 0.750014 -0.661422 0.000000 0.641808 0.766866 0.000000 0.163521 0.986540 0.000000 -0.540592 -0.841285 -0.000000 -0.155245 -0.987876 -0.000000 
-0.855528 0.517757 0.000000 0.751248 -0.660020 0.000000 0.639566 0.768736 0.000000 0.163486 0.986546 0.000000 -0.538156 -0.842845 -0.000000 -0.154969 -0.987919 -0.000000 
-0.856950 0.515400 0.000000 0.752502 -0.658589 0.000000 0.637259 0.770649 0.000000 0.163450 0.986552 0.000000 -0.535836 -0.844322 -0.000000 -0.154660 -0.987968 -0.000000 
-0.858202 0.513312 0.000000 0.753816 -0.657085 0.000000 0.634912 0.772584 0.000000 0.163417 0.986557 0.000000 -0.533781 -0.845623 -0.000000 -0.154347 -0.988017 -0.000000 
-0.858802 0.512307 0.000000 0.754830 -0.655920 0.000000 0.633030 0.774127 0.000000 0.163389 0.986562 0.000000 -0.532791 -0.846247 -0.000000 -0.153992 -0.988072 -0.000000 
-0.859366 0.511361 0.000000 0.755415 -0.655246 0.000000 0.631746 0.775175 0.000000 0.163390 0.986561 0.000000 -0.531861 -0.846832 -0.000000 -0.153727 -0.988113 -0.000000 
-0.859785 0.510657 0.000000 0.755829 -0.654769 0.000000 0.630734 0.775999 0.000000 0.163397 0.986560 0.000000 -0.531172 -0.847264 -0.000000 -0.153485 -0.988151 -0.000000 
-0.860231 0.509904 0.000000 0.756282 -0.654246 0.000000 0.629683 0.776852 0.000000 0.163440 0.986553 0.000000 -0.530432 -0.847727 -0.000000 -0.153296 -0.988180 -0.000000 
-0.860815 0.508918 0.000000 0.756891 -0.653541 0.000000 0.628427 0.777869 0.000000 0.163489 0.986545 0.000000 -0.529463 -0.848333 -0.000000 -0.153128 -0.988206 -0.000000 
-0.861556 0.507662 0.000000 0.757590 -0.652731 0.000000 0.627035 0.778991 0.000000 0.163516 0.986541 0.000000 -0.528228 -0.849103 -0.000000 -0.152950 -0.988234 -0.000000 
-0.862458 0.506128 0.000000 0.758386 -0.651805 0.000000 0.625480 0.780241 0.000000 0.163513 0.986541 0.000000 -0.526719 -0.850039 -0.000000 -0.152747 -0.988265 -0.000000 
-0.863406 0.504510 0.000000 0.759216 -0.650839 0.000000 0.623863 0.781534 0.000000 0.163491 0.986545 0.000000 -0.525127 -0.851024 -0.000000 -0.152525 -0.988300 -0.000000 
-0.864342 0.502904 0.000000 0.760015 -0.649906 0.000000 0.622291 0.782786 0.000000 0.163470 0.986548 0.000000 -0.523547 -0.851997 -0.000000 -0.152310 -0.988333 -0.000000 
-0.865268 0.501309 0.000000 0.760801 -0.648985 0.000000 0.620722 0.784031 0.000000 0.163449 0.986552 0.000000 -0.521979 -0.852959 -0.000000 -0.152091 -0.988366 -0.000000 
-0.866183 0.499728 0.000000 0.761598 -0.648050 0.000000 0.619125 0.785293 0.000000 0.163428 0.986555 0.000000 -0.520422 -0.853909 -0.000000 -0.151864 -0.988401 -0.000000 
-0.867102 0.498131 0.000000 0.762405 -0.647101 0.000000 0.617495 0.786575 0.000000 0.163406 0.986559 0.000000 -0.518852 -0.854864 -0.000000 -0.151629 -0.988438 -0.000000 
-0.868038 0.496497 0.000000 0.763221 -0.646137 0.000000 0.615826 0.787882 0.000000 0.163384 0.986563 0.000000 -0.517242 -0.855839 -0.000000 -0.151387 -0.988475 -0.000000 
-0.869005 0.494803 0.000000 0.764059 -0.645147 0.000000 0.614103 0.789226 0.000000 0.163361 0.986566 0.000000 -0.515576 -0.856844 -0.000000 -0.151136 -0.988513 -0.000000 
-0.870015 0.493026 0.000000 0.764897 -0.644152 0.000000 0.612349 0.790588 0.000000 0.163338 0.986570 0.000000 -0.513828 -0.857893 -0.000000 -0.150881 -0.988552 -0.000000 
-0.871054 0.491187 0.000000 0.765737 -0.643154 0.000000 0.610559 0.791971 0.000000 0.163323 0.986573 0.000000 -0.512019 -0.858974 -0.000000 -0.150629 -0.988590 -0.000000 
-0.872109 0.489311 0.000000 0.766585 -0.642143 0.000000 0.608718 0.793387 0.000000 0.163320 0.986573 0.000000 -0.510172 -0.860072 -0.000000 -0.150373 -0.988629 -0.000000 
-0.873177 0.487403 0.000000 0.767450 -0.641109 0.000000 0.606804 0.794852 0.000000 0.163334 0.986571 0.000000 -0.508293 -0.861184 -0.000000 -0.150112 -0.988669 -0.000000 
-0.874254 0.485468 0.000000 0.768339 -0.640044 0.000000 0.604801 0.796377 0.000000 0.163366 0.986566 0.000000 -0.506390 -0.862305 -0.000000 -0.149842 -0.988710 -0.000000 
-0.875352 0.483486 0.000000 0.769255 -0.638941 0.000000 0.602695 0.797971 0.000000 0.163418 0.986557 0.000000 -0.504438 -0.863448 -0.000000 -0.149566 -0.988752 -0.000000 
-0.876505 0.481392 0.000000 0.770226 -0.637772 0.000000 0.600436 0.799673 0.000000 0.163486 0.986546 0.000000 -0.502377 -0.864649 -0.000000 -0.149272 -0.988796 -0.000000 
-0.877749 0.479120 0.000000 0.771277 -0.636499 0.000000 0.597968 0.801520 0.000000 0.163557 0.986534 0.000000 -0.500144 -0.865942 -0.000000 -0.148947 -0.988845 -0.000000 
-0.881799 0.471626 0.000000 0.766354 -0.642418 0.000000 0.605407 0.795916 0.000000 0.162764 0.986665 0.000000 -0.491900 -0.870652 -0.000000 -0.150452 -0.988617 -0.000000 
-0.877839 0.478956 0.000000 0.762973 -0.646431 0.000000 0.612548 0.790433 0.000000 0.153095 0.988211 0.000000 -0.497567 -0.867425 -0.000000 -0.141851 -0.989888 -0.000000 
-0.862656 0.505791 0.000000 0.762528 -0.646956 0.000000 0.617486 0.786582 0.000000 0.142590 0.989782 0.000000 -0.522261 -0.852786 -0.000000 -0.132775 -0.991146 -0.000000 
-0.840926 0.541151 0.000000 0.777123 -0.629349 0.000000 0.603695 0.797215 0.000000 0.148651 0.988890 0.000000 -0.553549 -0.832816 -0.000000 -0.141085 -0.989998 -0.000000 
-0.921666 0.387985 0.000000 0.783174 -0.621803 0.000000 0.603344 0.797481 0.000000 0.182481 0.983209 0.000000 -0.425187 -0.905106 -0.000000 -0.196020 -0.980600 -0.000000 
-0.942769 0.333447 0.000000 0.816499 -0.577347 0.000000 0.559725 0.828679 0.000000 0.240337 0.970690 0.000000 -0.374265 -0.927322 -0.000000 -0.263098 -0.964769 -0.000000 
-0.933795 0.357808 0.000000 0.833924 -0.551880 0.000000 0.540183 0.841547 0.000000 0.302396 0.953182 0.000000 -0.381065 -0.924548 -0.000000 -0.326485 -0.945202 -0.000000 
0.837648 -0.546210 0.000000 -0.929081 0.369876 0.000000 -0.381977 -0.924172 -0.000000 -0.361375 -0.932421 -0.000000 0.545562 0.838070 0.000000 0.333144 0.942876 0.000000 
-0.364026 -0.931389 -0.000000 0.848657 -0.528943 0.000000 -0.935074 0.354452 0.000000 0.518528 0.855060 0.000000 0.325800 0.945439 0.000000 0.338046 0.941130 0.000000 
0.853759 -0.520668 0.000000 -0.944203 0.329363 0.000000 -0.368419 -0.929660 -0.000000 0.488307 0.872672 0.000000 0.295688 0.955285 0.000000 0.360379 0.932806 0.000000 
0.849071 -0.528278 0.000000 -0.949687 0.313201 0.000000 -0.375229 -0.926932 -0.000000 0.283410 0.958999 0.000000 0.477291 0.878745 0.000000 0.377821 0.925879 0.000000 
0.843877 -0.536537 0.000000 -0.953396 0.301722 0.000000 -0.378877 -0.925447 -0.000000 0.279198 0.960233 0.000000 0.468812 0.883298 0.000000 0.388043 0.921641 0.000000 
0.840559 -0.541719 0.000000 -0.956393 0.292083 0.000000 -0.375299 -0.926904 -0.000000 0.279224 0.960226 0.000000 0.453347 0.891334 0.000000 0.389357 0.921087 0.000000 
0.838639 -0.544688 0.000000 -0.958499 0.285096 0.000000 -0.362509 -0.931980 -0.000000 0.281966 0.959424 0.000000 0.424889 0.905245 0.000000 0.381275 0.924462 0.000000 
0.836274 -0.548311 0.000000 -0.959513 0.281665 0.000000 -0.341274 -0.939964 -0.000000 0.283364 0.959012 0.000000 0.385546 0.922689 0.000000 0.364295 0.931284 0.000000 
-0.962533 0.271163 0.000000 -0.324626 -0.945843 -0.000000 0.272385 0.962188 0.000000 0.349698 0.936862 0.000000 0.834533 -0.550958 0.000000 -0.294237 -0.955732 -0.000000 
-0.966395 0.257062 0.000000 -0.307694 -0.951485 -0.000000 0.254534 0.967064 0.000000 0.329115 0.944290 0.000000 0.831179 -0.556005 0.000000 -0.207687 -0.978195 -0.000000 
-0.969022 0.246973 0.000000 -0.289472 -0.957186 -0.000000 0.234475 0.972122 0.000000 0.309201 0.950997 0.000000 0.820238 -0.572022 0.000000 -0.105474 -0.994422 -0.000000 
-0.970463 0.241249 0.000000 -0.267110 -0.963666 -0.000000 0.216397 0.976305 0.000000 0.284870 0.958566 0.000000 0.811711 -0.584060 0.000000 0.003034 -0.999995 0.000000 
0.263643 0.964620 0.000000 0.805531 -0.592553 0.000000 -0.969131 0.246548 0.000000 0.205190 0.978722 0.000000 -0.247369 -0.968921 -0.000000 0.077292 -0.997009 0.000000 
-0.966528 0.256562 0.000000 -0.228612 -0.973518 -0.000000 0.242319 0.970197 0.000000 0.197342 0.980335 0.000000 0.800539 -0.599281 0.000000 0.148453 -0.988919 0.000000 
-0.962840 0.270072 0.000000 0.223613 0.974678 0.000000 0.192570 0.981283 0.000000 -0.216065 -0.976379 -0.000000 -0.211396 -0.977401 -0.000000 0.795216 -0.606326 0.000000 0.211921 -0.977287 0.000000 
-0.958679 0.284491 0.000000 0.208180 0.978090 0.000000 0.189065 0.981965 0.000000 -0.212953 -0.977062 -0.000000 -0.194891 -0.980825 -0.000000 0.789463 -0.613799 0.000000 0.273821 -0.961781 0.000000 
-0.953488 0.301430 0.000000 0.196323 0.980539 0.000000 0.189201 0.981938 0.000000 -0.213523 -0.976938 -0.000000 -0.181864 -0.983324 -0.000000 0.783524 -0.621362 0.000000 0.328619 -0.944462 0.000000 
-0.947896 0.318580 0.000000 0.189764 0.981830 0.000000 -0.216069 -0.976378 -0.000000 -0.174018 -0.984742 -0.000000 0.776842 -0.629696 0.000000 0.382638 -0.923898 0.000000 
-0.941315 0.337529 0.000000 0.189945 0.981795 0.000000 -0.223109 -0.974794 -0.000000 -0.171175 -0.985241 -0.000000 0.769871 -0.638200 0.000000 0.431847 -0.901947 0.000000 
-0.934305 0.356475 0.000000 0.196069 0.980590 0.000000 -0.233413 -0.972378 -0.000000 -0.175212 -0.984531 -0.000000 0.761934 -0.647655 0.000000 0.483133 -0.875547 0.000000 
-0.926341 0.376685 0.000000 0.209331 0.977845 0.000000 -0.250003 -0.968245 -0.000000 -0.186174 -0.982517 -0.000000 0.753880 -0.657012 0.000000 0.534462 -0.845193 0.000000 
-0.917544 0.397634 0.000000 0.232494 0.972598 0.000000 -0.274797 -0.961502 -0.000000 -0.207394 -0.978258 -0.000000 0.745232 -0.666806 0.000000 0.591546 -0.806271 0.000000 
-0.908068 0.418823 0.000000 0.269291 0.963059 0.000000 -0.308933 -0.951084 -0.000000 -0.242891 -0.970054 -0.000000 0.736344 -0.676607 0.000000 
-0.899910 0.436075 0.000000 0.319103 0.947720 0.000000 0.318006 0.948089 0.000000 -0.348566 -0.937284 -0.000000 -0.294428 -0.955674 -0.000000 0.727279 -0.686342 0.000000 
-0.893461 0.449140 0.000000 0.383520 0.923532 0.000000 0.361926 0.932207 0.000000 -0.393104 -0.919494 -0.000000 -0.357150 -0.934047 -0.000000 0.721809 -0.692092 0.000000 
-0.889528 0.456880 0.000000 0.448710 0.893677 0.000000 0.402163 0.915568 0.000000 -0.433313 -0.901244 -0.000000 -0.424251 -0.905544 -0.000000 0.717418 -0.696643 0.000000 
-0.888179 0.459497 0.000000 -0.479879 -0.877335 -0.000000 0.507975 0.861372 0.000000 0.435611 0.900135 0.000000 0.715105 -0.699017 0.000000 
-0.886776 0.462199 0.000000 -0.532634 -0.846346 -0.000000 0.468397 0.883518 0.000000 0.712544 -0.701627 0.000000 0.560899 0.827884 0.000000 
0.707936 -0.706277 0.000000 -0.883831 0.467806 0.000000 -0.580336 -0.814377 -0.000000 0.489415 0.872051 0.000000 0.602542 0.798087 0.000000 
-0.878216 0.478263 0.000000 0.703224 -0.710968 0.000000 -0.606678 -0.794947 -0.000000 0.503127 0.864212 0.000000 0.624064 0.781373 0.000000 
-0.873339 0.487113 0.000000 0.700404 -0.713746 0.000000 -0.625433 -0.780278 -0.000000 0.514604 0.857428 0.000000 0.638690 0.769464 0.000000 
-0.865698 0.500567 0.000000 -0.633952 -0.773373 -0.000000 0.523303 0.852147 0.000000 0.646066 0.763281 0.000000 0.697074 -0.716999 0.000000 
-0.859604 0.510960 0.000000 -0.639265 -0.768986 -0.000000 0.528912 0.848677 0.000000 0.651177 0.758926 0.000000 0.694314 -0.719672 0.000000 
-0.850666 0.525706 0.000000 -0.635598 -0.772020 -0.000000 0.532214 0.846610 0.000000 0.649397 0.760449 0.000000 0.691100 -0.722759 0.000000 
-0.847619 0.530605 0.000000 -0.639586 -0.768719 -0.000000 0.533801 0.845610 0.000000 0.655632 0.755081 0.000000 0.688399 -0.725332 0.000000 
0.686691 -0.726950 0.000000 -0.844722 0.535205 0.000000 -0.650069 -0.759875 -0.000000 0.538397 0.842692 0.000000 0.666155 0.745814 0.000000 
0.685392 -0.728175 0.000000 -0.842719 0.538353 0.000000 -0.658824 -0.752297 -0.000000 0.541537 0.840677 0.000000 0.675209 0.737626 0.000000 
0.684562 -0.728955 0.000000 -0.839824 0.542860 0.000000 -0.668216 -0.743967 -0.000000 0.546028 0.837767 0.000000 0.684586 0.728932 0.000000 
0.684006 -0.729476 0.000000 -0.838318 0.545182 0.000000 -0.676386 -0.736547 -0.000000 0.548348 0.836250 0.000000 0.693229 0.720717 0.000000 
0.683804 -0.729666 0.000000 -0.835135 0.550046 0.000000 -0.685171 -0.728382 -0.000000 0.553226 0.833031 0.000000 0.701846 0.712329 0.000000 
0.683948 -0.729531 0.000000 -0.830675 0.556758 0.000000 -0.691568 -0.722311 -0.000000 0.559939 0.828534 0.000000 0.707226 0.706988 0.000000 
0.684283 -0.729217 0.000000 -0.824364 0.566060 0.000000 -0.699253 -0.714875 -0.000000 0.569262 0.822156 0.000000 0.713118 0.701044 0.000000 
0.684680 -0.728844 0.000000 -0.818807 0.574069 0.000000 -0.705526 -0.708684 -0.000000 0.577289 0.816540 0.000000 0.717896 0.696150 0.000000 
0.685140 -0.728411 0.000000 -0.812203 0.583376 0.000000 -0.712891 -0.701274 -0.000000 0.586630 0.809855 0.000000 0.723274 0.690561 0.000000 
0.685242 -0.728315 0.000000 -0.809196 0.587539 0.000000 -0.720586 -0.693366 -0.000000 0.590836 0.806792 0.000000 0.731218 0.682144 0.000000 
0.685737 -0.727849 0.000000 -0.802361 0.596839 0.000000 -0.727434 -0.686177 -0.000000 0.600247 0.799815 0.000000 0.736542 0.676391 0.000000 
0.686546 -0.727086 0.000000 -0.798002 0.602654 0.000000 -0.734288 -0.678838 -0.000000 0.606652 0.794967 0.000000 0.742120 0.670267 0.000000 
0.687230 -0.726440 0.000000 -0.788964 0.614440 0.000000 -0.739182 -0.673505 -0.000000 0.619038 0.785361 0.000000 0.743906 0.668284 0.000000 
0.687663 -0.726030 0.000000 -0.781677 0.623683 0.000000 -0.742644 -0.669686 -0.000000 0.628096 0.778136 0.000000 0.745374 0.666647 0.000000 
0.688024 -0.725688 0.000000 -0.772604 0.634888 0.000000 -0.744567 -0.667548 -0.000000 0.638781 0.769389 0.000000 0.744636 0.667471 0.000000 
0.688346 -0.725382 0.000000 -0.764866 0.644189 0.000000 -0.747070 -0.664746 -0.000000 0.648481 0.761231 0.000000 0.897430 0.441156 0.000000 0.744605 0.667506 0.000000 
0.688699 -0.725048 0.000000 -0.754842 0.655907 0.000000 -0.747751 -0.663979 -0.000000 0.892339 0.451367 0.000000 0.660297 0.751005 0.000000 0.741061 0.671438 0.000000 
0.689044 -0.724719 0.000000 -0.746346 0.665558 0.000000 -0.749647 -0.661838 -0.000000 0.887865 0.460103 0.000000 0.671606 0.740909 0.000000 0.738671 0.674066 0.000000 
0.689469 -0.724315 0.000000 -0.734153 0.678984 0.000000 -0.747826 -0.663895 -0.000000 0.884242 0.467029 0.000000 0.685733 0.727853 0.000000 0.727981 0.685597 0.000000 
0.689641 -0.724151 0.000000 -0.725105 0.688638 0.000000 -0.749389 -0.662130 -0.000000 0.879938 0.475089 0.000000 0.698352 0.715754 0.000000 0.722736 0.691124 0.000000 
0.689941 -0.723865 0.000000 -0.712646 0.701524 0.000000 0.709282 0.704924 0.000000 0.876540 0.481330 0.000000 -0.743470 -0.668769 -0.000000 -0.754595 -0.656191 -0.000000 
0.690080 -0.723733 0.000000 -0.703349 0.710844 0.000000 0.708632 0.705578 0.000000 0.872694 0.488267 0.000000 -0.738099 -0.674692 -0.000000 -0.768555 -0.639784 -0.000000 
0.700918 0.713242 0.000000 -0.690195 0.723624 0.000000 0.690310 -0.723514 0.000000 0.869993 0.493063 0.000000 -0.724680 -0.689086 -0.000000 -0.785662 -0.618656 -0.000000 
-0.716799 -0.697280 -0.000000 0.698233 0.715870 0.000000 0.865288 0.501275 0.000000 0.690532 -0.723302 0.000000 -0.801977 -0.597355 -0.000000 -0.680082 0.733136 0.000000 
-0.698410 -0.715698 -0.000000 0.685549 0.728026 0.000000 0.861220 0.508232 0.000000 0.690679 -0.723162 0.000000 -0.819972 -0.572403 -0.000000 -0.665182 0.746681 0.000000 
-0.684709 -0.728816 -0.000000 0.674774 0.738025 0.000000 0.863106 0.505023 0.000000 0.690930 -0.722922 0.000000 -0.837598 -0.546288 -0.000000 -0.652369 0.757901 0.000000 
-0.665000 -0.746843 -0.000000 0.655677 0.755041 0.000000 0.866882 0.498514 0.000000 0.690778 -0.723067 0.000000 -0.857977 -0.513688 -0.000000 -0.635803 0.771851 0.000000 
-0.651983 -0.758233 -0.000000 0.640809 0.767700 0.000000 0.872364 0.488857 0.000000 0.690022 -0.723789 0.000000 -0.876655 -0.481120 -0.000000 -0.621429 0.783471 0.000000 
-0.632491 -0.774567 -0.000000 0.613565 0.789644 0.000000 0.878704 0.477367 0.000000 0.688774 -0.724976 0.000000 -0.897371 -0.441276 -0.000000 -0.603256 0.797548 0.000000 
-0.622426 -0.782679 -0.000000 0.594537 0.804068 0.000000 0.886406 0.462909 0.000000 0.687431 -0.726250 0.000000 -0.916111 -0.400924 -0.000000 -0.588346 0.808609 0.000000 
-0.606005 -0.795461 -0.000000 0.556363 0.830939 0.000000 0.894213 0.447642 0.000000 0.685659 -0.727923 0.000000 -0.935002 -0.354642 -0.000000 -0.569867 0.821737 0.000000 
-0.600454 -0.799660 -0.000000 -0.950899 -0.309500 -0.000000 0.902580 0.430521 0.000000 0.683736 -0.729729 0.000000 0.529904 0.848058 0.000000 -0.554977 0.831866 0.000000 
-0.578925 -0.815381 -0.000000 -0.961428 -0.275056 -0.000000 0.906266 0.422708 0.000000 0.679834 -0.733366 0.000000 0.435503 0.900188 0.000000 -0.533245 0.845961 0.000000 
-0.551569 -0.834129 -0.000000 0.906592 0.422008 0.000000 0.677024 -0.735961 0.000000 -0.967409 -0.253219 -0.000000 0.296820 0.954933 0.000000 -0.514679 0.857383 0.000000 
-0.500430 -0.865777 -0.000000 0.904307 0.426882 0.000000 0.675276 -0.737565 0.000000 -0.972732 -0.231934 -0.000000 -0.492293 0.870429 0.000000 
-0.453390 -0.891312 -0.000000 0.901915 0.431914 0.000000 0.674283 -0.738473 0.000000 -0.976487 -0.215575 -0.000000 -0.473804 0.880631 0.000000 
-0.389120 -0.921187 -0.000000 0.898634 0.438700 0.000000 0.673261 -0.739405 0.000000 -0.980401 -0.197015 -0.000000 -0.467828 0.883820 0.000000 
-0.335245 -0.942131 -0.000000 0.895805 0.444448 0.000000 0.672556 -0.740047 0.000000 -0.983407 -0.181414 -0.000000 -0.480823 0.876818 0.000000 
-0.273435 -0.961890 -0.000000 0.893246 0.449568 0.000000 -0.987142 -0.159845 -0.000000 -0.494250 0.869320 0.000000 0.670547 -0.741867 0.000000 0.675904 -0.736990 0.000000 
-0.225753 -0.974184 -0.000000 0.891311 0.453393 0.000000 -0.989728 -0.142964 -0.000000 -0.505356 0.862911 0.000000 0.642583 -0.766216 0.000000 0.750247 -0.661158 0.000000 
-0.164456 -0.986384 -0.000000 0.889197 0.457524 0.000000 -0.992729 -0.120373 -0.000000 -0.517562 0.855646 0.000000 0.607662 -0.794196 0.000000 0.808372 -0.588672 0.000000 
-0.119437 -0.992842 -0.000000 0.575125 -0.818066 0.000000 -0.994608 -0.103706 -0.000000 -0.527472 0.849573 0.000000 0.887466 0.460873 0.000000 0.844860 -0.534988 0.000000 
-0.060079 -0.998194 -0.000000 0.530562 -0.847646 0.000000 -0.996788 -0.080080 -0.000000 -0.539307 0.842109 0.000000 0.885358 0.464910 0.000000 0.875820 -0.482638 0.000000 
