2.867695 2.728353 0.004245 2.986961 2.658930 0.004511 2.760269 2.543050 0.004300 2.876858 2.471658 0.004564 
2.867769 2.728404 0.004310 2.987037 2.658985 0.004650 2.760350 2.543096 0.004031 2.876941 2.471708 0.004363 
2.867693 2.728586 0.004738 2.986977 2.659194 0.004732 2.760316 2.543256 0.003892 2.876923 2.471894 0.003874 
2.867679 2.728584 0.004752 2.986967 2.659198 0.004732 2.760311 2.543248 0.004003 2.876922 2.471892 0.003972 
2.867367 2.728597 0.004936 2.986681 2.659258 0.004217 2.760069 2.543221 0.004281 2.876707 2.471911 0.003560 
2.867366 2.728599 0.004940 2.986680 2.659261 0.004286 2.760068 2.543223 0.004347 2.876705 2.471913 0.003691 
2.867365 2.728602 0.004943 2.986679 2.659262 0.004347 2.760067 2.543225 0.004408 2.876704 2.471915 0.003810 
2.867364 2.728604 0.004948 2.986678 2.659264 0.004402 2.760066 2.543227 0.004464 2.876704 2.471917 0.003916 
2.867247 2.728737 0.005134 2.986581 2.659436 0.004184 2.760005 2.543328 0.004409 2.876663 2.472056 0.003458 
2.866922 2.728663 0.004966 2.986251 2.659363 0.003591 2.759681 2.543252 0.004979 2.876336 2.471980 0.003618 
2.866915 2.728928 0.005359 2.986228 2.659608 0.003600 2.759634 2.543541 0.004864 2.876272 2.472250 0.003115 
2.866955 2.728899 0.005735 2.986264 2.659578 0.003722 2.759671 2.543514 0.005310 2.876304 2.472221 0.003311 
2.866986 2.728882 0.006563 2.986284 2.659567 0.003829 2.759701 2.543497 0.006180 2.876323 2.472211 0.003467 
2.867002 2.728874 0.006994 2.986294 2.659562 0.003934 2.759716 2.543489 0.006645 2.876332 2.472206 0.003609 
2.866992 2.728881 0.006860 2.986288 2.659566 0.004026 2.759706 2.543496 0.006544 2.876327 2.472210 0.003733 
2.866982 2.728888 0.006700 2.986281 2.659570 0.004111 2.759696 2.543503 0.006415 2.876320 2.472214 0.003847 
2.866835 2.728861 0.006496 2.986149 2.659570 0.003836 2.759596 2.543449 0.006588 2.876234 2.472186 0.003955 
2.866826 2.728865 0.006399 2.986143 2.659573 0.003940 2.759587 2.543454 0.006474 2.876228 2.472189 0.004040 
2.866827 2.728864 0.006515 2.986143 2.659571 0.004035 2.759587 2.543452 0.006572 2.876228 2.472188 0.004116 
2.866856 2.728847 0.007244 2.986161 2.659560 0.004119 2.759616 2.543436 0.007281 2.876246 2.472178 0.004187 
2.866937 2.728800 0.008840 2.986205 2.659534 0.004197 2.759696 2.543389 0.008852 2.876289 2.472152 0.004254 
2.867160 2.728738 0.011389 2.986285 2.659439 0.004250 2.759784 2.543406 0.011392 2.876234 2.472136 0.004321 
2.867366 2.728561 0.013401 2.986428 2.659377 0.004343 2.760089 2.543171 0.013539 2.876477 2.472015 0.004570 
2.867189 2.728149 0.013972 2.986444 2.659370 0.004394 2.760518 2.542410 0.014161 2.877106 2.471649 0.004678 
2.867171 2.728107 0.014071 2.986445 2.659369 0.004440 2.760559 2.542334 0.014242 2.877167 2.471613 0.004706 
2.867126 2.728083 0.013861 2.986437 2.659373 0.004481 2.760571 2.542277 0.014018 2.877217 2.471584 0.004731 
2.867141 2.728072 0.014079 2.986442 2.659370 0.004519 2.760587 2.542266 0.014219 2.877222 2.471581 0.004753 
2.867209 2.728032 0.014857 2.986463 2.659357 0.004554 2.760655 2.542225 0.014975 2.877245 2.471567 0.004773 
2.867436 2.727871 0.017230 2.986534 2.659316 0.004584 2.760917 2.542045 0.017316 2.877352 2.471505 0.004794 
2.867558 2.727381 0.019816 2.986613 2.659274 0.004611 2.761553 2.541261 0.020049 2.877953 2.471161 0.004995 
2.868141 2.727695 0.021739 2.986722 2.659205 0.004662 2.761397 2.541998 0.022237 2.877318 2.471525 0.005331 
2.867712 2.726693 0.022528 2.986753 2.659204 0.004681 2.762536 2.540107 0.023651 2.878933 2.470613 0.005992 
2.761211 2.544140 0.029665 3.523544 2.603240 0.007233 3.417820 2.691905 0.004949 2.869624 2.728817 0.025354 2.875879 2.472536 0.009320 3.385594 2.439425 0.010713 
2.760445 2.547355 0.035113 3.520202 2.601660 0.007437 3.415813 2.691886 0.004948 2.871028 2.730582 0.026326 2.873874 2.474037 0.013945 3.379853 2.439858 0.007480 
2.762142 2.547331 0.039135 3.518053 2.601177 0.007936 3.414132 2.691928 0.004952 2.872177 2.730665 0.026545 2.875523 2.473975 0.017838 3.376866 2.440109 0.008938 
2.769126 2.548301 0.039015 3.515936 2.600399 0.007393 3.412698 2.691941 0.004954 2.879668 2.731228 0.025025 2.882462 2.474449 0.019251 3.373525 2.440429 0.009909 
2.779280 2.550859 0.036115 3.514232 2.599338 0.006280 3.411925 2.691942 0.004958 2.891866 2.732589 0.022841 2.892157 2.475767 0.018514 3.370207 2.440826 0.009187 
2.786254 2.553118 0.033167 3.513488 2.598705 0.005251 3.411742 2.691934 0.004960 2.900730 2.733788 0.021715 2.898600 2.476988 0.016664 3.368513 2.441051 0.007580 
2.786162 2.553688 0.031572 3.513558 2.598762 0.005029 3.411691 2.691859 0.004998 2.901316 2.734030 0.021894 2.898293 2.477285 0.014870 3.368785 2.440909 0.005980 
2.785425 2.554634 0.028937 3.513547 2.598702 0.004951 3.411631 2.691745 0.004924 2.901592 2.734448 0.021867 2.897264 2.477806 0.012224 3.368856 2.440771 0.004989 
2.785105 2.554664 0.026381 3.513546 2.598700 0.005024 3.411629 2.691743 0.004995 2.901522 2.734394 0.021683 2.896975 2.477849 0.009814 3.368855 2.440769 0.004989 
2.785312 2.553708 0.024292 3.513274 2.599045 0.005533 3.411098 2.691803 0.005459 2.901142 2.733856 0.021519 2.897538 2.477386 0.007859 3.369025 2.440711 0.005062 
2.786027 2.551725 0.022288 3.512802 2.600639 0.006298 3.410012 2.692715 0.005959 2.900412 2.732812 0.021196 2.898966 2.476398 0.006150 3.369612 2.441349 0.005337 
2.786899 2.549567 0.020696 3.511988 2.603074 0.006872 3.408295 2.694131 0.006205 2.899628 2.731693 0.020753 2.900610 2.475320 0.004982 3.370381 2.442377 0.005632 
2.786823 2.549613 0.020095 3.510314 2.603416 0.007266 3.406456 2.694285 0.006653 2.899551 2.731740 0.020154 2.900592 2.475331 0.004976 3.368999 2.442465 0.005591 
2.786741 2.549662 0.019429 3.507103 2.603577 0.007375 3.403129 2.694314 0.007006 2.899468 2.731789 0.019492 2.900573 2.475343 0.004969 3.365995 2.442449 0.005360 
2.786647 2.549703 0.018701 3.503392 2.603582 0.007393 3.399334 2.694225 0.007294 2.899354 2.731842 0.018763 2.900549 2.475357 0.004957 3.362429 2.442331 0.005122 
2.786556 2.549732 0.018002 3.499620 2.603073 0.007492 3.395487 2.693628 0.007519 2.899234 2.731890 0.018073 2.900528 2.475369 0.004947 3.358794 2.441705 0.005046 
2.786386 2.549607 0.017408 3.496428 2.601784 0.007580 3.392375 2.692431 0.007698 2.898802 2.731926 0.017492 2.900511 2.475379 0.004936 3.355458 2.440543 0.005022 
2.786320 2.549639 0.016814 3.494004 2.599831 0.007748 3.390262 2.690833 0.007972 2.898729 2.731963 0.016909 2.900493 2.475389 0.004925 3.352484 2.439076 0.004999 
2.786224 2.549586 0.016310 3.492002 2.597018 0.007708 3.388672 2.688488 0.007931 2.898490 2.731998 0.016412 2.900490 2.475405 0.004898 3.349756 2.436904 0.005000 
2.786175 2.549615 0.015822 3.490507 2.594193 0.007955 3.387596 2.686134 0.008101 2.898440 2.732027 0.015932 2.900475 2.475413 0.004893 3.347533 2.434729 0.005232 
2.786137 2.549637 0.015442 3.490177 2.592283 0.009191 3.387625 2.684627 0.009135 2.898402 2.732050 0.015557 2.900463 2.475420 0.004891 3.346586 2.433382 0.006046 
2.786107 2.549655 0.015131 3.490411 2.591449 0.010815 3.388086 2.684043 0.010497 2.898373 2.732068 0.015250 2.900453 2.475426 0.004890 3.346443 2.432901 0.007140 
2.786078 2.549674 0.014817 3.490563 2.590910 0.012133 3.388389 2.683668 0.011521 2.898343 2.732086 0.014938 2.900443 2.475432 0.004889 3.346349 2.432592 0.008187 
2.786049 2.549692 0.014499 3.490583 2.590513 0.013084 3.388499 2.683368 0.012147 2.898314 2.732104 0.014620 2.900433 2.475438 0.004889 3.346225 2.432328 0.009104 
2.786020 2.549710 0.014177 3.490515 2.590303 0.013770 3.388463 2.683189 0.012479 2.898286 2.732122 0.014296 2.900423 2.475444 0.004890 3.346110 2.432156 0.009952 
2.785990 2.549728 0.013846 3.490291 2.590303 0.014142 3.388188 2.683126 0.012464 2.898256 2.732140 0.013963 2.900413 2.475451 0.004891 3.345979 2.432062 0.010701 
2.785962 2.549747 0.013508 3.489888 2.590266 0.014177 3.387689 2.682974 0.012076 2.898227 2.732158 0.013622 2.900402 2.475457 0.004891 3.345744 2.431861 0.011338 
2.785933 2.549765 0.013160 3.489318 2.590131 0.013891 3.386993 2.682689 0.011334 2.898198 2.732177 0.013269 2.900391 2.475464 0.004892 3.345386 2.431520 0.011874 
2.785903 2.549783 0.012798 3.488631 2.589893 0.013359 3.386169 2.682284 0.010314 2.898168 2.732195 0.012903 2.900380 2.475471 0.004894 3.344933 2.431061 0.012342 
2.785873 2.549801 0.012422 3.487880 2.589528 0.012673 3.385282 2.681751 0.009110 2.898138 2.732214 0.012521 2.900369 2.475478 0.004895 3.344410 2.430487 0.012788 
2.785844 2.549820 0.012031 3.487078 2.589010 0.011876 3.384357 2.681072 0.007765 2.898108 2.732233 0.012123 2.900357 2.475485 0.004897 3.343817 2.429787 0.013236 
2.785813 2.549839 0.011622 3.486238 2.588321 0.010986 3.383412 2.680239 0.006299 2.898077 2.732252 0.011706 2.900344 2.475493 0.004899 3.343152 2.428958 0.013692 
2.785783 2.549858 0.011194 3.485501 2.587598 0.010229 3.382591 2.679388 0.004945 2.898047 2.732271 0.011268 2.900331 2.475501 0.004902 3.342559 2.428130 0.014140 
2.785751 2.549878 0.010734 3.485630 2.587829 0.010933 3.382581 2.679421 0.004949 2.898015 2.732291 0.010796 2.900317 2.475510 0.004905 3.342938 2.428153 0.015442 
2.785717 2.549901 0.010204 3.485746 2.588054 0.011699 3.382572 2.679452 0.004953 2.897981 2.732314 0.010255 2.900301 2.475521 0.004909 3.343285 2.428195 0.016943 
2.785680 2.549924 0.009613 3.485841 2.588269 0.012510 3.382562 2.679486 0.004957 2.897944 2.732337 0.009656 2.900282 2.475532 0.004911 3.343576 2.428262 0.018546 
2.785642 2.549948 0.008954 3.485907 2.588464 0.013366 3.382551 2.679520 0.004960 2.897906 2.732361 0.008988 2.900262 2.475545 0.004914 3.343792 2.428357 0.020209 
2.785604 2.549972 0.008242 3.485944 2.588671 0.014291 3.382518 2.679556 0.004964 2.897868 2.732385 0.008265 2.900240 2.475559 0.004917 3.343975 2.428471 0.021941 
2.785566 2.549996 0.007460 3.485774 2.588869 0.015220 3.382286 2.679583 0.004967 2.897830 2.732410 0.007471 2.900216 2.475574 0.004921 3.343940 2.428588 0.023631 
2.785529 2.550020 0.006613 3.485385 2.588824 0.016194 3.381848 2.679368 0.004970 2.897792 2.732433 0.006609 2.900190 2.475591 0.004924 3.343664 2.428488 0.025434 
2.785493 2.550042 0.005698 3.484729 2.588428 0.017222 3.381168 2.678812 0.004973 2.897757 2.732455 0.005679 2.900162 2.475609 0.004929 3.343081 2.428083 0.027387 
2.785474 2.550054 0.005141 3.483688 2.587663 0.018251 3.380127 2.677902 0.004983 2.897737 2.732467 0.005128 2.900145 2.475619 0.004935 3.342072 2.427357 0.029412 
2.785538 2.549819 0.004956 3.482556 2.585671 0.019390 3.379036 2.675783 0.004985 2.897780 2.732245 0.004360 2.900218 2.475399 0.005250 3.340896 2.425494 0.031790 
2.785141 2.549920 0.005131 3.481952 2.582578 0.020710 3.378555 2.672611 0.004989 2.897387 2.732343 0.004243 2.899818 2.475496 0.004814 3.340113 2.422678 0.034546 
2.785115 2.549695 0.005028 3.481726 2.579235 0.022197 3.378444 2.669146 0.005088 2.897350 2.732122 0.003818 2.899795 2.475276 0.004722 3.339731 2.419602 0.037439 
2.785128 2.549618 0.004993 3.481845 2.576532 0.023987 3.378632 2.666253 0.005512 2.897374 2.732037 0.003694 2.899804 2.475193 0.004908 3.339792 2.417054 0.040285 
2.785440 2.549335 0.004361 3.481976 2.574363 0.025567 3.378866 2.663931 0.005820 2.897815 2.731668 0.002377 2.900065 2.474839 0.005609 3.339814 2.415075 0.042741 
2.785595 2.549462 0.003679 3.481562 2.572380 0.026711 3.378512 2.661760 0.005830 2.897965 2.731807 0.002618 2.900219 2.474970 0.005159 3.339355 2.413235 0.044815 
2.785598 2.549458 0.003796 3.481064 2.570280 0.027668 3.378075 2.659470 0.005700 2.897967 2.731803 0.002837 2.900222 2.474965 0.005142 3.338804 2.411296 0.046750 
2.785642 2.549470 0.003731 3.480566 2.568174 0.028402 3.377635 2.657171 0.005406 2.898012 2.731816 0.003019 2.900266 2.474975 0.005072 3.338256 2.409358 0.048482 
2.785643 2.549473 0.003805 3.480215 2.566009 0.028981 3.377336 2.654806 0.005003 2.898009 2.731822 0.003186 2.900268 2.474981 0.005140 3.337862 2.407366 0.050090 
2.785637 2.549476 0.003907 3.480217 2.565115 0.029817 3.377312 2.653647 0.004985 2.898003 2.731826 0.003315 2.900261 2.474985 0.005443 3.337968 2.406466 0.051577 
2.785627 2.549482 0.004005 3.480249 2.564709 0.030584 3.377300 2.652970 0.004986 2.897992 2.731832 0.003442 2.900246 2.474995 0.005933 3.338139 2.406015 0.052915 
2.785615 2.549489 0.004094 3.480300 2.564505 0.031278 3.377288 2.652489 0.004987 2.897980 2.731838 0.003577 2.900230 2.475005 0.006443 3.338362 2.405722 0.054062 
2.785604 2.549495 0.004174 3.480365 2.564653 0.031882 3.377276 2.652365 0.004986 2.897969 2.731845 0.003700 2.900212 2.475016 0.006943 3.338626 2.405734 0.054953 
2.785698 2.549436 0.004248 3.480461 2.564976 0.032444 3.377262 2.652384 0.004987 2.897957 2.731851 0.003811 2.900343 2.475029 0.007426 3.338981 2.405866 0.055791 
2.786025 2.549234 0.004316 3.480616 2.565361 0.033008 3.377255 2.652395 0.004980 2.897946 2.731858 0.003912 2.900799 2.475045 0.007884 3.339486 2.405995 0.056729 
2.786507 2.548939 0.004378 3.480780 2.565768 0.033562 3.377247 2.652417 0.004981 2.897935 2.731864 0.004003 2.901471 2.475066 0.008331 3.340014 2.406148 0.057737 
2.787025 2.548624 0.004435 3.480937 2.566167 0.034099 3.377240 2.652440 0.004982 2.897923 2.731870 0.004085 2.902193 2.475090 0.008772 3.340513 2.406333 0.058834 
2.787519 2.548326 0.004487 3.481102 2.566574 0.034626 3.377234 2.652463 0.004983 2.897913 2.731877 0.004160 2.902878 2.475115 0.009198 3.341027 2.406526 0.059949 
2.787956 2.548064 0.004535 3.481271 2.566983 0.035125 3.377228 2.652485 0.004984 2.897902 2.731883 0.004227 2.903483 2.475140 0.009584 3.341559 2.406704 0.060992 
2.788162 2.547940 0.004576 3.481393 2.567319 0.035578 3.377222 2.652504 0.004985 2.897893 2.731888 0.004288 2.903764 2.475158 0.009943 3.341964 2.406864 0.061868 
2.788355 2.547825 0.004613 3.481447 2.567560 0.036002 3.377211 2.652509 0.004980 2.897883 2.731894 0.004343 2.904026 2.475177 0.010298 3.342186 2.407010 0.062605 
2.788496 2.547741 0.004646 3.481411 2.567764 0.036372 3.377130 2.652524 0.004981 2.897874 2.731899 0.004393 2.904215 2.475194 0.010640 3.342274 2.407152 0.063254 
2.788648 2.547651 0.004675 3.481306 2.567963 0.036705 3.376971 2.652532 0.004980 2.897865 2.731905 0.004439 2.904419 2.475212 0.010966 3.342304 2.407283 0.063877 
2.788851 2.547531 0.004702 3.481187 2.568191 0.037028 3.376776 2.652543 0.004980 2.897856 2.731910 0.004480 2.904693 2.475231 0.011273 3.342362 2.407412 0.064512 
2.789112 2.547377 0.004727 3.481135 2.568442 0.037360 3.376635 2.652557 0.004982 2.897848 2.731915 0.004517 2.905048 2.475253 0.011566 3.342510 2.407547 0.065172 
2.789432 2.547189 0.004749 3.481174 2.568719 0.037712 3.376573 2.652572 0.004983 2.897840 2.731919 0.004550 2.905485 2.475277 0.011846 3.342775 2.407690 0.065876 
2.789771 2.546990 0.004768 3.481273 2.569005 0.038068 3.376567 2.652587 0.004984 2.897832 2.731924 0.004581 2.905947 2.475303 0.012115 3.343111 2.407836 0.066588 
2.790107 2.546794 0.004786 3.481371 2.569282 0.038407 3.376562 2.652602 0.004985 2.897825 2.731928 0.004609 2.906405 2.475330 0.012377 3.343437 2.407979 0.067278 
2.790441 2.546600 0.004802 3.481466 2.569560 0.038748 3.376557 2.652616 0.004986 2.897817 2.731933 0.004634 2.906858 2.475357 0.012638 3.343759 2.408126 0.067967 
2.790772 2.546409 0.004816 3.481561 2.569842 0.039092 3.376553 2.652631 0.004987 2.897810 2.731937 0.004657 2.907307 2.475386 0.012895 3.344084 2.408277 0.068661 
2.791107 2.546216 0.004829 3.481658 2.570130 0.039440 3.376548 2.652646 0.004988 2.897802 2.731941 0.004677 2.907759 2.475415 0.013153 3.344414 2.408431 0.069364 
2.791449 2.546020 0.004841 3.481755 2.570424 0.039795 3.376542 2.652661 0.004988 2.897794 2.731946 0.004696 2.908221 2.475447 0.013415 3.344748 2.408592 0.070081 
2.791804 2.545818 0.004851 3.481854 2.570728 0.040158 3.376536 2.652677 0.004989 2.897786 2.731951 0.004715 2.908699 2.475480 0.013684 3.345092 2.408759 0.070816 
2.792176 2.545606 0.004860 3.481949 2.571038 0.040528 3.376528 2.652693 0.004990 2.897778 2.731955 0.004732 2.909199 2.475516 0.013961 3.345434 2.408934 0.071568 
2.792561 2.545388 0.004869 3.482023 2.571354 0.040901 3.376496 2.652709 0.004990 2.897769 2.731960 0.004748 2.909716 2.475555 0.014249 3.345757 2.409117 0.072337 
2.792954 2.545168 0.004877 3.482059 2.571680 0.041283 3.376426 2.652726 0.004991 2.897760 2.731966 0.004762 2.910240 2.475597 0.014555 3.346047 2.409309 0.073132 
2.793352 2.544945 0.004884 3.482046 2.572018 0.041679 3.376304 2.652743 0.004991 2.897750 2.731971 0.004775 2.910770 2.475641 0.014882 3.346295 2.409515 0.073962 
2.793756 2.544720 0.004890 3.481976 2.572371 0.042090 3.376122 2.652762 0.004991 2.897739 2.731977 0.004786 2.911304 2.475689 0.015235 3.346496 2.409735 0.074833 
2.794169 2.544491 0.004896 3.481846 2.572743 0.042515 3.375875 2.652781 0.004992 2.897727 2.731984 0.004797 2.911848 2.475741 0.015613 3.346648 2.409971 0.075749 
2.794605 2.544251 0.004902 3.481673 2.573140 0.042963 3.375578 2.652802 0.004992 2.897715 2.731991 0.004806 2.912420 2.475798 0.016021 3.346776 2.410226 0.076723 
2.795078 2.543993 0.004907 3.481489 2.573573 0.043446 3.375260 2.652824 0.004992 2.897701 2.731998 0.004815 2.913038 2.475862 0.016458 3.346919 2.410508 0.077774 
2.788519 2.544851 0.020198 3.485067 2.572700 0.044165 3.379749 2.652809 0.004991 2.889513 2.733680 0.015568 2.907431 2.477669 0.026219 3.349064 2.410459 0.076700 
2.777073 2.543894 0.033189 3.492865 2.571937 0.045359 3.388557 2.652771 0.004989 2.879506 2.731634 0.021408 2.895507 2.475959 0.040135 3.355677 2.410016 0.074319 
2.754835 2.547104 0.058795 3.504891 2.571653 0.047474 3.401616 2.652727 0.004986 2.862317 2.730419 0.031948 2.871327 2.475762 0.064279 3.367177 2.409338 0.071267 
2.740627 2.558373 0.072285 3.513456 2.573792 0.049331 3.409277 2.652682 0.004980 2.854939 2.736011 0.036854 2.854295 2.482821 0.080115 3.379204 2.408017 0.068637 
2.733315 2.568954 0.090907 3.519107 2.572619 0.051948 3.415622 2.650912 0.004990 2.814760 2.762430 0.048343 2.856665 2.511009 0.080095 3.386156 2.405165 0.064638 
2.748130 2.598219 0.085709 3.522041 2.579135 0.055818 3.415726 2.650944 0.004978 2.819031 2.798682 0.059912 2.873363 2.547676 0.064447 3.398528 2.404460 0.066358 
2.765285 2.634099 0.067182 3.526420 2.582273 0.059081 3.419597 2.650842 0.004942 2.841924 2.834109 0.066615 2.889354 2.582962 0.041071 3.408260 2.403726 0.065128 
3.534453 2.582424 0.063312 2.773563 2.655717 0.036848 2.896106 2.605068 0.003567 3.417460 2.403008 0.062775 3.429656 2.650645 0.004939 2.852700 2.854499 0.046884 
3.423841 2.398334 0.072748 3.537114 2.580073 0.068515 2.780464 2.649793 0.041984 3.432347 2.643606 0.005022 2.855911 2.848828 0.065872 2.981289 2.805622 0.027691 
3.541567 2.569102 0.083014 2.787616 2.641225 0.039901 3.430241 2.386557 0.095720 3.438122 2.626986 0.012356 2.857486 2.841525 0.069500 2.984846 2.802103 0.033871 
3.546798 2.557292 0.107676 2.792579 2.635701 0.034719 3.434026 2.376039 0.125215 2.858940 2.836920 0.066101 3.447061 2.611464 0.029180 2.988109 2.798747 0.036061 
3.547246 2.551994 0.135726 2.794891 2.633249 0.028467 3.432850 2.372069 0.156179 2.858837 2.835309 0.059457 3.451725 2.602692 0.049998 2.989403 2.797345 0.035890 
3.541788 2.553812 0.161835 2.794241 2.630863 0.021421 3.426469 2.374877 0.185533 2.856310 2.834099 0.048264 3.450041 2.600476 0.069917 2.987871 2.795842 0.031774 
3.532962 2.560799 0.187486 2.793426 2.625445 0.013400 3.417331 2.382766 0.215974 2.854289 2.830068 0.030805 3.444641 2.602254 0.089890 2.986438 2.791230 0.022302 
3.522838 2.572364 0.216480 2.793133 2.618316 0.005071 3.406866 2.395487 0.250286 2.853452 2.823796 0.009264 3.438504 2.607603 0.113087 2.985795 2.784691 0.009333 
2.794401 2.617938 0.006582 3.314606 2.439396 0.183195 2.852480 2.824098 0.004977 2.984973 2.786590 0.014080 3.511471 2.590067 0.250420 3.395547 2.414478 0.290515 
2.797119 2.617408 0.011531 3.306567 2.452661 0.227853 2.852154 2.824304 0.004975 2.984255 2.789534 0.024578 3.497976 2.610486 0.294416 3.381727 2.436703 0.340929 
2.799038 2.617445 0.018897 3.294551 2.467592 0.278855 2.851826 2.824561 0.004976 2.982693 2.792996 0.035331 3.480926 2.631004 0.346216 3.361977 2.460440 0.397567 
2.800040 2.617725 0.025121 3.283712 2.483660 0.323687 2.851482 2.824656 0.004846 2.980956 2.795958 0.043017 3.465041 2.652096 0.392433 3.343976 2.483843 0.446398 
2.979051 2.798087 0.049601 3.446823 2.670238 0.421819 2.798911 2.619009 0.032333 2.851283 2.824873 0.004860 3.268198 2.499198 0.352429 3.324199 2.503540 0.477068 
2.796817 2.620596 0.038401 3.251612 2.513796 0.376373 2.976892 2.799742 0.055638 2.851092 2.825065 0.004873 3.427755 2.687133 0.446406 3.303868 2.521640 0.502459 
2.794004 2.622385 0.043338 2.974532 2.801010 0.061240 2.850912 2.825270 0.004905 2.915623 2.595472 0.099678 3.234423 2.526521 0.396989 3.408340 2.701485 0.468521 3.282962 2.537046 0.524359 
2.790980 2.624075 0.047005 2.971956 2.802070 0.066579 2.850727 2.825411 0.004913 2.910191 2.598093 0.108677 3.216333 2.537262 0.414597 3.388387 2.713435 0.487652 3.261388 2.550089 0.543031 
2.787390 2.625771 0.049493 2.969128 2.802679 0.071695 2.850540 2.825528 0.004919 2.903937 2.600298 0.116260 3.197560 2.545993 0.429652 3.367865 2.722844 0.505129 3.239070 2.560436 0.559105 
2.783691 2.627296 0.050765 2.850347 2.825622 0.004925 2.897288 2.602157 0.122554 3.177596 2.552623 0.442560 3.346435 2.729740 0.520660 3.215636 2.568377 0.572923 
2.779529 2.628756 0.050832 2.850145 2.825693 0.004930 2.889829 2.603511 0.127555 3.156558 2.557169 0.453692 3.323877 2.734041 0.535528 3.190876 2.573601 0.585001 
2.775262 2.630039 0.049686 2.849931 2.825742 0.004934 2.881850 2.604454 0.131383 3.133840 2.559608 0.463188 3.299790 2.735793 0.549190 3.164333 2.576435 0.595388 
2.770605 2.631252 0.047191 2.849703 2.825767 0.004940 2.872995 2.604815 0.133835 3.109514 2.559997 0.471222 3.273791 2.734981 0.562711 3.135751 2.576589 0.604362 
2.765644 2.632366 0.043036 2.849456 2.825763 0.004945 2.863220 2.604478 0.134639 3.082913 2.557903 0.477429 3.245348 2.731127 0.575331 3.104572 2.573794 0.611474 
2.760526 2.633474 0.037394 2.849199 2.825729 0.004950 2.852811 2.603498 0.133700 3.054614 2.552969 0.482008 3.214703 2.723527 0.588112 
2.756210 2.634303 0.030579 2.937933 2.795822 0.106117 2.848943 2.825671 0.004955 2.843024 2.602018 0.131132 3.025995 2.545647 0.484697 3.174271 2.702767 0.461867 
2.753006 2.634878 0.023279 2.933625 2.792636 0.108759 2.848855 2.825548 0.004957 2.835595 2.599569 0.126342 3.003625 2.535320 0.484080 3.153621 2.691756 0.469159 
2.751083 2.635159 0.016524 2.930864 2.789363 0.109891 2.848800 2.825410 0.004962 2.830966 2.596751 0.120608 2.987844 2.523253 0.479033 3.139046 2.678964 0.469761 
2.750421 2.635107 0.010230 2.975415 2.512041 0.472008 2.928395 2.786776 0.110926 2.848812 2.825289 0.004967 3.128814 2.668583 0.605949 
2.750520 2.634991 0.004873 2.964042 2.500615 0.463388 2.849519 2.824929 0.005607 3.116887 2.653709 0.601870 2.926474 2.784132 0.112646 
3.106509 2.639535 0.598597 2.751301 2.633324 0.004856 2.955289 2.487960 0.592665 2.851486 2.822605 0.008519 2.925859 2.780866 0.117011 
2.751241 2.627664 0.004864 3.098056 2.629653 0.596087 2.945873 2.479128 0.588341 2.853661 2.815733 0.009064 2.926130 2.773544 0.118665 
2.751388 2.622618 0.004871 3.091507 2.622304 0.593783 2.938770 2.472422 0.584602 2.855699 2.809636 0.009486 2.926559 2.767108 0.120004 
2.751614 2.615758 0.004878 2.933349 2.466786 0.580676 2.858815 2.801155 0.008559 2.928267 2.758505 0.119920 3.086767 2.615941 0.590337 
2.751976 2.609749 0.004884 2.929708 2.461999 0.576482 2.861410 2.793853 0.007654 2.929766 2.751252 0.119711 3.083694 2.610559 0.586267 
2.752362 2.602046 0.004890 2.927421 2.457922 0.571911 2.864963 2.784250 0.005588 2.932365 2.741879 0.118307 3.082088 2.605814 0.581069 
2.753788 2.597730 0.004895 2.926250 2.454239 0.567113 2.867439 2.779282 0.004998 2.934047 2.737235 0.118310 3.081491 2.601576 0.575459 
3.080977 2.597478 0.570092 2.757271 2.594330 0.004901 2.925389 2.450506 0.561775 2.871907 2.775261 0.004997 2.937400 2.733418 0.119031 
3.081044 2.594054 0.564980 2.760508 2.591579 0.004905 2.925191 2.447358 0.556754 2.875818 2.772082 0.004994 2.940392 2.730485 0.119641 
3.081532 2.591043 0.559655 2.765066 2.588632 0.004911 2.925511 2.444524 0.551439 2.881342 2.768515 0.004990 2.944802 2.727154 0.120343 
3.082661 2.588485 0.554290 2.769382 2.586390 0.004914 2.926526 2.442081 0.546183 2.886154 2.765950 0.004988 2.948715 2.724928 0.120950 
3.084219 2.585920 0.548615 2.774907 2.583615 0.004916 2.928045 2.439562 0.540460 2.892721 2.762494 0.004986 2.954152 2.721697 0.121630 
3.086110 2.583411 0.543065 2.780467 2.580166 0.004919 2.929969 2.437027 0.534740 2.899720 2.758089 0.004984 2.959890 2.717425 0.122330 
3.088184 2.580544 0.537152 2.787388 2.575669 0.004922 2.932122 2.434098 0.528425 2.908633 2.752240 0.004983 2.967152 2.711722 0.123211 
3.090591 2.577689 0.530875 2.793986 2.571171 0.004926 2.934618 2.431166 0.521872 2.916947 2.746552 0.004983 2.973874 2.706305 0.124077 
3.093153 2.574421 0.524024 2.801207 2.566150 0.004928 2.937288 2.427815 0.514520 2.926161 2.740117 0.004982 2.981364 2.700130 0.124973 
3.095887 2.571345 0.516693 2.807343 2.562631 0.004929 2.940045 2.424719 0.507119 2.933188 2.735953 0.004983 2.987151 2.696434 0.125690 
3.098579 2.568356 0.509192 2.814279 2.557939 0.004930 2.942850 2.421637 0.499209 2.942116 2.729798 0.004992 2.994408 2.690554 0.126522 
3.101291 2.565617 0.501400 2.820355 2.554372 0.004930 2.945743 2.418742 0.490895 2.949439 2.725296 0.005067 3.000313 2.686473 0.127332 
3.103987 2.562786 0.492593 2.826583 2.549707 0.004931 2.948602 2.415789 0.481398 2.958191 2.718696 0.005144 3.007292 2.679993 0.128169 
3.106779 2.560138 0.483410 2.831958 2.545624 0.004931 2.951497 2.413062 0.471841 2.965545 2.713052 0.005109 3.013104 2.674663 0.128837 
3.109688 2.557508 0.473801 2.837434 2.540928 0.004931 2.954491 2.410365 0.461936 2.973421 2.706413 0.005032 3.019361 2.668271 0.129445 
3.112531 2.554957 0.464156 2.842541 2.536854 0.004931 2.957411 2.407757 0.452000 2.980520 2.700681 0.005076 3.101462 2.577475 0.328457 3.024920 2.662857 0.130144 
3.115505 2.552402 0.454172 2.847867 2.531947 0.004931 2.960469 2.405139 0.441717 3.103495 2.576145 0.318761 2.988356 2.693627 0.005082 3.031102 2.656044 0.130798 
3.118403 2.549866 0.443982 2.852912 2.527750 0.004930 2.963453 2.402543 0.431175 3.105429 2.574902 0.308894 2.995468 2.687610 0.005284 3.036612 2.650315 0.131618 
3.121516 2.547343 0.433382 2.858185 2.522145 0.004930 2.966670 2.399946 0.420170 3.107605 2.573683 0.298635 3.003617 2.679394 0.005361 3.042926 2.642359 0.132355 
3.124474 2.544703 0.422260 2.863140 2.517863 0.004930 2.969678 2.397284 0.408708 3.109515 2.572409 0.287900 3.010639 2.673172 0.005711 3.048257 2.636469 0.133311 
3.127609 2.542160 0.410891 2.868174 2.512383 0.004929 3.018432 2.665024 0.006000 3.111641 2.571239 0.276938 2.972893 2.394695 0.396934 2.901427 2.474143 0.131901 
3.130515 2.539609 0.399239 2.872854 2.508183 0.004929 3.025106 2.658830 0.006505 3.113458 2.570095 0.265734 2.975844 2.392130 0.384933 2.904387 2.470303 0.132446 
3.032630 2.650473 0.006980 2.877644 2.502646 0.004928 3.133581 2.537136 0.387427 3.115505 2.569030 0.254386 2.978979 2.389629 0.372679 2.907182 2.465133 0.133030 
2.981745 2.387087 0.360036 3.038728 2.644363 0.007825 3.116861 2.568155 0.242667 3.136285 2.534625 0.375115 2.909651 2.461199 0.133390 2.881711 2.498709 0.004929 
2.983395 2.384972 0.350156 3.044197 2.636281 0.008584 3.117276 2.567466 0.233581 3.137892 2.532530 0.365484 2.910872 2.455743 0.133513 2.884288 2.493825 0.004933 
2.983782 2.382955 0.343332 3.048461 2.629362 0.009652 3.117047 2.566654 0.227952 3.138186 2.530526 0.359450 2.911427 2.450930 0.133589 2.886165 2.489664 0.004937 
2.983429 2.380632 0.337168 3.052877 2.620552 0.010902 3.116351 2.565431 0.223157 3.137809 2.528118 0.354273 2.911313 2.444845 0.133635 2.887618 2.484421 0.004941 
2.982238 2.377817 0.331349 3.056204 2.612782 0.012330 3.115099 2.563621 0.218910 3.136701 2.525074 0.349644 2.910657 2.439368 0.133658 2.888492 2.479756 0.004944 
2.980499 2.374546 0.325437 3.059712 2.603084 0.013991 3.113478 2.561307 0.214736 3.135128 2.521454 0.345071 2.909378 2.432622 0.133653 2.889037 2.473987 0.004948 
2.978415 2.371024 0.319529 3.062589 2.595080 0.015972 3.111654 2.558801 0.210879 3.133203 2.517538 0.340791 2.908144 2.426907 0.133619 2.889622 2.469229 0.004951 
2.975929 2.367141 0.313347 3.065646 2.585293 0.018087 3.109544 2.555900 0.206882 3.130943 2.513155 0.336339 2.906417 2.420098 0.133557 2.889969 2.463462 0.004953 
2.973231 2.363055 0.307071 2.904856 2.414397 0.133460 3.107331 2.552824 0.203040 3.128469 2.508509 0.332010 3.068129 2.577319 0.020434 2.890417 2.458759 0.004956 
2.970527 2.359261 0.301530 2.902674 2.407437 0.134526 3.105217 2.549353 0.198859 3.126459 2.503810 0.327384 3.070533 2.566133 0.022206 2.889855 2.452244 0.006004 
2.969155 2.357093 0.298020 3.104142 2.547188 0.195745 3.125626 2.501034 0.324012 2.901242 2.402001 0.134896 3.072555 2.557006 0.022638 2.889441 2.447085 0.006374 
2.968668 2.355895 0.294321 3.103498 2.546101 0.192046 3.125503 2.499485 0.320057 2.899560 2.395840 0.134516 2.888710 2.441347 0.006059 
2.968558 2.355167 0.290802 3.103079 2.545604 0.188550 3.125606 2.498564 0.316315 2.898302 2.390904 0.134239 2.888197 2.436678 0.005816 
2.968608 2.354555 0.287068 3.102733 2.545199 0.184681 3.125889 2.497766 0.312188 2.896514 2.385008 0.133628 2.887244 2.431136 0.005269 
2.968707 2.354063 0.283547 3.102426 2.544965 0.181111 3.126150 2.497147 0.308369 2.895107 2.380252 0.133316 2.886559 2.426589 0.004982 
2.968647 2.353456 0.279878 3.101984 2.544634 0.177457 2.893030 2.374952 0.133329 2.885485 2.421544 0.005025 3.090627 2.463710 0.149788 3.126264 2.496393 0.304451 
2.968472 2.352836 0.276602 3.101514 2.544258 0.174252 2.891647 2.370639 0.133274 2.884893 2.417396 0.004985 3.090943 2.455546 0.149573 3.126256 2.495617 0.301004 
2.968271 2.352214 0.273037 3.100976 2.543913 0.170770 2.889236 2.365391 0.133294 2.883537 2.412389 0.005042 3.090433 2.445683 0.149621 3.126227 2.494837 0.297253 
2.968021 2.351568 0.269871 3.090444 2.437635 0.149374 2.887726 2.361227 0.133216 2.882812 2.408358 0.004981 3.100463 2.543490 0.167683 3.126151 2.494024 0.293925 
2.967772 2.350884 0.266114 3.089774 2.427248 0.149350 2.885235 2.355852 0.133213 2.881433 2.403187 0.005015 3.099879 2.543085 0.164015 3.126096 2.493160 0.289968 
