1.121195 0.570360 0.004283 0.993904 0.623661 0.004098 1.038118 0.372937 0.004712 0.910870 0.422915 0.004535 
1.121152 0.570418 0.004335 0.993863 0.623724 0.004324 1.038068 0.372998 0.004483 0.910822 0.422981 0.004474 
1.121143 0.570494 0.004444 0.993856 0.623805 0.004538 1.038052 0.373077 0.004207 0.910808 0.423064 0.004296 
1.121143 0.570495 0.004492 0.993856 0.623805 0.004575 1.038052 0.373078 0.004279 0.910807 0.423065 0.004358 
1.121143 0.570495 0.004536 0.993855 0.623806 0.004611 1.038052 0.373078 0.004344 0.910807 0.423065 0.004415 
1.121143 0.570496 0.004576 0.993855 0.623806 0.004644 1.038052 0.373079 0.004403 0.910807 0.423066 0.004467 
1.121143 0.570496 0.004613 0.993855 0.623807 0.004674 1.038052 0.373079 0.004456 0.910807 0.423066 0.004515 
1.121143 0.570497 0.004645 0.993855 0.623807 0.004702 1.038051 0.373079 0.004504 0.910807 0.423067 0.004558 
1.121143 0.570497 0.004674 0.993855 0.623807 0.004727 1.038051 0.373080 0.004546 0.910807 0.423067 0.004597 
1.121139 0.570566 0.004743 0.993851 0.623873 0.004892 1.038053 0.373147 0.004293 0.910807 0.423131 0.004434 
1.121136 0.570643 0.004817 0.993847 0.623948 0.005064 1.038051 0.373224 0.004031 0.910806 0.423206 0.004264 
1.121064 0.570585 0.004542 0.993769 0.623875 0.004889 1.038003 0.373155 0.004160 0.910751 0.423123 0.004498 
1.121064 0.570586 0.004581 0.993769 0.623877 0.004899 1.038002 0.373156 0.004234 0.910750 0.423124 0.004544 
1.120946 0.570731 0.004478 0.993649 0.624012 0.005206 1.037895 0.373299 0.003591 0.910641 0.423257 0.004299 
1.120945 0.570733 0.004523 0.993648 0.624016 0.005185 1.037893 0.373301 0.003720 0.910640 0.423260 0.004364 
1.120915 0.570777 0.004545 0.993614 0.624050 0.005268 1.037876 0.373339 0.003650 0.910619 0.423290 0.004354 
1.120916 0.570780 0.004586 0.993616 0.624053 0.005246 1.037878 0.373342 0.003766 0.910621 0.423292 0.004408 
1.120915 0.570782 0.004621 0.993614 0.624056 0.005224 1.037877 0.373344 0.003877 0.910620 0.423295 0.004464 
1.120914 0.570784 0.004654 0.993613 0.624058 0.005209 1.037876 0.373346 0.003975 0.910619 0.423297 0.004515 
1.120876 0.570853 0.004662 0.993570 0.624112 0.005333 1.037860 0.373406 0.003808 0.910598 0.423342 0.004461 
1.120875 0.570855 0.004690 0.993568 0.624115 0.005307 1.037859 0.373408 0.003914 0.910596 0.423345 0.004513 
1.120829 0.571009 0.004659 0.993498 0.624207 0.005560 1.037905 0.373525 0.003491 0.910620 0.423400 0.004367 
1.120828 0.571012 0.004688 0.993497 0.624211 0.005512 1.037903 0.373527 0.003627 0.910618 0.423403 0.004428 
1.120827 0.571015 0.004712 0.993495 0.624214 0.005467 1.037902 0.373530 0.003750 0.910617 0.423406 0.004484 
1.120825 0.571018 0.004734 0.993494 0.624218 0.005427 1.037901 0.373532 0.003861 0.910615 0.423409 0.004535 
1.120824 0.571020 0.004753 0.993493 0.624221 0.005391 1.037900 0.373534 0.003961 0.910614 0.423412 0.004582 
1.120632 0.571095 0.004614 0.993302 0.624295 0.005479 1.037708 0.373609 0.003897 0.910423 0.423486 0.004743 
1.120773 0.571143 0.004751 0.993422 0.624296 0.005528 1.037921 0.373628 0.003758 0.910617 0.423458 0.004513 
1.120772 0.571146 0.004768 0.993421 0.624299 0.005481 1.037920 0.373630 0.003869 0.910616 0.423461 0.004562 
1.120770 0.571149 0.004784 0.993419 0.624302 0.005438 1.037919 0.373633 0.003969 0.910615 0.423463 0.004606 
1.120769 0.571151 0.004798 0.993418 0.624305 0.005394 1.037918 0.373635 0.004062 0.910613 0.423466 0.004642 
1.120732 0.571152 0.004721 0.993378 0.624297 0.005343 1.037894 0.373629 0.004133 0.910587 0.423451 0.004741 
1.120668 0.571175 0.004688 0.993313 0.624320 0.005344 1.037830 0.373652 0.004161 0.910523 0.423473 0.004804 
1.120726 0.571311 0.004783 0.993388 0.624495 0.005464 1.037826 0.373817 0.003659 0.910534 0.423678 0.004318 
1.120725 0.571315 0.004796 0.993387 0.624499 0.005414 1.037825 0.373820 0.003783 0.910533 0.423681 0.004381 
1.120724 0.571318 0.004808 0.993385 0.624503 0.005368 1.037824 0.373822 0.003896 0.910532 0.423684 0.004438 
1.120723 0.571320 0.004818 0.993385 0.624506 0.005326 1.037823 0.373824 0.003998 0.910531 0.423687 0.004489 
1.120722 0.571323 0.004826 0.993384 0.624509 0.005287 1.037822 0.373827 0.004090 0.910530 0.423689 0.004536 
1.120721 0.571325 0.004834 0.993383 0.624511 0.005250 1.037822 0.373829 0.004175 0.910529 0.423691 0.004578 
1.120625 0.571202 0.004499 0.993276 0.624363 0.004966 1.037764 0.373688 0.004251 0.910462 0.423526 0.004710 
1.120623 0.571211 0.004542 0.993274 0.624372 0.004982 1.037763 0.373697 0.004285 0.910461 0.423535 0.004716 
1.120413 0.571133 0.003871 0.993063 0.624287 0.004670 1.037566 0.373614 0.004192 0.910262 0.423445 0.004989 
1.120423 0.571179 0.003945 0.993083 0.624357 0.004691 1.037536 0.373676 0.004036 0.910242 0.423531 0.004777 
1.120246 0.571185 0.003658 0.992873 0.624280 0.004638 1.037488 0.373628 0.003921 0.910163 0.423401 0.004895 
1.120030 0.571234 0.003308 0.992652 0.624309 0.004711 1.037303 0.373664 0.003713 0.909974 0.423416 0.005108 
1.120026 0.571235 0.003464 0.992647 0.624310 0.004736 1.037299 0.373665 0.003831 0.909969 0.423418 0.005096 
1.119853 0.571172 0.003003 0.992470 0.624234 0.004441 1.037152 0.373593 0.003952 0.909819 0.423332 0.005389 
1.119893 0.571143 0.003179 0.992507 0.624204 0.004404 1.037192 0.373563 0.004050 0.909856 0.423301 0.005275 
1.119889 0.571143 0.003346 0.992503 0.624204 0.004456 1.037188 0.373563 0.004137 0.909851 0.423301 0.005248 
1.119659 0.571161 0.002907 0.992254 0.624173 0.004250 1.037041 0.373550 0.004196 0.909687 0.423238 0.005544 
1.119655 0.571161 0.003099 0.992249 0.624172 0.004318 1.037036 0.373549 0.004269 0.909681 0.423237 0.005493 
1.119466 0.571127 0.002804 0.992061 0.624134 0.004260 1.036858 0.373513 0.004310 0.909503 0.423197 0.005773 
1.119231 0.570994 0.002138 0.991816 0.623970 0.003873 1.036683 0.373363 0.004506 0.909320 0.423016 0.006257 
1.119242 0.570893 0.002193 0.991823 0.623867 0.003652 1.036699 0.373262 0.004796 0.909332 0.422913 0.006278 
1.119212 0.570960 0.002480 0.991771 0.623885 0.003814 1.036738 0.373296 0.004735 0.909351 0.422899 0.006088 
1.119206 0.570958 0.002752 0.991763 0.623882 0.003910 1.036730 0.373292 0.004736 0.909340 0.422894 0.005911 
1.119041 0.571279 0.002961 0.991513 0.623993 0.004345 1.036882 0.373475 0.004118 0.909413 0.422866 0.005505 
1.118927 0.571395 0.003042 0.991401 0.624109 0.004630 1.036763 0.373591 0.003628 0.909296 0.422982 0.005208 
1.118939 0.571449 0.003200 0.991411 0.624160 0.004662 1.036775 0.373644 0.003431 0.909305 0.423032 0.004882 
1.118935 0.571450 0.003366 0.991406 0.624162 0.004689 1.036771 0.373645 0.003577 0.909300 0.423034 0.004891 
1.118954 0.571436 0.003490 0.991428 0.624159 0.004665 1.036772 0.373638 0.003673 0.909304 0.423039 0.004840 
1.118793 0.571046 0.002957 0.991267 0.623772 0.004010 1.036613 0.373250 0.004023 0.909146 0.422654 0.005081 
1.118899 0.571384 0.002743 0.991086 0.623411 0.003775 1.037817 0.373146 0.004977 0.910080 0.421850 0.006030 
1.118786 0.571255 0.002441 0.990956 0.623240 0.003509 1.037778 0.372998 0.005601 0.910027 0.421661 0.006703 
1.118795 0.571281 0.002688 0.990937 0.623198 0.003650 1.037895 0.372986 0.006187 0.910117 0.421582 0.007191 
1.118812 0.571256 0.002915 0.990966 0.623205 0.003773 1.037862 0.372981 0.006342 0.910094 0.421608 0.007241 
1.118893 0.571153 0.003062 0.991035 0.623078 0.003602 1.037982 0.372878 0.007318 0.910203 0.421481 0.007914 
1.118894 0.571159 0.003242 0.991044 0.623102 0.003748 1.037959 0.372907 0.008088 0.910188 0.421529 0.008658 
1.118945 0.571125 0.003400 0.991102 0.623087 0.003788 1.037996 0.372918 0.009632 0.910232 0.421558 0.010106 
1.118943 0.571130 0.003558 0.991121 0.623144 0.003914 1.037926 0.372987 0.010843 0.910182 0.421680 0.011300 
1.118947 0.571143 0.003707 0.991151 0.623221 0.004048 1.037857 0.373096 0.012609 0.910137 0.421853 0.013074 
1.118933 0.571079 0.003833 0.991250 0.623432 0.004177 1.037451 0.373274 0.014390 0.909837 0.422307 0.014880 
1.119003 0.570972 0.003902 0.991359 0.623423 0.004030 1.037402 0.373350 0.016731 0.909826 0.422484 0.017040 
1.118962 0.570836 0.003999 0.991498 0.623722 0.004162 1.036723 0.373567 0.018118 0.909315 0.423136 0.018480 
1.118993 0.570666 0.004093 0.991634 0.623805 0.004232 1.036395 0.373641 0.019475 0.909087 0.423464 0.019832 
1.119043 0.570300 0.003904 0.991763 0.623627 0.003832 1.036193 0.373551 0.021318 0.908958 0.423564 0.021496 
1.118981 0.570258 0.003862 0.991719 0.623630 0.003936 1.036144 0.373688 0.023245 0.908928 0.423748 0.023594 
1.118770 0.570109 0.003466 0.991525 0.623518 0.003955 1.036041 0.373780 0.025566 0.908844 0.423880 0.026366 
1.118530 0.570099 0.003144 0.991291 0.623516 0.004051 1.035987 0.374033 0.028096 0.908798 0.424145 0.029349 
1.118625 0.570144 0.003381 0.991249 0.623236 0.004165 1.036683 0.374130 0.030621 0.909367 0.423921 0.031785 
1.370469 0.931475 0.004598 0.913482 0.418398 0.037370 0.989003 0.619393 0.004341 1.156281 0.930462 0.004330 1.370868 0.793703 0.012529 1.042225 0.372433 0.035892 
1.370440 0.932679 0.004640 0.913381 0.414837 0.044407 0.984448 0.616472 0.005849 1.156260 0.930515 0.004420 1.371579 0.794971 0.013544 1.042945 0.371299 0.041708 
1.370467 0.933110 0.004716 0.905563 0.410674 0.053705 0.975462 0.611424 0.008904 1.156291 0.930623 0.004473 1.371812 0.795445 0.014230 1.035066 0.367143 0.048805 
1.370467 0.933123 0.004737 0.897421 0.403198 0.062460 0.966722 0.602731 0.011692 1.156291 0.930636 0.004517 1.371813 0.795483 0.014604 1.026758 0.359352 0.056190 
1.370467 0.933217 0.004757 0.893152 0.396514 0.067159 0.961677 0.595349 0.012727 1.156291 0.930637 0.004554 1.371872 0.795581 0.014672 1.022501 0.352772 0.060422 
1.370453 0.934243 0.004776 0.892931 0.393159 0.067274 0.960245 0.592172 0.011992 1.156292 0.930633 0.004586 1.372521 0.796607 0.014568 1.022501 0.350099 0.060390 
1.370432 0.935297 0.004795 0.893482 0.392191 0.066550 0.960116 0.591675 0.012148 1.156293 0.930625 0.004614 1.373185 0.797654 0.014328 1.023198 0.349606 0.059486 
1.370428 0.935530 0.004813 0.893390 0.391920 0.065611 0.960121 0.591654 0.012252 1.156293 0.930612 0.004641 1.373339 0.797865 0.013972 1.023098 0.349331 0.058413 
1.370428 0.935518 0.004828 0.892735 0.392217 0.064370 0.960216 0.592008 0.012179 1.156294 0.930600 0.004668 1.373341 0.797831 0.013652 1.022320 0.349248 0.057215 
1.370429 0.935484 0.004843 0.891671 0.392935 0.062892 0.960387 0.592644 0.012015 1.156294 0.930590 0.004692 1.373327 0.797778 0.013362 1.021041 0.349301 0.055869 
1.370464 0.934837 0.004874 0.890495 0.393801 0.061318 0.960628 0.593362 0.011817 1.156315 0.930632 0.004726 1.372920 0.797094 0.012939 1.019610 0.349394 0.054458 
1.370485 0.933584 0.004884 0.888975 0.395027 0.059534 0.960902 0.594327 0.011578 1.156315 0.930613 0.004747 1.372148 0.795798 0.012403 1.017754 0.349623 0.052876 
1.370501 0.932003 0.004893 0.887160 0.396582 0.057494 0.961232 0.595486 0.011186 1.156315 0.930591 0.004767 1.371162 0.794177 0.011785 1.015531 0.349988 0.051189 
1.370511 0.930150 0.004905 0.885149 0.398411 0.055238 0.961643 0.596804 0.010713 1.156321 0.930602 0.004791 1.369974 0.792291 0.011122 1.013042 0.350468 0.049366 
1.370499 0.928379 0.004911 0.883061 0.400361 0.052887 0.962059 0.598169 0.010163 1.156321 0.930772 0.004809 1.368712 0.790500 0.010408 1.010445 0.351024 0.047524 
1.370484 0.927967 0.004917 0.880903 0.402483 0.050495 0.962519 0.599611 0.009589 1.156339 0.932429 0.004826 1.367365 0.790076 0.009417 1.007730 0.351675 0.045664 
1.370485 0.927927 0.004921 0.878662 0.404814 0.048079 0.963018 0.601130 0.008865 1.156402 0.934715 0.004944 1.365871 0.790047 0.008344 1.004885 0.352464 0.043937 
1.370513 0.927849 0.004911 0.876576 0.407134 0.045833 0.963577 0.602588 0.008123 1.156511 0.936818 0.005543 1.364499 0.790001 0.007349 1.002188 0.353286 0.042401 
1.370533 0.927812 0.004917 0.874677 0.409375 0.043979 0.964074 0.603980 0.007496 1.156624 0.938696 0.006433 1.363289 0.790011 0.006461 0.999704 0.354149 0.041148 
1.370551 0.927387 0.004923 0.873081 0.411350 0.042590 0.964529 0.605176 0.007057 1.156743 0.939955 0.007302 1.362220 0.789641 0.005759 0.997578 0.354919 0.040176 
1.370566 0.925962 0.004930 0.871822 0.412967 0.041551 0.964917 0.606151 0.006806 1.156860 0.940019 0.008010 1.361272 0.788276 0.005336 0.995873 0.355554 0.039368 
1.370576 0.923552 0.004937 0.870798 0.414270 0.040568 0.965244 0.606947 0.006669 1.156958 0.938815 0.008424 1.360504 0.785920 0.005291 0.994475 0.356049 0.038501 
1.370580 0.920671 0.004943 0.870001 0.415229 0.039543 0.965496 0.607549 0.006569 1.157031 0.936830 0.008629 1.359931 0.783083 0.005285 0.993386 0.356392 0.037552 
1.370581 0.918138 0.004947 0.869476 0.415796 0.038585 0.965657 0.607922 0.006487 1.157081 0.934920 0.008666 1.359530 0.780582 0.005275 0.992678 0.356571 0.036656 
1.370579 0.916437 0.004952 0.869170 0.416097 0.037836 0.965756 0.608127 0.006382 1.157111 0.933625 0.008616 1.359267 0.778902 0.005277 0.992269 0.356657 0.036006 
1.370576 0.914947 0.004956 0.869129 0.416030 0.037354 0.965749 0.608115 0.006348 1.157120 0.932320 0.008470 1.359146 0.777421 0.005402 0.992230 0.356593 0.035555 
1.370572 0.913829 0.004959 0.869105 0.415974 0.037008 0.965741 0.608102 0.006316 1.157117 0.931243 0.008301 1.359118 0.776306 0.005536 0.992211 0.356546 0.035238 
1.370569 0.913145 0.004962 0.869092 0.415932 0.036779 0.965733 0.608089 0.006282 1.157109 0.930537 0.008155 1.359131 0.775622 0.005638 0.992203 0.356514 0.035043 
1.370566 0.912969 0.004965 0.869165 0.415819 0.036718 0.965675 0.608050 0.006277 1.157094 0.930239 0.008015 1.359207 0.775440 0.005724 0.992318 0.356488 0.034989 
1.370568 0.912956 0.004960 0.869337 0.415587 0.036778 0.965615 0.607922 0.006255 1.157079 0.930040 0.007821 1.359330 0.775417 0.005847 0.992562 0.356404 0.035071 
1.370576 0.912913 0.004944 0.869541 0.415278 0.036890 0.965561 0.607716 0.006209 1.157068 0.929791 0.007552 1.359473 0.775365 0.006029 0.992845 0.356258 0.035230 
1.370570 0.912921 0.004948 0.869756 0.414986 0.037069 0.965484 0.607539 0.006190 1.157039 0.929561 0.007261 1.359620 0.775362 0.006233 0.993147 0.356148 0.035432 
1.370564 0.912930 0.004951 0.870000 0.414668 0.037310 0.965398 0.607341 0.006169 1.157010 0.929316 0.006951 1.359778 0.775360 0.006473 0.993487 0.356032 0.035701 
1.370556 0.912940 0.004954 0.870281 0.414308 0.037607 0.965301 0.607116 0.006145 1.156979 0.929057 0.006618 1.359945 0.775360 0.006744 0.993877 0.355903 0.036030 
1.370548 0.912952 0.004956 0.870599 0.413903 0.037942 0.965192 0.606861 0.006119 1.156944 0.928740 0.006234 1.360147 0.775360 0.007058 0.994319 0.355759 0.036400 
1.370539 0.912964 0.004958 0.870953 0.413448 0.038295 0.965071 0.606577 0.006094 1.156905 0.928372 0.005802 1.360381 0.775360 0.007402 0.994811 0.355596 0.036787 
1.370529 0.912978 0.004959 0.871330 0.412963 0.038648 0.964943 0.606274 0.006073 1.156863 0.927966 0.005305 1.360636 0.775362 0.007764 0.995332 0.355421 0.037170 
1.370522 0.912990 0.004960 0.871702 0.412575 0.038971 0.964839 0.606058 0.006053 1.156838 0.927714 0.004975 1.360795 0.775368 0.008067 0.995841 0.355327 0.037522 
1.370522 0.912999 0.004963 0.871955 0.412401 0.039472 0.964783 0.605941 0.006020 1.156838 0.927723 0.004968 1.360797 0.775383 0.008330 0.996176 0.355332 0.038070 
1.370523 0.913009 0.004964 0.872190 0.412279 0.040082 0.964734 0.605841 0.005979 1.156839 0.927732 0.004964 1.360798 0.775400 0.008595 0.996485 0.355369 0.038739 
1.370524 0.913018 0.004965 0.872416 0.412162 0.040660 0.964688 0.605744 0.005937 1.156839 0.927741 0.004964 1.360800 0.775416 0.008840 0.996782 0.355406 0.039377 
1.370526 0.913048 0.004966 0.872575 0.412104 0.041147 0.964656 0.605681 0.005898 1.156840 0.927748 0.004964 1.360816 0.775450 0.009060 0.996989 0.355452 0.039920 
1.370528 0.913083 0.004967 0.872668 0.412098 0.041533 0.964639 0.605649 0.005859 1.156840 0.927755 0.004964 1.360837 0.775491 0.009252 0.997108 0.355503 0.040358 
1.370530 0.913116 0.004968 0.872720 0.412114 0.041819 0.964630 0.605635 0.005823 1.156841 0.927761 0.004964 1.360857 0.775527 0.009414 0.997175 0.355550 0.040693 
1.370532 0.913140 0.004969 0.872735 0.412145 0.041994 0.964627 0.605634 0.005779 1.156841 0.927765 0.004964 1.360871 0.775554 0.009545 0.997195 0.355590 0.040926 
1.370532 0.913144 0.004971 0.872712 0.412189 0.042063 0.964622 0.605641 0.005695 1.156841 0.927769 0.004963 1.360872 0.775562 0.009650 0.997172 0.355633 0.041108 
1.370532 0.913147 0.004972 0.872664 0.412250 0.042077 0.964624 0.605659 0.005607 1.156841 0.927772 0.004962 1.360873 0.775568 0.009731 0.997116 0.355675 0.041242 
1.370532 0.913149 0.004974 0.872605 0.412312 0.042044 0.964629 0.605681 0.005523 1.156841 0.927773 0.004962 1.360873 0.775572 0.009789 0.997046 0.355711 0.041324 
1.370532 0.913151 0.004976 0.872553 0.412365 0.042010 0.964637 0.605704 0.005482 1.156841 0.927775 0.004961 1.360873 0.775575 0.009827 0.996980 0.355733 0.041345 
1.370532 0.913155 0.004977 0.872512 0.412411 0.042001 0.964647 0.605727 0.005481 1.156841 0.927775 0.004961 1.360875 0.775579 0.009853 0.996925 0.355746 0.041335 
1.370534 0.913184 0.004979 0.872504 0.412419 0.041995 0.964649 0.605732 0.005481 1.156841 0.927776 0.004960 1.360896 0.775608 0.009872 0.996913 0.355748 0.041329 
1.370536 0.913210 0.004981 0.872501 0.412421 0.041989 0.964650 0.605733 0.005480 1.156841 0.927776 0.004960 1.360914 0.775633 0.009882 0.996910 0.355748 0.041322 
1.370536 0.913211 0.004983 0.872492 0.412430 0.041983 0.964652 0.605738 0.005480 1.156841 0.927776 0.004959 1.360914 0.775634 0.009885 0.996898 0.355750 0.041315 
1.370536 0.913211 0.004983 0.872467 0.412440 0.041994 0.964622 0.605750 0.005488 1.156841 0.927776 0.004960 1.360915 0.775634 0.009882 0.996871 0.355759 0.041296 
1.370536 0.913211 0.004982 0.872469 0.412438 0.041995 0.964622 0.605749 0.005492 1.156841 0.927776 0.004961 1.360915 0.775633 0.009878 0.996874 0.355757 0.041291 
1.370536 0.913211 0.004982 0.872472 0.412434 0.041996 0.964622 0.605748 0.005497 1.156841 0.927775 0.004963 1.360916 0.775633 0.009874 0.996878 0.355755 0.041284 
1.370536 0.913211 0.004981 0.872476 0.412430 0.041998 0.964622 0.605747 0.005503 1.156841 0.927775 0.004964 1.360916 0.775633 0.009868 0.996883 0.355752 0.041276 
1.370536 0.913211 0.004981 0.872481 0.412426 0.042000 0.964621 0.605745 0.005510 1.156841 0.927774 0.004964 1.360916 0.775633 0.009861 0.996888 0.355749 0.041267 
1.370536 0.913211 0.004981 0.872487 0.412420 0.042003 0.964621 0.605743 0.005519 1.156841 0.927774 0.004965 1.360916 0.775632 0.009853 0.996894 0.355746 0.041257 
1.370536 0.913210 0.004980 0.872493 0.412414 0.042006 0.964621 0.605741 0.005529 1.156841 0.927773 0.004966 1.360917 0.775632 0.009845 0.996901 0.355742 0.041245 
1.370536 0.913210 0.004980 0.872500 0.412407 0.042010 0.964620 0.605739 0.005541 1.156841 0.927773 0.004967 1.360917 0.775631 0.009835 0.996909 0.355737 0.041233 
1.370536 0.913210 0.004980 0.872507 0.412399 0.042014 0.964620 0.605737 0.005554 1.156841 0.927772 0.004967 1.360917 0.775631 0.009825 0.996918 0.355732 0.041219 
1.370537 0.913210 0.004979 0.872514 0.412392 0.042021 0.964620 0.605734 0.005567 1.156841 0.927772 0.004968 1.360917 0.775630 0.009816 0.996926 0.355727 0.041209 
1.370537 0.913210 0.004979 0.872519 0.412386 0.042026 0.964620 0.605733 0.005577 1.156841 0.927772 0.004969 1.360918 0.775630 0.009809 0.996932 0.355724 0.041202 
1.370537 0.913209 0.004979 0.872523 0.412382 0.042030 0.964619 0.605731 0.005585 1.156841 0.927771 0.004969 1.360918 0.775630 0.009804 0.996937 0.355721 0.041197 
1.370537 0.913209 0.004979 0.872526 0.412379 0.042033 0.964619 0.605730 0.005590 1.156841 0.927771 0.004969 1.360918 0.775630 0.009801 0.996940 0.355719 0.041193 
1.370537 0.913209 0.004979 0.872528 0.412377 0.042035 0.964619 0.605729 0.005594 1.156841 0.927771 0.004970 1.360918 0.775629 0.009798 0.996942 0.355718 0.041190 
1.370537 0.913210 0.004979 0.872530 0.412375 0.042037 0.964619 0.605729 0.005597 1.156841 0.927770 0.004970 1.360918 0.775629 0.009796 0.996944 0.355717 0.041188 
1.370537 0.913210 0.004979 0.872531 0.412374 0.042038 0.964619 0.605728 0.005599 1.156841 0.927770 0.004970 1.360919 0.775629 0.009795 0.996946 0.355716 0.041187 
1.370537 0.913210 0.004978 0.872532 0.412373 0.042041 0.964619 0.605728 0.005601 1.156841 0.927770 0.004971 1.360919 0.775629 0.009794 0.996947 0.355716 0.041187 
1.370537 0.913210 0.004978 0.872535 0.412374 0.042054 0.964619 0.605728 0.005602 1.156841 0.927770 0.004971 1.360919 0.775630 0.009795 0.996950 0.355717 0.041198 
1.370537 0.913210 0.004978 0.872538 0.412377 0.042078 0.964619 0.605727 0.005603 1.156842 0.927770 0.004971 1.360919 0.775630 0.009798 0.996953 0.355720 0.041222 
1.370537 0.913210 0.004978 0.872542 0.412381 0.042112 0.964618 0.605727 0.005604 1.156842 0.927770 0.004971 1.360919 0.775630 0.009802 0.996958 0.355726 0.041255 
1.370537 0.913211 0.004978 0.872547 0.412386 0.042151 0.964618 0.605727 0.005604 1.156842 0.927770 0.004972 1.360920 0.775631 0.009808 0.996963 0.355732 0.041294 
1.370537 0.913211 0.004978 0.872551 0.412392 0.042193 0.964618 0.605727 0.005604 1.156842 0.927770 0.004972 1.360920 0.775631 0.009815 0.996968 0.355739 0.041337 
1.370537 0.913211 0.004978 0.872555 0.412398 0.042235 0.964618 0.605727 0.005603 1.156842 0.927770 0.004972 1.360920 0.775632 0.009822 0.996973 0.355746 0.041381 
1.370537 0.913212 0.004978 0.872560 0.412404 0.042276 0.964618 0.605728 0.005602 1.156842 0.927770 0.004972 1.360920 0.775632 0.009829 0.996977 0.355753 0.041424 
1.370537 0.913212 0.004978 0.872564 0.412411 0.042316 0.964618 0.605728 0.005600 1.156842 0.927771 0.004972 1.360920 0.775633 0.009836 0.996982 0.355760 0.041466 
1.370537 0.913212 0.004978 0.872567 0.412417 0.042355 0.964618 0.605728 0.005599 1.156842 0.927771 0.004972 1.360921 0.775634 0.009843 0.996986 0.355767 0.041507 
1.370537 0.913213 0.004978 0.872571 0.412422 0.042392 0.964618 0.605728 0.005598 1.156842 0.927771 0.004972 1.360921 0.775634 0.009849 0.996990 0.355773 0.041546 
1.370537 0.913213 0.004978 0.872574 0.412428 0.042427 0.964618 0.605729 0.005597 1.156842 0.927771 0.004972 1.360921 0.775635 0.009855 0.996993 0.355779 0.041583 
1.370537 0.913213 0.004978 0.872578 0.412433 0.042460 0.964618 0.605729 0.005595 1.156842 0.927771 0.004972 1.360921 0.775635 0.009861 0.996997 0.355785 0.041618 
1.370537 0.913213 0.004979 0.872581 0.412438 0.042493 0.964618 0.605729 0.005595 1.156842 0.927771 0.004972 1.360921 0.775636 0.009867 0.997001 0.355791 0.041653 
1.370537 0.913214 0.004979 0.872585 0.412443 0.042526 0.964618 0.605729 0.005594 1.156842 0.927771 0.004972 1.360922 0.775636 0.009872 0.997005 0.355797 0.041687 
1.370538 0.913214 0.004979 0.872588 0.412447 0.042558 0.964618 0.605729 0.005594 1.156842 0.927771 0.004972 1.360922 0.775636 0.009877 0.997009 0.355802 0.041719 
1.370538 0.913214 0.004979 0.872592 0.412452 0.042589 0.964618 0.605729 0.005593 1.156842 0.927771 0.004972 1.360922 0.775637 0.009882 0.997012 0.355807 0.041752 
1.370538 0.913214 0.004979 0.872595 0.412456 0.042621 0.964618 0.605729 0.005593 1.156842 0.927771 0.004972 1.360922 0.775637 0.009887 0.997016 0.355812 0.041784 
1.370538 0.913215 0.004979 0.872599 0.412460 0.042653 0.964618 0.605729 0.005593 1.156842 0.927771 0.004972 1.360922 0.775638 0.009892 0.997020 0.355818 0.041816 
1.370538 0.913215 0.004979 0.872603 0.412465 0.042685 0.964618 0.605729 0.005594 1.156842 0.927772 0.004972 1.360922 0.775638 0.009897 0.997025 0.355823 0.041848 
1.370538 0.913215 0.004979 0.872606 0.412469 0.042717 0.964618 0.605729 0.005594 1.156842 0.927772 0.004972 1.360922 0.775638 0.009902 0.997029 0.355828 0.041880 
1.370538 0.913215 0.004979 0.872610 0.412473 0.042748 0.964618 0.605729 0.005594 1.156842 0.927772 0.004972 1.360923 0.775639 0.009907 0.997033 0.355833 0.041912 
1.370538 0.913216 0.004979 0.872614 0.412477 0.042780 0.964618 0.605729 0.005594 1.156842 0.927772 0.004971 1.360923 0.775639 0.009911 0.997037 0.355838 0.041944 
1.370538 0.913216 0.004979 0.872617 0.412481 0.042811 0.964618 0.605729 0.005595 1.156842 0.927772 0.004971 1.360923 0.775640 0.009916 0.997041 0.355843 0.041975 
1.370538 0.913216 0.004979 0.872621 0.412485 0.042842 0.964618 0.605729 0.005595 1.156842 0.927772 0.004971 1.360923 0.775640 0.009920 0.997045 0.355848 0.042006 
1.370538 0.913216 0.004979 0.872625 0.412489 0.042872 0.964618 0.605728 0.005596 1.156842 0.927772 0.004971 1.360923 0.775640 0.009925 0.997049 0.355853 0.042036 
1.370538 0.913216 0.004980 0.872629 0.412493 0.042902 0.964618 0.605728 0.005596 1.156842 0.927772 0.004971 1.360923 0.775641 0.009929 0.997054 0.355857 0.042066 
1.370538 0.913217 0.004980 0.872632 0.412497 0.042933 0.964618 0.605728 0.005597 1.156842 0.927772 0.004971 1.360923 0.775641 0.009933 0.997058 0.355862 0.042095 
1.370538 0.913217 0.004980 0.872636 0.412500 0.042963 0.964618 0.605728 0.005598 1.156842 0.927772 0.004971 1.360924 0.775641 0.009937 0.997062 0.355866 0.042125 
1.370538 0.913217 0.004980 0.872640 0.412504 0.042993 0.964618 0.605728 0.005599 1.156842 0.927772 0.004971 1.360924 0.775642 0.009941 0.997066 0.355871 0.042155 
1.370538 0.913217 0.004980 0.872644 0.412508 0.043023 0.964618 0.605728 0.005600 1.156842 0.927772 0.004971 1.360924 0.775642 0.009945 0.997070 0.355876 0.042184 
1.370538 0.913217 0.004980 0.872647 0.412512 0.043053 0.964618 0.605728 0.005601 1.156842 0.927772 0.004971 1.360924 0.775642 0.009949 0.997074 0.355880 0.042213 
1.370538 0.913218 0.004980 0.872651 0.412515 0.043082 0.964618 0.605728 0.005602 1.156842 0.927772 0.004971 1.360924 0.775643 0.009952 0.997078 0.355885 0.042241 
1.370538 0.913218 0.004980 0.872654 0.412519 0.043110 0.964618 0.605728 0.005603 1.156842 0.927772 0.004971 1.360924 0.775643 0.009956 0.997082 0.355889 0.042268 
1.370538 0.913218 0.004980 0.872658 0.412523 0.043137 0.964618 0.605728 0.005604 1.156842 0.927772 0.004971 1.360924 0.775643 0.009959 0.997085 0.355893 0.042295 
1.370538 0.913218 0.004980 0.872661 0.412526 0.043164 0.964618 0.605728 0.005605 1.156842 0.927772 0.004970 1.360924 0.775643 0.009962 0.997089 0.355898 0.042321 
1.370538 0.913218 0.004980 0.872664 0.412530 0.043191 0.964618 0.605728 0.005606 1.156842 0.927772 0.004970 1.360925 0.775644 0.009965 0.997092 0.355902 0.042347 
1.370538 0.913218 0.004981 0.872667 0.412533 0.043218 0.964618 0.605728 0.005607 1.156842 0.927772 0.004970 1.360925 0.775644 0.009968 0.997096 0.355906 0.042373 
1.370538 0.913218 0.004981 0.872671 0.412537 0.043245 0.964618 0.605728 0.005608 1.156842 0.927772 0.004970 1.360925 0.775644 0.009971 0.997099 0.355910 0.042399 
1.370538 0.913219 0.004981 0.872674 0.412540 0.043272 0.964618 0.605728 0.005609 1.156842 0.927772 0.004970 1.360925 0.775644 0.009975 0.997103 0.355914 0.042425 
1.370538 0.913219 0.004981 0.872677 0.412544 0.043299 0.964618 0.605728 0.005610 1.156842 0.927772 0.004970 1.360925 0.775645 0.009978 0.997106 0.355918 0.042452 
1.370538 0.913219 0.004981 0.872680 0.412548 0.043326 0.964618 0.605728 0.005611 1.156842 0.927772 0.004970 1.360925 0.775645 0.009981 0.997110 0.355923 0.042478 
1.370538 0.913219 0.004981 0.872684 0.412551 0.043353 0.964618 0.605728 0.005612 1.156842 0.927772 0.004970 1.360925 0.775645 0.009984 0.997113 0.355927 0.042504 
1.370538 0.913219 0.004981 0.872687 0.412555 0.043379 0.964618 0.605728 0.005613 1.156842 0.927772 0.004970 1.360925 0.775645 0.009988 0.997117 0.355931 0.042530 
1.370538 0.913219 0.004981 0.872690 0.412558 0.043405 0.964618 0.605728 0.005613 1.156842 0.927772 0.004970 1.360925 0.775646 0.009991 0.997120 0.355935 0.042555 
1.370538 0.913220 0.004981 0.872693 0.412562 0.043431 0.964619 0.605728 0.005614 1.156842 0.927772 0.004970 1.360926 0.775646 0.009994 0.997124 0.355939 0.042580 
1.370538 0.913220 0.004981 0.872696 0.412565 0.043457 0.964619 0.605728 0.005615 1.156842 0.927772 0.004969 1.360926 0.775646 0.009999 0.997127 0.355943 0.042605 
1.370538 0.913220 0.004982 0.872699 0.412568 0.043482 0.964619 0.605728 0.005616 1.156842 0.927772 0.004969 1.360926 0.775647 0.010005 0.997131 0.355947 0.042630 
1.370538 0.913220 0.004982 0.872703 0.412571 0.043507 0.964618 0.605728 0.005617 1.156842 0.927773 0.004969 1.360926 0.775647 0.010011 0.997134 0.355951 0.042654 
1.370538 0.913221 0.004982 0.872706 0.412574 0.043531 0.964618 0.605728 0.005618 1.156842 0.927773 0.004969 1.360926 0.775648 0.010017 0.997138 0.355955 0.042678 
1.370538 0.913221 0.004982 0.872709 0.412577 0.043555 0.964618 0.605728 0.005619 1.156842 0.927773 0.004969 1.360926 0.775648 0.010024 0.997142 0.355958 0.042701 
