0.002543 -0.000276 0.999997 0.000258 0.002472 0.999997 0.000320 0.002522 0.999997 0.002560 -0.000262 0.999997 
0.002292 -0.000249 0.999997 0.000234 0.002244 0.999997 0.000290 0.002289 0.999997 0.002307 -0.000236 0.999997 
0.002060 -0.000224 0.999998 0.000211 0.002023 0.999998 0.000262 0.002063 0.999998 0.002074 -0.000212 0.999998 
0.001855 -0.000202 0.999998 0.000189 0.001809 0.999998 0.000234 0.001845 0.999998 0.001867 -0.000191 0.999998 
0.000513 -0.000056 1.000000 0.000255 0.002442 0.999997 0.000310 0.002447 0.999997 0.000529 -0.000054 1.000000 
0.001276 -0.000139 0.999999 0.000175 0.001674 0.999999 0.000215 0.001698 0.999999 0.001287 -0.000132 0.999999 
-0.002868 0.000311 0.999996 -0.000361 -0.003467 0.999994 -0.000446 -0.003522 0.999994 -0.002891 0.000296 0.999996 
-0.001094 0.000118 0.999999 -0.000547 -0.005269 0.999986 -0.000667 -0.005279 0.999986 -0.001127 0.000115 0.999999 
-0.000985 0.000107 1.000000 -0.000498 -0.004797 0.999988 -0.000608 -0.004806 0.999988 -0.001015 0.000104 0.999999 
0.000328 -0.000035 1.000000 -0.000515 -0.004965 0.999988 -0.000625 -0.004944 0.999988 0.000298 -0.000030 1.000000 
0.000294 -0.000032 1.000000 -0.000844 -0.008154 0.999966 -0.001024 -0.008126 0.999966 0.000245 -0.000025 1.000000 
-0.001092 0.000118 0.999999 -0.000965 -0.009330 0.999956 -0.001175 -0.009329 0.999956 -0.001150 0.000117 0.999999 
-0.000975 0.000105 1.000000 -0.001074 -0.010390 0.999945 -0.001308 -0.010384 0.999945 -0.001039 0.000106 0.999999 
-0.000869 0.000094 1.000000 -0.001062 -0.010268 0.999947 -0.001292 -0.010260 0.999947 -0.000933 0.000095 1.000000 
-0.000769 0.000083 1.000000 -0.000974 -0.009424 0.999955 -0.001186 -0.009416 0.999955 -0.000827 0.000084 1.000000 
-0.000679 0.000073 1.000000 -0.000882 -0.008534 0.999963 -0.001074 -0.008526 0.999963 -0.000731 0.000074 1.000000 
-0.000593 0.000064 1.000000 -0.000797 -0.007713 0.999970 -0.000971 -0.007706 0.999970 -0.000641 0.000065 1.000000 
-0.000518 0.000056 1.000000 -0.000721 -0.006977 0.999975 -0.000878 -0.006970 0.999975 -0.000561 0.000057 1.000000 
-0.000447 0.000048 1.000000 -0.000652 -0.006307 0.999980 -0.000794 -0.006300 0.999980 -0.000486 0.000049 1.000000 
-0.000384 0.000041 1.000000 -0.000590 -0.005708 0.999984 -0.000718 -0.005701 0.999983 -0.000420 0.000043 1.000000 
-0.000325 0.000035 1.000000 -0.000533 -0.005156 0.999987 -0.000649 -0.005150 0.999987 -0.000357 0.000036 1.000000 
-0.000274 0.000030 1.000000 -0.000482 -0.004665 0.999989 -0.000587 -0.004658 0.999989 -0.000303 0.000031 1.000000 
-0.000225 0.000024 1.000000 -0.000435 -0.004212 0.999991 -0.000530 -0.004206 0.999991 -0.000251 0.000025 1.000000 
-0.000183 0.000020 1.000000 -0.000395 -0.003816 0.999993 -0.000480 -0.003810 0.999993 -0.000206 0.000021 1.000000 
-0.000143 0.000015 1.000000 -0.000357 -0.003452 0.999994 -0.000434 -0.003446 0.999994 -0.000164 0.000017 1.000000 
-0.000833 0.000090 1.000000 -0.000462 -0.004468 0.999990 -0.000564 -0.004475 0.999990 -0.000861 0.000088 1.000000 
-0.000731 0.000079 1.000000 -0.000418 -0.004042 0.999992 -0.000510 -0.004048 0.999992 -0.000756 0.000077 1.000000 
-0.000641 0.000069 1.000000 -0.000380 -0.003672 0.999993 -0.000463 -0.003676 0.999993 -0.000664 0.000067 1.000000 
-0.000063 0.000007 1.000000 -0.000411 -0.003976 0.999992 -0.000500 -0.003967 0.999992 -0.000087 0.000009 1.000000 
0.001888 -0.000203 0.999998 -0.000725 -0.007018 0.999975 -0.000875 -0.006957 0.999975 0.001847 -0.000187 0.999998 
0.000541 -0.000058 1.000000 -0.000863 -0.008387 0.999964 -0.001048 -0.008353 0.999965 0.000490 -0.000050 1.000000 
0.001962 -0.000211 0.999998 -0.001460 -0.014129 0.999899 -0.001769 -0.014047 0.999900 0.001876 -0.000190 0.999998 
0.001204 -0.000129 0.999999 -0.001704 -0.016601 0.999861 -0.002071 -0.016530 0.999861 0.001103 -0.000111 0.999999 
0.001103 -0.000119 0.999999 -0.002688 -0.026069 0.999657 -0.003265 -0.025975 0.999657 0.000944 -0.000096 1.000000 
0.002000 -0.000215 0.999998 -0.004806 -0.046487 0.998907 -0.005836 -0.046317 0.998910 0.001717 -0.000174 0.999999 
0.004302 -0.000484 0.999991 -0.006965 -0.064281 0.997908 -0.008386 -0.064004 0.997914 0.003911 -0.000416 0.999992 
0.004910 -0.000571 0.999988 -0.008542 -0.076127 0.997062 -0.010226 -0.075797 0.997071 0.004448 -0.000490 0.999990 
0.006441 -0.000805 0.999979 -0.009883 -0.081658 0.996611 -0.011685 -0.081261 0.996624 0.005946 -0.000706 0.999982 
0.005971 -0.000762 0.999982 -0.010962 -0.088640 0.996003 -0.012923 -0.088226 0.996017 0.005433 -0.000659 0.999985 
0.010211 -0.001309 0.999947 -0.011490 -0.092092 0.995684 -0.013514 -0.091570 0.995707 0.009656 -0.001179 0.999953 
0.015454 -0.001894 0.999879 -0.013285 -0.110844 0.993749 -0.015717 -0.110157 0.993790 0.014787 -0.001721 0.999889 
0.022561 -0.002583 0.999742 -0.015214 -0.134437 0.990805 -0.018164 -0.133538 0.990877 0.021754 -0.002357 0.999761 
0.028976 -0.003198 0.999575 -0.017607 -0.159069 0.987111 -0.021105 -0.157962 0.987220 0.028021 -0.002922 0.999603 
0.037394 -0.004022 0.999293 -0.020162 -0.182968 0.982912 -0.024190 -0.181605 0.983074 0.036297 -0.003683 0.999334 
0.044805 -0.004826 0.998984 -0.023578 -0.208634 0.977710 -0.028184 -0.207015 0.977932 0.043556 -0.004428 0.999041 
0.076058 -0.008264 0.997069 -0.030065 -0.242991 0.969563 -0.035372 -0.240513 0.970001 0.074617 -0.007659 0.997183 
-0.031733 -0.013414 0.999406 0.116818 -0.014637 0.993045 0.029867 -0.087422 0.995724 -0.046004 -0.251294 0.966817 0.037253 -0.079131 0.996168 
-0.045001 -0.017363 0.998836 0.154697 -0.019506 0.987769 -0.049444 -0.253209 0.966147 0.066463 -0.124735 0.989962 0.045279 -0.114686 0.992369 0.041784 -0.105507 0.993540 
-0.044293 -0.017619 0.998863 0.186811 -0.016467 0.982258 -0.045873 -0.270549 0.961613 0.099421 -0.166619 0.980996 0.058733 -0.143746 0.987870 0.067187 -0.141566 0.987646 
-0.029315 -0.012842 0.999488 0.203583 -0.008366 0.979022 -0.040408 -0.301163 0.952716 0.125837 -0.201650 0.971340 0.076549 -0.171051 0.982284 0.096224 -0.195654 0.975941 
-0.019908 -0.009293 0.999759 0.205404 -0.003453 0.978671 0.103551 -0.226640 0.968458 -0.039268 -0.332340 0.942342 0.136881 -0.228052 0.963979 
-0.012259 -0.005805 0.999908 0.201340 -0.004320 0.979512 0.105625 -0.259101 0.960057 -0.045607 -0.356633 0.933131 0.134702 -0.247543 0.959467 
0.195619 -0.007510 0.980651 -0.001789 -0.000847 0.999998 0.100804 -0.289616 0.951820 -0.055361 -0.374531 0.925560 0.115223 -0.228254 0.966759 0.131687 -0.283086 0.950011 
0.191545 -0.010851 0.981424 -0.001456 -0.000689 0.999999 0.092596 -0.315439 0.944417 -0.065965 -0.389795 0.918536 0.124011 -0.245594 0.961408 0.113219 -0.299589 0.947327 
0.195508 -0.012689 0.980620 -0.001332 -0.000630 0.999999 0.089116 -0.340350 0.936066 -0.074687 -0.405090 0.911221 0.134991 -0.267225 0.954132 0.104958 -0.318392 0.942131 
0.210309 -0.012684 0.977553 -0.001215 -0.000575 0.999999 0.093747 -0.362750 0.927159 -0.081188 -0.421500 0.903187 0.146360 -0.289590 0.945894 0.111814 -0.342654 0.932784 
-0.001168 -0.000570 0.999999 0.160467 -0.308390 0.937628 0.255619 -0.140289 0.956545 0.120862 -0.311990 0.942366 -0.026981 -0.044698 0.998636 0.162259 -0.365450 0.916580 
-0.001007 -0.000490 0.999999 0.168496 -0.324326 0.930818 0.111973 -0.088245 0.989785 0.166320 -0.415523 0.894247 0.041271 0.050791 0.997856 0.151096 -0.382057 0.911703 
0.046522 -0.044185 0.997940 -0.001017 -0.000510 0.999999 0.170528 -0.550489 0.817241 0.008545 0.008587 0.999927 0.182157 -0.340497 0.922432 0.115844 -0.425893 0.897327 
0.061313 -0.066117 0.995926 -0.000694 -0.000348 1.000000 0.151386 -0.634057 0.758323 -0.064380 -0.055980 0.996354 0.188829 -0.353205 0.916291 0.089904 -0.479949 0.872678 
0.061959 -0.070829 0.995562 -0.000401 -0.000200 1.000000 0.132637 -0.708157 0.693485 -0.130526 -0.105142 0.985854 0.195729 -0.368005 0.908990 0.069878 -0.528184 0.846250 
-0.000406 -0.000202 1.000000 -0.162710 -0.125954 0.978602 0.049334 -0.058622 0.997060 0.120887 -0.767687 0.629320 0.206459 -0.388601 0.897978 0.055195 -0.564929 0.823291 
-0.000372 -0.000185 1.000000 -0.236995 -0.175937 0.955447 0.033006 -0.040810 0.998622 0.093654 -0.826960 0.554406 0.219943 -0.412776 0.883878 0.027736 -0.590859 0.806298 
0.107700 -0.091023 0.990008 0.004480 0.002088 0.999988 0.126047 -0.802685 0.582931 -0.115407 -0.123682 0.985588 0.224453 -0.451881 0.863379 0.117684 -0.676004 0.727441 
0.007003 -0.006168 0.999956 0.005169 0.002410 0.999984 0.113846 -0.906770 0.405964 -0.264172 -0.282383 0.922211 0.246472 -0.495744 0.832760 0.076295 -0.698075 0.711949 
0.008117 0.003632 0.999960 -0.196367 -0.310568 0.930047 0.091476 -0.815480 0.571511 0.261744 -0.549897 0.793160 0.016443 -0.917441 0.397532 0.028954 -0.016759 0.999440 
-0.198880 -0.709681 0.675870 -0.056199 0.014420 0.998315 -0.138252 -0.916599 0.375144 0.284709 -0.610280 0.739256 0.026267 0.012056 0.999582 
-0.366494 -0.591206 0.718441 -0.128613 0.042975 0.990763 -0.118492 -0.464782 0.877461 0.366107 -0.615798 0.697681 -0.694670 -0.235829 0.679572 
-0.459681 -0.453831 0.763368 -0.074888 0.028230 0.996792 -0.154380 -0.471094 0.868468 0.451352 -0.619455 0.642306 -0.656821 -0.125234 0.743574 
-0.148025 -0.400219 0.904386 0.017575 -0.006286 0.999826 0.532032 -0.605560 0.591810 -0.546184 -0.033063 0.837013 -0.040543 -0.029085 0.998754 -0.872612 -0.328157 0.361748 
-0.110057 -0.361282 0.925939 -0.053738 -0.041685 0.997685 0.609354 -0.588530 0.531338 -0.369401 0.020425 0.929046 0.025008 -0.007277 0.999661 -0.565073 0.104421 0.818406 
-0.069463 -0.057327 0.995936 -0.040499 0.014401 0.999076 -0.076916 -0.299102 0.951116 0.695817 -0.548498 0.463670 -0.229031 0.042980 0.972470 
-0.102514 -0.087800 0.990849 -0.014816 -0.154026 0.987956 0.144679 -0.074783 0.986649 0.030267 -0.002901 0.999538 0.793655 -0.445972 0.413789 -0.175993 0.095173 0.979780 
-0.003343 -0.064383 0.997920 -0.025893 0.018255 0.999498 0.167771 -0.128894 0.977363 0.006203 -0.000347 0.999981 -0.125408 -0.104477 0.986589 0.836118 -0.408878 0.365686 
-0.007706 -0.055039 0.998454 0.011206 -0.009400 0.999893 0.200293 -0.171990 0.964522 -0.008192 0.001187 0.999966 -0.153728 -0.116331 0.981241 0.949770 -0.159592 0.269198 
-0.007672 -0.028517 0.999564 0.010061 -0.010290 0.999896 0.179159 -0.184643 0.966338 0.096179 -0.026021 0.995024 -0.125985 -0.085765 0.988318 0.944684 -0.242416 0.220923 
-0.004938 -0.014790 0.999878 0.002284 -0.002386 0.999995 0.207924 -0.219324 0.953239 0.116783 -0.039312 0.992379 -0.075255 -0.050319 0.995894 0.861502 -0.473129 0.184291 
-0.040893 -0.028081 0.998769 0.006049 0.014803 0.999872 0.289818 -0.268876 0.918537 0.076392 -0.031725 0.996573 0.022596 -0.022026 0.999502 
-0.022643 -0.016504 0.999607 -0.005346 -0.010166 0.999934 0.276037 -0.224677 0.934518 0.040432 -0.021462 0.998952 -0.027968 0.016899 0.999466 
-0.025250 -0.020587 0.999469 0.308625 -0.203465 0.929168 -0.019911 -0.037161 0.999111 0.019728 -0.008959 0.999765 
0.066172 -0.040260 0.996996 0.323404 -0.130160 0.937266 -0.030827 -0.060535 0.997690 -0.034311 -0.029608 0.998973 
0.123852 -0.077845 0.989243 0.371407 -0.147985 0.916601 -0.038988 -0.082380 0.995838 -0.044842 -0.038687 0.998245 
0.165943 -0.113617 0.979568 -0.019366 -0.043554 0.998863 -0.010370 -0.008840 0.999907 0.568493 -0.256783 0.781587 0.172001 -0.075514 0.982198 
0.004719 0.004068 0.999981 -0.011992 -0.027648 0.999546 0.188539 -0.129409 0.973502 0.176699 -0.076331 0.981301 0.589368 -0.276634 0.759025 
-0.007812 -0.018471 0.999799 0.450375 -0.300445 0.840770 0.179459 -0.075997 0.980826 0.011271 0.010009 0.999886 0.590587 -0.265102 0.762186 
0.449134 -0.285555 0.846603 -0.007873 -0.019297 0.999783 0.009486 0.008727 0.999917 0.181422 -0.074077 0.980611 0.586650 -0.243703 0.772302 
0.002665 0.002541 0.999993 0.174867 -0.105548 0.978918 -0.010098 -0.025967 0.999612 0.416290 -0.160826 0.894895 
0.158983 -0.089128 0.983250 0.405024 -0.140585 0.903433 -0.018686 -0.049935 0.998578 -0.012498 -0.012403 0.999845 
0.133866 -0.068170 0.988652 0.386575 -0.115999 0.914934 -0.030229 -0.084619 0.995955 -0.035841 -0.037191 0.998665 
0.108289 -0.051400 0.992790 0.365415 -0.098427 0.925626 -0.037019 -0.104141 0.993873 -0.048901 -0.052538 0.997421 
0.099565 -0.047140 0.993914 0.357164 -0.095697 0.929127 -0.038766 -0.107116 0.993491 -0.053301 -0.057159 0.996941 
0.100753 -0.050403 0.993634 0.354940 -0.101060 0.929411 -0.040596 -0.111528 0.992932 -0.061815 -0.064364 0.996010 
0.103985 -0.055086 0.993052 0.357035 -0.107145 0.927926 -0.045361 -0.130357 0.990429 -0.072123 -0.072771 0.994737 
0.113831 -0.060568 0.991652 0.358759 -0.104963 0.927510 -0.049944 -0.153635 0.986865 -0.089173 -0.090203 0.991923 
0.126196 -0.062982 0.990004 0.357708 -0.092247 0.929266 -0.052831 -0.177590 0.982686 -0.110232 -0.116610 0.987042 
0.132757 -0.060067 0.989327 0.352427 -0.075608 0.932780 -0.057468 -0.203595 0.977367 0.637466 0.740536 0.212706 -0.126288 -0.140737 0.981959 
0.130490 -0.054578 0.989946 0.343785 -0.062000 0.936999 -0.064195 -0.233539 0.970226 0.600139 0.761611 0.244503 -0.144820 -0.166721 0.975311 
0.124039 -0.049445 0.991045 0.332716 -0.051848 0.941601 -0.068405 -0.263836 0.962139 0.575507 0.770036 0.275383 -0.162844 -0.191898 0.967810 
0.118102 -0.044825 0.991989 0.320226 -0.041910 0.946414 -0.070349 -0.294641 0.953015 0.551149 0.775088 0.308989 -0.181705 -0.219918 0.958446 
0.103236 -0.037150 0.993963 0.299082 -0.031308 0.953714 -0.071470 -0.329999 0.941272 0.534615 0.770317 0.347559 -0.202630 -0.253034 0.945999 
0.092338 -0.030945 0.995247 0.279313 -0.020597 0.959979 -0.070571 -0.370916 0.925981 0.507418 0.768588 0.389614 -0.224141 -0.289846 0.930457 
0.092570 -0.027781 0.995319 0.267979 -0.009309 0.963380 -0.065264 -0.414905 0.907521 0.464914 0.774125 0.429634 -0.241605 -0.326436 0.913820 
0.104803 -0.027865 0.994103 0.264032 0.000959 0.964513 -0.054266 -0.456740 0.887943 0.415172 0.779385 0.469245 -0.257817 -0.362388 0.895659 
0.105755 -0.024837 0.994082 0.252452 0.009800 0.967560 -0.041055 -0.492198 0.869515 0.377398 0.776603 0.504439 -0.270033 -0.396101 0.877602 
0.094687 -0.019198 0.995322 0.231981 0.017627 0.972561 -0.025668 -0.527237 0.849331 0.344239 0.768535 0.539308 -0.279291 -0.431814 0.857632 
0.080897 -0.013305 0.996634 0.207888 0.024742 0.977840 -0.006804 -0.564089 0.825686 0.307512 0.757244 0.576210 -0.286432 -0.470958 0.834359 
0.069404 -0.008298 0.997554 0.183306 0.030896 0.982570 0.017943 -0.601615 0.798585 0.265596 0.742277 0.615210 -0.290871 -0.513523 0.807272 
0.061407 -0.004529 0.998103 0.159615 0.035164 0.986553 0.051942 -0.638598 0.767786 0.221782 0.721816 0.655587 -0.293379 -0.558019 0.776237 
0.051843 -0.001430 0.998654 0.133814 0.036638 0.990329 0.095137 -0.672298 0.734142 0.179511 0.695374 0.695867 -0.292855 -0.603561 0.741586 
0.039890 0.000838 0.999204 0.105269 0.034833 0.993834 0.148264 -0.701442 0.697135 0.138500 0.662521 0.736128 -0.288585 -0.650430 0.702609 
0.024147 0.001729 0.999707 0.072918 0.028541 0.996929 0.212945 -0.723585 0.656566 0.099807 0.622139 0.776519 -0.280289 -0.698790 0.658126 
0.036866 0.016792 0.999179 0.292498 -0.735341 0.611325 0.005062 0.000628 0.999987 0.063791 0.572313 0.817550 -0.268756 -0.748580 0.606134 
-0.002725 -0.001429 0.999995 0.390198 -0.729841 0.561317 -0.017676 -0.003171 0.999839 0.031129 0.512045 0.858394 -0.253468 -0.798921 0.545417 
-0.045771 -0.027326 0.998578 0.509530 -0.695149 0.507097 -0.044110 -0.010451 0.998972 0.003631 0.439279 0.898343 -0.237041 -0.848101 0.473853 
-0.094454 -0.063456 0.993505 0.654833 -0.606949 0.450341 -0.076821 -0.022657 0.996787 -0.016121 0.350246 0.936519 -0.221961 -0.894981 0.386966 
-0.149360 -0.111412 0.982486 0.814362 -0.422335 0.398055 -0.117381 -0.041276 0.992229 -0.025097 0.243202 0.969651 -0.217210 -0.934488 0.282051 
-0.259049 0.081722 0.962401 -0.163822 -0.066270 0.984261 0.923879 -0.105345 0.367900 -0.056584 -0.138120 0.988798 -0.089781 0.115311 0.989264 -0.019818 0.120153 0.992558 
0.003302 -0.014133 0.999895 -0.296817 0.085472 0.951102 0.881821 0.274876 0.383190 -0.032634 -0.095227 0.994921 -0.084650 0.099279 0.991453 -0.213091 -0.096249 0.972280 
-0.396789 -0.180724 0.899943 -0.094354 0.022436 0.995286 -0.008684 -0.037292 0.999267 -0.084944 0.090015 0.992311 0.044731 -0.141856 0.988876 
-0.406675 -0.207187 0.889769 0.002146 0.026290 0.999652 -0.088670 0.085299 0.992402 0.055304 -0.145577 0.987800 -0.463612 0.031389 0.885482 -0.085105 0.018753 0.996195 
-0.375447 -0.211274 0.902443 -0.007968 0.077892 0.996930 -0.099606 0.087052 0.991212 0.061245 -0.146288 0.987344 -0.441535 -0.062710 0.895050 -0.080871 0.018380 0.996555 
-0.322234 -0.198920 0.925525 -0.046114 0.145043 0.988350 -0.119040 0.094667 0.988366 0.048814 -0.109970 0.992736 -0.410867 -0.166025 0.896451 -0.070047 0.016388 0.997409 
-0.271811 -0.176419 0.946042 0.023108 -0.052058 0.998377 -0.108987 0.190476 0.975623 -0.137116 0.103081 0.985177 -0.378008 -0.281575 0.881944 -0.258855 0.065523 0.963691 
0.002849 -0.006230 0.999977 -0.462598 -0.328753 0.823362 0.805861 0.475157 0.353289 -0.172724 0.182807 0.967858 -0.157535 0.105653 0.981845 -0.279584 -0.341891 0.897186 -0.245438 0.056435 0.967768 
-0.012195 0.025555 0.999599 0.855803 0.399939 0.328100 -0.229891 0.140867 0.962968 -0.184921 0.101847 0.977462 -0.153819 -0.325460 0.932961 -0.247570 0.042309 0.967946 -0.062462 -0.047378 0.996922 
-0.025293 0.050685 0.998394 -0.251877 0.020660 0.967539 0.899866 0.316783 0.299818 -0.041194 -0.226099 0.973233 -0.213425 0.085493 0.973211 -0.611693 -0.768134 0.189212 -0.046186 -0.036382 0.998270 
-0.041771 0.080965 0.995841 0.944233 0.190443 0.268620 0.007593 -0.066046 0.997788 -0.225727 0.053701 0.972709 -0.202300 -0.020427 0.979111 -0.242548 -0.007041 0.970114 -0.519787 -0.824567 0.223407 -0.033252 -0.026678 0.999091 
-0.067907 0.132555 0.988847 -0.429305 -0.856952 0.285186 0.013591 0.010683 0.999851 -0.043066 0.093555 0.994682 -0.054061 -0.025292 0.998217 -0.211291 -0.030070 0.976961 0.962239 -0.065429 0.264225 -0.221692 0.018653 0.974938 
-0.103804 0.205605 0.973114 -0.326527 -0.873215 0.361767 0.064841 0.048209 0.996730 -0.137277 0.150821 0.978983 -0.096530 -0.003577 0.995324 0.083222 0.072305 0.993904 -0.170044 -0.041968 0.984542 
-0.137867 0.268936 0.953240 -0.248258 -0.869491 0.427029 0.091652 0.067077 0.993529 -0.250422 0.152806 0.956002 -0.061186 -0.008095 0.998094 0.158396 0.215774 0.963510 -0.127321 -0.043852 0.990892 
-0.177945 0.331192 0.926632 -0.175150 -0.851885 0.493573 0.104443 0.077676 0.991493 -0.321900 0.111455 0.940191 -0.026568 -0.004982 0.999635 0.178236 0.338957 0.923764 -0.089322 -0.037082 0.995312 
-0.226000 0.399828 0.888292 -0.099416 -0.819748 0.564029 0.115707 0.088116 0.989367 -0.344587 0.071374 0.936037 -0.008317 -0.001769 0.999964 0.197282 0.446470 0.872780 -0.061055 -0.027883 0.997745 
-0.268118 0.456540 0.848342 -0.042522 -0.782716 0.620924 0.128743 0.099281 0.986696 -0.379023 0.072800 0.922519 -0.017421 -0.003815 0.999841 0.233738 0.477322 0.847072 -0.053896 -0.025405 0.998223 
-0.287340 0.477143 0.830524 -0.019364 -0.765428 0.643231 0.134046 0.104346 0.985466 -0.405374 0.105271 0.908069 -0.045561 -0.009600 0.998915 0.246052 0.429684 0.868810 -0.068544 -0.031819 0.997141 
-0.300532 0.475671 0.826691 -0.016930 -0.756888 0.653325 0.153304 0.120776 0.980771 -0.416939 0.158134 0.895073 -0.079402 -0.015443 0.996723 0.231022 0.344029 0.910095 -0.087213 -0.039000 0.995426 
-0.302300 0.455215 0.837493 -0.028377 -0.761361 0.647707 0.169285 0.137867 0.975877 -0.408957 0.207031 0.888759 -0.103483 -0.018216 0.994464 0.204294 0.266711 0.941875 -0.103239 -0.044350 0.993667 
-0.294577 0.429324 0.853759 -0.035047 -0.776485 0.629160 0.163334 0.138976 0.976733 -0.402723 0.248065 0.881066 -0.113616 -0.018382 0.993355 0.186382 0.215767 0.958492 -0.116519 -0.048816 0.991988 
-0.297226 0.417250 0.858813 -0.029556 -0.780888 0.623972 0.156535 0.138546 0.977907 -0.388460 0.275269 0.879389 -0.123453 -0.018467 0.992179 0.163180 0.175048 0.970943 -0.126650 -0.052141 0.990576 
-0.302168 0.414860 0.858246 -0.020932 -0.780532 0.624765 0.153880 0.139572 0.978182 -0.381707 0.287329 0.878489 -0.130064 -0.018835 0.991327 0.150869 0.156611 0.976070 -0.131739 -0.054087 0.989808 
-0.309548 0.421879 0.852172 -0.015898 -0.773335 0.633799 0.159225 0.144184 0.976657 -0.391887 0.288750 0.873526 -0.132637 -0.019701 0.990969 0.154844 0.161802 0.974599 -0.130660 -0.054236 0.989943 
-0.313545 0.427711 0.847793 -0.015356 -0.767883 0.640406 0.165136 0.147884 0.975121 -0.405505 0.282289 0.869413 -0.132021 -0.020584 0.991033 0.160557 0.173454 0.971666 -0.127553 -0.053810 0.990371 
-0.313055 0.429067 0.847289 -0.018029 -0.766861 0.641560 0.168853 0.149679 0.974210 -0.416937 0.271228 0.867525 -0.128825 -0.021166 0.991441 0.164758 0.186173 0.968604 -0.124095 -0.053254 0.990840 
-0.310434 0.428350 0.848615 -0.020608 -0.768493 0.639526 0.168987 0.148472 0.974371 -0.423312 0.261163 0.867525 -0.124648 -0.021292 0.991973 0.167793 0.196503 0.966039 -0.121427 -0.052733 0.991199 
-0.307468 0.425889 0.850930 -0.022507 -0.771325 0.636043 0.167829 0.147230 0.974760 -0.424444 0.256296 0.868423 -0.121621 -0.021121 0.992352 0.169251 0.201167 0.964824 -0.120159 -0.052432 0.991369 
-0.304995 0.423077 0.853220 -0.024174 -0.773937 0.632801 0.166686 0.146524 0.975062 -0.421409 0.256048 0.869974 -0.120790 -0.020900 0.992458 0.167975 0.199536 0.965386 -0.120414 -0.052433 0.991338 
-0.302446 0.420153 0.855569 -0.026015 -0.776583 0.629478 0.165366 0.145660 0.975417 -0.417106 0.258134 0.871430 -0.120976 -0.020649 0.992441 0.165274 0.194840 0.966810 -0.121505 -0.052605 0.991196 
-0.299640 0.416841 0.858172 -0.027891 -0.779566 0.625699 0.163577 0.144490 0.975892 -0.412215 0.261044 0.872889 -0.121357 -0.020364 0.992400 0.161948 0.188937 0.968543 -0.122938 -0.052864 0.991005 
-0.296566 0.413117 0.861036 -0.029778 -0.782908 0.621425 0.161255 0.142965 0.976503 -0.406922 0.263481 0.874638 -0.121438 -0.020044 0.992397 0.158507 0.183138 0.970225 -0.124319 -0.053121 0.990819 
-0.293270 0.409147 0.864055 -0.031916 -0.786418 0.616869 0.159028 0.141479 0.977084 -0.401780 0.264594 0.876677 -0.121099 -0.019729 0.992444 0.155316 0.178392 0.971624 -0.125384 -0.053301 0.990675 
-0.289775 0.405013 0.867176 -0.034555 -0.789958 0.612187 0.157141 0.140189 0.977576 -0.397028 0.264223 0.878951 -0.120301 -0.019428 0.992547 0.152517 0.174938 0.972695 -0.126032 -0.053371 0.990589 
-0.286128 0.400692 0.870389 -0.037537 -0.793546 0.607352 0.155268 0.138895 0.978059 -0.392427 0.262631 0.881491 -0.119013 -0.019107 0.992709 0.150165 0.172596 0.973479 -0.126313 -0.053338 0.990555 
-0.282362 0.396194 0.873671 -0.040706 -0.797201 0.602341 0.153332 0.137545 0.978555 -0.387711 0.260644 0.884164 -0.117557 -0.018775 0.992889 0.147892 0.170474 0.974200 -0.126500 -0.053274 0.990535 
-0.278620 0.391688 0.876899 -0.043930 -0.800790 0.597332 0.151395 0.136180 0.979048 -0.382999 0.258790 0.886758 -0.116169 -0.018449 0.993058 0.145546 0.168165 0.974955 -0.126738 -0.053224 0.990507 
-0.275004 0.387307 0.879981 -0.047151 -0.804199 0.592487 0.149533 0.134854 0.979517 -0.378400 0.257338 0.889152 -0.114977 -0.018139 0.993203 0.143079 0.165499 0.975776 -0.127087 -0.053202 0.990464 
-0.271417 0.382932 0.883004 -0.050436 -0.807531 0.587665 0.147684 0.133526 0.979980 -0.373786 0.256218 0.891424 -0.113937 -0.017836 0.993328 0.140440 0.162433 0.976674 -0.127553 -0.053207 0.990404 
-0.267784 0.378472 0.886031 -0.053854 -0.810852 0.582768 0.145810 0.132169 0.980444 -0.369082 0.255230 0.893664 -0.112955 -0.017532 0.993445 0.137662 0.159099 0.977618 -0.128084 -0.053222 0.990334 
-0.264053 0.373866 0.889101 -0.057396 -0.814231 0.577697 0.143867 0.130761 0.980920 -0.364297 0.254136 0.895937 -0.111982 -0.017232 0.993561 0.134839 0.155716 0.978556 -0.128658 -0.053253 0.990258 
-0.260406 0.369306 0.892077 -0.060880 -0.817513 0.572683 0.142005 0.129450 0.981365 -0.359800 0.253067 0.898054 -0.111108 -0.016965 0.993664 0.132116 0.152457 0.979440 -0.129268 -0.053318 0.990175 
-0.256986 0.365048 0.894817 -0.064231 -0.820529 0.567985 0.140210 0.128123 0.981797 -0.355479 0.251940 0.900089 -0.110245 -0.016707 0.993764 0.129533 0.149382 0.980258 -0.129824 -0.053360 0.990100 
-0.253698 0.360956 0.897412 -0.067533 -0.823374 0.563467 0.138434 0.126768 0.982225 -0.351271 0.250705 0.902084 -0.109365 -0.016453 0.993865 0.127068 0.146475 0.981019 -0.130325 -0.053384 0.990033 
-0.250448 0.356888 0.899948 -0.070877 -0.826139 0.558991 0.136675 0.125415 0.982645 -0.347119 0.249363 0.904061 -0.108459 -0.016203 0.993969 0.124675 0.143682 0.981739 -0.130788 -0.053397 0.989971 
-0.247177 0.352765 0.902475 -0.074327 -0.828877 0.554472 0.134908 0.124051 0.983062 -0.342954 0.247932 0.906042 -0.107523 -0.015952 0.994075 0.122298 0.140919 0.982438 -0.131234 -0.053404 0.989912 
-0.243824 0.348513 0.905035 -0.077952 -0.831632 0.549828 0.133105 0.122657 0.983483 -0.338702 0.246413 0.908054 -0.106553 -0.015698 0.994183 0.119880 0.138109 0.983135 -0.131679 -0.053407 0.989853 
-0.240344 0.344074 0.907661 -0.081821 -0.834434 0.545001 0.131233 0.121194 0.983916 -0.334308 0.244807 0.910114 -0.105548 -0.015439 0.994294 0.117351 0.135159 0.983850 -0.132142 -0.053410 0.989791 
-0.236672 0.339368 0.910393 -0.086011 -0.837325 0.539898 0.129251 0.119633 0.984369 -0.329788 0.243136 0.912209 -0.104515 -0.015176 0.994407 0.114607 0.131965 0.984607 -0.132654 -0.053427 0.989721 
-0.232739 0.334298 0.913278 -0.090629 -0.840346 0.534420 0.127127 0.117947 0.984849 -0.325112 0.241344 0.914361 -0.103427 -0.014907 0.994525 0.111616 0.128513 0.985407 -0.133218 -0.053460 0.989644 
-0.228479 0.328771 0.916355 -0.095784 -0.843529 0.528474 0.124828 0.116110 0.985361 -0.320160 0.239325 0.916636 -0.102230 -0.014623 0.994653 0.108384 0.124813 0.986243 -0.133813 -0.053498 0.989562 
-0.223826 0.322691 0.919659 -0.101594 -0.846898 0.521960 0.122300 0.114072 0.985916 -0.314772 0.236960 0.919113 -0.100865 -0.014314 0.994797 0.104921 0.120877 0.987107 -0.134421 -0.053525 0.989478 
-0.218704 0.315947 0.923226 -0.108200 -0.850477 0.514763 0.119481 0.111781 0.986524 -0.308786 0.234148 0.921860 -0.099280 -0.013969 0.994961 0.101212 0.116675 0.988000 -0.135029 -0.053530 0.989395 
-0.215252 0.311845 0.925429 -0.106418 -0.855089 0.507443 0.113836 0.106848 0.987737 -0.303396 0.232417 0.924085 -0.098243 -0.013793 0.995067 0.100589 0.115211 0.988235 -0.136541 -0.053986 0.989162 
-0.215130 0.312415 0.925265 -0.099501 -0.857542 0.504700 0.108195 0.101529 0.988932 -0.302986 0.234683 0.923647 -0.097851 -0.013752 0.995106 0.101291 0.114714 0.988221 -0.137941 -0.054539 0.988938 
-0.216093 0.313458 0.924688 -0.097995 -0.857020 0.505878 0.107776 0.101161 0.989015 -0.304597 0.236032 0.922773 -0.098261 -0.013804 0.995065 0.100873 0.114166 0.988327 -0.138222 -0.054703 0.988889 
-0.216533 0.313795 0.924471 -0.097424 -0.856776 0.506403 0.107752 0.101211 0.989013 -0.306339 0.237225 0.921890 -0.098862 -0.013897 0.995004 0.099671 0.112955 0.988588 -0.138633 -0.054944 0.988818 
-0.215998 0.312925 0.924891 -0.098135 -0.857183 0.505576 0.107395 0.101003 0.989073 -0.307290 0.237778 0.921431 -0.099103 -0.013955 0.994979 0.098379 0.111702 0.988860 -0.139042 -0.055182 0.988748 
-0.215755 0.312571 0.925067 -0.098319 -0.857405 0.505163 0.107190 0.100851 0.989110 -0.307340 0.237758 0.921419 -0.099090 -0.013964 0.994980 0.098168 0.111515 0.988902 -0.139140 -0.055240 0.988731 
-0.215766 0.312585 0.925060 -0.098311 -0.857396 0.505181 0.107201 0.100856 0.989109 -0.307353 0.237765 0.921413 -0.099093 -0.013964 0.994980 0.098178 0.111525 0.988900 -0.139135 -0.055238 0.988732 
-0.215777 0.312597 0.925053 -0.098304 -0.857387 0.505197 0.107212 0.100859 0.989107 -0.307363 0.237771 0.921408 -0.099096 -0.013965 0.994980 0.098186 0.111532 0.988898 -0.139130 -0.055237 0.988732 
-0.215786 0.312608 0.925047 -0.098297 -0.857379 0.505212 0.107222 0.100862 0.989106 -0.307373 0.237776 0.921403 -0.099099 -0.013965 0.994980 0.098194 0.111540 0.988897 -0.139126 -0.055235 0.988733 
-0.215794 0.312618 0.925042 -0.098290 -0.857372 0.505225 0.107231 0.100864 0.989105 -0.307382 0.237783 0.921399 -0.099102 -0.013965 0.994979 0.098201 0.111548 0.988895 -0.139122 -0.055234 0.988734 
-0.215801 0.312627 0.925037 -0.098286 -0.857366 0.505237 0.107239 0.100865 0.989104 -0.307410 0.237800 0.921385 -0.099111 -0.013967 0.994978 0.098196 0.111544 0.988896 -0.139124 -0.055236 0.988733 
-0.215807 0.312633 0.925034 -0.098274 -0.857363 0.505243 0.107237 0.100858 0.989105 -0.307544 0.237897 0.921315 -0.099153 -0.013976 0.994974 0.098128 0.111472 0.988911 -0.139157 -0.055256 0.988728 
-0.215807 0.312624 0.925037 -0.098243 -0.857376 0.505227 0.107195 0.100818 0.989113 -0.307805 0.238225 0.921143 -0.099287 -0.013993 0.994960 0.097890 0.111165 0.988969 -0.139281 -0.055310 0.988707 
-0.215794 0.312596 0.925049 -0.098217 -0.857403 0.505187 0.107129 0.100760 0.989126 -0.308131 0.238861 0.920870 -0.099552 -0.014018 0.994934 0.097422 0.110510 0.989089 -0.139526 -0.055401 0.988667 
-0.215770 0.312550 0.925071 -0.098193 -0.857443 0.505124 0.107041 0.100683 0.989144 -0.308426 0.239727 0.920546 -0.099912 -0.014042 0.994897 0.096785 0.109579 0.989255 -0.139862 -0.055511 0.988614 
-0.215740 0.312492 0.925097 -0.098157 -0.857494 0.505043 0.106923 0.100582 0.989167 -0.308620 0.240676 0.920233 -0.100298 -0.014059 0.994858 0.096097 0.108537 0.989437 -0.140232 -0.055621 0.988555 
-0.215710 0.312431 0.925125 -0.098106 -0.857552 0.504955 0.106786 0.100466 0.989193 -0.308704 0.241574 0.919969 -0.100657 -0.014069 0.994822 0.095451 0.107531 0.989609 -0.140583 -0.055718 0.988500 
-0.215683 0.312374 0.925151 -0.098055 -0.857606 0.504873 0.106656 0.100355 0.989219 -0.308718 0.242357 0.919759 -0.100966 -0.014072 0.994790 0.094891 0.106644 0.989759 -0.140890 -0.055797 0.988452 
-0.215659 0.312326 0.925172 -0.098022 -0.857650 0.504805 0.106556 0.100269 0.989238 -0.308722 0.243027 0.919581 -0.101233 -0.014076 0.994763 0.094408 0.105885 0.989887 -0.141152 -0.055864 0.988410 
-0.215636 0.312287 0.925191 -0.098011 -0.857681 0.504754 0.106491 0.100211 0.989251 -0.308773 0.243625 0.919405 -0.101480 -0.014083 0.994738 0.093967 0.105212 0.990000 -0.141385 -0.055927 0.988374 
-0.215615 0.312253 0.925207 -0.098022 -0.857704 0.504714 0.106456 0.100177 0.989258 -0.308893 0.244211 0.919210 -0.101729 -0.014095 0.994712 0.093526 0.104568 0.990110 -0.141610 -0.055994 0.988338 
-0.215594 0.312221 0.925223 -0.098031 -0.857726 0.504674 0.106420 0.100142 0.989266 -0.309068 0.244821 0.918988 -0.101988 -0.014112 0.994686 0.093065 0.103909 0.990223 -0.141844 -0.056068 0.988300 
-0.215568 0.312183 0.925242 -0.098049 -0.857750 0.504630 0.106382 0.100105 0.989273 -0.309263 0.245522 0.918736 -0.102285 -0.014130 0.994655 0.092536 0.103156 0.990351 -0.142112 -0.056152 0.988257 
-0.215546 0.312138 0.925262 -0.098011 -0.857792 0.504566 0.106282 0.100019 0.989293 -0.309438 0.246209 0.918493 -0.102559 -0.014144 0.994626 0.092026 0.102421 0.990475 -0.142379 -0.056236 0.988213 
-0.215527 0.312091 0.925282 -0.097948 -0.857842 0.504493 0.106152 0.099909 0.989318 -0.309579 0.246860 0.918271 -0.102808 -0.014153 0.994601 0.091551 0.101734 0.990590 -0.142633 -0.056315 0.988172 
-0.215505 0.312047 0.925302 -0.097907 -0.857885 0.504428 0.106050 0.099822 0.989338 -0.309686 0.247492 0.918064 -0.103057 -0.014162 0.994575 0.091083 0.101051 0.990703 -0.142879 -0.056388 0.988133 
-0.215480 0.312005 0.925322 -0.097905 -0.857917 0.504375 0.105989 0.099767 0.989350 -0.309769 0.248117 0.917868 -0.103314 -0.014172 0.994548 0.090611 0.100362 0.990816 -0.143120 -0.056457 0.988094 
-0.215454 0.311965 0.925342 -0.097922 -0.857942 0.504328 0.105944 0.099725 0.989359 -0.309845 0.248740 0.917674 -0.103573 -0.014181 0.994521 0.090137 0.099675 0.990929 -0.143358 -0.056524 0.988055 
-0.215430 0.311924 0.925361 -0.097933 -0.857969 0.504281 0.105882 0.099669 0.989371 -0.309927 0.249354 0.917479 -0.103821 -0.014189 0.994495 0.089674 0.099003 0.991038 -0.143592 -0.056590 0.988018 
-0.215407 0.311881 0.925381 -0.097920 -0.858002 0.504226 0.105797 0.099596 0.989388 -0.310019 0.249961 0.917283 -0.104059 -0.014197 0.994470 0.089219 0.098349 0.991144 -0.143825 -0.056658 0.987980 
-0.215385 0.311838 0.925401 -0.097898 -0.858039 0.504167 0.105708 0.099518 0.989405 -0.310120 0.250568 0.917083 -0.104297 -0.014206 0.994445 0.088763 0.097699 0.991250 -0.144059 -0.056727 0.987942 
