0.000063 0.000439 1.000000 -0.003080 0.000432 0.999995 -0.003079 0.000502 0.999995 0.000063 0.000458 1.000000 
0.000035 0.000239 1.000000 -0.002681 0.000376 0.999996 -0.002677 0.000436 0.999996 0.000035 0.000255 1.000000 
-0.000119 -0.000825 1.000000 -0.002857 0.000400 0.999996 -0.002828 0.000461 0.999996 -0.000112 -0.000808 1.000000 
-0.000104 -0.000723 1.000000 -0.002571 0.000360 0.999997 -0.002546 0.000415 0.999997 -0.000098 -0.000708 1.000000 
-0.000047 -0.000328 1.000000 -0.003696 0.000517 0.999993 -0.003675 0.000598 0.999993 -0.000042 -0.000306 1.000000 
-0.000297 -0.002065 0.999998 -0.006857 0.000955 0.999976 -0.006787 0.001101 0.999976 -0.000279 -0.002025 0.999998 
-0.000112 -0.000783 1.000000 -0.008163 0.001129 0.999966 -0.008117 0.001308 0.999966 -0.000100 -0.000734 1.000000 
-0.000083 -0.000584 1.000000 -0.008362 0.001156 0.999964 -0.008320 0.001340 0.999964 -0.000073 -0.000533 1.000000 
0.000220 0.001541 0.999999 -0.007619 0.001052 0.999970 -0.007627 0.001227 0.999970 0.000217 0.001588 0.999999 
0.000185 0.001300 0.999999 -0.009117 0.001257 0.999958 -0.009114 0.001464 0.999957 0.000185 0.001357 0.999999 
0.000087 0.000615 1.000000 -0.009095 0.001253 0.999958 -0.009077 0.001457 0.999958 0.000091 0.000671 1.000000 
-0.000027 -0.000192 1.000000 -0.011284 0.001551 0.999935 -0.011240 0.001801 0.999935 -0.000017 -0.000123 1.000000 
-0.000026 -0.000186 1.000000 -0.010243 0.001408 0.999947 -0.010203 0.001635 0.999947 -0.000017 -0.000123 1.000000 
-0.000027 -0.000187 1.000000 -0.009315 0.001281 0.999956 -0.009279 0.001487 0.999956 -0.000018 -0.000130 1.000000 
-0.000028 -0.000196 1.000000 -0.008496 0.001168 0.999963 -0.008462 0.001356 0.999963 -0.000020 -0.000144 1.000000 
-0.000346 -0.002430 0.999997 -0.008636 0.001190 0.999962 -0.008552 0.001374 0.999962 -0.000324 -0.002379 0.999997 
-0.000397 -0.002732 0.999996 -0.009925 0.001397 0.999950 -0.009829 0.001608 0.999950 -0.000371 -0.002674 0.999996 
-0.000357 -0.002457 0.999997 -0.009008 0.001268 0.999959 -0.008921 0.001459 0.999959 -0.000334 -0.002404 0.999997 
-0.000321 -0.002217 0.999997 -0.008361 0.001175 0.999964 -0.008282 0.001353 0.999965 -0.000301 -0.002168 0.999998 
-0.000289 -0.001997 0.999998 -0.007593 0.001067 0.999971 -0.007521 0.001229 0.999971 -0.000271 -0.001952 0.999998 
-0.000260 -0.001796 0.999998 -0.006903 0.000970 0.999976 -0.006839 0.001117 0.999976 -0.000244 -0.001756 0.999998 
-0.000879 -0.006066 0.999981 -0.007189 0.001010 0.999974 -0.007029 0.001147 0.999975 -0.000835 -0.006027 0.999981 
-0.001791 -0.012404 0.999921 -0.012550 0.001759 0.999920 -0.012230 0.001993 0.999923 -0.001705 -0.012338 0.999922 
-0.002114 -0.013443 0.999907 -0.010028 0.001534 0.999949 -0.009691 0.001704 0.999952 -0.002023 -0.013395 0.999908 
-0.000272 -0.001744 0.999998 -0.005229 0.000793 0.999986 -0.005170 0.000903 0.999986 -0.000257 -0.001714 0.999998 
-0.000146 -0.000953 1.000000 -0.008195 0.001222 0.999966 -0.008144 0.001400 0.999966 -0.000133 -0.000904 1.000000 
-0.000402 -0.002613 0.999997 -0.007682 0.001149 0.999970 -0.007595 0.001310 0.999970 -0.000379 -0.002569 0.999997 
-0.000381 -0.002375 0.999997 -0.007361 0.001148 0.999972 -0.007279 0.001302 0.999973 -0.000359 -0.002332 0.999997 
-0.000432 -0.002566 0.999997 -0.007404 0.001215 0.999972 -0.007317 0.001369 0.999972 -0.000409 -0.002523 0.999997 
-0.001283 -0.007602 0.999970 -0.008772 0.001442 0.999960 -0.008567 0.001605 0.999962 -0.001228 -0.007556 0.999971 
-0.003066 -0.017772 0.999837 -0.010943 0.001841 0.999938 -0.010503 0.002008 0.999943 -0.002946 -0.017724 0.999839 
-0.006532 -0.036006 0.999330 -0.013215 0.002345 0.999910 -0.012358 0.002478 0.999921 -0.006297 -0.035965 0.999333 
-0.010254 -0.054661 0.998452 -0.018050 0.003324 0.999832 -0.016754 0.003472 0.999854 -0.009899 -0.054613 0.998459 
-0.012761 -0.066436 0.997709 -0.027594 0.005230 0.999606 -0.025991 0.005528 0.999647 -0.012322 -0.066345 0.997721 
-0.012927 -0.066005 0.997736 -0.031276 0.006053 0.999492 -0.029663 0.006429 0.999539 -0.012486 -0.065892 0.997749 
-0.012001 -0.060575 0.998092 -0.030779 0.006020 0.999508 -0.029287 0.006409 0.999550 -0.011594 -0.060459 0.998103 
-0.009900 -0.043186 0.999018 -0.023037 0.005201 0.999721 -0.021953 0.005473 0.999744 -0.009604 -0.043105 0.999024 
-0.009105 -0.030902 0.999481 -0.026293 0.007647 0.999625 -0.025427 0.008015 0.999645 -0.008869 -0.030797 0.999486 
-0.013720 -0.038623 0.999160 -0.029047 0.010217 0.999526 -0.027953 0.010538 0.999554 -0.013422 -0.038528 0.999167 
-0.029125 0.012299 0.999500 -0.751381 -0.012716 0.659746 0.069105 0.272937 0.959547 -0.011798 -0.029487 0.999496 0.020018 0.100029 0.994783 
-0.021818 0.009956 0.999712 0.064095 0.312943 0.947607 -0.004708 -0.010836 0.999930 0.029009 0.162839 0.986226 -0.648561 0.025245 0.760744 0.045684 0.204201 0.977862 
-0.005920 0.002717 0.999979 0.054987 0.320473 0.945660 0.000025 0.000058 1.000000 0.038268 0.205534 0.977902 -0.545061 0.075475 0.834992 0.054726 0.195730 0.979130 
-0.381403 0.125410 0.915863 -0.002153 0.000988 0.999997 -0.000022 -0.000051 1.000000 0.054359 0.219536 0.974089 0.055607 0.138448 0.988807 0.051264 0.289962 0.955664 
-0.224428 0.121498 0.966887 -0.001903 0.000873 0.999998 -0.000001 -0.000003 1.000000 0.078758 0.232735 0.969346 0.048815 0.085177 0.995169 0.054837 0.259094 0.964294 
0.079119 0.176720 0.981076 -0.061270 0.048877 0.996924 -0.002281 0.001046 0.999997 0.040431 0.050338 0.997914 0.057408 0.217846 0.974293 
0.088497 0.177739 0.980090 -0.003222 0.002998 0.999990 -0.002742 0.001274 0.999995 0.032063 0.034567 0.998888 0.059569 0.198549 0.978279 
0.092247 0.178475 0.979611 0.009371 -0.009126 0.999914 -0.004892 0.002337 0.999985 0.028069 0.028956 0.999187 0.061077 0.195154 0.978869 
0.094441 0.183403 0.978491 0.006275 -0.006112 0.999962 -0.005961 0.002877 0.999978 0.031450 0.032426 0.998979 0.062525 0.201073 0.977579 
0.096498 0.192732 0.976495 -0.003521 0.003343 0.999988 -0.008188 0.003952 0.999959 0.040424 0.042707 0.998270 0.063909 0.212832 0.974997 
0.098489 0.203418 0.974126 -0.014361 0.013192 0.999810 -0.010359 0.005000 0.999934 0.050938 0.055486 0.997159 0.065081 0.225942 0.971964 
0.099625 0.210597 0.972483 -0.020927 0.018773 0.999605 -0.012377 0.005974 0.999906 0.057381 0.063880 0.996307 0.065577 0.234391 0.969928 
0.099992 0.212931 0.971937 -0.022005 0.019570 0.999566 -0.012874 0.006214 0.999898 0.059580 0.066873 0.995981 0.065658 0.236723 0.969356 
0.099757 0.212008 0.972163 -0.020725 0.018454 0.999615 -0.012428 0.005998 0.999905 0.058918 0.066075 0.996074 0.065492 0.235474 0.969671 
0.099140 0.209357 0.972800 -0.018119 0.016213 0.999704 -0.011893 0.005740 0.999913 0.056711 0.063337 0.996380 0.065137 0.232224 0.970479 
0.098153 0.206141 0.973587 -0.015567 0.013996 0.999781 -0.011419 0.005511 0.999920 0.053949 0.060015 0.996739 0.064528 0.228453 0.971414 
0.096854 0.203000 0.974377 -0.013805 0.012433 0.999827 -0.011042 0.005329 0.999925 0.051080 0.056756 0.997081 0.063707 0.225048 0.972263 
0.095355 0.199828 0.975180 -0.012305 0.011081 0.999863 -0.010649 0.005140 0.999930 0.048161 0.053540 0.997404 0.062757 0.221704 0.973092 
0.093727 0.196136 0.976087 -0.010691 0.009643 0.999896 -0.010154 0.004901 0.999936 0.044934 0.049893 0.997743 0.061781 0.217804 0.974035 
0.091795 0.191666 0.977158 -0.008771 0.007932 0.999930 -0.009542 0.004605 0.999944 0.041046 0.045481 0.998122 0.060626 0.213092 0.975149 
0.089520 0.186413 0.978384 -0.006490 0.005887 0.999962 -0.008811 0.004253 0.999952 0.036430 0.040264 0.998525 0.059252 0.207565 0.976425 
0.086934 0.180465 0.979732 -0.003871 0.003523 0.999986 -0.007966 0.003845 0.999961 0.031139 0.034313 0.998926 0.057677 0.201315 0.977827 
0.084090 0.173963 0.981155 -0.000987 0.000902 0.999999 -0.007022 0.003389 0.999970 0.025334 0.027824 0.999292 0.055938 0.194477 0.979311 
0.081031 0.167019 0.982618 0.002123 -0.001948 0.999996 -0.005972 0.002883 0.999978 0.019134 0.020938 0.999598 0.054059 0.187162 0.980840 
0.077774 0.159686 0.984099 0.005466 -0.005034 0.999972 -0.004787 0.002311 0.999986 0.012594 0.013727 0.999826 0.052051 0.179415 0.982395 
0.074327 0.151989 0.985583 0.009054 -0.008374 0.999924 -0.003436 0.001658 0.999993 0.005748 0.006239 0.999964 0.049913 0.171255 0.983962 
0.070723 0.143971 0.987051 0.012944 -0.012022 0.999844 -0.002548 0.001230 0.999996 -0.001351 -0.001460 0.999998 0.047623 0.162557 0.985549 
0.066991 0.135748 0.988476 0.017010 -0.015865 0.999729 -0.001716 0.000828 0.999998 -0.008639 -0.009289 0.999920 0.045229 0.153571 0.987102 
0.063219 0.127431 0.989831 0.021289 -0.019943 0.999574 -0.001558 0.000752 0.999999 -0.016053 -0.017174 0.999724 0.042751 0.144257 0.988616 
0.059283 0.118882 0.991137 0.025651 -0.024127 0.999380 -0.001407 0.000679 0.999999 -0.023571 -0.025088 0.999407 0.040142 0.134645 0.990080 
0.055098 0.110019 0.992401 0.030043 -0.028343 0.999147 -0.001309 0.000632 0.999999 -0.031066 -0.032923 0.998975 0.037332 0.124621 0.991502 
0.050793 0.101133 0.993575 0.034293 -0.032403 0.998886 -0.001253 0.000605 0.999999 -0.038220 -0.040379 0.998453 0.034416 0.114509 0.992826 
0.046444 0.092359 0.994642 0.038255 -0.036148 0.998614 -0.001256 0.000606 0.999999 -0.044777 -0.047229 0.997880 0.031455 0.104458 0.994032 
0.042069 0.083567 0.995614 0.042028 -0.039700 0.998327 -0.001317 0.000637 0.999999 -0.050907 -0.053621 0.997263 0.028475 0.094326 0.995134 
0.037630 0.074618 0.996502 0.045751 -0.043220 0.998017 -0.001310 0.000635 0.999999 -0.057083 -0.060008 0.996564 0.025468 0.084053 0.996136 
0.033014 0.065342 0.997317 0.049363 -0.046642 0.997691 -0.000638 0.000310 1.000000 -0.063339 -0.066433 0.995778 0.022396 0.073608 0.997036 
0.028154 0.055607 0.998056 0.053021 -0.050103 0.997336 0.000131 -0.000064 1.000000 -0.069808 -0.073043 0.994883 0.019160 0.062685 0.997849 
0.023003 0.045363 0.998706 0.056877 -0.053710 0.996935 0.000365 -0.000179 1.000000 -0.076631 -0.080024 0.993843 0.015666 0.051063 0.998573 
0.017512 0.034525 0.999250 0.060898 -0.057394 0.996492 0.000628 -0.000307 1.000000 -0.083907 -0.087531 0.992622 0.011932 0.038832 0.999175 
0.011573 0.022829 0.999672 0.065101 -0.061177 0.996002 0.000918 -0.000449 0.999999 -0.092034 -0.095948 0.991122 0.007926 0.025793 0.999636 
0.005217 0.010296 0.999933 0.069474 -0.065065 0.995460 0.001236 -0.000605 0.999999 -0.100905 -0.105123 0.989327 0.003667 0.011937 0.999922 
-0.001583 -0.003125 0.999994 0.073983 -0.069033 0.994867 0.001583 -0.000775 0.999998 -0.110450 -0.114950 0.987212 -0.000863 -0.002811 0.999996 
-0.007744 -0.015322 0.999853 0.072999 -0.067863 0.995020 0.001951 -0.000955 0.999998 -0.117647 -0.122686 0.985448 -0.004398 -0.014345 0.999887 
-0.011744 -0.023353 0.999658 0.065947 -0.060950 0.995960 0.002343 -0.001159 0.999997 -0.121128 -0.127355 0.984433 -0.005914 -0.019344 0.999795 
-0.015926 -0.031836 0.999366 0.060393 -0.055423 0.996635 0.003109 -0.001557 0.999994 -0.124919 -0.132502 0.983279 -0.007746 -0.025402 0.999647 
-0.020147 -0.040372 0.998982 0.055187 -0.050191 0.997214 0.002902 -0.001485 0.999995 -0.128855 -0.138146 0.981994 -0.009746 -0.031910 0.999443 
-0.024153 -0.048499 0.998531 0.049540 -0.044648 0.997774 0.002015 -0.001049 0.999997 -0.132869 -0.144044 0.980611 -0.011600 -0.037925 0.999213 
0.043260 -0.038709 0.998314 0.000503 -0.000265 1.000000 -0.116524 -0.231118 0.965923 0.009873 0.019983 0.999752 -0.136457 -0.149402 0.979315 -0.013118 -0.042858 0.998995 
0.036595 -0.032596 0.998798 -0.001386 0.000739 0.999999 -0.123434 -0.242418 0.962288 0.007996 0.016298 0.999835 -0.139273 -0.153677 0.978257 -0.014223 -0.046462 0.998819 
0.029803 -0.026509 0.999204 -0.003683 0.001984 0.999991 -0.128186 -0.249717 0.959797 0.006206 0.012719 0.999900 -0.141773 -0.157208 0.977336 -0.014950 -0.048835 0.998695 
0.023353 -0.020775 0.999511 -0.007036 0.003819 0.999968 -0.130925 -0.253810 0.958352 0.004591 0.009433 0.999945 -0.144453 -0.160712 0.976373 -0.015397 -0.050256 0.998618 
0.018228 -0.016236 0.999702 -0.011540 0.006295 0.999914 -0.132103 -0.255810 0.957659 0.003348 0.006881 0.999971 -0.147110 -0.163927 0.975442 -0.015697 -0.051196 0.998565 
0.014843 -0.013280 0.999802 -0.016550 0.009047 0.999822 -0.132133 -0.256398 0.957497 0.002445 0.005023 0.999984 -0.148611 -0.165195 0.975000 -0.016009 -0.052260 0.998505 
0.010843 -0.009757 0.999894 -0.021962 0.012023 0.999687 -0.131329 -0.255619 0.957816 0.001524 0.003134 0.999994 -0.150482 -0.166711 0.974455 -0.016072 -0.052593 0.998487 
0.007118 -0.006435 0.999954 -0.027848 0.015219 0.999496 -0.129576 -0.253845 0.958526 0.000663 0.001365 0.999999 -0.151870 -0.167845 0.974045 -0.016054 -0.052721 0.998480 
0.003630 -0.003290 0.999988 -0.033016 0.017935 0.999294 -0.126891 -0.251122 0.959602 -0.000134 -0.000276 1.000000 -0.152658 -0.168671 0.973779 -0.015878 -0.052367 0.998502 
0.000616 -0.000557 1.000000 -0.039375 0.021129 0.999001 -0.122971 -0.247621 0.961021 -0.000808 -0.001664 0.999998 -0.152740 -0.169371 0.973645 -0.015656 -0.051951 0.998527 
0.000372 -0.000336 1.000000 -0.046891 0.024764 0.998593 -0.118778 -0.244510 0.962344 -0.000807 -0.001662 0.999998 -0.153245 -0.170012 0.973454 -0.015466 -0.051797 0.998538 
-0.024335 -0.052963 0.998300 -0.000086 0.000080 1.000000 -0.045593 0.017641 0.998804 -0.154776 -0.166979 0.973736 -0.006724 -0.024466 0.999678 
-0.000261 0.000262 1.000000 -0.050709 0.014222 0.998612 -0.018104 -0.042733 0.998922 -0.003096 -0.012951 0.999911 -0.156951 -0.157337 0.974993 
-0.000257 0.000281 1.000000 -0.058783 0.008443 0.998235 -0.015314 -0.040307 0.999070 -0.159121 -0.146124 0.976385 -0.002625 -0.022296 0.999748 -0.001407 -0.006090 0.999980 
-0.002660 0.003276 0.999991 -0.061080 -0.001393 0.998132 -0.014864 -0.047515 0.998760 -0.162073 -0.132348 0.977863 0.000678 -0.014173 0.999899 -0.003395 -0.016272 0.999862 
-0.002344 0.002851 0.999993 -0.047518 -0.003499 0.998864 -0.007844 -0.028939 0.999550 -0.147716 -0.122100 0.981464 -0.000795 0.008159 0.999966 -0.000173 -0.001004 0.999999 
-0.009503 0.013731 0.999861 -0.124951 -0.037620 0.991449 -0.000451 -0.001982 0.999998 -0.032982 0.105803 0.993840 -0.161541 -0.113044 0.980370 -0.003854 -0.021058 0.999771 
-0.018268 0.033642 0.999267 -0.175370 -0.097427 0.979670 -0.110770 -0.045065 0.992824 -0.000111 -0.000850 1.000000 -0.040399 0.096053 0.994556 -0.000624 -0.005387 0.999985 
-0.011908 0.022205 0.999683 0.028092 0.009901 0.999556 -0.000699 -0.009581 0.999954 -0.178960 -0.097602 0.979003 -0.000393 0.001034 0.999999 0.002674 0.051388 0.998675 
-0.016708 0.031630 0.999360 0.012643 0.004415 0.999910 -0.000240 -0.003295 0.999995 -0.179221 -0.096803 0.979035 -0.000563 0.001497 0.999999 0.003035 0.057522 0.998340 
-0.032014 0.061550 0.997590 0.007927 0.002694 0.999965 0.000126 0.001583 0.999999 -0.177364 -0.095917 0.979460 -0.000269 0.000732 1.000000 0.004349 0.072070 0.997390 
-0.045564 0.088220 0.995058 0.002893 0.000959 0.999995 0.001460 0.015938 0.999872 -0.167072 -0.090811 0.981754 -0.000184 0.000512 1.000000 0.006735 0.092249 0.995713 
-0.057184 0.111936 0.992069 0.002128 0.000671 0.999998 0.003298 0.031155 0.999509 -0.157080 -0.085227 0.983902 -0.000740 0.002165 0.999997 0.009713 0.112399 0.993616 
-0.065386 0.130293 0.989317 0.001911 0.000569 0.999998 0.005062 0.041827 0.999112 -0.151338 -0.081232 0.985139 -0.000638 0.001970 0.999998 0.012878 0.127628 0.991739 
-0.071783 0.145727 0.986717 0.001466 0.000410 0.999999 0.006346 0.047940 0.998830 -0.151220 -0.080294 0.985234 -0.000444 0.001450 0.999999 0.015454 0.138615 0.990226 
-0.077512 0.160004 0.984068 0.000396 0.000106 1.000000 0.006997 0.050384 0.998705 -0.155895 -0.082212 0.984346 -0.000238 0.000813 1.000000 0.017259 0.146441 0.989069 
-0.082900 0.174113 0.981230 -0.005302 -0.001378 0.999985 0.007147 0.050670 0.998690 -0.164324 -0.086244 0.982629 -0.000449 0.001570 0.999999 0.018358 0.151217 0.988330 
-0.088328 0.188372 0.978118 -0.013721 -0.003527 0.999900 0.006925 0.049587 0.998746 -0.174828 -0.091718 0.980318 -0.000679 0.002401 0.999997 0.018830 0.154417 0.987826 
-0.093835 0.202497 0.974777 -0.025865 -0.006645 0.999643 0.006459 0.047522 0.998849 -0.186373 -0.098251 0.977554 -0.000703 0.002486 0.999997 0.018823 0.156175 0.987550 
-0.091728 0.217566 0.971726 -0.066804 -0.019205 0.997581 0.003612 0.032156 0.999476 -0.217667 -0.108335 0.969992 0.002165 -0.006889 0.999974 0.015811 0.143650 0.989502 
-0.010381 0.030081 0.999494 -0.116765 -0.037660 0.992445 -0.274002 -0.119714 0.954249 0.011091 0.118598 0.992880 -0.078604 0.227933 0.970499 0.001475 0.019310 0.999812 
-0.179239 -0.066111 0.981582 -0.358756 -0.111434 0.926756 -0.046927 0.230270 0.971995 -0.000068 -0.004248 0.999991 -0.025486 0.066904 0.997434 0.005414 0.078977 0.996862 
-0.009838 -0.004304 0.999942 -0.415187 -0.087475 0.905521 -0.021714 0.186007 0.982308 0.000217 -0.003647 0.999993 -0.060347 0.129809 0.989701 0.002995 0.085207 0.996359 
0.108678 0.043012 0.993146 -0.001038 0.016263 0.999867 -0.467661 -0.061469 0.881768 -0.067057 0.149755 0.986447 0.003498 0.079760 0.996808 
0.402508 0.084272 0.911529 0.000759 -0.030659 0.999530 -0.526869 -0.036975 0.849142 -0.024962 0.088590 0.995755 0.005331 0.103806 0.994583 
0.132398 0.027653 0.990811 -0.556006 -0.044904 0.829964 0.006552 0.170693 0.985302 -0.003031 -0.054200 0.998525 0.014071 -0.062490 0.997946 0.019439 0.130500 0.991258 
-0.165737 -0.026479 0.985814 -0.597508 -0.055257 0.799957 0.021477 0.233254 0.972179 0.000036 0.000281 1.000000 0.000683 -0.003679 0.999993 0.033531 0.140898 0.989456 
-0.050310 -0.006728 0.998711 -0.628847 -0.047755 0.776061 0.028796 0.232174 0.972248 -0.000431 -0.003264 0.999995 -0.001688 0.010698 0.999941 0.039836 0.158969 0.986480 
-0.040447 -0.003946 0.999174 0.008373 0.053212 0.998548 -0.669510 -0.041286 0.741655 -0.000602 0.004948 0.999988 0.048583 0.171236 0.984032 
-0.049290 -0.004035 0.998776 0.008693 0.051183 0.998651 -0.714079 -0.027270 0.699534 -0.000059 0.000551 1.000000 0.052894 0.174384 0.983256 
-0.071947 -0.005464 0.997393 0.009018 0.049979 0.998710 -0.745337 -0.021204 0.666351 -0.000322 0.003215 0.999995 0.055314 0.172208 0.983506 
-0.108653 -0.007387 0.994052 0.010532 0.052183 0.998582 -0.000696 0.007606 0.999971 -0.765430 -0.019584 0.643221 0.058824 0.168191 0.983998 
-0.154961 -0.008157 0.987887 0.012929 0.056437 0.998322 -0.000835 0.011082 0.999938 -0.784043 -0.026375 0.620146 0.063098 0.164539 0.984350 
-0.207770 -0.007040 0.978152 0.015225 0.058861 0.998150 -0.000680 0.012159 0.999926 -0.801461 -0.038722 0.596791 0.066389 0.158387 0.985143 
-0.266035 -0.003968 0.963955 0.016488 0.056912 0.998243 -0.000458 0.012561 0.999921 -0.818820 -0.050955 0.571785 0.067105 0.146963 0.986863 
-0.330671 -0.000441 0.943746 0.015827 0.052309 0.998506 -0.000399 0.020226 0.999795 -0.856637 -0.074494 0.510513 0.064510 0.134981 0.988746 
-0.395346 -0.003145 0.918527 0.015983 0.052270 0.998505 -0.000677 0.040884 0.999164 -0.876992 -0.127261 0.463346 0.060585 0.124286 0.990395 
-0.459453 -0.010565 0.888139 0.016373 0.052953 0.998463 -0.001042 0.066426 0.997791 -0.885579 -0.198232 0.420063 0.055957 0.112681 0.992054 
-0.523193 -0.023061 0.851902 0.015237 0.049977 0.998634 -0.001588 0.088094 0.996111 -0.889378 -0.280959 0.360651 0.048982 0.098516 0.993929 
-0.051397 0.020920 0.998459 0.041319 0.083284 0.995669 -0.002554 0.107731 0.994177 0.056647 0.115674 0.991671 0.414384 -0.887253 0.202652 -0.875420 -0.378626 0.300471 -0.011952 0.023362 0.999656 
-0.057081 0.026670 0.998013 0.035285 0.070790 0.996867 -0.003063 0.133097 0.991098 -0.000958 -0.001658 0.999998 -0.809210 -0.529567 0.254437 -0.008989 0.018672 0.999785 
-0.060636 0.031064 0.997676 -0.003221 0.150099 0.988666 -0.035354 -0.055183 0.997850 -0.008910 0.019475 0.999771 -0.665111 -0.715601 0.213407 0.029880 0.059702 0.997769 
-0.073319 0.038118 0.996580 -0.001221 0.116399 0.993202 -0.014713 -0.024097 0.999601 -0.006482 0.013910 0.999882 0.021255 0.042889 0.998854 
-0.055930 -0.114158 0.991887 0.000457 0.106222 0.994342 -0.020589 -0.038365 0.999052 -0.006208 0.012798 0.999899 0.480469 -0.240890 0.843280 -0.086485 0.045017 0.995236 
-0.057552 -0.121523 0.990919 0.000355 0.103998 0.994577 -0.062579 -0.144962 0.987456 -0.006406 0.013093 0.999894 0.385326 -0.134560 0.912917 -0.083812 0.044125 0.995504 
-0.056167 -0.124968 0.990570 -0.001831 0.107167 0.994239 -0.077221 -0.261691 0.962058 -0.007046 0.014290 0.999873 0.261778 -0.055279 0.963544 -0.079963 0.041843 0.995919 
-0.053655 -0.126533 0.990510 -0.005192 0.111102 0.993795 -0.054465 -0.359945 0.931383 -0.007984 0.016095 0.999839 0.108892 -0.011707 0.993985 -0.077376 0.039756 0.996209 
-0.055414 -0.138410 0.988824 -0.007402 0.100230 0.994937 -0.008994 -0.427058 0.904180 -0.008530 0.017175 0.999816 -0.051038 0.002310 0.998694 -0.085729 0.043112 0.995385 
-0.009101 0.090760 0.995831 0.040308 -0.463549 0.885154 -0.008793 0.018107 0.999797 -0.251143 0.012635 0.967868 -0.100669 0.050681 0.993628 0.047407 0.125848 0.990916 -0.092608 -0.246226 0.964778 
-0.010808 0.085579 0.996273 0.080646 -0.488113 0.869047 -0.008703 0.018217 0.999796 -0.390617 0.031790 0.920004 -0.117013 0.060003 0.991316 0.040401 0.111513 0.992941 -0.092695 -0.269836 0.958434 
-0.011868 0.081913 0.996569 0.125646 -0.511771 0.849884 -0.499826 0.065104 0.863675 -0.132276 0.069680 0.988761 0.030401 0.087922 0.995663 -0.090787 -0.294513 0.951325 -0.044919 0.094971 0.994466 
-0.012903 0.082714 0.996490 0.771490 -0.609897 0.181189 -0.587048 0.113048 0.801620 -0.146418 0.079195 0.986048 0.019191 0.058894 0.998080 -0.087357 -0.322794 0.942429 0.174279 -0.521291 0.835394 -0.043307 0.092194 0.994799 
-0.012606 0.075794 0.997044 0.887191 -0.401134 0.228001 -0.654525 0.170771 0.736501 -0.161909 0.089581 0.982731 0.008324 0.027522 0.999587 -0.079718 -0.350586 0.933132 0.204176 -0.505083 0.838572 -0.041086 0.087923 0.995280 
-0.009696 0.053481 0.998522 0.931448 -0.228028 0.283561 -0.682672 0.233441 0.692433 -0.171276 0.096609 0.980475 -0.003607 -0.012626 0.999914 -0.068703 -0.374572 0.924649 0.229412 -0.501051 0.834457 -0.036195 0.077429 0.996341 
-0.003771 0.019925 0.999794 -0.016281 0.034346 0.999277 0.945930 -0.078214 0.314800 -0.707704 0.292621 0.643061 -0.172952 0.098297 0.980013 -0.015626 -0.058539 0.998163 -0.064854 -0.409030 0.910214 
0.000171 -0.000936 1.000000 -0.004901 0.009978 0.999938 0.937510 0.068945 0.341059 -0.692079 0.334363 0.639710 -0.172968 0.098807 0.979959 -0.026405 -0.109041 0.993686 -0.065141 -0.460936 0.885040 
0.006174 -0.034332 0.999391 0.006085 -0.011996 0.999910 0.905780 0.182549 0.382410 -0.670431 0.365893 0.645480 -0.180551 0.103996 0.978052 -0.037547 -0.164992 0.985580 -0.061585 -0.513621 0.855804 
-0.205737 0.120765 0.971127 0.015292 -0.029516 0.999447 0.864896 0.257322 0.430976 0.014216 -0.076212 0.996990 -0.047611 -0.220637 0.974193 -0.051146 -0.563108 0.824799 
-0.228430 0.138713 0.963628 0.022288 -0.042611 0.998843 0.821409 0.305526 0.481602 0.023091 -0.115884 0.992994 -0.056212 -0.275342 0.959702 -0.033654 -0.608088 0.793156 
0.028352 -0.054178 0.998129 0.776286 0.334487 0.534321 -0.152634 0.096155 0.983594 -0.704777 0.674974 0.218401 0.033179 -0.154739 0.987398 -0.063916 -0.330867 0.941510 -0.009992 -0.649014 0.760711 
-0.181780 0.120340 0.975948 0.032704 -0.062996 0.997478 0.731075 0.349272 0.586122 -0.069597 -0.385146 0.920228 0.019204 -0.687553 0.725880 -0.463834 0.856392 0.226828 0.043070 -0.190389 0.980764 
-0.210799 0.149373 0.966049 0.035044 -0.068880 0.997009 0.687958 0.348453 0.636628 -0.073717 -0.436068 0.896890 0.053695 -0.719399 0.692518 0.054582 -0.230999 0.971422 -0.221648 0.946850 0.233127 
-0.234852 0.180633 0.955100 -0.113401 0.474134 0.873119 -0.062303 -0.133026 0.989152 0.648526 0.343900 0.679078 -0.072187 -0.478635 0.875041 0.670789 -0.284739 0.684811 -0.091720 0.008848 0.995746 0.063114 -0.256935 0.964366 0.068126 -0.602836 0.794951 
-0.243377 0.198339 0.949436 0.626161 0.344702 0.699359 0.175448 0.398325 0.900309 -0.080023 -0.159429 0.983961 -0.069461 -0.501930 0.862114 0.254169 -0.162350 0.953436 -0.087579 0.012267 0.996082 0.069461 -0.273017 0.959498 0.082896 -0.624271 0.776798 
-0.090760 -0.172301 0.980854 -0.234874 0.191359 0.953004 0.618400 0.344718 0.706223 -0.069581 -0.510865 0.856840 -0.027337 0.022754 0.999367 -0.071053 0.012427 0.997395 0.071340 -0.277047 0.958204 0.087948 -0.631453 0.770411 
-0.115197 -0.207291 0.971473 -0.209426 0.161978 0.964315 0.625502 0.342691 0.700936 -0.071449 -0.503988 0.860751 -0.199227 0.232351 0.952009 -0.070048 0.014846 0.997433 0.068535 -0.272174 0.959804 0.081653 -0.627045 0.774691 
-0.129707 -0.239311 0.962240 -0.168602 0.121042 0.978224 0.637282 0.337532 0.692780 -0.071678 -0.490328 0.868585 -0.333166 0.531749 0.778616 -0.059559 0.013773 0.998130 0.062192 -0.263017 0.962785 0.068199 -0.611603 0.788220 
-0.138937 -0.266322 0.953818 -0.121304 0.082016 0.989221 0.650499 0.331976 0.683113 -0.072738 -0.475706 0.876592 -0.344878 0.580691 0.737467 -0.058994 0.014325 0.998156 0.052335 -0.251515 0.966437 0.050457 -0.592584 0.803927 
-0.145328 -0.283808 0.947804 -0.085534 0.055843 0.994769 0.669595 0.324372 0.668151 -0.078026 -0.457815 0.885617 -0.316246 0.508884 0.800641 -0.064479 0.016174 0.997788 0.036605 -0.730900 0.681502 0.042676 -0.239245 0.970021 -0.120702 0.963464 0.239098 
-0.149225 -0.291485 0.944864 -0.064369 0.041372 0.997068 0.690478 0.314134 0.651583 -0.082734 -0.437566 0.895372 -0.261590 0.397642 0.879461 -0.072712 0.018665 0.997178 0.014843 -0.720966 0.692811 -0.175526 0.953068 0.246682 0.034860 -0.220480 0.974768 
-0.150580 -0.295113 0.943522 -0.048263 0.030808 0.998359 0.711441 0.301633 0.634719 -0.085918 -0.416154 0.905226 -0.220636 0.318559 0.921868 -0.079864 0.020691 0.996591 -0.000737 -0.708021 0.706191 -0.222628 0.946963 0.231729 0.030559 -0.205230 0.978237 
-0.151842 -0.299429 0.941959 -0.030852 0.019580 0.999332 0.730972 0.287907 0.618700 -0.194124 0.265893 0.944255 -0.085608 0.022300 0.996079 -0.088359 -0.395863 0.914049 -0.012988 -0.693008 0.720813 -0.277036 0.936026 0.217039 0.027578 -0.189354 0.981522 
-0.153711 -0.305934 0.939562 -0.011851 0.007446 0.999902 0.750400 0.271787 0.602520 -0.175676 0.232302 0.956647 -0.090298 0.023703 0.995633 -0.091084 -0.375893 0.922176 -0.024782 -0.678657 0.734037 -0.332146 0.920892 0.204050 0.024895 -0.174552 0.984333 
-0.155071 -0.312802 0.937074 0.009164 -0.005668 0.999942 0.770345 0.253272 0.585168 -0.158121 0.201595 0.966622 -0.093665 0.024770 0.995296 -0.092594 -0.354417 0.930492 -0.037012 -0.664701 0.746192 -0.395346 0.898308 0.191688 0.021614 -0.159302 0.986993 
-0.155517 -0.315993 0.935929 0.033883 -0.020567 0.999214 0.788251 0.234064 0.569100 -0.137257 0.168026 0.976180 -0.091730 0.024318 0.995487 -0.091546 -0.333077 0.938445 -0.047767 -0.649452 0.758901 -0.477088 0.860207 0.180086 0.018140 -0.142651 0.989607 
-0.154773 -0.314191 0.936659 0.804059 0.213237 0.554995 0.014804 -0.125360 0.992001 0.061508 -0.036631 0.997434 -0.112457 0.132033 0.984845 -0.083395 0.022006 0.996274 -0.089000 -0.312372 0.945782 -0.056737 -0.633102 0.771986 
-0.153011 -0.308874 0.938714 -0.082766 0.092935 0.992226 0.011709 -0.107388 0.994148 0.090523 -0.052927 0.994487 0.818513 0.189219 0.542433 -0.070701 0.018499 0.997326 -0.085932 -0.291859 0.952593 -0.064227 -0.616198 0.784968 
-0.150894 -0.301749 0.941371 -0.047394 0.050967 0.997575 0.008833 -0.088352 0.996050 0.121549 -0.069853 0.990124 0.832445 0.160176 0.530452 -0.055859 0.014476 0.998334 -0.082113 -0.269943 0.959369 -0.070722 -0.597897 0.798447 
-0.147199 -0.292933 0.944734 -0.017435 0.017535 0.999694 0.008682 -0.087415 0.996134 0.152788 -0.086528 0.984464 0.849856 0.113148 0.514725 -0.040865 0.010508 0.999109 -0.076306 -0.238664 0.968100 -0.077931 -0.572099 0.816474 
-0.140219 -0.278689 0.950090 0.060289 -0.034149 0.997597 -0.017136 0.016901 0.999710 0.005619 -0.063646 0.997957 0.867320 0.097967 0.488016 -0.022770 0.005783 0.999724 -0.070607 -0.216575 0.973709 -0.087851 -0.551741 0.829376 
-0.129496 -0.257313 0.957612 0.070333 -0.039955 0.996723 -0.023306 0.023013 0.999463 0.003258 -0.040099 0.999190 0.883110 0.084062 0.461573 -0.006154 0.001549 0.999980 -0.063900 -0.195295 0.978661 -0.094248 -0.535531 0.839240 
-0.116560 -0.230441 0.966080 0.067725 -0.038898 0.996945 -0.025085 0.024858 0.999376 0.002190 -0.026861 0.999637 0.893495 0.069103 0.443725 0.009524 -0.002397 0.999952 -0.058938 -0.179435 0.982003 -0.096720 -0.521274 0.847891 
-0.103741 -0.202874 0.973694 0.059549 -0.034712 0.997622 -0.029463 0.029434 0.999132 0.001325 -0.015683 0.999876 0.901823 0.057176 0.428307 0.024607 -0.006233 0.999678 -0.054700 -0.166558 0.984513 -0.097599 -0.511599 0.853663 
-0.091481 -0.176394 0.980059 -0.038124 0.038586 0.998528 0.000336 -0.003845 0.999993 -0.290827 0.171901 0.941206 0.055967 -0.033150 0.997882 0.908444 0.048977 0.415128 0.039400 -0.010075 0.999173 -0.051345 -0.156697 0.986311 -0.097985 -0.504864 0.857619 
-0.079847 -0.151629 0.985207 -0.049410 0.050848 0.997483 -0.000825 0.009276 0.999957 -0.299324 0.176166 0.937748 0.047290 -0.028462 0.998476 0.913520 0.041200 0.404703 0.052384 -0.013537 0.998535 -0.047939 -0.147817 0.987852 -0.097659 -0.498349 0.861459 
-0.068919 -0.129119 0.989231 -0.060695 0.063444 0.996138 -0.002149 0.024431 0.999699 -0.305346 0.178862 0.935292 0.040572 -0.024767 0.998870 0.917388 0.017856 0.397593 0.060364 -0.015807 0.998051 -0.043182 -0.134344 0.989993 -0.096302 -0.486514 0.868349 
-0.058909 -0.109420 0.992248 -0.068563 0.072198 0.995031 -0.003671 0.042846 0.999075 -0.309417 0.179699 0.933793 0.036433 -0.022466 0.999084 0.919684 -0.023575 0.391950 0.063503 -0.016898 0.997839 -0.037208 -0.115440 0.992617 -0.094472 -0.468966 0.878149 
-0.049598 -0.091657 0.994555 -0.074834 0.078884 0.994071 -0.005266 0.063490 0.997969 -0.312574 0.179281 0.932821 0.033024 -0.020516 0.999244 0.918620 -0.075634 0.387836 0.063185 -0.017102 0.997855 -0.030478 -0.093605 0.995143 -0.092196 -0.448458 0.889036 
-0.040723 -0.074940 0.996356 -0.081389 0.085806 0.992982 -0.006889 0.086357 0.996240 -0.315199 0.178439 0.932099 0.029793 -0.018630 0.999382 0.913068 -0.132599 0.385648 0.060693 -0.016707 0.998017 -0.023190 -0.070381 0.997251 -0.089409 -0.426460 0.900076 
-0.031773 -0.058236 0.997797 -0.089620 0.094457 0.991487 -0.008490 0.110671 0.993821 -0.317680 0.177336 0.931467 0.025908 -0.016299 0.999531 0.902450 -0.191991 0.385646 0.056865 -0.015918 0.998255 -0.015424 -0.046231 0.998812 -0.086032 -0.403305 0.911012 
-0.022086 -0.040293 0.998944 -0.099732 0.105075 0.989451 -0.010057 0.136000 0.990658 -0.321857 0.177004 0.930095 0.020033 -0.012685 0.999719 0.886807 -0.250973 0.388053 0.052195 -0.014853 0.998526 -0.007297 -0.021621 0.999740 -0.082051 -0.379454 0.921565 
-0.011151 -0.020227 0.999733 -0.111516 0.117425 0.986801 0.137533 -0.040143 0.989683 -0.011609 0.162331 0.986668 -0.329101 0.178075 0.927352 0.011315 -0.007215 0.999910 0.001175 0.003445 0.999993 -0.077477 -0.354883 0.931695 
0.001238 0.002231 0.999997 -0.124702 0.131133 0.983490 0.131249 -0.039298 0.990570 -0.013165 0.190184 0.981660 -0.339665 0.180452 0.923073 -0.000081 0.000052 1.000000 0.010194 0.029594 0.999510 -0.072297 -0.328857 0.941608 
0.014870 0.026564 0.999537 -0.138572 0.146627 0.979438 0.124891 -0.038421 0.991426 -0.015185 0.213508 0.976823 -0.350702 0.180584 0.918911 -0.012858 0.008280 0.999883 0.021109 0.060616 0.997938 -0.066378 -0.300249 0.951548 
-0.022516 0.014547 0.999641 -0.149617 0.158777 0.975912 0.126329 -0.039841 0.991188 0.031429 0.055567 0.997960 -0.360199 0.179377 0.915468 -0.018310 0.238753 0.970908 0.031301 0.089096 0.995531 -0.060466 -0.271569 0.960518 
0.048269 0.084318 0.995269 -0.158833 0.167737 0.972952 0.138005 -0.044146 0.989447 -0.021671 0.249933 0.968021 -0.383675 0.192234 0.903239 -0.026948 0.017579 0.999482 0.037941 0.108552 0.993366 -0.055788 -0.248419 0.967045 
-0.024671 0.016141 0.999565 -0.161204 0.168196 0.972483 0.154723 -0.050110 0.986686 0.060229 0.104942 0.992653 -0.389921 0.193936 0.900195 -0.023407 0.254644 0.966751 0.041548 0.119469 0.991968 -0.054522 -0.238321 0.969655 
-0.016103 0.010518 0.999815 -0.159459 0.165336 0.973261 0.172925 -0.056623 0.983306 0.067201 0.117307 0.990819 -0.383372 0.187542 0.904353 -0.024172 0.253104 0.967137 0.042760 0.123709 0.991397 -0.055114 -0.235956 0.970200 
-0.002377 0.001550 0.999996 -0.152159 0.157494 0.975727 0.191255 -0.063087 0.979511 0.069840 0.122392 0.990021 -0.368224 0.177935 0.912552 -0.024155 0.245796 0.969021 0.042273 0.123062 0.991498 -0.056938 -0.238385 0.969500 
0.209822 -0.069270 0.975283 0.068562 0.120964 0.990286 -0.140293 0.144570 0.979499 -0.347397 0.166917 0.922743 0.015901 -0.010372 0.999820 -0.023828 0.238692 0.970803 0.040034 0.117196 0.992302 -0.060624 -0.245491 0.967501 
0.223874 -0.073677 0.971829 0.065855 0.117408 0.990898 -0.131854 0.135143 0.982014 -0.322393 0.152880 0.934179 0.033751 -0.022002 0.999188 -0.023366 0.237621 0.971077 0.039598 0.116316 0.992423 -0.064478 -0.250496 0.965968 
0.233044 -0.076605 0.969444 0.064680 0.116280 0.991108 -0.123320 0.125875 0.984351 -0.301889 0.141977 0.942712 0.050686 -0.033067 0.998167 -0.023569 0.237746 0.971041 0.041702 0.123344 0.991487 -0.064591 -0.244801 0.967419 
0.241485 -0.079544 0.967139 0.065825 0.119192 0.990687 -0.114112 0.115912 0.986683 -0.285152 0.133507 0.949138 0.065951 -0.043109 0.996891 -0.024556 0.240187 0.970416 0.045235 0.134579 0.989870 -0.062653 -0.233522 0.970331 
0.251330 -0.083169 0.964321 0.069442 0.126601 0.989520 -0.103423 0.104580 0.989124 -0.269052 0.125038 0.954975 0.078932 -0.051700 0.995538 -0.026212 0.245884 0.968945 0.049150 0.147285 0.987872 -0.060044 -0.221136 0.973393 
