1.085441 -0.069999 0.004672 1.115686 0.032719 0.004732 1.184097 -0.086585 0.004685 1.273792 0.034827 0.004768 
1.085638 -0.070477 0.004834 1.114450 0.031978 0.004696 1.182879 -0.087326 0.004744 1.273980 0.034341 0.004518 
1.085637 -0.070478 0.004845 1.114273 0.031877 0.004720 1.182703 -0.087428 0.004765 1.273982 0.034336 0.004560 
1.085703 -0.070593 0.004854 1.113600 0.031493 0.004741 1.182032 -0.087816 0.004785 1.274053 0.034205 0.004598 
1.085888 -0.070917 0.004862 1.112474 0.030851 0.004759 1.180907 -0.088466 0.004804 1.274245 0.033852 0.004634 
1.086150 -0.071373 0.004870 1.110879 0.029942 0.004779 1.179315 -0.089386 0.004821 1.274516 0.033355 0.004666 
1.086200 -0.071076 0.004495 1.109380 0.029177 0.004566 1.177825 -0.090160 0.004460 1.274587 0.033622 0.004532 
1.086815 -0.071883 0.004315 1.106947 0.027775 0.004366 1.175358 -0.091603 0.004352 1.275248 0.032683 0.004455 
1.087096 -0.072370 0.004366 1.103504 0.025814 0.004408 1.171913 -0.093592 0.004411 1.275569 0.032096 0.004514 
1.087757 -0.073293 0.004182 1.100622 0.024096 0.004266 1.169036 -0.095332 0.004397 1.276246 0.031094 0.004759 
1.086592 -0.071059 0.003968 1.096267 0.021920 0.004398 1.164664 -0.097553 0.004003 1.275217 0.033182 0.004795 
1.086855 -0.071526 0.004063 1.091137 0.019002 0.004506 1.159547 -0.100504 0.004146 1.275532 0.032591 0.005130 
1.086419 -0.070702 0.004223 1.085215 0.015509 0.004680 1.153533 -0.104099 0.004172 1.275294 0.033103 0.005135 
1.086940 -0.071602 0.004051 1.079380 0.012169 0.004346 1.148018 -0.107302 0.004047 1.275601 0.032547 0.004838 
1.087661 -0.072815 0.004110 1.073305 0.008761 0.004212 1.142048 -0.110699 0.004165 1.276289 0.031328 0.004688 
1.088835 -0.074456 0.003891 1.069054 0.006178 0.003889 1.137658 -0.113399 0.004079 1.277606 0.029336 0.004907 
1.089587 -0.075446 0.003659 1.064033 0.003505 0.003682 1.132640 -0.116112 0.003833 1.278398 0.028204 0.005072 
1.090093 -0.076822 0.003850 1.070365 0.006771 0.004351 1.137440 -0.113667 0.004462 1.280042 0.024535 0.009067 
1.084071 -0.081403 0.003827 1.076940 0.013561 0.005500 1.142291 -0.107714 0.005487 1.275030 0.017535 0.013060 
1.070773 -0.087211 0.003586 1.063383 0.015200 0.005488 1.130019 -0.105343 0.004906 1.260537 0.013849 0.011098 
1.067776 -0.092141 0.003703 1.049205 0.011351 0.005089 1.121530 -0.105899 0.004493 1.252494 0.017796 0.009063 
1.068642 -0.094714 0.003806 1.033342 0.002649 0.004398 1.108271 -0.113066 0.003860 1.251053 0.018991 0.005615 
0.867810 -0.258015 0.004276 1.252117 0.017502 0.006702 0.994283 0.017126 0.004944 1.028924 0.011028 0.005789 1.132698 -0.154153 0.004915 1.131552 -0.138726 0.005438 
0.869210 -0.259749 0.004123 1.253038 0.015737 0.007334 0.993085 0.015740 0.005209 1.027072 0.009626 0.005973 1.131409 -0.155556 0.005730 1.129220 -0.141316 0.005949 
0.869002 -0.260103 0.004214 1.254394 0.013343 0.007880 0.991809 0.013658 0.005271 1.026162 0.008412 0.006237 1.129559 -0.158034 0.005725 1.128393 -0.142846 0.006201 
0.868203 -0.259909 0.004110 1.255842 0.010951 0.008279 0.992197 0.012684 0.005629 1.025721 0.007436 0.006527 1.129215 -0.159582 0.005741 1.128287 -0.143735 0.006314 
0.868530 -0.260912 0.004183 1.257255 0.008766 0.008423 0.992186 0.011798 0.005625 1.025863 0.006942 0.006604 1.128767 -0.160800 0.005719 1.128136 -0.144514 0.006389 
0.868945 -0.261702 0.004156 1.258293 0.007058 0.008276 0.992794 0.011899 0.005804 1.025827 0.006718 0.006611 1.129159 -0.160884 0.005741 1.128001 -0.144864 0.006311 
0.869998 -0.263077 0.004234 1.259152 0.005622 0.007962 0.993064 0.012113 0.005725 1.026143 0.006914 0.006471 1.129463 -0.160653 0.005669 1.127979 -0.144867 0.006184 
0.870995 -0.264378 0.004305 1.259862 0.004437 0.007380 0.993844 0.012738 0.005654 1.026486 0.007170 0.006216 1.130285 -0.160023 0.005603 1.127988 -0.144790 0.005944 
0.871784 -0.265450 0.004377 1.260263 0.003718 0.006536 0.994977 0.013602 0.005554 1.026844 0.007490 0.005865 1.131431 -0.159191 0.005462 1.128042 -0.144605 0.005564 
1.027288 0.007851 0.005416 1.260587 0.003175 0.005509 0.872564 -0.266486 0.004455 0.996625 0.014782 0.005446 1.133047 -0.158093 0.005380 1.128120 -0.144417 0.005132 
1.029019 0.008824 0.005187 1.260934 0.002596 0.005040 0.873073 -0.267202 0.004632 0.998301 0.015711 0.005199 1.134510 -0.157381 0.005173 1.129364 -0.143279 0.004930 
1.030969 0.009964 0.005286 1.261297 0.001988 0.005020 0.873021 -0.266896 0.004935 0.999783 0.016546 0.005173 1.135678 -0.156828 0.004937 1.131177 -0.141585 0.004924 
1.031845 0.010556 0.005354 1.260138 0.003561 0.004302 0.872673 -0.266327 0.005436 1.000338 0.016849 0.005189 1.136105 -0.156636 0.004565 1.131626 -0.141046 0.004584 
1.033149 0.011300 0.005571 1.260431 0.003068 0.004361 0.872248 -0.265695 0.005960 1.000574 0.016960 0.005195 1.136265 -0.156587 0.004181 1.133266 -0.139513 0.004614 
1.034294 0.011952 0.005727 1.260671 0.002664 0.004416 0.871943 -0.265244 0.006395 1.000713 0.017038 0.005153 1.136361 -0.156543 0.003854 1.134649 -0.138217 0.004643 
1.034986 0.012379 0.005786 1.260343 0.003143 0.004210 0.871687 -0.264837 0.006694 1.000989 0.017180 0.005126 1.136556 -0.156469 0.003631 1.135268 -0.137602 0.004544 
1.036224 0.013220 0.006059 1.259380 0.005116 0.004298 0.871464 -0.264451 0.006853 1.001331 0.017400 0.005142 1.136807 -0.156327 0.003516 1.135884 -0.136901 0.004548 
1.036455 0.013360 0.006036 1.259678 0.004616 0.004342 0.871424 -0.264361 0.006916 1.001481 0.017475 0.005096 1.136913 -0.156290 0.003466 1.136273 -0.136532 0.004580 
1.036472 0.013377 0.005984 1.259891 0.004258 0.004387 0.871438 -0.264349 0.006892 1.001564 0.017496 0.005041 1.136952 -0.156304 0.003477 1.136378 -0.136430 0.004612 
1.036344 0.013311 0.005912 1.260023 0.004036 0.004434 0.871460 -0.264369 0.006812 1.001590 0.017500 0.004985 1.136961 -0.156314 0.003530 1.136313 -0.136487 0.004642 
1.036157 0.013211 0.005808 1.260071 0.003956 0.004480 0.871512 -0.264430 0.006673 1.001616 0.017504 0.004900 1.136969 -0.156325 0.003619 1.136121 -0.136663 0.004672 
1.035889 0.013067 0.005671 1.260074 0.003951 0.004522 0.871577 -0.264513 0.006486 1.001636 0.017507 0.004793 1.136974 -0.156336 0.003738 1.135820 -0.136939 0.004699 
1.035532 0.012872 0.005510 1.260075 0.003950 0.004560 0.871657 -0.264618 0.006264 1.001648 0.017506 0.004676 1.136974 -0.156347 0.003881 1.135429 -0.137300 0.004725 
1.034857 0.012507 0.005246 1.259756 0.004341 0.004335 0.871746 -0.264698 0.006021 1.001723 0.017502 0.004538 1.136986 -0.156400 0.004033 1.134574 -0.138079 0.004627 
1.034565 0.012353 0.005095 1.259631 0.004550 0.004398 0.871803 -0.264745 0.005774 1.001789 0.017503 0.004412 1.136998 -0.156441 0.004192 1.134163 -0.138458 0.004662 
1.034076 0.012079 0.005002 1.259470 0.004819 0.004455 0.871663 -0.264563 0.005540 1.001894 0.017580 0.004418 1.137090 -0.156379 0.004374 1.133737 -0.138853 0.004693 
1.033626 0.011833 0.005066 1.258760 0.006030 0.004468 0.871303 -0.264098 0.005391 1.001887 0.017572 0.004550 1.137072 -0.156394 0.004524 1.133188 -0.139358 0.004686 
1.032964 0.011458 0.005057 1.258735 0.006073 0.004516 0.871009 -0.263715 0.005260 1.001888 0.017573 0.004674 1.137064 -0.156400 0.004658 1.132819 -0.139702 0.004714 
1.032603 0.011441 0.005136 1.257495 0.008197 0.004379 0.870802 -0.263444 0.005133 1.001945 0.017616 0.004781 1.137117 -0.156362 0.004785 1.132041 -0.140222 0.004623 
1.032565 0.011347 0.005240 1.257632 0.008288 0.004618 0.870594 -0.263152 0.005048 1.001961 0.017631 0.004894 1.137127 -0.156353 0.004892 1.132109 -0.140265 0.004734 
1.032239 0.011162 0.005230 1.257703 0.008170 0.004650 0.870428 -0.262933 0.005017 1.001901 0.017583 0.004937 1.137060 -0.156403 0.004936 1.131994 -0.140372 0.004758 
1.032193 0.011148 0.005254 1.257542 0.008453 0.004679 0.870300 -0.262760 0.005007 1.001862 0.017560 0.004951 1.137018 -0.156427 0.004951 1.131953 -0.140397 0.004769 
1.032100 0.011097 0.005241 1.257639 0.008290 0.004703 0.870212 -0.262643 0.005007 1.001843 0.017546 0.004951 1.136997 -0.156443 0.004952 1.131998 -0.140353 0.004785 
1.032065 0.011078 0.005229 1.257748 0.008109 0.004725 0.870166 -0.262581 0.005012 1.001835 0.017539 0.004944 1.136987 -0.156450 0.004946 1.132068 -0.140286 0.004799 
1.032034 0.011066 0.005216 1.257911 0.007836 0.004745 0.870140 -0.262537 0.005019 1.001854 0.017555 0.004944 1.137001 -0.156438 0.004940 1.132155 -0.140200 0.004813 
1.032026 0.011063 0.005200 1.258073 0.007564 0.004762 0.870146 -0.262544 0.005033 1.001836 0.017541 0.004926 1.136984 -0.156452 0.004925 1.132240 -0.140119 0.004825 
1.032021 0.011062 0.005188 1.258203 0.007345 0.004778 0.870149 -0.262543 0.005043 1.001824 0.017534 0.004914 1.136971 -0.156459 0.004913 1.132311 -0.140050 0.004836 
1.031878 0.011008 0.005096 1.257786 0.007908 0.004525 0.870159 -0.262571 0.005041 1.001685 0.017440 0.004823 1.136829 -0.156551 0.004831 1.131957 -0.140339 0.004692 
1.031857 0.010998 0.005098 1.257912 0.007696 0.004566 0.870139 -0.262545 0.005044 1.001686 0.017439 0.004828 1.136828 -0.156553 0.004836 1.132028 -0.140271 0.004716 
1.031824 0.010980 0.005099 1.258037 0.007484 0.004603 0.870134 -0.262538 0.005044 1.001684 0.017438 0.004837 1.136826 -0.156554 0.004843 1.132077 -0.140223 0.004738 
1.031795 0.010976 0.005102 1.258147 0.007297 0.004636 0.870079 -0.262467 0.005025 1.001665 0.017451 0.004845 1.136806 -0.156542 0.004822 1.132146 -0.140143 0.004742 
1.032445 0.011494 0.005328 1.256918 0.009703 0.004706 0.870087 -0.262480 0.005019 1.001676 0.017461 0.004865 1.136818 -0.156532 0.004849 1.131986 -0.140149 0.004732 
1.032320 0.011426 0.005310 1.257157 0.009303 0.004724 0.870092 -0.262482 0.005016 1.001688 0.017464 0.004879 1.136822 -0.156535 0.004862 1.132006 -0.140127 0.004752 
1.032218 0.011370 0.005288 1.257402 0.008891 0.004741 0.870127 -0.262528 0.005020 1.001660 0.017442 0.004878 1.136795 -0.156556 0.004864 1.132033 -0.140100 0.004769 
1.032539 0.011640 0.005408 1.256788 0.010098 0.004783 0.870157 -0.262566 0.005016 1.001664 0.017447 0.004891 1.136799 -0.156550 0.004883 1.131934 -0.140107 0.004766 
1.032386 0.011554 0.005379 1.257062 0.009640 0.004792 0.870180 -0.262598 0.005015 1.001642 0.017429 0.004896 1.136778 -0.156567 0.004890 1.131940 -0.140099 0.004782 
1.032251 0.011482 0.005360 1.257287 0.009260 0.004803 0.870152 -0.262564 0.005010 1.001597 0.017401 0.004902 1.136731 -0.156595 0.004872 1.131971 -0.140065 0.004786 
1.032624 0.011780 0.005490 1.256572 0.010640 0.004844 0.870169 -0.262587 0.005008 1.001597 0.017402 0.004911 1.136732 -0.156593 0.004887 1.131867 -0.140077 0.004778 
1.032450 0.011686 0.005458 1.256842 0.010187 0.004850 0.870151 -0.262565 0.005004 1.001566 0.017385 0.004917 1.136700 -0.156610 0.004883 1.131885 -0.140054 0.004788 
1.032280 0.011592 0.005422 1.257126 0.009713 0.004851 0.870168 -0.262588 0.005004 1.001548 0.017371 0.004920 1.136682 -0.156623 0.004890 1.131888 -0.140049 0.004801 
1.032161 0.011529 0.005401 1.257318 0.009393 0.004858 0.870157 -0.262576 0.005002 1.001514 0.017350 0.004921 1.136646 -0.156644 0.004884 1.131902 -0.140030 0.004808 
1.032059 0.011472 0.005381 1.257487 0.009110 0.004865 0.870165 -0.262588 0.005003 1.001498 0.017338 0.004922 1.136631 -0.156655 0.004890 1.131905 -0.140026 0.004819 
1.031969 0.011423 0.005363 1.257637 0.008861 0.004871 0.870171 -0.262595 0.005003 1.001485 0.017327 0.004923 1.136617 -0.156666 0.004896 1.131909 -0.140021 0.004830 
1.031983 0.011427 0.005333 1.257737 0.008692 0.004881 0.870243 -0.262693 0.004997 1.001455 0.017298 0.004881 1.136590 -0.156692 0.004894 1.131927 -0.140009 0.004839 
1.031948 0.011408 0.005329 1.257811 0.008569 0.004892 0.870235 -0.262682 0.005001 1.001445 0.017290 0.004882 1.136580 -0.156700 0.004895 1.131945 -0.139990 0.004848 
1.031786 0.011343 0.005327 1.257896 0.008423 0.004870 0.870079 -0.262459 0.004965 1.001522 0.017395 0.004946 1.136656 -0.156598 0.004875 1.131974 -0.139933 0.004817 
1.031859 0.011380 0.005277 1.257946 0.008343 0.004855 0.870201 -0.262643 0.004986 1.001388 0.017283 0.004843 1.136526 -0.156703 0.004844 1.131971 -0.139939 0.004817 
1.031871 0.011387 0.005279 1.257978 0.008291 0.004869 0.870191 -0.262628 0.004997 1.001380 0.017277 0.004840 1.136517 -0.156710 0.004842 1.132009 -0.139903 0.004827 
1.031857 0.011380 0.005276 1.258033 0.008199 0.004879 0.870179 -0.262613 0.005007 1.001375 0.017273 0.004840 1.136512 -0.156714 0.004843 1.132038 -0.139874 0.004837 
1.031852 0.011379 0.005277 1.258068 0.008141 0.004890 0.870169 -0.262599 0.005015 1.001371 0.017269 0.004841 1.136507 -0.156717 0.004843 1.132063 -0.139849 0.004845 
1.031841 0.011374 0.005276 1.258110 0.008071 0.004898 0.870160 -0.262586 0.005022 1.001367 0.017266 0.004841 1.136502 -0.156721 0.004844 1.132086 -0.139827 0.004853 
1.031625 0.011272 0.005249 1.258095 0.008034 0.004809 0.869961 -0.262336 0.005017 1.001261 0.017219 0.004847 1.136384 -0.156775 0.004757 1.132031 -0.139847 0.004780 
1.031746 0.011334 0.005211 1.258120 0.007996 0.004826 0.870088 -0.262529 0.005035 1.001120 0.017099 0.004741 1.136246 -0.156888 0.004735 1.132049 -0.139836 0.004796 
1.031756 0.011340 0.005219 1.258123 0.007992 0.004843 0.870075 -0.262512 0.005045 1.001120 0.017099 0.004745 1.136246 -0.156888 0.004743 1.132070 -0.139816 0.004809 
1.031761 0.011342 0.005226 1.258162 0.007943 0.004865 0.870062 -0.262492 0.005053 1.001129 0.017106 0.004753 1.136251 -0.156884 0.004752 1.132103 -0.139788 0.004825 
1.031702 0.011331 0.005245 1.258179 0.007915 0.004878 0.869833 -0.262203 0.005049 1.001007 0.017053 0.004761 1.136115 -0.156944 0.004657 1.132211 -0.139656 0.004793 
1.031704 0.011333 0.005247 1.258180 0.007914 0.004890 0.869827 -0.262195 0.005060 1.001006 0.017052 0.004761 1.136113 -0.156945 0.004670 1.132218 -0.139649 0.004807 
1.031703 0.011334 0.005249 1.258180 0.007914 0.004902 0.869821 -0.262188 0.005068 1.001005 0.017052 0.004761 1.136112 -0.156946 0.004683 1.132222 -0.139644 0.004821 
1.031816 0.011408 0.005213 1.258190 0.007900 0.004913 0.869771 -0.262164 0.005062 1.000751 0.016883 0.004638 1.135854 -0.157110 0.004558 1.132337 -0.139518 0.004789 
1.031968 0.011475 0.005162 1.258221 0.007851 0.004922 0.869923 -0.262401 0.005094 1.000527 0.016693 0.004493 1.135636 -0.157288 0.004506 1.132370 -0.139506 0.004798 
1.031969 0.011477 0.005176 1.258221 0.007852 0.004934 0.869917 -0.262392 0.005114 1.000530 0.016695 0.004508 1.135639 -0.157286 0.004521 1.132376 -0.139500 0.004814 
1.031979 0.011483 0.005189 1.258221 0.007852 0.004946 0.869909 -0.262381 0.005136 1.000530 0.016695 0.004519 1.135639 -0.157286 0.004532 1.132391 -0.139485 0.004828 
1.031989 0.011489 0.005200 1.258221 0.007852 0.004956 0.869899 -0.262368 0.005156 1.000531 0.016696 0.004528 1.135639 -0.157285 0.004540 1.132408 -0.139469 0.004841 
1.031998 0.011495 0.005210 1.258220 0.007853 0.004965 0.869890 -0.262355 0.005174 1.000532 0.016697 0.004535 1.135639 -0.157285 0.004549 1.132423 -0.139454 0.004853 
1.032006 0.011500 0.005218 1.258220 0.007853 0.004973 0.869881 -0.262343 0.005191 1.000532 0.016698 0.004542 1.135640 -0.157285 0.004556 1.132437 -0.139440 0.004863 
1.032000 0.011501 0.005223 1.258235 0.007831 0.004979 0.869791 -0.262238 0.005214 1.000410 0.016611 0.004520 1.135509 -0.157374 0.004498 1.132497 -0.139377 0.004854 
1.032004 0.011504 0.005229 1.258235 0.007832 0.004985 0.869787 -0.262232 0.005230 1.000411 0.016612 0.004525 1.135509 -0.157374 0.004507 1.132504 -0.139370 0.004864 
1.032007 0.011506 0.005235 1.258234 0.007832 0.004991 0.869783 -0.262226 0.005245 1.000411 0.016612 0.004530 1.135509 -0.157373 0.004516 1.132510 -0.139364 0.004874 
1.032009 0.011508 0.005239 1.258234 0.007833 0.004996 0.869778 -0.262220 0.005258 1.000412 0.016613 0.004534 1.135509 -0.157373 0.004524 1.132516 -0.139358 0.004883 
1.032011 0.011509 0.005244 1.258233 0.007834 0.005001 0.869773 -0.262213 0.005270 1.000412 0.016613 0.004537 1.135510 -0.157373 0.004531 1.132521 -0.139352 0.004891 
1.032013 0.011511 0.005249 1.258232 0.007835 0.005005 0.869770 -0.262208 0.005280 1.000413 0.016614 0.004542 1.135510 -0.157372 0.004538 1.132525 -0.139348 0.004898 
1.032013 0.011512 0.005253 1.258232 0.007836 0.005009 0.869766 -0.262203 0.005290 1.000413 0.016615 0.004547 1.135510 -0.157372 0.004543 1.132528 -0.139344 0.004904 
1.032014 0.011513 0.005257 1.258231 0.007837 0.005013 0.869763 -0.262198 0.005299 1.000414 0.016615 0.004551 1.135510 -0.157372 0.004549 1.132532 -0.139340 0.004910 
1.032016 0.011514 0.005261 1.258231 0.007838 0.005016 0.869760 -0.262194 0.005307 1.000415 0.016616 0.004554 1.135511 -0.157371 0.004553 1.132535 -0.139336 0.004915 
1.032017 0.011516 0.005265 1.258230 0.007839 0.005019 0.869756 -0.262189 0.005314 1.000416 0.016617 0.004557 1.135512 -0.157370 0.004557 1.132539 -0.139333 0.004920 
1.032018 0.011517 0.005267 1.258230 0.007840 0.005021 0.869753 -0.262185 0.005321 1.000417 0.016618 0.004560 1.135513 -0.157369 0.004561 1.132542 -0.139329 0.004924 
1.032020 0.011518 0.005270 1.258229 0.007840 0.005024 0.869751 -0.262181 0.005327 1.000419 0.016619 0.004563 1.135514 -0.157369 0.004564 1.132545 -0.139325 0.004928 
1.032021 0.011519 0.005272 1.258228 0.007841 0.005026 0.869748 -0.262177 0.005332 1.000420 0.016620 0.004565 1.135514 -0.157368 0.004567 1.132548 -0.139322 0.004931 
1.032022 0.011520 0.005275 1.258228 0.007842 0.005027 0.869745 -0.262174 0.005337 1.000421 0.016621 0.004567 1.135515 -0.157367 0.004570 1.132551 -0.139318 0.004934 
1.032023 0.011521 0.005276 1.258228 0.007842 0.005029 0.869743 -0.262170 0.005342 1.000421 0.016622 0.004569 1.135516 -0.157367 0.004572 1.132554 -0.139315 0.004937 
1.032024 0.011522 0.005278 1.258227 0.007843 0.005030 0.869740 -0.262167 0.005346 1.000422 0.016623 0.004570 1.135516 -0.157366 0.004574 1.132557 -0.139312 0.004939 
1.032024 0.011523 0.005279 1.258227 0.007844 0.005031 0.869738 -0.262163 0.005349 1.000423 0.016624 0.004572 1.135517 -0.157366 0.004575 1.132559 -0.139310 0.004941 
1.032025 0.011524 0.005281 1.258226 0.007844 0.005032 0.869735 -0.262159 0.005352 1.000424 0.016624 0.004573 1.135517 -0.157365 0.004577 1.132561 -0.139307 0.004943 
1.032024 0.011524 0.005282 1.258226 0.007845 0.005033 0.869732 -0.262156 0.005355 1.000425 0.016625 0.004574 1.135518 -0.157365 0.004579 1.132563 -0.139305 0.004945 
1.032024 0.011524 0.005283 1.258225 0.007846 0.005034 0.869730 -0.262151 0.005358 1.000426 0.016626 0.004576 1.135519 -0.157364 0.004580 1.132565 -0.139302 0.004947 
1.032023 0.011524 0.005284 1.258224 0.007846 0.005035 0.869726 -0.262147 0.005360 1.000427 0.016627 0.004577 1.135519 -0.157363 0.004581 1.132567 -0.139300 0.004948 
1.032022 0.011524 0.005284 1.258224 0.007847 0.005036 0.869723 -0.262143 0.005363 1.000428 0.016628 0.004578 1.135520 -0.157363 0.004583 1.132568 -0.139298 0.004950 
1.032021 0.011524 0.005285 1.258223 0.007848 0.005036 0.869720 -0.262138 0.005365 1.000429 0.016629 0.004579 1.135520 -0.157362 0.004584 1.132569 -0.139297 0.004951 
1.032020 0.011524 0.005285 1.258222 0.007849 0.005037 0.869717 -0.262134 0.005366 1.000430 0.016629 0.004579 1.135521 -0.157362 0.004585 1.132570 -0.139295 0.004952 
1.032018 0.011524 0.005286 1.258222 0.007850 0.005038 0.869713 -0.262129 0.005368 1.000431 0.016630 0.004580 1.135521 -0.157361 0.004586 1.132571 -0.139293 0.004953 
1.032015 0.011522 0.005286 1.258221 0.007851 0.005038 0.869706 -0.262119 0.005369 1.000440 0.016633 0.004582 1.135527 -0.157361 0.004589 1.132572 -0.139293 0.004954 
1.032007 0.011518 0.005285 1.258219 0.007854 0.005038 0.869697 -0.262107 0.005370 1.000438 0.016631 0.004582 1.135525 -0.157364 0.004589 1.132572 -0.139292 0.004955 
1.032000 0.011515 0.005285 1.258217 0.007858 0.005038 0.869686 -0.262091 0.005372 1.000436 0.016630 0.004582 1.135522 -0.157365 0.004589 1.132574 -0.139290 0.004956 
1.031995 0.011512 0.005284 1.258213 0.007863 0.005038 0.869672 -0.262072 0.005374 1.000436 0.016630 0.004582 1.135521 -0.157366 0.004589 1.132578 -0.139285 0.004957 
1.031990 0.011510 0.005283 1.258208 0.007871 0.005038 0.869655 -0.262050 0.005376 1.000437 0.016631 0.004582 1.135521 -0.157366 0.004588 1.132584 -0.139279 0.004957 
1.031984 0.011508 0.005281 1.258203 0.007879 0.005038 0.869636 -0.262025 0.005378 1.000437 0.016631 0.004581 1.135521 -0.157366 0.004588 1.132592 -0.139271 0.004958 
1.031979 0.011505 0.005279 1.258197 0.007888 0.005038 0.869616 -0.261997 0.005380 1.000438 0.016632 0.004580 1.135521 -0.157366 0.004587 1.132600 -0.139263 0.004958 
1.031973 0.011502 0.005278 1.258191 0.007898 0.005037 0.869594 -0.261968 0.005382 1.000439 0.016633 0.004579 1.135521 -0.157366 0.004586 1.132608 -0.139254 0.004959 
1.031967 0.011499 0.005276 1.258185 0.007908 0.005037 0.869573 -0.261939 0.005384 1.000440 0.016633 0.004577 1.135521 -0.157366 0.004585 1.132617 -0.139245 0.004959 
1.031961 0.011497 0.005274 1.258179 0.007918 0.005036 0.869552 -0.261911 0.005386 1.000441 0.016634 0.004576 1.135520 -0.157366 0.004583 1.132625 -0.139237 0.004960 
1.031955 0.011494 0.005272 1.258174 0.007927 0.005036 0.869532 -0.261884 0.005388 1.000441 0.016635 0.004575 1.135520 -0.157366 0.004582 1.132632 -0.139229 0.004960 
1.031950 0.011492 0.005270 1.258169 0.007935 0.005036 0.869514 -0.261860 0.005390 1.000442 0.016636 0.004574 1.135520 -0.157366 0.004582 1.132639 -0.139222 0.004960 
1.031945 0.011489 0.005269 1.258164 0.007942 0.005035 0.869497 -0.261838 0.005392 1.000443 0.016636 0.004573 1.135520 -0.157366 0.004581 1.132645 -0.139216 0.004961 
1.031940 0.011487 0.005267 1.258160 0.007948 0.005035 0.869483 -0.261819 0.005393 1.000444 0.016637 0.004572 1.135520 -0.157366 0.004580 1.132651 -0.139210 0.004961 
1.031936 0.011485 0.005266 1.258157 0.007954 0.005035 0.869470 -0.261801 0.005394 1.000444 0.016638 0.004572 1.135520 -0.157366 0.004580 1.132655 -0.139205 0.004961 
1.031932 0.011484 0.005265 1.258154 0.007958 0.005034 0.869459 -0.261786 0.005395 1.000445 0.016638 0.004571 1.135520 -0.157366 0.004579 1.132659 -0.139201 0.004962 
1.031928 0.011482 0.005264 1.258152 0.007962 0.005034 0.869448 -0.261772 0.005396 1.000446 0.016639 0.004571 1.135520 -0.157365 0.004579 1.132662 -0.139197 0.004962 
1.031923 0.011480 0.005263 1.258149 0.007967 0.005034 0.869438 -0.261758 0.005397 1.000446 0.016639 0.004570 1.135520 -0.157365 0.004579 1.132665 -0.139193 0.004962 
1.031919 0.011478 0.005262 1.258146 0.007971 0.005033 0.869427 -0.261744 0.005398 1.000447 0.016640 0.004570 1.135520 -0.157365 0.004578 1.132669 -0.139190 0.004962 
1.031915 0.011476 0.005261 1.258143 0.007975 0.005033 0.869416 -0.261729 0.005398 1.000447 0.016640 0.004570 1.135520 -0.157365 0.004578 1.132672 -0.139186 0.004962 
1.031910 0.011474 0.005259 1.258140 0.007980 0.005033 0.869404 -0.261713 0.005399 1.000448 0.016641 0.004569 1.135520 -0.157366 0.004577 1.132676 -0.139182 0.004963 
1.031905 0.011472 0.005258 1.258137 0.007986 0.005033 0.869391 -0.261695 0.005400 1.000448 0.016641 0.004568 1.135519 -0.157366 0.004577 1.132680 -0.139177 0.004963 
1.031900 0.011470 0.005257 1.258133 0.007992 0.005032 0.869377 -0.261676 0.005401 1.000449 0.016642 0.004568 1.135519 -0.157366 0.004576 1.132685 -0.139172 0.004963 
1.031895 0.011468 0.005255 1.258128 0.007999 0.005032 0.869361 -0.261655 0.005402 1.000449 0.016642 0.004567 1.135519 -0.157366 0.004575 1.132690 -0.139166 0.004963 
1.031890 0.011465 0.005254 1.258124 0.008006 0.005031 0.869345 -0.261633 0.005404 1.000450 0.016643 0.004566 1.135519 -0.157366 0.004574 1.132696 -0.139160 0.004963 
1.031884 0.011463 0.005252 1.258119 0.008014 0.005031 0.869328 -0.261610 0.005405 1.000450 0.016643 0.004565 1.135519 -0.157366 0.004573 1.132702 -0.139153 0.004963 
1.031879 0.011460 0.005250 1.258114 0.008022 0.005030 0.869311 -0.261587 0.005406 1.000451 0.016644 0.004564 1.135519 -0.157366 0.004572 1.132708 -0.139147 0.004963 
1.031874 0.011458 0.005248 1.258109 0.008030 0.005030 0.869294 -0.261564 0.005407 1.000452 0.016645 0.004563 1.135519 -0.157366 0.004572 1.132714 -0.139141 0.004963 
1.031869 0.011456 0.005247 1.258102 0.008041 0.005029 0.869278 -0.261543 0.005408 1.000453 0.016646 0.004562 1.135519 -0.157365 0.004571 1.132719 -0.139135 0.004964 
1.031865 0.011454 0.005246 1.258095 0.008054 0.005029 0.869263 -0.261523 0.005409 1.000454 0.016646 0.004562 1.135519 -0.157365 0.004571 1.132723 -0.139131 0.004964 
1.031861 0.011452 0.005245 1.258087 0.008066 0.005029 0.869249 -0.261504 0.005409 1.000455 0.016647 0.004561 1.135519 -0.157365 0.004570 1.132726 -0.139127 0.004964 
1.031856 0.011450 0.005244 1.258081 0.008076 0.005029 0.869235 -0.261485 0.005410 1.000455 0.016648 0.004561 1.135519 -0.157365 0.004570 1.132730 -0.139123 0.004964 
1.031852 0.011448 0.005243 1.258075 0.008087 0.005029 0.869222 -0.261467 0.005410 1.000456 0.016648 0.004560 1.135519 -0.157365 0.004570 1.132733 -0.139120 0.004964 
1.031848 0.011446 0.005242 1.258068 0.008097 0.005028 0.869209 -0.261450 0.005411 1.000456 0.016649 0.004560 1.135519 -0.157365 0.004569 1.132736 -0.139116 0.004964 
1.031844 0.011445 0.005242 1.258062 0.008107 0.005028 0.869197 -0.261434 0.005411 1.000457 0.016649 0.004560 1.135519 -0.157365 0.004569 1.132738 -0.139113 0.004964 
1.031839 0.011443 0.005241 1.258056 0.008117 0.005028 0.869185 -0.261418 0.005412 1.000457 0.016650 0.004559 1.135519 -0.157365 0.004569 1.132741 -0.139110 0.004964 
1.031835 0.011441 0.005240 1.258050 0.008127 0.005028 0.869173 -0.261402 0.005412 1.000458 0.016650 0.004559 1.135519 -0.157365 0.004569 1.132743 -0.139108 0.004964 
1.031831 0.011439 0.005239 1.258043 0.008138 0.005028 0.869161 -0.261385 0.005412 1.000459 0.016651 0.004559 1.135518 -0.157365 0.004568 1.132745 -0.139105 0.004964 
1.031827 0.011437 0.005239 1.258037 0.008148 0.005027 0.869148 -0.261368 0.005413 1.000459 0.016652 0.004559 1.135518 -0.157365 0.004568 1.132748 -0.139101 0.004964 
1.031822 0.011435 0.005238 1.258030 0.008159 0.005027 0.869135 -0.261351 0.005413 1.000460 0.016652 0.004558 1.135518 -0.157365 0.004568 1.132751 -0.139098 0.004964 
1.031818 0.011434 0.005237 1.258024 0.008169 0.005027 0.869122 -0.261333 0.005414 1.000460 0.016653 0.004558 1.135518 -0.157365 0.004568 1.132754 -0.139094 0.004965 
1.031814 0.011432 0.005236 1.258017 0.008180 0.005027 0.869108 -0.261314 0.005414 1.000461 0.016653 0.004558 1.135518 -0.157365 0.004567 1.132757 -0.139091 0.004965 
1.031810 0.011430 0.005235 1.258010 0.008191 0.005027 0.869094 -0.261296 0.005415 1.000462 0.016654 0.004557 1.135518 -0.157364 0.004567 1.132761 -0.139087 0.004965 
1.031805 0.011428 0.005234 1.258004 0.008202 0.005026 0.869080 -0.261277 0.005415 1.000463 0.016655 0.004557 1.135518 -0.157364 0.004566 1.132765 -0.139083 0.004965 
1.031801 0.011426 0.005233 1.257997 0.008213 0.005026 0.869066 -0.261258 0.005416 1.000463 0.016656 0.004556 1.135518 -0.157364 0.004566 1.132768 -0.139078 0.004965 
1.031797 0.011424 0.005232 1.257990 0.008224 0.005026 0.869052 -0.261239 0.005416 1.000464 0.016656 0.004556 1.135518 -0.157364 0.004566 1.132772 -0.139074 0.004965 
1.031792 0.011422 0.005231 1.257984 0.008235 0.005025 0.869038 -0.261220 0.005417 1.000465 0.016657 0.004555 1.135518 -0.157364 0.004565 1.132775 -0.139071 0.004965 
1.031789 0.011421 0.005230 1.257976 0.008247 0.005025 0.869025 -0.261202 0.005417 1.000465 0.016658 0.004555 1.135519 -0.157364 0.004565 1.132778 -0.139067 0.004965 
1.031793 0.011423 0.005232 1.257956 0.008280 0.005026 0.869012 -0.261185 0.005417 1.000466 0.016658 0.004555 1.135518 -0.157363 0.004565 1.132781 -0.139064 0.004965 
1.031802 0.011429 0.005235 1.257927 0.008330 0.005027 0.868999 -0.261167 0.005417 1.000467 0.016659 0.004555 1.135518 -0.157363 0.004565 1.132782 -0.139062 0.004965 
1.031814 0.011436 0.005239 1.257892 0.008388 0.005029 0.868985 -0.261149 0.005417 1.000467 0.016659 0.004555 1.135518 -0.157363 0.004565 1.132784 -0.139061 0.004965 
1.031827 0.011444 0.005243 1.257855 0.008450 0.005031 0.868970 -0.261129 0.005417 1.000468 0.016660 0.004555 1.135518 -0.157363 0.004565 1.132785 -0.139059 0.004965 
1.031840 0.011452 0.005247 1.257817 0.008513 0.005033 0.868954 -0.261108 0.005417 1.000469 0.016661 0.004555 1.135518 -0.157363 0.004565 1.132787 -0.139056 0.004965 
1.031854 0.011460 0.005251 1.257778 0.008579 0.005035 0.868937 -0.261085 0.005418 1.000470 0.016662 0.004555 1.135519 -0.157363 0.004565 1.132790 -0.139053 0.004965 
1.031868 0.011468 0.005255 1.257738 0.008646 0.005037 0.868919 -0.261060 0.005418 1.000471 0.016663 0.004555 1.135519 -0.157362 0.004565 1.132794 -0.139049 0.004965 
1.031882 0.011477 0.005259 1.257697 0.008714 0.005039 0.868900 -0.261034 0.005418 1.000472 0.016664 0.004554 1.135519 -0.157362 0.004565 1.132797 -0.139045 0.004965 
1.031896 0.011485 0.005263 1.257656 0.008784 0.005040 0.868880 -0.261007 0.005419 1.000473 0.016665 0.004554 1.135519 -0.157362 0.004564 1.132802 -0.139041 0.004965 
1.031910 0.011494 0.005267 1.257614 0.008854 0.005042 0.868859 -0.260980 0.005419 1.000474 0.016666 0.004553 1.135519 -0.157362 0.004564 1.132806 -0.139037 0.004966 
1.031924 0.011502 0.005272 1.257572 0.008923 0.005044 0.868839 -0.260953 0.005419 1.000475 0.016667 0.004553 1.135520 -0.157361 0.004564 1.132810 -0.139032 0.004966 
1.031938 0.011511 0.005276 1.257531 0.008993 0.005046 0.868819 -0.260927 0.005420 1.000476 0.016667 0.004553 1.135520 -0.157361 0.004564 1.132814 -0.139028 0.004966 
1.031952 0.011519 0.005280 1.257491 0.009060 0.005048 0.868800 -0.260901 0.005420 1.000477 0.016668 0.004552 1.135520 -0.157361 0.004563 1.132818 -0.139024 0.004966 
1.031966 0.011527 0.005284 1.257451 0.009127 0.005050 0.868782 -0.260876 0.005420 1.000478 0.016669 0.004552 1.135520 -0.157361 0.004563 1.132821 -0.139020 0.004966 
1.031979 0.011535 0.005288 1.257413 0.009191 0.005052 0.868765 -0.260853 0.005421 1.000479 0.016670 0.004552 1.135520 -0.157360 0.004563 1.132824 -0.139017 0.004966 
1.031992 0.011542 0.005291 1.257375 0.009254 0.005054 0.868748 -0.260831 0.005421 1.000480 0.016671 0.004552 1.135520 -0.157360 0.004563 1.132827 -0.139014 0.004966 
1.032004 0.011550 0.005295 1.257339 0.009314 0.005056 0.868732 -0.260810 0.005421 1.000480 0.016672 0.004552 1.135520 -0.157360 0.004563 1.132829 -0.139012 0.004966 
1.032016 0.011557 0.005299 1.257304 0.009373 0.005058 0.868718 -0.260790 0.005421 1.000481 0.016672 0.004552 1.135520 -0.157360 0.004563 1.132831 -0.139009 0.004966 
1.032028 0.011564 0.005303 1.257269 0.009431 0.005059 0.868703 -0.260770 0.005421 1.000482 0.016673 0.004552 1.135520 -0.157360 0.004563 1.132833 -0.139007 0.004966 
1.032040 0.011571 0.005307 1.257235 0.009488 0.005061 0.868689 -0.260751 0.005421 1.000483 0.016674 0.004552 1.135520 -0.157359 0.004563 1.132835 -0.139005 0.004966 
1.032052 0.011578 0.005310 1.257201 0.009545 0.005063 0.868675 -0.260732 0.005421 1.000483 0.016675 0.004552 1.135521 -0.157359 0.004564 1.132836 -0.139003 0.004966 
1.032063 0.011585 0.005314 1.257168 0.009601 0.005065 0.868661 -0.260713 0.005421 1.000484 0.016675 0.004552 1.135521 -0.157359 0.004564 1.132838 -0.139001 0.004966 
1.032075 0.011592 0.005317 1.257134 0.009658 0.005067 0.868646 -0.260694 0.005421 1.000485 0.016676 0.004552 1.135521 -0.157359 0.004564 1.132840 -0.138998 0.004967 
1.032049 0.011597 0.005331 1.257103 0.009710 0.005068 0.868632 -0.260650 0.005416 1.000492 0.016750 0.004585 1.135555 -0.157265 0.004579 1.132825 -0.138990 0.004967 
1.032060 0.011604 0.005333 1.257068 0.009768 0.005070 0.868614 -0.260626 0.005415 1.000492 0.016750 0.004583 1.135555 -0.157266 0.004579 1.132829 -0.138986 0.004967 
1.032071 0.011611 0.005335 1.257034 0.009825 0.005071 0.868596 -0.260602 0.005415 1.000492 0.016751 0.004581 1.135554 -0.157266 0.004578 1.132833 -0.138982 0.004967 
1.032083 0.011618 0.005337 1.256997 0.009887 0.005073 0.868577 -0.260577 0.005415 1.000493 0.016752 0.004579 1.135554 -0.157265 0.004578 1.132837 -0.138977 0.004967 
1.032102 0.011647 0.005337 1.256959 0.009950 0.005074 0.868601 -0.260559 0.005392 1.000558 0.016845 0.004595 1.135630 -0.157166 0.004602 1.132827 -0.138969 0.004969 
1.032108 0.011659 0.005340 1.256918 0.010018 0.005076 0.868576 -0.260511 0.005389 1.000565 0.016865 0.004599 1.135635 -0.157148 0.004604 1.132827 -0.138960 0.004968 
1.032121 0.011667 0.005343 1.256877 0.010087 0.005078 0.868552 -0.260479 0.005390 1.000566 0.016865 0.004597 1.135635 -0.157148 0.004603 1.132833 -0.138954 0.004968 
