0.037359 0.999302 0.000000 -0.051427 -0.998677 -0.000000 0.997150 -0.075439 0.000000 0.787348 0.616509 0.000000 -0.999366 0.035599 0.000000 -0.789878 -0.613263 -0.000000 
0.037360 0.999302 0.000000 -0.051427 -0.998677 -0.000000 0.997150 -0.075440 0.000000 0.787349 0.616507 0.000000 -0.999366 0.035600 0.000000 -0.789880 -0.613262 -0.000000 
0.037361 0.999302 0.000000 -0.051428 -0.998677 -0.000000 0.997150 -0.075442 0.000000 0.787349 0.616507 0.000000 -0.999366 0.035600 0.000000 -0.789880 -0.613261 -0.000000 
0.037362 0.999302 0.000000 -0.051429 -0.998677 -0.000000 0.997150 -0.075442 0.000000 0.787350 0.616506 0.000000 -0.999366 0.035601 0.000000 -0.789881 -0.613260 -0.000000 
0.037490 0.999297 0.000000 -0.051448 -0.998676 -0.000000 0.997149 -0.075461 0.000000 0.787513 0.616297 0.000000 -0.999362 0.035727 0.000000 -0.790053 -0.613038 -0.000000 
0.037517 0.999296 0.000000 -0.051448 -0.998676 -0.000000 0.997149 -0.075461 0.000000 0.787462 0.616363 0.000000 -0.999361 0.035756 0.000000 -0.790002 -0.613104 -0.000000 
0.037519 0.999296 0.000000 -0.051449 -0.998676 -0.000000 0.997149 -0.075463 0.000000 0.787464 0.616360 0.000000 -0.999361 0.035757 0.000000 -0.790004 -0.613101 -0.000000 
0.037536 0.999295 0.000000 -0.051461 -0.998675 -0.000000 0.997148 -0.075475 0.000000 0.787484 0.616335 0.000000 -0.999360 0.035775 0.000000 -0.790024 -0.613076 -0.000000 
0.037550 0.999295 0.000000 -0.051461 -0.998675 -0.000000 0.997148 -0.075474 0.000000 0.787488 0.616330 0.000000 -0.999359 0.035790 0.000000 -0.790028 -0.613070 -0.000000 
0.038439 0.999261 0.000000 -0.051462 -0.998675 -0.000000 0.997148 -0.075475 0.000000 0.787545 0.616258 0.000000 -0.999327 0.036679 0.000000 -0.790140 -0.612926 -0.000000 
0.041091 0.999155 0.000000 -0.051463 -0.998675 -0.000000 0.997148 -0.075475 0.000000 0.787707 0.616050 0.000000 -0.999226 0.039330 0.000000 -0.790469 -0.612502 -0.000000 
0.044381 0.999015 0.000000 -0.051466 -0.998675 -0.000000 0.997147 -0.075479 0.000000 0.787838 0.615883 0.000000 -0.999091 0.042622 0.000000 -0.790807 -0.612065 -0.000000 
0.047269 0.998882 0.000000 -0.051543 -0.998671 -0.000000 0.997142 -0.075555 0.000000 0.787867 0.615845 0.000000 -0.998964 0.045509 0.000000 -0.791019 -0.611791 -0.000000 
0.050453 0.998726 0.000000 -0.053623 -0.998561 -0.000000 0.996983 -0.077626 0.000000 0.788033 0.615633 0.000000 -0.998815 0.048678 0.000000 -0.791251 -0.611492 -0.000000 
0.056009 0.998430 0.000000 -0.056533 -0.998401 -0.000000 0.996752 -0.080533 0.000000 0.787879 0.615829 0.000000 -0.998531 0.054186 0.000000 -0.791294 -0.611436 -0.000000 
-0.062531 -0.998043 -0.000000 0.063123 0.998006 0.000000 -0.998126 0.061189 0.000000 -0.791095 -0.611693 -0.000000 0.996250 -0.086518 0.000000 0.787560 0.616239 0.000000 
-0.071065 -0.997472 -0.000000 0.072932 0.997337 0.000000 -0.997492 0.070779 0.000000 -0.791021 -0.611789 -0.000000 0.995475 -0.095022 0.000000 0.787298 0.616573 0.000000 
-0.080081 -0.996788 -0.000000 0.083980 0.996467 0.000000 -0.996678 0.081438 0.000000 -0.791140 -0.611635 -0.000000 0.994577 -0.104003 0.000000 0.787065 0.616871 0.000000 
-0.091061 -0.995845 -0.000000 0.096842 0.995300 0.000000 -0.995605 0.093657 0.000000 -0.791454 -0.611229 -0.000000 0.993373 -0.114933 0.000000 0.786908 0.617070 0.000000 
-0.104274 -0.994549 -0.000000 0.112123 0.993694 0.000000 -0.994165 0.107872 0.000000 -0.791061 -0.611737 -0.000000 0.991765 -0.128069 0.000000 0.785816 0.618460 0.000000 
-0.110353 -0.993892 -0.000000 0.114430 0.993431 0.000000 -0.994175 0.107780 0.000000 -0.800824 -0.598899 -0.000000 0.990967 -0.134106 0.000000 0.795025 0.606576 0.000000 
0.107882 0.994164 0.000000 -0.114010 -0.993480 -0.000000 0.990463 -0.137782 0.000000 0.813710 0.581270 0.000000 -0.995014 0.099735 0.000000 -0.819231 -0.573464 -0.000000 
0.096190 0.995363 0.000000 -0.112449 -0.993658 -0.000000 0.990665 -0.136318 0.000000 0.839202 0.543820 0.000000 -0.996146 0.087707 0.000000 -0.844375 -0.535753 -0.000000 
0.087167 0.996194 0.000000 -0.112933 -0.993603 -0.000000 0.990599 -0.136794 0.000000 0.854094 0.520118 0.000000 -0.997002 0.077375 0.000000 -0.859491 -0.511151 -0.000000 
0.053627 0.998561 0.000000 -0.113166 -0.993576 -0.000000 0.990568 -0.137023 0.000000 0.872327 0.488923 0.000000 -0.999188 0.040282 0.000000 -0.879152 -0.476541 -0.000000 
0.012907 0.999917 0.000000 -0.113173 -0.993575 -0.000000 0.990568 -0.137024 0.000000 0.892212 0.451618 0.000000 -0.999998 -0.001879 -0.000000 -0.900898 -0.434030 -0.000000 
-0.033482 0.999439 0.000000 -0.113022 -0.993592 -0.000000 0.990589 -0.136870 0.000000 0.915309 0.402753 0.000000 -0.998943 -0.045959 -0.000000 -0.925864 -0.377858 -0.000000 
-0.069215 0.997602 0.000000 -0.113048 -0.993589 -0.000000 0.990585 -0.136896 0.000000 0.930103 0.367298 0.000000 -0.996779 -0.080191 -0.000000 -0.942064 -0.335434 -0.000000 
-0.140849 0.990031 0.000000 -0.113390 -0.993551 -0.000000 0.990538 -0.137240 0.000000 0.942719 0.333588 0.000000 -0.989093 -0.147293 -0.000000 -0.957817 -0.287379 -0.000000 
-0.114011 -0.993479 -0.000000 -0.207515 0.978232 0.000000 -0.977489 -0.210988 -0.000000 -0.968446 -0.249225 -0.000000 0.990450 -0.137870 0.000000 0.950387 0.311069 0.000000 
-0.114000 -0.993481 -0.000000 -0.283594 0.958945 0.000000 -0.975157 -0.221517 -0.000000 0.990450 -0.137871 0.000000 0.952935 0.303176 0.000000 0.959192 0.282754 0.000000 
-0.113900 -0.993492 -0.000000 -0.331393 0.943493 0.000000 -0.980058 -0.198712 -0.000000 0.990461 -0.137794 0.000000 0.937981 0.346687 0.000000 0.970941 0.239318 0.000000 
-0.113926 -0.993489 -0.000000 -0.334520 0.942389 0.000000 -0.984886 -0.173206 -0.000000 0.990452 -0.137855 0.000000 0.939877 0.341513 0.000000 0.979111 0.203325 0.000000 
-0.113968 -0.993484 -0.000000 -0.325021 0.945707 0.000000 -0.988403 -0.151851 -0.000000 0.990438 -0.137957 0.000000 0.944537 0.328404 0.000000 0.984272 0.176661 0.000000 
-0.114011 -0.993479 -0.000000 -0.307307 0.951610 0.000000 -0.991748 -0.128203 -0.000000 0.990422 -0.138070 0.000000 0.950753 0.309950 0.000000 0.989022 0.147765 0.000000 
-0.114374 -0.993438 -0.000000 -0.290151 0.956981 0.000000 -0.994200 -0.107543 -0.000000 0.990360 -0.138519 0.000000 0.955503 0.294981 0.000000 0.992505 0.122206 0.000000 
-0.114431 -0.993431 -0.000000 -0.275221 0.961381 0.000000 -0.996193 -0.087178 -0.000000 0.990337 -0.138681 0.000000 0.959679 0.281099 0.000000 0.995331 0.096515 0.000000 
-0.114818 -0.993387 -0.000000 -0.267208 0.963639 0.000000 -0.997424 -0.071733 -0.000000 0.990263 -0.139211 0.000000 0.961568 0.274567 0.000000 0.997092 0.076210 0.000000 
-0.262990 0.964798 0.000000 -0.115076 -0.993357 -0.000000 -0.998375 -0.056983 -0.000000 0.962746 0.270407 0.000000 0.990201 -0.139650 0.000000 0.998405 0.056451 0.000000 
-0.263500 0.964659 0.000000 -0.115244 -0.993337 -0.000000 -0.998991 -0.044912 -0.000000 0.962201 0.272340 0.000000 0.990144 -0.140052 0.000000 0.999222 0.039449 0.000000 
-0.264914 0.964272 0.000000 -0.116031 -0.993246 -0.000000 -0.999517 -0.031065 -0.000000 0.961361 0.275290 0.000000 0.989991 -0.141133 0.000000 0.999795 0.020229 0.000000 
-0.269538 0.962990 0.000000 -0.118738 -0.992926 -0.000000 -0.999825 -0.018719 -0.000000 0.958235 0.285983 0.000000 0.989547 -0.144209 0.000000 0.999998 0.001797 0.000000 
-0.287392 0.957813 0.000000 -0.105956 -0.994371 -0.000000 -0.999880 -0.015474 -0.000000 0.950638 0.310302 0.000000 0.993128 -0.117035 0.000000 0.999931 -0.011769 0.000000 
-0.312311 0.949980 0.000000 -0.089030 -0.996029 -0.000000 -0.999990 0.004544 0.000000 0.942079 0.335390 0.000000 0.998545 -0.053920 0.000000 0.998682 -0.051330 0.000000 
-0.339134 0.940738 0.000000 -0.103284 -0.994652 -0.000000 0.932100 0.362202 0.000000 0.995739 -0.092218 0.000000 -0.998778 0.049424 0.000000 -0.999545 -0.030162 -0.000000 
-0.343547 0.939136 0.000000 -0.133483 -0.991051 -0.000000 0.930539 0.366193 0.000000 0.992498 -0.122262 0.000000 -0.996544 0.083067 0.000000 -0.998861 -0.047718 -0.000000 
-0.343516 0.939147 0.000000 -0.149513 -0.988760 -0.000000 0.930515 0.366253 0.000000 0.991538 -0.129818 0.000000 -0.995879 0.090687 0.000000 -0.999116 -0.042039 -0.000000 
-0.351694 0.936115 0.000000 -0.149253 -0.988799 -0.000000 0.927094 0.374829 0.000000 0.992101 -0.125443 0.000000 -0.996351 0.085353 0.000000 -0.999342 -0.036272 -0.000000 
-0.366511 0.930414 0.000000 -0.138759 -0.990326 -0.000000 0.920902 0.389795 0.000000 0.993396 -0.114734 0.000000 -0.997265 0.073909 0.000000 -0.999177 -0.040557 -0.000000 
-0.383382 0.923590 0.000000 -0.118237 -0.992985 -0.000000 0.913475 0.406895 0.000000 0.995306 -0.096782 0.000000 -0.998451 0.055634 0.000000 -0.998451 -0.055630 -0.000000 
-0.403195 0.915114 0.000000 -0.091741 -0.995783 -0.000000 0.904244 0.427017 0.000000 0.997309 -0.073308 0.000000 -0.999498 0.031688 0.000000 -0.997237 -0.074292 -0.000000 
-0.425462 0.904976 0.000000 -0.062982 -0.998015 -0.000000 0.893195 0.449669 0.000000 0.998888 -0.047141 0.000000 -0.999988 0.004807 0.000000 -0.995654 -0.093133 -0.000000 
-0.449899 0.893080 0.000000 -0.035307 -0.999377 -0.000000 0.880175 0.474649 0.000000 0.999776 -0.021173 0.000000 -0.999755 -0.022149 -0.000000 -0.993972 -0.109634 -0.000000 
-0.475701 0.879607 0.000000 -0.009411 -0.999956 -0.000000 0.865329 0.501204 0.000000 0.999994 0.003330 0.000000 -0.998855 -0.047841 -0.000000 -0.992385 -0.123177 -0.000000 
-0.498967 0.866621 0.000000 0.009694 -0.999953 0.000000 0.851007 0.525154 0.000000 0.999763 0.021771 0.000000 -0.997707 -0.067684 -0.000000 -0.991541 -0.129792 -0.000000 
-0.517650 0.855592 0.000000 0.025370 -0.999678 0.000000 0.840120 0.542400 0.000000 0.999377 0.035307 0.000000 -0.996613 -0.082239 -0.000000 -0.991267 -0.131872 -0.000000 
-0.533196 0.845992 0.000000 0.042615 -0.999092 0.000000 0.831039 0.556215 0.000000 0.998883 0.047261 0.000000 -0.995501 -0.094747 -0.000000 -0.991123 -0.132949 -0.000000 
-0.537306 0.843387 0.000000 0.059302 -0.998240 0.000000 0.828473 0.560029 0.000000 0.998411 0.056352 0.000000 -0.994585 -0.103928 -0.000000 -0.990469 -0.137734 -0.000000 
-0.538789 0.842441 0.000000 0.071166 -0.997464 0.000000 -0.990143 -0.140063 -0.000000 -0.994312 -0.106510 -0.000000 0.827330 0.561717 0.000000 0.998248 0.059161 0.000000 
-0.538776 0.842449 0.000000 0.079678 -0.996821 0.000000 -0.989933 -0.141540 -0.000000 -0.994601 -0.103770 -0.000000 0.827147 0.561985 0.000000 0.998370 0.057065 0.000000 
-0.538763 0.842457 0.000000 0.084128 -0.996455 0.000000 -0.990820 -0.135190 -0.000000 -0.995253 -0.097325 -0.000000 0.826932 0.562302 0.000000 0.998699 0.050992 0.000000 
-0.538752 0.842464 0.000000 0.086454 -0.996256 0.000000 -0.993307 -0.115500 -0.000000 -0.996015 -0.089183 -0.000000 0.826680 0.562672 0.000000 0.999103 0.042357 0.000000 
-0.538742 0.842471 0.000000 -0.996884 -0.078884 -0.000000 0.086672 -0.996237 0.000000 0.826381 0.563112 0.000000 0.999797 0.020164 0.000000 0.999503 0.031532 0.000000 
-0.542359 0.840147 0.000000 -0.997988 -0.063411 -0.000000 0.823531 0.567271 0.000000 0.999773 0.021315 0.000000 0.087092 -0.996200 0.000000 0.999088 -0.042689 0.000000 
-0.550648 0.834738 0.000000 -0.998909 -0.046701 -0.000000 0.817302 0.576209 0.000000 0.999932 0.011693 0.000000 0.092260 -0.995735 0.000000 
-0.555887 0.831258 0.000000 -0.999621 -0.027539 -0.000000 0.813003 0.582260 0.000000 1.000000 0.000186 0.000000 0.100449 -0.994942 0.000000 
-0.561424 0.827528 0.000000 -0.999988 -0.004971 -0.000000 0.808226 0.588872 0.000000 0.999906 -0.013682 0.000000 0.111428 -0.993773 0.000000 
-0.566206 0.824264 0.000000 -0.999711 0.024026 0.000000 0.803688 0.595051 0.000000 0.999473 -0.032472 0.000000 0.123244 -0.992376 0.000000 
-0.573859 0.818954 0.000000 -0.998029 0.062760 0.000000 0.796530 0.604599 0.000000 0.998361 -0.057236 0.000000 0.137122 -0.990554 0.000000 
-0.585492 0.810678 0.000000 -0.993234 0.116128 0.000000 0.785567 0.618776 0.000000 0.995892 -0.090544 0.000000 0.152120 -0.988362 0.000000 
-0.600321 0.799759 0.000000 -0.982365 0.186971 0.000000 0.770413 0.637546 0.000000 0.991238 -0.132086 0.000000 0.170700 -0.985323 0.000000 
-0.608935 0.793220 0.000000 -0.960026 0.279911 0.000000 0.755738 0.654874 0.000000 0.982242 -0.187619 0.000000 0.195213 -0.980761 0.000000 
-0.612266 0.790652 0.000000 -0.914618 0.404319 0.000000 0.738069 0.674725 0.000000 0.964037 -0.265770 0.000000 0.225857 -0.974161 0.000000 
-0.612253 0.790662 0.000000 -0.828814 0.559524 0.000000 0.928321 -0.371781 0.000000 -0.365832 -0.930681 -0.000000 0.260204 -0.965554 0.000000 
-0.381543 -0.924351 -0.000000 0.317865 -0.948136 0.000000 -0.612507 0.790465 0.000000 -0.707434 0.706780 0.000000 0.868282 -0.496071 0.000000 
-0.371662 -0.928368 -0.000000 0.362866 -0.931841 0.000000 -0.609665 0.792659 0.000000 -0.609103 0.793091 0.000000 0.805111 -0.593124 0.000000 
-0.544881 0.838513 0.000000 -0.360330 -0.932825 -0.000000 0.372174 -0.928163 0.000000 0.729488 -0.683994 0.000000 
-0.488006 0.872840 0.000000 -0.334642 -0.942345 -0.000000 0.399294 -0.916823 0.000000 0.651198 -0.758908 0.000000 
-0.302671 -0.953095 -0.000000 0.464818 -0.885406 0.000000 0.662748 -0.748843 0.000000 0.495005 -0.868890 0.000000 -0.460743 0.887534 0.000000 -0.447624 0.894222 0.000000 
-0.268444 -0.963295 -0.000000 0.705038 -0.709170 0.000000 0.428002 -0.903778 0.000000 -0.561921 0.827191 0.000000 -0.155999 0.987757 0.000000 -0.400390 0.916345 0.000000 
-0.241440 -0.970416 -0.000000 0.754556 -0.656236 0.000000 0.398529 -0.917156 0.000000 -0.674437 0.738332 0.000000 -0.148470 0.988917 0.000000 -0.373730 0.927538 0.000000 
0.802873 -0.596150 0.000000 -0.210166 -0.977666 -0.000000 0.394054 -0.919087 0.000000 -0.775197 0.631719 0.000000 -0.138047 0.990426 0.000000 -0.377476 0.926020 0.000000 
0.847439 -0.530892 0.000000 -0.186296 -0.982494 -0.000000 0.400177 -0.916438 0.000000 -0.860751 0.509026 0.000000 -0.137389 0.990517 0.000000 -0.391600 0.920135 0.000000 
0.879493 -0.475913 0.000000 -0.168093 -0.985771 -0.000000 0.404591 -0.914498 0.000000 -0.930768 0.365609 0.000000 -0.144083 0.989566 0.000000 -0.398994 0.916954 0.000000 
0.901981 -0.431775 0.000000 -0.975327 0.220765 0.000000 -0.158201 -0.987407 -0.000000 0.405293 -0.914187 0.000000 -0.150980 0.988537 0.000000 -0.400521 0.916287 0.000000 
-0.148896 -0.988853 -0.000000 0.911851 -0.410520 0.000000 0.400002 -0.916514 0.000000 -0.999281 0.037921 0.000000 -0.155829 0.987784 0.000000 -0.392828 0.919612 0.000000 
-0.149794 -0.988717 -0.000000 0.923146 -0.384449 0.000000 0.396266 -0.918136 0.000000 -0.984456 -0.175631 -0.000000 -0.161594 0.986857 0.000000 -0.386734 0.922191 0.000000 
-0.152858 -0.988248 -0.000000 0.946341 -0.323169 0.000000 0.400270 -0.916397 0.000000 -0.934136 -0.356918 -0.000000 -0.168711 0.985666 0.000000 -0.392614 0.919703 0.000000 
0.968981 -0.247137 0.000000 0.407261 -0.913312 0.000000 -0.401483 0.915866 0.000000 -0.176318 0.984333 0.000000 -0.858292 -0.513161 -0.000000 -0.154408 -0.988007 -0.000000 
0.984454 -0.175642 0.000000 0.413013 -0.910725 0.000000 -0.408678 0.912679 0.000000 -0.182225 0.983257 0.000000 -0.765306 -0.643667 -0.000000 -0.158793 -0.987312 -0.000000 
0.994759 -0.102250 0.000000 0.418131 -0.908387 0.000000 -0.414289 0.910146 0.000000 -0.187833 0.982201 0.000000 -0.675142 -0.737688 -0.000000 -0.163384 -0.986563 -0.000000 
0.999667 -0.025796 0.000000 0.423364 -0.905959 0.000000 -0.419864 0.907587 0.000000 -0.192883 0.981222 0.000000 -0.593420 -0.804893 -0.000000 -0.169903 -0.985461 -0.000000 
0.998625 0.052428 0.000000 0.428627 -0.903482 0.000000 -0.425472 0.904972 0.000000 -0.196991 0.980405 0.000000 -0.521920 -0.852995 -0.000000 -0.178758 -0.983893 -0.000000 
0.991469 0.130341 0.000000 0.433530 -0.901139 0.000000 -0.430776 0.902459 0.000000 -0.199852 0.979826 0.000000 -0.458867 -0.888505 -0.000000 -0.190848 -0.981620 -0.000000 
0.978297 0.207207 0.000000 0.437749 -0.899097 0.000000 -0.435400 0.900237 0.000000 -0.201475 0.979494 0.000000 -0.403021 -0.915191 -0.000000 -0.206916 -0.978359 -0.000000 
0.959185 0.282779 0.000000 0.441297 -0.897361 0.000000 -0.439330 0.898326 0.000000 -0.201868 0.979413 0.000000 -0.352986 -0.935629 -0.000000 -0.227475 -0.973784 -0.000000 
0.934010 0.357248 0.000000 0.444571 -0.895744 0.000000 -0.443019 0.896512 0.000000 -0.201078 0.979575 0.000000 -0.308891 -0.951097 -0.000000 -0.252586 -0.967574 -0.000000 
-0.446533 0.894767 0.000000 0.447674 -0.894197 0.000000 0.902794 0.430074 0.000000 -0.199094 0.979980 0.000000 -0.283350 -0.959017 -0.000000 -0.270192 -0.962806 -0.000000 
-0.449778 0.893141 0.000000 0.450529 -0.892762 0.000000 0.865806 0.500379 0.000000 -0.195767 0.980650 0.000000 -0.321633 -0.946864 -0.000000 -0.237126 -0.971479 -0.000000 
-0.452935 0.891544 0.000000 0.453303 -0.891357 0.000000 0.823472 0.567357 0.000000 -0.190881 0.981613 0.000000 -0.367812 -0.929900 -0.000000 -0.208589 -0.978003 -0.000000 
-0.456358 0.889796 0.000000 0.456272 -0.889841 0.000000 0.776576 0.630024 0.000000 -0.184081 0.982911 0.000000 -0.424029 -0.905649 -0.000000 -0.183819 -0.982960 -0.000000 
-0.458118 0.888892 0.000000 0.461587 -0.887095 0.000000 0.728392 0.685161 0.000000 -0.182264 0.983250 0.000000 -0.423325 -0.905978 -0.000000 -0.211106 -0.977463 -0.000000 
-0.493702 0.869631 0.000000 0.493760 -0.869598 0.000000 0.710701 0.703494 0.000000 -0.193677 0.981065 0.000000 -0.425302 -0.905052 -0.000000 -0.224880 -0.974386 -0.000000 
-0.545907 0.837846 0.000000 0.539948 -0.841698 0.000000 0.699828 0.714311 0.000000 -0.211996 0.977271 0.000000 -0.410882 -0.911689 -0.000000 -0.235391 -0.971901 -0.000000 
-0.611303 0.791397 0.000000 0.598466 -0.801148 0.000000 0.695901 0.718138 0.000000 -0.240366 0.970682 0.000000 -0.391388 -0.920226 -0.000000 -0.246491 -0.969145 -0.000000 
-0.687074 0.726588 0.000000 0.666986 -0.745070 0.000000 0.698706 0.715409 0.000000 -0.277028 0.960862 0.000000 -0.360209 -0.932872 -0.000000 -0.256941 -0.966427 -0.000000 
0.704287 0.709916 0.000000 0.742768 -0.669549 0.000000 -0.321519 0.946903 0.000000 -0.769185 0.639026 0.000000 -0.260186 -0.965559 -0.000000 
0.708818 0.705391 0.000000 0.818481 -0.574534 0.000000 -0.374927 0.927054 0.000000 -0.847123 0.531397 0.000000 -0.256545 -0.966532 -0.000000 
0.697762 0.716330 0.000000 0.886505 -0.462718 0.000000 -0.444287 0.895885 0.000000 -0.912576 0.408907 0.000000 -0.249048 -0.968491 -0.000000 
0.692097 0.721805 0.000000 0.928705 -0.370819 0.000000 -0.475684 0.879616 0.000000 -0.949479 0.313832 0.000000 -0.233571 -0.972340 -0.000000 
0.684691 0.728833 0.000000 0.943402 -0.331652 0.000000 -0.484363 0.874867 0.000000 -0.961819 0.273685 0.000000 -0.229003 -0.973426 -0.000000 
0.678792 0.734330 0.000000 0.945035 -0.326970 0.000000 -0.482456 0.875920 0.000000 -0.963680 0.267059 0.000000 -0.222247 -0.974990 -0.000000 
0.674878 0.737930 0.000000 0.938457 -0.345397 0.000000 -0.473128 0.880994 0.000000 -0.959259 0.282530 0.000000 -0.217219 -0.976123 -0.000000 
0.668138 0.744037 0.000000 0.931305 -0.364241 0.000000 -0.468338 0.883550 0.000000 -0.954422 0.298459 0.000000 -0.213008 -0.977051 -0.000000 
0.660212 0.751079 0.000000 0.927660 -0.373425 0.000000 -0.470051 0.882639 0.000000 -0.951535 0.307540 0.000000 -0.208437 -0.978036 -0.000000 
0.655732 0.754994 0.000000 0.925251 -0.379356 0.000000 -0.471957 0.881622 0.000000 -0.948960 0.315397 0.000000 -0.203644 -0.979045 -0.000000 
0.653356 0.757050 0.000000 0.920815 -0.389999 0.000000 -0.472553 0.881302 0.000000 -0.944296 0.329097 0.000000 -0.198484 -0.980104 -0.000000 
0.649608 0.760270 0.000000 0.911891 -0.410432 0.000000 -0.474089 0.880477 0.000000 -0.935608 0.353040 0.000000 -0.194968 -0.980810 -0.000000 
0.654571 0.756001 0.000000 0.902612 -0.430455 0.000000 -0.474756 0.880117 0.000000 -0.927059 0.374914 0.000000 -0.194551 -0.980892 -0.000000 
0.659582 0.751633 0.000000 0.895052 -0.445962 0.000000 -0.473733 0.880668 0.000000 -0.919942 0.392055 0.000000 -0.197726 -0.980257 -0.000000 
0.658765 0.752349 0.000000 0.893269 -0.449522 0.000000 -0.473500 0.880794 0.000000 -0.918371 0.395720 0.000000 -0.197551 -0.980293 -0.000000 
0.657635 0.753337 0.000000 0.894347 -0.447374 0.000000 -0.472829 0.881154 0.000000 -0.919374 0.393385 0.000000 -0.196782 -0.980447 -0.000000 
0.656538 0.754293 0.000000 0.896367 -0.443312 0.000000 -0.472205 0.881489 0.000000 -0.921438 0.388525 0.000000 -0.197301 -0.980343 -0.000000 
0.657444 0.753503 0.000000 0.899832 -0.436236 0.000000 -0.473121 0.880997 0.000000 -0.924727 0.380631 0.000000 -0.198611 -0.980078 -0.000000 
0.659171 0.751993 0.000000 0.903083 -0.429466 0.000000 -0.474359 0.880332 0.000000 -0.927561 0.373672 0.000000 -0.199091 -0.979981 -0.000000 
0.660384 0.750928 0.000000 0.903700 -0.428167 0.000000 -0.474676 0.880161 0.000000 -0.928088 0.372361 0.000000 -0.200257 -0.979743 -0.000000 
0.661435 0.750002 0.000000 0.902671 -0.430330 0.000000 -0.474525 0.880242 0.000000 -0.927172 0.374636 0.000000 -0.201958 -0.979394 -0.000000 
0.662651 0.748928 0.000000 0.901472 -0.432838 0.000000 -0.474379 0.880321 0.000000 -0.926015 0.377487 0.000000 -0.203354 -0.979105 -0.000000 
0.662667 0.748914 0.000000 0.900862 -0.434105 0.000000 -0.474034 0.880506 0.000000 -0.925502 0.378743 0.000000 -0.203666 -0.979041 -0.000000 
0.662661 0.748919 0.000000 0.900836 -0.434160 0.000000 -0.474009 0.880520 0.000000 -0.925478 0.378802 0.000000 -0.203666 -0.979041 -0.000000 
0.662666 0.748915 0.000000 0.900815 -0.434203 0.000000 -0.473986 0.880532 0.000000 -0.925458 0.378851 0.000000 -0.203667 -0.979040 -0.000000 
0.662668 0.748914 0.000000 0.900802 -0.434230 0.000000 -0.473970 0.880541 0.000000 -0.925446 0.378880 0.000000 -0.203667 -0.979040 -0.000000 
0.662668 0.748913 0.000000 0.900800 -0.434235 0.000000 -0.473966 0.880543 0.000000 -0.925443 0.378886 0.000000 -0.203667 -0.979040 -0.000000 
0.662667 0.748914 0.000000 0.900801 -0.434233 0.000000 -0.473966 0.880543 0.000000 -0.925444 0.378884 0.000000 -0.203667 -0.979040 -0.000000 
0.662667 0.748914 0.000000 0.900801 -0.434231 0.000000 -0.473966 0.880543 0.000000 -0.925445 0.378881 0.000000 -0.203668 -0.979040 -0.000000 
0.662667 0.748915 0.000000 0.900802 -0.434230 0.000000 -0.473966 0.880543 0.000000 -0.925446 0.378880 0.000000 -0.203668 -0.979040 -0.000000 
0.662666 0.748915 0.000000 0.900803 -0.434228 0.000000 -0.473965 0.880544 0.000000 -0.925447 0.378878 0.000000 -0.203668 -0.979040 -0.000000 
0.662666 0.748915 0.000000 0.900803 -0.434227 0.000000 -0.473966 0.880543 0.000000 -0.925447 0.378877 0.000000 -0.203669 -0.979040 -0.000000 
0.662666 0.748915 0.000000 0.900804 -0.434226 0.000000 -0.473965 0.880544 0.000000 -0.925448 0.378875 0.000000 -0.203670 -0.979040 -0.000000 
0.662666 0.748915 0.000000 0.900804 -0.434226 0.000000 -0.473965 0.880544 0.000000 -0.925448 0.378874 0.000000 -0.203670 -0.979040 -0.000000 
0.662666 0.748915 0.000000 0.900805 -0.434225 0.000000 -0.473965 0.880544 0.000000 -0.925448 0.378874 0.000000 -0.203671 -0.979039 -0.000000 
0.662666 0.748915 0.000000 0.900805 -0.434225 0.000000 -0.473964 0.880544 0.000000 -0.925449 0.378873 0.000000 -0.203672 -0.979039 -0.000000 
0.662666 0.748915 0.000000 0.900804 -0.434225 0.000000 -0.473963 0.880545 0.000000 -0.925448 0.378874 0.000000 -0.203673 -0.979039 -0.000000 
0.662667 0.748914 0.000000 0.900803 -0.434228 0.000000 -0.473963 0.880545 0.000000 -0.925447 0.378877 0.000000 -0.203677 -0.979038 -0.000000 
0.662667 0.748914 0.000000 0.900800 -0.434235 0.000000 -0.473963 0.880545 0.000000 -0.925444 0.378883 0.000000 -0.203682 -0.979037 -0.000000 
0.662667 0.748915 0.000000 0.900795 -0.434245 0.000000 -0.473962 0.880545 0.000000 -0.925440 0.378894 0.000000 -0.203690 -0.979036 -0.000000 
0.662667 0.748914 0.000000 0.900787 -0.434261 0.000000 -0.473959 0.880547 0.000000 -0.925433 0.378912 0.000000 -0.203700 -0.979033 -0.000000 
0.662665 0.748916 0.000000 0.900764 -0.434309 0.000000 -0.473957 0.880548 0.000000 -0.925413 0.378961 0.000000 -0.203733 -0.979027 -0.000000 
0.662662 0.748918 0.000000 0.900722 -0.434395 0.000000 -0.473955 0.880549 0.000000 -0.925375 0.379052 0.000000 -0.203794 -0.979014 -0.000000 
0.662658 0.748922 0.000000 0.900674 -0.434496 0.000000 -0.473953 0.880550 0.000000 -0.925332 0.379157 0.000000 -0.203865 -0.978999 -0.000000 
0.662655 0.748925 0.000000 0.900629 -0.434589 0.000000 -0.473952 0.880551 0.000000 -0.925292 0.379255 0.000000 -0.203930 -0.978985 -0.000000 
0.662652 0.748927 0.000000 0.900591 -0.434668 0.000000 -0.473950 0.880552 0.000000 -0.925258 0.379338 0.000000 -0.203986 -0.978974 -0.000000 
0.662649 0.748930 0.000000 0.900556 -0.434740 0.000000 -0.473949 0.880552 0.000000 -0.925227 0.379413 0.000000 -0.204037 -0.978963 -0.000000 
0.662647 0.748932 0.000000 0.900522 -0.434811 0.000000 -0.473949 0.880552 0.000000 -0.925197 0.379488 0.000000 -0.204090 -0.978952 -0.000000 
0.662643 0.748935 0.000000 0.900487 -0.434883 0.000000 -0.473948 0.880553 0.000000 -0.925166 0.379564 0.000000 -0.204144 -0.978941 -0.000000 
0.662640 0.748938 0.000000 0.900452 -0.434956 0.000000 -0.473949 0.880552 0.000000 -0.925135 0.379639 0.000000 -0.204198 -0.978930 -0.000000 
0.662637 0.748941 0.000000 0.900417 -0.435028 0.000000 -0.473950 0.880552 0.000000 -0.925104 0.379715 0.000000 -0.204252 -0.978918 -0.000000 
0.662634 0.748943 0.000000 0.900382 -0.435099 0.000000 -0.473951 0.880551 0.000000 -0.925073 0.379789 0.000000 -0.204305 -0.978907 -0.000000 
0.662631 0.748946 0.000000 0.900347 -0.435172 0.000000 -0.473951 0.880551 0.000000 -0.925042 0.379865 0.000000 -0.204358 -0.978896 -0.000000 
0.662629 0.748948 0.000000 0.900312 -0.435245 0.000000 -0.473950 0.880552 0.000000 -0.925010 0.379943 0.000000 -0.204411 -0.978885 -0.000000 
0.662626 0.748950 0.000000 0.900275 -0.435321 0.000000 -0.473949 0.880552 0.000000 -0.924977 0.380022 0.000000 -0.204465 -0.978874 -0.000000 
0.662623 0.748953 0.000000 0.900238 -0.435397 0.000000 -0.473948 0.880553 0.000000 -0.924945 0.380102 0.000000 -0.204520 -0.978862 -0.000000 
0.662620 0.748955 0.000000 0.900202 -0.435473 0.000000 -0.473946 0.880554 0.000000 -0.924912 0.380181 0.000000 -0.204574 -0.978851 -0.000000 
0.662618 0.748958 0.000000 0.900166 -0.435548 0.000000 -0.473945 0.880555 0.000000 -0.924880 0.380260 0.000000 -0.204627 -0.978840 -0.000000 
0.662615 0.748960 0.000000 0.900130 -0.435621 0.000000 -0.473945 0.880555 0.000000 -0.924848 0.380337 0.000000 -0.204680 -0.978829 -0.000000 
0.662612 0.748963 0.000000 0.900095 -0.435693 0.000000 -0.473944 0.880555 0.000000 -0.924817 0.380412 0.000000 -0.204732 -0.978818 -0.000000 
0.662609 0.748965 0.000000 0.900061 -0.435764 0.000000 -0.473945 0.880555 0.000000 -0.924786 0.380487 0.000000 -0.204785 -0.978807 -0.000000 
0.662607 0.748968 0.000000 0.900027 -0.435833 0.000000 -0.473945 0.880555 0.000000 -0.924756 0.380560 0.000000 -0.204836 -0.978796 -0.000000 
0.662603 0.748970 0.000000 0.899994 -0.435903 0.000000 -0.473944 0.880555 0.000000 -0.924726 0.380632 0.000000 -0.204887 -0.978786 -0.000000 
0.662601 0.748973 0.000000 0.899959 -0.435975 0.000000 -0.473944 0.880555 0.000000 -0.924693 0.380713 0.000000 -0.204937 -0.978775 -0.000000 
0.662595 0.748978 0.000000 0.899897 -0.436102 0.000000 -0.473945 0.880555 0.000000 -0.924639 0.380845 0.000000 -0.205031 -0.978755 -0.000000 
0.662594 0.748979 0.000000 0.899871 -0.436156 0.000000 -0.473943 0.880555 0.000000 -0.924615 0.380902 0.000000 -0.205069 -0.978748 -0.000000 
0.662593 0.748979 0.000000 0.899854 -0.436191 0.000000 -0.473940 0.880557 0.000000 -0.924600 0.380939 0.000000 -0.205092 -0.978743 -0.000000 
0.662592 0.748981 0.000000 0.899827 -0.436246 0.000000 -0.473939 0.880558 0.000000 -0.924576 0.380997 0.000000 -0.205131 -0.978735 -0.000000 
0.662588 0.748984 0.000000 0.899791 -0.436322 0.000000 -0.473939 0.880558 0.000000 -0.924543 0.381077 0.000000 -0.205187 -0.978723 -0.000000 
0.662585 0.748987 0.000000 0.899752 -0.436402 0.000000 -0.473940 0.880557 0.000000 -0.924509 0.381161 0.000000 -0.205246 -0.978710 -0.000000 
0.662582 0.748989 0.000000 0.899717 -0.436474 0.000000 -0.473940 0.880557 0.000000 -0.924478 0.381236 0.000000 -0.205298 -0.978699 -0.000000 
0.662580 0.748991 0.000000 0.899685 -0.436539 0.000000 -0.473939 0.880558 0.000000 -0.924450 0.381304 0.000000 -0.205346 -0.978690 -0.000000 
0.662578 0.748993 0.000000 0.899654 -0.436603 0.000000 -0.473939 0.880558 0.000000 -0.924422 0.381371 0.000000 -0.205392 -0.978680 -0.000000 
0.662575 0.748996 0.000000 0.899622 -0.436669 0.000000 -0.473939 0.880558 0.000000 -0.924393 0.381441 0.000000 -0.205441 -0.978670 -0.000000 
0.662572 0.748998 0.000000 0.899589 -0.436737 0.000000 -0.473939 0.880558 0.000000 -0.924364 0.381512 0.000000 -0.205490 -0.978659 -0.000000 
0.662570 0.749000 0.000000 0.899557 -0.436804 0.000000 -0.473939 0.880558 0.000000 -0.924335 0.381582 0.000000 -0.205538 -0.978649 -0.000000 
0.662567 0.749003 0.000000 0.899525 -0.436869 0.000000 -0.473937 0.880559 0.000000 -0.924307 0.381651 0.000000 -0.205586 -0.978639 -0.000000 
0.662565 0.749005 0.000000 0.899494 -0.436934 0.000000 -0.473937 0.880559 0.000000 -0.924278 0.381719 0.000000 -0.205633 -0.978629 -0.000000 
0.662562 0.749007 0.000000 0.899462 -0.436999 0.000000 -0.473937 0.880559 0.000000 -0.924250 0.381788 0.000000 -0.205680 -0.978619 -0.000000 
0.662560 0.749009 0.000000 0.899430 -0.437065 0.000000 -0.473936 0.880559 0.000000 -0.924222 0.381856 0.000000 -0.205727 -0.978609 -0.000000 
0.662557 0.749011 0.000000 0.899399 -0.437129 0.000000 -0.473936 0.880559 0.000000 -0.924194 0.381924 0.000000 -0.205775 -0.978599 -0.000000 
0.662555 0.749013 0.000000 0.899368 -0.437193 0.000000 -0.473935 0.880560 0.000000 -0.924166 0.381991 0.000000 -0.205821 -0.978590 -0.000000 
0.662553 0.749015 0.000000 0.899337 -0.437256 0.000000 -0.473935 0.880560 0.000000 -0.924139 0.382057 0.000000 -0.205867 -0.978580 -0.000000 
0.662550 0.749017 0.000000 0.899306 -0.437319 0.000000 -0.473934 0.880560 0.000000 -0.924111 0.382123 0.000000 -0.205913 -0.978570 -0.000000 
0.662548 0.749019 0.000000 0.899276 -0.437382 0.000000 -0.473935 0.880560 0.000000 -0.924084 0.382190 0.000000 -0.205959 -0.978561 -0.000000 
0.662541 0.749026 0.000000 0.899218 -0.437502 0.000000 -0.473935 0.880560 0.000000 -0.924030 0.382321 0.000000 -0.206043 -0.978543 -0.000000 
0.662486 0.749075 0.000000 0.899125 -0.437691 0.000000 -0.473979 0.880536 0.000000 -0.923928 0.382566 0.000000 -0.206162 -0.978518 -0.000000 
0.662468 0.749090 0.000000 0.899037 -0.437872 0.000000 -0.473973 0.880539 0.000000 -0.923834 0.382793 0.000000 -0.206357 -0.978477 -0.000000 
0.662466 0.749092 0.000000 0.898997 -0.437954 0.000000 -0.473971 0.880540 0.000000 -0.923798 0.382880 0.000000 -0.206414 -0.978465 -0.000000 
0.662467 0.749091 0.000000 0.898996 -0.437958 0.000000 -0.473970 0.880541 0.000000 -0.923796 0.382885 0.000000 -0.206419 -0.978464 -0.000000 
0.662467 0.749091 0.000000 0.898994 -0.437961 0.000000 -0.473971 0.880540 0.000000 -0.923794 0.382891 0.000000 -0.206445 -0.978458 -0.000000 
0.662467 0.749091 0.000000 0.898989 -0.437972 0.000000 -0.473971 0.880540 0.000000 -0.923787 0.382906 0.000000 -0.206486 -0.978449 -0.000000 
0.662466 0.749092 0.000000 0.898969 -0.438012 0.000000 -0.473974 0.880539 0.000000 -0.923769 0.382951 0.000000 -0.206549 -0.978436 -0.000000 
0.662430 0.749124 0.000000 0.898916 -0.438122 0.000000 -0.474000 0.880525 0.000000 -0.923688 0.383145 0.000000 -0.206688 -0.978407 -0.000000 
