0.838740 -0.544530 -0.001901 0.540870 0.841105 -0.001406 -0.559491 -0.828835 0.001449 -0.842054 0.539390 0.001910 
0.838807 -0.544429 -0.000749 0.540769 0.841170 -0.001540 -0.559392 -0.828902 0.001557 -0.842121 0.539288 0.000758 
0.839166 -0.543847 0.005591 0.540210 0.841522 -0.003797 -0.558841 -0.829267 0.003672 -0.842476 0.538705 -0.005568 
0.839178 -0.543839 0.004380 0.540194 0.841533 -0.003457 -0.558827 -0.829278 0.003359 -0.842488 0.538697 -0.004359 
0.839179 -0.543841 0.003971 0.540193 0.841536 -0.003151 -0.558825 -0.829280 0.003062 -0.842489 0.538698 -0.003951 
0.839008 -0.544114 0.002568 0.540460 0.841352 -0.005431 -0.559087 -0.829092 0.005373 -0.842320 0.538972 -0.002535 
0.838435 -0.544947 0.007686 0.541339 0.840770 -0.007533 -0.559954 -0.828491 0.007361 -0.841753 0.539809 -0.007640 
0.838233 -0.545254 0.007925 0.541651 0.840566 -0.007982 -0.560262 -0.828279 0.007804 -0.841552 0.540118 -0.007876 
0.838069 -0.545551 0.003804 0.541910 0.840409 -0.006894 -0.560516 -0.828115 0.006808 -0.841390 0.540416 -0.003761 
0.837989 -0.545657 0.005660 0.542032 0.840313 -0.008713 -0.560636 -0.828018 0.008586 -0.841311 0.540522 -0.005607 
0.837821 -0.545939 0.002570 0.542283 0.840147 -0.009092 -0.560885 -0.827845 0.009034 -0.841144 0.540805 -0.002514 
0.837437 -0.546534 0.000202 0.542829 0.839724 -0.014194 -0.561422 -0.827408 0.014188 -0.840764 0.541403 -0.000115 
0.837188 -0.546912 -0.001960 0.543168 0.839477 -0.015739 -0.561755 -0.827153 0.015780 -0.840516 0.541783 0.002057 
0.837188 -0.546913 -0.001770 0.543185 0.839491 -0.014317 -0.561771 -0.827168 0.014355 -0.840517 0.541782 0.001857 
0.837037 -0.547140 -0.002638 0.543399 0.839346 -0.014674 -0.561982 -0.827018 0.014730 -0.840367 0.542010 0.002728 
0.837038 -0.547140 -0.002394 0.543408 0.839351 -0.014094 -0.561991 -0.827023 0.014145 -0.840368 0.542010 0.002480 
0.837038 -0.547140 -0.002177 0.543401 0.839339 -0.015020 -0.561985 -0.827010 0.015066 -0.840368 0.542011 0.002269 
0.837038 -0.547142 -0.001987 0.543385 0.839313 -0.016934 -0.561968 -0.826985 0.016976 -0.840368 0.542012 0.002090 
0.837037 -0.547143 -0.001823 0.543359 0.839274 -0.019512 -0.561943 -0.826945 0.019550 -0.840367 0.542014 0.001942 
0.836967 -0.547251 -0.001878 0.543435 0.839164 -0.021941 -0.562018 -0.826833 0.021979 -0.840297 0.542123 0.002012 
0.836445 -0.548044 -0.002773 0.544183 0.838621 -0.024058 -0.562753 -0.826273 0.024117 -0.839780 0.542919 0.002921 
0.835699 -0.549170 -0.004449 0.545249 0.837874 -0.025901 -0.563803 -0.825500 0.025996 -0.839040 0.544050 0.004608 
0.834721 -0.550634 -0.006633 0.546645 0.836913 -0.027488 -0.565175 -0.824508 0.027631 -0.838071 0.545519 0.006801 
0.833703 -0.552148 -0.008504 0.548096 0.835917 -0.028868 -0.566605 -0.823477 0.029053 -0.837062 0.547040 0.008680 
0.832640 -0.553724 -0.010004 0.549618 0.834875 -0.030049 -0.568102 -0.822402 0.030267 -0.836009 0.548622 0.010188 
0.831535 -0.555360 -0.011144 0.551211 0.833788 -0.031037 -0.569669 -0.821278 0.031281 -0.834914 0.550264 0.011334 
0.830390 -0.557054 -0.011931 0.552873 0.832657 -0.031838 -0.571305 -0.820110 0.032100 -0.833779 0.551966 0.012125 
0.829202 -0.558812 -0.012380 0.554608 0.831478 -0.032455 -0.573016 -0.818891 0.032726 -0.832601 0.553731 0.012579 
0.827963 -0.560643 -0.012522 0.556430 0.830243 -0.032885 -0.574809 -0.817616 0.033159 -0.831373 0.555570 0.012723 
0.826668 -0.562554 -0.012363 0.558342 0.828949 -0.033131 -0.576692 -0.816278 0.033401 -0.830089 0.557489 0.012566 
0.825319 -0.564542 -0.011896 0.560344 0.827595 -0.033191 -0.578663 -0.814880 0.033452 -0.828752 0.559485 0.012099 
0.823920 -0.566597 -0.011101 0.562424 0.826187 -0.033069 -0.580712 -0.813427 0.033311 -0.827367 0.561548 0.011303 
0.822478 -0.568710 -0.009953 0.564575 0.824731 -0.032762 -0.582831 -0.811924 0.032979 -0.825938 0.563670 0.010153 
0.820995 -0.570874 -0.008431 0.566791 0.823229 -0.032269 -0.585014 -0.810374 0.032452 -0.824467 0.565844 0.008629 
0.819467 -0.573089 -0.006523 0.569071 0.821681 -0.031586 -0.587258 -0.808778 0.031727 -0.822955 0.568067 0.006716 
0.817891 -0.575357 -0.004217 0.571417 0.820085 -0.030706 -0.589569 -0.807130 0.030795 -0.821393 0.570346 0.004405 
0.816267 -0.577672 -0.001626 0.573820 0.818446 -0.029622 -0.591936 -0.805439 0.029654 -0.819783 0.572671 0.001807 
0.816246 -0.577703 -0.001471 0.573875 0.818447 -0.028495 -0.591989 -0.805441 0.028523 -0.819762 0.572701 0.001645 
0.816242 -0.577708 -0.001333 0.573908 0.818474 -0.027016 -0.592022 -0.805468 0.027041 -0.819759 0.572706 0.001498 
0.816241 -0.577710 -0.001211 0.573940 0.818506 -0.025303 -0.592056 -0.805499 0.025326 -0.819758 0.572709 0.001366 
0.816241 -0.577711 -0.001099 0.573972 0.818541 -0.023380 -0.592088 -0.805534 0.023401 -0.819758 0.572709 0.001242 
0.816241 -0.577711 -0.000991 0.574003 0.818578 -0.021236 -0.592119 -0.805570 0.021255 -0.819758 0.572709 0.001121 
0.816242 -0.577710 -0.000886 0.574034 0.818614 -0.018857 -0.592148 -0.805608 0.018874 -0.819759 0.572707 0.001002 
0.816243 -0.577709 -0.000782 0.574062 0.818651 -0.016230 -0.592177 -0.805644 0.016245 -0.819760 0.572706 0.000882 
0.816243 -0.577708 -0.000678 0.574089 0.818684 -0.013341 -0.592203 -0.805678 0.013354 -0.819761 0.572705 0.000759 
0.816244 -0.577708 -0.000572 0.574113 0.818713 -0.010170 -0.592227 -0.805707 0.010181 -0.819762 0.572704 0.000634 
0.816244 -0.577707 -0.000477 0.574131 0.818736 -0.006698 -0.592246 -0.805729 0.006707 -0.819762 0.572705 0.000518 
0.816244 -0.577707 -0.000398 0.574138 0.818745 -0.004652 -0.592254 -0.805738 0.004660 -0.819762 0.572704 0.000427 
0.816244 -0.577707 -0.000266 0.574142 0.818747 -0.003746 -0.592257 -0.805740 0.003751 -0.819762 0.572704 0.000289 
0.816243 -0.577708 0.000860 0.574147 0.818747 -0.002872 -0.592262 -0.805740 0.002852 -0.819761 0.572705 -0.000843 
0.816277 -0.577660 0.001413 0.574101 0.818781 -0.002330 -0.592217 -0.805776 0.002298 -0.819794 0.572656 -0.001399 
0.816277 -0.577659 0.001235 0.574100 0.818783 -0.002089 -0.592217 -0.805776 0.002061 -0.819794 0.572657 -0.001222 
0.816277 -0.577660 0.001075 0.574101 0.818782 -0.001862 -0.592217 -0.805777 0.001838 -0.819794 0.572657 -0.001064 
0.816277 -0.577660 0.000932 0.574101 0.818783 -0.001648 -0.592215 -0.805778 0.001627 -0.819795 0.572657 -0.000922 
0.816277 -0.577660 0.000808 0.574100 0.818784 -0.001440 -0.592217 -0.805778 0.001422 -0.819795 0.572657 -0.000799 
0.816262 -0.577681 -0.000250 0.574120 0.818769 -0.001692 -0.592235 -0.805764 0.001697 -0.819781 0.572678 0.000260 
0.816685 -0.577084 0.000769 0.573519 0.819189 0.002293 -0.591644 -0.806196 -0.002310 -0.820199 0.572078 -0.000783 
0.817061 -0.576531 0.004768 0.572944 0.819577 0.005429 -0.591078 -0.806595 -0.005535 -0.820572 0.571524 -0.004801 
0.817064 -0.576531 0.004305 0.572949 0.819577 0.004916 -0.591080 -0.806597 -0.005012 -0.820575 0.571522 -0.004335 
0.817066 -0.576531 0.003893 0.572952 0.819577 0.004474 -0.591084 -0.806597 -0.004560 -0.820577 0.571522 -0.003920 
0.817068 -0.576531 0.003526 0.572954 0.819577 0.004092 -0.591087 -0.806597 -0.004170 -0.820579 0.571522 -0.003551 
0.817069 -0.576531 0.003201 0.572956 0.819578 0.003771 -0.591089 -0.806597 -0.003842 -0.820580 0.571522 -0.003224 
0.817071 -0.576530 0.002912 0.572956 0.819578 0.003539 -0.591090 -0.806597 -0.003604 -0.820581 0.571523 -0.002934 
0.817071 -0.576531 0.002662 0.572958 0.819577 0.003573 -0.591092 -0.806596 -0.003632 -0.820582 0.571523 -0.002683 
0.817071 -0.576532 0.002439 0.572954 0.819574 0.004690 -0.591087 -0.806594 -0.004744 -0.820582 0.571524 -0.002468 
0.817071 -0.576533 0.002241 0.572946 0.819566 0.006694 -0.591080 -0.806585 -0.006743 -0.820581 0.571526 -0.002282 
0.817069 -0.576536 0.002063 0.572933 0.819549 0.009332 -0.591065 -0.806570 -0.009377 -0.820581 0.571527 -0.002120 
0.817069 -0.576537 0.001906 0.572914 0.819529 0.011907 -0.591047 -0.806549 -0.011948 -0.820579 0.571529 -0.001979 
0.817068 -0.576539 0.001768 0.572897 0.819503 0.014296 -0.591029 -0.806523 -0.014333 -0.820579 0.571531 -0.001855 
0.817067 -0.576540 0.001639 0.572876 0.819476 0.016510 -0.591009 -0.806496 -0.016544 -0.820578 0.571532 -0.001740 
0.817067 -0.576541 0.001512 0.572855 0.819446 0.018561 -0.590989 -0.806465 -0.018592 -0.820577 0.571534 -0.001626 
0.817066 -0.576542 0.001397 0.572835 0.819415 0.020467 -0.590968 -0.806434 -0.020495 -0.820577 0.571535 -0.001523 
0.817066 -0.576543 0.001293 0.572813 0.819384 0.022244 -0.590947 -0.806403 -0.022269 -0.820576 0.571536 -0.001429 
0.817065 -0.576544 0.001197 0.572792 0.819352 0.023902 -0.590926 -0.806371 -0.023925 -0.820575 0.571537 -0.001343 
0.817065 -0.576544 0.001109 0.572771 0.819320 0.025449 -0.590905 -0.806339 -0.025470 -0.820575 0.571538 -0.001264 
0.817497 -0.575933 0.000998 0.572265 0.819881 0.017535 -0.590408 -0.806914 -0.017554 -0.821003 0.570923 -0.001105 
0.817501 -0.575927 0.000872 0.572337 0.819980 0.007876 -0.590480 -0.807013 -0.007895 -0.821008 0.570916 -0.000921 
0.817504 -0.575922 0.000460 0.572346 0.819996 0.005098 -0.590490 -0.807029 -0.005107 -0.821011 0.570912 -0.000492 
0.817557 -0.575848 -0.000176 0.572280 0.820054 0.002661 -0.590424 -0.807089 -0.002657 -0.821064 0.570836 0.000160 
0.817535 -0.575879 0.000332 0.572310 0.820034 0.002406 -0.590455 -0.807067 -0.002413 -0.821041 0.570869 -0.000347 
0.817534 -0.575880 0.000286 0.572311 0.820034 0.002116 -0.590455 -0.807067 -0.002122 -0.821041 0.570869 -0.000299 
0.817533 -0.575882 0.000252 0.572313 0.820032 0.002334 -0.590457 -0.807066 -0.002339 -0.821040 0.570871 -0.000266 
0.817533 -0.575882 0.000197 0.572305 0.820022 0.005599 -0.590449 -0.807056 -0.005602 -0.821040 0.570871 -0.000232 
0.817534 -0.575880 0.000141 0.572267 0.819971 0.012585 -0.590412 -0.807004 -0.012586 -0.821040 0.570870 -0.000218 
0.817888 -0.575377 0.000076 0.571702 0.820236 0.019257 -0.589854 -0.807281 -0.019256 -0.821391 0.570365 -0.000193 
0.817840 -0.575446 0.000065 0.571763 0.820175 0.019981 -0.589913 -0.807219 -0.019979 -0.821344 0.570434 -0.000188 
0.817532 -0.575883 0.000032 0.572224 0.819904 0.017828 -0.590370 -0.806936 -0.017826 -0.821038 0.570873 -0.000141 
0.817259 -0.576270 -0.000043 0.572659 0.819694 0.012785 -0.590796 -0.806720 -0.012782 -0.820768 0.571261 -0.000035 
0.817259 -0.576270 -0.000006 0.572663 0.819703 0.012004 -0.590801 -0.806728 -0.012002 -0.820768 0.571261 -0.000067 
0.817260 -0.576269 0.000001 0.572656 0.819694 0.012960 -0.590794 -0.806719 -0.012958 -0.820769 0.571261 -0.000080 
0.817260 -0.576269 0.000001 0.572615 0.819634 0.017648 -0.590752 -0.806660 -0.017646 -0.820769 0.571260 -0.000109 
0.817260 -0.576269 0.000001 0.572598 0.819613 0.019115 -0.590736 -0.806638 -0.019112 -0.820769 0.571260 -0.000118 
0.817260 -0.576270 0.000005 0.572602 0.819615 0.018939 -0.590739 -0.806640 -0.018936 -0.820768 0.571261 -0.000121 
0.817259 -0.576270 0.000013 0.572634 0.819661 0.015674 -0.590773 -0.806686 -0.015672 -0.820768 0.571261 -0.000108 
0.817259 -0.576270 0.000028 0.572643 0.819675 0.014553 -0.590782 -0.806700 -0.014551 -0.820768 0.571261 -0.000117 
0.817259 -0.576270 0.000046 0.572639 0.819667 0.015162 -0.590776 -0.806693 -0.015161 -0.820768 0.571261 -0.000139 
0.817259 -0.576270 0.000069 0.572615 0.819636 0.017572 -0.590754 -0.806661 -0.017571 -0.820768 0.571262 -0.000177 
0.817259 -0.576271 0.000093 0.572593 0.819603 0.019712 -0.590729 -0.806629 -0.019711 -0.820768 0.571262 -0.000214 
0.817259 -0.576271 0.000120 0.572560 0.819558 0.022367 -0.590698 -0.806583 -0.022366 -0.820767 0.571263 -0.000257 
0.817258 -0.576272 0.000146 0.572543 0.819534 0.023651 -0.590681 -0.806559 -0.023650 -0.820766 0.571264 -0.000290 
0.817193 -0.576364 0.000175 0.572621 0.819449 0.024666 -0.590757 -0.806472 -0.024666 -0.820701 0.571357 -0.000326 
0.817196 -0.576360 0.000203 0.572619 0.819457 0.024452 -0.590755 -0.806480 -0.024453 -0.820705 0.571352 -0.000352 
-0.822081 0.569371 -0.000376 0.950796 -0.309263 0.018544 -0.286432 -0.958086 0.005208 -0.757597 -0.652616 -0.011832 0.570589 0.820762 0.027886 0.717122 0.696709 -0.018247 
-0.824106 0.566436 -0.000395 0.950965 -0.308616 0.020541 -0.285794 -0.958279 0.004807 -0.756783 -0.653539 -0.012941 0.567608 0.822724 0.030762 0.716909 0.696886 -0.019784 
-0.826817 0.562469 -0.001619 0.951855 -0.305652 0.023423 -0.282845 -0.959152 0.005137 -0.755562 -0.654959 -0.012463 0.563635 0.825485 0.029843 0.716309 0.697453 -0.021465 
-0.830025 0.557716 -0.003494 0.953323 -0.300874 0.025511 -0.278094 -0.960530 0.006810 -0.754025 -0.656743 -0.011617 0.558884 0.828780 0.027789 0.715411 0.698340 -0.022534 
-0.833493 0.552503 -0.005464 0.955094 -0.295052 0.027189 -0.272295 -0.962175 0.008661 -0.752361 -0.658668 -0.010512 0.553687 0.832343 0.025221 0.714424 0.699324 -0.023335 
-0.837329 0.546656 -0.006892 0.957047 -0.288564 0.028144 -0.265827 -0.963960 0.010812 -0.750506 -0.660800 -0.009187 0.547881 0.836263 0.022162 0.713313 0.700429 -0.024163 
-0.841224 0.540634 -0.007586 0.959113 -0.281584 0.028509 -0.258860 -0.965825 0.013157 -0.748583 -0.662997 -0.007663 0.541920 0.840226 0.018518 0.712114 0.701612 -0.025171 
-0.844955 0.534782 -0.007688 0.961116 -0.274673 0.028459 -0.251964 -0.967606 0.015890 -0.746724 -0.665108 -0.005897 0.536137 0.844009 0.014324 0.710949 0.702742 -0.026554 
-0.848393 0.529317 -0.007249 0.962957 -0.268182 0.028135 -0.245500 -0.969205 0.019289 -0.744998 -0.667055 -0.003970 0.530740 0.847478 0.009770 0.709867 0.703758 -0.028541 
-0.851486 0.524340 -0.006321 0.964586 -0.262346 0.027366 -0.239711 -0.970541 0.024253 -0.743374 -0.668873 -0.001906 0.525818 0.850583 0.004936 0.708812 0.704697 -0.031430 
-0.853999 0.520255 -0.004541 0.966005 -0.257120 0.026902 -0.234553 -0.971634 0.030191 -0.741607 -0.670835 -0.000720 0.521755 0.853093 0.002196 0.707352 0.705952 -0.035845 
-0.855894 0.517147 -0.001877 0.967186 -0.252460 0.028553 -0.230036 -0.972519 0.035917 -0.736057 -0.676920 0.000168 0.518653 0.854984 0.001000 0.700461 0.712385 -0.043150 
-0.856580 0.516014 -0.000177 0.968125 -0.248554 0.030891 -0.226330 -0.973149 0.041910 -0.728202 -0.685362 0.001153 0.517522 0.855670 0.000435 0.689836 0.722173 -0.050913 
-0.856581 0.516013 -0.000149 0.968562 -0.246603 0.032779 -0.224579 -0.973289 0.047673 -0.721808 -0.692087 0.003096 0.517520 0.855671 0.000360 0.680920 0.730042 -0.058203 
-0.856581 0.516012 -0.000132 0.968718 -0.246155 0.031510 -0.224160 -0.973104 0.053102 -0.719393 -0.694565 0.007345 0.517518 0.855672 0.000301 0.677527 0.732587 -0.065370 
-0.856582 0.516012 -0.000117 0.968692 -0.246606 0.028673 -0.224521 -0.972724 0.058290 -0.719215 -0.694674 0.012534 0.517519 0.855672 0.000246 0.677284 0.732179 -0.072111 
-0.856582 0.516011 -0.000101 0.968586 -0.247336 0.025799 -0.225123 -0.972272 0.063301 -0.719396 -0.694378 0.017570 0.517519 0.855672 0.000187 0.677543 0.731283 -0.078485 
-0.856582 0.516011 -0.000105 0.968453 -0.248148 0.022840 -0.225767 -0.971813 0.067895 -0.720030 -0.693584 0.022321 0.517520 0.855671 0.000134 0.678409 0.729844 -0.084197 
-0.856581 0.516012 -0.000124 0.968362 -0.248763 0.019789 -0.226175 -0.971435 0.071831 -0.721025 -0.692393 0.026729 0.517520 0.855671 0.000051 0.679734 0.728029 -0.089080 
-0.856484 0.516143 -0.005719 0.968318 -0.249148 0.016899 -0.226339 -0.971131 0.075341 -0.722786 -0.690186 0.034981 0.517679 0.855547 -0.006947 0.682295 0.725435 -0.090646 
-0.856485 0.516146 -0.005190 0.968151 -0.249960 0.014301 -0.226937 -0.970739 0.078525 -0.723816 -0.688968 0.037604 0.517678 0.855553 -0.006314 0.683646 0.723714 -0.094157 
-0.856485 0.516151 -0.004708 0.968048 -0.250489 0.011789 -0.227245 -0.970443 0.081239 -0.724737 -0.687854 0.040162 0.517677 0.855557 -0.005748 0.684835 0.722164 -0.097364 
-0.856486 0.516153 -0.004274 0.968019 -0.250706 0.009309 -0.227231 -0.970239 0.083681 -0.725610 -0.686780 0.042692 0.517677 0.855560 -0.005246 0.685958 0.720687 -0.100363 
-0.856487 0.516155 -0.003884 0.967986 -0.250904 0.007105 -0.227214 -0.970054 0.085846 -0.726249 -0.685951 0.045094 0.517676 0.855563 -0.004803 0.686757 0.719520 -0.103225 
-0.856383 0.516314 -0.005254 0.967943 -0.251118 0.005172 -0.227231 -0.969875 0.087800 -0.726957 -0.684978 0.048364 0.517845 0.855451 -0.006283 0.687719 0.718360 -0.104886 
-0.856384 0.516317 -0.004773 0.967903 -0.251302 0.003425 -0.227235 -0.969730 0.089377 -0.727367 -0.684419 0.050072 0.517845 0.855455 -0.005756 0.688224 0.717556 -0.107057 
-0.856385 0.516319 -0.004340 0.967866 -0.251460 0.001957 -0.227237 -0.969602 0.090753 -0.727421 -0.684246 0.051639 0.517843 0.855459 -0.005290 0.688256 0.717219 -0.109092 
-0.856386 0.516321 -0.003949 0.967822 -0.251635 0.000694 -0.227275 -0.969487 0.091873 -0.727336 -0.684231 0.053008 0.517843 0.855462 -0.004876 0.688117 0.717084 -0.110836 
-0.856387 0.516323 -0.003596 0.967775 -0.251815 -0.000405 -0.227338 -0.969401 0.092625 -0.727274 -0.684213 0.054086 0.517841 0.855465 -0.004505 0.688025 0.716977 -0.112098 
-0.856387 0.516324 -0.003277 0.967734 -0.251969 -0.001318 -0.227402 -0.969357 0.092930 -0.727265 -0.684167 0.054791 0.517841 0.855466 -0.004173 0.688015 0.716879 -0.112780 
-0.856388 0.516325 -0.002988 0.967705 -0.252078 -0.002028 -0.227453 -0.969365 0.092720 -0.727334 -0.684071 0.055069 0.517841 0.855468 -0.003874 0.688114 0.716780 -0.112811 
-0.856388 0.516326 -0.002712 0.967682 -0.252159 -0.002589 -0.227500 -0.969411 0.092115 -0.727456 -0.683945 0.055019 0.517840 0.855470 -0.003548 0.688288 0.716682 -0.112367 
-0.856388 0.516327 -0.002462 0.967661 -0.252235 -0.003040 -0.227559 -0.969476 0.091289 -0.727600 -0.683812 0.054767 0.517840 0.855471 -0.003249 0.688503 0.716594 -0.111611 
-0.856388 0.516328 -0.002234 0.967641 -0.252307 -0.003379 -0.227627 -0.969558 0.090242 -0.727767 -0.683670 0.054316 0.517841 0.855472 -0.002977 0.688757 0.716514 -0.110550 
-0.856323 0.516412 -0.005434 0.967624 -0.252369 -0.003575 -0.227702 -0.969644 0.089122 -0.728366 -0.682898 0.055972 0.517945 0.855391 -0.006267 0.689788 0.715961 -0.107666 
-0.856324 0.516415 -0.004924 0.967548 -0.252659 -0.003653 -0.228030 -0.969724 0.087396 -0.728953 -0.682376 0.054687 0.517945 0.855395 -0.005695 0.690574 0.715477 -0.105833 
-0.856325 0.516418 -0.004458 0.967494 -0.252869 -0.003603 -0.228297 -0.969837 0.085420 -0.729421 -0.681991 0.053237 0.517943 0.855399 -0.005173 0.691199 0.715182 -0.103720 
-0.856325 0.516421 -0.004036 0.967484 -0.252907 -0.003538 -0.228389 -0.969992 0.083385 -0.729762 -0.681738 0.051777 0.517943 0.855402 -0.004698 0.691669 0.715045 -0.101510 
-0.856326 0.516423 -0.003651 0.967494 -0.252869 -0.003455 -0.228409 -0.970161 0.081346 -0.730011 -0.681580 0.050322 0.517942 0.855405 -0.004262 0.692031 0.715012 -0.099248 
-0.856326 0.516424 -0.003300 0.967496 -0.252863 -0.003345 -0.228458 -0.970322 0.079260 -0.730286 -0.681394 0.048841 0.517942 0.855407 -0.003862 0.692442 0.714939 -0.096885 
-0.856327 0.516426 -0.002980 0.967497 -0.252864 -0.003199 -0.228522 -0.970485 0.077046 -0.730628 -0.681136 0.047293 0.517940 0.855410 -0.003493 0.692951 0.714784 -0.094356 
-0.856196 0.516635 -0.004041 0.967483 -0.252917 -0.003006 -0.228642 -0.970640 0.074706 -0.731286 -0.680482 0.046534 0.518156 0.855274 -0.004521 0.693902 0.714300 -0.090972 
-0.856197 0.516636 -0.003648 0.967450 -0.253049 -0.002653 -0.228855 -0.970790 0.072050 -0.731752 -0.680112 0.044581 0.518156 0.855277 -0.004076 0.694543 0.714049 -0.087996 
-0.856197 0.516638 -0.003290 0.967461 -0.253012 -0.002231 -0.228902 -0.970979 0.069313 -0.732107 -0.679861 0.042529 0.518156 0.855278 -0.003667 0.695028 0.713955 -0.084874 
-0.856181 0.516665 -0.003265 0.967479 -0.252947 -0.001809 -0.228918 -0.971167 0.066566 -0.732515 -0.679534 0.040675 0.518180 0.855264 -0.003589 0.695595 0.713791 -0.081547 
-0.856182 0.516666 -0.002939 0.967500 -0.252867 -0.001370 -0.228916 -0.971352 0.063821 -0.732826 -0.679318 0.038631 0.518180 0.855266 -0.003213 0.696025 0.713726 -0.078382 
-0.856182 0.516667 -0.002640 0.967517 -0.252803 -0.000944 -0.228921 -0.971522 0.061157 -0.733108 -0.679124 0.036646 0.518180 0.855267 -0.002865 0.696426 0.713671 -0.075268 
-0.856182 0.516668 -0.002368 0.967528 -0.252762 -0.000538 -0.228946 -0.971677 0.058546 -0.733408 -0.678901 0.034720 0.518179 0.855269 -0.002543 0.696856 0.713568 -0.072195 
-0.856183 0.516668 -0.002135 0.967536 -0.252733 -0.000156 -0.228975 -0.971822 0.055963 -0.733768 -0.678606 0.032833 0.518179 0.855269 -0.002237 0.697370 0.713371 -0.069117 
-0.856298 0.516472 -0.003381 0.967543 -0.252707 0.000184 -0.229003 -0.971957 0.053447 -0.734204 -0.678200 0.031450 0.517981 0.855392 0.000468 0.698042 0.712943 -0.066707 
-0.856298 0.516473 -0.003057 0.967524 -0.252777 0.000511 -0.229124 -0.972065 0.050904 -0.734570 -0.677886 0.029615 0.517980 0.855393 0.000431 0.698567 0.712717 -0.063549 
-0.856299 0.516473 -0.002763 0.967525 -0.252774 0.000802 -0.229164 -0.972182 0.048429 -0.734873 -0.677630 0.027915 0.517981 0.855392 0.000404 0.699001 0.712552 -0.060551 
-0.856299 0.516474 -0.002498 0.967530 -0.252755 0.001062 -0.229183 -0.972297 0.045974 -0.735232 -0.677309 0.026213 0.517981 0.855392 0.000387 0.699503 0.712311 -0.057518 
-0.856456 0.516201 -0.004390 0.967539 -0.252720 0.001298 -0.229183 -0.972410 0.043521 -0.735957 -0.676533 0.025891 0.517717 0.855552 -0.000735 0.700597 0.711522 -0.053847 
-0.856869 0.515489 -0.006905 0.967601 -0.252481 0.001203 -0.228963 -0.972561 0.041233 -0.737200 -0.675219 0.024819 0.516998 0.855985 0.001699 0.702560 0.709842 -0.050337 
-0.856887 0.515484 -0.004661 0.967611 -0.252443 0.001159 -0.228944 -0.972661 0.038936 -0.737681 -0.674788 0.022098 0.516981 0.855990 0.003466 0.703180 0.709361 -0.048419 
-0.857040 0.515235 -0.003935 0.967617 -0.252419 0.001327 -0.228942 -0.972742 0.036860 -0.737732 -0.674785 0.020429 0.516725 0.856137 0.004901 0.703298 0.709360 -0.046688 
-0.857383 0.514616 -0.008078 0.967647 -0.252304 0.001261 -0.228838 -0.972835 0.035015 -0.738612 -0.673828 0.020208 0.516069 0.856509 0.008104 0.704751 0.708116 -0.043575 
-0.857390 0.514615 -0.007308 0.967658 -0.252261 0.001253 -0.228808 -0.972911 0.033042 -0.739069 -0.673369 0.018724 0.516079 0.856509 0.007362 0.705384 0.707647 -0.040859 
-0.857396 0.514615 -0.006620 0.967672 -0.252209 0.001378 -0.228773 -0.972979 0.031215 -0.739140 -0.673322 0.017605 0.516086 0.856511 0.006704 0.705476 0.707672 -0.038783 
-0.857401 0.514615 -0.005999 0.967682 -0.252170 0.001420 -0.228745 -0.973039 0.029512 -0.739230 -0.673248 0.016613 0.516092 0.856512 0.006120 0.705590 0.707661 -0.036847 
-0.857404 0.514615 -0.005438 0.967694 -0.252124 0.001378 -0.228709 -0.973096 0.027872 -0.739379 -0.673107 0.015709 0.516098 0.856511 0.005602 0.705774 0.707573 -0.034977 
-0.857407 0.514615 -0.004927 0.967711 -0.252060 0.001282 -0.228649 -0.973154 0.026296 -0.739594 -0.672889 0.014862 0.516102 0.856512 0.005139 0.706039 0.707396 -0.033160 
-0.857410 0.514614 -0.004465 0.967729 -0.251990 0.001137 -0.228585 -0.973207 0.024854 -0.739861 -0.672613 0.014095 0.516105 0.856512 0.004730 0.706368 0.707146 -0.031463 
-0.857412 0.514615 -0.004047 0.967744 -0.251933 0.000924 -0.228527 -0.973251 0.023627 -0.740139 -0.672319 0.013474 0.516108 0.856512 0.004384 0.706715 0.706861 -0.030004 
-0.857413 0.514615 -0.003668 0.967752 -0.251904 0.000630 -0.228496 -0.973280 0.022689 -0.740393 -0.672048 0.013053 0.516110 0.856512 0.004095 0.707041 0.706582 -0.028882 
-0.857415 0.514615 -0.003325 0.967751 -0.251908 0.000259 -0.228496 -0.973295 0.022069 -0.740602 -0.671821 0.012857 0.516112 0.856512 0.003855 0.707319 0.706334 -0.028144 
-0.857416 0.514615 -0.003014 0.967745 -0.251932 -0.000171 -0.228513 -0.973298 0.021752 -0.740770 -0.671635 0.012861 0.516115 0.856511 0.003654 0.707549 0.706118 -0.027767 
-0.857416 0.514616 -0.002732 0.967738 -0.251957 -0.000629 -0.228527 -0.973296 0.021667 -0.740913 -0.671475 0.013022 0.516115 0.856512 0.003479 0.707745 0.705925 -0.027682 
-0.857417 0.514616 -0.002473 0.967732 -0.251977 -0.001099 -0.228538 -0.973291 0.021799 -0.741028 -0.671341 0.013338 0.516116 0.856513 0.003242 0.707904 0.705760 -0.027854 
-0.857418 0.514616 -0.002234 0.967727 -0.251996 -0.001552 -0.228545 -0.973284 0.022027 -0.741151 -0.671198 0.013744 0.516117 0.856513 0.002971 0.708071 0.705579 -0.028171 
-0.857419 0.514616 -0.002017 0.967723 -0.252010 -0.001976 -0.228548 -0.973276 0.022338 -0.741261 -0.671067 0.014196 0.516119 0.856513 0.002726 0.708221 0.705410 -0.028613 
-0.857419 0.514615 -0.001821 0.967720 -0.252018 -0.002345 -0.228546 -0.973267 0.022738 -0.741302 -0.671012 0.014664 0.516120 0.856512 0.002504 0.708276 0.705333 -0.029166 
-0.857420 0.514615 -0.001644 0.967718 -0.252020 -0.002671 -0.228536 -0.973258 0.023231 -0.741274 -0.671031 0.015147 0.516119 0.856514 0.002301 0.708237 0.705345 -0.029820 
-0.857420 0.514615 -0.001484 0.967717 -0.252022 -0.002998 -0.228525 -0.973247 0.023793 -0.741239 -0.671058 0.015670 0.516122 0.856512 0.002117 0.708187 0.705363 -0.030556 
-0.857420 0.514615 -0.001339 0.967715 -0.252024 -0.003331 -0.228515 -0.973234 0.024426 -0.741198 -0.671090 0.016233 0.516121 0.856514 0.001949 0.708130 0.705385 -0.031374 
-0.857421 0.514615 -0.001207 0.967713 -0.252027 -0.003669 -0.228503 -0.973219 0.025124 -0.741152 -0.671126 0.016835 0.516122 0.856513 0.001796 0.708065 0.705410 -0.032269 
-0.857421 0.514615 -0.001087 0.967710 -0.252036 -0.004018 -0.228496 -0.973200 0.025899 -0.741092 -0.671175 0.017490 0.516122 0.856513 0.001655 0.707983 0.705445 -0.033260 
-0.857421 0.514615 -0.000979 0.967702 -0.252057 -0.004381 -0.228499 -0.973176 0.026766 -0.741010 -0.671247 0.018211 0.516122 0.856514 0.001526 0.707877 0.705499 -0.034367 
-0.857421 0.514615 -0.000880 0.967692 -0.252090 -0.004759 -0.228512 -0.973146 0.027727 -0.740905 -0.671341 0.018995 0.516122 0.856514 0.001407 0.707742 0.705574 -0.035588 
-0.857421 0.514615 -0.000791 0.967679 -0.252131 -0.005147 -0.228529 -0.973112 0.028759 -0.740784 -0.671451 0.019829 0.516122 0.856514 0.001298 0.707589 0.705660 -0.036898 
-0.857421 0.514615 -0.000709 0.967666 -0.252174 -0.005541 -0.228550 -0.973075 0.029842 -0.740656 -0.671566 0.020693 0.516123 0.856514 0.001197 0.707426 0.705750 -0.038265 
-0.857422 0.514614 -0.000635 0.967653 -0.252216 -0.005937 -0.228566 -0.973036 0.030950 -0.740530 -0.671677 0.021573 0.516124 0.856513 0.001103 0.707265 0.705835 -0.039661 
-0.857421 0.514615 -0.000568 0.967640 -0.252254 -0.006331 -0.228576 -0.972997 0.032076 -0.740408 -0.671783 0.022459 0.516123 0.856514 0.001015 0.707106 0.705914 -0.041074 
-0.857421 0.514615 -0.000506 0.967628 -0.252289 -0.006724 -0.228583 -0.972958 0.033212 -0.740288 -0.671885 0.023350 0.516123 0.856514 0.000934 0.706949 0.705986 -0.042499 
-0.857421 0.514615 -0.000464 0.967616 -0.252325 -0.007110 -0.228588 -0.972916 0.034364 -0.740170 -0.671982 0.024243 0.516124 0.856513 0.000878 0.706795 0.706053 -0.043935 
-0.857455 0.514559 -0.000915 0.967602 -0.252368 -0.007509 -0.228601 -0.972871 0.035540 -0.740086 -0.672037 0.025291 0.516066 0.856548 0.001261 0.706709 0.706047 -0.045390 
-0.857455 0.514559 -0.000822 0.967581 -0.252434 -0.007945 -0.228634 -0.972818 0.036771 -0.739912 -0.672190 0.026285 0.516066 0.856548 0.001149 0.706488 0.706165 -0.046960 
-0.857455 0.514558 -0.000735 0.967563 -0.252491 -0.008374 -0.228655 -0.972767 0.037957 -0.739761 -0.672319 0.027232 0.516066 0.856548 0.001043 0.706294 0.706259 -0.048451 
-0.857455 0.514558 -0.000654 0.967549 -0.252531 -0.008776 -0.228661 -0.972722 0.039064 -0.739638 -0.672418 0.028116 0.516067 0.856548 0.000945 0.706131 0.706325 -0.049843 
-0.857455 0.514558 -0.000580 0.967538 -0.252561 -0.009161 -0.228658 -0.972680 0.040110 -0.739540 -0.672489 0.028949 0.516067 0.856548 0.000855 0.705998 0.706364 -0.051153 
-0.857455 0.514558 -0.000513 0.967526 -0.252590 -0.009548 -0.228651 -0.972640 0.041112 -0.739475 -0.672526 0.029760 0.516067 0.856548 0.000772 0.705907 0.706363 -0.052408 
-0.857455 0.514558 -0.000458 0.967514 -0.252622 -0.009924 -0.228649 -0.972599 0.042085 -0.739415 -0.672557 0.030549 0.516067 0.856548 0.000700 0.705826 0.706353 -0.053622 
-0.857484 0.514510 -0.000819 0.967497 -0.252673 -0.010310 -0.228667 -0.972552 0.043053 -0.739363 -0.672571 0.031461 0.516019 0.856577 0.001016 0.705781 0.706305 -0.054835 
-0.857484 0.514510 -0.000728 0.967478 -0.252729 -0.010677 -0.228688 -0.972504 0.044021 -0.739227 -0.672684 0.032246 0.516019 0.856577 0.000908 0.705606 0.706384 -0.056051 
-0.857484 0.514510 -0.000645 0.967463 -0.252773 -0.011009 -0.228698 -0.972462 0.044890 -0.739115 -0.672773 0.032950 0.516019 0.856577 0.000811 0.705460 0.706443 -0.057141 
-0.857484 0.514510 -0.000570 0.967452 -0.252803 -0.011317 -0.228700 -0.972426 0.045645 -0.739048 -0.672816 0.033572 0.516019 0.856577 0.000723 0.705369 0.706457 -0.058088 
-0.857484 0.514510 -0.000501 0.967442 -0.252826 -0.011617 -0.228695 -0.972397 0.046297 -0.739034 -0.672804 0.034128 0.516019 0.856577 0.000641 0.705348 0.706410 -0.058905 
