0.466612 0.884459 0.002373 0.882415 -0.470464 0.002700 -0.892686 0.450671 -0.002753 -0.472013 -0.881589 -0.002390 
0.466730 0.884399 0.001169 0.882357 -0.470578 0.001602 -0.892631 0.450785 -0.001628 -0.472130 -0.881528 -0.001179 
0.466730 0.884399 0.001050 0.882357 -0.470578 0.001420 -0.892631 0.450785 -0.001444 -0.472130 -0.881528 -0.001058 
0.467182 0.884161 -0.001159 0.882116 -0.471029 -0.001597 -0.892400 0.451242 0.001622 -0.472581 -0.881287 0.001169 
0.467254 0.884122 0.001565 0.882080 -0.471100 -0.000886 -0.892365 0.451313 0.000851 -0.472653 -0.881247 -0.001559 
0.467254 0.884122 0.001415 0.882080 -0.471100 -0.000805 -0.892365 0.451313 0.000773 -0.472653 -0.881248 -0.001410 
0.467254 0.884122 0.001283 0.882080 -0.471100 -0.000726 -0.892366 0.451313 0.000697 -0.472653 -0.881248 -0.001278 
0.467216 0.884142 0.001323 0.882100 -0.471062 -0.000528 -0.892385 0.451275 0.000499 -0.472615 -0.881268 -0.001320 
0.467215 0.884143 0.001203 0.882100 -0.471061 -0.000486 -0.892385 0.451274 0.000459 -0.472614 -0.881269 -0.001200 
0.467182 0.884159 0.002011 0.882118 -0.471028 -0.000655 -0.892402 0.451240 0.000610 -0.472581 -0.881285 -0.002007 
0.467179 0.884161 0.001834 0.882120 -0.471025 -0.000603 -0.892404 0.451237 0.000562 -0.472578 -0.881287 -0.001830 
0.467178 0.884158 0.002920 0.882120 -0.471021 -0.001836 -0.892404 0.451233 0.001771 -0.472577 -0.881285 -0.002909 
0.467265 0.884115 0.001988 0.882073 -0.471107 -0.002323 -0.892359 0.451320 0.002278 -0.472664 -0.881241 -0.001974 
0.467426 0.884028 0.002870 0.881987 -0.471262 -0.003341 -0.892276 0.451478 0.003277 -0.472824 -0.881152 -0.002850 
0.459040 0.888331 0.012252 0.886403 -0.462905 -0.003019 -0.896505 0.443025 0.002745 -0.464465 -0.885507 -0.012234 
0.457769 0.888887 0.018130 0.887049 -0.461667 -0.002722 -0.897123 0.441775 0.002318 -0.463197 -0.886070 -0.018114 
0.457324 0.889036 0.021672 0.887266 -0.461252 -0.002465 -0.897329 0.441357 0.001981 -0.462754 -0.886222 -0.021657 
0.457701 0.888918 0.018261 0.887081 -0.461607 -0.002326 -0.897153 0.441715 0.001918 -0.463131 -0.886102 -0.018247 
0.458183 0.888581 0.022177 0.886814 -0.462121 -0.002126 -0.896897 0.442236 0.001631 -0.463611 -0.885761 -0.022164 
0.460033 0.887522 0.025971 0.885832 -0.464001 -0.002168 -0.895956 0.444139 0.001588 -0.465454 -0.884691 -0.025958 
0.457376 0.888548 0.035922 0.887149 -0.461479 -0.001932 -0.897214 0.441595 0.001130 -0.462805 -0.885732 -0.035910 
0.455499 0.889386 0.038909 0.888094 -0.459659 -0.001718 -0.898117 0.439757 0.000850 -0.460934 -0.886581 -0.038898 
0.452614 0.890775 0.040751 0.889560 -0.456815 -0.001543 -0.899519 0.436882 0.000634 -0.458058 -0.887988 -0.040742 
0.452084 0.891104 0.039417 0.889840 -0.456271 -0.001344 -0.899786 0.436330 0.000465 -0.457530 -0.888320 -0.039409 
0.448213 0.892783 0.045218 0.891755 -0.452517 -0.001128 -0.901615 0.432540 0.000119 -0.453670 -0.890022 -0.045212 
0.446225 0.893705 0.046627 0.892740 -0.450571 -0.000852 -0.902555 0.430574 -0.000188 -0.451688 -0.890957 -0.046622 
0.444234 0.894541 0.049523 0.893705 -0.448654 -0.000613 -0.903476 0.428638 -0.000491 -0.449704 -0.891804 -0.049519 
0.444456 0.894028 0.056320 0.893501 -0.449060 -0.000092 -0.903277 0.429055 -0.001164 -0.449925 -0.891289 -0.056320 
0.445050 0.892962 0.067453 0.893034 -0.449988 0.000334 -0.902823 0.430008 -0.001838 -0.450515 -0.890217 -0.067456 
0.447417 0.890668 0.080795 0.891564 -0.452892 0.001494 -0.901406 0.432962 -0.003295 -0.452874 -0.887905 -0.080805 
0.441338 0.890938 0.107005 0.894120 -0.447828 0.000209 -0.903826 0.427892 -0.002595 -0.446810 -0.888206 -0.107007 
0.423134 0.903005 0.074434 0.986535 -0.163435 -0.006124 -0.910101 0.413945 -0.019093 -0.165089 -0.982520 -0.086019 -0.649828 -0.758657 -0.046519 
0.987978 -0.154494 -0.005547 -0.911266 0.408984 -0.048234 0.413201 0.895980 0.162743 0.471025 0.881601 0.030256 -0.156140 -0.984032 -0.085443 -0.670301 -0.739869 -0.057367 
0.987948 -0.154708 -0.004989 -0.906434 0.416189 -0.071868 0.416628 0.893348 0.168378 0.515183 0.855767 0.047431 -0.156297 -0.983924 -0.086401 -0.693678 -0.717590 -0.062257 
0.987562 -0.157164 -0.004492 -0.903212 0.421343 -0.081720 0.420532 0.891528 0.168319 0.532011 0.844691 0.058834 -0.158696 -0.983508 -0.086758 -0.703618 -0.707531 -0.065734 
0.987486 -0.157655 -0.004037 -0.903526 0.420798 -0.081056 0.420376 0.891994 0.166225 0.523889 0.849503 0.062323 -0.159157 -0.983524 -0.085725 -0.700216 -0.710718 -0.067658 
0.987511 -0.157506 -0.003613 -0.905626 0.417266 -0.075704 0.418171 0.893891 0.161530 0.503345 0.861936 0.060912 -0.159009 -0.983879 -0.081840 -0.690224 -0.720394 -0.067986 
0.987571 -0.157143 -0.003215 -0.907957 0.413061 -0.070680 0.415474 0.896321 0.154889 0.482096 0.874238 0.057370 -0.158670 -0.984411 -0.075882 -0.679719 -0.730442 -0.066605 
0.987571 -0.157148 -0.002861 -0.909109 0.411035 -0.067605 0.414751 0.897915 0.147415 0.466287 0.883051 0.052900 -0.158707 -0.984903 -0.069124 -0.672297 -0.737539 -0.063668 
0.987571 -0.157155 -0.002540 -0.909537 0.410222 -0.066782 0.414962 0.899047 0.139719 0.457603 0.887920 0.046881 -0.158752 -0.985408 -0.061396 -0.668265 -0.741573 -0.059078 
0.987570 -0.157163 -0.002259 -0.909714 0.409855 -0.066632 0.415703 0.900106 0.130381 0.453677 0.890320 0.038831 -0.158805 -0.985939 -0.052010 -0.666518 -0.743631 -0.052601 
0.987561 -0.157227 -0.001993 -0.908113 0.413481 -0.066056 0.421334 0.899915 0.112382 0.453778 0.890278 0.038601 -0.158912 -0.986416 -0.041606 -0.668531 -0.742234 -0.046431 
0.986855 -0.161602 -0.001189 -0.905788 0.419055 -0.062773 0.429104 0.898521 0.092358 0.452299 0.891138 0.036045 -0.163302 -0.986129 -0.029705 -0.670138 -0.741179 -0.039600 
0.985385 -0.170333 0.001725 -0.901385 0.428954 -0.059197 0.440946 0.894657 0.071794 0.450216 0.892363 0.031510 -0.172011 -0.984935 -0.017734 -0.672843 -0.739067 -0.032588 
0.451382 0.891506 0.038357 0.983212 -0.182343 0.006751 -0.895239 0.442003 -0.056399 -0.184039 -0.982904 -0.005467 -0.676213 -0.736234 -0.026389 
0.458114 0.888529 0.025471 0.980999 -0.193672 0.011470 -0.888293 0.456095 -0.053979 -0.195459 -0.980702 0.004390 -0.680768 -0.732269 -0.018391 
0.464735 0.885372 0.011744 0.978694 -0.204695 0.016064 -0.881870 0.468489 -0.053142 -0.206678 -0.978268 0.016632 -0.685388 -0.728115 -0.009642 
0.470119 0.882599 -0.002818 0.975314 -0.219662 0.022620 -0.874172 0.482667 -0.053439 -0.222033 -0.974507 0.032221 -0.688714 -0.725031 -0.001751 
0.465717 0.884815 -0.014518 0.972353 -0.230949 0.034526 -0.871951 0.486486 -0.055072 -0.234138 -0.971036 0.047626 -0.683522 -0.729930 0.000542 
0.449912 0.892653 -0.027382 0.970864 -0.233980 0.051725 -0.871577 0.486903 -0.057259 -0.238749 -0.968966 0.064057 -0.667667 -0.744459 0.001228 
0.429884 0.901895 -0.042245 0.969605 -0.234786 0.068865 -0.871693 0.486948 -0.055062 -0.241766 -0.966857 0.082073 -0.646860 -0.762605 0.002370 
0.413061 0.908938 -0.056675 0.968947 -0.233969 0.080006 -0.871825 0.487004 -0.052426 -0.243044 -0.964865 0.099829 -0.628674 -0.777642 0.006446 
0.403661 0.912248 -0.069727 0.968878 -0.232679 0.084472 -0.871898 0.487126 -0.050030 -0.243205 -0.963009 0.116042 -0.617876 -0.786163 0.013314 
0.401572 0.912218 -0.081236 0.969162 -0.231744 0.083780 -0.871919 0.487121 -0.049710 -0.242982 -0.961111 0.131243 -0.614340 -0.788725 0.022358 
0.403811 0.910229 -0.091756 0.969744 -0.230483 0.080459 -0.871825 0.487055 -0.051955 -0.241917 -0.959254 0.145975 -0.614998 -0.787847 0.032768 
0.408278 0.907159 -0.101844 0.970488 -0.228921 0.075816 -0.871055 0.488134 -0.054669 -0.240164 -0.957443 0.160078 -0.617847 -0.785084 0.043678 
0.405919 0.909746 -0.087134 0.971798 -0.224493 0.072188 -0.859654 0.510418 -0.021661 -0.235709 -0.955535 0.177181 -0.611913 -0.790834 0.011982 
0.387140 0.920280 -0.056634 0.970120 -0.231131 0.073801 -0.920048 0.390933 -0.026153 -0.243113 -0.949578 0.197986 -0.584747 -0.810800 -0.025959 
0.361508 0.932248 -0.015044 0.970999 -0.228342 0.070856 -0.918285 0.395689 -0.013509 -0.240276 -0.944452 0.224229 -0.541170 -0.837095 -0.080044 
0.344235 0.938250 0.034496 0.969995 -0.241949 0.023877 -0.903612 0.428222 -0.010587 -0.243300 -0.947785 0.206177 -0.512509 -0.851916 -0.107580 
0.966948 -0.254969 -0.001665 -0.911414 0.410708 -0.025376 0.323388 0.942694 0.082151 -0.478225 -0.866738 -0.141658 -0.251715 -0.948938 0.190150 
0.309909 0.946106 0.094021 0.965004 -0.262203 -0.004107 -0.926352 0.372407 -0.056443 -0.258561 -0.947805 0.186581 -0.452968 -0.879778 -0.144261 
0.960784 -0.277292 -0.001987 -0.943911 0.326917 -0.046453 0.275561 0.952456 0.129974 0.294879 0.936322 -0.190652 -0.273533 -0.942776 0.190662 -0.408722 -0.905239 -0.116141 
0.958434 -0.285308 -0.001839 -0.960507 0.274450 -0.045866 0.247343 0.965917 0.076327 0.301778 0.930764 -0.206420 -0.280486 -0.937396 0.206438 -0.378512 -0.923276 -0.065496 
0.215729 0.976434 0.006205 -0.971323 0.236208 -0.027148 0.958285 -0.285808 -0.001919 0.300902 0.926236 -0.227037 -0.279613 -0.932878 0.227059 -0.346954 -0.937882 0.000235 
0.949449 -0.313227 0.020863 -0.972564 0.232633 -0.000258 0.194026 0.980896 -0.014003 0.329743 0.904738 -0.269663 -0.308660 -0.911986 0.270206 -0.322986 -0.946383 0.006202 
-0.291977 -0.952657 0.084822 0.950645 -0.304659 0.058793 -0.972758 0.231807 0.002598 0.329338 0.885349 -0.328168 0.163409 0.985286 -0.050097 
-0.266716 -0.954681 0.132089 0.961011 -0.268149 0.067479 -0.972816 0.231570 0.002038 0.295335 0.868584 -0.397918 0.146370 0.984494 -0.096682 
-0.255732 -0.949400 0.182320 0.968189 -0.244037 0.055286 -0.973694 0.227847 -0.002300 0.265018 0.849479 -0.456235 0.143242 0.979478 -0.141794 
0.971072 -0.235834 0.037437 -0.974726 0.223393 -0.002172 -0.258045 -0.952120 0.163955 -0.224544 -0.838234 0.496935 0.246133 0.832733 -0.495957 0.147522 0.973584 -0.174272 
0.971335 -0.236651 0.022477 -0.975678 0.219176 -0.003702 -0.263519 -0.945390 0.191823 -0.215593 -0.828351 0.517064 0.237191 0.822835 -0.516414 0.152754 0.968394 -0.197176 
0.971214 -0.237674 0.015942 -0.975678 0.219185 -0.003212 -0.264894 -0.940987 0.210654 -0.211801 -0.822697 0.527551 0.233398 0.817160 -0.527043 0.153003 0.964768 -0.214037 
0.970325 -0.241187 0.017278 -0.975676 0.219198 -0.002978 -0.262652 -0.937677 0.227544 -0.213755 -0.813968 0.540152 0.235332 0.808355 -0.539611 0.149717 0.961377 -0.230951 
0.970306 -0.241579 0.012090 -0.975673 0.219216 -0.002553 -0.261113 -0.932638 0.249011 -0.208773 -0.803338 0.557729 0.230350 0.797720 -0.557298 0.147899 0.956690 -0.250738 
0.970516 -0.241030 0.001838 -0.975678 0.219203 -0.001538 -0.260444 -0.925856 0.273789 -0.199399 -0.791172 0.578175 0.220983 0.785570 -0.577967 0.147533 0.950750 -0.272597 
0.970453 -0.241111 -0.009317 -0.975858 0.218407 -0.000523 -0.259772 -0.918279 0.298800 -0.189486 -0.778487 0.598375 0.211072 0.772886 -0.598411 0.147316 0.944248 -0.294437 
0.969873 -0.242980 -0.017504 -0.976500 0.215361 0.008263 -0.256957 -0.910648 0.323562 -0.182467 -0.765533 0.616980 0.204042 0.759894 -0.617193 0.144590 0.937029 -0.317917 
0.969243 -0.244768 -0.025610 -0.976997 0.213087 0.008388 -0.254254 -0.903011 0.346304 -0.175120 -0.752659 0.634695 0.196683 0.746984 -0.635083 0.142058 0.930381 -0.337949 
0.968504 -0.247067 -0.030944 -0.977698 0.209738 0.010834 -0.249866 -0.895606 0.368045 -0.169689 -0.739621 0.651280 0.191237 0.733899 -0.651783 0.137591 0.923548 -0.357949 
0.968377 -0.247492 -0.031531 -0.977364 0.211049 0.014771 -0.243602 -0.889464 0.386668 -0.165652 -0.726063 0.667377 0.187198 0.720335 -0.667888 0.130996 0.916984 -0.376802 
0.968186 -0.248345 -0.030680 -0.976867 0.213203 0.016615 -0.236900 -0.883223 0.404716 -0.162219 -0.709984 0.685280 0.183761 0.704242 -0.685766 0.124260 0.910184 -0.395126 
0.967922 -0.248844 -0.034681 -0.976499 0.214817 0.017426 -0.231713 -0.874549 0.425996 -0.154557 -0.692334 0.704830 0.176097 0.686585 -0.705401 0.119560 0.901769 -0.415354 
0.966975 -0.251428 -0.041754 -0.975666 0.218513 0.018082 -0.228714 -0.862829 0.450795 -0.145095 -0.671671 0.726502 0.166617 0.665871 -0.727224 0.117529 0.891049 -0.438427 
0.965283 -0.256037 -0.051707 -0.974256 0.224421 0.021475 -0.227685 -0.848626 0.477487 -0.134241 -0.650238 0.747776 0.155728 0.644341 -0.748714 0.117531 0.878391 -0.463266 
0.963032 -0.262478 -0.060626 -0.972508 0.231327 0.026759 -0.227243 -0.832879 0.504651 -0.124622 -0.627965 0.768199 0.146061 0.621931 -0.769330 0.117967 0.864203 -0.489118 
-0.226864 -0.815832 0.531931 -0.970487 0.238990 0.032225 0.960294 -0.270748 -0.067312 -0.117050 -0.604542 0.787926 0.138430 0.598331 -0.789201 0.118253 0.848671 -0.515533 
-0.227250 -0.797102 0.559451 -0.967842 0.248937 0.036224 0.957032 -0.281321 -0.070347 -0.112755 -0.579205 0.807346 0.134063 0.572766 -0.808682 0.119077 0.831395 -0.542773 
0.953379 -0.294603 -0.065396 -0.964568 0.260757 0.040165 -0.228414 -0.777242 0.586278 -0.115621 -0.551563 0.826081 0.136848 0.544835 -0.827301 0.120161 0.812252 -0.570796 
0.948861 -0.310857 -0.055054 -0.959240 0.278758 0.046391 -0.231265 -0.757250 0.610810 -0.124304 -0.523086 0.843166 0.145427 0.516004 -0.844151 0.122299 0.792138 -0.597964 
0.942780 -0.330000 -0.047599 -0.953495 0.297796 0.046523 -0.237433 -0.732441 0.638088 -0.130221 -0.490941 0.861406 0.151206 0.483441 -0.862219 0.128433 0.768860 -0.626386 
0.935387 -0.351048 -0.042621 -0.946891 0.318565 0.043750 -0.245543 -0.701422 0.669116 -0.131938 -0.453552 0.881410 0.152759 0.445594 -0.882106 0.137261 0.740489 -0.657902 
0.927505 -0.371608 -0.040525 -0.940550 0.337333 0.039640 -0.253156 -0.664724 0.702889 -0.128166 -0.413461 0.901457 0.148812 0.405055 -0.902101 0.146080 0.707351 -0.691603 
0.920207 -0.389901 -0.034590 -0.934547 0.354140 0.034740 -0.258237 -0.625707 0.736074 -0.124653 -0.371306 0.920105 0.145137 0.362504 -0.920612 0.152078 0.671280 -0.725435 
0.914187 -0.404607 -0.023554 -0.928918 0.369263 0.027500 -0.259802 -0.584455 0.768710 -0.121529 -0.324835 0.937930 0.141879 0.315719 -0.938186 0.154149 0.631946 -0.759527 
0.908893 -0.416843 -0.012498 -0.924284 0.381203 0.019566 -0.258945 -0.539663 0.801069 -0.116206 -0.277744 0.953601 0.136440 0.268369 -0.953605 0.153530 0.589198 -0.793268 
0.904880 -0.425662 0.001852 -0.919540 0.392734 0.014375 -0.253930 -0.491886 0.832807 -0.110553 -0.226668 0.967677 0.130699 0.217111 -0.967357 0.147950 0.542142 -0.827159 
-0.225770 -0.400124 0.888217 0.902306 -0.430647 0.019691 -0.914907 0.403639 0.004523 0.126558 0.164571 -0.978212 0.141138 0.492938 -0.858541 
0.900098 -0.433759 0.040942 -0.913788 0.406105 -0.008388 -0.223511 -0.349603 0.909846 0.137831 0.444040 -0.885342 
0.133310 0.397755 -0.907755 -0.916809 0.398807 -0.020323 -0.220356 -0.301849 0.927540 0.900241 -0.431048 0.061344 
0.130894 0.358929 -0.924141 -0.919618 0.390555 -0.042070 -0.221998 -0.264298 0.938543 0.904911 -0.416280 0.088580 
0.132922 0.319705 -0.938147 -0.231423 -0.227853 0.945794 -0.920310 0.384855 -0.070111 0.908109 -0.396896 0.133462 
0.151053 0.277784 -0.948693 -0.250738 -0.184721 0.950267 -0.917928 0.384169 -0.099105 0.902136 -0.397188 0.168499 0.189861 -0.045410 -0.980760 
0.178364 0.242960 -0.953497 -0.271854 -0.143627 0.951560 -0.919081 0.376676 -0.115782 0.890557 -0.417197 0.181257 0.195861 -0.064702 -0.978495 
-0.788253 -0.478659 0.386707 0.725259 0.571319 -0.384179 0.882032 -0.429739 0.193248 0.204672 -0.074782 -0.975970 0.113193 0.409109 -0.905438 0.500686 0.763644 0.407630 
-0.791760 -0.473859 0.385453 0.730332 0.565646 -0.382961 0.880124 -0.428698 0.203962 0.213944 -0.080084 -0.973558 0.093295 0.373444 -0.922950 0.482286 0.794028 0.370026 
-0.793396 -0.471390 0.385116 0.732635 0.562252 -0.383560 0.881444 -0.421793 0.212477 0.222075 -0.082373 -0.971544 0.086801 0.355631 -0.930587 0.472734 0.807543 0.352701 
-0.794317 -0.469968 0.384956 0.734054 0.559908 -0.384276 0.882876 -0.415852 0.218165 0.228137 -0.082461 -0.970131 0.084715 0.346865 -0.934082 0.464040 0.815849 0.345047 
-0.795078 -0.468749 0.384871 0.735284 0.557936 -0.384792 0.883197 -0.413369 0.221559 0.231974 -0.082076 -0.969253 0.086662 0.343157 -0.935272 0.454079 0.822009 0.343677 
-0.795563 -0.467732 0.385104 0.736142 0.556291 -0.385533 0.883211 -0.411890 0.224244 0.234010 -0.083962 -0.968602 0.092720 0.340925 -0.935507 0.442429 0.827600 0.345450 
-0.795797 -0.467020 0.385486 0.736555 0.555035 -0.386551 0.883472 -0.409646 0.227305 0.235337 -0.088258 -0.967898 0.101467 0.340683 -0.934687 0.430977 0.831741 0.349951 
-0.795831 -0.466642 0.385874 0.736639 0.554169 -0.387632 0.883901 -0.407078 0.230232 0.236553 -0.092493 -0.967206 0.108064 0.343683 -0.932847 0.421583 0.833951 0.356081 
-0.795747 -0.466300 0.386459 0.736589 0.553475 -0.388719 0.884404 -0.404831 0.232254 0.237193 -0.095867 -0.966721 0.111405 0.345672 -0.931719 0.415483 0.835482 0.359643 
-0.795712 -0.466155 0.386706 0.736581 0.553101 -0.389266 0.884746 -0.403336 0.233547 0.237683 -0.097862 -0.966401 0.113512 0.346747 -0.931065 0.411431 0.836589 0.361723 
-0.795765 -0.466088 0.386677 0.736650 0.552942 -0.389360 0.884887 -0.402570 0.234332 0.238320 -0.098329 -0.966196 0.113942 0.346122 -0.931245 0.410146 0.837357 0.361404 
-0.795794 -0.466015 0.386706 0.736691 0.552906 -0.389335 0.884980 -0.402311 0.234429 0.238474 -0.098216 -0.966170 0.114580 0.343101 -0.932284 0.410550 0.838217 0.358944 
-0.795636 -0.466248 0.386750 0.736513 0.553166 -0.389301 0.885210 -0.401977 0.234131 0.238289 -0.097899 -0.966247 0.115578 0.341112 -0.932890 0.410783 0.838694 0.357562 
-0.795406 -0.466660 0.386728 0.736269 0.553612 -0.389128 0.885592 -0.401407 0.233667 0.237966 -0.097476 -0.966370 0.117622 0.337466 -0.933960 0.410537 0.839836 0.355155 
-0.795084 -0.467146 0.386802 0.735937 0.554113 -0.389044 0.886066 -0.400795 0.232915 0.237343 -0.097023 -0.966568 0.119286 0.334730 -0.934734 0.410204 0.840729 0.353423 
-0.794783 -0.467561 0.386919 0.735649 0.554551 -0.388965 0.886521 -0.400305 0.232025 0.236554 -0.096606 -0.966804 0.120859 0.331603 -0.935646 0.409839 0.841803 0.351282 
-0.794515 -0.467927 0.387028 0.735392 0.554930 -0.388912 0.886874 -0.400000 0.231205 0.235835 -0.096207 -0.967019 0.121871 0.329627 -0.936212 0.409492 0.842529 0.349943 
-0.794301 -0.468226 0.387105 0.735188 0.555244 -0.388848 0.887141 -0.399809 0.230508 0.235232 -0.095854 -0.967201 0.122730 0.327957 -0.936686 0.409188 0.843144 0.348818 
-0.794139 -0.468449 0.387168 0.735031 0.555476 -0.388812 0.887345 -0.399647 0.230003 0.234788 -0.095612 -0.967333 0.123354 0.326827 -0.936999 0.408969 0.843558 0.348073 
-0.794049 -0.468560 0.387218 0.734954 0.555594 -0.388790 0.887474 -0.399536 0.229699 0.234529 -0.095447 -0.967412 0.123618 0.325747 -0.937341 0.408840 0.843970 0.347223 
-0.794012 -0.468599 0.387247 0.734925 0.555637 -0.388784 0.887533 -0.399487 0.229553 0.234407 -0.095364 -0.967450 0.123652 0.325206 -0.937524 0.408830 0.844171 0.346747 
-0.793965 -0.468543 0.387411 0.734872 0.555580 -0.388965 0.887551 -0.399473 0.229510 0.234370 -0.095342 -0.967461 0.122592 0.325636 -0.937514 0.409376 0.843939 0.346668 
-0.794019 -0.468438 0.387428 0.734950 0.555506 -0.388924 0.887568 -0.399453 0.229479 0.234349 -0.095312 -0.967469 0.123042 0.323611 -0.938156 0.409577 0.844514 0.345026 
-0.794027 -0.468318 0.387556 0.734965 0.555408 -0.389035 0.887588 -0.399433 0.229437 0.234319 -0.095275 -0.967480 0.122592 0.322739 -0.938515 0.410202 0.844613 0.344040 
-0.794033 -0.468307 0.387556 0.734974 0.555403 -0.389024 0.887596 -0.399425 0.229419 0.234302 -0.095270 -0.967485 0.122751 0.322419 -0.938604 0.410219 0.844700 0.343806 
-0.794044 -0.468286 0.387560 0.734990 0.555387 -0.389017 0.887601 -0.399422 0.229406 0.234291 -0.095264 -0.967488 0.122827 0.322044 -0.938723 0.410248 0.844811 0.343498 
-0.794071 -0.468248 0.387550 0.735025 0.555365 -0.388984 0.887609 -0.399412 0.229393 0.234282 -0.095250 -0.967491 0.123174 0.321227 -0.938958 0.410337 0.845007 0.342910 
-0.794072 -0.468250 0.387545 0.735025 0.555368 -0.388978 0.887610 -0.399410 0.229393 0.234282 -0.095251 -0.967491 0.123236 0.321192 -0.938961 0.410338 0.845009 0.342904 
-0.794103 -0.468193 0.387550 0.735064 0.555326 -0.388964 0.887619 -0.399395 0.229382 0.234276 -0.095237 -0.967494 0.123500 0.320396 -0.939199 0.410490 0.845179 0.342303 
-0.794104 -0.468190 0.387553 0.735066 0.555324 -0.388964 0.887624 -0.399390 0.229372 0.234269 -0.095231 -0.967496 0.123500 0.320320 -0.939225 0.410509 0.845197 0.342233 
-0.794110 -0.468170 0.387564 0.735076 0.555307 -0.388969 0.887630 -0.399383 0.229359 0.234259 -0.095220 -0.967500 0.123499 0.320124 -0.939291 0.410573 0.845243 0.342045 
-0.794123 -0.468135 0.387580 0.735093 0.555281 -0.388974 0.887648 -0.399360 0.229333 0.234243 -0.095190 -0.967507 0.123596 0.319661 -0.939437 0.410720 0.845323 0.341669 
-0.794154 -0.468071 0.387594 0.735127 0.555232 -0.388979 0.887663 -0.399342 0.229304 0.234218 -0.095177 -0.967514 0.123853 0.319183 -0.939565 0.410990 0.845323 0.341345 
-0.794159 -0.468055 0.387604 0.735133 0.555218 -0.388989 0.887669 -0.399336 0.229292 0.234210 -0.095166 -0.967517 0.123846 0.319119 -0.939588 0.411085 0.845305 0.341274 
-0.794168 -0.468018 0.387630 0.735140 0.555194 -0.389010 0.887695 -0.399321 0.229217 0.234160 -0.095092 -0.967536 0.123936 0.318981 -0.939623 0.411441 0.845170 0.341180 
-0.794146 -0.468018 0.387674 0.735121 0.555203 -0.389033 0.887751 -0.399289 0.229056 0.234044 -0.094961 -0.967577 0.123957 0.318740 -0.939702 0.411726 0.845116 0.340971 
-0.794122 -0.468030 0.387709 0.735098 0.555221 -0.389051 0.887803 -0.399244 0.228934 0.233947 -0.094880 -0.967609 0.123985 0.318497 -0.939780 0.411884 0.845123 0.340761 
-0.794117 -0.467998 0.387758 0.735093 0.555199 -0.389092 0.887843 -0.399215 0.228828 0.233862 -0.094809 -0.967636 0.124054 0.318345 -0.939823 0.412220 0.845007 0.340643 
-0.794098 -0.467985 0.387811 0.735072 0.555195 -0.389137 0.887889 -0.399185 0.228704 0.233757 -0.094741 -0.967668 0.124074 0.318302 -0.939835 0.412512 0.844884 0.340595 
-0.794075 -0.467972 0.387876 0.735045 0.555190 -0.389196 0.887928 -0.399161 0.228592 0.233633 -0.094745 -0.967698 0.124192 0.318260 -0.939833 0.412724 0.844777 0.340603 
-0.794056 -0.467948 0.387943 0.735022 0.555173 -0.389263 0.887961 -0.399134 0.228512 0.233532 -0.094775 -0.967719 0.124255 0.318261 -0.939825 0.412924 0.844669 0.340629 
-0.794048 -0.467929 0.387982 0.735008 0.555162 -0.389305 0.887982 -0.399123 0.228449 0.233462 -0.094778 -0.967736 0.124338 0.318352 -0.939783 0.413162 0.844506 0.340745 
-0.794073 -0.467854 0.388020 0.735027 0.555104 -0.389351 0.887997 -0.399118 0.228399 0.233426 -0.094737 -0.967749 0.124491 0.318331 -0.939770 0.413668 0.844246 0.340774 
-0.794063 -0.467846 0.388051 0.735011 0.555102 -0.389384 0.888015 -0.399109 0.228345 0.233364 -0.094744 -0.967763 0.124601 0.318441 -0.939718 0.413848 0.844103 0.340911 
-0.794078 -0.467805 0.388070 0.735019 0.555072 -0.389413 0.888021 -0.399103 0.228330 0.233346 -0.094746 -0.967767 0.124747 0.318483 -0.939684 0.414160 0.843911 0.341007 
-0.794093 -0.467766 0.388087 0.735027 0.555043 -0.389438 0.888027 -0.399100 0.228314 0.233331 -0.094740 -0.967771 0.124858 0.318539 -0.939651 0.414458 0.843728 0.341097 
-0.794090 -0.467735 0.388129 0.735018 0.555023 -0.389485 0.888048 -0.399091 0.228246 0.233262 -0.094730 -0.967789 0.124983 0.318649 -0.939597 0.414774 0.843516 0.341238 
-0.794090 -0.467696 0.388177 0.735010 0.554995 -0.389539 0.888067 -0.399087 0.228179 0.233190 -0.094729 -0.967806 0.125045 0.318809 -0.939534 0.415119 0.843282 0.341397 
-0.794076 -0.467680 0.388225 0.734989 0.554988 -0.389590 0.888099 -0.399062 0.228101 0.233102 -0.094736 -0.967827 0.125197 0.318905 -0.939481 0.415386 0.843095 0.341534 
-0.794100 -0.467598 0.388276 0.735005 0.554924 -0.389650 0.888119 -0.399046 0.228051 0.233047 -0.094736 -0.967840 0.125399 0.318816 -0.939485 0.415905 0.842837 0.341540 
-0.794109 -0.467559 0.388304 0.735008 0.554895 -0.389685 0.888130 -0.399035 0.228028 0.233017 -0.094746 -0.967846 0.125530 0.318844 -0.939458 0.416195 0.842664 0.341612 
-0.794115 -0.467523 0.388334 0.735010 0.554868 -0.389719 0.888141 -0.399030 0.227994 0.232976 -0.094753 -0.967855 0.125634 0.318857 -0.939439 0.416441 0.842525 0.341656 
-0.794132 -0.467471 0.388363 0.735020 0.554829 -0.389756 0.888151 -0.399023 0.227968 0.232946 -0.094758 -0.967862 0.125808 0.318851 -0.939418 0.416789 0.842328 0.341717 
-0.794142 -0.467421 0.388403 0.735026 0.554790 -0.389801 0.888164 -0.399016 0.227927 0.232893 -0.094777 -0.967873 0.125946 0.318822 -0.939409 0.417090 0.842170 0.341738 
-0.794147 -0.467386 0.388435 0.735029 0.554765 -0.389831 0.888170 -0.399041 0.227860 0.232815 -0.094787 -0.967891 0.126044 0.318872 -0.939379 0.417302 0.842028 0.341831 
-0.794155 -0.467339 0.388475 0.735033 0.554730 -0.389873 0.888180 -0.399060 0.227789 0.232732 -0.094800 -0.967909 0.126196 0.318928 -0.939340 0.417585 0.841845 0.341936 
-0.794165 -0.467270 0.388536 0.735041 0.554676 -0.389933 0.888201 -0.399070 0.227690 0.232616 -0.094818 -0.967936 0.126375 0.318905 -0.939324 0.417974 0.841639 0.341969 
-0.794170 -0.467209 0.388599 0.735045 0.554629 -0.389995 0.888221 -0.399080 0.227592 0.232502 -0.094837 -0.967961 0.126528 0.318884 -0.939310 0.418288 0.841466 0.342009 
-0.794172 -0.467156 0.388660 0.735045 0.554588 -0.390053 0.888237 -0.399113 0.227471 0.232365 -0.094845 -0.967993 0.126660 0.318982 -0.939259 0.418580 0.841264 0.342148 
-0.794161 -0.467130 0.388713 0.735035 0.554570 -0.390098 0.888256 -0.399143 0.227346 0.232224 -0.094860 -0.968026 0.126736 0.319045 -0.939227 0.418738 0.841149 0.342238 
-0.794175 -0.467051 0.388780 0.735043 0.554505 -0.390173 0.888272 -0.399164 0.227246 0.232123 -0.094844 -0.968051 0.126861 0.319259 -0.939138 0.419212 0.840823 0.342460 
-0.794188 -0.466971 0.388849 0.735061 0.554443 -0.390228 0.888296 -0.399192 0.227102 0.231961 -0.094855 -0.968089 0.127124 0.318982 -0.939197 0.419530 0.840722 0.342318 
-0.794182 -0.466918 0.388926 0.735049 0.554403 -0.390308 0.888331 -0.399178 0.226993 0.231833 -0.094873 -0.968118 0.127332 0.319030 -0.939152 0.419904 0.840485 0.342441 
-0.794233 -0.466711 0.389069 0.735097 0.554226 -0.390469 0.888367 -0.399163 0.226877 0.231707 -0.094871 -0.968148 0.127603 0.318899 -0.939160 0.420807 0.840042 0.342420 
-0.794188 -0.466676 0.389202 0.735051 0.554189 -0.390608 0.888420 -0.399130 0.226729 0.231494 -0.094988 -0.968188 0.127713 0.319189 -0.939046 0.420878 0.839885 0.342715 
-0.794177 -0.466588 0.389330 0.735037 0.554114 -0.390741 0.888460 -0.399102 0.226622 0.231334 -0.095082 -0.968217 0.127900 0.319148 -0.939035 0.421209 0.839702 0.342757 
-0.794158 -0.466543 0.389424 0.735021 0.554076 -0.390825 0.888499 -0.399112 0.226448 0.231147 -0.095078 -0.968262 0.127914 0.319169 -0.939026 0.421444 0.839578 0.342774 
-0.794130 -0.466531 0.389495 0.734994 0.554068 -0.390887 0.888535 -0.399095 0.226336 0.231015 -0.095100 -0.968291 0.127970 0.319135 -0.939030 0.421537 0.839534 0.342768 
-0.794152 -0.466435 0.389565 0.735009 0.553994 -0.390965 0.888567 -0.399080 0.226239 0.230928 -0.095058 -0.968316 0.128191 0.319099 -0.939012 0.422171 0.839198 0.342809 
-0.794131 -0.466394 0.389657 0.734984 0.553957 -0.391064 0.888621 -0.399022 0.226128 0.230809 -0.095051 -0.968345 0.128316 0.319224 -0.938952 0.422420 0.839007 0.342969 
-0.794102 -0.466321 0.389803 0.734953 0.553891 -0.391215 0.888687 -0.398953 0.225989 0.230622 -0.095131 -0.968382 0.128427 0.319232 -0.938934 0.422734 0.838827 0.343023 
-0.794108 -0.466244 0.389883 0.734964 0.553826 -0.391287 0.888702 -0.399011 0.225829 0.230449 -0.095130 -0.968423 0.128559 0.319266 -0.938905 0.423004 0.838661 0.343096 
-0.794085 -0.466238 0.389938 0.734940 0.553817 -0.391345 0.888729 -0.398987 0.225766 0.230366 -0.095160 -0.968440 0.128559 0.319405 -0.938857 0.423037 0.838592 0.343224 
-0.794082 -0.466213 0.389972 0.734941 0.553797 -0.391371 0.888734 -0.399020 0.225688 0.230276 -0.095172 -0.968460 0.128593 0.319397 -0.938855 0.423099 0.838560 0.343227 
-0.794098 -0.466155 0.390011 0.734954 0.553746 -0.391418 0.888743 -0.399008 0.225676 0.230255 -0.095191 -0.968463 0.128635 0.319412 -0.938845 0.423361 0.838417 0.343253 
-0.794090 -0.466136 0.390049 0.734949 0.553728 -0.391453 0.888745 -0.399035 0.225617 0.230170 -0.095236 -0.968479 0.128676 0.319473 -0.938818 0.423348 0.838397 0.343316 
-0.794105 -0.466081 0.390084 0.734963 0.553681 -0.391494 0.888743 -0.399052 0.225596 0.230133 -0.095268 -0.968485 0.128740 0.319510 -0.938797 0.423541 0.838271 0.343386 
-0.794117 -0.465969 0.390194 0.734969 0.553579 -0.391626 0.888773 -0.399027 0.225523 0.230043 -0.095290 -0.968504 0.128795 0.319745 -0.938709 0.424067 0.837918 0.343600 
-0.794094 -0.465950 0.390263 0.734947 0.553562 -0.391692 0.888789 -0.399047 0.225421 0.229911 -0.095340 -0.968531 0.128787 0.319924 -0.938649 0.424107 0.837836 0.343749 
-0.794099 -0.465865 0.390356 0.734956 0.553491 -0.391775 0.888819 -0.399076 0.225252 0.229733 -0.095324 -0.968574 0.128933 0.319835 -0.938660 0.424478 0.837656 0.343730 
-0.794067 -0.465840 0.390449 0.734923 0.553463 -0.391876 0.888861 -0.399035 0.225160 0.229617 -0.095360 -0.968598 0.128808 0.320112 -0.938582 0.424600 0.837518 0.343916 
-0.794047 -0.465806 0.390531 0.734908 0.553433 -0.391948 0.888883 -0.399074 0.225006 0.229444 -0.095373 -0.968638 0.128836 0.320243 -0.938534 0.424697 0.837418 0.344040 
-0.794039 -0.465779 0.390580 0.734903 0.553412 -0.391986 0.888898 -0.399096 0.224905 0.229333 -0.095374 -0.968664 0.128843 0.320188 -0.938551 0.424822 0.837373 0.343994 
-0.794033 -0.465731 0.390648 0.734897 0.553370 -0.392056 0.888934 -0.399074 0.224804 0.229248 -0.095317 -0.968690 0.128829 0.320256 -0.938530 0.425127 0.837204 0.344031 
-0.793959 -0.465620 0.390931 0.734804 0.553257 -0.392389 0.888965 -0.399065 0.224697 0.229127 -0.095328 -0.968717 0.127360 0.321596 -0.938273 0.426089 0.836497 0.344558 
-0.793959 -0.465617 0.390935 0.734807 0.553255 -0.392388 0.888962 -0.399101 0.224646 0.229080 -0.095310 -0.968730 0.127388 0.321713 -0.938229 0.426079 0.836457 0.344667 
-0.793969 -0.465603 0.390931 0.734818 0.553242 -0.392385 0.888959 -0.399108 0.224642 0.229085 -0.095289 -0.968731 0.127408 0.321699 -0.938231 0.426136 0.836431 0.344663 
-0.793969 -0.465561 0.390981 0.734819 0.553202 -0.392440 0.888974 -0.399101 0.224596 0.229029 -0.095303 -0.968743 0.127388 0.321775 -0.938207 0.426268 0.836341 0.344717 
-0.793976 -0.465527 0.391007 0.734829 0.553170 -0.392465 0.888962 -0.399163 0.224532 0.228956 -0.095307 -0.968760 0.127429 0.321955 -0.938140 0.426334 0.836234 0.344895 
-0.793988 -0.465484 0.391034 0.734840 0.553132 -0.392499 0.888949 -0.399224 0.224476 0.228907 -0.095284 -0.968774 0.127513 0.322240 -0.938031 0.426484 0.836040 0.345180 
-0.793991 -0.465444 0.391077 0.734839 0.553094 -0.392554 0.888940 -0.399279 0.224412 0.228859 -0.095237 -0.968790 0.127547 0.322656 -0.937883 0.426677 0.835783 0.345563 
-0.793985 -0.465382 0.391162 0.734834 0.553041 -0.392638 0.888951 -0.399348 0.224247 0.228714 -0.095159 -0.968832 0.127609 0.322905 -0.937789 0.426978 0.835533 0.345795 
-0.793947 -0.465402 0.391216 0.734794 0.553053 -0.392695 0.888959 -0.399429 0.224070 0.228593 -0.095004 -0.968875 0.127450 0.323694 -0.937539 0.427052 0.835237 0.346419 
-0.793882 -0.465460 0.391277 0.734732 0.553100 -0.392747 0.888985 -0.399515 0.223813 0.228401 -0.094805 -0.968940 0.127152 0.324539 -0.937287 0.427041 0.834985 0.347039 
-0.793803 -0.465524 0.391363 0.734662 0.553152 -0.392804 0.889030 -0.399613 0.223463 0.228133 -0.094552 -0.969028 0.126715 0.325247 -0.937101 0.427037 0.834803 0.347482 
-0.793718 -0.465586 0.391459 0.734590 0.553204 -0.392866 0.889083 -0.399702 0.223092 0.227850 -0.094284 -0.969121 0.126251 0.325808 -0.936968 0.427055 0.834671 0.347776 
-0.793657 -0.465620 0.391543 0.734539 0.553225 -0.392930 0.889152 -0.399771 0.222693 0.227585 -0.093907 -0.969220 0.125933 0.326676 -0.936709 0.427263 0.834299 0.348411 
