1.966321 0.200723 0.002917 2.101715 0.181792 0.002935 2.077168 -0.030979 0.004947 1.940105 -0.014921 0.004958 
1.966321 0.200719 0.003113 2.101714 0.181788 0.003127 2.077167 -0.030983 0.004951 1.940105 -0.014926 0.004962 
1.966316 0.200806 0.003432 2.101707 0.181858 0.003343 2.077133 -0.030915 0.004681 1.940073 -0.014840 0.004790 
1.966571 0.200792 0.003103 2.101974 0.181937 0.003741 2.077541 -0.030852 0.004900 1.940471 -0.014872 0.004273 
1.966509 0.200663 0.002921 2.101918 0.181848 0.003413 2.077548 -0.030946 0.004893 1.940472 -0.015007 0.004418 
1.966510 0.200661 0.003113 2.101919 0.181846 0.003560 2.077549 -0.030950 0.004900 1.940473 -0.015010 0.004468 
1.966489 0.200531 0.002898 2.101906 0.181769 0.003398 2.077618 -0.031034 0.004987 1.940536 -0.015148 0.004505 
1.966460 0.200410 0.002787 2.101882 0.181689 0.003248 2.077659 -0.031120 0.005014 1.940572 -0.015276 0.004574 
1.966525 0.200221 0.002223 2.101956 0.181582 0.003118 2.077853 -0.031237 0.005374 1.940759 -0.015475 0.004503 
1.966527 0.200217 0.002480 2.101958 0.181577 0.003297 2.077856 -0.031244 0.005333 1.940761 -0.015481 0.004538 
1.966523 0.200215 0.002710 2.101954 0.181574 0.003632 2.077851 -0.031248 0.005478 1.940757 -0.015485 0.004573 
1.966503 0.200214 0.002917 2.101929 0.181591 0.004551 2.077845 -0.031235 0.006236 1.940755 -0.015489 0.004609 
1.966606 0.200338 0.003156 2.101889 0.180705 0.004866 2.076213 -0.031934 0.006706 1.939246 -0.015165 0.005005 
1.966606 0.200335 0.003319 2.101838 0.180360 0.005031 2.075627 -0.032215 0.006696 1.938703 -0.015100 0.004992 
1.966605 0.200332 0.003467 2.101817 0.180220 0.005202 2.075391 -0.032329 0.006716 1.938485 -0.015076 0.004987 
1.966594 0.200331 0.003602 2.101801 0.180219 0.005668 2.075375 -0.032331 0.007045 1.938473 -0.015078 0.004978 
1.966534 0.200335 0.003726 2.101808 0.180965 0.007655 2.076524 -0.031725 0.008916 1.939571 -0.015223 0.004967 
1.966489 0.200339 0.003838 2.101672 0.180658 0.009151 2.075882 -0.031971 0.010313 1.939015 -0.015155 0.004964 
1.966488 0.200345 0.003936 2.101288 0.178215 0.009334 2.071631 -0.033907 0.010823 1.935095 -0.014611 0.005394 
1.725170 0.309881 0.007482 1.859875 0.332580 0.012885 1.891809 0.117828 0.020320 1.755360 0.097954 0.014760 1.966524 0.200333 0.004028 2.101153 0.176941 0.008211 2.069544 -0.034901 0.009329 1.933151 -0.014326 0.005122 
1.732991 0.308744 0.004694 1.867745 0.330970 0.010798 1.899071 0.116032 0.014548 1.762582 0.096638 0.008333 1.966558 0.200322 0.004109 2.101196 0.176816 0.007234 2.069427 -0.035004 0.008092 1.933023 -0.014313 0.004949 
1.732863 0.308680 0.004731 1.867552 0.331063 0.011635 1.899201 0.116151 0.013780 1.762773 0.096597 0.006779 1.966549 0.200322 0.004187 2.101180 0.176816 0.007587 2.069411 -0.035005 0.008370 1.933013 -0.014314 0.004947 
1.732623 0.308647 0.004767 1.867315 0.330836 0.012221 1.898651 0.115878 0.014378 1.762225 0.096521 0.006821 1.966520 0.200325 0.004258 2.101127 0.176823 0.008539 2.069354 -0.034997 0.009260 1.932982 -0.014311 0.004949 
1.731850 0.308659 0.004781 1.866542 0.330724 0.012595 1.897643 0.115738 0.015368 1.761219 0.096508 0.007440 1.966494 0.200328 0.004322 2.101076 0.176830 0.009371 2.069300 -0.034989 0.010071 1.932954 -0.014307 0.004983 
1.729635 0.308678 0.004794 1.864317 0.330787 0.012648 1.895462 0.115814 0.015862 1.759047 0.096539 0.007888 1.966512 0.200345 0.004376 2.101081 0.176941 0.010151 2.069435 -0.034898 0.011045 1.933103 -0.014311 0.005226 
1.726617 0.308685 0.004808 1.861282 0.330958 0.012488 1.892673 0.116025 0.015988 1.756273 0.096584 0.008184 1.966495 0.200349 0.004428 2.101043 0.176955 0.010711 2.069401 -0.034884 0.011682 1.933090 -0.014306 0.005352 
1.723670 0.308690 0.004820 1.858327 0.331097 0.012244 1.889927 0.116198 0.015898 1.753532 0.096621 0.008351 1.966482 0.200347 0.004474 2.100997 0.176860 0.011113 2.069210 -0.034957 0.011918 1.932931 -0.014286 0.005226 
1.721878 0.308694 0.004831 1.856544 0.331097 0.012099 1.888135 0.116198 0.015856 1.751730 0.096625 0.008465 1.966474 0.200343 0.004515 2.100947 0.176691 0.011385 2.068907 -0.035089 0.011959 1.932666 -0.014250 0.005030 
1.721264 0.308695 0.004842 1.855939 0.331055 0.012077 1.887459 0.116146 0.015868 1.751047 0.096617 0.008509 1.966468 0.200343 0.004552 2.100928 0.176653 0.011571 2.068830 -0.035119 0.012076 1.932602 -0.014242 0.004997 
1.721243 0.308693 0.004851 1.855917 0.331059 0.012095 1.887451 0.116151 0.015802 1.751039 0.096615 0.008437 1.966468 0.200342 0.004586 2.100927 0.176651 0.011612 2.068830 -0.035121 0.012084 1.932602 -0.014243 0.004996 
1.721158 0.308674 0.004873 1.855832 0.331065 0.012045 1.887416 0.116161 0.015573 1.751004 0.096600 0.008282 1.966471 0.200341 0.004617 2.100934 0.176648 0.011556 2.068837 -0.035124 0.011996 1.932605 -0.014244 0.004996 
1.721041 0.308655 0.004890 1.855718 0.331066 0.011934 1.887351 0.116165 0.015196 1.750935 0.096584 0.008038 1.966477 0.200339 0.004644 2.100947 0.176644 0.011429 2.068850 -0.035128 0.011840 1.932611 -0.014246 0.004995 
1.721018 0.308640 0.004903 1.855700 0.331067 0.011799 1.887375 0.116169 0.014787 1.750953 0.096571 0.007783 1.966484 0.200338 0.004668 2.100965 0.176640 0.011245 2.068867 -0.035132 0.011629 1.932618 -0.014247 0.004994 
1.720851 0.308611 0.004926 1.855539 0.331069 0.011600 1.887274 0.116177 0.014429 1.750845 0.096548 0.007651 1.966493 0.200336 0.004689 2.100985 0.176635 0.011018 2.068887 -0.035137 0.011376 1.932627 -0.014249 0.004991 
1.720307 0.308610 0.004932 1.854998 0.331132 0.011334 1.886839 0.116255 0.014094 1.750406 0.096562 0.007592 1.966503 0.200334 0.004708 2.101007 0.176630 0.010767 2.068909 -0.035142 0.011101 1.932636 -0.014251 0.004989 
1.718465 0.308160 0.004935 1.853140 0.330901 0.010884 1.885331 0.116077 0.013737 1.748910 0.096162 0.007690 1.966512 0.200332 0.004725 2.101028 0.176625 0.010511 2.068930 -0.035147 0.010824 1.932646 -0.014253 0.004986 
1.716335 0.306941 0.004941 1.850990 0.329939 0.010328 1.883589 0.115179 0.013397 1.747182 0.095004 0.007916 1.966521 0.200330 0.004741 2.101046 0.176621 0.010279 2.068949 -0.035151 0.010569 1.932654 -0.014255 0.004982 
1.714686 0.305243 0.004947 1.849314 0.328496 0.009879 1.882314 0.113803 0.013276 1.745928 0.093368 0.008248 1.966529 0.200328 0.004756 2.101063 0.176617 0.010074 2.068965 -0.035155 0.010342 1.932662 -0.014257 0.004977 
1.713341 0.303076 0.004952 1.847948 0.326535 0.009461 1.881266 0.111898 0.013298 1.744897 0.091255 0.008691 1.966536 0.200326 0.004770 2.101078 0.176614 0.009884 2.068980 -0.035159 0.010132 1.932669 -0.014259 0.004972 
1.712428 0.301184 0.004956 1.847020 0.324793 0.009109 1.880572 0.110201 0.013361 1.744214 0.089406 0.009108 1.966543 0.200325 0.004783 2.101092 0.176610 0.009696 2.068994 -0.035162 0.009924 1.932676 -0.014260 0.004967 
1.711892 0.299816 0.005004 1.846468 0.323570 0.008874 1.880246 0.109020 0.013455 1.743902 0.088078 0.009483 1.966541 0.200302 0.004786 2.101099 0.176597 0.009499 2.069019 -0.035178 0.009722 1.932692 -0.014286 0.004966 
1.711542 0.299068 0.005241 1.846107 0.322920 0.008866 1.880043 0.108398 0.013593 1.743708 0.087357 0.009867 1.966548 0.200301 0.004796 2.101112 0.176595 0.009317 2.069032 -0.035180 0.009525 1.932699 -0.014287 0.004963 
1.711394 0.298552 0.005536 1.845958 0.322440 0.008941 1.879955 0.107930 0.013798 1.743619 0.086853 0.010292 1.966554 0.200299 0.004806 2.101124 0.176592 0.009150 2.069044 -0.035183 0.009344 1.932706 -0.014289 0.004961 
1.711328 0.298101 0.005812 1.845895 0.322006 0.009007 1.879919 0.107504 0.014037 1.743580 0.086410 0.010740 1.966560 0.200298 0.004814 2.101135 0.176590 0.008992 2.069056 -0.035185 0.009175 1.932712 -0.014290 0.004959 
1.711272 0.297741 0.006009 1.845840 0.321663 0.008999 1.879893 0.107171 0.014219 1.743552 0.086059 0.011126 1.966566 0.200297 0.004821 2.101145 0.176588 0.008840 2.069066 -0.035187 0.009014 1.932717 -0.014291 0.004958 
1.711223 0.297469 0.006131 1.845792 0.321408 0.008919 1.879875 0.106926 0.014339 1.743533 0.085796 0.011447 1.966571 0.200296 0.004827 2.101155 0.176586 0.008694 2.069076 -0.035189 0.008859 1.932723 -0.014292 0.004958 
1.711170 0.297193 0.006201 1.845740 0.321151 0.008788 1.879855 0.106680 0.014436 1.743511 0.085530 0.011745 1.966576 0.200295 0.004833 2.101164 0.176584 0.008553 2.069085 -0.035191 0.008711 1.932728 -0.014293 0.004957 
1.711102 0.296836 0.006236 1.845672 0.320816 0.008616 1.879823 0.106358 0.014538 1.743479 0.085186 0.012051 1.966581 0.200294 0.004838 2.101173 0.176583 0.008416 2.069094 -0.035192 0.008568 1.932733 -0.014294 0.004957 
1.711018 0.296385 0.006241 1.845587 0.320390 0.008411 1.879779 0.105947 0.014651 1.743435 0.084750 0.012371 1.966586 0.200293 0.004842 2.101181 0.176581 0.008283 2.069102 -0.035194 0.008430 1.932738 -0.014295 0.004957 
1.710921 0.295869 0.006222 1.845489 0.319900 0.008178 1.879725 0.105475 0.014768 1.743383 0.084252 0.012700 1.966591 0.200292 0.004846 2.101189 0.176580 0.008152 2.069110 -0.035195 0.008295 1.932743 -0.014296 0.004958 
1.710820 0.295327 0.006186 1.845386 0.319386 0.007926 1.879668 0.104979 0.014885 1.743327 0.083728 0.013030 1.966596 0.200292 0.004849 2.101197 0.176578 0.008024 2.069118 -0.035197 0.008162 1.932748 -0.014296 0.004959 
1.710718 0.294788 0.006141 1.845281 0.318874 0.007665 1.879612 0.104488 0.015001 1.743272 0.083208 0.013359 1.966600 0.200291 0.004851 2.101204 0.176577 0.007896 2.069126 -0.035198 0.008032 1.932752 -0.014297 0.004960 
1.710618 0.294265 0.006096 1.845179 0.318379 0.007404 1.879558 0.104014 0.015119 1.743221 0.082707 0.013689 1.966605 0.200290 0.004854 2.101212 0.176576 0.007768 2.069133 -0.035199 0.007902 1.932757 -0.014298 0.004961 
1.710521 0.293762 0.006059 1.845079 0.317903 0.007151 1.879507 0.103560 0.015238 1.743172 0.082224 0.014021 1.966610 0.200289 0.004855 2.101219 0.176575 0.007640 2.069141 -0.035200 0.007772 1.932762 -0.014299 0.004962 
1.710418 0.293275 0.006033 1.844973 0.317441 0.006910 1.879450 0.103120 0.015361 1.743117 0.081758 0.014357 1.966614 0.200289 0.004857 2.101226 0.176573 0.007511 2.069148 -0.035202 0.007642 1.932766 -0.014299 0.004963 
1.710303 0.292803 0.006027 1.844855 0.316993 0.006685 1.879377 0.102693 0.015488 1.743047 0.081308 0.014699 1.966619 0.200288 0.004858 2.101233 0.176572 0.007382 2.069155 -0.035203 0.007512 1.932771 -0.014300 0.004965 
1.710176 0.292348 0.006042 1.844725 0.316558 0.006481 1.879292 0.102279 0.015619 1.742963 0.080873 0.015047 1.966624 0.200287 0.004859 2.101240 0.176571 0.007251 2.069162 -0.035204 0.007381 1.932776 -0.014301 0.004967 
1.710048 0.291913 0.006083 1.844594 0.316142 0.006301 1.879202 0.101884 0.015752 1.742876 0.080458 0.015398 1.966628 0.200287 0.004860 2.101247 0.176570 0.007117 2.069169 -0.035205 0.007246 1.932781 -0.014301 0.004969 
1.709928 0.291506 0.006149 1.844471 0.315753 0.006148 1.879120 0.101514 0.015887 1.742796 0.080069 0.015750 1.966633 0.200286 0.004860 2.101255 0.176569 0.006978 2.069177 -0.035206 0.007107 1.932786 -0.014302 0.004971 
1.709825 0.291133 0.006246 1.844365 0.315397 0.006028 1.879054 0.101176 0.016020 1.742733 0.079715 0.016098 1.966639 0.200285 0.004860 2.101262 0.176568 0.006832 2.069184 -0.035207 0.006961 1.932791 -0.014303 0.004973 
1.709742 0.290800 0.006374 1.844279 0.315079 0.005942 1.879006 0.100875 0.016152 1.742688 0.079398 0.016443 1.966644 0.200284 0.004860 2.101270 0.176567 0.006678 2.069192 -0.035208 0.006808 1.932797 -0.014304 0.004975 
1.709676 0.290511 0.006540 1.844210 0.314804 0.005897 1.878975 0.100614 0.016283 1.742659 0.079123 0.016785 1.966650 0.200283 0.004860 2.101277 0.176566 0.006515 2.069200 -0.035209 0.006646 1.932802 -0.014305 0.004977 
1.709617 0.290284 0.006745 1.844147 0.314587 0.005891 1.878945 0.100409 0.016410 1.742632 0.078907 0.017124 1.966661 0.200265 0.004778 2.101292 0.176560 0.006309 2.069234 -0.035218 0.006533 1.932833 -0.014326 0.004990 
1.709529 0.290163 0.007010 1.844057 0.314473 0.005938 1.878881 0.100302 0.016527 1.742571 0.078794 0.017460 1.966673 0.200241 0.004687 2.101307 0.176547 0.006101 2.069266 -0.035233 0.006433 1.932862 -0.014353 0.005010 
1.709505 0.290108 0.007350 1.844030 0.314426 0.006068 1.878883 0.100261 0.016680 1.742575 0.078745 0.017825 1.966680 0.200241 0.004703 2.101317 0.176554 0.005926 2.069287 -0.035228 0.006319 1.932880 -0.014354 0.005089 
1.709508 0.290084 0.007748 1.844028 0.314413 0.006254 1.878916 0.100254 0.016847 1.742613 0.078725 0.018205 1.966687 0.200242 0.004718 2.101329 0.176567 0.005737 2.069318 -0.035218 0.006207 1.932907 -0.014356 0.005186 
1.709404 0.290069 0.008241 1.843920 0.314403 0.006515 1.878834 0.100245 0.017057 1.742533 0.078712 0.018651 1.966691 0.200242 0.004734 2.101334 0.176576 0.005652 2.069338 -0.035211 0.006148 1.932926 -0.014359 0.005227 
1.709137 0.290142 0.008855 1.843653 0.314460 0.006872 1.878561 0.100296 0.017313 1.742262 0.078779 0.019167 1.966693 0.200242 0.004749 2.101337 0.176577 0.005600 2.069343 -0.035210 0.006117 1.932930 -0.014359 0.005264 
1.708777 0.290250 0.009524 1.843293 0.314542 0.007272 1.878181 0.100369 0.017577 1.741881 0.078878 0.019704 1.966695 0.200241 0.004763 2.101340 0.176577 0.005549 2.069347 -0.035211 0.006056 1.932933 -0.014360 0.005270 
1.708415 0.290359 0.010211 1.842931 0.314625 0.007692 1.877797 0.100440 0.017830 1.741497 0.078976 0.020230 1.966698 0.200240 0.004776 2.101343 0.176575 0.005496 2.069349 -0.035212 0.005968 1.932936 -0.014361 0.005247 
1.708114 0.290442 0.010886 1.842629 0.314689 0.008112 1.877483 0.100493 0.018061 1.741185 0.079048 0.020722 1.966700 0.200239 0.004788 2.101345 0.176573 0.005442 2.069351 -0.035214 0.005851 1.932937 -0.014363 0.005197 
1.707888 0.290490 0.011541 1.842399 0.314728 0.008527 1.877253 0.100522 0.018267 1.740959 0.079087 0.021171 1.966702 0.200236 0.004801 2.101347 0.176570 0.005385 2.069353 -0.035217 0.005703 1.932939 -0.014365 0.005118 
1.707709 0.290504 0.012179 1.842215 0.314739 0.008942 1.877079 0.100524 0.018451 1.740789 0.079092 0.021585 1.966704 0.200233 0.004812 2.101350 0.176567 0.005324 2.069356 -0.035221 0.005520 1.932941 -0.014368 0.005006 
1.707608 0.290582 0.012853 1.842110 0.314811 0.009409 1.876976 0.100586 0.018670 1.740690 0.079160 0.022017 1.966706 0.200232 0.004825 2.101352 0.176566 0.005263 2.069359 -0.035222 0.005433 1.932944 -0.014369 0.004993 
1.707500 0.290692 0.013540 1.841999 0.314914 0.009891 1.876861 0.100677 0.018899 1.740580 0.079259 0.022456 1.966709 0.200231 0.004837 2.101355 0.176565 0.005202 2.069362 -0.035223 0.005357 1.932947 -0.014370 0.004991 
1.707355 0.290849 0.014238 1.841851 0.315056 0.010382 1.876701 0.100808 0.019136 1.740423 0.079403 0.022905 1.966711 0.200231 0.004849 2.101358 0.176564 0.005142 2.069364 -0.035224 0.005282 1.932949 -0.014371 0.004988 
1.707171 0.291051 0.014952 1.841663 0.315240 0.010887 1.876494 0.100978 0.019384 1.740219 0.079592 0.023367 1.966713 0.200230 0.004860 2.101360 0.176563 0.005094 2.069367 -0.035225 0.005221 1.932951 -0.014372 0.004986 
1.706964 0.291288 0.015665 1.841454 0.315456 0.011393 1.876258 0.101179 0.019633 1.739986 0.079816 0.023829 1.966715 0.200229 0.004871 2.101362 0.176563 0.005049 2.069369 -0.035225 0.005163 1.932953 -0.014372 0.004984 
1.706738 0.291519 0.016371 1.841225 0.315666 0.011898 1.876003 0.101376 0.019892 1.739735 0.080033 0.024294 1.966716 0.200229 0.004878 2.101362 0.176563 0.005042 2.069369 -0.035225 0.005147 1.932954 -0.014372 0.004983 
1.706497 0.291750 0.017055 1.840982 0.315875 0.012387 1.875731 0.101571 0.020144 1.739465 0.080252 0.024747 1.966716 0.200229 0.004884 2.101363 0.176562 0.005036 2.069370 -0.035226 0.005133 1.932954 -0.014373 0.004981 
1.706267 0.291967 0.017699 1.840749 0.316070 0.012847 1.875468 0.101753 0.020383 1.739206 0.080456 0.025174 1.966717 0.200229 0.004890 2.101363 0.176562 0.005029 2.069370 -0.035226 0.005119 1.932955 -0.014373 0.004980 
1.706066 0.292157 0.018289 1.840545 0.316241 0.013271 1.875239 0.101913 0.020601 1.738979 0.080636 0.025564 1.966717 0.200228 0.004895 2.101364 0.176562 0.005022 2.069370 -0.035226 0.005106 1.932955 -0.014373 0.004979 
1.705902 0.292320 0.018820 1.840379 0.316388 0.013654 1.875052 0.102051 0.020797 1.738795 0.080788 0.025912 1.966718 0.200228 0.004900 2.101364 0.176562 0.005017 2.069371 -0.035226 0.005094 1.932955 -0.014373 0.004977 
1.705772 0.292459 0.019292 1.840245 0.316515 0.013997 1.874901 0.102170 0.020970 1.738648 0.080920 0.026218 1.966718 0.200228 0.004905 2.101365 0.176561 0.005011 2.069371 -0.035227 0.005082 1.932956 -0.014374 0.004976 
1.705666 0.292585 0.019708 1.840137 0.316631 0.014303 1.874778 0.102278 0.021122 1.738528 0.081038 0.026482 1.966718 0.200228 0.004910 2.101365 0.176561 0.005006 2.069371 -0.035227 0.005072 1.932956 -0.014374 0.004975 
1.705580 0.292703 0.020070 1.840049 0.316740 0.014574 1.874676 0.102380 0.021253 1.738428 0.081150 0.026707 1.966719 0.200228 0.004914 2.101365 0.176561 0.005002 2.069372 -0.035227 0.005061 1.932956 -0.014374 0.004974 
1.705515 0.292817 0.020376 1.839982 0.316845 0.014809 1.874595 0.102479 0.021361 1.738349 0.081258 0.026889 1.966719 0.200228 0.004918 2.101365 0.176561 0.004997 2.069372 -0.035227 0.005052 1.932957 -0.014374 0.004973 
1.705469 0.292925 0.020626 1.839936 0.316945 0.015008 1.874536 0.102574 0.021448 1.738290 0.081360 0.027029 1.966719 0.200227 0.004921 2.101366 0.176561 0.004994 2.069372 -0.035227 0.005046 1.932957 -0.014374 0.004973 
1.705443 0.293029 0.020818 1.839910 0.317042 0.015171 1.874497 0.102666 0.021512 1.738252 0.081459 0.027124 1.966719 0.200227 0.004924 2.101366 0.176561 0.004992 2.069372 -0.035227 0.005041 1.932957 -0.014374 0.004973 
1.705440 0.293126 0.020952 1.839907 0.317134 0.015296 1.874483 0.102753 0.021553 1.738237 0.081552 0.027175 1.966719 0.200227 0.004927 2.101366 0.176560 0.004990 2.069373 -0.035227 0.005037 1.932957 -0.014374 0.004973 
1.705459 0.293212 0.021030 1.839928 0.317216 0.015386 1.874494 0.102831 0.021572 1.738246 0.081635 0.027182 1.966719 0.200227 0.004929 2.101366 0.176560 0.004989 2.069373 -0.035228 0.005034 1.932957 -0.014374 0.004973 
1.705481 0.293279 0.021086 1.839951 0.317279 0.015459 1.874507 0.102891 0.021583 1.738259 0.081698 0.027178 1.966720 0.200227 0.004930 2.101366 0.176560 0.004989 2.069373 -0.035228 0.005033 1.932957 -0.014374 0.004973 
1.705500 0.293334 0.021137 1.839971 0.317330 0.015525 1.874519 0.102940 0.021594 1.738270 0.081751 0.027174 1.966720 0.200227 0.004930 2.101366 0.176560 0.004989 2.069373 -0.035228 0.005032 1.932957 -0.014374 0.004973 
1.705518 0.293390 0.021187 1.839991 0.317383 0.015590 1.874531 0.102990 0.021605 1.738281 0.081804 0.027171 1.966720 0.200227 0.004931 2.101366 0.176560 0.004990 2.069373 -0.035228 0.005031 1.932957 -0.014374 0.004972 
1.705539 0.293453 0.021238 1.840013 0.317444 0.015656 1.874545 0.103047 0.021617 1.738294 0.081865 0.027168 1.966720 0.200227 0.004932 2.101366 0.176560 0.004990 2.069373 -0.035228 0.005030 1.932957 -0.014374 0.004972 
1.705561 0.293527 0.021291 1.840036 0.317513 0.015724 1.874560 0.103114 0.021629 1.738308 0.081935 0.027166 1.966720 0.200227 0.004932 2.101366 0.176560 0.004990 2.069373 -0.035228 0.005030 1.932957 -0.014374 0.004972 
1.705584 0.293606 0.021344 1.840060 0.317589 0.015793 1.874576 0.103187 0.021642 1.738322 0.082012 0.027163 1.966720 0.200227 0.004933 2.101366 0.176560 0.004990 2.069373 -0.035228 0.005029 1.932957 -0.014374 0.004972 
1.705607 0.293684 0.021397 1.840084 0.317664 0.015861 1.874592 0.103259 0.021654 1.738337 0.082088 0.027161 1.966720 0.200227 0.004933 2.101366 0.176560 0.004990 2.069373 -0.035228 0.005028 1.932957 -0.014374 0.004972 
1.705629 0.293758 0.021448 1.840108 0.317735 0.015928 1.874607 0.103327 0.021666 1.738351 0.082159 0.027158 1.966720 0.200227 0.004933 2.101366 0.176560 0.004990 2.069373 -0.035228 0.005028 1.932957 -0.014375 0.004971 
1.705650 0.293826 0.021498 1.840130 0.317799 0.015992 1.874622 0.103389 0.021678 1.738364 0.082224 0.027156 1.966720 0.200227 0.004934 2.101366 0.176560 0.004990 2.069373 -0.035228 0.005028 1.932957 -0.014375 0.004971 
1.705671 0.293891 0.021548 1.840152 0.317861 0.016057 1.874636 0.103448 0.021690 1.738377 0.082286 0.027154 1.966720 0.200227 0.004934 2.101366 0.176560 0.004990 2.069373 -0.035228 0.005027 1.932957 -0.014375 0.004971 
1.705692 0.293956 0.021598 1.840174 0.317922 0.016122 1.874650 0.103507 0.021701 1.738390 0.082348 0.027151 1.966720 0.200227 0.004934 2.101366 0.176560 0.004990 2.069373 -0.035228 0.005027 1.932957 -0.014375 0.004971 
1.705714 0.294024 0.021650 1.840197 0.317987 0.016189 1.874664 0.103568 0.021713 1.738404 0.082414 0.027148 1.966720 0.200227 0.004935 2.101366 0.176560 0.004990 2.069373 -0.035228 0.005026 1.932957 -0.014375 0.004971 
1.705736 0.294096 0.021703 1.840221 0.318055 0.016258 1.874679 0.103634 0.021726 1.738418 0.082483 0.027146 1.966720 0.200227 0.004935 2.101366 0.176560 0.004990 2.069373 -0.035228 0.005026 1.932957 -0.014375 0.004971 
1.705759 0.294173 0.021760 1.840245 0.318128 0.016331 1.874695 0.103704 0.021738 1.738432 0.082557 0.027142 1.966720 0.200227 0.004935 2.101366 0.176560 0.004990 2.069373 -0.035228 0.005026 1.932957 -0.014375 0.004971 
1.705783 0.294253 0.021818 1.840271 0.318204 0.016406 1.874711 0.103777 0.021751 1.738447 0.082634 0.027139 1.966720 0.200227 0.004935 2.101366 0.176560 0.004990 2.069373 -0.035228 0.005026 1.932957 -0.014375 0.004971 
1.705808 0.294335 0.021879 1.840297 0.318283 0.016484 1.874728 0.103852 0.021764 1.738462 0.082713 0.027136 1.966720 0.200227 0.004936 2.101366 0.176560 0.004990 2.069373 -0.035228 0.005025 1.932957 -0.014375 0.004970 
1.705833 0.294418 0.021941 1.840323 0.318362 0.016564 1.874744 0.103928 0.021777 1.738477 0.082794 0.027132 1.966720 0.200227 0.004936 2.101366 0.176560 0.004990 2.069373 -0.035228 0.005025 1.932957 -0.014375 0.004970 
1.705858 0.294503 0.022005 1.840350 0.318442 0.016646 1.874761 0.104005 0.021791 1.738493 0.082875 0.027128 1.966720 0.200227 0.004936 2.101366 0.176560 0.004990 2.069373 -0.035228 0.005025 1.932957 -0.014375 0.004970 
1.705884 0.294588 0.022071 1.840377 0.318523 0.016730 1.874778 0.104083 0.021804 1.738508 0.082957 0.027124 1.966720 0.200227 0.004936 2.101366 0.176560 0.004990 2.069373 -0.035228 0.005025 1.932957 -0.014375 0.004970 
1.705911 0.294677 0.022139 1.840406 0.318606 0.016818 1.874795 0.104163 0.021818 1.738524 0.083042 0.027120 1.966720 0.200227 0.004936 2.101366 0.176560 0.004990 2.069373 -0.035228 0.005024 1.932957 -0.014375 0.004970 
1.705938 0.294767 0.022210 1.840434 0.318693 0.016908 1.874813 0.104245 0.021833 1.738541 0.083129 0.027115 1.966720 0.200227 0.004936 2.101366 0.176560 0.004990 2.069373 -0.035228 0.005024 1.932957 -0.014375 0.004970 
1.705966 0.294862 0.022283 1.840464 0.318782 0.017001 1.874831 0.104331 0.021847 1.738557 0.083220 0.027110 1.966720 0.200227 0.004936 2.101366 0.176560 0.004990 2.069373 -0.035228 0.005024 1.932957 -0.014375 0.004970 
1.705995 0.294958 0.022358 1.840495 0.318873 0.017097 1.874850 0.104419 0.021862 1.738574 0.083313 0.027106 1.966720 0.200227 0.004937 2.101366 0.176560 0.004990 2.069373 -0.035228 0.005023 1.932957 -0.014375 0.004970 
1.706024 0.295057 0.022435 1.840526 0.318967 0.017195 1.874869 0.104509 0.021877 1.738592 0.083408 0.027101 1.966720 0.200227 0.004937 2.101366 0.176560 0.004990 2.069373 -0.035228 0.005023 1.932957 -0.014375 0.004969 
1.706054 0.295158 0.022513 1.840557 0.319062 0.017295 1.874888 0.104600 0.021892 1.738609 0.083505 0.027096 1.966720 0.200227 0.004937 2.101366 0.176560 0.004990 2.069373 -0.035228 0.005023 1.932957 -0.014375 0.004969 
1.706084 0.295259 0.022594 1.840589 0.319158 0.017397 1.874907 0.104692 0.021907 1.738627 0.083603 0.027090 1.966720 0.200227 0.004937 2.101366 0.176560 0.004990 2.069373 -0.035228 0.005022 1.932957 -0.014375 0.004969 
1.706114 0.295362 0.022675 1.840621 0.319255 0.017500 1.874927 0.104785 0.021923 1.738645 0.083701 0.027085 1.966720 0.200227 0.004937 2.101366 0.176560 0.004990 2.069373 -0.035228 0.005022 1.932957 -0.014375 0.004969 
1.706145 0.295467 0.022755 1.840654 0.319355 0.017602 1.874947 0.104881 0.021937 1.738663 0.083803 0.027077 1.966720 0.200227 0.004937 2.101366 0.176560 0.004990 2.069373 -0.035228 0.005022 1.932957 -0.014375 0.004969 
1.706177 0.295578 0.022834 1.840687 0.319460 0.017703 1.874967 0.104982 0.021947 1.738681 0.083910 0.027066 1.966720 0.200227 0.004937 2.101366 0.176560 0.004990 2.069373 -0.035228 0.005021 1.932957 -0.014375 0.004968 
1.706208 0.295693 0.022912 1.840721 0.319569 0.017805 1.874987 0.105087 0.021956 1.738699 0.084021 0.027053 1.966720 0.200227 0.004938 2.101366 0.176560 0.004990 2.069373 -0.035228 0.005021 1.932957 -0.014375 0.004968 
1.706240 0.295809 0.022991 1.840755 0.319679 0.017907 1.875007 0.105193 0.021964 1.738718 0.084134 0.027040 1.966720 0.200227 0.004938 2.101366 0.176560 0.004990 2.069373 -0.035228 0.005021 1.932957 -0.014375 0.004968 
1.706273 0.295926 0.023071 1.840789 0.319790 0.018010 1.875028 0.105300 0.021973 1.738737 0.084246 0.027027 1.966720 0.200227 0.004938 2.101366 0.176560 0.004990 2.069373 -0.035228 0.005020 1.932957 -0.014375 0.004968 
1.706305 0.296042 0.023152 1.840823 0.319900 0.018114 1.875048 0.105407 0.021983 1.738756 0.084359 0.027015 1.966720 0.200227 0.004938 2.101366 0.176560 0.004990 2.069373 -0.035228 0.005020 1.932957 -0.014375 0.004967 
1.706337 0.296158 0.023232 1.840857 0.320010 0.018217 1.875069 0.105513 0.021993 1.738775 0.084471 0.027003 1.966720 0.200227 0.004938 2.101366 0.176560 0.004990 2.069373 -0.035228 0.005019 1.932957 -0.014375 0.004967 
1.706369 0.296273 0.023312 1.840891 0.320119 0.018319 1.875089 0.105618 0.022003 1.738793 0.084582 0.026991 1.966720 0.200227 0.004938 2.101366 0.176560 0.004990 2.069373 -0.035228 0.005019 1.932957 -0.014375 0.004967 
1.706400 0.296386 0.023391 1.840925 0.320226 0.018421 1.875110 0.105722 0.022013 1.738812 0.084692 0.026979 1.966720 0.200227 0.004938 2.101366 0.176560 0.004990 2.069373 -0.035228 0.005018 1.932957 -0.014375 0.004967 
1.706432 0.296498 0.023469 1.840958 0.320332 0.018521 1.875129 0.105824 0.022022 1.738830 0.084801 0.026968 1.966720 0.200227 0.004939 2.101366 0.176560 0.004990 2.069373 -0.035228 0.005018 1.932957 -0.014375 0.004966 
1.706462 0.296609 0.023546 1.840990 0.320437 0.018620 1.875149 0.105925 0.022032 1.738848 0.084908 0.026956 1.966720 0.200227 0.004939 2.101366 0.176560 0.004990 2.069373 -0.035228 0.005017 1.932957 -0.014375 0.004966 
1.706493 0.296717 0.023621 1.841022 0.320540 0.018717 1.875169 0.106025 0.022041 1.738866 0.085013 0.026946 1.966720 0.200227 0.004939 2.101366 0.176560 0.004990 2.069373 -0.035228 0.005017 1.932957 -0.014375 0.004966 
1.706523 0.296824 0.023696 1.841054 0.320641 0.018813 1.875188 0.106123 0.022051 1.738883 0.085117 0.026935 1.966720 0.200227 0.004939 2.101366 0.176560 0.004990 2.069373 -0.035228 0.005017 1.932957 -0.014375 0.004965 
1.706552 0.296929 0.023769 1.841085 0.320740 0.018907 1.875207 0.106219 0.022061 1.738901 0.085218 0.026925 1.966720 0.200227 0.004939 2.101366 0.176560 0.004990 2.069373 -0.035228 0.005016 1.932957 -0.014375 0.004965 
1.706580 0.297031 0.023841 1.841115 0.320837 0.018999 1.875225 0.106313 0.022071 1.738918 0.085318 0.026916 1.966720 0.200227 0.004939 2.101366 0.176560 0.004990 2.069373 -0.035228 0.005016 1.932957 -0.014375 0.004965 
1.706608 0.297130 0.023911 1.841145 0.320931 0.019088 1.875243 0.106404 0.022082 1.738934 0.085414 0.026908 1.966720 0.200227 0.004939 2.101366 0.176560 0.004990 2.069373 -0.035228 0.005015 1.932957 -0.014375 0.004965 
1.706635 0.297226 0.023978 1.841174 0.321023 0.019175 1.875261 0.106492 0.022092 1.738950 0.085507 0.026900 1.966720 0.200227 0.004940 2.101366 0.176560 0.004990 2.069373 -0.035228 0.005015 1.932957 -0.014375 0.004964 
1.706662 0.297319 0.024044 1.841201 0.321110 0.019259 1.875278 0.106577 0.022102 1.738966 0.085597 0.026892 1.966720 0.200227 0.004940 2.101366 0.176560 0.004990 2.069373 -0.035228 0.005014 1.932957 -0.014375 0.004964 
1.706687 0.297408 0.024107 1.841228 0.321195 0.019341 1.875295 0.106659 0.022113 1.738982 0.085684 0.026886 1.966720 0.200227 0.004940 2.101366 0.176560 0.004990 2.069373 -0.035228 0.005014 1.932957 -0.014375 0.004964 
1.706712 0.297494 0.024168 1.841254 0.321276 0.019419 1.875311 0.106738 0.022123 1.738996 0.085767 0.026880 1.966720 0.200227 0.004940 2.101366 0.176560 0.004990 2.069373 -0.035228 0.005013 1.932957 -0.014375 0.004963 
1.706735 0.297576 0.024227 1.841279 0.321354 0.019494 1.875327 0.106814 0.022134 1.739011 0.085847 0.026875 1.966720 0.200227 0.004940 2.101366 0.176560 0.004990 2.069373 -0.035228 0.005013 1.932957 -0.014375 0.004963 
1.706758 0.297654 0.024284 1.841303 0.321428 0.019566 1.875342 0.106886 0.022145 1.739025 0.085924 0.026871 1.966720 0.200227 0.004940 2.101366 0.176560 0.004990 2.069373 -0.035228 0.005013 1.932958 -0.014375 0.004963 
1.706780 0.297729 0.024338 1.841326 0.321499 0.019635 1.875356 0.106955 0.022156 1.739038 0.085997 0.026867 1.966720 0.200227 0.004940 2.101366 0.176560 0.004990 2.069373 -0.035228 0.005012 1.932958 -0.014375 0.004963 
1.706801 0.297801 0.024389 1.841348 0.321567 0.019701 1.875370 0.107020 0.022167 1.739051 0.086066 0.026865 1.966720 0.200227 0.004940 2.101366 0.176560 0.004990 2.069373 -0.035228 0.005012 1.932958 -0.014375 0.004962 
1.706821 0.297868 0.024438 1.841369 0.321631 0.019764 1.875384 0.107083 0.022178 1.739064 0.086132 0.026863 1.966720 0.200227 0.004940 2.101366 0.176560 0.004990 2.069373 -0.035228 0.005011 1.932958 -0.014375 0.004962 
1.706840 0.297932 0.024485 1.841390 0.321691 0.019823 1.875397 0.107142 0.022189 1.739076 0.086194 0.026862 1.966720 0.200227 0.004941 2.101366 0.176560 0.004989 2.069373 -0.035228 0.005011 1.932958 -0.014375 0.004962 
1.706858 0.297992 0.024529 1.841409 0.321749 0.019880 1.875409 0.107197 0.022200 1.739087 0.086253 0.026861 1.966720 0.200227 0.004940 2.101366 0.176560 0.004989 2.069373 -0.035228 0.005011 1.932957 -0.014375 0.004962 
1.706875 0.298049 0.024572 1.841426 0.321803 0.019935 1.875421 0.107250 0.022213 1.739098 0.086308 0.026862 1.966822 0.200022 0.004157 2.101480 0.176426 0.004685 2.069594 -0.035377 0.005479 1.933169 -0.014595 0.004957 
1.706769 0.298129 0.024604 1.841317 0.321904 0.019966 1.875345 0.107356 0.022240 1.739026 0.086393 0.026891 1.966764 0.200002 0.004225 2.101427 0.176434 0.004703 2.069587 -0.035376 0.005449 1.933157 -0.014623 0.004977 
1.706797 0.298108 0.024655 1.841345 0.321885 0.020030 1.875375 0.107337 0.022254 1.739056 0.086372 0.026892 1.966765 0.200000 0.004292 2.101428 0.176432 0.004730 2.069588 -0.035378 0.005409 1.933158 -0.014625 0.004976 
1.706825 0.298111 0.024725 1.841373 0.321889 0.020112 1.875402 0.107340 0.022267 1.739082 0.086374 0.026893 1.966766 0.199998 0.004353 2.101429 0.176430 0.004755 2.069589 -0.035380 0.005371 1.933159 -0.014627 0.004973 
1.706851 0.298139 0.024805 1.841399 0.321918 0.020200 1.875426 0.107368 0.022275 1.739106 0.086401 0.026894 1.966767 0.199997 0.004408 2.101430 0.176429 0.004777 2.069590 -0.035381 0.005336 1.933160 -0.014628 0.004971 
1.706874 0.298188 0.024894 1.841423 0.321966 0.020294 1.875445 0.107414 0.022281 1.739125 0.086449 0.026897 1.966767 0.199996 0.004459 2.101431 0.176428 0.004797 2.069591 -0.035383 0.005304 1.933161 -0.014630 0.004969 
1.706897 0.298265 0.025002 1.841446 0.322041 0.020401 1.875463 0.107488 0.022293 1.739143 0.086524 0.026911 1.966768 0.199995 0.004504 2.101432 0.176426 0.004815 2.069592 -0.035384 0.005275 1.933162 -0.014631 0.004967 
1.706925 0.298378 0.025134 1.841474 0.322152 0.020530 1.875484 0.107597 0.022319 1.739163 0.086635 0.026941 1.966769 0.199994 0.004546 2.101432 0.176425 0.004832 2.069593 -0.035386 0.005247 1.933163 -0.014632 0.004965 
1.706957 0.298521 0.025275 1.841506 0.322291 0.020671 1.875509 0.107734 0.022354 1.739188 0.086775 0.026979 1.966770 0.199993 0.004584 2.101433 0.176424 0.004846 2.069594 -0.035387 0.005222 1.933163 -0.014633 0.004963 
1.706986 0.298670 0.025415 1.841536 0.322438 0.020811 1.875530 0.107878 0.022393 1.739208 0.086923 0.027019 1.966770 0.199992 0.004618 2.101434 0.176423 0.004859 2.069594 -0.035388 0.005199 1.933164 -0.014634 0.004961 
1.707004 0.298806 0.025544 1.841555 0.322570 0.020937 1.875540 0.108009 0.022427 1.739218 0.087057 0.027057 1.966771 0.199991 0.004649 2.101434 0.176422 0.004870 2.069595 -0.035389 0.005178 1.933165 -0.014635 0.004960 
1.707011 0.298918 0.025658 1.841563 0.322678 0.021047 1.875539 0.108114 0.022456 1.739217 0.087167 0.027092 1.966771 0.199990 0.004677 2.101435 0.176422 0.004881 2.069595 -0.035389 0.005159 1.933165 -0.014636 0.004958 
1.707010 0.299003 0.025758 1.841561 0.322759 0.021140 1.875530 0.108195 0.022482 1.739207 0.087250 0.027126 1.966772 0.199989 0.004703 2.101435 0.176421 0.004890 2.069596 -0.035390 0.005142 1.933166 -0.014636 0.004956 
1.707004 0.299066 0.025846 1.841556 0.322819 0.021220 1.875518 0.108253 0.022508 1.739196 0.087312 0.027160 1.966772 0.199989 0.004726 2.101436 0.176420 0.004899 2.069596 -0.035391 0.005126 1.933166 -0.014637 0.004955 
1.706997 0.299109 0.025923 1.841549 0.322860 0.021289 1.875507 0.108293 0.022536 1.739185 0.087354 0.027197 1.966772 0.199988 0.004747 2.101436 0.176420 0.004906 2.069597 -0.035391 0.005111 1.933166 -0.014638 0.004954 
1.706989 0.299129 0.025987 1.841540 0.322879 0.021344 1.875495 0.108312 0.022562 1.739173 0.087374 0.027232 1.966773 0.199988 0.004766 2.101437 0.176419 0.004913 2.069597 -0.035392 0.005099 1.933167 -0.014638 0.004953 
1.706977 0.299133 0.026038 1.841529 0.322882 0.021387 1.875482 0.108314 0.022584 1.739159 0.087377 0.027263 1.966773 0.199987 0.004783 2.101437 0.176419 0.004920 2.069598 -0.035392 0.005089 1.933167 -0.014639 0.004953 
1.706968 0.299134 0.026082 1.841519 0.322882 0.021423 1.875471 0.108314 0.022604 1.739149 0.087377 0.027291 1.966773 0.199987 0.004799 2.101437 0.176418 0.004926 2.069598 -0.035393 0.005080 1.933167 -0.014639 0.004953 
1.706961 0.299133 0.026119 1.841512 0.322881 0.021454 1.875463 0.108313 0.022621 1.739141 0.087377 0.027314 1.966774 0.199987 0.004812 2.101437 0.176418 0.004932 2.069598 -0.035393 0.005072 1.933168 -0.014639 0.004954 
1.706957 0.299132 0.026151 1.841509 0.322880 0.021481 1.875459 0.108311 0.022636 1.739137 0.087376 0.027334 1.966774 0.199986 0.004825 2.101438 0.176418 0.004937 2.069598 -0.035394 0.005065 1.933168 -0.014640 0.004954 
1.706957 0.299132 0.026178 1.841508 0.322880 0.021505 1.875458 0.108311 0.022649 1.739136 0.087375 0.027351 1.966774 0.199986 0.004836 2.101438 0.176417 0.004941 2.069598 -0.035394 0.005059 1.933168 -0.014640 0.004955 
1.706959 0.299137 0.026204 1.841510 0.322885 0.021529 1.875460 0.108316 0.022661 1.739139 0.087380 0.027365 1.966774 0.199986 0.004847 2.101438 0.176417 0.004946 2.069599 -0.035394 0.005054 1.933168 -0.014640 0.004955 
1.706964 0.299152 0.026231 1.841515 0.322900 0.021555 1.875465 0.108331 0.022673 1.739143 0.087395 0.027378 1.966774 0.199986 0.004856 2.101438 0.176417 0.004950 2.069599 -0.035394 0.005049 1.933168 -0.014640 0.004955 
1.706971 0.299180 0.026260 1.841523 0.322928 0.021585 1.875470 0.108359 0.022686 1.739149 0.087423 0.027391 1.966774 0.199985 0.004864 2.101438 0.176417 0.004953 2.069599 -0.035395 0.005044 1.933168 -0.014641 0.004956 
1.706979 0.299221 0.026294 1.841531 0.322967 0.021619 1.875476 0.108398 0.022700 1.739154 0.087463 0.027404 1.966775 0.199985 0.004872 2.101438 0.176416 0.004956 2.069599 -0.035395 0.005040 1.933169 -0.014641 0.004956 
1.706986 0.299272 0.026331 1.841538 0.323017 0.021658 1.875481 0.108447 0.022716 1.739159 0.087514 0.027419 1.966775 0.199985 0.004878 2.101438 0.176416 0.004959 2.069599 -0.035395 0.005037 1.933169 -0.014641 0.004956 
1.706992 0.299330 0.026372 1.841544 0.323074 0.021700 1.875483 0.108502 0.022732 1.739160 0.087571 0.027434 1.966775 0.199985 0.004885 2.101439 0.176416 0.004962 2.069599 -0.035395 0.005033 1.933169 -0.014641 0.004956 
1.706994 0.299391 0.026414 1.841547 0.323133 0.021743 1.875482 0.108561 0.022750 1.739159 0.087632 0.027451 1.966775 0.199985 0.004890 2.101439 0.176416 0.004964 2.069599 -0.035395 0.005030 1.933169 -0.014641 0.004957 
1.706994 0.299451 0.026456 1.841547 0.323190 0.021785 1.875477 0.108617 0.022767 1.739154 0.087691 0.027469 1.966775 0.199985 0.004895 2.101439 0.176416 0.004966 2.069600 -0.035395 0.005028 1.933169 -0.014641 0.004957 
1.706990 0.299506 0.026496 1.841543 0.323243 0.021824 1.875469 0.108669 0.022785 1.739145 0.087745 0.027488 1.966775 0.199984 0.004900 2.101439 0.176416 0.004968 2.069600 -0.035395 0.005025 1.933169 -0.014642 0.004957 
1.706983 0.299552 0.026533 1.841536 0.323286 0.021859 1.875457 0.108712 0.022801 1.739134 0.087790 0.027506 1.966775 0.199984 0.004904 2.101439 0.176416 0.004970 2.069600 -0.035396 0.005023 1.933169 -0.014642 0.004957 
1.706973 0.299586 0.026566 1.841526 0.323318 0.021889 1.875444 0.108743 0.022815 1.739120 0.087823 0.027524 1.966775 0.199984 0.004908 2.101439 0.176416 0.004972 2.069600 -0.035396 0.005021 1.933169 -0.014642 0.004957 
1.706961 0.299609 0.026594 1.841515 0.323339 0.021914 1.875429 0.108763 0.022829 1.739105 0.087846 0.027540 1.966775 0.199984 0.004911 2.101439 0.176415 0.004973 2.069600 -0.035396 0.005019 1.933169 -0.014642 0.004957 
1.706951 0.299629 0.026619 1.841505 0.323357 0.021937 1.875415 0.108780 0.022840 1.739091 0.087865 0.027555 1.966775 0.199984 0.004915 2.101439 0.176415 0.004974 2.069600 -0.035396 0.005017 1.933169 -0.014642 0.004957 
1.706944 0.299650 0.026642 1.841498 0.323377 0.021958 1.875406 0.108800 0.022851 1.739081 0.087886 0.027567 1.966775 0.199984 0.004917 2.101439 0.176415 0.004975 2.069600 -0.035396 0.005015 1.933169 -0.014642 0.004957 
1.706941 0.299677 0.026665 1.841495 0.323402 0.021981 1.875400 0.108825 0.022862 1.739076 0.087912 0.027578 1.966775 0.199984 0.004920 2.101439 0.176415 0.004976 2.069600 -0.035396 0.005014 1.933169 -0.014642 0.004957 
1.706941 0.299709 0.026688 1.841497 0.323433 0.022005 1.875399 0.108855 0.022872 1.739074 0.087944 0.027587 1.966775 0.199984 0.004922 2.101439 0.176415 0.004977 2.069600 -0.035396 0.005013 1.933169 -0.014642 0.004958 
1.706943 0.299745 0.026711 1.841498 0.323467 0.022031 1.875397 0.108889 0.022882 1.739072 0.087979 0.027595 1.966775 0.199984 0.004924 2.101439 0.176415 0.004978 2.069600 -0.035396 0.005012 1.933169 -0.014642 0.004958 
1.706941 0.299783 0.026735 1.841497 0.323503 0.022058 1.875392 0.108924 0.022893 1.739066 0.088016 0.027603 1.966775 0.199984 0.004925 2.101439 0.176415 0.004979 2.069600 -0.035396 0.005012 1.933169 -0.014642 0.004958 
1.706941 0.299821 0.026760 1.841498 0.323539 0.022087 1.875389 0.108959 0.022903 1.739063 0.088054 0.027610 1.966775 0.199984 0.004925 2.101439 0.176415 0.004980 2.069600 -0.035396 0.005012 1.933169 -0.014642 0.004958 
1.706831 0.299900 0.026731 1.841382 0.323654 0.022057 1.875331 0.109083 0.022908 1.739010 0.088142 0.027615 1.966880 0.199577 0.003619 2.101565 0.176141 0.004292 2.069928 -0.035697 0.005602 1.933479 -0.015077 0.004940 
1.706692 0.300093 0.026851 1.841243 0.323839 0.022160 1.875179 0.109267 0.022939 1.738858 0.088332 0.027665 1.966881 0.199575 0.003744 2.101567 0.176138 0.004357 2.069930 -0.035700 0.005544 1.933481 -0.015080 0.004942 
1.706587 0.300068 0.026930 1.841139 0.323810 0.022231 1.875066 0.109236 0.022989 1.738744 0.088306 0.027723 1.966883 0.199572 0.003857 2.101568 0.176135 0.004416 2.069932 -0.035704 0.005493 1.933482 -0.015083 0.004944 
1.706579 0.300032 0.026986 1.841130 0.323776 0.022300 1.875058 0.109202 0.023017 1.738737 0.088271 0.027738 1.966884 0.199570 0.003960 2.101570 0.176133 0.004470 2.069934 -0.035707 0.005447 1.933484 -0.015086 0.004946 
1.706613 0.300005 0.027047 1.841165 0.323752 0.022386 1.875096 0.109178 0.023036 1.738774 0.088244 0.027733 1.966885 0.199568 0.004052 2.101571 0.176130 0.004518 2.069935 -0.035709 0.005405 1.933485 -0.015088 0.004948 
1.706650 0.299998 0.027117 1.841202 0.323746 0.022482 1.875133 0.109172 0.023051 1.738810 0.088236 0.027722 1.966886 0.199566 0.004137 2.101572 0.176128 0.004562 2.069936 -0.035712 0.005365 1.933486 -0.015091 0.004947 
1.706685 0.300012 0.027184 1.841239 0.323761 0.022576 1.875167 0.109186 0.023059 1.738843 0.088249 0.027705 1.966887 0.199564 0.004214 2.101573 0.176126 0.004602 2.069937 -0.035714 0.005329 1.933487 -0.015093 0.004947 
1.706720 0.300043 0.027252 1.841274 0.323792 0.022667 1.875199 0.109216 0.023061 1.738874 0.088280 0.027685 1.966888 0.199563 0.004283 2.101574 0.176125 0.004639 2.069938 -0.035716 0.005296 1.933488 -0.015095 0.004946 
1.706754 0.300096 0.027327 1.841309 0.323845 0.022763 1.875229 0.109268 0.023066 1.738904 0.088333 0.027670 1.966889 0.199561 0.004346 2.101575 0.176123 0.004671 2.069939 -0.035718 0.005266 1.933489 -0.015096 0.004946 
1.706790 0.300179 0.027418 1.841346 0.323926 0.022872 1.875261 0.109348 0.023080 1.738935 0.088414 0.027666 1.966889 0.199560 0.004403 2.101575 0.176122 0.004701 2.069940 -0.035720 0.005239 1.933490 -0.015098 0.004945 
1.706827 0.300283 0.027522 1.841384 0.324027 0.022991 1.875293 0.109449 0.023103 1.738966 0.088517 0.027675 1.966890 0.199559 0.004454 2.101576 0.176120 0.004728 2.069941 -0.035721 0.005214 1.933490 -0.015099 0.004944 
1.706862 0.300392 0.027634 1.841419 0.324135 0.023114 1.875322 0.109555 0.023131 1.738995 0.088625 0.027694 1.966890 0.199558 0.004501 2.101577 0.176119 0.004752 2.069941 -0.035722 0.005191 1.933491 -0.015100 0.004944 
1.706890 0.300491 0.027746 1.841448 0.324232 0.023232 1.875345 0.109652 0.023161 1.739017 0.088723 0.027719 1.966891 0.199557 0.004543 2.101577 0.176118 0.004774 2.069942 -0.035723 0.005171 1.933492 -0.015101 0.004943 
1.706911 0.300570 0.027856 1.841469 0.324310 0.023342 1.875361 0.109729 0.023192 1.739033 0.088802 0.027751 1.966891 0.199556 0.004581 2.101578 0.176117 0.004794 2.069943 -0.035725 0.005152 1.933492 -0.015102 0.004943 
1.706927 0.300630 0.027955 1.841485 0.324369 0.023438 1.875374 0.109788 0.023221 1.739046 0.088861 0.027784 1.966892 0.199555 0.004616 2.101578 0.176116 0.004811 2.069943 -0.035725 0.005134 1.933493 -0.015103 0.004942 
