1.958272 0.134518 0.003543 2.008515 -0.022936 0.004952 2.035061 0.191111 0.002926 2.094400 0.118393 0.003534 
1.958335 0.135030 0.003676 2.008467 -0.022935 0.004956 2.035002 0.191116 0.003120 2.094460 0.118906 0.003666 
1.958475 0.136374 0.003838 2.007814 -0.022785 0.004736 2.034350 0.191285 0.003387 2.094591 0.120237 0.003730 
1.958810 0.136662 0.003451 2.011624 -0.023168 0.004598 2.038001 0.190845 0.003440 2.094931 0.120599 0.004075 
1.958660 0.135651 0.003372 2.010269 -0.023123 0.004660 2.036606 0.190923 0.003175 2.094793 0.119636 0.003845 
1.958800 0.136798 0.003514 2.008911 -0.022968 0.004684 2.035226 0.191113 0.003340 2.094927 0.120792 0.003944 
1.958848 0.137027 0.003371 2.007328 -0.022888 0.004740 2.033558 0.191239 0.003146 2.094980 0.121083 0.003851 
1.958959 0.137916 0.003305 2.004429 -0.022656 0.004779 2.030580 0.191546 0.003005 2.095091 0.122033 0.003743 
1.959094 0.138015 0.002881 2.003290 -0.022664 0.004900 2.029317 0.191579 0.002638 2.095233 0.122222 0.003747 
1.959435 0.140848 0.003047 1.998489 -0.022118 0.004873 2.024467 0.192243 0.002830 2.095561 0.125086 0.003838 
1.959788 0.143833 0.003197 1.993762 -0.021580 0.004923 2.019688 0.192897 0.003072 2.095898 0.128101 0.004096 
1.960153 0.147023 0.003334 1.991246 -0.021288 0.005208 2.017090 0.193258 0.003527 2.096241 0.131327 0.004949 
1.960101 0.149101 0.003595 1.984034 -0.020648 0.005561 2.011457 0.193829 0.003723 2.096059 0.132426 0.005283 
1.960277 0.151470 0.003699 1.977605 -0.019963 0.005476 2.005535 0.194585 0.003812 2.096182 0.134488 0.005391 
1.960447 0.153161 0.003800 1.971926 -0.019290 0.005409 2.000051 0.195357 0.003896 2.096329 0.136076 0.005516 
1.960643 0.154746 0.003893 1.968298 -0.018837 0.005428 1.996401 0.195897 0.004057 2.096513 0.137685 0.005944 
1.961101 0.156901 0.003976 1.974255 -0.019402 0.005967 2.001140 0.195380 0.004731 2.097005 0.140558 0.007895 
1.961345 0.159994 0.004049 1.977189 -0.019846 0.006456 2.004505 0.194804 0.005332 2.097143 0.143320 0.009355 
1.960868 0.161862 0.004197 1.970738 -0.019648 0.006811 2.001927 0.194527 0.005355 2.096329 0.142743 0.009583 
2.096410 0.145154 0.008379 1.753101 0.113814 0.014216 1.962876 0.349937 0.017016 1.998737 0.243006 0.010195 1.958965 -0.018220 0.005918 1.845144 0.041253 0.009893 
2.096850 0.147840 0.007351 1.757859 0.130491 0.007752 1.964124 0.346867 0.015163 1.998361 0.244720 0.008804 1.948949 -0.016729 0.005316 1.857644 0.034756 0.006446 
2.097142 0.149890 0.007687 1.756870 0.138453 0.006375 1.964338 0.347148 0.016597 1.993406 0.247971 0.009455 1.946058 -0.016293 0.005274 1.858274 0.034379 0.005751 
2.097398 0.151962 0.008623 1.755946 0.141513 0.006386 1.964414 0.346833 0.017595 1.990485 0.249703 0.010281 1.946898 -0.016422 0.005389 1.854751 0.036466 0.005807 
2.097607 0.153709 0.009447 1.754909 0.142092 0.006869 1.963894 0.346671 0.018243 1.988162 0.250921 0.010923 1.947730 -0.016548 0.005535 1.850211 0.039084 0.006167 
2.097724 0.154472 0.010246 1.752696 0.142346 0.007220 1.961761 0.346783 0.018330 1.986580 0.251342 0.011359 1.948891 -0.016695 0.005900 1.847651 0.040110 0.006533 
2.097789 0.155172 0.010811 1.749874 0.142350 0.007456 1.958702 0.347070 0.018045 1.985295 0.251302 0.011569 1.949275 -0.016750 0.006104 1.845756 0.040465 0.006751 
2.097902 0.156236 0.011191 1.747092 0.142356 0.007590 1.955616 0.347286 0.017607 1.984348 0.251000 0.011656 1.949230 -0.016758 0.006027 1.843925 0.040738 0.006777 
2.097984 0.157101 0.011438 1.745289 0.142385 0.007681 1.953713 0.347263 0.017343 1.983709 0.250759 0.011728 1.949003 -0.016749 0.005861 1.842325 0.041110 0.006745 
2.097990 0.157265 0.011617 1.744618 0.142395 0.007717 1.953030 0.347175 0.017294 1.983510 0.250655 0.011814 1.949142 -0.016777 0.005856 1.841791 0.041208 0.006753 
2.097960 0.157072 0.011656 1.744612 0.142360 0.007663 1.952965 0.347176 0.017315 1.983657 0.250556 0.011843 1.949179 -0.016783 0.005859 1.842098 0.041017 0.006711 
2.097895 0.156597 0.011598 1.744585 0.142213 0.007549 1.952815 0.347189 0.017211 1.984172 0.250209 0.011789 1.949172 -0.016783 0.005847 1.843110 0.040381 0.006615 
2.097801 0.155886 0.011469 1.744530 0.142020 0.007364 1.952651 0.347196 0.017004 1.985023 0.249642 0.011668 1.949172 -0.016784 0.005827 1.844755 0.039350 0.006467 
2.097683 0.154985 0.011284 1.744595 0.141614 0.007171 1.952609 0.347205 0.016760 1.986120 0.248950 0.011504 1.949178 -0.016786 0.005800 1.846700 0.038164 0.006313 
2.097548 0.153957 0.011056 1.744612 0.140620 0.007085 1.952322 0.347207 0.016396 1.987419 0.248091 0.011287 1.949169 -0.016785 0.005767 1.848520 0.037014 0.006222 
2.097404 0.152860 0.010804 1.744361 0.139151 0.007058 1.951782 0.347315 0.015934 1.988831 0.247080 0.011025 1.949140 -0.016781 0.005729 1.850298 0.035818 0.006165 
2.097255 0.151732 0.010548 1.743081 0.136750 0.007162 1.950048 0.347265 0.015166 1.990124 0.245648 0.010678 1.949031 -0.016765 0.005688 1.852008 0.034206 0.006173 
2.097111 0.150655 0.010314 1.741522 0.133887 0.007370 1.947748 0.346464 0.014198 1.991256 0.243937 0.010300 1.948968 -0.016756 0.005651 1.853623 0.032301 0.006232 
2.096987 0.149727 0.010108 1.740395 0.130886 0.007664 1.946081 0.345210 0.013424 1.992065 0.242375 0.009989 1.949000 -0.016762 0.005620 1.854906 0.030558 0.006339 
2.096890 0.148985 0.009916 1.739450 0.127819 0.008045 1.944734 0.343402 0.012704 1.992611 0.240855 0.009703 1.949046 -0.016769 0.005592 1.855909 0.028875 0.006492 
2.096835 0.148524 0.009726 1.738832 0.125260 0.008405 1.943808 0.341771 0.012095 1.993097 0.239596 0.009446 1.949055 -0.016772 0.005563 1.856673 0.027546 0.006637 
2.096821 0.148358 0.009529 1.738565 0.123381 0.008736 1.943257 0.340654 0.011657 1.993476 0.238717 0.009235 1.949041 -0.016791 0.005537 1.857115 0.026693 0.006775 
2.096856 0.148496 0.009345 1.738369 0.122494 0.009099 1.942904 0.340078 0.011474 1.993538 0.238322 0.009127 1.949001 -0.016785 0.005508 1.857124 0.026359 0.006924 
2.096918 0.148830 0.009175 1.738271 0.121987 0.009502 1.942763 0.339625 0.011390 1.993471 0.238125 0.009061 1.948999 -0.016785 0.005485 1.856794 0.026316 0.007101 
2.097002 0.149307 0.009015 1.738228 0.121540 0.009922 1.942706 0.339203 0.011306 1.993397 0.237971 0.008998 1.949011 -0.016788 0.005463 1.856276 0.026407 0.007295 
2.097104 0.149908 0.008862 1.738197 0.121173 0.010277 1.942655 0.338873 0.011150 1.993458 0.237780 0.008907 1.949017 -0.016789 0.005443 1.855828 0.026498 0.007465 
2.097221 0.150619 0.008714 1.738175 0.120897 0.010565 1.942610 0.338631 0.010925 1.993652 0.237554 0.008789 1.949016 -0.016789 0.005424 1.855470 0.026577 0.007608 
2.097352 0.151419 0.008572 1.738150 0.120620 0.010826 1.942560 0.338389 0.010649 1.993911 0.237288 0.008651 1.949012 -0.016789 0.005406 1.855132 0.026644 0.007741 
2.097492 0.152286 0.008433 1.738113 0.120268 0.011087 1.942495 0.338070 0.010329 1.994190 0.236976 0.008500 1.949007 -0.016788 0.005388 1.854767 0.026689 0.007879 
2.097640 0.153207 0.008299 1.738063 0.119823 0.011355 1.942414 0.337662 0.009973 1.994479 0.236617 0.008336 1.949002 -0.016787 0.005372 1.854370 0.026708 0.008027 
2.097795 0.154172 0.008167 1.738004 0.119316 0.011627 1.942321 0.337193 0.009586 1.994782 0.236221 0.008163 1.948995 -0.016786 0.005356 1.853957 0.026706 0.008179 
2.097955 0.155175 0.008038 1.737942 0.118783 0.011896 1.942222 0.336699 0.009178 1.995103 0.235805 0.007983 1.948988 -0.016785 0.005340 1.853534 0.026696 0.008334 
2.098118 0.156204 0.007909 1.737880 0.118256 0.012163 1.942122 0.336208 0.008761 1.995435 0.235387 0.007800 1.948979 -0.016784 0.005325 1.853102 0.026690 0.008490 
2.098284 0.157248 0.007780 1.737821 0.117745 0.012431 1.942024 0.335734 0.008346 1.995768 0.234976 0.007618 1.948971 -0.016783 0.005310 1.852656 0.026698 0.008649 
2.098450 0.158293 0.007651 1.737765 0.117256 0.012702 1.941927 0.335278 0.007938 1.996096 0.234578 0.007439 1.948963 -0.016782 0.005296 1.852199 0.026717 0.008811 
2.098614 0.159324 0.007522 1.737703 0.116780 0.012979 1.941824 0.334836 0.007541 1.996413 0.234191 0.007265 1.948958 -0.016781 0.005281 1.851735 0.026743 0.008977 
2.098773 0.160329 0.007392 1.737626 0.116322 0.013263 1.941710 0.334406 0.007159 1.996715 0.233818 0.007098 1.948961 -0.016781 0.005267 1.851271 0.026770 0.009146 
2.098926 0.161293 0.007260 1.737536 0.115877 0.013557 1.941586 0.333987 0.006796 1.996999 0.233459 0.006938 1.948970 -0.016783 0.005254 1.850812 0.026796 0.009320 
2.099072 0.162206 0.007126 1.737443 0.115453 0.013857 1.941460 0.333586 0.006457 1.997263 0.233118 0.006786 1.948982 -0.016785 0.005239 1.850371 0.026819 0.009495 
2.099208 0.163057 0.006986 1.737358 0.115053 0.014161 1.941342 0.333210 0.006147 1.997510 0.232802 0.006643 1.948995 -0.016786 0.005225 1.849955 0.026841 0.009670 
2.099333 0.163837 0.006839 1.737289 0.114687 0.014468 1.941240 0.332867 0.005871 1.997737 0.232514 0.006508 1.949004 -0.016788 0.005209 1.849575 0.026862 0.009844 
2.099447 0.164536 0.006685 1.737239 0.114357 0.014778 1.941155 0.332562 0.005632 1.997944 0.232257 0.006382 1.949011 -0.016789 0.005193 1.849236 0.026882 0.010016 
2.099547 0.165145 0.006522 1.737207 0.114069 0.015091 1.941088 0.332298 0.005434 1.998125 0.232036 0.006267 1.949015 -0.016789 0.005175 1.848941 0.026901 0.010185 
2.099597 0.165364 0.006321 1.737178 0.113826 0.015409 1.941026 0.332089 0.005276 1.998214 0.231889 0.006142 1.949279 -0.016845 0.005176 1.848722 0.026904 0.010356 
2.099628 0.165446 0.006118 1.737114 0.113698 0.015734 1.940938 0.331979 0.005166 1.998271 0.231790 0.006035 1.949616 -0.016917 0.005185 1.848555 0.026915 0.010526 
2.099661 0.165602 0.005947 1.737117 0.113632 0.016096 1.940909 0.331938 0.005144 1.998338 0.231737 0.005983 1.949639 -0.016919 0.005240 1.848515 0.026918 0.010735 
2.099673 0.165614 0.005761 1.737151 0.113596 0.016480 1.940904 0.331934 0.005178 1.998349 0.231737 0.005944 1.949668 -0.016920 0.005311 1.848539 0.026912 0.010958 
2.099692 0.165708 0.005678 1.737072 0.113554 0.016935 1.940796 0.331927 0.005271 1.998470 0.231652 0.005997 1.950277 -0.017011 0.005344 1.848300 0.027010 0.011194 
2.099697 0.165717 0.005627 1.736804 0.113601 0.017468 1.940540 0.331975 0.005444 1.998468 0.231621 0.006108 1.951040 -0.017127 0.005377 1.847896 0.027179 0.011464 
2.099702 0.165731 0.005575 1.736430 0.113680 0.018028 1.940199 0.332042 0.005650 1.998402 0.231613 0.006236 1.951817 -0.017246 0.005379 1.847405 0.027380 0.011732 
2.099706 0.165743 0.005520 1.736054 0.113758 0.018581 1.939857 0.332110 0.005877 1.998339 0.231603 0.006371 1.952615 -0.017369 0.005351 1.846909 0.027582 0.011980 
2.099710 0.165750 0.005463 1.735747 0.113809 0.019104 1.939567 0.332163 0.006112 1.998325 0.231570 0.006505 1.953433 -0.017495 0.005296 1.846462 0.027763 0.012198 
2.099713 0.165756 0.005401 1.735524 0.113828 0.019589 1.939346 0.332197 0.006355 1.998366 0.231514 0.006634 1.954260 -0.017624 0.005210 1.846075 0.027919 0.012382 
2.099718 0.165769 0.005334 1.735356 0.113811 0.020041 1.939177 0.332209 0.006608 1.998436 0.231441 0.006761 1.955083 -0.017753 0.005089 1.845718 0.028056 0.012532 
2.099670 0.165430 0.005272 1.735263 0.113844 0.020513 1.939085 0.332280 0.006926 1.998429 0.231452 0.006909 1.955889 -0.017877 0.005067 1.845556 0.028144 0.012731 
2.099620 0.165077 0.005211 1.735157 0.113924 0.020994 1.938991 0.332380 0.007260 1.998378 0.231496 0.007064 1.956681 -0.017998 0.005054 1.845371 0.028255 0.012942 
2.099572 0.164745 0.005150 1.735006 0.114043 0.021485 1.938859 0.332517 0.007600 1.998286 0.231571 0.007223 1.957445 -0.018115 0.005041 1.845129 0.028404 0.013161 
2.099527 0.164433 0.005102 1.734809 0.114206 0.021990 1.938692 0.332692 0.007954 1.998164 0.231670 0.007396 1.958242 -0.018238 0.005030 1.844818 0.028597 0.013392 
2.099485 0.164140 0.005056 1.734585 0.114403 0.022494 1.938505 0.332896 0.008310 1.998015 0.231791 0.007572 1.959015 -0.018356 0.005018 1.844472 0.028816 0.013625 
2.099442 0.163848 0.005049 1.734342 0.114594 0.023000 1.938305 0.333097 0.008669 1.997904 0.231885 0.007769 1.959963 -0.018501 0.005015 1.844086 0.029048 0.013865 
2.099400 0.163571 0.005041 1.734083 0.114783 0.023492 1.938094 0.333295 0.009016 1.997776 0.231985 0.007960 1.960856 -0.018638 0.005012 1.843697 0.029278 0.014099 
2.099361 0.163306 0.005035 1.733832 0.114961 0.023954 1.937893 0.333480 0.009343 1.997653 0.232078 0.008140 1.961691 -0.018766 0.005009 1.843337 0.029490 0.014320 
2.099323 0.163052 0.005028 1.733615 0.115113 0.024378 1.937720 0.333644 0.009644 1.997549 0.232159 0.008305 1.962463 -0.018884 0.005006 1.843022 0.029676 0.014522 
2.099287 0.162809 0.005022 1.733438 0.115240 0.024757 1.937583 0.333785 0.009919 1.997468 0.232225 0.008455 1.963170 -0.018992 0.005003 1.842759 0.029834 0.014702 
2.099252 0.162577 0.005016 1.733298 0.115345 0.025091 1.937473 0.333909 0.010168 1.997401 0.232283 0.008589 1.963802 -0.019089 0.005000 1.842539 0.029969 0.014860 
2.099219 0.162355 0.005011 1.733184 0.115440 0.025381 1.937385 0.334020 0.010394 1.997336 0.232341 0.008709 1.964349 -0.019173 0.004997 1.842355 0.030087 0.014997 
2.099187 0.162145 0.005006 1.733090 0.115528 0.025629 1.937311 0.334126 0.010598 1.997268 0.232402 0.008815 1.964808 -0.019243 0.004995 1.842198 0.030194 0.015114 
2.099158 0.161944 0.005001 1.733017 0.115614 0.025831 1.937257 0.334227 0.010781 1.997195 0.232469 0.008907 1.965175 -0.019299 0.004992 1.842073 0.030287 0.015208 
2.099128 0.161749 0.004998 1.732964 0.115693 0.025989 1.937222 0.334324 0.010943 1.997121 0.232539 0.008987 1.965462 -0.019343 0.004991 1.841980 0.030367 0.015281 
2.099100 0.161563 0.004996 1.732931 0.115772 0.026101 1.937208 0.334418 0.011084 1.997040 0.232615 0.009054 1.965655 -0.019373 0.004990 1.841920 0.030434 0.015330 
2.099074 0.161385 0.004994 1.732921 0.115843 0.026166 1.937216 0.334507 0.011203 1.996957 0.232696 0.009106 1.965755 -0.019388 0.004989 1.841896 0.030486 0.015356 
2.099048 0.161213 0.004992 1.732936 0.115906 0.026185 1.937249 0.334588 0.011301 1.996875 0.232777 0.009145 1.965773 -0.019391 0.004988 1.841910 0.030520 0.015358 
2.099022 0.161043 0.004992 1.732953 0.115948 0.026192 1.937282 0.334650 0.011386 1.996801 0.232847 0.009177 1.965778 -0.019392 0.004987 1.841939 0.030538 0.015353 
2.098997 0.160878 0.004993 1.732969 0.115977 0.026197 1.937313 0.334701 0.011463 1.996735 0.232908 0.009207 1.965782 -0.019392 0.004987 1.841970 0.030550 0.015348 
2.098973 0.160721 0.004993 1.732985 0.116006 0.026204 1.937342 0.334753 0.011538 1.996670 0.232968 0.009236 1.965786 -0.019393 0.004986 1.841996 0.030564 0.015344 
2.098951 0.160569 0.004993 1.733002 0.116045 0.026210 1.937374 0.334813 0.011615 1.996604 0.233033 0.009265 1.965791 -0.019394 0.004986 1.842016 0.030586 0.015341 
2.098929 0.160423 0.004993 1.733021 0.116092 0.026217 1.937406 0.334882 0.011693 1.996535 0.233103 0.009296 1.965795 -0.019394 0.004986 1.842028 0.030616 0.015340 
2.098907 0.160281 0.004993 1.733041 0.116148 0.026224 1.937440 0.334956 0.011773 1.996464 0.233177 0.009327 1.965799 -0.019395 0.004986 1.842038 0.030650 0.015338 
2.098886 0.160139 0.004993 1.733060 0.116202 0.026232 1.937473 0.335030 0.011852 1.996395 0.233249 0.009357 1.965804 -0.019396 0.004985 1.842046 0.030685 0.015337 
2.098864 0.159997 0.004993 1.733079 0.116253 0.026238 1.937506 0.335100 0.011929 1.996327 0.233320 0.009387 1.965808 -0.019396 0.004985 1.842058 0.030716 0.015335 
2.098843 0.159854 0.004993 1.733097 0.116296 0.026245 1.937538 0.335164 0.012004 1.996261 0.233386 0.009417 1.965812 -0.019397 0.004985 1.842072 0.030742 0.015333 
2.098821 0.159708 0.004993 1.733115 0.116336 0.026252 1.937569 0.335224 0.012079 1.996196 0.233451 0.009446 1.965817 -0.019398 0.004985 1.842088 0.030766 0.015330 
2.098798 0.159560 0.004993 1.733133 0.116374 0.026258 1.937600 0.335285 0.012154 1.996130 0.233516 0.009475 1.965821 -0.019398 0.004984 1.842105 0.030790 0.015328 
2.098775 0.159408 0.004993 1.733151 0.116417 0.026265 1.937632 0.335348 0.012232 1.996062 0.233584 0.009506 1.965825 -0.019399 0.004984 1.842123 0.030814 0.015325 
2.098752 0.159252 0.004993 1.733170 0.116463 0.026272 1.937664 0.335415 0.012313 1.995991 0.233655 0.009537 1.965830 -0.019400 0.004984 1.842140 0.030842 0.015323 
2.098727 0.159092 0.004993 1.733189 0.116516 0.026279 1.937698 0.335487 0.012397 1.995917 0.233730 0.009570 1.965835 -0.019400 0.004984 1.842157 0.030871 0.015320 
2.098703 0.158927 0.004993 1.733209 0.116571 0.026286 1.937731 0.335562 0.012484 1.995840 0.233808 0.009604 1.965840 -0.019401 0.004984 1.842174 0.030902 0.015317 
2.098677 0.158756 0.004993 1.733229 0.116629 0.026293 1.937766 0.335639 0.012574 1.995760 0.233889 0.009640 1.965845 -0.019402 0.004984 1.842193 0.030933 0.015314 
2.098650 0.158578 0.004993 1.733249 0.116686 0.026301 1.937801 0.335716 0.012667 1.995679 0.233970 0.009676 1.965850 -0.019403 0.004984 1.842213 0.030964 0.015311 
2.098622 0.158394 0.004993 1.733270 0.116745 0.026308 1.937837 0.335794 0.012762 1.995596 0.234054 0.009714 1.965856 -0.019404 0.004983 1.842236 0.030994 0.015307 
2.098593 0.158203 0.004993 1.733291 0.116804 0.026316 1.937872 0.335873 0.012859 1.995510 0.234140 0.009752 1.965861 -0.019404 0.004983 1.842261 0.031024 0.015303 
2.098563 0.158006 0.004993 1.733312 0.116866 0.026324 1.937909 0.335955 0.012960 1.995421 0.234228 0.009792 1.965867 -0.019405 0.004983 1.842287 0.031054 0.015299 
2.098533 0.157803 0.004993 1.733334 0.116931 0.026332 1.937946 0.336039 0.013064 1.995330 0.234319 0.009833 1.965873 -0.019406 0.004983 1.842314 0.031085 0.015295 
2.098501 0.157593 0.004993 1.733356 0.116999 0.026340 1.937984 0.336125 0.013172 1.995235 0.234414 0.009876 1.965879 -0.019407 0.004983 1.842343 0.031116 0.015290 
2.098469 0.157378 0.004993 1.733378 0.117070 0.026348 1.938023 0.336214 0.013282 1.995138 0.234511 0.009920 1.965885 -0.019408 0.004983 1.842372 0.031149 0.015285 
2.098435 0.157158 0.004993 1.733401 0.117143 0.026357 1.938062 0.336306 0.013395 1.995038 0.234611 0.009965 1.965892 -0.019409 0.004982 1.842403 0.031182 0.015280 
2.098401 0.156933 0.004993 1.733424 0.117217 0.026366 1.938101 0.336398 0.013510 1.994936 0.234712 0.010012 1.965898 -0.019410 0.004982 1.842434 0.031216 0.015275 
2.098367 0.156704 0.004993 1.733447 0.117293 0.026374 1.938142 0.336491 0.013628 1.994833 0.234815 0.010059 1.965905 -0.019411 0.004982 1.842467 0.031249 0.015270 
2.098332 0.156472 0.004993 1.733470 0.117369 0.026383 1.938181 0.336585 0.013746 1.994729 0.234918 0.010106 1.965912 -0.019412 0.004982 1.842500 0.031282 0.015264 
2.098296 0.156237 0.004993 1.733494 0.117447 0.026390 1.938222 0.336682 0.013864 1.994628 0.235022 0.010154 1.965918 -0.019413 0.004981 1.842540 0.031313 0.015257 
2.098260 0.156000 0.004993 1.733518 0.117531 0.026394 1.938263 0.336784 0.013982 1.994532 0.235125 0.010201 1.965924 -0.019414 0.004981 1.842588 0.031343 0.015247 
2.098224 0.155762 0.004993 1.733542 0.117621 0.026396 1.938305 0.336890 0.014100 1.994437 0.235229 0.010247 1.965930 -0.019415 0.004981 1.842642 0.031372 0.015236 
2.098188 0.155523 0.004993 1.733566 0.117712 0.026397 1.938346 0.336997 0.014218 1.994343 0.235334 0.010295 1.965936 -0.019416 0.004981 1.842696 0.031401 0.015224 
2.098152 0.155283 0.004993 1.733590 0.117803 0.026400 1.938388 0.337104 0.014338 1.994246 0.235440 0.010343 1.965942 -0.019417 0.004980 1.842748 0.031432 0.015214 
2.098116 0.155044 0.004993 1.733615 0.117893 0.026403 1.938430 0.337211 0.014458 1.994150 0.235546 0.010391 1.965949 -0.019418 0.004980 1.842797 0.031463 0.015203 
2.098080 0.154805 0.004993 1.733639 0.117984 0.026406 1.938471 0.337318 0.014578 1.994053 0.235652 0.010439 1.965955 -0.019419 0.004980 1.842848 0.031494 0.015193 
2.098044 0.154568 0.004993 1.733663 0.118073 0.026409 1.938512 0.337423 0.014696 1.993958 0.235757 0.010487 1.965961 -0.019420 0.004979 1.842898 0.031525 0.015182 
2.098009 0.154332 0.004993 1.733687 0.118162 0.026412 1.938553 0.337528 0.014814 1.993864 0.235861 0.010534 1.965967 -0.019421 0.004979 1.842948 0.031554 0.015172 
2.097973 0.154100 0.004993 1.733711 0.118248 0.026415 1.938593 0.337631 0.014930 1.993771 0.235964 0.010581 1.965972 -0.019422 0.004979 1.842998 0.031583 0.015162 
2.097939 0.153871 0.004993 1.733734 0.118335 0.026418 1.938633 0.337732 0.015045 1.993679 0.236065 0.010627 1.965978 -0.019422 0.004978 1.843047 0.031612 0.015152 
2.097905 0.153646 0.004993 1.733757 0.118418 0.026421 1.938672 0.337832 0.015158 1.993589 0.236165 0.010673 1.965984 -0.019423 0.004978 1.843094 0.031641 0.015142 
2.097872 0.153426 0.004993 1.733780 0.118502 0.026424 1.938711 0.337930 0.015269 1.993500 0.236263 0.010718 1.965990 -0.019424 0.004978 1.843140 0.031670 0.015133 
2.097839 0.153211 0.004993 1.733803 0.118582 0.026428 1.938749 0.338026 0.015378 1.993413 0.236360 0.010762 1.965995 -0.019425 0.004977 1.843183 0.031699 0.015124 
2.097807 0.153001 0.004993 1.733825 0.118662 0.026432 1.938787 0.338121 0.015484 1.993328 0.236454 0.010806 1.966000 -0.019426 0.004977 1.843225 0.031728 0.015116 
2.097777 0.152798 0.004993 1.733846 0.118738 0.026436 1.938823 0.338212 0.015587 1.993245 0.236546 0.010848 1.966006 -0.019427 0.004977 1.843264 0.031756 0.015108 
2.097747 0.152602 0.004993 1.733867 0.118811 0.026440 1.938859 0.338300 0.015688 1.993164 0.236635 0.010889 1.966011 -0.019428 0.004976 1.843301 0.031784 0.015101 
2.097719 0.152413 0.004993 1.733888 0.118881 0.026445 1.938893 0.338386 0.015785 1.993086 0.236722 0.010929 1.966016 -0.019428 0.004976 1.843335 0.031811 0.015095 
2.097691 0.152231 0.004993 1.733908 0.118949 0.026449 1.938927 0.338468 0.015879 1.993010 0.236805 0.010967 1.966021 -0.019429 0.004976 1.843368 0.031838 0.015089 
2.097665 0.152056 0.004992 1.733927 0.119013 0.026454 1.938960 0.338547 0.015969 1.992937 0.236886 0.011005 1.966025 -0.019430 0.004976 1.843397 0.031865 0.015083 
2.097640 0.151890 0.004992 1.733946 0.119074 0.026459 1.938992 0.338623 0.016057 1.992866 0.236964 0.011040 1.966030 -0.019430 0.004975 1.843423 0.031892 0.015079 
2.097616 0.151731 0.004992 1.733964 0.119132 0.026465 1.939022 0.338695 0.016140 1.992798 0.237038 0.011075 1.966034 -0.019431 0.004975 1.843447 0.031919 0.015075 
2.097593 0.151581 0.004992 1.733982 0.119187 0.026471 1.939052 0.338764 0.016220 1.992732 0.237110 0.011108 1.966038 -0.019432 0.004975 1.843468 0.031945 0.015071 
2.097572 0.151439 0.004992 1.733999 0.119238 0.026477 1.939080 0.338830 0.016296 1.992669 0.237178 0.011139 1.966042 -0.019432 0.004974 1.843485 0.031971 0.015069 
2.097551 0.151305 0.004992 1.734015 0.119286 0.026483 1.939108 0.338893 0.016368 1.992609 0.237244 0.011170 1.966046 -0.019433 0.004974 1.843500 0.031996 0.015067 
2.097532 0.151178 0.004992 1.734031 0.119330 0.026490 1.939134 0.338952 0.016437 1.992551 0.237306 0.011198 1.966050 -0.019434 0.004974 1.843512 0.032022 0.015065 
2.097514 0.151059 0.004992 1.734046 0.119371 0.026496 1.939161 0.339008 0.016502 1.992496 0.237365 0.011226 1.966054 -0.019434 0.004974 1.843521 0.032047 0.015064 
2.097260 0.148394 0.004790 1.734059 0.119418 0.026504 1.939183 0.339060 0.016566 1.991796 0.237742 0.011117 1.968579 -0.019989 0.005092 1.843492 0.032030 0.015079 
2.097228 0.148503 0.004801 1.734012 0.119303 0.026535 1.939089 0.339180 0.016595 1.991808 0.237740 0.011135 1.968346 -0.019976 0.005098 1.843458 0.032051 0.015102 
2.097235 0.148540 0.004820 1.734042 0.119282 0.026545 1.939117 0.339163 0.016670 1.991798 0.237743 0.011180 1.968161 -0.019949 0.005087 1.843510 0.032022 0.015098 
2.097234 0.148525 0.004836 1.734069 0.119284 0.026557 1.939145 0.339168 0.016760 1.991784 0.237759 0.011230 1.968013 -0.019928 0.005075 1.843579 0.031992 0.015091 
2.097230 0.148487 0.004851 1.734093 0.119310 0.026569 1.939170 0.339196 0.016854 1.991783 0.237777 0.011280 1.967903 -0.019913 0.005064 1.843664 0.031966 0.015082 
2.097222 0.148431 0.004864 1.734113 0.119355 0.026586 1.939193 0.339244 0.016951 1.991791 0.237798 0.011332 1.967832 -0.019904 0.005054 1.843756 0.031944 0.015073 
2.097214 0.148366 0.004876 1.734132 0.119426 0.026614 1.939216 0.339318 0.017058 1.991794 0.237833 0.011388 1.967799 -0.019900 0.005045 1.843828 0.031945 0.015071 
2.097205 0.148300 0.004887 1.734155 0.119531 0.026660 1.939245 0.339427 0.017185 1.991777 0.237896 0.011454 1.967798 -0.019901 0.005037 1.843854 0.031987 0.015082 
2.097196 0.148236 0.004896 1.734182 0.119661 0.026714 1.939281 0.339565 0.017325 1.991734 0.237986 0.011525 1.967803 -0.019902 0.005029 1.843838 0.032066 0.015101 
2.097187 0.148174 0.004904 1.734206 0.119794 0.026770 1.939316 0.339710 0.017464 1.991682 0.238083 0.011595 1.967810 -0.019904 0.005022 1.843804 0.032155 0.015124 
2.097179 0.148114 0.004911 1.734220 0.119911 0.026822 1.939340 0.339840 0.017589 1.991638 0.238168 0.011658 1.967819 -0.019907 0.005015 1.843777 0.032234 0.015144 
2.097172 0.148060 0.004918 1.734222 0.120005 0.026870 1.939354 0.339946 0.017695 1.991606 0.238233 0.011713 1.967831 -0.019909 0.005009 1.843763 0.032291 0.015161 
2.097166 0.148015 0.004924 1.734217 0.120073 0.026914 1.939359 0.340026 0.017783 1.991584 0.238280 0.011759 1.967842 -0.019911 0.005004 1.843755 0.032331 0.015176 
2.097161 0.147984 0.004929 1.734208 0.120120 0.026956 1.939360 0.340085 0.017857 1.991564 0.238315 0.011799 1.967854 -0.019914 0.004998 1.843742 0.032363 0.015192 
2.097159 0.147967 0.004934 1.734200 0.120148 0.027000 1.939360 0.340126 0.017921 1.991544 0.238342 0.011834 1.967864 -0.019916 0.004994 1.843715 0.032394 0.015211 
2.097159 0.147962 0.004938 1.734190 0.120157 0.027039 1.939358 0.340145 0.017969 1.991529 0.238356 0.011862 1.967872 -0.019918 0.004990 1.843691 0.032413 0.015228 
2.097159 0.147961 0.004943 1.734179 0.120148 0.027074 1.939352 0.340149 0.018005 1.991523 0.238357 0.011884 1.967880 -0.019919 0.004987 1.843674 0.032420 0.015244 
2.097159 0.147961 0.004947 1.734170 0.120138 0.027104 1.939350 0.340149 0.018035 1.991519 0.238357 0.011902 1.967885 -0.019920 0.004986 1.843662 0.032424 0.015258 
2.097160 0.147961 0.004950 1.734164 0.120127 0.027130 1.939349 0.340149 0.018062 1.991517 0.238356 0.011919 1.967890 -0.019921 0.004984 1.843651 0.032427 0.015270 
2.097160 0.147961 0.004954 1.734162 0.120116 0.027151 1.939352 0.340150 0.018085 1.991516 0.238355 0.011933 1.967893 -0.019922 0.004983 1.843644 0.032429 0.015280 
2.097160 0.147961 0.004957 1.734163 0.120104 0.027170 1.939357 0.340150 0.018106 1.991517 0.238354 0.011946 1.967895 -0.019923 0.004981 1.843639 0.032431 0.015289 
2.097160 0.147958 0.004960 1.734167 0.120099 0.027186 1.939365 0.340157 0.018129 1.991516 0.238358 0.011959 1.967896 -0.019923 0.004980 1.843633 0.032437 0.015296 
2.097159 0.147952 0.004963 1.734173 0.120102 0.027201 1.939376 0.340173 0.018154 1.991511 0.238368 0.011972 1.967897 -0.019923 0.004979 1.843622 0.032451 0.015304 
2.097158 0.147943 0.004965 1.734181 0.120118 0.027216 1.939389 0.340201 0.018184 1.991500 0.238388 0.011988 1.967898 -0.019924 0.004978 1.843607 0.032473 0.015312 
2.097156 0.147930 0.004968 1.734189 0.120145 0.027233 1.939402 0.340241 0.018219 1.991483 0.238416 0.012006 1.967901 -0.019924 0.004978 1.843584 0.032505 0.015321 
2.097154 0.147915 0.004970 1.734195 0.120184 0.027251 1.939415 0.340290 0.018259 1.991460 0.238452 0.012026 1.967905 -0.019925 0.004977 1.843554 0.032545 0.015332 
2.097152 0.147898 0.004972 1.734200 0.120228 0.027270 1.939426 0.340346 0.018301 1.991432 0.238492 0.012047 1.967911 -0.019926 0.004976 1.843520 0.032590 0.015343 
2.097149 0.147880 0.004973 1.734201 0.120275 0.027291 1.939434 0.340405 0.018345 1.991402 0.238535 0.012068 1.967919 -0.019927 0.004975 1.843482 0.032638 0.015355 
2.097147 0.147864 0.004975 1.734198 0.120321 0.027313 1.939440 0.340461 0.018386 1.991372 0.238576 0.012089 1.967927 -0.019929 0.004975 1.843441 0.032685 0.015368 
2.097145 0.147849 0.004976 1.734192 0.120363 0.027335 1.939442 0.340513 0.018425 1.991342 0.238614 0.012109 1.967936 -0.019930 0.004974 1.843402 0.032728 0.015381 
2.097143 0.147836 0.004977 1.734183 0.120396 0.027357 1.939441 0.340556 0.018458 1.991316 0.238646 0.012126 1.967946 -0.019932 0.004974 1.843366 0.032765 0.015393 
2.097141 0.147823 0.004978 1.734171 0.120418 0.027376 1.939438 0.340587 0.018486 1.991293 0.238670 0.012141 1.967956 -0.019934 0.004973 1.843337 0.032792 0.015404 
2.097139 0.147810 0.004979 1.734159 0.120430 0.027395 1.939432 0.340608 0.018509 1.991275 0.238686 0.012153 1.967965 -0.019935 0.004973 1.843314 0.032812 0.015413 
2.097137 0.147796 0.004980 1.734147 0.120438 0.027411 1.939429 0.340625 0.018529 1.991259 0.238701 0.012164 1.967973 -0.019936 0.004972 1.843295 0.032827 0.015422 
2.097135 0.147782 0.004981 1.734139 0.120448 0.027425 1.939427 0.340645 0.018550 1.991243 0.238716 0.012175 1.967979 -0.019937 0.004972 1.843277 0.032844 0.015429 
2.097133 0.147766 0.004982 1.734136 0.120464 0.027438 1.939430 0.340670 0.018572 1.991226 0.238736 0.012186 1.967985 -0.019938 0.004972 1.843259 0.032865 0.015436 
2.097130 0.147748 0.004982 1.734136 0.120485 0.027449 1.939437 0.340701 0.018597 1.991208 0.238759 0.012198 1.967989 -0.019939 0.004972 1.843240 0.032888 0.015442 
2.097126 0.147724 0.004983 1.734137 0.120509 0.027459 1.939447 0.340735 0.018624 1.991186 0.238787 0.012211 1.967994 -0.019940 0.004972 1.843223 0.032914 0.015448 
2.097122 0.147694 0.004983 1.734133 0.120535 0.027470 1.939453 0.340771 0.018653 1.991160 0.238816 0.012225 1.967999 -0.019941 0.004972 1.843204 0.032939 0.015454 
2.097117 0.147658 0.004984 1.734132 0.120561 0.027479 1.939464 0.340807 0.018684 1.991132 0.238847 0.012239 1.968005 -0.019941 0.004972 1.843190 0.032963 0.015458 
2.096682 0.143441 0.004494 1.734112 0.120374 0.027480 1.939376 0.340954 0.018652 1.989786 0.239515 0.011924 1.971283 -0.020790 0.005124 1.843027 0.032933 0.015487 
2.096743 0.143835 0.004538 1.733957 0.120593 0.027541 1.939235 0.341134 0.018743 1.989757 0.239576 0.012003 1.970946 -0.020742 0.005108 1.842887 0.033056 0.015519 
2.096785 0.144102 0.004579 1.733845 0.120566 0.027602 1.939140 0.341102 0.018808 1.989717 0.239560 0.012067 1.970636 -0.020698 0.005094 1.842794 0.033065 0.015552 
2.096809 0.144257 0.004617 1.733838 0.120531 0.027623 1.939134 0.341070 0.018886 1.989709 0.239546 0.012128 1.970366 -0.020660 0.005082 1.842801 0.033041 0.015559 
2.096818 0.144302 0.004652 1.733874 0.120504 0.027628 1.939169 0.341048 0.018990 1.989695 0.239552 0.012195 1.970126 -0.020626 0.005071 1.842867 0.033002 0.015552 
2.096818 0.144291 0.004683 1.733910 0.120496 0.027630 1.939206 0.341043 0.019107 1.989669 0.239572 0.012264 1.969908 -0.020595 0.005059 1.842952 0.032961 0.015539 
2.096814 0.144261 0.004712 1.733945 0.120509 0.027625 1.939242 0.341058 0.019219 1.989653 0.239595 0.012329 1.969714 -0.020568 0.005048 1.843052 0.032922 0.015521 
2.096809 0.144217 0.004738 1.733976 0.120537 0.027619 1.939277 0.341089 0.019327 1.989645 0.239621 0.012391 1.969547 -0.020544 0.005039 1.843160 0.032886 0.015500 
2.096802 0.144165 0.004761 1.734008 0.120586 0.027618 1.939311 0.341141 0.019439 1.989633 0.239658 0.012453 1.969409 -0.020525 0.005030 1.843254 0.032867 0.015484 
2.096795 0.144111 0.004782 1.734040 0.120662 0.027628 1.939347 0.341221 0.019561 1.989607 0.239717 0.012519 1.969299 -0.020510 0.005022 1.843313 0.032881 0.015476 
2.096788 0.144059 0.004801 1.734073 0.120759 0.027652 1.939384 0.341321 0.019692 1.989568 0.239792 0.012590 1.969217 -0.020499 0.005015 1.843336 0.032923 0.015479 
2.096782 0.144008 0.004819 1.734103 0.120860 0.027685 1.939421 0.341427 0.019823 1.989526 0.239870 0.012661 1.969165 -0.020492 0.005009 1.843341 0.032977 0.015488 
2.096775 0.143962 0.004834 1.734128 0.120951 0.027724 1.939453 0.341524 0.019945 1.989494 0.239937 0.012727 1.969140 -0.020489 0.005003 1.843341 0.033027 0.015501 
2.096770 0.143921 0.004848 1.734146 0.121025 0.027767 1.939477 0.341602 0.020054 1.989473 0.239987 0.012788 1.969139 -0.020490 0.004997 1.843342 0.033067 0.015517 
2.096766 0.143890 0.004861 1.734159 0.121079 0.027810 1.939497 0.341660 0.020148 1.989457 0.240025 0.012841 1.969141 -0.020491 0.004992 1.843341 0.033098 0.015532 
