2.134617 0.287579 0.004697 2.227320 0.389805 0.004322 1.974329 0.434213 0.004481 2.068401 0.533410 0.004112 
2.134616 0.287578 0.004723 2.227319 0.389803 0.004384 1.974329 0.434212 0.004527 2.068401 0.533409 0.004195 
2.134616 0.287577 0.004743 2.227319 0.389802 0.004441 1.974328 0.434210 0.004566 2.068400 0.533408 0.004269 
2.134599 0.287560 0.004748 2.227301 0.389787 0.004436 1.974309 0.434192 0.004373 2.068381 0.533390 0.004069 
2.134560 0.287540 0.004805 2.227281 0.389749 0.004501 1.974298 0.434201 0.004360 2.068388 0.533382 0.004066 
2.134560 0.287539 0.004817 2.227281 0.389748 0.004548 1.974297 0.434200 0.004413 2.068388 0.533381 0.004152 
2.134458 0.287550 0.004754 2.227246 0.389699 0.004552 1.974292 0.434317 0.004487 2.068447 0.533436 0.004291 
2.134451 0.287567 0.004707 2.227238 0.389717 0.004582 1.974284 0.434332 0.004529 2.068437 0.533453 0.004407 
2.134438 0.287630 0.004473 2.227220 0.389785 0.004484 1.974263 0.434387 0.004386 2.068412 0.533513 0.004398 
2.134470 0.287665 0.004482 2.227252 0.389820 0.004574 1.974295 0.434422 0.004409 2.068444 0.533547 0.004501 
2.134288 0.287694 0.004397 2.227267 0.389667 0.004790 1.974398 0.434762 0.004274 2.068739 0.533704 0.004666 
2.134284 0.287688 0.004431 2.227263 0.389661 0.005009 1.974394 0.434757 0.004336 2.068735 0.533698 0.004910 
2.134274 0.287677 0.004469 2.227252 0.389648 0.005475 1.974385 0.434746 0.004394 2.068724 0.533685 0.005392 
2.134142 0.287628 0.004509 2.227491 0.389255 0.005846 1.974793 0.435282 0.004450 2.069493 0.533872 0.005776 
2.134124 0.287607 0.004541 2.227299 0.389380 0.006680 1.974533 0.435000 0.004499 2.069064 0.533738 0.006617 
2.134205 0.287594 0.004595 2.226727 0.389964 0.006622 1.973672 0.433960 0.004529 2.067569 0.533304 0.006538 
2.134206 0.287594 0.004618 2.226655 0.390030 0.006655 1.973570 0.433847 0.004570 2.067396 0.533257 0.006588 
2.133590 0.287614 0.004625 2.226642 0.389509 0.006321 1.973814 0.434806 0.004613 2.068224 0.533668 0.006294 
2.132847 0.287611 0.004650 2.226515 0.388937 0.006470 1.973968 0.435770 0.004644 2.068976 0.534056 0.006446 
2.042797 0.106836 0.013476 2.069302 0.534156 0.006160 2.226562 0.388736 0.006119 1.828653 0.105322 0.017707 1.974102 0.436051 0.004741 1.824438 0.241952 0.019772 
2.036355 0.114453 0.009459 2.069313 0.534168 0.005814 2.226573 0.388748 0.005778 1.822197 0.113983 0.013156 1.974110 0.436060 0.004756 1.818656 0.250618 0.015996 
2.069316 0.534173 0.005701 2.226576 0.388752 0.005674 2.030866 0.123981 0.004772 1.816705 0.124277 0.008366 1.974113 0.436064 0.004767 1.813684 0.260872 0.013092 
2.069304 0.534160 0.006108 2.226564 0.388739 0.006089 2.030809 0.124006 0.004788 1.816625 0.124043 0.006514 1.974103 0.436054 0.004781 1.813398 0.260627 0.011439 
2.069284 0.534137 0.006779 2.226542 0.388716 0.006765 2.030795 0.123982 0.004802 1.816607 0.123512 0.005905 1.974088 0.436037 0.004799 1.813047 0.260061 0.011508 
2.069567 0.534188 0.007685 2.226601 0.388523 0.007476 2.030803 0.123943 0.004814 1.816615 0.123369 0.005788 1.974226 0.436246 0.005024 1.812989 0.259883 0.012170 
2.069891 0.534216 0.009261 2.226740 0.388359 0.007919 2.030815 0.123913 0.004824 1.816630 0.123581 0.006314 1.974422 0.436410 0.006190 1.813178 0.260058 0.013506 
2.227093 0.388018 0.008057 2.030837 0.123887 0.004835 2.070708 0.534347 0.011091 1.974920 0.436857 0.007920 1.816661 0.124239 0.007293 1.813687 0.260687 0.015232 
2.227639 0.387508 0.008008 2.030863 0.123865 0.004845 2.072003 0.534589 0.012744 1.975715 0.437589 0.009657 1.816706 0.125221 0.008414 1.814423 0.261644 0.016983 
2.228300 0.386892 0.007824 2.030890 0.123847 0.004855 2.073602 0.534899 0.014154 1.976703 0.438503 0.011281 1.816770 0.126541 0.009634 1.815399 0.262943 0.018717 
2.229041 0.386197 0.007538 2.030920 0.123832 0.004866 2.075424 0.535252 0.015413 1.977839 0.439542 0.012852 1.816858 0.128074 0.010965 1.816540 0.264454 0.020466 
2.229792 0.385488 0.007162 2.030953 0.123820 0.004876 2.077298 0.535607 0.016518 1.979019 0.440601 0.014357 1.816972 0.129549 0.012434 1.817678 0.265903 0.022272 
2.030991 0.123809 0.004885 2.079058 0.535925 0.017527 2.230487 0.384829 0.006715 1.817114 0.130848 0.014092 1.980140 0.441573 0.015834 1.818742 0.267173 0.024221 
2.086571 0.536280 0.020774 2.029101 0.136410 0.006378 2.235669 0.383249 0.005642 1.815166 0.138770 0.016578 1.986359 0.443290 0.020340 1.813957 0.274930 0.028772 
2.023330 0.156637 0.004895 2.120136 0.532622 0.037108 2.243523 0.359725 0.009539 1.809415 0.152445 0.014917 2.006902 0.456025 0.036249 1.804162 0.288231 0.029898 
2.163813 0.503668 0.051078 1.808651 0.159307 0.009610 2.022614 0.167974 0.004903 2.268270 0.319708 0.017533 2.043137 0.439487 0.048268 1.800164 0.295049 0.023469 
2.192204 0.449505 0.038054 1.808470 0.158389 0.004970 1.799007 0.294406 0.014949 2.292252 0.260961 0.020187 2.022441 0.168101 0.004893 2.170150 0.196725 0.017237 
1.799088 0.294740 0.012413 2.191630 0.390442 0.024375 1.808462 0.158553 0.004999 2.283567 0.197001 0.021922 2.158891 0.137966 0.025773 
1.800807 0.293870 0.011779 2.178007 0.352913 0.003969 1.807168 0.157474 0.005027 2.266746 0.158565 0.019206 2.141393 0.102748 0.033877 
1.793095 0.283291 0.016469 2.181689 0.352788 0.004244 1.797457 0.146740 0.011532 2.273607 0.160022 0.020675 2.148992 0.101841 0.032074 
2.174921 0.357839 0.011261 1.783705 0.129235 0.021658 1.778695 0.265824 0.024519 2.144303 0.105154 0.016781 2.268492 0.165172 0.012438 
2.163874 0.354270 0.007277 1.775478 0.118775 0.025035 1.769227 0.255322 0.027404 2.134292 0.101405 0.008577 2.258216 0.161994 0.004599 
1.761564 0.254533 0.028395 2.159205 0.351995 0.004896 1.770912 0.118201 0.024387 2.258147 0.162027 0.004622 2.135671 0.098507 0.007579 
1.760950 0.253343 0.030887 2.158266 0.351504 0.004876 1.771280 0.117085 0.026777 2.258120 0.162013 0.004645 2.135936 0.097899 0.006723 
1.761204 0.260073 0.036146 2.158324 0.351535 0.004870 1.771830 0.123892 0.030511 2.258179 0.162045 0.004667 2.136032 0.097948 0.008652 
1.761990 0.271684 0.042783 2.158404 0.351578 0.004873 1.772494 0.135622 0.034612 2.258258 0.162087 0.004687 2.136199 0.098035 0.011245 
1.762955 0.283556 0.050096 2.158458 0.351602 0.004862 1.773391 0.147691 0.039066 2.258291 0.162100 0.004665 2.136385 0.098142 0.014281 
1.765003 0.293415 0.056868 2.158556 0.351654 0.004869 1.775481 0.157758 0.043556 2.258387 0.162151 0.004688 2.136705 0.098310 0.017411 
1.767003 0.299811 0.063593 2.158653 0.351706 0.004876 1.777410 0.164269 0.049107 2.258482 0.162201 0.004708 2.137083 0.098510 0.020510 
1.768012 0.304355 0.071148 2.158748 0.351756 0.004883 1.778085 0.168846 0.056125 2.258576 0.162251 0.004727 2.137514 0.098737 0.023539 
1.768506 0.308359 0.079407 2.158845 0.351807 0.004891 1.778124 0.172849 0.064089 2.258672 0.162302 0.004744 2.138011 0.098998 0.026603 
1.768565 0.310133 0.085778 2.174200 0.359079 0.010799 1.776565 0.174417 0.071387 2.278526 0.172071 0.015475 2.158107 0.105424 0.025547 
1.765562 0.310393 0.087837 2.179492 0.366665 0.004677 1.773740 0.174690 0.073428 2.283551 0.179450 0.004784 2.163100 0.112784 0.014332 
1.765670 0.316648 0.091127 2.179355 0.366652 0.004695 1.774373 0.181129 0.075357 2.283552 0.179514 0.004795 2.163131 0.112747 0.014013 
1.765622 0.326579 0.098051 2.179387 0.366670 0.004715 1.773698 0.191194 0.080865 2.283585 0.179532 0.004810 2.163230 0.112802 0.015092 
2.179446 0.366703 0.004730 1.773889 0.200782 0.088715 1.766691 0.336050 0.107166 1.968661 0.353508 0.029083 2.283644 0.179566 0.004820 2.163428 0.112913 0.017042 
2.179534 0.366751 0.004752 1.774864 0.209992 0.098682 1.768782 0.345169 0.118176 1.968121 0.362398 0.033554 2.283731 0.179613 0.004832 2.163754 0.113095 0.019827 
2.179739 0.367102 0.004860 1.776003 0.219940 0.115692 1.772173 0.355140 0.135600 1.969461 0.369999 0.045878 2.300913 0.191556 0.024302 2.188445 0.117585 0.054686 
2.185702 0.396217 0.026649 1.765107 0.227539 0.143538 1.762464 0.362540 0.164929 1.954145 0.378351 0.063923 2.299340 0.214660 0.025695 2.182661 0.141856 0.037065 
1.755991 0.371922 0.190056 2.167589 0.414248 0.030229 1.756302 0.237035 0.167802 2.274366 0.229624 0.010476 2.155980 0.159998 0.023935 
1.753305 0.382749 0.211182 2.157542 0.418973 0.027987 1.751403 0.248065 0.187808 2.263350 0.234202 0.004705 2.145625 0.164699 0.023528 
2.154919 0.417478 0.028233 1.752346 0.264841 0.205162 1.755871 0.398757 0.232438 1.926382 0.417441 0.099132 2.263428 0.234309 0.004726 2.147890 0.162985 0.029377 
2.154101 0.416663 0.030300 1.761488 0.282710 0.218754 1.767325 0.415707 0.249859 1.932039 0.437215 0.109857 2.263630 0.234377 0.004745 2.150059 0.162149 0.035225 
2.155571 0.416784 0.034605 1.776533 0.296255 0.232838 1.785137 0.428617 0.265947 1.944950 0.450598 0.120446 2.263856 0.234407 0.004762 2.151928 0.162299 0.041049 
2.159078 0.417646 0.040400 1.793314 0.302346 0.252173 1.804679 0.434482 0.285352 1.958641 0.455332 0.133514 2.264106 0.234403 0.004781 2.153625 0.163192 0.046816 
2.164217 0.418844 0.047421 1.810327 0.302973 0.278242 1.824470 0.435038 0.310626 1.970555 0.454496 0.151020 2.264371 0.234371 0.004801 2.155336 0.164455 0.052416 
2.171218 0.420152 0.055885 1.829687 0.299499 0.307945 1.846605 0.431517 0.339166 1.983494 0.449600 0.171451 2.264655 0.234303 0.004821 2.157131 0.165957 0.057845 
2.180198 0.421202 0.065895 1.852221 0.292783 0.338019 1.871845 0.424638 0.368337 1.998814 0.442033 0.192924 2.265082 0.234218 0.004988 2.159244 0.167487 0.063206 
2.190770 0.421594 0.077276 1.877859 0.283780 0.365945 1.900204 0.415175 0.396376 2.017089 0.433439 0.214173 2.265859 0.234358 0.005287 2.162285 0.168747 0.068625 
2.200945 0.418494 0.088046 1.906338 0.273518 0.390387 1.931460 0.404494 0.420450 2.038017 0.423227 0.232066 2.268084 0.231159 0.008827 2.167527 0.166321 0.077589 
2.210357 0.410257 0.096836 1.936581 0.264552 0.413779 1.964851 0.395000 0.443339 2.059506 0.414490 0.248778 2.269887 0.223035 0.011501 2.173618 0.158542 0.086448 
2.222167 0.399776 0.101117 1.968066 0.255146 0.434081 1.999708 0.384639 0.464417 2.081211 0.407478 0.264344 2.275295 0.213689 0.009319 2.183808 0.148363 0.089361 
2.001577 0.245406 0.447817 2.037201 0.373415 0.479977 2.105889 0.401434 0.275794 3.124301 -0.380340 0.004819 2.233002 0.395040 0.105969 3.113709 -0.445460 0.006615 3.097375 -0.442699 0.010389 
2.034082 0.229119 0.454348 2.070766 0.357260 0.484745 2.129175 0.385559 0.277426 3.124555 -0.381364 0.004834 2.243000 0.394116 0.111870 3.115495 -0.446727 0.006061 3.099311 -0.444397 0.010676 
2.047102 0.214838 0.446154 2.082103 0.343925 0.474462 2.141417 0.369206 0.267009 3.126899 -0.381664 0.004640 2.254149 0.395131 0.111923 3.119033 -0.447194 0.004491 3.102989 -0.445280 0.009744 
2.055118 0.210943 0.437864 2.089359 0.340663 0.464135 2.152250 0.361847 0.257278 3.132119 -0.384060 0.004337 2.264423 0.392342 0.109813 3.123993 -0.449551 0.003387 3.107911 -0.447630 0.008519 
2.060390 0.215619 0.434036 2.094965 0.345775 0.457565 2.160493 0.361606 0.251048 3.136667 -0.384751 0.004127 2.272610 0.385960 0.105305 3.127873 -0.450141 0.002423 3.111772 -0.448107 0.007451 
2.063353 0.222779 0.431536 2.098246 0.353231 0.452855 2.166267 0.364618 0.246852 3.140709 -0.386751 0.003676 2.279504 0.379879 0.100464 3.130526 -0.451937 0.001918 3.114423 -0.449553 0.006783 
2.064574 0.229243 0.429337 2.099273 0.360015 0.448946 2.169549 0.368092 0.243544 3.142906 -0.387130 0.003254 2.284806 0.374464 0.095895 3.131282 -0.452081 0.001740 3.115200 -0.449313 0.006468 
2.065095 0.234612 0.427221 2.099245 0.365689 0.445731 2.171309 0.371775 0.240881 3.142901 -0.387083 0.003409 2.288706 0.373686 0.092660 3.129952 -0.451795 0.002650 3.113923 -0.448643 0.007318 
2.065833 0.240833 0.427342 3.128725 -0.451476 0.003821 2.099638 0.372099 0.445125 2.172024 0.377137 0.240360 3.142887 -0.387013 0.003554 2.290904 0.374390 0.090225 2.240376 0.124983 0.098043 3.112742 -0.447945 0.008376 
2.066262 0.248084 0.428051 3.127610 -0.451139 0.005003 2.099855 0.379553 0.444700 2.171444 0.383177 0.239625 3.142855 -0.386937 0.003688 2.290777 0.375247 0.087617 2.242347 0.125547 0.098673 3.111657 -0.447261 0.009374 
2.066415 0.257064 0.427561 2.242998 0.126609 0.099727 2.100013 0.388739 0.442486 2.170604 0.389966 0.237037 3.142786 -0.386859 0.003811 2.289508 0.376438 0.084249 3.126565 -0.450795 0.006045 3.110604 -0.446605 0.010090 
2.104199 0.403595 0.438594 2.069804 0.271820 0.426671 3.144327 -0.385735 0.007383 2.240785 0.132522 0.102350 3.001619 0.755992 0.014393 3.011431 0.742574 0.009976 3.127988 -0.449597 0.010648 3.111994 -0.445310 0.014450 
2.111404 0.425066 0.436321 3.158685 -0.392079 0.021710 2.073738 0.294075 0.425720 2.239430 0.134149 0.104638 3.143894 -0.456072 0.028204 3.127720 -0.452004 0.031450 2.995816 0.766915 0.046119 3.006804 0.754415 0.041775 
2.113958 0.440293 0.426698 3.185805 -0.397401 0.040476 2.074055 0.310068 0.414909 2.239937 0.134049 0.104916 3.172147 -0.461441 0.048745 3.155699 -0.457676 0.050733 2.988165 0.765253 0.067264 2.999536 0.753055 0.063051 
2.113288 0.443665 0.420512 3.204014 -0.398420 0.057083 2.073032 0.313702 0.407131 2.240194 0.133145 0.104633 3.191612 -0.462476 0.067034 3.175025 -0.459055 0.068385 2.989966 0.774698 0.074516 3.001128 0.762279 0.070392 
2.110102 0.437754 0.421222 3.216776 -0.395538 0.069508 2.071010 0.307547 0.406812 2.240324 0.131891 0.104189 3.205728 -0.459641 0.080678 3.189059 -0.456565 0.081843 2.999291 0.786361 0.062409 3.010099 0.773460 0.058863 
2.106557 0.427371 0.426858 3.229780 -0.390374 0.079246 2.069229 0.296691 0.412051 2.240241 0.130500 0.103666 3.220280 -0.454569 0.091283 3.203539 -0.451884 0.092387 3.010136 0.793957 0.036487 3.020658 0.780585 0.033977 
2.103476 0.415661 0.434626 3.244853 -0.384045 0.088555 2.067955 0.284507 0.419572 2.239596 0.129157 0.103104 3.237134 -0.448317 0.101421 3.220325 -0.446084 0.102492 3.016910 0.796903 0.007950 3.027323 0.783281 0.006587 
2.100709 0.403189 0.440961 3.262488 -0.377269 0.098312 2.067124 0.271486 0.426259 2.236886 0.128353 0.102923 3.256649 -0.441578 0.111961 3.239771 -0.439853 0.112869 3.008555 0.798370 0.005671 3.019217 0.784913 0.004637 
2.098091 0.390211 0.444002 3.278539 -0.372188 0.106235 2.066514 0.257971 0.429665 2.233876 0.127653 0.102799 3.274210 -0.436483 0.120495 3.257282 -0.435198 0.121151 2.994482 0.797979 0.005721 3.005505 0.784817 0.004671 
2.095644 0.378767 0.445285 3.289778 -0.368482 0.110233 2.065618 0.246224 0.430439 2.230537 0.126899 0.102638 3.286530 -0.432784 0.124750 3.269574 -0.431817 0.125236 2.981765 0.796465 0.006052 2.993095 0.783570 0.004957 
2.093204 0.369474 0.446038 3.297206 -0.365674 0.111465 2.064148 0.236822 0.430255 2.227054 0.125876 0.102381 3.294749 -0.430029 0.125901 3.277778 -0.429304 0.126243 2.970375 0.793151 0.006102 2.981973 0.780494 0.005046 
2.090776 0.362440 0.447582 2.062137 0.229874 0.430384 3.302015 -0.363925 0.110920 2.224047 0.124527 0.101975 2.960925 0.789098 0.006431 2.972758 0.776653 0.005466 3.300064 -0.428381 0.124981 3.283083 -0.427836 0.125123 
2.088050 0.356921 0.450241 2.059414 0.224574 0.431425 3.304107 -0.363353 0.108884 2.220705 0.123220 0.101482 2.954911 0.785829 0.007456 2.966932 0.773555 0.006632 3.302375 -0.427948 0.122317 3.285391 -0.427516 0.122204 
2.084769 0.351830 0.453058 2.055925 0.219800 0.432424 3.303797 -0.363798 0.105595 2.216574 0.121876 0.100993 2.951844 0.783416 0.008785 2.963983 0.771246 0.008146 3.302054 -0.428558 0.118205 3.285073 -0.428180 0.117799 
2.081464 0.347296 0.455093 2.052293 0.215636 0.432631 3.301560 -0.365413 0.100726 2.212286 0.120491 0.100529 2.951087 0.780944 0.010227 2.963298 0.768839 0.009772 3.299565 -0.430352 0.112341 3.282594 -0.429957 0.111634 
2.078880 0.343700 0.456093 2.049280 0.212451 0.431857 3.297090 -0.368144 0.093554 2.208905 0.119247 0.100077 2.952353 0.777951 0.012718 2.964612 0.765891 0.012416 3.294610 -0.433260 0.104035 3.277652 -0.432761 0.103119 
2.077855 0.341435 0.457234 2.047619 0.210690 0.431132 3.290763 -0.371612 0.083739 2.207485 0.118123 0.099557 2.955177 0.776115 0.018933 2.967424 0.764043 0.018612 3.287649 -0.436881 0.093022 3.270700 -0.436210 0.092055 
2.078346 0.339614 0.458913 2.047379 0.209432 0.430921 3.283470 -0.375192 0.071626 3.279674 -0.440592 0.079658 2.959456 0.776015 0.029366 2.971613 0.763860 0.028819 2.207509 0.117083 0.098976 3.262729 -0.439713 0.078799 
2.079435 0.336613 0.460670 2.047871 0.206977 0.430874 3.276690 -0.378227 0.058064 3.272276 -0.443738 0.064758 2.964939 0.776941 0.042145 2.976957 0.764669 0.041258 2.207540 0.116063 0.098399 3.255333 -0.442666 0.064076 
2.080685 0.331634 0.462850 2.048687 0.202589 0.431013 3.271332 -0.380545 0.043850 3.266443 -0.446150 0.049153 2.970628 0.778142 0.055936 2.982484 0.765746 0.054667 2.207706 0.114764 0.097747 3.249504 -0.444928 0.048662 
2.049509 0.195879 0.431450 2.081800 0.324220 0.465738 2.145347 0.358805 0.260898 3.268293 -0.381999 0.029524 3.263146 -0.447685 0.033380 3.246210 -0.446378 0.033036 2.975604 0.779002 0.069670 2.987312 0.766509 0.068036 
2.050188 0.186434 0.432084 2.082584 0.313948 0.469236 2.145926 0.353135 0.265163 3.267790 -0.382636 0.015198 3.262603 -0.448391 0.017535 3.245667 -0.447064 0.017272 2.978784 0.778760 0.082968 2.990392 0.766220 0.081015 
2.050855 0.174598 0.432764 2.083185 0.301169 0.473069 2.146188 0.345544 0.269955 3.268280 -0.382739 0.004991 3.263313 -0.448545 0.005889 3.246372 -0.447268 0.005824 2.979398 0.776915 0.096729 2.990980 0.764403 0.094463 
2.051302 0.161531 0.433469 2.083384 0.287117 0.476927 2.145914 0.336809 0.274901 3.268359 -0.382648 0.004988 3.264868 -0.448552 0.005709 3.247903 -0.447651 0.005884 2.976270 0.774266 0.110540 2.987902 0.761862 0.107957 
2.051356 0.148054 0.433991 2.082822 0.272842 0.480118 2.144747 0.327252 0.279124 3.268438 -0.382651 0.004985 3.266102 -0.448606 0.005722 3.249128 -0.448000 0.006164 2.969318 0.771255 0.121608 2.981072 0.759020 0.118779 
2.051252 0.135638 0.434370 2.081849 0.259979 0.482256 2.143049 0.317763 0.281983 3.268529 -0.382646 0.004982 3.266965 -0.448622 0.005827 3.249996 -0.448210 0.006577 2.959670 0.767492 0.128076 2.971632 0.755490 0.125122 
2.051283 0.125603 0.434171 2.080887 0.249861 0.482889 2.141516 0.309503 0.282988 3.268624 -0.382636 0.004979 3.267480 -0.448618 0.005999 3.250526 -0.448307 0.007069 2.949062 0.763206 0.130003 2.961288 0.751479 0.127029 
2.051701 0.119258 0.433370 2.080436 0.243630 0.482317 2.140889 0.303987 0.282577 3.268709 -0.382618 0.004977 3.267729 -0.448599 0.006247 3.250795 -0.448321 0.007604 2.939682 0.759348 0.128957 2.952157 0.747879 0.126011 
2.052216 0.117117 0.432760 2.080441 0.241725 0.481400 2.140932 0.301748 0.281571 3.268780 -0.382599 0.004975 3.267736 -0.448573 0.006518 3.250823 -0.448268 0.008112 2.933271 0.756982 0.125681 2.945920 0.745689 0.122800 
2.052697 0.118113 0.432353 2.080634 0.243078 0.480239 2.141289 0.301941 0.280115 3.268819 -0.382581 0.004974 3.267513 -0.448545 0.006754 3.250615 -0.448163 0.008480 2.930934 0.756524 0.120998 2.943655 0.745289 0.118207 
2.053076 0.121677 0.432356 2.080924 0.247100 0.479084 2.141769 0.304081 0.278473 3.268821 -0.382568 0.004974 3.267101 -0.448517 0.006930 3.250206 -0.448025 0.008661 2.932185 0.757720 0.115952 2.944889 0.746443 0.113251 
2.053172 0.127196 0.432538 2.081139 0.253102 0.477872 2.142200 0.307749 0.276679 3.268789 -0.382559 0.004974 3.266552 -0.448489 0.007037 3.249651 -0.447865 0.008656 2.935852 0.760090 0.111119 2.948474 0.748704 0.108499 
2.052937 0.134326 0.432642 2.081266 0.260638 0.476602 2.142613 0.312874 0.274856 3.268728 -0.382556 0.004975 3.265931 -0.448464 0.007052 3.249017 -0.447702 0.008463 2.941321 0.763091 0.106638 2.953817 0.751547 0.104098 
2.052446 0.142505 0.432780 2.081378 0.269083 0.475568 2.143033 0.319134 0.273362 3.268671 -0.382559 0.004973 3.265317 -0.448444 0.006961 3.248388 -0.447548 0.008090 2.947825 0.766148 0.102681 2.960165 0.754420 0.100227 
2.051815 0.150964 0.432994 2.081519 0.277671 0.474862 2.143466 0.325875 0.272297 3.268617 -0.382567 0.004972 3.264755 -0.448429 0.006783 3.247815 -0.447414 0.007588 2.954448 0.768836 0.099641 2.966627 0.756925 0.097267 
2.051166 0.158762 0.433179 2.081679 0.285493 0.474383 2.143877 0.332258 0.271558 3.268521 -0.382577 0.004974 3.264258 -0.448420 0.006583 3.247311 -0.447311 0.007065 2.960246 0.770859 0.097726 2.972284 0.758794 0.095409 
2.050612 0.164888 0.433126 2.081785 0.291609 0.473869 2.144215 0.337313 0.270873 3.268441 -0.382587 0.004976 3.263880 -0.448414 0.006390 3.246932 -0.447235 0.006599 2.964519 0.772114 0.096793 2.976457 0.759944 0.094509 
2.050212 0.168722 0.432860 2.081800 0.295417 0.473363 2.144427 0.340515 0.270292 3.268388 -0.382596 0.004978 3.263638 -0.448413 0.006226 3.246692 -0.447189 0.006258 2.967055 0.772699 0.096628 2.978936 0.760471 0.094354 
2.050025 0.170090 0.432568 2.081772 0.296753 0.473045 2.144521 0.341710 0.269980 3.268373 -0.382611 0.005026 3.263563 -0.448426 0.006191 3.246619 -0.447188 0.006160 2.968064 0.772877 0.096825 2.979923 0.760629 0.094549 
2.050085 0.169371 0.432571 2.081777 0.296025 0.473121 2.144509 0.341124 0.270083 3.268409 -0.382613 0.004995 3.263638 -0.448430 0.006153 3.246692 -0.447201 0.006153 2.967795 0.772764 0.097153 2.979659 0.760522 0.094868 
2.050278 0.167279 0.432773 2.081781 0.293933 0.473471 2.144398 0.339379 0.270475 3.268538 -0.382609 0.004987 3.263895 -0.448435 0.006205 3.246948 -0.447238 0.006272 2.966725 0.772448 0.097643 2.978613 0.760231 0.095346 
2.050511 0.164485 0.432790 2.081776 0.291101 0.473787 2.144308 0.337145 0.270900 3.268649 -0.382606 0.004982 3.264185 -0.448442 0.006288 3.247235 -0.447289 0.006476 2.964891 0.771903 0.098276 2.976819 0.759729 0.095963 
2.050770 0.161351 0.432712 2.081781 0.287900 0.474107 2.144243 0.334697 0.271370 3.269022 -0.382603 0.004958 3.264771 -0.448451 0.006363 3.247819 -0.447350 0.006673 2.962418 0.771088 0.099090 2.974400 0.758970 0.096757 
2.051045 0.158131 0.432676 2.081800 0.284608 0.474481 2.144177 0.332186 0.271899 3.269215 -0.382599 0.004949 3.265180 -0.448458 0.006453 3.248229 -0.447409 0.006902 2.959560 0.770048 0.100026 2.971605 0.757998 0.097669 
2.051305 0.155059 0.432685 2.081805 0.281475 0.474858 2.144082 0.329770 0.272415 3.269255 -0.382594 0.004952 3.265419 -0.448464 0.006543 3.248468 -0.447462 0.007126 2.956681 0.768899 0.101006 2.968789 0.756918 0.098624 
2.051501 0.152372 0.432663 2.081759 0.278749 0.475128 2.143943 0.327630 0.272798 3.269692 -0.382592 0.004918 3.266017 -0.448469 0.006563 3.249067 -0.447507 0.007220 2.954185 0.767825 0.101959 2.966349 0.755905 0.099551 
2.051630 0.150385 0.432632 2.081711 0.276727 0.475325 2.143825 0.326060 0.273083 3.269714 -0.382591 0.004924 3.266155 -0.448474 0.006599 3.249207 -0.447539 0.007330 2.952415 0.767021 0.102814 2.964617 0.755144 0.100383 
2.051690 0.149324 0.432638 2.081692 0.275635 0.475478 2.143764 0.325247 0.273291 3.269796 -0.382591 0.004922 3.266309 -0.448478 0.006600 3.249360 -0.447561 0.007361 2.951507 0.766570 0.103497 2.963726 0.754715 0.101047 
2.051702 0.149085 0.432637 2.081701 0.275376 0.475537 2.143764 0.325087 0.273372 3.269798 -0.382592 0.004927 3.266336 -0.448480 0.006597 3.249388 -0.447570 0.007364 2.951355 0.766493 0.103981 2.963573 0.754641 0.101517 
2.051697 0.149130 0.432632 2.081700 0.275421 0.475531 2.143768 0.325127 0.273366 3.269798 -0.382592 0.004932 3.266334 -0.448480 0.006601 3.249386 -0.447570 0.007367 2.951314 0.766532 0.104231 2.963529 0.754679 0.101757 
2.051679 0.149291 0.432614 2.081699 0.275579 0.475508 2.143777 0.325269 0.273342 3.269796 -0.382592 0.004936 3.266326 -0.448480 0.006602 3.249377 -0.447568 0.007362 2.951344 0.766538 0.104253 2.963557 0.754683 0.101777 
2.051652 0.149530 0.432586 2.081697 0.275814 0.475474 2.143792 0.325480 0.273307 3.269793 -0.382592 0.004940 3.266313 -0.448480 0.006602 3.249364 -0.447566 0.007351 2.951421 0.766541 0.104201 2.963632 0.754683 0.101726 
2.051622 0.149802 0.432553 2.081695 0.276082 0.475434 2.143809 0.325720 0.273267 3.269790 -0.382593 0.004944 3.266299 -0.448479 0.006600 3.249350 -0.447563 0.007339 2.951503 0.766541 0.104144 2.963712 0.754680 0.101670 
2.051593 0.150061 0.432523 2.081693 0.276337 0.475397 2.143825 0.325948 0.273228 3.269787 -0.382593 0.004947 3.266285 -0.448479 0.006598 3.249336 -0.447560 0.007326 2.951566 0.766537 0.104111 2.963771 0.754673 0.101637 
2.051570 0.150266 0.432502 2.081692 0.276539 0.475369 2.143836 0.326127 0.273199 3.269785 -0.382593 0.004950 3.266274 -0.448479 0.006597 3.249324 -0.447558 0.007317 2.951600 0.766535 0.104133 2.963803 0.754669 0.101656 
2.051560 0.150382 0.432511 2.081692 0.276658 0.475365 2.143838 0.326220 0.273189 3.269783 -0.382593 0.004953 3.266266 -0.448479 0.006597 3.249316 -0.447556 0.007310 2.951601 0.766532 0.104202 2.963800 0.754664 0.101722 
2.051556 0.150435 0.432525 2.081692 0.276713 0.475369 2.143836 0.326259 0.273188 3.269782 -0.382594 0.004956 3.266261 -0.448479 0.006598 3.249311 -0.447556 0.007308 2.951566 0.766522 0.104298 2.963763 0.754653 0.101813 
2.051555 0.150447 0.432527 2.081692 0.276725 0.475369 2.143836 0.326267 0.273188 3.269782 -0.382594 0.004958 3.266261 -0.448479 0.006600 3.249311 -0.447555 0.007310 2.951498 0.766501 0.104398 2.963694 0.754632 0.101908 
2.051556 0.150449 0.432528 2.081692 0.276727 0.475369 2.143836 0.326268 0.273187 3.269783 -0.382594 0.004960 3.266261 -0.448479 0.006602 3.249310 -0.447555 0.007312 2.951425 0.766474 0.104485 2.963620 0.754604 0.101990 
2.051555 0.150451 0.432528 2.081692 0.276729 0.475369 2.143836 0.326270 0.273187 3.269783 -0.382594 0.004962 3.266261 -0.448479 0.006604 3.249311 -0.447555 0.007314 2.951357 0.766447 0.104558 2.963551 0.754577 0.102059 
2.051556 0.150453 0.432529 2.081692 0.276731 0.475369 2.143836 0.326271 0.273187 3.269783 -0.382594 0.004963 3.266261 -0.448479 0.006606 3.249311 -0.447555 0.007316 2.951292 0.766419 0.104623 2.963485 0.754549 0.102120 
2.051555 0.150454 0.432529 2.081692 0.276733 0.475369 2.143836 0.326272 0.273186 3.269783 -0.382594 0.004965 3.266261 -0.448479 0.006608 3.249311 -0.447556 0.007317 2.951227 0.766392 0.104688 2.963419 0.754522 0.102182 
2.051555 0.150456 0.432529 2.081692 0.276735 0.475369 2.143836 0.326273 0.273186 3.269783 -0.382594 0.004966 3.266261 -0.448479 0.006609 3.249311 -0.447556 0.007319 2.951162 0.766366 0.104758 2.963354 0.754496 0.102248 
2.051555 0.150458 0.432530 2.081692 0.276738 0.475369 2.143836 0.326275 0.273186 3.269783 -0.382594 0.004967 3.266261 -0.448479 0.006611 3.249311 -0.447556 0.007320 2.951097 0.766341 0.104832 2.963288 0.754471 0.102318 
2.051554 0.150468 0.432532 2.081692 0.276747 0.475369 2.143836 0.326282 0.273186 3.269783 -0.382594 0.004969 3.266261 -0.448479 0.006612 3.249311 -0.447555 0.007320 2.951034 0.766316 0.104907 2.963224 0.754446 0.102389 
2.051553 0.150489 0.432537 2.081692 0.276769 0.475371 2.143835 0.326297 0.273185 3.269783 -0.382594 0.004970 3.266259 -0.448479 0.006612 3.249309 -0.447555 0.007320 2.950976 0.766294 0.104985 2.963165 0.754424 0.102463 
2.051550 0.150523 0.432546 2.081692 0.276806 0.475373 2.143834 0.326322 0.273185 3.269783 -0.382594 0.004970 3.266256 -0.448479 0.006612 3.249306 -0.447555 0.007317 2.950911 0.766268 0.105062 2.963099 0.754399 0.102536 
2.051547 0.150571 0.432558 2.081692 0.276856 0.475376 2.143833 0.326357 0.273184 3.269782 -0.382594 0.004971 3.266252 -0.448479 0.006611 3.249302 -0.447554 0.007314 2.950849 0.766244 0.105140 2.963038 0.754375 0.102609 
2.051543 0.150629 0.432573 2.081692 0.276916 0.475380 2.143831 0.326399 0.273182 3.269781 -0.382594 0.004972 3.266248 -0.448479 0.006610 3.249297 -0.447553 0.007309 2.950794 0.766221 0.105216 2.962983 0.754353 0.102681 
2.051538 0.150693 0.432589 2.081692 0.276982 0.475384 2.143829 0.326446 0.273181 3.269780 -0.382594 0.004973 3.266242 -0.448479 0.006609 3.249291 -0.447552 0.007303 2.950747 0.766201 0.105290 2.962936 0.754333 0.102751 
2.051533 0.150758 0.432605 2.081692 0.277050 0.475389 2.143827 0.326493 0.273180 3.269779 -0.382595 0.004973 3.266236 -0.448479 0.006608 3.249286 -0.447551 0.007298 2.950703 0.766182 0.105362 2.962891 0.754315 0.102819 
2.051528 0.150820 0.432620 2.081692 0.277115 0.475391 2.143826 0.326538 0.273177 3.269778 -0.382595 0.004974 3.266231 -0.448479 0.006607 3.249280 -0.447550 0.007293 2.950655 0.766164 0.105434 2.962843 0.754298 0.102886 
2.051524 0.150875 0.432631 2.081692 0.277174 0.475392 2.143824 0.326577 0.273172 3.269777 -0.382595 0.004974 3.266226 -0.448479 0.006607 3.249276 -0.447549 0.007289 2.950595 0.766144 0.105501 2.962783 0.754279 0.102949 
2.051522 0.150921 0.432639 2.081691 0.277223 0.475389 2.143822 0.326609 0.273165 3.269776 -0.382595 0.004975 3.266222 -0.448479 0.006609 3.249272 -0.447547 0.007288 2.950522 0.766123 0.105562 2.962710 0.754259 0.103006 
2.051519 0.150960 0.432643 2.081689 0.277265 0.475383 2.143821 0.326635 0.273156 3.269776 -0.382595 0.004975 3.266219 -0.448478 0.006611 3.249268 -0.447546 0.007288 2.950438 0.766098 0.105613 2.962627 0.754235 0.103054 
2.051517 0.150996 0.432647 2.081688 0.277303 0.475379 2.143820 0.326659 0.273148 3.269775 -0.382594 0.004976 3.266216 -0.448478 0.006614 3.249265 -0.447546 0.007288 2.950355 0.766071 0.105660 2.962544 0.754210 0.103098 
2.051515 0.151029 0.432651 2.081687 0.277339 0.475374 2.143819 0.326682 0.273140 3.269775 -0.382594 0.004976 3.266214 -0.448478 0.006616 3.249263 -0.447545 0.007288 2.950273 0.766045 0.105708 2.962463 0.754185 0.103142 
2.051513 0.151061 0.432655 2.081686 0.277374 0.475370 2.143818 0.326703 0.273132 3.269774 -0.382594 0.004976 3.266211 -0.448477 0.006618 3.249260 -0.447544 0.007288 2.950190 0.766019 0.105761 2.962381 0.754160 0.103191 
2.051511 0.151093 0.432658 2.081685 0.277408 0.475365 2.143817 0.326724 0.273125 3.269774 -0.382594 0.004977 3.266208 -0.448477 0.006620 3.249257 -0.447543 0.007287 2.950095 0.765986 0.105821 2.962287 0.754129 0.103247 
2.051509 0.151125 0.432662 2.081684 0.277443 0.475361 2.143816 0.326746 0.273117 3.269773 -0.382594 0.004977 3.266206 -0.448477 0.006622 3.249254 -0.447542 0.007287 2.949976 0.765940 0.105890 2.962169 0.754086 0.103312 
2.051507 0.151158 0.432666 2.081682 0.277478 0.475357 2.143815 0.326768 0.273110 3.269773 -0.382594 0.004977 3.266203 -0.448477 0.006624 3.249252 -0.447542 0.007287 2.949830 0.765879 0.105964 2.962026 0.754028 0.103382 
2.051505 0.151192 0.432670 2.081681 0.277514 0.475353 2.143814 0.326791 0.273103 3.269773 -0.382594 0.004977 3.266201 -0.448476 0.006626 3.249249 -0.447541 0.007286 2.949668 0.765809 0.106042 2.961867 0.753962 0.103456 
2.051503 0.151224 0.432675 2.081681 0.277549 0.475350 2.143813 0.326813 0.273096 3.269772 -0.382594 0.004977 3.266198 -0.448476 0.006627 3.249246 -0.447540 0.007286 2.949500 0.765734 0.106123 2.961701 0.753891 0.103532 
2.051501 0.151257 0.432679 2.081680 0.277584 0.475346 2.143812 0.326835 0.273090 3.269772 -0.382593 0.004978 3.266195 -0.448476 0.006629 3.249244 -0.447539 0.007285 2.949337 0.765661 0.106204 2.961541 0.753822 0.103609 
2.051499 0.151288 0.432683 2.081679 0.277618 0.475343 2.143811 0.326856 0.273084 3.269771 -0.382593 0.004978 3.266192 -0.448476 0.006630 3.249241 -0.447538 0.007284 2.949185 0.765595 0.106282 2.961392 0.753760 0.103683 
2.051497 0.151319 0.432688 2.081678 0.277651 0.475341 2.143810 0.326877 0.273078 3.269771 -0.382593 0.004978 3.266190 -0.448475 0.006632 3.249238 -0.447538 0.007284 2.949048 0.765536 0.106358 2.961257 0.753704 0.103755 
2.051495 0.151351 0.432692 2.081677 0.277685 0.475338 2.143809 0.326899 0.273072 3.269770 -0.382593 0.004978 3.266188 -0.448475 0.006633 3.249236 -0.447537 0.007283 2.948922 0.765484 0.106430 2.961133 0.753655 0.103822 
2.051493 0.151383 0.432698 2.081676 0.277719 0.475336 2.143808 0.326921 0.273068 3.269770 -0.382593 0.004978 3.266185 -0.448475 0.006634 3.249233 -0.447536 0.007282 2.948806 0.765435 0.106499 2.961018 0.753609 0.103888 
2.051491 0.151415 0.432715 2.081676 0.277753 0.475345 2.143803 0.326943 0.273072 3.269769 -0.382593 0.004978 3.266182 -0.448475 0.006635 3.249230 -0.447535 0.007280 2.948692 0.765388 0.106566 2.960907 0.753564 0.103951 
2.051489 0.151445 0.432745 2.081675 0.277786 0.475366 2.143795 0.326963 0.273088 3.269769 -0.382593 0.004978 3.266179 -0.448474 0.006636 3.249227 -0.447534 0.007279 2.948580 0.765341 0.106632 2.960796 0.753520 0.104013 
2.051486 0.151474 0.432780 2.081675 0.277818 0.475392 2.143785 0.326984 0.273108 3.269768 -0.382593 0.004978 3.266176 -0.448474 0.006637 3.249224 -0.447534 0.007277 2.948465 0.765292 0.106698 2.960682 0.753474 0.104076 
2.051485 0.151507 0.432812 2.081675 0.277853 0.475415 2.143777 0.327006 0.273125 3.269768 -0.382593 0.004979 3.266171 -0.448474 0.006638 3.249220 -0.447533 0.007276 2.948345 0.765243 0.106765 2.960565 0.753427 0.104138 
2.051483 0.151543 0.432838 2.081676 0.277892 0.475431 2.143771 0.327031 0.273136 3.269768 -0.382593 0.004979 3.266167 -0.448474 0.006638 3.249215 -0.447531 0.007275 2.948220 0.765193 0.106827 2.960441 0.753379 0.104197 
2.051483 0.151580 0.432862 2.081676 0.277933 0.475445 2.143766 0.327056 0.273145 3.269768 -0.382593 0.004979 3.266163 -0.448473 0.006639 3.249211 -0.447530 0.007275 2.948090 0.765143 0.106884 2.960314 0.753333 0.104250 
2.051482 0.151618 0.432886 2.081677 0.277973 0.475458 2.143761 0.327081 0.273152 3.269768 -0.382593 0.004979 3.266158 -0.448473 0.006641 3.249206 -0.447528 0.007275 2.947958 0.765093 0.106931 2.960184 0.753286 0.104294 
2.051482 0.151657 0.432911 2.081677 0.278016 0.475472 2.143756 0.327107 0.273160 3.269767 -0.382593 0.004979 3.266153 -0.448473 0.006642 3.249201 -0.447527 0.007276 2.947827 0.765044 0.106971 2.960055 0.753239 0.104331 
2.051482 0.151698 0.432937 2.081678 0.278061 0.475486 2.143750 0.327134 0.273168 3.269767 -0.382593 0.004979 3.266148 -0.448472 0.006644 3.249196 -0.447525 0.007277 2.947699 0.764995 0.107005 2.959929 0.753194 0.104362 
2.051481 0.151740 0.432964 2.081678 0.278107 0.475500 2.143745 0.327162 0.273176 3.269767 -0.382592 0.004979 3.266142 -0.448472 0.006645 3.249190 -0.447523 0.007277 2.947575 0.764949 0.107038 2.959807 0.753150 0.104392 
2.051481 0.151782 0.432989 2.081679 0.278153 0.475513 2.143739 0.327190 0.273183 3.269767 -0.382592 0.004979 3.266137 -0.448471 0.006647 3.249185 -0.447521 0.007278 2.947454 0.764905 0.107071 2.959688 0.753109 0.104422 
2.051480 0.151824 0.433014 2.081680 0.278198 0.475526 2.143734 0.327218 0.273190 3.269767 -0.382592 0.004979 3.266131 -0.448471 0.006648 3.249180 -0.447520 0.007278 2.947337 0.764863 0.107107 2.959573 0.753069 0.104455 
2.051480 0.151864 0.433039 2.081680 0.278242 0.475540 2.143729 0.327245 0.273198 3.269767 -0.382592 0.004979 3.266126 -0.448470 0.006650 3.249175 -0.447518 0.007278 2.947223 0.764820 0.107145 2.959461 0.753030 0.104490 
2.051479 0.151903 0.433065 2.081681 0.278285 0.475555 2.143723 0.327271 0.273207 3.269767 -0.382592 0.004979 3.266121 -0.448470 0.006651 3.249170 -0.447516 0.007278 2.947110 0.764778 0.107188 2.959350 0.752990 0.104530 
2.051479 0.151941 0.433092 2.081682 0.278325 0.475572 2.143718 0.327297 0.273218 3.269767 -0.382592 0.004979 3.266117 -0.448470 0.006651 3.249165 -0.447515 0.007278 2.946999 0.764736 0.107234 2.959240 0.752950 0.104573 
2.051478 0.151977 0.433119 2.081683 0.278364 0.475589 2.143713 0.327322 0.273230 3.269767 -0.382592 0.004979 3.266112 -0.448470 0.006652 3.249161 -0.447513 0.007277 2.946888 0.764693 0.107284 2.959131 0.752910 0.104620 
2.051478 0.152011 0.433145 2.081684 0.278401 0.475606 2.143708 0.327346 0.273242 3.269766 -0.382592 0.004979 3.266108 -0.448469 0.006653 3.249157 -0.447512 0.007277 2.946776 0.764650 0.107336 2.959021 0.752869 0.104669 
2.051478 0.152045 0.433171 2.081686 0.278438 0.475624 2.143704 0.327370 0.273255 3.269766 -0.382592 0.004979 3.266104 -0.448469 0.006654 3.249153 -0.447511 0.007277 2.946664 0.764607 0.107389 2.958910 0.752828 0.104718 
2.051479 0.152078 0.433198 2.081689 0.278473 0.475642 2.143700 0.327393 0.273268 3.269766 -0.382592 0.004979 3.266101 -0.448469 0.006654 3.249149 -0.447510 0.007277 2.946550 0.764563 0.107441 2.958799 0.752787 0.104767 
2.051479 0.152110 0.433224 2.081691 0.278508 0.475660 2.143696 0.327417 0.273282 3.269766 -0.382592 0.004979 3.266097 -0.448469 0.006655 3.249145 -0.447509 0.007277 2.946437 0.764519 0.107493 2.958688 0.752746 0.104815 
2.051480 0.152144 0.433250 2.081693 0.278544 0.475678 2.143692 0.327441 0.273295 3.269766 -0.382592 0.004979 3.266093 -0.448468 0.006656 3.249142 -0.447507 0.007277 2.946325 0.764475 0.107542 2.958577 0.752705 0.104862 
2.051480 0.152179 0.433276 2.081695 0.278581 0.475696 2.143688 0.327465 0.273308 3.269766 -0.382592 0.004979 3.266089 -0.448468 0.006657 3.249138 -0.447506 0.007277 2.946214 0.764432 0.107590 2.958468 0.752665 0.104907 
2.051481 0.152214 0.433302 2.081698 0.278619 0.475713 2.143684 0.327491 0.273320 3.269766 -0.382592 0.004979 3.266085 -0.448468 0.006658 3.249134 -0.447505 0.007277 2.946106 0.764390 0.107636 2.958362 0.752625 0.104950 
2.051481 0.152251 0.433328 2.081700 0.278658 0.475730 2.143681 0.327517 0.273332 3.269766 -0.382592 0.004979 3.266081 -0.448467 0.006659 3.249130 -0.447503 0.007277 2.946000 0.764350 0.107680 2.958257 0.752588 0.104991 
2.051481 0.152288 0.433353 2.081702 0.278697 0.475747 2.143677 0.327543 0.273344 3.269766 -0.382592 0.004979 3.266077 -0.448467 0.006660 3.249125 -0.447502 0.007277 2.945896 0.764311 0.107723 2.958155 0.752551 0.105030 
2.051482 0.152325 0.433379 2.081704 0.278737 0.475763 2.143673 0.327570 0.273355 3.269766 -0.382592 0.004979 3.266072 -0.448467 0.006660 3.249121 -0.447501 0.007277 2.945794 0.764273 0.107764 2.958055 0.752515 0.105069 
2.051482 0.152362 0.433405 2.081707 0.278777 0.475780 2.143670 0.327596 0.273367 3.269766 -0.382592 0.004979 3.266068 -0.448467 0.006661 3.249117 -0.447499 0.007277 2.945693 0.764236 0.107804 2.957956 0.752480 0.105106 
2.051483 0.152399 0.433430 2.081709 0.278817 0.475796 2.143666 0.327623 0.273379 3.269766 -0.382592 0.004979 3.266064 -0.448466 0.006662 3.249113 -0.447498 0.007277 2.945594 0.764199 0.107845 2.957858 0.752445 0.105144 
2.051483 0.152435 0.433456 2.081711 0.278855 0.475813 2.143662 0.327649 0.273390 3.269766 -0.382592 0.004979 3.266060 -0.448466 0.006663 3.249109 -0.447497 0.007277 2.945494 0.764161 0.107885 2.957760 0.752411 0.105182 
2.051483 0.152471 0.433481 2.081713 0.278893 0.475829 2.143659 0.327674 0.273402 3.269765 -0.382591 0.004979 3.266056 -0.448466 0.006664 3.249104 -0.447495 0.007277 2.945395 0.764124 0.107927 2.957663 0.752376 0.105220 
