0.140904 0.990023 0.000000 0.989400 -0.145215 0.000000 -0.992392 0.123116 0.000000 -0.146956 -0.989143 -0.000000 
0.140904 0.990023 0.000000 0.989400 -0.145215 0.000000 -0.992392 0.123115 0.000000 -0.146955 -0.989143 -0.000000 
0.140882 0.990026 0.000000 0.989404 -0.145192 0.000000 -0.992395 0.123095 0.000000 -0.146935 -0.989146 -0.000000 
0.140883 0.990026 0.000000 0.989403 -0.145194 0.000000 -0.992395 0.123094 0.000000 -0.146935 -0.989146 -0.000000 
0.140965 0.990015 0.000000 0.989392 -0.145272 0.000000 -0.992385 0.123171 0.000000 -0.147018 -0.989134 -0.000000 
0.141134 0.989990 0.000000 0.989366 -0.145444 0.000000 -0.992364 0.123345 0.000000 -0.147187 -0.989109 -0.000000 
0.141336 0.989962 0.000000 0.989337 -0.145646 0.000000 -0.992339 0.123549 0.000000 -0.147387 -0.989079 -0.000000 
0.141268 0.989971 0.000000 0.989347 -0.145576 0.000000 -0.992347 0.123477 0.000000 -0.147319 -0.989089 -0.000000 
0.141287 0.989969 0.000000 0.989344 -0.145600 0.000000 -0.992344 0.123501 0.000000 -0.147338 -0.989086 -0.000000 
0.141287 0.989969 0.000000 0.989344 -0.145599 0.000000 -0.992344 0.123501 0.000000 -0.147340 -0.989086 -0.000000 
0.141288 0.989969 0.000000 0.989344 -0.145599 0.000000 -0.992344 0.123501 0.000000 -0.147341 -0.989086 -0.000000 
0.141643 0.989918 0.000000 0.989291 -0.145959 0.000000 -0.992299 0.123863 0.000000 -0.147694 -0.989033 -0.000000 
0.141629 0.989920 0.000000 0.989293 -0.145942 0.000000 -0.992301 0.123846 0.000000 -0.147680 -0.989035 -0.000000 
0.141630 0.989920 0.000000 0.989293 -0.145941 0.000000 -0.992302 0.123844 0.000000 -0.147682 -0.989035 -0.000000 
0.141416 0.989950 0.000000 0.989326 -0.145722 0.000000 -0.992329 0.123626 0.000000 -0.147468 -0.989067 -0.000000 
0.141416 0.989950 0.000000 0.989326 -0.145722 0.000000 -0.992329 0.123626 0.000000 -0.147468 -0.989067 -0.000000 
0.141415 0.989950 0.000000 0.989325 -0.145724 0.000000 -0.992329 0.123626 0.000000 -0.147468 -0.989067 -0.000000 
0.141416 0.989950 0.000000 0.989325 -0.145724 0.000000 -0.992329 0.123626 0.000000 -0.147468 -0.989067 -0.000000 
0.141415 0.989950 0.000000 0.989325 -0.145724 0.000000 -0.992329 0.123628 0.000000 -0.147468 -0.989067 -0.000000 
0.141417 0.989950 0.000000 0.989325 -0.145725 0.000000 -0.992329 0.123626 0.000000 -0.147469 -0.989067 -0.000000 
0.141418 0.989950 0.000000 0.989325 -0.145724 0.000000 -0.992329 0.123628 0.000000 -0.147470 -0.989067 -0.000000 
0.141418 0.989950 0.000000 0.989325 -0.145725 0.000000 -0.992328 0.123629 0.000000 -0.147470 -0.989066 -0.000000 
0.141417 0.989950 0.000000 0.989325 -0.145725 0.000000 -0.992329 0.123628 0.000000 -0.147471 -0.989066 -0.000000 
0.141418 0.989950 0.000000 0.989325 -0.145727 0.000000 -0.992328 0.123630 0.000000 -0.147471 -0.989066 -0.000000 
0.141418 0.989950 0.000000 0.989325 -0.145727 0.000000 -0.992328 0.123630 0.000000 -0.147471 -0.989066 -0.000000 
0.141419 0.989950 0.000000 0.989325 -0.145727 0.000000 -0.992328 0.123629 0.000000 -0.147470 -0.989066 -0.000000 
0.141419 0.989950 0.000000 0.989325 -0.145729 0.000000 -0.992328 0.123631 0.000000 -0.147471 -0.989066 -0.000000 
0.141420 0.989950 0.000000 0.989325 -0.145729 0.000000 -0.992328 0.123631 0.000000 -0.147472 -0.989066 -0.000000 
0.141487 0.989940 0.000000 0.989314 -0.145798 0.000000 -0.992320 0.123701 0.000000 -0.147539 -0.989056 -0.000000 
0.141488 0.989940 0.000000 0.989314 -0.145798 0.000000 -0.992320 0.123701 0.000000 -0.147539 -0.989056 -0.000000 
0.142032 0.989862 0.000000 0.989229 -0.146374 0.000000 -0.992247 0.124279 0.000000 -0.148084 -0.988975 -0.000000 
0.142267 0.989828 0.000000 0.989193 -0.146619 0.000000 -0.992216 0.124526 0.000000 -0.148319 -0.988940 -0.000000 
0.142398 0.989809 0.000000 0.989175 -0.146739 0.000000 -0.992201 0.124646 0.000000 -0.148449 -0.988920 -0.000000 
0.142255 0.989830 0.000000 0.989199 -0.146575 0.000000 -0.992222 0.124482 0.000000 -0.148307 -0.988941 -0.000000 
0.142241 0.989832 0.000000 0.989205 -0.146536 0.000000 -0.992227 0.124442 0.000000 -0.148293 -0.988944 -0.000000 
0.141722 0.989907 0.000000 0.989283 -0.146008 0.000000 -0.992293 0.123911 0.000000 -0.147774 -0.989021 -0.000000 
0.142119 0.989850 0.000000 0.989224 -0.146412 0.000000 -0.992243 0.124315 0.000000 -0.148172 -0.988962 -0.000000 
0.141850 0.989888 0.000000 0.989263 -0.146143 0.000000 -0.992277 0.124046 0.000000 -0.147903 -0.989002 -0.000000 
0.141807 0.989894 0.000000 0.989269 -0.146105 0.000000 -0.992281 0.124007 0.000000 -0.147859 -0.989008 -0.000000 
0.141805 0.989895 0.000000 0.989269 -0.146106 0.000000 -0.992281 0.124009 0.000000 -0.147859 -0.989008 -0.000000 
0.141856 0.989887 0.000000 0.989261 -0.146160 0.000000 -0.992274 0.124064 0.000000 -0.147907 -0.989001 -0.000000 
0.141857 0.989887 0.000000 0.989261 -0.146163 0.000000 -0.992274 0.124066 0.000000 -0.147909 -0.989001 -0.000000 
0.141320 0.989964 0.000000 0.989339 -0.145630 0.000000 -0.992341 0.123532 0.000000 -0.147372 -0.989081 -0.000000 
0.141336 0.989962 0.000000 0.989337 -0.145644 0.000000 -0.992339 0.123548 0.000000 -0.147389 -0.989079 -0.000000 
0.141366 0.989957 0.000000 0.989332 -0.145675 0.000000 -0.992335 0.123577 0.000000 -0.147419 -0.989074 -0.000000 
0.141274 0.989971 0.000000 0.989346 -0.145582 0.000000 -0.992347 0.123481 0.000000 -0.147326 -0.989088 -0.000000 
0.141274 0.989971 0.000000 0.989346 -0.145582 0.000000 -0.992347 0.123483 0.000000 -0.147325 -0.989088 -0.000000 
0.141174 0.989985 0.000000 0.989360 -0.145491 0.000000 -0.992358 0.123393 0.000000 -0.147226 -0.989103 -0.000000 
0.140845 0.990032 0.000000 0.989406 -0.145173 0.000000 -0.992398 0.123074 0.000000 -0.146898 -0.989152 -0.000000 
0.139730 0.990190 0.000000 0.989569 -0.144058 0.000000 -0.992535 0.121957 0.000000 -0.145784 -0.989316 -0.000000 
0.139807 0.990179 0.000000 0.989559 -0.144129 0.000000 -0.992527 0.122026 0.000000 -0.145860 -0.989305 -0.000000 
0.139805 0.990179 0.000000 0.989559 -0.144127 0.000000 -0.992527 0.122023 0.000000 -0.145859 -0.989305 -0.000000 
0.139704 0.990193 0.000000 0.989574 -0.144026 0.000000 -0.992539 0.121924 0.000000 -0.145757 -0.989320 -0.000000 
0.139158 0.990270 0.000000 0.989656 -0.143462 0.000000 -0.992609 0.121359 0.000000 -0.145211 -0.989401 -0.000000 
0.137528 0.990498 0.000000 0.989891 -0.141832 0.000000 -0.992807 0.119722 0.000000 -0.143585 -0.989638 -0.000000 
0.137349 0.990523 0.000000 0.989917 -0.141652 0.000000 -0.992829 0.119542 0.000000 -0.143405 -0.989664 -0.000000 
0.137631 0.990484 0.000000 0.989876 -0.141935 0.000000 -0.992795 0.119826 0.000000 -0.143686 -0.989623 -0.000000 
0.139441 0.990230 0.000000 0.989616 -0.143739 0.000000 -0.992575 0.121638 0.000000 -0.145496 -0.989359 -0.000000 
0.139965 0.990156 0.000000 0.989540 -0.144261 0.000000 -0.992510 0.122160 0.000000 -0.146020 -0.989282 -0.000000 
0.140187 0.990125 0.000000 0.989508 -0.144477 0.000000 -0.992484 0.122377 0.000000 -0.146240 -0.989249 -0.000000 
0.136046 0.990703 0.000000 0.990104 -0.140339 0.000000 -0.992986 0.118228 0.000000 -0.142104 -0.989852 -0.000000 
0.133480 0.991051 0.000000 0.990464 -0.137771 0.000000 -0.993289 0.115658 0.000000 -0.139541 -0.990216 -0.000000 
0.132329 0.991206 0.000000 0.990624 -0.136616 0.000000 -0.993422 0.114507 0.000000 -0.138392 -0.990377 -0.000000 
0.132786 0.991145 0.000000 0.990562 -0.137068 0.000000 -0.993369 0.114971 0.000000 -0.138853 -0.990313 -0.000000 
0.130300 0.991475 0.000000 0.990902 -0.134584 0.000000 -0.993653 0.112493 0.000000 -0.136372 -0.990658 -0.000000 
0.129395 0.991593 0.000000 0.991025 -0.133679 0.000000 -0.993753 0.111601 0.000000 -0.135472 -0.990781 -0.000000 
0.128954 0.991651 0.000000 0.991094 -0.133165 0.000000 -0.993808 0.111115 0.000000 -0.135039 -0.990840 -0.000000 
0.131011 0.991381 0.000000 0.990822 -0.135177 0.000000 -0.993576 0.113169 0.000000 -0.137104 -0.990557 -0.000000 
0.131022 0.991379 0.000000 0.990815 -0.135225 0.000000 -0.993565 0.113260 0.000000 -0.137128 -0.990553 -0.000000 
0.131658 0.991295 0.000000 0.990715 -0.135952 0.000000 -0.993476 0.114038 0.000000 -0.137777 -0.990463 -0.000000 
0.122022 0.992527 0.000000 0.991980 -0.126393 0.000000 -0.994526 0.104490 0.000000 -0.128159 -0.991754 -0.000000 
0.241187 0.970479 0.000000 0.970365 -0.241645 0.000000 -0.997623 0.068910 0.000000 -0.179517 0.983755 0.000000 -0.092487 -0.995714 -0.000000 0.089525 -0.995985 0.000000 
0.213416 0.976961 0.000000 0.976673 -0.214731 0.000000 -0.999297 0.037485 0.000000 -0.181835 0.983329 0.000000 -0.060000 -0.998198 -0.000000 0.087886 -0.996131 0.000000 
0.192648 0.981268 0.000000 0.981009 -0.193964 0.000000 -0.999903 0.013923 0.000000 -0.184725 0.982790 0.000000 -0.034329 -0.999411 -0.000000 0.086049 -0.996291 0.000000 
0.984555 -0.175074 0.000000 -0.999999 -0.001488 -0.000000 -0.014938 -0.999888 -0.000000 0.082829 -0.996564 0.000000 0.173793 0.984782 0.000000 -0.182767 0.983156 0.000000 
0.987215 -0.159392 0.000000 -0.999869 -0.016189 -0.000000 0.003835 -0.999993 0.000000 0.085241 -0.996360 0.000000 0.158015 0.987437 0.000000 -0.184944 0.982749 0.000000 
0.990001 -0.141062 0.000000 -0.999456 -0.032988 -0.000000 0.024382 -0.999703 0.000000 0.094880 -0.995489 0.000000 0.139675 0.990197 0.000000 -0.193155 0.981168 0.000000 
0.992893 -0.119009 0.000000 -0.998616 -0.052593 -0.000000 0.047832 -0.998855 0.000000 0.110650 -0.993859 0.000000 0.117455 0.993078 0.000000 -0.207869 0.978157 0.000000 
0.995480 -0.094970 0.000000 -0.997202 -0.074756 -0.000000 0.073663 -0.997283 0.000000 0.132636 -0.991165 0.000000 0.093228 0.995645 0.000000 -0.230053 0.973178 0.000000 
0.997668 -0.068253 0.000000 -0.995144 -0.098432 -0.000000 0.101534 -0.994832 0.000000 0.155747 -0.987797 0.000000 0.066499 0.997786 0.000000 -0.253828 0.967249 0.000000 
0.999209 -0.039757 0.000000 -0.992374 -0.123265 -0.000000 0.131729 -0.991286 0.000000 0.178143 -0.984005 0.000000 0.037864 0.999283 0.000000 -0.277052 0.960855 0.000000 
0.999961 -0.008823 0.000000 -0.988630 -0.150372 -0.000000 0.163750 -0.986502 0.000000 0.196579 -0.980488 0.000000 0.006709 0.999977 0.000000 -0.295298 0.955405 0.000000 
0.999680 0.025314 0.000000 -0.985192 -0.171455 -0.000000 0.193956 -0.981010 0.000000 0.201085 -0.979574 0.000000 -0.027475 0.999622 0.000000 -0.298282 0.954478 0.000000 
0.206689 -0.978407 0.000000 0.998559 0.053674 0.000000 -0.982621 -0.185622 -0.000000 -0.055845 0.998439 0.000000 -0.297394 0.954755 0.000000 
0.214121 -0.976807 0.000000 0.997385 0.072274 0.000000 -0.980420 -0.196918 -0.000000 -0.074674 0.997208 0.000000 -0.299976 0.953947 0.000000 
0.219552 -0.975601 0.000000 0.996742 0.080658 0.000000 -0.979160 -0.203090 -0.000000 -0.083599 0.996499 0.000000 -0.304520 0.952506 0.000000 
0.225742 -0.974187 0.000000 0.996498 0.083615 0.000000 -0.978481 -0.206339 -0.000000 -0.087390 0.996174 0.000000 -0.312701 0.949852 0.000000 
0.242107 -0.970250 0.000000 0.996623 0.082115 0.000000 -0.977058 -0.212973 -0.000000 -0.087157 0.996195 0.000000 -0.336681 0.941619 0.000000 
0.262888 -0.964826 0.000000 0.996399 0.084783 0.000000 -0.974862 -0.222810 -0.000000 -0.091629 0.995793 0.000000 -0.363763 0.931492 0.000000 
0.279841 -0.960046 0.000000 0.995830 0.091231 0.000000 -0.973170 -0.230087 -0.000000 -0.100735 0.994913 0.000000 -0.383281 0.923632 0.000000 
0.292121 -0.956381 0.000000 0.996693 0.081255 0.000000 -0.975725 -0.218998 -0.000000 -0.095106 0.995467 0.000000 -0.401662 0.915788 0.000000 
0.296044 -0.955174 0.000000 0.997908 0.064650 0.000000 -0.979266 -0.202581 -0.000000 -0.083847 0.996479 0.000000 -0.410616 0.911809 0.000000 
0.289241 -0.957256 0.000000 0.998799 0.049001 0.000000 -0.983172 -0.182684 -0.000000 -0.074046 0.997255 0.000000 -0.405666 0.914021 0.000000 
0.278105 -0.960551 0.000000 0.999516 0.031112 0.000000 -0.987055 -0.160381 -0.000000 -0.061632 0.998099 0.000000 -0.396692 0.917952 0.000000 
-0.990244 -0.139345 -0.000000 -0.386627 0.922236 0.000000 -0.049693 0.998765 0.000000 0.999564 -0.029520 0.000000 0.824564 0.565769 0.000000 -0.041354 -0.999145 -0.000000 -0.206153 -0.978520 -0.000000 
-0.993165 -0.116723 -0.000000 -0.376155 0.926557 0.000000 -0.037967 0.999279 0.000000 0.999293 0.037597 0.000000 0.845482 0.534005 0.000000 0.020376 -0.999792 0.000000 -0.261245 -0.965273 -0.000000 
-0.995847 -0.091038 -0.000000 -0.366522 0.930409 0.000000 -0.024831 0.999692 0.000000 0.996656 0.081714 0.000000 0.853892 0.520450 0.000000 0.058994 -0.998258 0.000000 -0.301696 -0.953404 -0.000000 
-0.998065 -0.062182 -0.000000 -0.010239 0.999948 0.000000 0.994097 0.108493 0.000000 0.847857 0.530225 0.000000 0.084633 -0.996412 0.000000 -0.315258 -0.949006 -0.000000 -0.375509 0.926819 0.000000 -0.345568 0.938394 0.000000 
-0.999440 -0.033460 -0.000000 -0.002764 0.999996 0.000000 0.992800 0.119782 0.000000 0.828058 0.560642 0.000000 0.100606 -0.994926 0.000000 -0.302206 -0.953243 -0.000000 -0.399824 0.916592 0.000000 -0.315398 0.948959 0.000000 
-0.999996 -0.002659 -0.000000 -0.004790 0.999989 0.000000 0.992466 0.122521 0.000000 0.810969 0.585089 0.000000 0.098057 -0.995181 0.000000 -0.283988 -0.958828 -0.000000 -0.433784 0.901017 0.000000 -0.289435 0.957198 0.000000 
-0.999797 0.020157 0.000000 -0.005922 0.999982 0.000000 0.989933 0.141535 0.000000 0.811984 0.583680 0.000000 0.098949 -0.995092 0.000000 -0.281010 -0.959705 -0.000000 -0.475325 0.879810 0.000000 -0.294021 0.955799 0.000000 
-0.999157 0.041057 0.000000 -0.003877 0.999992 0.000000 0.988708 0.149858 0.000000 0.814056 0.580786 0.000000 0.098879 -0.995099 0.000000 -0.274927 -0.961465 -0.000000 -0.509038 0.860744 0.000000 -0.323519 0.946222 0.000000 
-0.997741 0.067171 0.000000 -0.003457 0.999994 0.000000 0.989220 0.146434 0.000000 0.816698 0.577066 0.000000 0.094605 -0.995515 0.000000 -0.270089 -0.962835 -0.000000 -0.534045 0.845456 0.000000 -0.356770 0.934192 0.000000 
-0.995256 0.097290 0.000000 -0.009409 0.999956 0.000000 0.991924 0.126832 0.000000 0.819312 0.573349 0.000000 0.083096 -0.996542 0.000000 -0.269300 -0.963056 -0.000000 -0.563821 0.825897 0.000000 -0.377998 0.925806 0.000000 
-0.991201 0.132369 0.000000 0.005343 0.999986 0.000000 0.994577 0.103999 0.000000 0.821377 0.570386 0.000000 0.068452 -0.997654 0.000000 -0.271508 -0.962436 -0.000000 -0.575759 0.817620 0.000000 -0.372896 0.927873 0.000000 
-0.985801 0.167916 0.000000 0.015746 0.999876 0.000000 0.996504 0.083543 0.000000 0.822451 0.568836 0.000000 0.056543 -0.998400 0.000000 -0.273700 -0.961815 -0.000000 -0.585007 0.811028 0.000000 -0.378646 0.925542 0.000000 
-0.979426 0.201801 0.000000 0.013311 0.999911 0.000000 0.997770 0.066746 0.000000 0.825743 0.564047 0.000000 0.049070 -0.998795 0.000000 -0.276281 -0.961077 -0.000000 -0.614272 0.789094 0.000000 -0.392000 0.919965 0.000000 
-0.971283 0.237927 0.000000 0.008617 0.999963 0.000000 0.998653 0.051881 0.000000 0.828435 0.560086 0.000000 0.047492 -0.998872 0.000000 -0.279324 -0.960197 -0.000000 -0.647015 0.762477 0.000000 -0.401894 0.915686 0.000000 
-0.961391 0.275185 0.000000 -0.001832 0.999998 0.000000 0.999272 0.038149 0.000000 0.831602 0.555372 0.000000 0.051664 -0.998665 0.000000 -0.283638 -0.958931 -0.000000 -0.686581 0.727054 0.000000 -0.410178 0.912006 0.000000 
-0.949662 0.313277 0.000000 -0.020363 0.999793 0.000000 0.999841 0.017839 0.000000 0.836652 0.547735 0.000000 0.075192 -0.997169 0.000000 -0.290377 -0.956912 -0.000000 -0.733185 0.680029 0.000000 -0.417280 0.908778 0.000000 
-0.936278 0.351259 0.000000 -0.053313 0.998578 0.000000 0.999950 -0.010020 0.000000 0.844346 0.535799 0.000000 0.119615 -0.992820 0.000000 -0.299411 -0.954124 -0.000000 -0.784744 0.619820 0.000000 -0.422543 0.906343 0.000000 
-0.920933 0.389721 0.000000 -0.841131 0.540832 0.000000 0.998823 -0.048514 0.000000 0.851217 0.524814 0.000000 0.191849 -0.981424 0.000000 -0.308721 -0.951153 -0.000000 -0.110686 0.993855 0.000000 -0.426540 0.904469 0.000000 
-0.896371 0.443305 0.000000 -0.904076 0.427371 0.000000 0.305913 -0.952060 0.000000 -0.316664 -0.948538 -0.000000 -0.428805 0.903397 0.000000 -0.208768 0.977965 0.000000 0.994688 -0.102931 0.000000 0.854778 0.518995 0.000000 
-0.479897 0.877325 0.000000 -0.228286 0.973594 0.000000 0.991107 -0.133064 0.000000 0.865845 0.500312 0.000000 -0.890598 0.454792 0.000000 -0.913379 0.407111 0.000000 0.284207 -0.958763 0.000000 -0.347339 -0.937740 -0.000000 
-0.494699 0.869064 0.000000 -0.173411 0.984849 0.000000 0.994396 -0.105718 0.000000 0.874681 0.484698 0.000000 -0.844013 0.536323 0.000000 -0.919384 0.393360 0.000000 0.201937 -0.979398 0.000000 -0.395734 -0.918365 -0.000000 
-0.517311 0.855798 0.000000 0.994093 -0.108531 0.000000 0.871001 0.491281 0.000000 -0.821566 0.570114 0.000000 -0.920808 0.390015 0.000000 0.088643 -0.996063 0.000000 -0.430425 -0.902626 -0.000000 
-0.545651 0.838012 0.000000 0.990604 -0.136759 0.000000 0.860499 0.509453 0.000000 -0.746201 0.665721 0.000000 -0.923587 0.383390 0.000000 -0.047420 -0.998875 -0.000000 -0.451419 -0.892312 -0.000000 
-0.925565 0.378588 0.000000 -0.564675 0.825313 0.000000 0.988612 -0.150490 0.000000 0.847952 0.530073 0.000000 -0.157496 -0.987520 -0.000000 -0.468640 -0.883389 -0.000000 
-0.547334 0.836915 0.000000 -0.926432 0.376461 0.000000 0.987005 -0.160689 0.000000 0.846022 0.533148 0.000000 -0.253377 -0.967368 -0.000000 -0.482061 -0.876138 -0.000000 
-0.535112 0.844781 0.000000 -0.927595 0.373588 0.000000 0.986272 -0.165129 0.000000 0.844250 0.535950 0.000000 -0.356124 -0.934439 -0.000000 -0.491060 -0.871126 -0.000000 
-0.534076 0.845436 0.000000 -0.930447 0.366427 0.000000 0.986889 -0.161398 0.000000 0.842079 0.539355 0.000000 -0.460515 -0.887652 -0.000000 -0.495302 -0.868721 -0.000000 
-0.541761 0.840532 0.000000 -0.935000 0.354647 0.000000 -0.499457 -0.866339 -0.000000 0.988289 -0.152591 0.000000 0.842087 0.539341 0.000000 
-0.552706 0.833376 0.000000 -0.940333 0.340254 0.000000 -0.504451 -0.863440 -0.000000 0.990182 -0.139781 0.000000 0.847731 0.530427 0.000000 
-0.560950 0.827850 0.000000 -0.944066 0.329758 0.000000 -0.513617 -0.858020 -0.000000 0.991836 -0.127517 0.000000 0.857677 0.514188 0.000000 
-0.552595 0.833450 0.000000 -0.521085 -0.853505 -0.000000 0.992577 -0.121618 0.000000 0.866892 0.498496 0.000000 -0.943750 0.330661 0.000000 
-0.525777 0.850622 0.000000 -0.533640 -0.845712 -0.000000 0.992004 -0.126207 0.000000 0.874644 0.484767 0.000000 -0.940322 0.340285 0.000000 
-0.994004 0.109347 0.000000 -0.551686 -0.834052 -0.000000 0.756526 -0.653963 0.000000 0.066789 -0.997767 0.000000 -0.934918 0.354864 0.000000 -0.471143 0.882057 0.000000 0.642739 0.766085 0.000000 0.318467 0.947934 0.000000 
-0.572919 -0.819612 -0.000000 0.773468 -0.633835 0.000000 0.075852 -0.997119 0.000000 -0.383250 0.923644 0.000000 0.618627 0.785685 0.000000 0.319852 0.947467 0.000000 -0.948829 0.315791 0.000000 -0.928965 0.370167 0.000000 
-0.593785 -0.804624 -0.000000 0.776207 -0.630478 0.000000 0.076867 -0.997041 0.000000 -0.244266 0.969708 0.000000 0.611389 0.791330 0.000000 0.323812 0.946121 0.000000 -0.925026 0.379905 0.000000 -0.901663 0.432439 0.000000 
-0.612857 -0.790194 -0.000000 0.767814 -0.640673 0.000000 0.067897 -0.997692 0.000000 -0.009783 0.999952 0.000000 0.620135 0.784495 0.000000 0.331638 0.943407 0.000000 -0.924628 0.380871 0.000000 -0.872983 0.487750 0.000000 
-0.634976 -0.772532 -0.000000 0.751475 -0.659762 0.000000 0.053413 -0.998573 0.000000 -0.924499 0.381186 0.000000 -0.855662 0.517535 0.000000 0.640807 0.767702 0.000000 0.342178 0.939635 0.000000 
-0.794518 -0.607241 -0.000000 -0.649440 -0.760413 -0.000000 0.732526 -0.680739 0.000000 0.043757 -0.999042 0.000000 -0.915473 0.402380 0.000000 -0.845711 0.533641 0.000000 0.665695 0.746224 0.000000 0.370876 0.928682 0.000000 
-0.887053 -0.461667 -0.000000 -0.658413 -0.752657 -0.000000 0.713818 -0.700331 0.000000 0.041545 -0.999137 0.000000 -0.901634 0.432500 0.000000 -0.854966 0.518684 0.000000 0.688321 0.725407 0.000000 0.390375 0.920656 0.000000 
-0.919324 -0.393502 -0.000000 -0.668850 -0.743398 -0.000000 0.700228 -0.713919 0.000000 0.045967 -0.998943 0.000000 -0.889531 0.456876 0.000000 -0.864036 0.503431 0.000000 0.702217 0.711962 0.000000 0.401253 0.915967 0.000000 
-0.939783 -0.341772 -0.000000 -0.677434 -0.735584 -0.000000 0.693257 -0.720691 0.000000 0.057805 -0.998328 0.000000 -0.884716 0.466131 0.000000 -0.866330 0.499471 0.000000 0.703829 0.710369 0.000000 0.404004 0.914757 0.000000 
-0.960564 -0.278059 -0.000000 -0.680666 -0.732594 -0.000000 0.692802 -0.721127 0.000000 0.072848 -0.997343 0.000000 -0.885982 0.463719 0.000000 -0.863484 0.504376 0.000000 0.692717 0.721209 0.000000 0.400260 0.916402 0.000000 
-0.974380 -0.224906 -0.000000 -0.682855 -0.730554 -0.000000 0.696788 -0.717277 0.000000 0.090999 -0.995851 0.000000 -0.891669 0.452688 0.000000 -0.860218 0.509926 0.000000 0.672890 0.739742 0.000000 0.391089 0.920353 0.000000 
-0.982488 -0.186327 -0.000000 -0.685026 -0.728519 -0.000000 0.704654 -0.709551 0.000000 0.112574 -0.993643 0.000000 -0.899684 0.436541 0.000000 -0.859132 0.511754 0.000000 0.645050 0.764141 0.000000 0.377044 0.926196 0.000000 
-0.987563 -0.157227 -0.000000 -0.687372 -0.726306 -0.000000 0.714450 -0.699686 0.000000 0.137202 -0.990543 0.000000 -0.906546 0.422108 0.000000 -0.861513 0.507736 0.000000 0.612086 0.790791 0.000000 0.359712 0.933064 0.000000 
-0.989836 -0.142214 -0.000000 -0.690222 -0.723598 -0.000000 0.724770 -0.688991 0.000000 0.165067 -0.986282 0.000000 -0.911449 0.411414 0.000000 -0.867157 0.498035 0.000000 0.576094 0.817383 0.000000 0.339957 0.940441 0.000000 
-0.990320 -0.138805 -0.000000 -0.693555 -0.720404 -0.000000 0.735103 -0.677956 0.000000 0.196277 -0.980548 0.000000 -0.916668 0.399650 0.000000 -0.874494 0.485036 0.000000 0.537060 0.843544 0.000000 0.317983 0.948096 0.000000 
-0.990055 -0.140678 -0.000000 -0.696440 -0.717615 -0.000000 0.746522 -0.665361 0.000000 0.229660 -0.973271 0.000000 -0.922727 0.385454 0.000000 -0.883128 0.469132 0.000000 0.491971 0.870612 0.000000 0.294185 0.955748 0.000000 
-0.992072 -0.125672 -0.000000 -0.697829 -0.716265 -0.000000 0.759870 -0.650075 0.000000 0.262128 -0.965033 0.000000 -0.932474 0.361238 0.000000 -0.890709 0.454573 0.000000 0.439307 0.898337 0.000000 0.271165 0.962533 0.000000 
-0.997246 -0.074158 -0.000000 -0.695060 -0.718951 -0.000000 0.779492 -0.626412 0.000000 0.292766 -0.956184 0.000000 -0.940044 0.341054 0.000000 -0.892872 0.450311 0.000000 0.361482 0.932379 0.000000 0.250562 0.968101 0.000000 
-0.999977 -0.006794 -0.000000 -0.694805 -0.719198 -0.000000 0.766389 -0.642377 0.000000 0.313878 -0.949463 0.000000 -0.937672 0.347522 0.000000 -0.889681 0.456583 0.000000 0.322468 0.946580 0.000000 0.246456 0.969154 0.000000 
-0.999208 0.039803 0.000000 -0.694338 -0.719649 -0.000000 0.744828 -0.667256 0.000000 0.320327 -0.947307 0.000000 -0.928484 0.371373 0.000000 -0.884289 0.466940 0.000000 0.316347 0.948643 0.000000 0.255373 0.966843 0.000000 
-0.997863 0.065338 0.000000 -0.688151 -0.725567 -0.000000 0.727019 -0.686617 0.000000 0.317274 -0.948334 0.000000 -0.909724 0.415214 0.000000 -0.880542 0.473969 0.000000 0.316514 0.948588 0.000000 0.266302 0.963890 0.000000 
-0.997171 0.075169 0.000000 -0.682863 -0.730547 -0.000000 0.708267 -0.705944 0.000000 0.309178 -0.951004 0.000000 -0.902484 0.430724 0.000000 -0.880227 0.474553 0.000000 0.321187 0.947016 0.000000 0.273055 0.961998 0.000000 
-0.996832 0.079536 0.000000 -0.679032 -0.734108 -0.000000 0.693848 -0.720122 0.000000 0.301879 -0.953346 0.000000 -0.899877 0.436145 0.000000 -0.881477 0.472227 0.000000 0.323897 0.946092 0.000000 0.275956 0.961170 0.000000 
-0.996658 0.081690 0.000000 -0.676853 -0.736118 -0.000000 0.682771 -0.730632 0.000000 0.300973 -0.953633 0.000000 -0.896908 0.442218 0.000000 -0.883014 0.469347 0.000000 0.317908 0.948122 0.000000 0.275226 0.961380 0.000000 
-0.996500 0.083591 0.000000 -0.676337 -0.736592 -0.000000 0.672319 -0.740262 0.000000 0.305317 -0.952251 0.000000 -0.891481 0.453057 0.000000 -0.884355 0.466815 0.000000 0.305076 0.952328 0.000000 0.272763 0.962081 0.000000 
-0.996253 0.086487 0.000000 -0.676153 -0.736761 -0.000000 0.662557 -0.749012 0.000000 0.310929 -0.950433 0.000000 -0.885097 0.465407 0.000000 -0.884245 0.467023 0.000000 0.290518 0.956869 0.000000 0.270192 0.962807 0.000000 
-0.996056 0.088724 0.000000 -0.676107 -0.736804 -0.000000 0.654198 -0.756323 0.000000 0.315620 -0.948886 0.000000 -0.885548 0.464548 0.000000 -0.876544 0.481321 0.000000 0.277588 0.960700 0.000000 0.268227 0.963356 0.000000 
-0.995934 0.090090 0.000000 -0.675808 -0.737078 -0.000000 0.647100 -0.762405 0.000000 0.318432 -0.947946 0.000000 -0.885886 0.463902 0.000000 -0.868059 0.496460 0.000000 0.267887 0.963450 0.000000 0.266991 0.963699 0.000000 
0.266050 0.963959 0.000000 -0.995841 0.091110 0.000000 -0.675206 -0.737629 -0.000000 0.640952 -0.767581 0.000000 0.320142 -0.947369 0.000000 -0.886124 0.463449 0.000000 -0.859231 0.511589 0.000000 
0.265210 0.964191 0.000000 -0.995744 0.092163 0.000000 -0.674639 -0.738148 -0.000000 0.635448 -0.772143 0.000000 0.321543 -0.946895 0.000000 -0.886293 0.463125 0.000000 -0.850282 0.526328 0.000000 
0.264469 0.964394 0.000000 -0.995647 0.093199 0.000000 -0.674096 -0.738644 -0.000000 0.630456 -0.776225 0.000000 0.322735 -0.946489 0.000000 -0.886418 0.462885 0.000000 -0.841606 0.540093 0.000000 
0.263771 0.964585 0.000000 -0.995592 0.093786 0.000000 -0.673308 -0.739362 -0.000000 0.625885 -0.779916 0.000000 0.323845 -0.946110 0.000000 -0.886510 0.462710 0.000000 -0.833529 0.552475 0.000000 
0.263258 0.964725 0.000000 -0.995692 0.092721 0.000000 -0.671966 -0.740582 -0.000000 0.621501 -0.783413 0.000000 0.324861 -0.945762 0.000000 -0.886450 0.462825 0.000000 -0.828883 0.559422 0.000000 
0.263320 0.964708 0.000000 -0.995694 0.092696 0.000000 -0.671432 -0.741066 -0.000000 0.620270 -0.784388 0.000000 0.324790 -0.945786 0.000000 -0.886302 0.463108 0.000000 -0.829082 0.559128 0.000000 
0.263524 0.964653 0.000000 -0.995679 0.092860 0.000000 -0.671740 -0.740787 -0.000000 0.621154 -0.783688 0.000000 0.324524 -0.945877 0.000000 -0.886250 0.463207 0.000000 -0.831240 0.555914 0.000000 
0.263868 0.964559 0.000000 -0.995646 0.093214 0.000000 -0.672225 -0.740347 -0.000000 0.622703 -0.782458 0.000000 0.324090 -0.946026 0.000000 -0.886161 0.463378 0.000000 -0.834893 0.550412 0.000000 
0.264300 0.964441 0.000000 -0.995634 0.093347 0.000000 -0.672480 -0.740115 -0.000000 0.624672 -0.780888 0.000000 0.323463 -0.946241 0.000000 -0.886087 0.463519 0.000000 -0.839429 0.543470 0.000000 
0.264819 0.964298 0.000000 -0.995648 0.093194 0.000000 -0.672801 -0.739824 -0.000000 0.627095 -0.778943 0.000000 0.322600 -0.946535 0.000000 -0.886049 0.463591 0.000000 -0.844775 0.535121 0.000000 
0.265419 0.964133 0.000000 -0.995688 0.092764 0.000000 -0.673192 -0.739468 -0.000000 0.630008 -0.776588 0.000000 0.321478 -0.946917 0.000000 -0.886071 0.463550 0.000000 -0.850772 0.525534 0.000000 
0.266135 0.963936 0.000000 -0.995738 0.092222 0.000000 -0.673631 -0.739068 -0.000000 0.633433 -0.773797 0.000000 0.320080 -0.947390 0.000000 -0.886096 0.463501 0.000000 -0.857288 0.514837 0.000000 
0.266989 0.963700 0.000000 -0.995789 0.091670 0.000000 -0.674021 -0.738713 -0.000000 0.637344 -0.770579 0.000000 0.318417 -0.947951 0.000000 -0.886070 0.463551 0.000000 -0.864195 0.503157 0.000000 
-0.995842 0.091094 0.000000 -0.674408 -0.738358 -0.000000 0.641727 -0.766933 0.000000 0.316513 -0.948588 0.000000 -0.885988 0.463708 0.000000 -0.871437 0.490508 0.000000 0.273617 0.961839 0.000000 0.267909 0.963444 0.000000 
-0.995911 0.090337 0.000000 -0.674781 -0.738018 -0.000000 0.646579 -0.762847 0.000000 0.314314 -0.949319 0.000000 -0.885889 0.463897 0.000000 -0.878858 0.477084 0.000000 0.282465 0.959278 0.000000 0.268892 0.963170 0.000000 
-0.996008 0.089264 0.000000 -0.675098 -0.737728 -0.000000 0.652112 -0.758123 0.000000 0.311822 -0.950141 0.000000 -0.886305 0.463102 0.000000 -0.885787 0.464091 0.000000 0.291815 0.956475 0.000000 0.269895 0.962890 0.000000 
-0.996177 0.087363 0.000000 -0.675467 -0.737390 -0.000000 0.658582 -0.752509 0.000000 0.309149 -0.951014 0.000000 -0.893759 0.448547 0.000000 -0.885540 0.464564 0.000000 0.301180 0.953567 0.000000 0.270918 0.962603 0.000000 
-0.996404 0.084732 0.000000 -0.675944 -0.736953 -0.000000 0.665898 -0.746043 0.000000 0.306232 -0.951957 0.000000 -0.899954 0.435986 0.000000 -0.885081 0.465437 0.000000 0.310703 0.950507 0.000000 0.271994 0.962299 0.000000 
-0.996715 0.080984 0.000000 -0.676507 -0.736436 -0.000000 0.673964 -0.738764 0.000000 0.302998 -0.952991 0.000000 -0.905473 0.424404 0.000000 -0.884509 0.466523 0.000000 0.320753 0.947163 0.000000 0.273087 0.961989 0.000000 
-0.997089 0.076248 0.000000 -0.677273 -0.735732 -0.000000 0.682439 -0.730942 0.000000 0.299557 -0.954078 0.000000 -0.910725 0.413013 0.000000 -0.883837 0.467795 0.000000 0.331551 0.943437 0.000000 0.274130 0.961693 0.000000 
-0.997525 0.070317 0.000000 -0.678149 -0.734924 -0.000000 0.691242 -0.722624 0.000000 0.295628 -0.955303 0.000000 -0.915899 0.401410 0.000000 -0.883123 0.469141 0.000000 0.343663 0.939093 0.000000 0.275158 0.961399 0.000000 
-0.998085 0.061851 0.000000 -0.679037 -0.734104 -0.000000 0.700797 -0.713361 0.000000 0.290641 -0.956832 0.000000 -0.921030 0.389491 0.000000 -0.882251 0.470779 0.000000 0.358021 0.933714 0.000000 0.276493 0.961016 0.000000 
-0.998948 0.045848 0.000000 -0.680676 -0.732585 -0.000000 0.714462 -0.699674 0.000000 0.283815 -0.958879 0.000000 -0.922861 0.385132 0.000000 -0.881435 0.472305 0.000000 0.370921 0.928664 0.000000 0.277941 0.960598 0.000000 
-0.999574 0.029190 0.000000 -0.682303 -0.731069 -0.000000 0.729081 -0.684428 0.000000 0.276169 -0.961109 0.000000 -0.921866 0.387509 0.000000 -0.880256 0.474499 0.000000 0.382504 0.923954 0.000000 0.279935 0.960019 0.000000 
-0.999900 0.014167 0.000000 -0.683162 -0.730266 -0.000000 0.745880 -0.666080 0.000000 0.268145 -0.963379 0.000000 -0.921257 0.388956 0.000000 -0.878404 0.477918 0.000000 0.391981 0.919973 0.000000 0.282047 0.959401 0.000000 
-1.000000 -0.000005 -0.000000 -0.683474 -0.729975 -0.000000 0.758563 -0.651600 0.000000 0.262666 -0.964887 0.000000 -0.921903 0.387420 0.000000 -0.876130 0.482074 0.000000 0.398154 0.917319 0.000000 0.282869 0.959158 0.000000 
-0.999846 -0.017556 -0.000000 -0.684155 -0.729337 -0.000000 0.761229 -0.648483 0.000000 0.257854 -0.966184 0.000000 -0.922663 0.385607 0.000000 -0.878050 0.478568 0.000000 0.413118 0.910678 0.000000 0.283387 0.959006 0.000000 
-0.999218 -0.039550 -0.000000 -0.684510 -0.729004 -0.000000 0.757698 -0.652606 0.000000 0.252156 -0.967687 0.000000 -0.926371 0.376613 0.000000 -0.880743 0.473595 0.000000 0.434963 0.900448 0.000000 0.283727 0.958905 0.000000 
-0.997518 -0.070415 -0.000000 -0.684602 -0.728917 -0.000000 0.756272 -0.654257 0.000000 0.248962 -0.968513 0.000000 -0.931506 0.363726 0.000000 -0.884410 0.466710 0.000000 0.450194 0.892931 0.000000 0.281230 0.959640 0.000000 
-0.994690 -0.102913 -0.000000 -0.685104 -0.728446 -0.000000 0.760073 -0.649838 0.000000 0.250617 -0.968086 0.000000 -0.937047 0.349203 0.000000 -0.888023 0.459799 0.000000 0.451003 0.892523 0.000000 0.275253 0.961372 0.000000 
-0.992553 -0.121813 -0.000000 -0.684848 -0.728686 -0.000000 0.766354 -0.642418 0.000000 0.255105 -0.966913 0.000000 -0.940499 0.339795 0.000000 -0.890052 0.455860 0.000000 0.442711 0.896664 0.000000 0.269028 0.963132 0.000000 
-0.992495 -0.122289 -0.000000 -0.684286 -0.729214 -0.000000 0.772225 -0.635349 0.000000 0.260040 -0.965598 0.000000 -0.941558 0.336852 0.000000 -0.890491 0.455001 0.000000 0.431536 0.902095 0.000000 0.264819 0.964298 0.000000 
-0.993776 -0.111401 -0.000000 -0.684381 -0.729125 -0.000000 0.774928 -0.632049 0.000000 0.263975 -0.964530 0.000000 -0.941759 0.336289 0.000000 -0.890495 0.454993 0.000000 0.421715 0.906728 0.000000 0.262716 0.964873 0.000000 
-0.995787 -0.091701 -0.000000 -0.684652 -0.728870 -0.000000 0.776344 -0.630309 0.000000 0.266123 -0.963939 0.000000 -0.940469 0.339881 0.000000 -0.889146 0.457624 0.000000 0.413194 0.910643 0.000000 0.263191 0.964744 0.000000 
-0.997366 -0.072528 -0.000000 -0.685591 -0.727987 -0.000000 0.775967 -0.630773 0.000000 0.268561 -0.963263 0.000000 -0.937035 0.349236 0.000000 -0.886963 0.461840 0.000000 0.406158 0.913803 0.000000 0.265763 0.964038 0.000000 
-0.998462 -0.055437 -0.000000 -0.686895 -0.726757 -0.000000 0.772221 -0.635354 0.000000 0.271036 -0.962569 0.000000 -0.933251 0.359224 0.000000 -0.884516 0.466510 0.000000 0.402701 0.915331 0.000000 0.269503 0.963000 0.000000 
-0.999159 -0.041007 -0.000000 -0.687311 -0.726363 -0.000000 0.767262 -0.641334 0.000000 0.271231 -0.962514 0.000000 -0.929657 0.368426 0.000000 -0.882339 0.470614 0.000000 0.401836 0.915712 0.000000 0.273777 0.961793 0.000000 
-0.999557 -0.029746 -0.000000 -0.686571 -0.727063 -0.000000 0.762419 -0.647084 0.000000 0.268993 -0.963142 0.000000 -0.926407 0.376523 0.000000 -0.880639 0.473788 0.000000 0.403104 0.915154 0.000000 0.278201 0.960523 0.000000 
-0.999782 -0.020893 -0.000000 -0.685111 -0.728439 -0.000000 0.758685 -0.651457 0.000000 0.265912 -0.963997 0.000000 -0.924229 0.381839 0.000000 -0.879214 0.476428 0.000000 0.404476 0.914549 0.000000 0.281966 0.959424 0.000000 
-0.999914 -0.013099 -0.000000 -0.683350 -0.730091 -0.000000 0.755767 -0.654841 0.000000 0.262615 -0.964901 0.000000 -0.923725 0.383057 0.000000 -0.877889 0.478864 0.000000 0.405715 0.914000 0.000000 0.284801 0.958587 0.000000 
-0.999977 -0.006763 -0.000000 -0.682003 -0.731349 -0.000000 0.753540 -0.657402 0.000000 0.259963 -0.965619 0.000000 -0.923519 0.383554 0.000000 -0.876679 0.481075 0.000000 0.406980 0.913437 0.000000 0.286857 0.957973 0.000000 
-0.999994 -0.003341 -0.000000 -0.681573 -0.731750 -0.000000 0.752436 -0.658665 0.000000 0.258945 -0.965892 0.000000 -0.923603 0.383351 0.000000 -0.876184 0.481976 0.000000 0.407316 0.913287 0.000000 0.287719 0.957715 0.000000 
-0.999997 -0.002360 -0.000000 -0.681662 -0.731667 -0.000000 0.752294 -0.658828 0.000000 0.259126 -0.965844 0.000000 -0.923718 0.383072 0.000000 -0.876162 0.482016 0.000000 0.406882 0.913481 0.000000 0.287697 0.957721 0.000000 
-0.999997 -0.002269 -0.000000 -0.681719 -0.731614 -0.000000 0.752619 -0.658456 0.000000 0.259267 -0.965806 0.000000 -0.924057 0.382254 0.000000 -0.876198 0.481951 0.000000 0.406773 0.913529 0.000000 0.287465 0.957791 0.000000 
-0.999997 -0.002546 -0.000000 -0.681721 -0.731612 -0.000000 0.753252 -0.657732 0.000000 0.259169 -0.965832 0.000000 -0.924579 0.380989 0.000000 -0.876193 0.481960 0.000000 0.407194 0.913342 0.000000 0.287220 0.957865 0.000000 
-0.999991 -0.004293 -0.000000 -0.681765 -0.731571 -0.000000 0.754087 -0.656774 0.000000 0.258790 -0.965933 0.000000 -0.925128 0.379655 0.000000 -0.876161 0.482018 0.000000 0.408318 0.912840 0.000000 0.287037 0.957920 0.000000 
