-0.185712 -0.000643 0.004344 -0.120202 0.119350 0.004221 0.068574 0.011846 0.004770 -0.000238 -0.107773 0.004886 
-0.185734 -0.000642 0.004460 -0.120222 0.119350 0.004324 0.068553 0.011844 0.004708 -0.000261 -0.107774 0.004840 
-0.185733 -0.000642 0.004506 -0.120222 0.119350 0.004384 0.068553 0.011844 0.004732 -0.000260 -0.107775 0.004849 
-0.185733 -0.000643 0.004547 -0.120221 0.119349 0.004438 0.068554 0.011843 0.004754 -0.000260 -0.107776 0.004859 
-0.185733 -0.000644 0.004585 -0.120221 0.119348 0.004487 0.068554 0.011842 0.004775 -0.000260 -0.107777 0.004869 
-0.185732 -0.000644 0.004622 -0.120221 0.119348 0.004532 0.068554 0.011842 0.004792 -0.000259 -0.107777 0.004879 
-0.185901 -0.000790 0.004558 -0.120380 0.119195 0.003934 0.068386 0.011675 0.004453 -0.000437 -0.107937 0.005076 
-0.185893 -0.000732 0.004617 -0.120348 0.119240 0.004067 0.068397 0.011681 0.004501 -0.000451 -0.107917 0.005050 
-0.185909 -0.000720 0.004669 -0.120369 0.119255 0.004208 0.068380 0.011705 0.004499 -0.000462 -0.107897 0.004961 
-0.185968 -0.000708 0.004851 -0.120424 0.119266 0.004359 0.068322 0.011709 0.004326 -0.000524 -0.107891 0.004822 
-0.185968 -0.000709 0.004865 -0.120425 0.119265 0.004417 0.068321 0.011708 0.004384 -0.000524 -0.107892 0.004837 
-0.186346 -0.000854 0.005457 -0.120840 0.119137 0.004556 0.067935 0.011633 0.003683 -0.000874 -0.107985 0.004605 
-0.186475 -0.001014 0.005408 -0.120996 0.118990 0.004164 0.067802 0.011525 0.003507 -0.000979 -0.108106 0.004773 
-0.186525 -0.002029 0.005476 -0.121604 0.118277 0.004264 0.067690 0.011690 0.003525 -0.000535 -0.108259 0.004758 
-0.186590 -0.002478 0.005482 -0.121890 0.117944 0.003969 0.067599 0.011701 0.003330 -0.000406 -0.108369 0.004866 
-0.186645 -0.002466 0.005542 -0.121924 0.117945 0.004062 0.067545 0.011668 0.003336 -0.000481 -0.108391 0.004841 
-0.186505 -0.002951 0.005121 -0.122017 0.117586 0.003773 0.067663 0.011685 0.003702 -0.000130 -0.108508 0.005063 
-0.186510 -0.002901 0.005118 -0.121973 0.117611 0.003867 0.067665 0.011633 0.003810 -0.000178 -0.108533 0.005074 
-0.185434 -0.012922 0.007584 -0.126042 0.110178 0.004624 0.067884 0.012270 0.003926 0.005176 -0.110623 0.006924 
-0.180283 -0.026475 0.008941 -0.127623 0.099624 0.004980 0.071292 0.012298 0.004017 0.015308 -0.113773 0.008030 
-0.174769 -0.024550 0.009068 -0.120978 0.101112 0.006772 0.077140 0.012021 0.004336 0.020026 -0.113584 0.006688 
-0.174653 -0.014564 0.006413 -0.115283 0.108582 0.006520 0.078674 0.010747 0.004885 0.015987 -0.112193 0.004800 
-0.178737 -0.012461 0.004688 -0.115895 0.108950 0.004877 0.075211 0.005646 0.005124 0.009060 -0.115466 0.004930 
-0.183395 -0.012153 0.004861 -0.119691 0.108808 0.004896 0.070676 0.004147 0.004999 0.003665 -0.116491 0.004962 
-0.185098 -0.016153 0.005523 -0.123320 0.105803 0.005476 0.068682 0.004172 0.004911 0.003591 -0.117513 0.004966 
-0.185833 -0.022307 0.007794 -0.126820 0.101011 0.007655 0.067408 0.003741 0.004898 0.005078 -0.119381 0.005078 
-0.193142 -0.023642 0.013957 -0.133456 0.099349 0.013155 0.060085 0.001037 0.004762 -0.002916 -0.121740 0.005691 
-0.203420 -0.018989 0.022450 -0.140843 0.102546 0.020703 0.049855 -0.000258 0.004597 -0.016024 -0.121502 0.006589 
-0.216205 -0.014190 0.032525 -0.149089 0.104824 0.027962 0.036711 -0.005324 0.004734 -0.033681 -0.123918 0.009670 
-0.233878 -0.012744 0.044808 -0.162354 0.103397 0.035574 0.017589 -0.014432 0.005071 -0.057170 -0.130017 0.014826 
-0.251893 -0.012834 0.057116 -0.176644 0.100522 0.043779 -0.002295 -0.024102 0.008210 -0.080735 -0.136779 0.022179 
-0.264891 -0.011809 0.067309 -0.186437 0.099023 0.051462 -0.016907 -0.031280 0.013065 -0.098515 -0.141328 0.029608 
-0.271628 -0.009442 0.073261 -0.190256 0.098999 0.055681 -0.024989 -0.036339 0.016133 -0.109482 -0.143902 0.034441 
-0.271176 -0.002947 0.074005 -0.187235 0.103510 0.056381 -0.025302 -0.035754 0.016667 -0.112342 -0.141258 0.035023 
-0.265517 0.008588 0.071346 -0.178884 0.113088 0.055089 -0.020089 -0.029802 0.015589 -0.109802 -0.133280 0.032561 
-0.257574 0.023910 0.067459 -0.168185 0.126398 0.053470 -0.012571 -0.019930 0.013896 -0.105021 -0.121327 0.028579 
-0.249735 0.041178 0.063979 -0.157443 0.141368 0.052403 -0.005447 -0.008591 0.012365 -0.100776 -0.107617 0.024619 
-0.243057 0.058948 0.061516 -0.147686 0.156456 0.052214 0.000094 0.002553 0.011363 -0.098285 -0.093709 0.021333 
-0.237575 0.074933 0.059631 -0.139121 0.169494 0.052221 0.004076 0.011506 0.010648 -0.097351 -0.081722 0.018718 
-0.233359 0.087718 0.057833 -0.132500 0.179835 0.052195 0.007018 0.018717 0.010130 -0.096785 -0.072000 0.016417 
-0.230501 0.096369 0.055578 -0.128352 0.187149 0.051788 0.009384 0.024533 0.009617 -0.095695 -0.064814 0.014041 
-0.228914 0.101318 0.052628 -0.126049 0.191343 0.050565 0.010918 0.027965 0.008834 -0.094873 -0.060608 0.011508 
-0.228556 0.103166 0.049001 -0.125544 0.193045 0.048587 0.011674 0.029659 0.007726 -0.094269 -0.058767 0.008723 
-0.228535 0.103848 0.044903 -0.125590 0.193796 0.046119 0.012254 0.030645 0.006440 -0.093631 -0.057854 0.005774 
-0.229098 0.103913 0.042097 -0.126258 0.193959 0.044402 0.012237 0.030825 0.006985 -0.093551 -0.057773 0.005188 
-0.229809 0.104016 0.039169 -0.127063 0.194133 0.042628 0.012071 0.030913 0.008058 -0.093632 -0.057754 0.005055 
-0.230162 0.104405 0.036153 -0.127363 0.194417 0.040595 0.012054 0.030833 0.009026 -0.093706 -0.057725 0.004988 
-0.230017 0.105149 0.033234 -0.126935 0.194791 0.038569 0.012265 0.030478 0.009962 -0.093776 -0.057695 0.004981 
-0.230124 0.105583 0.030551 -0.126934 0.195029 0.036970 0.012303 0.030296 0.011088 -0.093848 -0.057673 0.004974 
-0.230291 0.105887 0.028067 -0.127058 0.195177 0.035817 0.012273 0.030147 0.012459 -0.093924 -0.057661 0.004966 
-0.230107 0.106401 0.025701 -0.126675 0.195333 0.034788 0.012383 0.029750 0.013836 -0.094011 -0.057688 0.004959 
-0.229203 0.107495 0.023346 -0.125235 0.195672 0.033615 0.012841 0.028985 0.015056 -0.094080 -0.057675 0.004951 
-0.227902 0.108802 0.021129 -0.123213 0.195992 0.032432 0.013446 0.027908 0.016125 -0.094184 -0.057737 0.004945 
-0.226492 0.110166 0.019113 -0.121088 0.196344 0.031487 0.014085 0.026878 0.017232 -0.094244 -0.057725 0.004941 
-0.224989 0.111520 0.017200 -0.118870 0.196644 0.030708 0.014731 0.025784 0.018400 -0.094298 -0.057735 0.004937 
-0.223520 0.112821 0.015351 -0.116745 0.196914 0.030088 0.015309 0.024731 0.019665 -0.094361 -0.057729 0.004934 
-0.221928 0.114145 0.013545 -0.114489 0.197149 0.029575 0.015906 0.023606 0.020993 -0.094410 -0.057735 0.004931 
-0.220156 0.115542 0.011853 -0.112017 0.197363 0.029204 0.016549 0.022385 0.022349 -0.094448 -0.057742 0.004928 
-0.218301 0.116973 0.010269 -0.109463 0.197545 0.029038 0.017163 0.021102 0.023800 -0.094512 -0.057743 0.004925 
-0.216381 0.118320 0.008706 -0.106911 0.197659 0.028987 0.017791 0.019811 0.025347 -0.094495 -0.057769 0.004923 
-0.214491 0.119653 0.007175 -0.104437 0.197750 0.029056 0.018314 0.018525 0.026983 -0.094534 -0.057781 0.004921 
-0.212551 0.120922 0.005597 -0.101989 0.197800 0.029168 0.018829 0.017255 0.028708 -0.094504 -0.057802 0.004919 
-0.211801 0.121434 0.004971 -0.101153 0.197728 0.029989 0.018852 0.016641 0.030177 -0.094557 -0.057819 0.004917 
-0.211857 0.121398 0.004963 -0.101501 0.197501 0.031792 0.018500 0.016412 0.032007 -0.094613 -0.057855 0.004918 
-0.211919 0.121357 0.004953 -0.101920 0.197229 0.033821 0.018078 0.016137 0.034069 -0.094676 -0.057896 0.004920 
-0.211884 0.121444 0.004925 -0.102253 0.196962 0.036035 0.017616 0.015786 0.036287 -0.094763 -0.057890 0.004875 
-0.211956 0.121398 0.004912 -0.102797 0.196611 0.038334 0.017068 0.015432 0.038630 -0.094835 -0.057936 0.004884 
-0.211846 0.121741 0.004959 -0.103093 0.196386 0.040886 0.016452 0.014995 0.041060 -0.095037 -0.057796 0.004787 
-0.211928 0.121688 0.004944 -0.103802 0.195930 0.043501 0.015736 0.014535 0.043734 -0.095120 -0.057849 0.004804 
-0.212017 0.121631 0.004932 -0.104612 0.195409 0.046295 0.014920 0.014010 0.046582 -0.095208 -0.057905 0.004819 
-0.212112 0.121570 0.004923 -0.105539 0.194810 0.049284 0.013985 0.013406 0.049623 -0.095303 -0.057966 0.004832 
-0.212214 0.121504 0.004916 -0.106599 0.194125 0.052472 0.012916 0.012715 0.052862 -0.095405 -0.058032 0.004845 
-0.212324 0.121433 0.004911 -0.107816 0.193337 0.055878 0.011688 0.011920 0.056318 -0.095515 -0.058103 0.004856 
-0.212443 0.121357 0.004907 -0.109213 0.192432 0.059512 0.010279 0.011006 0.060000 -0.095633 -0.058180 0.004865 
-0.212571 0.121274 0.004904 -0.110824 0.191386 0.063399 0.008653 0.009951 0.063936 -0.095762 -0.058263 0.004874 
-0.212712 0.121182 0.004903 -0.112707 0.190164 0.067597 0.006753 0.008718 0.068185 -0.095903 -0.058354 0.004882 
-0.212866 0.121083 0.004904 -0.114900 0.188739 0.072100 0.004540 0.007280 0.072738 -0.096057 -0.058454 0.004890 
-0.213033 0.120974 0.004907 -0.117454 0.187079 0.076911 0.001962 0.005604 0.077601 -0.096225 -0.058563 0.004897 
-0.213216 0.120855 0.004912 -0.120415 0.185152 0.082007 -0.001026 0.003660 0.082749 -0.096408 -0.058682 0.004904 
-0.213415 0.120726 0.004920 -0.123835 0.182928 0.087359 -0.004477 0.001415 0.088152 -0.096606 -0.058811 0.004911 
-0.213254 0.120826 0.004930 -0.127501 0.180510 0.093101 -0.008219 -0.001052 0.093947 -0.096484 -0.058735 0.004919 
-0.213590 0.120572 0.005072 -0.132027 0.177574 0.098816 -0.012612 -0.003902 0.099581 -0.096649 -0.058879 0.004927 
-0.213716 0.120298 0.005309 -0.137428 0.174165 0.105150 -0.017360 -0.006879 0.105748 -0.096080 -0.058698 0.004941 
-0.214697 0.119682 0.005611 -0.143915 0.170206 0.111096 -0.023072 -0.010322 0.111424 -0.096244 -0.058773 0.004923 
-0.215994 0.118863 0.005774 -0.151561 0.165605 0.116920 -0.029702 -0.014239 0.117115 -0.096479 -0.058882 0.004901 
-0.217747 0.117663 0.005735 -0.160668 0.160207 0.122448 -0.037327 -0.018625 0.122748 -0.096701 -0.059042 0.004912 
-0.220407 0.116023 0.005635 -0.171566 0.153849 0.127593 -0.046231 -0.023590 0.128063 -0.097316 -0.059265 0.004930 
-0.225240 0.113946 0.005204 -0.185273 0.146590 0.131801 -0.057934 -0.029414 0.132774 -0.100088 -0.059877 0.004950 
-0.232003 0.111065 0.004990 -0.201240 0.137592 0.135526 -0.072801 -0.037610 0.136779 -0.105679 -0.061909 0.004973 
-0.240879 0.106061 0.005001 -0.219727 0.125717 0.138628 -0.090932 -0.049222 0.139986 -0.114111 -0.066588 0.005059 
-0.260648 0.100725 0.024005 -0.244053 0.123860 0.157719 -0.114127 -0.049961 0.167683 -0.132722 -0.070855 0.032547 
-0.284050 0.104728 0.071015 -0.273689 0.120817 0.206380 -0.142075 -0.051894 0.212897 -0.154400 -0.065690 0.076143 
-0.306723 0.107217 0.100721 -0.299989 0.120313 0.236637 -0.166701 -0.051128 0.242630 -0.175388 -0.061920 0.105328 
-0.321591 0.107884 0.118908 -0.320827 0.123211 0.254755 -0.187088 -0.047363 0.269325 -0.189754 -0.060420 0.131969 
-0.331606 0.107948 0.131142 -0.338021 0.127398 0.266310 -0.204969 -0.042230 0.293090 -0.200377 -0.059463 0.156248 
-0.340163 0.108170 0.139667 -0.352963 0.131643 0.273738 -0.221542 -0.037086 0.311852 -0.210481 -0.058393 0.175956 
-0.349430 0.109234 0.145721 -0.367768 0.136201 0.278485 -0.238245 -0.031488 0.326422 -0.221566 -0.056338 0.191706 
-0.359443 0.111005 0.146409 -0.382066 0.141878 0.277652 -0.254323 -0.024315 0.334707 -0.233293 -0.053130 0.201397 
-0.368278 0.113521 0.142810 -0.394415 0.148575 0.272340 -0.268597 -0.015856 0.338112 -0.243992 -0.048917 0.206409 
-0.375610 0.117319 0.134878 -0.404273 0.156434 0.262699 -0.280176 -0.006070 0.336087 -0.252996 -0.043258 0.206001 
-0.381563 0.122085 0.123182 -0.412088 0.164847 0.249394 -0.289488 0.004258 0.329233 -0.260407 -0.036638 0.200680 
-0.387434 0.126144 0.104571 -0.417835 0.172955 0.229368 -0.295217 0.014976 0.314227 -0.266262 -0.030047 0.187032 
-0.391734 0.130328 0.082175 -0.421539 0.181059 0.205577 -0.298531 0.025807 0.294793 -0.270183 -0.023211 0.168945 
-0.395052 0.134407 0.055325 -0.423612 0.188951 0.177387 -0.299622 0.036571 0.270124 -0.272545 -0.016338 0.145579 
-0.395460 0.141215 0.040789 -0.420417 0.195274 0.163852 -0.293878 0.042449 0.252317 -0.270474 -0.009963 0.126821 
-0.394826 0.150495 0.041638 -0.418751 0.201448 0.166222 -0.291983 0.046097 0.249825 -0.269625 -0.003144 0.122863 
-0.394601 0.159955 0.042830 -0.417533 0.207430 0.168966 -0.289943 0.049970 0.247202 -0.268599 0.004271 0.118750 
-0.394651 0.167145 0.044508 -0.416912 0.211742 0.171808 -0.288479 0.052889 0.245731 -0.267825 0.010115 0.116163 
-0.393799 0.167244 0.045339 -0.416470 0.211911 0.172542 -0.288148 0.053198 0.246954 -0.267078 0.010351 0.117478 
-0.392687 0.165851 0.044658 -0.414823 0.210395 0.171998 -0.286848 0.051108 0.245780 -0.266313 0.008393 0.116173 
-0.392049 0.164458 0.042510 -0.413215 0.209004 0.170016 -0.285045 0.049440 0.242857 -0.265493 0.006729 0.113098 
-0.391415 0.163227 0.040640 -0.411682 0.207738 0.168303 -0.283438 0.047826 0.240242 -0.264793 0.005154 0.110336 
-0.391727 0.162924 0.038907 -0.411175 0.207257 0.166759 -0.282593 0.047154 0.237665 -0.264781 0.004665 0.107583 
-0.393684 0.163850 0.036566 -0.412212 0.207936 0.164641 -0.282621 0.048080 0.234253 -0.265752 0.005836 0.103965 
-0.395301 0.164847 0.034805 -0.413142 0.208686 0.163061 -0.282666 0.049090 0.231607 -0.266501 0.007092 0.101151 
-0.395575 0.165089 0.033888 -0.413002 0.208757 0.162260 -0.282158 0.049182 0.230153 -0.266418 0.007357 0.099589 
-0.395562 0.165182 0.033307 -0.412707 0.208719 0.161761 -0.281642 0.049130 0.229194 -0.266189 0.007438 0.098554 
-0.395649 0.165335 0.033388 -0.412843 0.208853 0.161842 -0.281716 0.049323 0.229292 -0.266214 0.007648 0.098651 
-0.395802 0.165462 0.034268 -0.413439 0.209121 0.162614 -0.282494 0.049705 0.230685 -0.266543 0.007886 0.100144 
-0.396015 0.165549 0.035797 -0.414416 0.209488 0.163940 -0.283872 0.050226 0.233135 -0.267145 0.008123 0.102783 
-0.396298 0.165648 0.037799 -0.415697 0.209960 0.165666 -0.285704 0.050898 0.236341 -0.267961 0.008415 0.106248 
-0.396662 0.165765 0.040266 -0.417291 0.210543 0.167778 -0.288002 0.051732 0.240284 -0.269008 0.008775 0.110523 
-0.397121 0.165909 0.043185 -0.419203 0.211239 0.170257 -0.290775 0.052732 0.244925 -0.270301 0.009212 0.115577 
-0.397684 0.166092 0.046486 -0.421405 0.212046 0.173038 -0.293980 0.053894 0.250140 -0.271837 0.009741 0.121282 
-0.398363 0.166345 0.050350 -0.423882 0.212927 0.176321 -0.297585 0.055156 0.256016 -0.273611 0.010363 0.127708 
-0.399379 0.166471 0.054014 -0.426381 0.213467 0.179521 -0.301086 0.055924 0.261222 -0.275600 0.010710 0.133354 
-0.400204 0.166369 0.054595 -0.427404 0.213432 0.180035 -0.302377 0.055827 0.262026 -0.276688 0.010546 0.134223 
-0.400184 0.166333 0.054634 -0.427390 0.213406 0.180068 -0.302410 0.055776 0.262083 -0.276713 0.010485 0.134285 
-0.400181 0.166331 0.054612 -0.427379 0.213402 0.180049 -0.302394 0.055770 0.262053 -0.276705 0.010482 0.134252 
-0.400173 0.166324 0.054579 -0.427359 0.213391 0.180019 -0.302368 0.055755 0.262007 -0.276693 0.010470 0.134202 
-0.400168 0.166320 0.054553 -0.427344 0.213385 0.179997 -0.302349 0.055745 0.261972 -0.276683 0.010463 0.134164 
-0.400166 0.166319 0.054538 -0.427337 0.213382 0.179984 -0.302338 0.055741 0.261950 -0.276678 0.010461 0.134141 
-0.400164 0.166318 0.054523 -0.427330 0.213379 0.179971 -0.302328 0.055737 0.261930 -0.276673 0.010459 0.134119 
-0.400162 0.166318 0.054510 -0.427324 0.213377 0.179960 -0.302319 0.055734 0.261912 -0.276668 0.010457 0.134100 
-0.400160 0.166317 0.054498 -0.427318 0.213375 0.179949 -0.302311 0.055731 0.261896 -0.276664 0.010456 0.134082 
-0.400159 0.166317 0.054488 -0.427313 0.213373 0.179940 -0.302303 0.055728 0.261881 -0.276660 0.010454 0.134066 
-0.400157 0.166316 0.054478 -0.427308 0.213371 0.179931 -0.302296 0.055725 0.261867 -0.276657 0.010453 0.134051 
-0.400156 0.166316 0.054469 -0.427303 0.213370 0.179923 -0.302290 0.055723 0.261855 -0.276654 0.010452 0.134037 
-0.400155 0.166316 0.054461 -0.427300 0.213368 0.179916 -0.302284 0.055721 0.261844 -0.276651 0.010451 0.134025 
-0.400154 0.166315 0.054453 -0.427296 0.213367 0.179909 -0.302279 0.055718 0.261833 -0.276648 0.010449 0.134014 
-0.400158 0.166273 0.054449 -0.427292 0.213322 0.179908 -0.302274 0.055668 0.261820 -0.276651 0.010402 0.133997 
-0.400156 0.166233 0.054453 -0.427288 0.213280 0.179913 -0.302268 0.055626 0.261822 -0.276648 0.010361 0.133999 
-0.400168 0.166239 0.054436 -0.427292 0.213283 0.179898 -0.302268 0.055627 0.261796 -0.276655 0.010365 0.133970 
-0.400167 0.166238 0.054430 -0.427290 0.213282 0.179894 -0.302264 0.055626 0.261789 -0.276653 0.010365 0.133962 
-0.400167 0.166238 0.054425 -0.427287 0.213281 0.179890 -0.302261 0.055624 0.261782 -0.276652 0.010364 0.133955 
-0.400166 0.166238 0.054421 -0.427285 0.213280 0.179886 -0.302258 0.055622 0.261776 -0.276650 0.010363 0.133948 
-0.400165 0.166237 0.054417 -0.427283 0.213279 0.179882 -0.302255 0.055620 0.261770 -0.276649 0.010361 0.133942 
-0.400164 0.166236 0.054414 -0.427281 0.213278 0.179879 -0.302252 0.055619 0.261765 -0.276647 0.010360 0.133937 
-0.400164 0.166236 0.054411 -0.427279 0.213276 0.179877 -0.302250 0.055617 0.261760 -0.276646 0.010359 0.133932 
-0.400163 0.166235 0.054408 -0.427277 0.213275 0.179875 -0.302248 0.055615 0.261757 -0.276645 0.010357 0.133927 
-0.400162 0.166234 0.054405 -0.427275 0.213273 0.179872 -0.302246 0.055612 0.261753 -0.276644 0.010355 0.133923 
-0.400161 0.166224 0.054397 -0.427268 0.213262 0.179866 -0.302241 0.055594 0.261739 -0.276645 0.010340 0.133907 
-0.400158 0.166218 0.054395 -0.427263 0.213256 0.179864 -0.302239 0.055586 0.261735 -0.276645 0.010331 0.133902 
-0.400155 0.166209 0.054389 -0.427256 0.213245 0.179860 -0.302235 0.055570 0.261725 -0.276645 0.010317 0.133892 
-0.400154 0.166208 0.054388 -0.427254 0.213243 0.179859 -0.302233 0.055567 0.261722 -0.276644 0.010315 0.133889 
-0.400151 0.166199 0.054383 -0.427248 0.213233 0.179855 -0.302230 0.055552 0.261714 -0.276645 0.010301 0.133879 
-0.400146 0.166186 0.054379 -0.427239 0.213220 0.179853 -0.302226 0.055534 0.261708 -0.276644 0.010283 0.133873 
-0.400142 0.166174 0.054375 -0.427231 0.213207 0.179849 -0.302222 0.055513 0.261699 -0.276645 0.010264 0.133862 
-0.400135 0.166158 0.054371 -0.427220 0.213191 0.179847 -0.302218 0.055491 0.261693 -0.276644 0.010242 0.133855 
-0.400120 0.166094 0.054382 -0.427196 0.213121 0.179862 -0.302217 0.055395 0.261694 -0.276653 0.010152 0.133853 
-0.400114 0.166073 0.054373 -0.427182 0.213099 0.179856 -0.302211 0.055362 0.261679 -0.276654 0.010121 0.133835 
-0.400115 0.166070 0.054371 -0.427180 0.213094 0.179854 -0.302210 0.055355 0.261674 -0.276656 0.010115 0.133829 
-0.400112 0.166065 0.054368 -0.427176 0.213089 0.179852 -0.302208 0.055347 0.261670 -0.276655 0.010108 0.133824 
-0.400111 0.166055 0.054362 -0.427170 0.213076 0.179848 -0.302205 0.055328 0.261658 -0.276657 0.010091 0.133811 
-0.400108 0.166041 0.054354 -0.427160 0.213060 0.179842 -0.302200 0.055303 0.261643 -0.276659 0.010068 0.133794 
-0.400096 0.165970 0.054365 -0.427138 0.212984 0.179857 -0.302200 0.055202 0.261643 -0.276669 0.009973 0.133790 
-0.400095 0.165968 0.054365 -0.427136 0.212982 0.179857 -0.302200 0.055198 0.261643 -0.276669 0.009970 0.133789 
-0.400090 0.165942 0.054349 -0.427119 0.212950 0.179846 -0.302191 0.055150 0.261614 -0.276673 0.009928 0.133755 
-0.400089 0.165938 0.054347 -0.427116 0.212945 0.179845 -0.302190 0.055142 0.261609 -0.276674 0.009920 0.133750 
-0.400087 0.165917 0.054329 -0.427100 0.212918 0.179832 -0.302180 0.055101 0.261577 -0.276677 0.009885 0.133713 
-0.400087 0.165909 0.054321 -0.427094 0.212906 0.179826 -0.302176 0.055081 0.261560 -0.276680 0.009869 0.133694 
-0.400089 0.165860 0.054327 -0.427089 0.212852 0.179837 -0.302177 0.055015 0.261557 -0.276688 0.009809 0.133687 
-0.400088 0.165859 0.054327 -0.427088 0.212850 0.179837 -0.302177 0.055012 0.261557 -0.276688 0.009807 0.133687 
-0.400088 0.165850 0.054318 -0.427080 0.212837 0.179831 -0.302172 0.054990 0.261537 -0.276691 0.009789 0.133664 
-0.400099 0.165760 0.054338 -0.427082 0.212737 0.179856 -0.302179 0.054874 0.261543 -0.276707 0.009684 0.133664 
-0.400100 0.165758 0.054334 -0.427081 0.212734 0.179853 -0.302178 0.054871 0.261537 -0.276708 0.009681 0.133657 
-0.400101 0.165756 0.054315 -0.427071 0.212726 0.179839 -0.302166 0.054855 0.261504 -0.276706 0.009672 0.133620 
-0.400101 0.165754 0.054312 -0.427070 0.212723 0.179837 -0.302164 0.054851 0.261500 -0.276707 0.009669 0.133615 
-0.400102 0.165752 0.054303 -0.427066 0.212717 0.179830 -0.302160 0.054841 0.261484 -0.276707 0.009662 0.133597 
-0.400103 0.165750 0.054302 -0.427065 0.212715 0.179830 -0.302160 0.054837 0.261481 -0.276709 0.009658 0.133594 
-0.400114 0.165754 0.054285 -0.427064 0.212711 0.179818 -0.302154 0.054825 0.261447 -0.276716 0.009655 0.133554 
-0.400114 0.165751 0.054278 -0.427059 0.212705 0.179813 -0.302150 0.054815 0.261435 -0.276716 0.009648 0.133541 
-0.400114 0.165747 0.054270 -0.427055 0.212699 0.179807 -0.302146 0.054805 0.261422 -0.276716 0.009640 0.133526 
-0.400113 0.165742 0.054261 -0.427048 0.212690 0.179800 -0.302140 0.054791 0.261405 -0.276716 0.009629 0.133506 
-0.400115 0.165734 0.054250 -0.427043 0.212678 0.179793 -0.302137 0.054771 0.261386 -0.276721 0.009614 0.133485 
-0.400114 0.165732 0.054249 -0.427042 0.212676 0.179792 -0.302136 0.054768 0.261384 -0.276720 0.009611 0.133482 
-0.400114 0.165728 0.054246 -0.427039 0.212672 0.179790 -0.302135 0.054761 0.261379 -0.276721 0.009605 0.133476 
-0.400113 0.165726 0.054246 -0.427038 0.212670 0.179790 -0.302135 0.054758 0.261379 -0.276721 0.009602 0.133476 
-0.400112 0.165721 0.054241 -0.427033 0.212662 0.179786 -0.302132 0.054745 0.261369 -0.276723 0.009592 0.133464 
-0.400110 0.165709 0.054228 -0.427023 0.212647 0.179776 -0.302121 0.054724 0.261346 -0.276720 0.009574 0.133439 
-0.400113 0.165704 0.054228 -0.427020 0.212637 0.179779 -0.302124 0.054705 0.261338 -0.276728 0.009560 0.133428 
-0.400110 0.165700 0.054222 -0.427015 0.212632 0.179774 -0.302119 0.054698 0.261330 -0.276726 0.009554 0.133419 
-0.400109 0.165695 0.054216 -0.427011 0.212626 0.179770 -0.302116 0.054688 0.261321 -0.276726 0.009545 0.133409 
-0.400108 0.165692 0.054214 -0.427008 0.212622 0.179768 -0.302114 0.054683 0.261317 -0.276725 0.009541 0.133404 
-0.400103 0.165681 0.054200 -0.426995 0.212607 0.179757 -0.302102 0.054660 0.261294 -0.276722 0.009521 0.133378 
-0.400092 0.165657 0.054165 -0.426964 0.212576 0.179729 -0.302072 0.054615 0.261238 -0.276712 0.009483 0.133316 
-0.400083 0.165622 0.054163 -0.426947 0.212537 0.179730 -0.302064 0.054562 0.261227 -0.276711 0.009436 0.133302 
-0.400083 0.165618 0.054162 -0.426946 0.212532 0.179730 -0.302064 0.054554 0.261224 -0.276713 0.009428 0.133298 
-0.400081 0.165614 0.054159 -0.426942 0.212527 0.179727 -0.302061 0.054547 0.261219 -0.276712 0.009422 0.133293 
-0.400079 0.165610 0.054153 -0.426937 0.212523 0.179723 -0.302056 0.054541 0.261211 -0.276710 0.009417 0.133283 
