-0.272403 -0.068550 0.005021 -0.278134 0.068040 0.004833 -0.064413 0.082162 0.003444 -0.055556 -0.055553 0.003614 
-0.272356 -0.068467 0.004843 -0.278084 0.068124 0.004686 -0.064362 0.082243 0.003677 -0.055507 -0.055472 0.003821 
-0.272359 -0.068467 0.004850 -0.278087 0.068123 0.004706 -0.064364 0.082243 0.003798 -0.055509 -0.055473 0.003930 
-0.272361 -0.068468 0.004860 -0.278089 0.068123 0.004728 -0.064366 0.082243 0.003907 -0.055510 -0.055473 0.004028 
-0.272377 -0.068213 0.004723 -0.278110 0.068378 0.004944 -0.064387 0.082507 0.004203 -0.055527 -0.055208 0.003969 
-0.272347 -0.068297 0.004374 -0.278095 0.068292 0.004811 -0.064373 0.082445 0.004312 -0.055498 -0.055269 0.003864 
-0.272426 -0.068320 0.004623 -0.278145 0.068270 0.004898 -0.064421 0.082379 0.004111 -0.055575 -0.055337 0.003822 
-0.272399 -0.068302 0.004525 -0.278121 0.068288 0.004823 -0.064396 0.082400 0.004254 -0.055547 -0.055315 0.003945 
-0.272401 -0.068302 0.004565 -0.278123 0.068289 0.004839 -0.064398 0.082401 0.004324 -0.055549 -0.055315 0.004039 
-0.272452 -0.068249 0.004599 -0.278156 0.068342 0.004999 -0.064430 0.082428 0.004357 -0.055598 -0.055289 0.003944 
-0.272313 -0.068100 0.004078 -0.278016 0.068490 0.004841 -0.064289 0.082572 0.004811 -0.055458 -0.055143 0.004040 
-0.272312 -0.068115 0.004159 -0.278015 0.068471 0.005378 -0.064288 0.082554 0.005353 -0.055458 -0.055158 0.004123 
-0.272319 -0.068171 0.004264 -0.278030 0.068413 0.005670 -0.064303 0.082507 0.005625 -0.055465 -0.055202 0.004205 
-0.272349 -0.068155 0.004339 -0.278023 0.068430 0.005831 -0.064292 0.082468 0.005773 -0.055492 -0.055243 0.004266 
-0.272348 -0.068161 0.004393 -0.278022 0.068422 0.006069 -0.064292 0.082460 0.006023 -0.055491 -0.055249 0.004330 
-0.272348 -0.068172 0.004443 -0.278022 0.068406 0.006437 -0.064292 0.082444 0.006399 -0.055491 -0.055260 0.004386 
-0.272347 -0.068187 0.004489 -0.278021 0.068385 0.006923 -0.064290 0.082423 0.006893 -0.055490 -0.055274 0.004435 
-0.272346 -0.068214 0.004531 -0.278019 0.068342 0.007707 -0.064289 0.082382 0.007686 -0.055489 -0.055300 0.004479 
-0.272343 -0.068256 0.004570 -0.278020 0.068274 0.008731 -0.064290 0.082321 0.008721 -0.055487 -0.055334 0.004520 
-0.272341 -0.068296 0.004606 -0.278019 0.068200 0.009747 -0.064290 0.082253 0.009747 -0.055485 -0.055368 0.004556 
-0.272341 -0.068299 0.004639 -0.277992 0.068149 0.010955 -0.064260 0.082164 0.010967 -0.055482 -0.055409 0.004590 
-0.272339 -0.068327 0.004669 -0.277981 0.068067 0.012065 -0.064248 0.082072 0.012087 -0.055480 -0.055447 0.004619 
-0.272338 -0.068338 0.004699 -0.277931 0.067926 0.014229 -0.064194 0.081865 0.014270 -0.055475 -0.055522 0.004647 
-0.272365 -0.067864 0.004726 -0.277618 0.068294 0.015832 -0.063847 0.081710 0.015885 -0.055472 -0.055578 0.004672 
-0.272910 -0.067095 0.004806 -0.277888 0.068903 0.017824 -0.064102 0.082019 0.016681 -0.056003 -0.055113 0.003520 
-0.273009 -0.065279 0.004822 -0.276833 0.070677 0.018648 -0.062943 0.081980 0.017627 -0.056008 -0.055136 0.003652 
-0.273234 -0.062522 0.005137 -0.275114 0.073338 0.020252 -0.061086 0.081611 0.019125 -0.056111 -0.055451 0.003847 
-0.273497 -0.061415 0.004959 -0.274752 0.074368 0.020811 -0.060692 0.081703 0.019376 -0.056348 -0.055294 0.003350 
-0.273436 -0.062186 0.004941 -0.275269 0.073602 0.020691 -0.061240 0.081833 0.019377 -0.056313 -0.055157 0.003455 
-0.273416 -0.062805 0.004942 -0.275666 0.073041 0.020125 -0.061661 0.081904 0.018938 -0.056315 -0.055136 0.003590 
-0.273410 -0.063066 0.004945 -0.275819 0.072732 0.020530 -0.061825 0.081840 0.019464 -0.056317 -0.055148 0.003712 
-0.273604 -0.062924 0.004957 -0.276108 0.072776 0.021354 -0.062126 0.082096 0.019872 -0.056522 -0.054790 0.003294 
-0.273585 -0.062962 0.005749 -0.276024 0.072592 0.023325 -0.062046 0.081912 0.021225 -0.056508 -0.054826 0.003448 
-0.273220 -0.063019 0.010639 -0.275466 0.072168 0.030866 -0.061604 0.081940 0.024129 -0.056263 -0.054421 0.003608 
-0.269351 -0.062542 0.019071 -0.269604 0.072392 0.041038 -0.055801 0.079738 0.030448 -0.052473 -0.056402 0.008115 
0.124784 -0.447531 0.004038 0.008081 -0.377025 0.013995 0.124541 -0.195516 0.040178 0.240712 -0.269270 0.029755 -0.260898 -0.066727 0.027216 -0.258984 0.068442 0.047598 -0.044958 0.071788 0.039878 -0.043815 -0.064647 0.019187 
0.125513 -0.448069 0.004219 0.009498 -0.376302 0.013152 0.127704 -0.195677 0.037553 0.243157 -0.270690 0.028188 -0.255878 -0.075196 0.035560 -0.252999 0.060321 0.053357 -0.038860 0.061569 0.048799 -0.038689 -0.075248 0.030764 
0.132412 -0.457350 0.006495 0.015181 -0.387380 0.013632 0.130269 -0.204118 0.032695 0.246993 -0.277355 0.025219 -0.255966 -0.080555 0.039578 -0.256444 0.055110 0.056451 -0.042386 0.061542 0.052553 -0.038826 -0.075349 0.035460 
0.142081 -0.470765 0.013052 0.022944 -0.403882 0.017842 0.132867 -0.216784 0.028095 0.251588 -0.286959 0.023114 -0.258082 -0.080826 0.037917 -0.262846 0.054693 0.055288 -0.049098 0.067902 0.051421 -0.041215 -0.068744 0.033825 
0.148491 -0.477938 0.014260 0.028561 -0.412364 0.016838 0.136246 -0.223800 0.023272 0.255799 -0.292674 0.020579 -0.262057 -0.082334 0.031713 -0.268500 0.053190 0.048495 -0.054951 0.069109 0.043906 -0.045376 -0.067504 0.026895 
0.149708 -0.481018 0.007881 0.029489 -0.415938 0.009264 0.136339 -0.226846 0.013864 0.256196 -0.295228 0.012402 -0.263654 -0.087283 0.019480 -0.270778 0.048399 0.034629 -0.057306 0.065315 0.030021 -0.047045 -0.071443 0.014659 
0.149573 -0.483447 0.004788 0.029334 -0.418390 0.005001 0.136126 -0.229210 0.005057 0.256004 -0.297571 0.004840 -0.262267 -0.092873 0.006558 -0.270916 0.042951 0.019472 -0.057571 0.061890 0.017739 -0.045772 -0.074983 0.004675 
0.150048 -0.483456 0.006285 0.029686 -0.418633 0.005276 0.136114 -0.229247 0.004975 0.256121 -0.297374 0.005998 -0.262269 -0.093499 0.004881 -0.271585 0.042526 0.014894 -0.058309 0.062302 0.015041 -0.045837 -0.074761 0.004934 
0.152213 -0.481973 0.009873 0.031789 -0.417311 0.007264 0.138006 -0.227817 0.005308 0.258079 -0.295783 0.007970 -0.262279 -0.093374 0.004882 -0.271614 0.042862 0.011414 -0.058339 0.062642 0.011520 -0.045848 -0.074634 0.004926 
0.156217 -0.473623 0.012730 0.035749 -0.409135 0.008423 0.141714 -0.219491 0.007808 0.261835 -0.287285 0.012165 -0.262287 -0.093287 0.004884 -0.271630 0.043040 0.009036 -0.058354 0.062822 0.009114 -0.045856 -0.074547 0.004924 
0.158104 -0.463885 0.016121 0.037448 -0.399830 0.010758 0.142734 -0.209808 0.011017 0.263055 -0.277169 0.016427 -0.262294 -0.093204 0.004887 -0.271642 0.043174 0.006739 -0.058366 0.062957 0.006793 -0.045863 -0.074462 0.004924 
0.157620 -0.456731 0.020392 0.036811 -0.393036 0.014221 0.141571 -0.202723 0.014051 0.262053 -0.269725 0.020283 -0.262240 -0.093163 0.004959 -0.271731 0.043218 0.005004 -0.058477 0.063224 0.005009 -0.045829 -0.074195 0.004963 
0.155791 -0.454664 0.026380 0.034957 -0.391103 0.019389 0.139612 -0.200742 0.017481 0.260121 -0.267609 0.024566 -0.262261 -0.093139 0.004809 -0.271944 0.043228 0.004759 -0.058718 0.063536 0.004723 -0.045877 -0.073866 0.004773 
0.154852 -0.459086 0.035630 0.034143 -0.395472 0.027120 0.139119 -0.205348 0.021942 0.259497 -0.272266 0.030608 -0.262257 -0.093145 0.004821 -0.271961 0.043221 0.004769 -0.058738 0.063561 0.004744 -0.045875 -0.073838 0.004797 
0.154882 -0.467113 0.046845 0.034368 -0.403420 0.036383 0.139842 -0.213721 0.027243 0.260016 -0.280712 0.037935 -0.262068 -0.093298 0.004437 -0.271804 0.043064 0.003842 -0.058587 0.063458 0.004567 -0.045692 -0.073937 0.005178 
0.155160 -0.475747 0.058539 0.034860 -0.412021 0.046020 0.140870 -0.222864 0.032784 0.260821 -0.289881 0.045610 -0.261898 -0.093465 0.004147 -0.271603 0.042896 0.002998 -0.058387 0.063251 0.004518 -0.045523 -0.074143 0.005700 
0.154349 -0.482335 0.069038 0.034287 -0.418510 0.054845 0.140944 -0.230026 0.037763 0.260645 -0.297133 0.052334 -0.262059 -0.093546 0.004642 -0.271673 0.042818 0.003132 -0.058439 0.063028 0.004065 -0.045668 -0.074371 0.005602 
0.152973 -0.485488 0.077431 0.033052 -0.421650 0.062149 0.140128 -0.233732 0.041772 0.259681 -0.300844 0.057489 -0.262060 -0.093528 0.005219 -0.271672 0.042830 0.003297 -0.058439 0.063041 0.004145 -0.045669 -0.074353 0.006098 
0.152041 -0.485239 0.083838 0.032154 -0.421517 0.067824 0.139354 -0.233970 0.044843 0.258871 -0.300960 0.061336 -0.262066 -0.093471 0.006545 -0.271674 0.042867 0.003448 -0.058441 0.063080 0.004219 -0.045675 -0.074293 0.007357 
0.153134 -0.484734 0.085025 0.033698 -0.420481 0.067804 0.142082 -0.233751 0.043753 0.261127 -0.301265 0.061480 -0.260484 -0.086486 0.017949 -0.272073 0.049707 0.015330 -0.059154 0.072975 0.014077 -0.044391 -0.064208 0.016703 
0.157031 -0.485162 0.080587 0.038373 -0.420031 0.061402 0.148691 -0.234535 0.036611 0.266923 -0.302918 0.056332 -0.264853 -0.074621 0.027032 -0.277090 0.061531 0.025380 -0.064322 0.085774 0.020939 -0.048908 -0.051353 0.022544 
0.165370 -0.485568 0.069449 0.047835 -0.419270 0.047542 0.160681 -0.235207 0.023460 0.277744 -0.304747 0.045918 -0.281399 -0.055868 0.041710 -0.290012 0.080568 0.040867 -0.076954 0.099110 0.029031 -0.065195 -0.038386 0.029712 
0.175099 -0.486977 0.053218 0.058428 -0.420108 0.028596 0.172927 -0.237011 0.004953 0.289094 -0.307115 0.030146 -0.295429 -0.037237 0.053980 -0.308460 0.098811 0.050656 -0.096666 0.123789 0.030728 -0.080464 -0.013223 0.033798 
0.185453 -0.489672 0.034440 0.066131 -0.425471 0.016266 0.173695 -0.237071 0.004907 0.292637 -0.304556 0.023417 -0.323038 -0.005014 0.072676 -0.330173 0.131493 0.070517 -0.118661 0.147237 0.040641 -0.108417 0.009629 0.042392 
0.184938 -0.490809 0.025154 0.065877 -0.425880 0.007876 0.173641 -0.237275 0.004892 0.292316 -0.305498 0.022377 -0.339935 0.016900 0.080148 -0.339475 0.152361 0.098586 -0.128285 0.161545 0.064055 -0.125715 0.024899 0.044941 
0.186209 -0.491158 0.021018 0.066835 -0.426556 0.004699 0.173645 -0.237387 0.004890 0.292650 -0.305287 0.021362 -0.348168 0.033771 0.089730 -0.343165 0.166587 0.121743 -0.131965 0.172418 0.086555 -0.133981 0.038395 0.053725 
0.190015 -0.490837 0.025696 0.069858 -0.428416 0.006839 0.173723 -0.237623 0.004841 0.293561 -0.303346 0.023908 -0.333318 0.024898 0.067071 -0.332654 0.158858 0.094351 -0.119836 0.167657 0.071796 -0.117447 0.032521 0.043926 
0.196908 -0.489828 0.030436 0.075107 -0.431085 0.010346 0.173713 -0.237590 0.004831 0.295284 -0.299638 0.025192 -0.304199 0.017478 0.016469 -0.307695 0.152325 0.038694 -0.093863 0.163849 0.034101 -0.087261 0.027857 0.011595 
0.198093 -0.488959 0.036427 0.076209 -0.431451 0.013469 0.173715 -0.237513 0.004831 0.295385 -0.298320 0.028132 -0.294466 0.017644 0.004176 -0.298407 0.153390 0.019899 -0.084519 0.164768 0.020093 -0.077465 0.027865 0.004220 
0.198356 -0.486281 0.047645 0.076884 -0.429635 0.020707 0.174717 -0.236226 0.006034 0.295967 -0.296155 0.033437 -0.294477 0.017870 0.004250 -0.298448 0.154222 0.013307 -0.084560 0.165610 0.013433 -0.077476 0.028095 0.004290 
0.200079 -0.481266 0.064442 0.078976 -0.426022 0.033264 0.176790 -0.233209 0.012066 0.297667 -0.291714 0.043844 -0.294487 0.017807 0.004453 -0.298668 0.154443 0.006174 -0.084797 0.166145 0.006148 -0.077501 0.028349 0.004410 
0.200400 -0.475564 0.090737 0.079352 -0.422387 0.055961 0.176627 -0.230431 0.026223 0.297457 -0.286838 0.061754 -0.294318 0.018095 0.010114 -0.298683 0.154639 0.004961 -0.084828 0.166635 0.004963 -0.077347 0.028936 0.010167 
0.197914 -0.470884 0.128685 0.076968 -0.419951 0.090374 0.174325 -0.230147 0.049266 0.295051 -0.284257 0.088527 -0.293953 0.018285 0.017047 -0.298505 0.154273 0.003769 -0.084679 0.166722 0.004906 -0.077010 0.029591 0.018329 
0.190507 -0.464313 0.172569 0.069528 -0.415530 0.131654 0.167357 -0.229282 0.077480 0.288109 -0.281171 0.119555 -0.293734 0.019151 0.024273 -0.298382 0.154143 0.003173 -0.084585 0.167007 0.004993 -0.076820 0.030886 0.026323 
0.181262 -0.454207 0.217659 0.060460 -0.406832 0.174622 0.159767 -0.225527 0.107835 0.280320 -0.275925 0.152230 -0.294188 0.020715 0.031902 -0.298430 0.154344 0.003354 -0.084606 0.166764 0.005039 -0.077250 0.032014 0.033889 
0.176809 -0.440515 0.263303 0.056913 -0.394546 0.216383 0.158678 -0.218312 0.140361 0.278282 -0.267219 0.188808 -0.296714 0.022876 0.040112 -0.298514 0.154589 0.003528 -0.084521 0.163503 0.005831 -0.079628 0.030638 0.042804 
0.173303 -0.425700 0.310316 0.054408 -0.381913 0.258969 0.158565 -0.211503 0.173495 0.277123 -0.258125 0.226545 -0.299771 0.028269 0.047809 -0.298557 0.157652 0.003668 -0.084460 0.162484 0.007756 -0.082608 0.031913 0.052385 
0.165973 -0.408478 0.354160 0.047569 -0.367032 0.299822 0.153578 -0.204009 0.202976 0.271615 -0.248162 0.259206 -0.302599 0.035290 0.056039 -0.300152 0.162009 0.004794 -0.086041 0.165375 0.009591 -0.085435 0.037472 0.061402 
0.156140 -0.387270 0.389971 0.037477 -0.347720 0.334791 0.144250 -0.193250 0.225557 0.262537 -0.235367 0.282813 -0.308839 0.041781 0.068648 -0.306075 0.164900 0.009286 -0.091901 0.166733 0.011192 -0.091614 0.042443 0.071158 
0.149656 -0.362665 0.420087 0.030406 -0.325264 0.364677 0.136853 -0.179861 0.243348 0.255739 -0.219681 0.301008 -0.317337 0.049040 0.079106 -0.314411 0.167976 0.011760 -0.100253 0.166661 0.008281 -0.100129 0.046550 0.076232 
0.148115 -0.334455 0.445268 0.028058 -0.299827 0.389798 0.133085 -0.163553 0.257162 0.252805 -0.200444 0.315043 -0.320554 0.055636 0.087149 -0.318231 0.169495 0.011515 -0.104155 0.166976 0.004984 -0.103424 0.051974 0.081260 
0.147895 -0.302221 0.468301 0.026819 -0.270307 0.413420 0.129655 -0.143863 0.269788 0.250434 -0.177874 0.327230 -0.318854 0.061663 0.098176 -0.318108 0.169132 0.013680 -0.104100 0.167369 0.004990 -0.101779 0.058829 0.090183 
0.150641 -0.264573 0.493614 0.028567 -0.235823 0.439195 0.128940 -0.120964 0.284513 0.250761 -0.151617 0.341645 -0.316950 0.069908 0.110160 -0.317872 0.169874 0.016909 -0.104023 0.167784 0.005000 -0.100018 0.066816 0.098986 
0.156579 -0.221064 0.518936 0.033469 -0.195952 0.465053 0.130934 -0.094344 0.299614 0.253842 -0.121136 0.356356 -0.314858 0.080501 0.122452 -0.317541 0.171695 0.020637 -0.103951 0.168219 0.004976 -0.098173 0.076088 0.107556 
0.165518 -0.172440 0.542674 0.041354 -0.151082 0.489600 0.135561 -0.063910 0.314329 0.259581 -0.086708 0.370395 -0.311122 0.093148 0.136640 -0.316931 0.174154 0.026666 -0.103910 0.168703 0.004992 -0.094982 0.086831 0.115724 
0.192266 -0.146341 0.543227 0.064543 -0.124213 0.499788 0.145461 -0.046108 0.313923 0.273262 -0.069554 0.360412 -0.298641 0.105985 0.154461 -0.314540 0.185926 0.044704 -0.103930 0.183203 0.005794 -0.084850 0.102446 0.116059 
0.230392 -0.126236 0.526622 0.099960 -0.105855 0.491099 0.168299 -0.026085 0.300941 0.299013 -0.047791 0.339498 -0.292491 0.121928 0.171423 -0.314796 0.201211 0.062306 -0.107013 0.197199 0.010461 -0.081505 0.117087 0.119893 
0.263890 -0.107381 0.508633 0.131495 -0.087747 0.480780 0.188076 -0.009302 0.286258 0.320939 -0.030235 0.317134 -0.280406 0.135359 0.179531 -0.309687 0.214915 0.072278 -0.105528 0.211683 0.007574 -0.073029 0.131306 0.114940 
0.298482 -0.092544 0.488664 0.164546 -0.074061 0.468434 0.209255 0.005157 0.271154 0.343842 -0.014625 0.294373 -0.263131 0.144265 0.192997 -0.299247 0.222805 0.087087 -0.098806 0.222134 0.011585 -0.059458 0.142821 0.117440 
0.332472 -0.079599 0.469775 0.197441 -0.062080 0.457548 0.229645 0.016035 0.257411 0.365514 -0.002759 0.272591 -0.247189 0.151610 0.206098 -0.290195 0.229365 0.102202 -0.094656 0.229767 0.014783 -0.048422 0.151262 0.118433 
0.364896 -0.068883 0.450164 0.229276 -0.051981 0.446776 0.247860 0.025054 0.244504 0.384516 0.006899 0.250790 -0.230936 0.157597 0.224069 -0.281071 0.234262 0.122587 -0.091579 0.235204 0.022740 -0.038232 0.157807 0.123775 
0.395002 -0.058632 0.423574 0.259193 -0.043280 0.426764 0.267452 0.036975 0.225060 0.404445 0.020339 0.224697 -0.217190 0.167319 0.228853 -0.272143 0.245388 0.131000 -0.087516 0.248321 0.022455 -0.029375 0.169534 0.119699 
0.417411 -0.052038 0.394299 0.281585 -0.037978 0.400901 0.284733 0.048163 0.201493 0.421815 0.032748 0.197653 -0.203486 0.176163 0.220980 -0.260726 0.256607 0.126416 -0.078569 0.262715 0.013903 -0.018155 0.181577 0.107769 
0.432815 -0.048260 0.364150 0.296992 -0.034862 0.372051 0.298747 0.058759 0.176026 0.435847 0.043907 0.170826 -0.191472 0.183821 0.213757 -0.249266 0.265231 0.120365 -0.068178 0.271409 0.006143 -0.007219 0.189297 0.098801 
0.446973 -0.043571 0.339748 0.311590 -0.030037 0.353099 0.305955 0.066240 0.158438 0.442715 0.051212 0.147718 -0.182988 0.190308 0.218622 -0.243931 0.272653 0.128095 -0.067648 0.278053 0.006551 -0.003579 0.194986 0.096211 
0.463090 -0.036985 0.318901 0.329025 -0.023095 0.341784 0.309214 0.069450 0.146242 0.444844 0.054116 0.125911 -0.166927 0.192647 0.225412 -0.235678 0.275385 0.141047 -0.068457 0.286880 0.007696 0.003366 0.203502 0.090965 0.287540 1.450245 0.772180 0.223003 1.456299 0.784602 0.224650 1.473206 0.784916 0.289187 1.467152 0.772493 
0.481223 -0.030761 0.288227 0.349366 -0.017194 0.321685 0.313372 0.072968 0.127343 0.447003 0.057994 0.096318 -0.153990 0.194457 0.236918 -0.230078 0.277033 0.158932 -0.074202 0.291093 0.012704 0.004865 0.207916 0.089346 0.336040 1.525433 0.721928 0.272950 1.533827 0.739399 0.274474 1.550557 0.736863 0.337563 1.542163 0.719392 
0.499071 -0.024540 0.245857 0.370588 -0.012089 0.290880 0.316823 0.078061 0.100680 0.447299 0.064214 0.057921 -0.140338 0.196061 0.252295 -0.223583 0.278040 0.181305 -0.081286 0.293113 0.021925 0.004813 0.210554 0.091314 0.378076 1.568349 0.675261 0.316782 1.578901 0.697346 0.318079 1.595303 0.693108 0.379372 1.584751 0.671024 
0.514539 -0.017770 0.197086 0.390356 -0.007013 0.253234 0.319420 0.084353 0.069349 0.445798 0.072199 0.015268 -0.126114 0.198438 0.265219 -0.215544 0.280045 0.201719 -0.087692 0.295617 0.030578 0.004445 0.213440 0.092237 0.406430 1.586031 0.645197 0.346658 1.597324 0.670806 0.347644 1.613573 0.665941 0.407415 1.602280 0.640332 
0.523380 -0.015374 0.190000 0.400830 -0.004772 0.249658 0.324339 0.085628 0.067529 0.449147 0.073643 0.009881 -0.117476 0.199333 0.270571 -0.208440 0.281074 0.209467 -0.084657 0.297341 0.035424 0.008971 0.215039 0.094621 0.418907 1.587206 0.630983 0.359887 1.597681 0.658604 0.360537 1.613970 0.653817 0.419557 1.603495 0.626196 
0.526636 -0.014385 0.189466 0.404663 -0.003460 0.250237 0.326629 0.086688 0.068639 0.450877 0.074382 0.009859 -0.108963 0.198955 0.277006 -0.201150 0.279705 0.216419 -0.079281 0.295964 0.041030 0.015554 0.214662 0.099685 0.423528 1.580151 0.626643 0.364893 1.589206 0.655556 0.365289 1.605628 0.651217 0.423924 1.596573 0.622304 
0.530343 -0.012688 0.188932 0.408930 -0.001780 0.250818 0.329077 0.087838 0.069750 0.452785 0.075556 0.009836 -0.103116 0.199067 0.282736 -0.196248 0.279070 0.222604 -0.076071 0.295054 0.046026 0.019693 0.214503 0.104205 0.423713 1.572869 0.629214 0.365152 1.580674 0.658636 0.365399 1.597210 0.654742 0.423961 1.589405 0.625321 
0.535138 -0.010282 0.188525 0.414039 0.000130 0.251107 0.332741 0.089266 0.070444 0.456152 0.077492 0.009822 -0.099359 0.199433 0.286973 -0.193071 0.278876 0.227000 -0.073883 0.294508 0.049721 0.022452 0.214517 0.107729 0.422566 1.565844 0.636704 0.363867 1.572759 0.666074 0.364057 1.589377 0.662542 0.422756 1.582462 0.633172 
0.540196 -0.007497 0.188505 0.419142 0.002099 0.251303 0.336976 0.090883 0.070859 0.460355 0.079937 0.010016 -0.097298 0.199829 0.289706 -0.191274 0.278809 0.229535 -0.072298 0.294106 0.052085 0.024301 0.214578 0.110291 0.422515 1.556916 0.647134 0.363643 1.563337 0.676268 0.363887 1.580024 0.673085 0.422759 1.573604 0.643950 
0.543616 -0.005210 0.190478 0.422327 0.003758 0.252916 0.340243 0.092131 0.072233 0.463857 0.081825 0.011757 -0.096538 0.199959 0.290662 -0.190505 0.278533 0.229947 -0.070939 0.293666 0.052879 0.025659 0.214546 0.111640 0.423561 1.546257 0.659282 0.364543 1.552510 0.688157 0.364925 1.569256 0.685311 0.423943 1.563003 0.656436 
0.544484 -0.003800 0.195061 0.422588 0.004851 0.256350 0.341931 0.092804 0.074822 0.466138 0.082824 0.015517 -0.097345 0.199594 0.289111 -0.190956 0.277833 0.227422 -0.069771 0.293099 0.051470 0.026491 0.214319 0.111230 0.424805 1.533285 0.672337 0.365699 1.539521 0.701035 0.366262 1.556318 0.698545 0.425368 1.550082 0.669847 
0.543519 -0.002856 0.201198 0.420570 0.005423 0.260399 0.342787 0.093274 0.077573 0.468016 0.083672 0.020394 -0.100432 0.198785 0.284491 -0.193181 0.276809 0.221247 -0.069058 0.292464 0.047390 0.026376 0.213907 0.108750 0.425074 1.517248 0.686143 0.365903 1.523474 0.714709 0.366674 1.540319 0.712636 0.425845 1.534094 0.684070 
0.540905 -0.002322 0.208519 0.416511 0.005465 0.264691 0.343016 0.093592 0.080229 0.469644 0.084482 0.026133 -0.105505 0.197399 0.276515 -0.196876 0.275335 0.211191 -0.068547 0.291744 0.040486 0.025556 0.213287 0.103991 0.423411 1.498364 0.701169 0.364147 1.504561 0.729546 0.365148 1.521446 0.727950 0.424413 1.515249 0.699572 
0.536516 -0.002380 0.216491 0.410429 0.004837 0.268834 0.342438 0.093693 0.082621 0.470697 0.085147 0.032414 -0.112194 0.195477 0.265465 -0.201697 0.273515 0.197723 -0.068197 0.291060 0.031147 0.024096 0.212515 0.097154 0.418933 1.476940 0.718064 0.359499 1.483074 0.746099 0.360741 1.499985 0.745033 0.420175 1.493851 0.716998 
0.530176 -0.003097 0.224941 0.402250 0.003546 0.272695 0.340915 0.093518 0.084714 0.470937 0.085537 0.039165 -0.120269 0.193269 0.251567 -0.207413 0.271591 0.181129 -0.067977 0.290496 0.019642 0.022018 0.211684 0.088445 0.410719 1.452847 0.737115 0.350992 1.458840 0.764551 0.352472 1.475758 0.764077 0.412199 1.469766 0.736641 
0.521943 -0.006797 0.230997 0.392613 -0.000183 0.274814 0.337171 0.090452 0.085327 0.468526 0.082490 0.043775 -0.128971 0.189952 0.238270 -0.214010 0.269058 0.166155 -0.070111 0.289193 0.008785 0.017823 0.209608 0.079339 0.396977 1.427585 0.758099 0.336746 1.433289 0.784476 0.338415 1.450196 0.784632 0.398646 1.444492 0.758255 
0.513672 -0.011710 0.231812 0.383433 -0.005027 0.272837 0.332639 0.088354 0.083380 0.464846 0.080285 0.044647 -0.133153 0.187511 0.237982 -0.217010 0.265779 0.163605 -0.070357 0.284644 0.008639 0.016423 0.205886 0.081512 0.377602 1.403415 0.780501 0.316674 1.408565 0.805344 0.318418 1.425447 0.806124 0.379347 1.420297 0.781281 
0.509053 -0.011947 0.236599 0.377926 -0.005704 0.274763 0.331316 0.089412 0.085095 0.464360 0.081762 0.049251 -0.137657 0.187089 0.237292 -0.220099 0.264779 0.160758 -0.070520 0.282567 0.008483 0.014873 0.204377 0.083573 0.353853 1.379369 0.803732 0.292089 1.383720 0.826584 0.293840 1.400550 0.828112 0.355604 1.396199 0.805259 
0.506963 -0.008492 0.250267 0.374924 -0.002908 0.285257 0.332379 0.091695 0.094381 0.466286 0.084718 0.061759 -0.143452 0.188339 0.235890 -0.223940 0.265727 0.157008 -0.070722 0.282595 0.008289 0.012751 0.204697 0.085801 0.327964 1.357107 0.824751 0.265344 1.360709 0.845287 0.267052 1.377460 0.847558 0.329672 1.373858 0.827022 
0.503883 -0.004072 0.272273 0.370828 0.001038 0.303257 0.333408 0.093259 0.110154 0.468269 0.086793 0.081609 -0.150337 0.189738 0.233966 -0.228395 0.266755 0.152325 -0.070876 0.282620 0.008056 0.010204 0.205082 0.088417 0.303760 1.337517 0.840616 0.240462 1.340607 0.859051 0.242126 1.357261 0.861973 0.305424 1.354171 0.843539 
0.496928 -0.000818 0.297358 0.362963 0.004504 0.324100 0.331425 0.093528 0.128463 0.467120 0.086894 0.104236 -0.157087 0.190964 0.231794 -0.232695 0.267589 0.147521 -0.071032 0.282657 0.007822 0.007634 0.205504 0.090907 0.281780 1.323568 0.849739 0.217980 1.326389 0.866403 0.219605 1.342952 0.869820 0.283405 1.340132 0.853156 
0.487475 0.000507 0.318928 0.352811 0.006251 0.341780 0.326942 0.092888 0.144249 0.463264 0.085862 0.123976 -0.163165 0.191351 0.229389 -0.236595 0.267635 0.142909 -0.071239 0.282641 0.007595 0.005282 0.205832 0.092971 0.261363 1.321240 0.856029 0.197199 1.324153 0.871209 0.198793 1.340688 0.874775 0.262957 1.337775 0.859594 
0.476587 0.000325 0.334624 0.341360 0.006395 0.353767 0.321082 0.092543 0.155371 0.457893 0.085195 0.138855 -0.169592 0.191728 0.226648 -0.240616 0.267654 0.137876 -0.071449 0.282563 0.007345 0.002697 0.206113 0.095105 0.239863 1.327845 0.860954 0.175358 1.331049 0.874550 0.176902 1.347619 0.877973 0.241407 1.344414 0.864377 
0.464747 -0.000717 0.348045 0.329103 0.005845 0.363778 0.314168 0.092344 0.165061 0.451324 0.084494 0.151993 -0.176353 0.191778 0.223343 -0.244646 0.267711 0.132457 -0.071611 0.282563 0.007093 -0.000167 0.206106 0.097061 0.216195 1.338869 0.863619 0.151338 1.342346 0.875344 0.152807 1.358969 0.878536 0.217663 1.355491 0.866811 
0.452791 -0.001286 0.362931 0.316807 0.005735 0.375136 0.307313 0.092078 0.176017 0.444734 0.083766 0.166516 -0.182990 0.191831 0.219869 -0.248510 0.267770 0.126971 -0.071795 0.282564 0.006844 -0.003098 0.206098 0.098918 0.191679 1.353264 0.864822 0.126504 1.357019 0.874524 0.127892 1.373708 0.877390 0.193067 1.369953 0.867689 
0.441016 -0.001450 0.378576 0.304772 0.005922 0.387134 0.300792 0.091721 0.187593 0.438398 0.083063 0.181780 -0.189019 0.191787 0.216404 -0.251973 0.267740 0.121759 -0.071990 0.282705 0.006607 -0.005838 0.206228 0.100517 0.167968 1.367792 0.864695 0.102547 1.371813 0.872434 0.103875 1.388562 0.874959 0.169297 1.384540 0.867220 
0.429420 -0.001443 0.393377 0.293010 0.006170 0.398295 0.294481 0.091540 0.198536 0.432177 0.082644 0.196401 -0.194671 0.192004 0.212874 -0.255140 0.267989 0.116648 -0.072152 0.283234 0.006373 -0.008465 0.206729 0.101949 0.145930 1.380362 0.863746 0.080339 1.384625 0.869716 0.081633 1.401419 0.871940 0.147224 1.397156 0.865970 
0.417895 -0.001089 0.407838 0.281413 0.006700 0.409146 0.288249 0.091626 0.209310 0.425943 0.082559 0.210821 -0.199749 0.192605 0.209227 -0.257796 0.268640 0.111559 -0.071988 0.284390 0.006178 -0.010707 0.207843 0.103281 0.125126 1.390251 0.862612 0.059420 1.394714 0.866956 0.060695 1.411538 0.868951 0.126400 1.407075 0.864608 
0.406362 -0.000334 0.422295 0.269900 0.007594 0.420057 0.281983 0.091942 0.220224 0.419582 0.082742 0.225314 -0.204551 0.193123 0.206483 -0.260141 0.268962 0.107245 -0.071643 0.284977 0.006795 -0.012805 0.208632 0.105554 0.104370 1.398221 0.861695 0.038587 1.402837 0.864405 0.039845 1.419682 0.866232 0.105627 1.415065 0.863522 
0.394812 0.000821 0.436751 0.258457 0.008864 0.431053 0.275645 0.092483 0.231288 0.413063 0.083179 0.239870 -0.210063 0.193955 0.204900 -0.263095 0.269472 0.104030 -0.072116 0.285072 0.008317 -0.015823 0.209045 0.108792 0.082740 1.405119 0.861190 0.016917 1.409850 0.862178 0.018154 1.426710 0.863871 0.083977 1.421979 0.862883 
0.382794 0.002538 0.451792 0.246632 0.010812 0.442784 0.268776 0.093415 0.243084 0.405930 0.083892 0.255008 -0.215297 0.195189 0.204739 -0.265905 0.270233 0.102285 -0.072726 0.285266 0.010996 -0.018849 0.209708 0.113135 0.060082 1.411072 0.861084 -0.005742 1.415814 0.860240 -0.004548 1.432685 0.861854 0.061276 1.427943 0.862697 
0.371706 0.003109 0.465119 0.235816 0.011437 0.452693 0.262982 0.093059 0.253210 0.399789 0.083494 0.268581 -0.220683 0.195749 0.200342 -0.268937 0.271182 0.097040 -0.073825 0.286034 0.009927 -0.022299 0.210081 0.112982 0.037596 1.417316 0.863968 -0.028177 1.422096 0.861315 -0.027009 1.438984 0.862759 0.038765 1.434204 0.865412 
0.361634 0.000447 0.471212 0.226052 0.008906 0.455860 0.257601 0.091354 0.257364 0.394036 0.081646 0.275675 -0.224165 0.194362 0.193025 -0.270336 0.270617 0.089375 -0.073462 0.286407 0.006496 -0.024013 0.209637 0.109963 0.016354 1.417813 0.868984 -0.049329 1.422568 0.864615 -0.048199 1.439463 0.866013 0.017484 1.434707 0.870382 
0.353151 -0.003543 0.471858 0.217851 0.005120 0.454289 0.252789 0.089533 0.257191 0.388891 0.079591 0.277721 -0.227669 0.193263 0.188267 -0.271786 0.269820 0.083948 -0.073323 0.285795 0.004987 -0.025925 0.208723 0.109185 -0.001656 1.411002 0.875530 -0.067241 1.415683 0.869821 -0.066171 1.432568 0.871374 -0.000586 1.427887 0.877083 
0.346313 -0.007445 0.471375 0.211247 0.001478 0.452206 0.248685 0.087725 0.256365 0.384515 0.077494 0.278492 -0.230642 0.192087 0.185980 -0.273132 0.268606 0.080960 -0.073493 0.284390 0.004980 -0.027721 0.207353 0.109930 -0.016620 1.399491 0.882529 -0.082118 1.404018 0.875785 -0.081140 1.420882 0.877609 -0.015642 1.416354 0.884353 
0.341223 -0.010126 0.472440 0.206313 -0.000881 0.452346 0.245301 0.086070 0.257119 0.380951 0.075504 0.280172 -0.232054 0.191164 0.184483 -0.273792 0.267846 0.079280 -0.073559 0.284085 0.004980 -0.028537 0.206891 0.110137 -0.028397 1.384968 0.889088 -0.093821 1.389172 0.881467 -0.092995 1.406000 0.883661 -0.027571 1.401795 0.891282 
0.338639 -0.011128 0.474210 0.203822 -0.001718 0.453577 0.243695 0.085256 0.258540 0.379239 0.074523 0.282134 -0.232811 0.190760 0.183739 -0.274116 0.267569 0.078459 -0.073585 0.283864 0.004979 -0.028995 0.206543 0.110228 -0.035333 1.371093 0.893440 -0.100710 1.374926 0.885246 -0.100048 1.391708 0.887813 -0.034671 1.387875 0.896007 
0.338735 -0.011112 0.475183 0.203918 -0.001672 0.454565 0.243788 0.084947 0.259370 0.379332 0.074189 0.282951 -0.232656 0.190572 0.183889 -0.274044 0.267418 0.078668 -0.073584 0.283652 0.004979 -0.028913 0.206292 0.110164 -0.036545 1.361869 0.895377 -0.101918 1.365458 0.887043 -0.101358 1.382203 0.889863 -0.035985 1.378614 0.898197 
0.341030 -0.010708 0.474404 0.206118 -0.001255 0.454421 0.245075 0.084821 0.258801 0.380727 0.074059 0.281747 -0.231673 0.190500 0.184877 -0.273613 0.267248 0.079803 -0.073561 0.283311 0.004979 -0.028337 0.206048 0.110000 -0.031903 1.358650 0.894813 -0.097318 1.362146 0.886776 -0.096781 1.378877 0.889685 -0.031366 1.375380 0.897721 
0.345456 -0.009790 0.471476 0.210353 -0.000340 0.452827 0.247370 0.085330 0.256653 0.383243 0.074575 0.278260 -0.229725 0.190368 0.186531 -0.272775 0.267062 0.081867 -0.073506 0.283197 0.004996 -0.027174 0.205989 0.109573 -0.021796 1.360329 0.892654 -0.087291 1.363911 0.885340 -0.086697 1.380645 0.888217 -0.021202 1.377063 0.895532 
0.350790 -0.007450 0.469509 0.215475 0.001885 0.452404 0.250166 0.086940 0.255539 0.386287 0.076310 0.275597 -0.227412 0.191222 0.190154 -0.271723 0.267601 0.085787 -0.073352 0.283747 0.006630 -0.025759 0.206857 0.110874 -0.008443 1.366008 0.889761 -0.074032 1.369832 0.883479 -0.073320 1.386582 0.886234 -0.007731 1.382758 0.892516 
0.356583 -0.004407 0.469641 0.221079 0.004706 0.453970 0.253519 0.088426 0.256152 0.389862 0.078041 0.274775 -0.225633 0.192398 0.194853 -0.271085 0.268229 0.090576 -0.073636 0.283721 0.009021 -0.024904 0.207375 0.113139 0.006379 1.374234 0.885194 -0.059297 1.378313 0.880088 -0.058453 1.395090 0.882637 0.007223 1.391011 0.887743 
0.362936 -0.001785 0.468472 0.227241 0.007148 0.454440 0.257151 0.089660 0.255717 0.393723 0.079473 0.272699 -0.223292 0.193355 0.199202 -0.270060 0.268713 0.095165 -0.073672 0.283742 0.010998 -0.023628 0.207867 0.114837 0.021973 1.382880 0.879726 -0.043770 1.387208 0.875834 -0.042801 1.404010 0.878154 0.022941 1.399682 0.882046 
0.369641 0.000600 0.465773 0.233755 0.009506 0.453711 0.260729 0.090922 0.254118 0.397535 0.080778 0.269123 -0.220492 0.194494 0.204176 -0.268778 0.269306 0.100439 -0.073660 0.283799 0.013280 -0.022101 0.208468 0.116773 0.037858 1.390541 0.873578 -0.027934 1.395037 0.870893 -0.026871 1.411861 0.873014 0.038921 1.407364 0.875699 
0.377272 0.002261 0.461689 0.241209 0.011119 0.451783 0.264951 0.091521 0.251369 0.401982 0.081439 0.264210 -0.217404 0.195216 0.207967 -0.267388 0.269783 0.104860 -0.073769 0.283880 0.014359 -0.020516 0.208790 0.117168 0.053977 1.397540 0.868145 -0.011842 1.402195 0.866640 -0.010695 1.419037 0.868564 0.055124 1.414382 0.870069 
0.384936 0.003045 0.455329 0.248725 0.011818 0.447626 0.269166 0.092137 0.246816 0.406393 0.082143 0.257438 -0.214144 0.195685 0.211756 -0.265733 0.270029 0.109280 -0.073549 0.283932 0.015740 -0.018696 0.209066 0.117869 0.070621 1.402560 0.862896 0.004795 1.407343 0.862682 0.006014 1.424194 0.864470 0.071840 1.419411 0.864684 
0.392445 0.002845 0.446962 0.256125 0.011263 0.440971 0.273857 0.092177 0.240143 0.411232 0.082532 0.249036 -0.211478 0.195442 0.210197 -0.264413 0.270403 0.108862 -0.073491 0.284831 0.012849 -0.017298 0.209349 0.113789 0.087014 1.407627 0.860219 0.021228 1.412793 0.861436 0.022581 1.429655 0.863024 0.088368 1.424488 0.861807 
0.398592 0.001110 0.436823 0.262198 0.009380 0.432569 0.277346 0.091599 0.232058 0.414833 0.082085 0.239195 -0.208338 0.194324 0.209257 -0.262517 0.269651 0.108856 -0.072697 0.284832 0.010797 -0.015264 0.208991 0.110764 0.100448 1.408437 0.858971 0.034713 1.413847 0.861349 0.036154 1.430710 0.862843 0.101889 1.425300 0.860464 
0.403888 -0.000571 0.427752 0.267451 0.007682 0.425184 0.280157 0.090829 0.224887 0.417722 0.081319 0.230317 -0.205848 0.193553 0.208718 -0.261206 0.269241 0.109236 -0.072551 0.284795 0.009010 -0.013944 0.208594 0.108019 0.110476 1.405442 0.858982 0.044774 1.410838 0.862159 0.046233 1.427696 0.863692 0.111935 1.422299 0.860515 
0.408780 -0.002120 0.419337 0.272324 0.006167 0.418419 0.282668 0.090019 0.218281 0.420285 0.080464 0.222042 -0.203397 0.192830 0.208266 -0.259928 0.268867 0.109714 -0.072476 0.284767 0.007308 -0.012702 0.208219 0.105346 0.119117 1.400517 0.859656 0.053442 1.405798 0.863512 0.054892 1.422647 0.865143 0.120568 1.417366 0.861288 
0.413616 -0.003525 0.411045 0.277159 0.004776 0.411764 0.285154 0.089300 0.211800 0.422805 0.079722 0.213908 -0.201021 0.192258 0.208327 -0.258672 0.268511 0.110594 -0.072403 0.284632 0.006087 -0.011515 0.207870 0.103269 0.127385 1.394664 0.860546 0.061739 1.399789 0.865051 0.063174 1.416627 0.866811 0.128821 1.411501 0.862306 
0.418427 -0.004506 0.403333 0.281986 0.003772 0.405625 0.287699 0.088867 0.205825 0.425366 0.079303 0.206341 -0.198893 0.192200 0.209934 -0.257506 0.268328 0.112677 -0.072338 0.284094 0.006179 -0.010493 0.207453 0.102851 0.135841 1.388862 0.861297 0.070233 1.393828 0.866489 0.071656 1.410651 0.868383 0.137264 1.405686 0.863192 
0.423470 -0.004836 0.396563 0.287053 0.003303 0.400309 0.290579 0.088828 0.200642 0.428254 0.079399 0.199689 -0.196682 0.192206 0.211469 -0.256291 0.268275 0.114774 -0.072271 0.283817 0.006272 -0.009437 0.207231 0.102349 0.144338 1.384140 0.861672 0.078783 1.388982 0.867593 0.080205 1.405793 0.869594 0.145760 1.400952 0.863673 
0.428330 -0.004849 0.390586 0.291944 0.003097 0.395639 0.293461 0.088964 0.196094 0.431133 0.079725 0.193819 -0.194338 0.192048 0.212960 -0.255012 0.268083 0.116901 -0.072201 0.283583 0.006368 -0.008310 0.207032 0.101772 0.151709 1.380819 0.861697 0.086207 1.385550 0.868265 0.087628 1.402353 0.870338 0.153130 1.397622 0.863770 
0.432663 -0.004802 0.385280 0.296315 0.002960 0.391492 0.296043 0.089120 0.192068 0.433702 0.080063 0.188622 -0.192217 0.191882 0.214274 -0.253842 0.267892 0.118803 -0.072139 0.283362 0.006454 -0.007303 0.206836 0.101238 0.157537 1.378942 0.861472 0.092080 1.383566 0.868538 0.093494 1.400365 0.870648 0.158952 1.395741 0.863582 
0.436365 -0.004865 0.380736 0.300056 0.002735 0.387944 0.298243 0.089133 0.188631 0.435884 0.080237 0.184177 -0.190417 0.191525 0.215380 -0.252839 0.267510 0.120408 -0.072088 0.282930 0.006526 -0.006462 0.206429 0.100785 0.162285 1.377542 0.861189 0.096866 1.382072 0.868657 0.098272 1.398869 0.870790 0.163692 1.394339 0.863323 
0.439420 -0.004967 0.376985 0.303151 0.002497 0.385029 0.300044 0.089082 0.185813 0.437664 0.080320 0.180514 -0.188941 0.191111 0.216275 -0.252007 0.267077 0.121715 -0.072044 0.282443 0.006585 -0.005779 0.205960 0.100410 0.166264 1.376257 0.860970 0.100878 1.380712 0.868771 0.102279 1.397506 0.870926 0.167665 1.393052 0.863125 
0.441780 -0.005115 0.374043 0.305547 0.002255 0.382762 0.301404 0.088966 0.183619 0.439002 0.080296 0.177638 -0.187779 0.190735 0.216970 -0.251348 0.266691 0.122739 -0.072011 0.282015 0.006631 -0.005246 0.205542 0.100110 0.169627 1.375028 0.860825 0.104271 1.379429 0.868903 0.105670 1.396221 0.871078 0.171026 1.391820 0.863000 
0.443431 -0.005314 0.371893 0.307228 0.002007 0.381117 0.302323 0.088793 0.182024 0.439900 0.080172 0.175533 -0.186896 0.190459 0.217477 -0.250849 0.266412 0.123503 -0.071985 0.281731 0.006666 -0.004841 0.205261 0.099874 0.172397 1.373892 0.860733 0.107067 1.378262 0.869035 0.108468 1.395052 0.871228 0.173798 1.390682 0.862927 
0.444440 -0.005554 0.370525 0.308261 0.001758 0.380105 0.302831 0.088560 0.181033 0.440392 0.079948 0.174182 -0.186343 0.190180 0.217799 -0.250535 0.266133 0.123988 -0.071973 0.281439 0.006687 -0.004592 0.204968 0.099725 0.174583 1.372826 0.860727 0.109274 1.377186 0.869198 0.110682 1.393973 0.871409 0.175990 1.389612 0.862937 
0.444897 -0.005786 0.369729 0.308734 0.001543 0.379514 0.303014 0.088356 0.180456 0.440563 0.079728 0.173396 -0.186032 0.190031 0.217972 -0.250359 0.265981 0.124251 -0.071964 0.281294 0.006699 -0.004448 0.204825 0.099641 0.176087 1.372069 0.860719 0.110794 1.376436 0.869304 0.112208 1.393220 0.871526 0.177502 1.388854 0.862942 
0.444934 -0.005935 0.369484 0.308777 0.001417 0.379337 0.302975 0.088232 0.180281 0.440519 0.079579 0.173154 -0.185942 0.189994 0.218015 -0.250310 0.265944 0.124322 -0.071961 0.281273 0.006702 -0.004405 0.204805 0.099615 0.176760 1.371717 0.860720 0.111474 1.376095 0.869351 0.112894 1.392878 0.871579 0.178180 1.388500 0.862947 
0.444779 -0.005947 0.369680 0.308621 0.001416 0.379501 0.302871 0.088215 0.180437 0.440416 0.079552 0.173342 -0.186034 0.189953 0.217979 -0.250365 0.265875 0.124239 -0.071965 0.281188 0.006695 -0.004444 0.204748 0.099657 0.176637 1.371713 0.860754 0.111349 1.376097 0.869372 0.112770 1.392880 0.871599 0.178058 1.388496 0.862981 
0.444309 -0.005936 0.370340 0.308142 0.001450 0.380032 0.302591 0.088203 0.180942 0.440141 0.079517 0.173978 -0.186313 0.189967 0.217828 -0.250521 0.265892 0.124006 -0.071973 0.281188 0.006684 -0.004575 0.204745 0.099732 0.176036 1.371840 0.860825 0.110743 1.376236 0.869392 0.112165 1.393020 0.871618 0.177459 1.388623 0.863050 
0.443498 -0.005927 0.371457 0.307318 0.001500 0.380931 0.302105 0.088177 0.181799 0.439664 0.079451 0.175055 -0.186783 0.189980 0.217574 -0.250785 0.265910 0.123615 -0.071990 0.281180 0.006667 -0.004796 0.204731 0.099858 0.175025 1.372045 0.860948 0.109722 1.376464 0.869429 0.111146 1.393248 0.871652 0.176450 1.388828 0.863170 
0.442326 -0.005939 0.373009 0.306129 0.001549 0.382179 0.301392 0.088120 0.182988 0.438961 0.079333 0.176553 -0.187420 0.189964 0.217223 -0.251145 0.265900 0.123081 -0.072016 0.281148 0.006643 -0.005096 0.204694 0.100027 0.173668 1.372293 0.861122 0.108352 1.376747 0.869486 0.109781 1.393531 0.871705 0.175097 1.389077 0.863341 
0.440820 -0.005969 0.374952 0.304602 0.001603 0.383741 0.300463 0.088039 0.184479 0.438044 0.079170 0.178429 -0.188199 0.189956 0.216780 -0.251584 0.265898 0.122413 -0.072041 0.281136 0.006613 -0.005459 0.204675 0.100233 0.172009 1.372583 0.861340 0.106677 1.377082 0.869559 0.108112 1.393866 0.871773 0.173443 1.389367 0.863554 
0.439047 -0.006000 0.377220 0.302806 0.001667 0.385557 0.299376 0.087951 0.186216 0.436971 0.078988 0.180623 -0.189115 0.189965 0.216255 -0.252097 0.265913 0.121624 -0.072068 0.281137 0.006578 -0.005887 0.204668 0.100475 0.170051 1.372942 0.861583 0.104702 1.377495 0.869632 0.106143 1.394279 0.871840 0.171492 1.389726 0.863791 
0.437053 -0.006025 0.379769 0.300788 0.001748 0.387596 0.298156 0.087860 0.188168 0.435764 0.078792 0.183091 -0.190152 0.189981 0.215656 -0.252674 0.265938 0.120728 -0.072099 0.281138 0.006538 -0.006375 0.204661 0.100747 0.167821 1.373355 0.861852 0.102452 1.377966 0.869708 0.103901 1.394751 0.871909 0.169269 1.390140 0.864054 
0.434864 -0.006045 0.382549 0.298575 0.001843 0.389822 0.296812 0.087762 0.190301 0.434432 0.078581 0.185786 -0.191281 0.189998 0.214996 -0.253299 0.265965 0.119746 -0.072132 0.281140 0.006494 -0.006907 0.204653 0.101043 0.165366 1.373792 0.862151 0.099977 1.378466 0.869793 0.101433 1.395251 0.871988 0.166822 1.390577 0.864345 
0.432499 -0.006085 0.385476 0.296187 0.001927 0.392155 0.295355 0.087648 0.192543 0.432985 0.078345 0.188628 -0.192259 0.189885 0.214365 -0.253855 0.265861 0.118848 -0.072162 0.281135 0.006455 -0.007357 0.204640 0.101285 0.162774 1.374229 0.862463 0.097364 1.378972 0.869881 0.098829 1.395756 0.872069 0.164239 1.391014 0.864652 
0.430103 -0.006128 0.388399 0.293770 0.002010 0.394481 0.293875 0.087534 0.194783 0.431513 0.078107 0.191472 -0.193192 0.189749 0.213741 -0.254387 0.265740 0.117978 -0.072193 0.281143 0.006418 -0.007785 0.204634 0.101508 0.160100 1.374622 0.862794 0.094669 1.379429 0.869978 0.096141 1.396213 0.872162 0.161573 1.391406 0.864978 
0.427825 -0.006144 0.391194 0.291475 0.002107 0.396702 0.292477 0.087441 0.196925 0.430120 0.077901 0.194194 -0.194071 0.189689 0.213139 -0.254887 0.265697 0.117149 -0.072220 0.281235 0.006382 -0.008188 0.204712 0.101714 0.157377 1.374967 0.863135 0.091924 1.379829 0.870083 0.093403 1.396614 0.872263 0.158856 1.391752 0.865315 
0.425871 -0.006051 0.393795 0.289505 0.002280 0.398774 0.291317 0.087430 0.198924 0.428964 0.077812 0.196728 -0.194847 0.189711 0.212591 -0.255326 0.265748 0.116412 -0.072245 0.281419 0.006351 -0.008547 0.204868 0.101884 0.154611 1.375401 0.863440 0.089137 1.380299 0.870156 0.090616 1.397084 0.872332 0.156090 1.392186 0.865616 
0.424309 -0.005837 0.396168 0.287929 0.002532 0.400668 0.290455 0.087504 0.200750 0.428107 0.077850 0.199040 -0.195500 0.189941 0.212103 -0.255694 0.266029 0.115785 -0.072265 0.281840 0.006325 -0.008850 0.205239 0.102006 0.151781 1.376001 0.863669 0.086284 1.380914 0.870157 0.087758 1.397700 0.872327 0.153255 1.392788 0.865839 
0.423004 -0.005569 0.398299 0.286612 0.002814 0.402367 0.289768 0.087631 0.202393 0.427423 0.077966 0.201119 -0.196065 0.190234 0.211660 -0.256013 0.266383 0.115237 -0.072283 0.282337 0.006302 -0.009112 0.205676 0.102098 0.148982 1.376575 0.863897 0.083464 1.381488 0.870163 0.084930 1.398276 0.872327 0.150447 1.393363 0.866060 
0.421775 -0.005358 0.400208 0.285371 0.003033 0.403861 0.289131 0.087734 0.203849 0.426789 0.078063 0.202994 -0.196647 0.190469 0.211252 -0.256343 0.266664 0.114710 -0.072320 0.282710 0.006286 -0.009398 0.206005 0.102209 0.146314 1.377003 0.864113 0.080775 1.381907 0.870169 0.082231 1.398696 0.872330 0.147770 1.393792 0.866275 
0.420535 -0.005259 0.401884 0.284121 0.003138 0.405125 0.288486 0.087780 0.205099 0.426145 0.078103 0.204661 -0.197335 0.190586 0.210878 -0.256751 0.266805 0.114181 -0.072421 0.282850 0.006280 -0.009778 0.206121 0.102365 0.143875 1.377305 0.864289 0.078318 1.382199 0.870154 0.079765 1.398989 0.872315 0.145322 1.394095 0.866450 
0.419257 -0.005267 0.403376 0.282835 0.003143 0.406209 0.287805 0.087768 0.206189 0.425464 0.078078 0.206163 -0.198026 0.190620 0.210498 -0.257146 0.266840 0.113621 -0.072494 0.282860 0.006267 -0.010146 0.206129 0.102543 0.141728 1.377547 0.864413 0.076156 1.382437 0.870112 0.077596 1.399228 0.872271 0.143168 1.394338 0.866573 
0.417990 -0.005324 0.404743 0.281561 0.003102 0.407182 0.287118 0.087725 0.207178 0.424776 0.078019 0.207549 -0.198709 0.190638 0.210086 -0.257540 0.266864 0.113039 -0.072578 0.282862 0.006218 -0.010516 0.206124 0.102674 0.139890 1.377813 0.864481 0.074307 1.382710 0.870040 0.075743 1.399501 0.872196 0.141326 1.394605 0.866637 
0.416802 -0.005364 0.406046 0.280368 0.003082 0.408124 0.286467 0.087691 0.208130 0.424122 0.077966 0.208866 -0.199349 0.190672 0.209743 -0.257913 0.266901 0.112536 -0.072666 0.282868 0.006205 -0.010870 0.206128 0.102829 0.138317 1.378166 0.864507 0.072725 1.383078 0.869947 0.074161 1.399870 0.872097 0.139753 1.394958 0.866657 
0.415684 -0.005387 0.407295 0.279247 0.003083 0.409046 0.285838 0.087662 0.209054 0.423489 0.077912 0.210120 -0.199955 0.190731 0.209488 -0.258275 0.266956 0.112131 -0.072772 0.282880 0.006240 -0.011219 0.206143 0.103022 0.136876 1.378529 0.864533 0.071276 1.383461 0.869862 0.072713 1.400254 0.872004 0.138312 1.395322 0.866675 
0.414651 -0.005376 0.408508 0.278213 0.003124 0.409972 0.285239 0.087645 0.209971 0.422885 0.077866 0.211326 -0.200524 0.190822 0.209357 -0.258625 0.267033 0.111858 -0.072898 0.282891 0.006351 -0.011563 0.206167 0.103282 0.135475 1.378873 0.864587 0.069868 1.383825 0.869803 0.071306 1.400619 0.871939 0.136913 1.395667 0.866723 
0.413699 -0.005329 0.409697 0.277260 0.003207 0.410910 0.284670 0.087644 0.210887 0.422311 0.077830 0.212496 -0.201059 0.190947 0.209351 -0.258964 0.267132 0.111716 -0.073043 0.282903 0.006539 -0.011902 0.206203 0.103612 0.134088 1.379197 0.864679 0.068474 1.384168 0.869778 0.069912 1.400962 0.871908 0.135526 1.395991 0.866810 
0.412803 -0.005254 0.410873 0.276365 0.003315 0.411851 0.284135 0.087658 0.211802 0.421770 0.077811 0.213648 -0.201563 0.191077 0.209388 -0.259285 0.267232 0.111621 -0.073181 0.282912 0.006752 -0.012224 0.206242 0.103963 0.132758 1.379543 0.864747 0.067135 1.384532 0.869732 0.068574 1.401327 0.871857 0.134196 1.396338 0.866872 
0.411964 -0.005157 0.412030 0.275525 0.003440 0.412779 0.283642 0.087686 0.212703 0.421273 0.077813 0.214782 -0.202022 0.191198 0.209423 -0.259569 0.267321 0.111528 -0.073291 0.282923 0.006960 -0.012507 0.206284 0.104303 0.131444 1.379889 0.864808 0.065815 1.384893 0.869683 0.067253 1.401688 0.871804 0.132882 1.396684 0.866929 
0.411172 -0.005041 0.413168 0.274734 0.003577 0.413691 0.283188 0.087728 0.213589 0.420814 0.077836 0.215896 -0.202443 0.191312 0.209457 -0.259823 0.267401 0.111437 -0.073373 0.282936 0.007163 -0.012756 0.206330 0.104637 0.130131 1.380238 0.864866 0.064494 1.385253 0.869633 0.065931 1.402050 0.871749 0.131568 1.397034 0.866982 
0.410420 -0.004906 0.414290 0.273983 0.003727 0.414589 0.282768 0.087786 0.214463 0.420389 0.077880 0.216996 -0.202835 0.191419 0.209490 -0.260051 0.267472 0.111346 -0.073433 0.282947 0.007366 -0.012979 0.206378 0.104970 0.128802 1.380593 0.864921 0.063158 1.385618 0.869580 0.064594 1.402415 0.871691 0.130237 1.397391 0.867031 
0.409698 -0.004753 0.415409 0.273260 0.003889 0.415485 0.282374 0.087858 0.215335 0.419990 0.077944 0.218095 -0.203204 0.191522 0.209524 -0.260258 0.267535 0.111255 -0.073471 0.282958 0.007570 -0.013179 0.206428 0.105304 0.127444 1.380959 0.864973 0.061794 1.385989 0.869525 0.063227 1.402787 0.871630 0.128878 1.397757 0.867079 
0.408993 -0.004579 0.416545 0.272556 0.004066 0.416393 0.282000 0.087943 0.216220 0.419611 0.078026 0.219209 -0.203556 0.191620 0.209558 -0.260448 0.267591 0.111164 -0.073492 0.282969 0.007778 -0.013360 0.206480 0.105643 0.126039 1.381331 0.865026 0.060381 1.386365 0.869468 0.061811 1.403164 0.871568 0.127469 1.398130 0.867127 
0.408291 -0.004389 0.417708 0.271855 0.004258 0.417325 0.281634 0.088040 0.217128 0.419240 0.078124 0.220352 -0.203898 0.191718 0.209593 -0.260627 0.267644 0.111070 -0.073499 0.282980 0.007990 -0.013529 0.206536 0.105990 0.124560 1.381704 0.865084 0.058894 1.386739 0.869410 0.060320 1.403538 0.871506 0.125986 1.398504 0.867180 
0.407566 -0.004190 0.418910 0.271131 0.004457 0.418286 0.281257 0.088142 0.218066 0.418856 0.078227 0.221533 -0.204250 0.191818 0.209630 -0.260811 0.267698 0.110974 -0.073504 0.282992 0.008211 -0.013702 0.206594 0.106349 0.122993 1.382073 0.865149 0.057320 1.387106 0.869353 0.058741 1.403906 0.871445 0.124415 1.398874 0.867241 
0.406807 -0.003981 0.420162 0.270373 0.004666 0.419287 0.280861 0.088249 0.219044 0.418454 0.078335 0.222764 -0.204621 0.191923 0.209668 -0.261004 0.267754 0.110874 -0.073513 0.283003 0.008443 -0.013887 0.206653 0.106725 0.121333 1.382444 0.865220 0.055651 1.387473 0.869294 0.057067 1.404275 0.871382 0.122749 1.399245 0.867309 
0.406005 -0.003761 0.421480 0.269573 0.004886 0.420341 0.280442 0.088362 0.220073 0.418028 0.078450 0.224060 -0.205012 0.192033 0.209710 -0.261208 0.267814 0.110770 -0.073523 0.283013 0.008687 -0.014082 0.206714 0.107122 0.119576 1.382831 0.865293 0.053885 1.387856 0.869228 0.055295 1.404659 0.871313 0.120986 1.399634 0.867378 
0.405150 -0.003525 0.422879 0.268720 0.005121 0.421459 0.279995 0.088484 0.221166 0.417572 0.078573 0.225438 -0.205428 0.192151 0.209753 -0.261426 0.267876 0.110659 -0.073534 0.283024 0.008949 -0.014292 0.206780 0.107545 0.117718 1.383249 0.865364 0.052018 1.388270 0.869152 0.053422 1.405073 0.871233 0.119122 1.400052 0.867444 
0.404231 -0.003273 0.424375 0.267804 0.005374 0.422654 0.279513 0.088615 0.222335 0.417081 0.078707 0.226911 -0.205875 0.192276 0.209800 -0.261659 0.267943 0.110541 -0.073548 0.283036 0.009229 -0.014518 0.206850 0.107997 0.115749 1.383708 0.865429 0.050041 1.388726 0.869063 0.051439 1.405531 0.871138 0.117148 1.400513 0.867505 
0.403236 -0.003000 0.425984 0.266814 0.005646 0.423939 0.278991 0.088756 0.223594 0.416547 0.078850 0.228497 -0.206358 0.192412 0.209850 -0.261911 0.268016 0.110413 -0.073564 0.283048 0.009531 -0.014764 0.206925 0.108485 0.113655 1.384216 0.865488 0.047937 1.389233 0.868958 0.049330 1.406039 0.871027 0.115047 1.401022 0.867558 
0.402149 -0.002707 0.427721 0.265733 0.005938 0.425325 0.278416 0.088908 0.224953 0.415960 0.079004 0.230211 -0.206886 0.192561 0.209904 -0.262189 0.268096 0.110276 -0.073588 0.283061 0.009859 -0.015037 0.207006 0.109013 0.111413 1.384778 0.865541 0.045686 1.389794 0.868835 0.047072 1.406601 0.870897 0.112799 1.401585 0.867604 
0.400956 -0.002392 0.429604 0.264547 0.006255 0.426828 0.277782 0.089071 0.226428 0.415311 0.079168 0.232070 -0.207467 0.192723 0.209962 -0.262496 0.268185 0.110126 -0.073620 0.283074 0.010217 -0.015342 0.207094 0.109587 0.108996 1.385396 0.865587 0.043260 1.390412 0.868691 0.044640 1.407221 0.870746 0.110376 1.402204 0.867642 
0.399641 -0.002051 0.431653 0.263241 0.006598 0.428462 0.277078 0.089247 0.228034 0.414589 0.079344 0.234096 -0.208108 0.192902 0.210024 -0.262837 0.268283 0.109963 -0.073663 0.283089 0.010607 -0.015683 0.207188 0.110213 0.106375 1.386074 0.865626 0.040630 1.391092 0.868525 0.042004 1.407902 0.870572 0.107749 1.402884 0.867673 
0.398187 -0.001682 0.433888 0.261799 0.006971 0.430243 0.276296 0.089437 0.229786 0.413785 0.079533 0.236306 -0.208817 0.193099 0.210091 -0.263216 0.268393 0.109784 -0.073717 0.283105 0.011034 -0.016066 0.207291 0.110897 0.103519 1.386817 0.865659 0.037765 1.391838 0.868333 0.039132 1.408650 0.870370 0.104886 1.403629 0.867696 
0.396576 -0.001281 0.436330 0.260202 0.007377 0.432187 0.275423 0.089644 0.231702 0.412888 0.079738 0.238725 -0.209602 0.193317 0.210159 -0.263637 0.268514 0.109584 -0.073785 0.283122 0.011501 -0.016496 0.207403 0.111644 0.100397 1.387630 0.865684 0.034633 1.392654 0.868112 0.035993 1.409468 0.870138 0.101756 1.404444 0.867710 
0.394784 -0.000846 0.439000 0.258429 0.007817 0.434310 0.274447 0.089867 0.233798 0.411883 0.079959 0.241374 -0.210474 0.193554 0.210223 -0.264107 0.268648 0.109356 -0.073868 0.283141 0.012008 -0.016979 0.207525 0.112457 0.096975 1.388517 0.865703 0.031202 1.393546 0.867861 0.032554 1.410362 0.869876 0.098327 1.405333 0.867717 
0.392788 -0.000377 0.441919 0.256455 0.008293 0.436625 0.273355 0.090108 0.236089 0.410755 0.080196 0.244276 -0.211443 0.193814 0.210277 -0.264630 0.268796 0.109091 -0.073967 0.283162 0.012556 -0.017523 0.207657 0.113338 0.093216 1.389483 0.865716 0.027435 1.394519 0.867578 0.028779 1.411337 0.869580 0.094560 1.406301 0.867718 
0.390559 0.000128 0.445109 0.254254 0.008807 0.439148 0.272129 0.090368 0.238593 0.409487 0.080451 0.247453 -0.212521 0.194095 0.210314 -0.265212 0.268957 0.108779 -0.074085 0.283184 0.013145 -0.018135 0.207799 0.114293 0.089077 1.390532 0.865724 0.023288 1.395575 0.867260 0.024624 1.412395 0.869248 0.090413 1.407352 0.867712 
0.388067 0.000672 0.448595 0.251797 0.009360 0.441896 0.270752 0.090648 0.241330 0.408059 0.080725 0.250935 -0.213722 0.194401 0.210324 -0.265861 0.269132 0.108409 -0.074225 0.283208 0.013778 -0.018825 0.207953 0.115323 0.084509 1.391666 0.865728 0.018713 1.396718 0.866904 0.020040 1.413541 0.868876 0.085836 1.408489 0.867700 
0.385276 0.001256 0.452406 0.249050 0.009955 0.444888 0.269203 0.090950 0.244320 0.406449 0.081020 0.254752 -0.215058 0.194731 0.210299 -0.266583 0.269322 0.107970 -0.074388 0.283235 0.014453 -0.019601 0.208119 0.116433 0.079457 1.392888 0.865726 0.013656 1.397951 0.866504 0.014974 1.414776 0.868460 0.080774 1.409713 0.867683 
0.382159 0.001890 0.456576 0.245986 0.010600 0.448153 0.267466 0.091277 0.247595 0.404639 0.081341 0.258940 -0.216541 0.195088 0.210241 -0.267382 0.269527 0.107461 -0.074577 0.283264 0.015183 -0.020471 0.208298 0.117636 0.073857 1.394200 0.865716 0.008053 1.399274 0.866053 0.009361 1.416102 0.867992 0.075165 1.411029 0.867656 
0.378512 0.001979 0.460768 0.242411 0.010774 0.451329 0.265422 0.091018 0.250767 0.402501 0.081002 0.263138 -0.218216 0.195136 0.208879 -0.268365 0.269665 0.105824 -0.074983 0.283301 0.014746 -0.021568 0.208244 0.117494 0.067440 1.395521 0.866558 0.001636 1.400607 0.866360 0.002931 1.417439 0.868272 0.068735 1.412354 0.868470 
0.374921 0.001272 0.462981 0.238893 0.010218 0.452672 0.263280 0.090574 0.252318 0.400266 0.080404 0.265564 -0.219458 0.194859 0.207156 -0.268996 0.269556 0.103927 -0.075073 0.283365 0.014033 -0.022267 0.208140 0.116973 0.061103 1.394803 0.868140 -0.004699 1.399859 0.867446 -0.003426 1.416691 0.869380 0.062376 1.411634 0.870073 
