0.006466 0.000388 0.999979 -0.000079 0.001230 0.999999 -0.000058 0.001376 0.999999 0.006472 0.000428 0.999979 
0.004694 0.000281 0.999989 -0.000067 0.001040 0.999999 -0.000048 0.001146 0.999999 0.004699 0.000310 0.999989 
0.004228 0.000253 0.999991 -0.000061 0.000954 1.000000 -0.000044 0.001050 0.999999 0.004232 0.000280 0.999991 
0.003820 0.000229 0.999993 -0.000057 0.000879 1.000000 -0.000040 0.000965 1.000000 0.003824 0.000253 0.999993 
0.003464 0.000208 0.999994 0.000109 -0.001688 0.999999 0.000068 -0.001612 0.999999 0.003452 0.000228 0.999994 
0.002345 0.000141 0.999997 0.000209 -0.003236 0.999995 0.000134 -0.003187 0.999995 0.002324 0.000154 0.999997 
0.003681 0.000220 0.999993 0.000134 -0.002093 0.999998 0.000084 -0.002013 0.999998 0.003666 0.000242 0.999993 
0.002666 0.000160 0.999996 0.000144 -0.002234 0.999997 0.000091 -0.002176 0.999998 0.002651 0.000175 0.999996 
0.002414 0.000145 0.999997 0.000132 -0.002058 0.999998 0.000084 -0.002007 0.999998 0.002400 0.000158 0.999997 
0.003010 0.000180 0.999995 0.000192 -0.002988 0.999996 0.000122 -0.002924 0.999996 0.002990 0.000197 0.999996 
0.000172 0.000010 1.000000 0.000358 -0.005577 0.999984 0.000233 -0.005579 0.999984 0.000138 0.000009 1.000000 
0.000169 0.000010 1.000000 0.000570 -0.008897 0.999960 0.000372 -0.008903 0.999960 0.000115 0.000008 1.000000 
0.000271 0.000016 1.000000 0.000659 -0.010270 0.999947 0.000430 -0.010275 0.999947 0.000208 0.000014 1.000000 
0.000335 0.000020 1.000000 0.000696 -0.010896 0.999940 0.000453 -0.010899 0.999940 0.000268 0.000018 1.000000 
0.000292 0.000017 1.000000 0.000782 -0.012243 0.999925 0.000509 -0.012249 0.999925 0.000217 0.000014 1.000000 
0.000265 0.000016 1.000000 0.000931 -0.014562 0.999894 0.000605 -0.014571 0.999894 0.000175 0.000012 1.000000 
0.000247 0.000015 1.000000 0.001136 -0.017776 0.999841 0.000739 -0.017789 0.999841 0.000139 0.000009 1.000000 
0.000236 0.000014 1.000000 0.001482 -0.023191 0.999730 0.000964 -0.023210 0.999730 0.000094 0.000006 1.000000 
0.000229 0.000014 1.000000 0.001943 -0.030382 0.999536 0.001264 -0.030408 0.999537 0.000043 0.000003 1.000000 
0.000227 0.000014 1.000000 0.002402 -0.037539 0.999292 0.001563 -0.037572 0.999293 -0.000003 -0.000000 1.000000 
0.000225 0.000013 1.000000 0.002943 -0.046120 0.998932 0.001912 -0.046162 0.998932 -0.000057 -0.000004 1.000000 
0.000228 0.000014 1.000000 0.003443 -0.054003 0.998535 0.002236 -0.054053 0.998536 -0.000102 -0.000007 1.000000 
0.000235 0.000014 1.000000 0.004416 -0.069592 0.997566 0.002859 -0.069657 0.997567 -0.000191 -0.000012 1.000000 
0.000250 0.000014 1.000000 0.004948 -0.081102 0.996694 0.003131 -0.081174 0.996695 -0.000246 -0.000015 1.000000 
0.005909 0.000326 0.999982 0.005623 -0.095207 0.995442 0.003484 -0.095163 0.995456 0.005324 0.000327 0.999986 
0.005382 0.000252 0.999985 0.005116 -0.101138 0.994859 0.002844 -0.101092 0.994873 0.004762 0.000252 0.999989 
0.005935 0.000193 0.999982 0.004015 -0.110632 0.993853 0.001530 -0.110545 0.993870 0.005257 0.000203 0.999986 
0.007407 0.000209 0.999973 0.003680 -0.116075 0.993234 0.001072 -0.115945 0.993255 0.006696 0.000229 0.999978 
0.006836 0.000221 0.999977 0.004147 -0.115304 0.993322 0.001555 -0.115198 0.993341 0.006130 0.000236 0.999981 
0.006219 0.000220 0.999981 0.004336 -0.111128 0.993797 0.001839 -0.111042 0.993814 0.005538 0.000229 0.999985 
0.005672 0.000207 0.999984 0.004586 -0.114052 0.993464 0.002022 -0.113983 0.993481 0.004973 0.000212 0.999988 
0.007652 0.000287 0.999971 0.004913 -0.120027 0.992758 0.002213 -0.119919 0.992781 0.006916 0.000301 0.999976 
0.010586 0.000397 0.999944 0.005213 -0.128713 0.991668 0.002313 -0.128542 0.991701 0.009796 0.000427 0.999952 
0.032341 0.001282 0.999476 0.005819 -0.148588 0.988882 0.002457 -0.147937 0.988994 0.031424 0.001436 0.999505 
0.050411 0.001427 0.998728 0.003955 -0.161784 0.986818 0.000301 -0.160683 0.987006 0.049413 0.001698 0.998777 
0.036039 0.000563 0.999350 -0.065456 -0.100652 0.992766 0.014607 -0.017439 0.999741 -0.002111 -0.149076 0.988823 0.062337 -0.037661 0.997344 0.021077 -0.024315 0.999482 
0.021278 0.000124 0.999774 -0.061853 -0.093260 0.993719 0.030571 -0.036017 0.998883 -0.002765 -0.130148 0.991491 0.055573 -0.034377 0.997863 0.036857 -0.041820 0.998445 
0.018191 0.000547 0.999834 -0.046945 -0.073746 0.996172 0.039754 -0.046557 0.998124 0.000435 -0.123420 0.992354 0.044830 -0.026757 0.998636 0.041876 -0.047386 0.997998 
0.018020 0.001114 0.999837 -0.024043 -0.040355 0.998896 0.039271 -0.046346 0.998153 0.004464 -0.126987 0.991894 0.030552 -0.017152 0.999386 0.030736 -0.035333 0.998903 
0.021365 0.001593 0.999770 -0.014786 -0.025528 0.999565 0.031831 -0.037059 0.998806 0.005829 -0.122614 0.992437 0.016543 -0.009045 0.999822 0.022343 -0.025372 0.999428 
0.021444 0.001699 0.999769 -0.010497 -0.018314 0.999777 0.024181 -0.027810 0.999321 0.005811 -0.110660 0.993841 0.008898 -0.004817 0.999949 0.015436 -0.017306 0.999731 
0.008058 0.000715 0.999967 -0.000122 -0.000214 1.000000 0.017769 -0.020369 0.999635 0.006003 -0.094266 0.995529 0.001375 -0.000744 0.999999 0.002377 -0.002654 0.999994 
-0.000686 -0.000064 1.000000 0.000664 0.001164 0.999999 0.012457 -0.014249 0.999821 0.005004 -0.073066 0.997315 -0.006495 0.003498 0.999973 -0.000604 0.000672 1.000000 
-0.000492 -0.000046 1.000000 0.004392 0.007724 0.999961 0.004914 -0.005567 0.999972 0.003266 -0.047666 0.998858 -0.016813 0.009028 0.999818 -0.003659 0.004030 0.999985 
-0.000364 -0.000034 1.000000 0.001300 0.002293 0.999997 -0.004340 0.004745 0.999979 0.002076 -0.030294 0.999539 -0.027776 0.014869 0.999504 -0.005591 0.005925 0.999967 
-0.000251 -0.000023 1.000000 -0.000701 -0.001247 0.999999 -0.014136 0.014959 0.999788 0.000926 -0.013515 0.999908 -0.034647 0.018394 0.999230 -0.009569 0.009789 0.999906 
-0.000020 -0.000002 1.000000 0.000248 0.000443 1.000000 -0.022909 0.023797 0.999454 0.000023 -0.000332 1.000000 -0.039928 0.021052 0.998981 -0.015440 0.015482 0.999761 
0.000167 0.000016 1.000000 0.004126 0.007398 0.999964 -0.029911 0.031066 0.999070 -0.000026 0.000365 1.000000 -0.045258 0.023807 0.998692 -0.024451 0.024512 0.999400 
0.000117 0.000011 1.000000 0.011459 0.020458 0.999725 -0.038392 0.040514 0.998441 -0.000027 0.000381 1.000000 -0.055072 0.029023 0.998060 -0.036819 0.037556 0.998616 
-0.003369 -0.000322 0.999994 0.020437 0.036234 0.999134 -0.048210 0.052078 0.997479 -0.000310 0.004336 0.999991 -0.067657 0.035758 0.997068 -0.051312 0.053681 0.997239 
-0.007062 -0.000674 0.999975 0.029832 0.052477 0.998176 -0.057672 0.063801 0.996295 -0.000597 0.008383 0.999965 -0.080917 0.042864 0.995799 -0.065258 0.070051 0.995407 
-0.004334 -0.000411 0.999991 0.038821 0.067639 0.996954 -0.066190 0.074711 0.995006 -0.000776 0.011013 0.999939 -0.091672 0.048733 0.994596 -0.076421 0.083801 0.993548 
-0.003943 -0.000374 0.999992 0.046585 0.080609 0.995657 -0.072203 0.082590 0.993965 -0.000988 0.014022 0.999901 -0.098673 0.052527 0.993733 -0.085558 0.095128 0.991782 
-0.003583 -0.000340 0.999994 0.052691 0.090891 0.994466 -0.077176 0.088541 0.993078 -0.001593 0.022598 0.999743 -0.103433 0.054977 0.993116 -0.091965 0.102538 0.990469 
0.005817 0.000636 0.999983 0.055761 0.094732 0.993940 -0.062286 0.072779 0.995401 -0.001625 0.019091 0.999816 -0.110937 0.059680 0.992034 -0.073576 0.083533 0.993785 
0.020597 0.002347 0.999785 0.058476 0.096976 0.993567 -0.044844 0.052621 0.997607 -0.001082 0.012039 0.999927 -0.123023 0.067527 0.990104 -0.049195 0.056039 0.997216 
0.055050 0.004791 0.998472 0.057989 0.093309 0.993947 -0.020721 0.023593 0.999507 -0.000388 0.006152 0.999981 -0.139570 0.078726 0.987078 -0.007985 0.008814 0.999929 
0.092398 0.010897 0.995663 0.057664 0.090983 0.994182 0.000670 -0.000749 0.999999 -0.002318 0.024204 0.999704 -0.156260 0.089560 0.983647 0.033007 -0.035714 0.998817 
0.139096 0.010354 0.990225 0.025789 0.044540 0.998675 0.018971 -0.020839 0.999603 -0.000825 0.015774 0.999875 -0.117073 0.062990 0.991124 0.066560 -0.071911 0.995188 
0.161065 0.007004 0.986919 0.006498 0.011214 0.999916 0.044277 -0.049166 0.997809 -0.000458 -0.134870 0.990863 -0.110953 0.060507 0.991982 0.080720 -0.088073 0.992838 
0.164220 0.004534 0.986413 -0.000798 -0.001394 0.999999 0.067415 -0.075844 0.994838 -0.008814 -0.234004 0.972196 -0.104980 0.056812 0.992850 0.091012 -0.100952 0.990720 
0.105214 0.004350 0.994440 0.004037 0.007309 0.999965 0.050261 -0.057265 0.997093 -0.000988 -0.199549 0.979887 -0.122405 0.063589 0.990441 0.065658 -0.073824 0.995108 
0.021409 0.001154 0.999770 0.011249 0.021748 0.999700 0.009465 -0.011274 0.999892 0.004213 -0.162509 0.986698 -0.132362 0.063837 0.989144 0.006730 -0.007959 0.999946 
-0.000905 -0.000048 1.000000 0.017606 0.034498 0.999250 -0.008511 0.010375 0.999910 0.003338 -0.114959 0.993365 -0.151874 0.071659 0.985799 -0.010158 0.012307 0.999873 
-0.000590 -0.000031 1.000000 0.030294 0.059007 0.997798 -0.021249 0.025786 0.999442 0.001929 -0.066222 0.997803 -0.178575 0.083275 0.980396 -0.018066 0.021770 0.999600 
0.000123 0.000007 1.000000 0.044019 0.085502 0.995365 -0.040428 0.048397 0.998010 0.000385 -0.012584 0.999921 -0.207495 0.094653 0.973646 -0.031940 0.037958 0.998769 
-0.000010 -0.000001 1.000000 0.061885 0.120336 0.990802 -0.061434 0.072874 0.995447 -0.001204 0.037675 0.999289 -0.232894 0.102313 0.967105 -0.051184 0.060336 0.996865 
-0.005300 -0.000309 0.999986 0.086562 0.166310 0.982267 -0.090451 0.107422 0.990090 -0.003249 0.097071 0.995272 -0.258265 0.108759 0.959932 -0.081847 0.096701 0.991942 
-0.008478 -0.000510 0.999964 0.116407 0.218428 0.968885 -0.123306 0.148280 0.981228 -0.005310 0.154245 0.988018 -0.277567 0.111925 0.954164 -0.119427 0.142907 0.982504 
-0.007855 -0.000456 0.999969 0.148363 0.267020 0.952202 -0.158072 0.191756 0.968629 -0.006626 0.208720 0.977953 -0.293067 0.114932 0.949159 -0.158872 0.191528 0.968544 
-0.010740 -0.000447 0.999942 0.175740 0.300131 0.937570 -0.199074 0.236342 0.951058 -0.003658 0.267577 0.963530 -0.320462 0.122868 0.939259 -0.198235 0.233997 0.951813 
-0.019082 -0.000431 0.999818 0.205978 0.332468 0.920347 -0.239204 0.278252 0.930246 0.003028 0.322868 0.946439 -0.352446 0.129802 0.926787 -0.237273 0.274791 0.931768 
-0.022392 -0.000352 0.999749 0.243928 0.370170 0.896367 -0.271678 0.314125 0.909679 0.007235 0.374768 0.927090 -0.375144 0.131314 0.917619 -0.272918 0.313566 0.909501 
-0.008897 -0.000076 0.999960 0.287018 0.409773 0.865856 -0.298896 0.339090 0.892008 0.009746 0.434103 0.900811 -0.382919 0.127628 0.914923 -0.302184 0.339864 0.890605 
0.016242 -0.000100 0.999868 0.331254 0.446484 0.831218 -0.329833 0.357953 0.873544 0.012115 0.492472 0.870244 -0.386730 0.121292 0.914181 -0.332084 0.357449 0.872898 
0.030490 -0.000359 0.999535 0.374289 0.479119 0.793947 -0.360819 0.371393 0.855498 0.011285 0.553128 0.833020 -0.389857 0.112449 0.913984 -0.363705 0.370853 0.854510 
0.040570 -0.000334 0.999177 0.419025 0.508139 0.752471 -0.390942 0.380696 0.837995 0.004293 0.618048 0.786129 -0.388181 0.102320 0.915886 -0.396362 0.380649 0.835466 
0.055600 -0.000543 0.998453 -0.428310 0.385596 0.817231 -0.006290 0.682075 0.731255 -0.434850 0.384777 0.814157 0.470618 0.530955 0.704703 -0.387457 0.091252 0.917360 
0.073106 -0.001190 0.997323 -0.471897 0.381632 0.794777 -0.021897 0.744425 0.667347 -0.478037 0.379398 0.792173 0.529423 0.543922 0.651045 -0.386182 0.078774 0.919053 
0.101158 -0.002589 0.994867 -0.519758 0.365214 0.772315 -0.057541 0.802366 0.594052 -0.522364 0.361946 0.772096 0.594457 0.541811 0.594190 -0.382604 0.065813 0.921566 
0.181646 -0.002349 0.983361 -0.511339 0.342649 0.788114 -0.156604 0.787417 0.596196 -0.528879 0.335221 0.779688 0.619406 0.587215 0.521071 -0.313083 0.054242 0.948176 
0.242007 -0.004673 0.970263 -0.488102 0.294513 0.821595 -0.216156 0.768332 0.602447 -0.498106 0.289106 0.817501 0.575205 0.657550 0.486588 -0.256721 0.040114 0.965653 
0.302046 -0.004783 0.953281 -0.464353 0.263409 0.845572 -0.270975 0.736242 0.620097 -0.475607 0.257612 0.841091 0.531587 0.718854 0.447956 -0.201532 0.029887 0.979026 
0.352494 -0.001180 0.935813 -0.432796 0.231489 0.871264 -0.323663 0.703853 0.632324 -0.443159 0.226230 0.867427 0.456359 0.783934 0.420932 -0.146592 0.020229 0.988990 
0.408134 0.000839 0.912921 0.363669 0.845724 0.390508 -0.399170 0.201703 0.894416 -0.367821 0.665032 0.649954 -0.088695 0.011507 0.995992 -0.409307 0.196713 0.890939 
0.466150 0.002316 0.884703 0.233301 0.901112 0.365469 -0.357525 0.171446 0.918032 -0.406282 0.621265 0.670048 -0.024594 0.003065 0.999693 -0.366805 0.167042 0.915178 
0.506702 0.008048 0.862084 0.110241 0.921937 0.371320 -0.317079 0.146939 0.936947 -0.411994 0.585303 0.698342 0.023186 -0.002621 0.999728 -0.324866 0.143616 0.934792 
0.525001 0.017605 0.850919 0.047630 0.916851 0.396378 -0.287595 0.132173 0.948588 -0.401027 0.563593 0.722177 0.048039 -0.004973 0.998833 -0.293956 0.129771 0.946968 
0.532961 0.018183 0.845944 0.029677 0.902086 0.430535 -0.260145 0.117422 0.958403 -0.395454 0.557040 0.730289 0.057518 -0.005674 0.998328 -0.258871 0.115896 0.958934 
0.567191 0.017377 0.823403 -0.040233 0.895636 0.442964 -0.223929 0.099530 0.969510 -0.393923 0.532262 0.749347 0.097171 -0.009714 0.995220 -0.220181 0.098095 0.970514 
-0.160878 -0.418620 0.893798 0.187395 -0.017579 0.982127 0.032959 -0.285069 0.957940 -0.394394 0.474631 0.786879 0.166486 -0.017248 0.985893 -0.192891 0.083909 0.977626 
-0.143178 -0.361391 0.921356 0.262407 -0.034911 0.964326 0.023952 -0.262253 0.964702 -0.386544 0.419508 0.821338 0.243450 -0.025049 0.969590 -0.141409 0.059460 0.988164 
-0.128608 -0.312761 0.941085 0.327791 -0.031765 0.944216 -0.064611 0.026323 0.997563 -0.369982 0.364356 0.854610 0.329768 -0.056771 0.942353 0.018898 -0.254071 0.967001 
-0.118806 -0.281312 0.952233 0.409174 -0.035443 0.911768 0.020031 -0.007968 0.999768 -0.343106 0.313095 0.885579 0.381267 -0.072034 0.921654 0.017377 -0.262792 0.964696 
-0.115085 -0.269600 0.956071 0.434752 -0.037611 0.899764 0.034908 -0.013746 0.999296 -0.332454 0.298744 0.894554 0.412059 -0.073135 0.908217 0.016619 -0.259136 0.965698 
-0.113423 -0.265502 0.957415 0.442747 -0.039654 0.895769 0.045059 -0.017757 0.998826 -0.333371 0.292014 0.896433 0.432937 -0.066853 0.898942 0.016479 -0.258465 0.965880 
-0.113189 -0.265646 0.957403 0.450865 -0.040509 0.891673 0.053931 -0.021154 0.998321 -0.333646 0.286613 0.898072 0.441871 -0.058886 0.895144 0.017377 -0.261698 0.964993 
0.018882 -0.267605 0.963344 0.456083 -0.039210 0.889073 0.441947 -0.052059 0.895529 -0.114430 -0.269168 0.956271 0.060583 -0.023519 0.997886 -0.334624 0.283675 0.898641 
0.020451 -0.275340 0.961129 0.457911 -0.036299 0.888257 0.438831 -0.047856 0.897294 -0.117402 -0.275172 0.954200 0.064698 -0.024771 0.997597 -0.336940 0.283174 0.897933 
0.021614 -0.283237 0.958806 0.455470 -0.033678 0.889614 0.435073 -0.046098 0.899214 -0.121858 -0.283177 0.951295 0.063500 -0.024011 0.997693 -0.340698 0.284887 0.895971 
0.022275 -0.290578 0.956592 0.447187 -0.031737 0.893877 0.432423 -0.045622 0.900516 -0.127871 -0.293388 0.947403 0.055162 -0.020661 0.998264 -0.346233 0.289378 0.892403 
0.022821 -0.298062 0.954274 0.432063 -0.029091 0.901374 0.430437 -0.045284 0.901484 -0.135718 -0.306297 0.942212 0.040604 -0.015070 0.999062 -0.354005 0.297802 0.886563 
0.023500 -0.306144 0.951695 0.410076 -0.025670 0.911690 0.427632 -0.044718 0.902846 -0.145381 -0.322336 0.935395 0.019950 -0.007335 0.999774 -0.363542 0.310087 0.878455 
0.024526 -0.315422 0.948634 0.382250 -0.021880 0.923800 0.422527 -0.043604 0.905301 -0.156684 -0.341671 0.926667 -0.005689 0.002075 0.999982 -0.373484 0.325641 0.868601 
0.026129 -0.326198 0.944940 0.348840 -0.018114 0.937007 0.413618 -0.041500 0.909504 -0.169469 -0.364483 0.915659 -0.035699 0.012962 0.999279 -0.383208 0.344412 0.857048 
0.028814 -0.339161 0.940287 0.320091 -0.016371 0.947245 0.397868 -0.037676 0.916669 -0.181559 -0.388191 0.903518 -0.061713 0.022496 0.997840 -0.386229 0.359281 0.849555 
0.033329 -0.355313 0.934153 0.299688 -0.015377 0.953913 0.375065 -0.031701 0.926456 -0.188371 -0.407988 0.893343 -0.059123 0.022036 0.998007 -0.397725 0.371217 0.839055 
0.040360 -0.370366 0.928009 0.278847 -0.013275 0.960244 0.345399 -0.024334 0.938141 -0.194567 -0.429981 0.881624 -0.063615 0.023788 0.997691 -0.407424 0.383939 0.828611 
0.048644 -0.379280 0.924002 0.255716 -0.010814 0.966692 0.310641 -0.017866 0.950359 -0.199585 -0.451911 0.869450 -0.083492 0.030803 0.996032 -0.415934 0.399917 0.816741 
0.055551 -0.380190 0.923239 0.226471 -0.008698 0.973979 0.278974 -0.013619 0.960202 -0.203202 -0.470952 0.858436 -0.116636 0.042231 0.992276 -0.425095 0.419424 0.802108 
-0.204092 -0.485239 0.850229 0.252233 -0.011152 0.967602 0.059570 -0.374105 0.925471 -0.432961 0.438788 0.787407 0.195457 -0.007764 0.980682 -0.155125 0.055619 0.986328 
-0.200864 -0.495048 0.845329 0.229774 -0.010431 0.973188 0.061324 -0.365258 0.928884 -0.438692 0.455737 0.774502 0.167010 -0.007124 0.985929 -0.189055 0.067821 0.979622 
-0.194206 -0.502338 0.842580 0.205737 -0.010221 0.978554 0.062378 -0.356503 0.932210 -0.443592 0.474211 0.760493 0.139885 -0.006278 0.990148 -0.214085 0.077653 0.973724 
-0.184968 -0.507853 0.841351 0.177403 -0.009513 0.984092 -0.444561 0.494295 0.747019 -0.142432 0.904167 0.402734 0.087517 -0.476048 0.875054 0.114945 -0.005560 0.993356 -0.236805 0.087110 0.967644 
-0.174133 -0.511635 0.841372 0.146744 -0.008454 0.989138 -0.443903 0.514492 0.733654 -0.086478 0.912924 0.398863 0.090587 -0.462960 0.881738 0.089158 -0.004603 0.996007 -0.261958 0.097538 0.960138 
-0.163210 -0.514066 0.842080 0.117028 -0.007194 0.993103 -0.441788 0.533014 0.721609 -0.028445 0.918345 0.394758 0.092814 -0.448885 0.888757 0.062508 -0.003382 0.998039 -0.288137 0.108455 0.951428 
-0.153325 -0.516025 0.842739 0.090259 -0.005867 0.995901 -0.438292 0.550753 0.710332 0.030135 0.919134 0.392790 0.094411 -0.435525 0.895212 0.035916 -0.002005 0.999353 -0.312843 0.119210 0.942294 
-0.144443 -0.518330 0.842894 0.065663 -0.004460 0.997832 -0.433511 0.567856 0.699720 0.088089 0.915595 0.392334 0.095686 -0.423105 0.901014 0.009551 -0.000545 0.999954 -0.337092 0.130241 0.932420 
-0.135718 -0.520604 0.842942 0.040965 -0.002875 0.999156 -0.429141 0.585461 0.687803 0.144524 0.908222 0.392741 0.096923 -0.411309 0.906328 -0.016341 0.000949 0.999866 -0.360083 0.140807 0.922233 
-0.127024 -0.522658 0.843026 0.014930 -0.001073 0.999888 -0.424035 0.603813 0.674985 0.198879 0.897408 0.393835 0.098298 -0.399900 0.911273 -0.041605 0.002454 0.999131 -0.380909 0.150480 0.912285 
-0.117918 -0.524468 0.843225 -0.012740 0.000918 0.999918 -0.419023 0.621338 0.662087 0.251306 0.883694 0.394879 0.099649 -0.388601 0.916002 -0.065767 0.003996 0.997827 -0.400953 0.160039 0.902011 
-0.109601 -0.529049 0.841484 -0.040098 0.002914 0.999191 -0.407176 0.636533 0.655006 0.302630 0.866243 0.397540 0.101378 -0.379289 0.919708 -0.090724 0.005560 0.995861 -0.422981 0.170778 0.889900 
-0.102056 -0.537003 0.837384 -0.066030 0.004780 0.997806 -0.392684 0.648551 0.652059 0.338350 0.847892 0.408165 0.104541 -0.375645 0.920849 -0.112075 0.006992 0.993675 -0.439205 0.180920 0.879981 
-0.096612 -0.546338 0.831974 -0.086284 0.006158 0.996252 -0.380992 0.661145 0.646322 0.357977 0.832686 0.422478 0.108997 -0.377326 0.919644 -0.128251 0.008212 0.991708 -0.443997 0.187499 0.876191 
-0.092600 -0.555760 0.826169 -0.101939 0.007047 0.994766 -0.372929 0.671599 0.640218 0.369372 0.821277 0.434820 0.113912 -0.381131 0.917477 -0.139909 0.009243 0.990121 -0.444480 0.191727 0.875031 
-0.089794 -0.565268 0.820005 0.377782 0.814279 0.440717 -0.367887 0.675894 0.638613 -0.115229 0.007406 0.993311 0.118633 -0.385150 0.915197 -0.146641 0.010049 0.989139 -0.447353 0.195982 0.872620 
-0.088712 -0.572905 0.814806 0.384104 0.810326 0.442534 -0.364740 0.678246 0.637924 -0.123940 0.007267 0.992263 0.122387 -0.388339 0.913353 -0.150554 0.010509 0.988546 -0.450416 0.198553 0.870461 
-0.089371 -0.576939 0.811883 0.385685 0.810383 0.441051 -0.364962 0.677632 0.638450 -0.126083 0.006921 0.991996 0.124367 -0.390612 0.912116 -0.150446 0.010534 0.988562 -0.451661 0.198887 0.869739 
-0.091753 -0.576789 0.811724 0.381471 0.814562 0.436999 -0.368568 0.674451 0.639745 -0.121588 0.006499 0.992559 0.124176 -0.392127 0.911492 -0.145811 0.010216 0.989260 -0.449960 0.197085 0.871030 
-0.095788 -0.573245 0.813766 -0.110660 0.006052 0.993840 -0.374737 0.667604 0.643333 0.368740 0.823266 0.431582 0.122277 -0.393785 0.911033 -0.136081 0.009519 0.990652 -0.445395 0.193012 0.874282 
-0.100534 -0.567003 0.817557 -0.095018 0.005539 0.995460 -0.383091 0.660337 0.645907 0.353251 0.833561 0.424723 0.118951 -0.394406 0.911205 -0.124818 0.008611 0.992142 -0.439691 0.187971 0.878259 
-0.105379 -0.558462 0.822810 -0.077210 0.004795 0.997003 -0.392135 0.654230 0.646694 0.340526 0.843644 0.415098 0.114436 -0.392671 0.912532 -0.114365 0.007691 0.993409 -0.434757 0.182669 0.881827 
-0.109955 -0.549294 0.828364 -0.058844 0.003874 0.998260 -0.401282 0.646607 0.648746 0.323834 0.854723 0.405686 0.109798 -0.390949 0.913840 -0.102422 0.006743 0.994718 -0.428669 0.177170 0.885920 
-0.114280 -0.539758 0.834027 -0.040581 0.002774 0.999172 -0.411492 0.637547 0.651313 0.301681 0.867126 0.396336 0.105379 -0.389820 0.914842 -0.088040 0.005770 0.996100 -0.419965 0.171027 0.891280 
-0.118612 -0.531043 0.839002 -0.022748 0.001609 0.999740 -0.419943 0.626473 0.656643 0.274672 0.880112 0.387245 0.101400 -0.389668 0.915356 -0.072310 0.004707 0.997371 -0.410604 0.164826 0.896793 
-0.123116 -0.522900 0.843456 -0.003238 0.000235 0.999995 -0.427345 0.615835 0.661909 0.241885 0.891676 0.382631 0.097840 -0.391083 0.915140 -0.056224 0.003621 0.998412 -0.397780 0.158012 0.903772 
-0.128313 -0.518295 0.845521 0.018378 -0.001443 0.999830 -0.427570 0.605480 0.671251 0.212046 0.899406 0.382238 0.094916 -0.394509 0.913977 -0.043739 0.002701 0.999039 -0.388267 0.152930 0.908769 
-0.132633 -0.515597 0.846503 0.035913 -0.002955 0.999351 -0.428821 0.596205 0.678714 0.181439 0.904661 0.385577 0.093193 -0.400001 0.911764 -0.031066 0.001884 0.999516 -0.376034 0.147800 0.914742 
-0.136646 -0.514893 0.846294 0.047977 -0.003941 0.998841 -0.429577 0.587352 0.685916 0.153538 0.908891 0.387740 0.092609 -0.406123 0.909114 -0.018750 0.001134 0.999824 -0.364584 0.143176 0.920097 
-0.140578 -0.515202 0.845461 0.058228 -0.004682 0.998292 -0.430101 0.578513 0.693063 0.127097 0.912306 0.389288 0.092494 -0.412575 0.906216 -0.006699 0.000407 0.999977 -0.354051 0.138922 0.924851 
-0.144564 -0.515702 0.844484 0.068052 -0.005313 0.997668 -0.431138 0.570251 0.699238 0.100983 0.914827 0.391017 0.092553 -0.419273 0.903130 0.005245 -0.000319 0.999986 -0.342840 0.134419 0.929727 
-0.148541 -0.515495 0.843920 0.078435 -0.005936 0.996902 -0.434000 0.563684 0.702783 0.075892 0.916563 0.392623 0.092462 -0.425682 0.900137 0.016735 -0.001015 0.999859 -0.329893 0.129265 0.935126 
-0.152284 -0.514792 0.843682 0.089475 -0.006608 0.995967 -0.436263 0.556732 0.706911 0.052112 0.917674 0.393901 0.092180 -0.431234 0.897519 0.027357 -0.001632 0.999624 -0.318331 0.124311 0.939794 
-0.155164 -0.513654 0.843850 0.099251 -0.007168 0.995037 -0.438258 0.549216 0.711542 0.030429 0.918147 0.395071 0.091921 -0.435762 0.895356 0.036900 -0.002150 0.999317 -0.308047 0.119696 0.943811 
-0.157134 -0.512328 0.844292 0.106792 -0.007544 0.994253 -0.439798 0.542456 0.715765 0.011234 0.918077 0.396243 0.091737 -0.439295 0.893647 0.045366 -0.002583 0.998967 -0.298919 0.115596 0.947251 
-0.158610 -0.511078 0.844773 0.112870 -0.007816 0.993579 -0.440977 0.536785 0.719305 -0.005191 0.917665 0.397321 0.091584 -0.442157 0.892250 0.052645 -0.002935 0.998609 -0.291138 0.112064 0.950095 
-0.159853 -0.510046 0.845163 0.117922 -0.008033 0.992990 -0.441817 0.532189 0.722200 -0.018887 0.917075 0.398267 0.091433 -0.444548 0.891077 0.058754 -0.003218 0.998267 -0.284760 0.109146 0.952365 
-0.160961 -0.509244 0.845436 0.122116 -0.008223 0.992482 -0.442386 0.528577 0.724500 -0.029810 0.916477 0.398975 0.091232 -0.446507 0.890117 0.063687 -0.003446 0.997964 -0.279798 0.106900 0.954089 
-0.161938 -0.508658 0.845602 0.125501 -0.008394 0.992058 -0.442745 0.525821 0.726285 -0.037828 0.915974 0.399450 0.090973 -0.448028 0.889379 0.067374 -0.003621 0.997721 -0.276197 0.105338 0.955311 
-0.162790 -0.508285 0.845663 0.128072 -0.008551 0.991728 -0.442941 0.524096 0.727411 -0.043347 0.915649 0.399635 0.090675 -0.449141 0.888848 0.069973 -0.003757 0.997542 -0.273973 0.104372 0.956057 
-0.163413 -0.508060 0.845678 0.129775 -0.008678 0.991506 -0.443061 0.523122 0.728039 -0.046390 0.915449 0.399751 0.090393 -0.449840 0.888523 0.071475 -0.003847 0.997435 -0.272712 0.103893 0.956470 
-0.163720 -0.507984 0.845664 0.130483 -0.008749 0.991412 -0.443097 0.522827 0.728228 -0.047264 0.915395 0.399773 0.090212 -0.450105 0.888407 0.071965 -0.003886 0.997400 -0.272356 0.103816 0.956579 
-0.163694 -0.508032 0.845640 0.130286 -0.008748 0.991438 -0.443274 0.523137 0.727899 -0.046721 0.915459 0.399689 0.090199 -0.450017 0.888453 0.071731 -0.003879 0.997416 -0.272703 0.103940 0.956467 
-0.163536 -0.508225 0.845555 0.129516 -0.008721 0.991539 -0.443154 0.524019 0.727337 -0.044661 0.915675 0.399432 0.090225 -0.449647 0.888638 0.070793 -0.003840 0.997484 -0.273837 0.104404 0.956093 
-0.163269 -0.508549 0.845412 0.128213 -0.008677 0.991709 -0.442947 0.525500 0.726393 -0.041130 0.916025 0.399006 0.090264 -0.449023 0.888949 0.069194 -0.003773 0.997596 -0.275761 0.105192 0.955453 
-0.162914 -0.508987 0.845217 0.126435 -0.008622 0.991937 -0.442670 0.527488 0.725120 -0.036166 0.916488 0.398425 0.090290 -0.448171 0.889377 0.066971 -0.003682 0.997748 -0.278452 0.106300 0.954549 
-0.162485 -0.509536 0.844969 0.124237 -0.008556 0.992216 -0.442311 0.529930 0.723557 -0.029891 0.917026 0.397705 0.090297 -0.447113 0.889908 0.064190 -0.003568 0.997931 -0.281838 0.107721 0.953396 
-0.161974 -0.510177 0.844680 0.121659 -0.008475 0.992536 -0.441853 0.532821 0.721712 -0.022414 0.917586 0.396904 0.090306 -0.445863 0.890534 0.060886 -0.003427 0.998139 -0.285783 0.109392 0.952030 
-0.161387 -0.510904 0.844352 0.118733 -0.008375 0.992891 -0.441286 0.536113 0.719617 -0.013954 0.918130 0.396033 0.090322 -0.444451 0.891238 0.057161 -0.003261 0.998360 -0.290216 0.111272 0.950470 
-0.160738 -0.511709 0.843989 0.115507 -0.008256 0.993272 -0.440612 0.539715 0.717334 -0.004690 0.918625 0.395103 0.090342 -0.442913 0.892001 0.053106 -0.003074 0.998584 -0.295063 0.113334 0.948732 
-0.159965 -0.512482 0.843667 0.112088 -0.008126 0.993665 -0.440000 0.542727 0.715435 0.005291 0.919015 0.394188 0.090348 -0.441295 0.892802 0.048771 -0.002867 0.998806 -0.300195 0.115517 0.946857 
-0.159152 -0.513275 0.843338 0.108556 -0.007976 0.994058 -0.439340 0.545570 0.713677 0.015393 0.919272 0.393323 0.090375 -0.439689 0.893592 0.044409 -0.002651 0.999010 -0.305339 0.117718 0.944939 
-0.158329 -0.514104 0.842988 0.104986 -0.007798 0.994443 -0.438668 0.548245 0.712038 0.025097 0.919395 0.392533 0.090463 -0.438154 0.894336 0.040222 -0.002434 0.999188 -0.310232 0.119852 0.943076 
-0.157447 -0.514898 0.842669 0.101477 -0.007592 0.994809 -0.437942 0.550597 0.710669 0.033918 0.919424 0.391801 0.090656 -0.436668 0.895043 0.036358 -0.002221 0.999336 -0.314719 0.121788 0.941340 
-0.156496 -0.515653 0.842384 0.098029 -0.007353 0.995156 -0.437121 0.552536 0.709668 0.041717 0.919395 0.391116 0.090968 -0.435204 0.895725 0.032853 -0.002016 0.999458 -0.318676 0.123540 0.939778 
-0.155548 -0.516403 0.842100 0.094681 -0.007100 0.995482 -0.436278 0.554186 0.708901 0.048631 0.919297 0.390549 0.091357 -0.433866 0.896334 0.029699 -0.001825 0.999557 -0.322180 0.125100 0.938376 
-0.154667 -0.517132 0.841815 0.091495 -0.006847 0.995782 -0.435518 0.555888 0.708034 0.055242 0.919082 0.390175 0.091754 -0.432670 0.896871 0.026674 -0.001641 0.999643 -0.325279 0.126487 0.937120 
-0.153899 -0.517781 0.841557 0.088616 -0.006615 0.996044 -0.434854 0.557837 0.706908 0.061826 0.918704 0.390077 0.092102 -0.431607 0.897348 0.023664 -0.001457 0.999719 -0.327940 0.127679 0.936031 
-0.153229 -0.518355 0.841325 0.086102 -0.006421 0.996266 -0.434314 0.559933 0.705583 0.068384 0.918190 0.390193 0.092359 -0.430640 0.897786 0.020681 -0.001275 0.999785 -0.330345 0.128794 0.935032 
-0.152672 -0.518845 0.841125 0.083981 -0.006270 0.996448 -0.433722 0.561965 0.704330 0.074712 0.917610 0.390396 0.092517 -0.429728 0.898206 0.017810 -0.001100 0.999841 -0.332616 0.129880 0.934076 
-0.152180 -0.519208 0.840990 0.082195 -0.006156 0.996597 -0.433189 0.563851 0.703149 0.080551 0.917054 0.390543 0.092596 -0.428837 0.898624 0.015169 -0.000939 0.999885 -0.334722 0.130891 0.933182 
-0.151724 -0.519502 0.840891 0.080518 -0.006054 0.996735 -0.432728 0.565585 0.702040 0.085873 0.916545 0.390603 0.092646 -0.427989 0.899023 0.012784 -0.000794 0.999918 -0.336648 0.131826 0.932357 
-0.151273 -0.519750 0.840819 0.078806 -0.005948 0.996872 -0.432381 0.567159 0.700983 0.090624 0.916118 0.390532 0.092703 -0.427190 0.899397 0.010687 -0.000666 0.999943 -0.338377 0.132667 0.931612 
-0.150818 -0.519961 0.840770 0.077027 -0.005836 0.997012 -0.432152 0.568580 0.699972 0.094842 0.915780 0.390323 0.092777 -0.426435 0.899747 0.008861 -0.000554 0.999961 -0.339924 0.133420 0.930941 
-0.150364 -0.520125 0.840750 0.075313 -0.005726 0.997144 -0.431977 0.569928 0.698984 0.098826 0.915469 0.390063 0.092842 -0.425678 0.900099 0.007141 -0.000449 0.999974 -0.341405 0.134126 0.930297 
-0.149900 -0.520288 0.840732 0.073651 -0.005616 0.997268 -0.431826 0.571214 0.698026 0.102682 0.915159 0.389796 0.092917 -0.424929 0.900445 0.005466 -0.000344 0.999985 -0.342876 0.134809 0.929657 
-0.149420 -0.520453 0.840715 0.072018 -0.005503 0.997388 -0.431698 0.572458 0.697086 0.106435 0.914840 0.389537 0.093007 -0.424187 0.900786 0.003819 -0.000241 0.999993 -0.344330 0.135469 0.929024 
-0.148921 -0.520621 0.840700 0.070396 -0.005388 0.997505 -0.431590 0.573677 0.696151 0.110118 0.914507 0.389296 0.093113 -0.423448 0.901122 0.002187 -0.000138 0.999998 -0.345766 0.136106 0.928397 
-0.148398 -0.520793 0.840686 0.068766 -0.005269 0.997619 -0.431498 0.574885 0.695210 0.113774 0.914157 0.389065 0.093236 -0.422704 0.901459 0.000552 -0.000035 1.000000 -0.347202 0.136729 0.927769 
-0.147845 -0.520975 0.840670 0.067100 -0.005145 0.997733 -0.431419 0.576095 0.694257 0.117451 0.913789 0.388837 0.093378 -0.421946 0.901800 -0.001106 0.000070 0.999999 -0.348663 0.137348 0.927130 
-0.147258 -0.521174 0.840650 0.065361 -0.005011 0.997849 -0.431350 0.577321 0.693280 0.121196 0.913399 0.388605 0.093541 -0.421168 0.902146 -0.002803 0.000178 0.999996 -0.350165 0.137975 0.926470 
-0.146639 -0.521393 0.840623 0.063513 -0.004867 0.997969 -0.431274 0.578588 0.692270 0.125068 0.912976 0.388373 0.093722 -0.420367 0.902501 -0.004556 0.000289 0.999990 -0.351716 0.138621 0.925786 
-0.145985 -0.521629 0.840590 0.061540 -0.004712 0.998094 -0.431187 0.579915 0.691213 0.129111 0.912512 0.388139 0.093919 -0.419534 0.902868 -0.006387 0.000405 0.999980 -0.353329 0.139293 0.925071 
-0.145293 -0.521877 0.840556 0.059446 -0.004547 0.998221 -0.431088 0.581316 0.690097 0.133376 0.911999 0.387902 0.094126 -0.418655 0.903254 -0.008317 0.000527 0.999965 -0.355024 0.140000 0.924315 
-0.144559 -0.522132 0.840524 0.057234 -0.004374 0.998351 -0.430975 0.582808 0.688909 0.137912 0.911427 0.387660 0.094340 -0.417717 0.903666 -0.010368 0.000657 0.999946 -0.356823 0.140750 0.923508 
-0.143777 -0.522390 0.840498 0.054897 -0.004193 0.998483 -0.430844 0.584406 0.687636 0.142771 0.910785 0.387412 0.094556 -0.416707 0.904110 -0.012564 0.000796 0.999921 -0.358746 0.141553 0.922640 
-0.142942 -0.522652 0.840478 0.052417 -0.004001 0.998617 -0.430690 0.586131 0.686263 0.148008 0.910056 0.387157 0.094774 -0.415614 0.904590 -0.014928 0.000946 0.999888 -0.360813 0.142417 0.921700 
-0.142045 -0.522919 0.840463 0.049763 -0.003797 0.998754 -0.430505 0.588004 0.684775 0.153684 0.909226 0.386897 0.094995 -0.414427 0.905111 -0.017486 0.001108 0.999846 -0.363042 0.143354 0.920679 
-0.141077 -0.523194 0.840455 0.046901 -0.003579 0.998893 -0.430283 0.590046 0.683156 0.159861 0.908272 0.386634 0.095219 -0.413132 0.905680 -0.020266 0.001285 0.999794 -0.365458 0.144374 0.919563 
-0.140028 -0.523481 0.840452 0.043794 -0.003343 0.999035 -0.430014 0.592281 0.681389 0.166606 0.907173 0.386368 0.095449 -0.411716 0.906300 -0.023296 0.001477 0.999728 -0.368082 0.145488 0.918340 
-0.138885 -0.523782 0.840454 0.040402 -0.003085 0.999179 -0.429691 0.594733 0.679454 0.173989 0.905899 0.386103 0.095688 -0.410165 0.906978 -0.026609 0.001688 0.999644 -0.370943 0.146708 0.916994 
-0.137636 -0.524102 0.840460 0.036688 -0.002803 0.999323 -0.429298 0.597432 0.677332 0.182093 0.904414 0.385845 0.095935 -0.408463 0.907719 -0.030243 0.001920 0.999541 -0.374070 0.148050 0.915507 
-0.136271 -0.524446 0.840468 0.032614 -0.002494 0.999465 -0.428815 0.600408 0.675002 0.191010 0.902675 0.385608 0.096192 -0.406595 0.908531 -0.034240 0.002175 0.999411 -0.377498 0.149531 0.913858 
-0.134776 -0.524820 0.840476 0.028138 -0.002154 0.999602 -0.428217 0.603699 0.672442 0.200832 0.900625 0.385411 0.096459 -0.404545 0.909417 -0.038648 0.002458 0.999250 -0.381258 0.151168 0.912025 
-0.133135 -0.525233 0.840479 0.023208 -0.001779 0.999729 -0.427476 0.607341 0.669627 0.211659 0.898200 0.385275 0.096738 -0.402296 0.910384 -0.043519 0.002771 0.999049 -0.385388 0.152981 0.909985 
-0.131331 -0.525692 0.840476 0.017767 -0.001364 0.999841 -0.426555 0.611381 0.666532 0.223597 0.895324 0.385225 0.097031 -0.399829 0.911439 -0.048909 0.003118 0.998798 -0.389928 0.154994 0.907707 
-0.129343 -0.526207 0.840462 0.011749 -0.000904 0.999931 -0.425413 0.615863 0.663126 0.236757 0.891906 0.385292 0.097338 -0.397122 0.912589 -0.054881 0.003505 0.998487 -0.394925 0.157232 0.905159 
-0.127146 -0.526780 0.840438 0.005079 -0.000392 0.999987 -0.424013 0.620828 0.659383 0.251216 0.887853 0.385496 0.097663 -0.394148 0.913843 -0.061485 0.003933 0.998100 -0.400418 0.159714 0.902307 
-0.124883 -0.528344 0.839796 -0.003002 0.000232 0.999995 -0.420828 0.625417 0.657082 0.268024 0.882895 0.385563 0.098126 -0.391413 0.914968 -0.068900 0.004452 0.997614 -0.407609 0.163141 0.898465 
-0.122929 -0.530992 0.838413 -0.010476 0.000805 0.999945 -0.417328 0.629281 0.655624 0.281133 0.877766 0.387933 0.099107 -0.390466 0.915267 -0.075245 0.004948 0.997153 -0.412727 0.166262 0.895552 
