2.581840 2.771087 0.003508 2.621792 2.640346 0.002825 2.412935 2.580593 0.004365 2.375560 2.713434 0.005033 
2.581849 2.771086 0.003582 2.621798 2.640344 0.002966 2.412939 2.580597 0.004395 2.375567 2.713438 0.004997 
2.581846 2.771087 0.003713 2.621795 2.640345 0.003151 2.412936 2.580598 0.004447 2.375563 2.713440 0.004996 
2.581758 2.771144 0.003706 2.621711 2.640404 0.003019 2.412856 2.580648 0.004499 2.375479 2.713488 0.005172 
2.581547 2.771139 0.002994 2.621557 2.640415 0.002417 2.412733 2.580568 0.004522 2.375297 2.713392 0.005075 
2.581499 2.771333 0.003339 2.621511 2.640611 0.002541 2.412687 2.580758 0.004437 2.375250 2.713581 0.005216 
2.581336 2.771255 0.003166 2.621410 2.640551 0.002433 2.412617 2.580599 0.004605 2.375116 2.713404 0.005315 
2.581331 2.771255 0.003339 2.621407 2.640552 0.002672 2.412611 2.580600 0.004638 2.375110 2.713405 0.005284 
2.581481 2.771466 0.003792 2.621558 2.640766 0.002736 2.412760 2.580807 0.004215 2.375257 2.713610 0.005260 
2.581247 2.771572 0.003645 2.621318 2.640874 0.002232 2.412526 2.580914 0.004298 2.375028 2.713714 0.005696 
2.581256 2.771567 0.003661 2.621286 2.640857 0.002145 2.412476 2.580961 0.004247 2.375020 2.713773 0.005748 
2.580942 2.771843 0.003447 2.620955 2.641142 0.000968 2.412158 2.581241 0.004011 2.374720 2.714043 0.006471 
2.580986 2.771924 0.003579 2.620992 2.641221 0.001117 2.412187 2.581334 0.003877 2.374755 2.714138 0.006324 
2.581048 2.771903 0.004099 2.621036 2.641198 0.001488 2.412217 2.581342 0.003835 2.374804 2.714149 0.006437 
2.581091 2.771933 0.004472 2.621065 2.641226 0.001717 2.412235 2.581396 0.003722 2.374837 2.714203 0.006475 
2.581089 2.771926 0.004907 2.621063 2.641222 0.002015 2.412232 2.581390 0.003842 2.374833 2.714195 0.006736 
2.581091 2.771907 0.005545 2.621064 2.641212 0.002285 2.412231 2.581378 0.003951 2.374835 2.714174 0.007219 
2.581097 2.771886 0.006206 2.621066 2.641200 0.002530 2.412234 2.581364 0.004132 2.374841 2.714150 0.007822 
2.581104 2.771866 0.006806 2.621068 2.641190 0.002751 2.412236 2.581353 0.004321 2.374847 2.714129 0.008392 
2.581125 2.771851 0.007352 2.621071 2.641180 0.002952 2.412234 2.581364 0.004525 2.374863 2.714134 0.008945 
2.581164 2.771842 0.007847 2.621074 2.641172 0.003133 2.412222 2.581405 0.004707 2.374888 2.714174 0.009443 
2.581186 2.771830 0.008289 2.621075 2.641163 0.003297 2.412214 2.581425 0.004784 2.374902 2.714190 0.009802 
2.581186 2.771812 0.008682 2.621075 2.641155 0.003447 2.412213 2.581415 0.004802 2.374901 2.714171 0.010069 
2.581186 2.771796 0.009031 2.621075 2.641148 0.003582 2.412213 2.581407 0.004819 2.374901 2.714154 0.010303 
2.581186 2.771782 0.009337 2.621074 2.641142 0.003704 2.412212 2.581400 0.004834 2.374900 2.714139 0.010505 
2.581185 2.771770 0.009602 2.621074 2.641136 0.003815 2.412212 2.581394 0.004847 2.374899 2.714126 0.010675 
2.581184 2.771760 0.009828 2.621074 2.641132 0.003916 2.412211 2.581389 0.004859 2.374898 2.714116 0.010815 
2.581183 2.771752 0.010018 2.621073 2.641128 0.004007 2.412210 2.581385 0.004870 2.374897 2.714107 0.010926 
2.581181 2.771745 0.010173 2.621072 2.641125 0.004090 2.412209 2.581382 0.004879 2.374895 2.714100 0.011009 
2.581179 2.771741 0.010296 2.621071 2.641123 0.004165 2.412208 2.581380 0.004887 2.374893 2.714095 0.011066 
2.581177 2.771738 0.010387 2.621071 2.641122 0.004234 2.412207 2.581379 0.004893 2.374890 2.714093 0.011096 
2.581174 2.771737 0.010446 2.621069 2.641122 0.004296 2.412206 2.581379 0.004899 2.374887 2.714092 0.011099 
2.581171 2.771739 0.010474 2.621068 2.641123 0.004352 2.412204 2.581379 0.004903 2.374884 2.714094 0.011075 
2.581168 2.771742 0.010471 2.621067 2.641124 0.004404 2.412203 2.581381 0.004906 2.374880 2.714097 0.011024 
2.581164 2.771748 0.010437 2.621065 2.641126 0.004451 2.412201 2.581383 0.004909 2.374876 2.714103 0.010945 
2.581160 2.771755 0.010372 2.621063 2.641130 0.004494 2.412199 2.581387 0.004910 2.374872 2.714110 0.010838 
2.581155 2.771765 0.010274 2.621061 2.641134 0.004533 2.412197 2.581391 0.004911 2.374867 2.714120 0.010701 
2.581149 2.771776 0.010143 2.621059 2.641139 0.004569 2.412194 2.581397 0.004911 2.374862 2.714132 0.010533 
2.581144 2.771790 0.009978 2.621056 2.641146 0.004602 2.412192 2.581403 0.004910 2.374856 2.714146 0.010333 
2.581137 2.771806 0.009777 2.621053 2.641153 0.004633 2.412189 2.581411 0.004909 2.374849 2.714162 0.010099 
2.581131 2.771824 0.009539 2.621050 2.641162 0.004660 2.412185 2.581420 0.004907 2.374842 2.714180 0.009829 
2.581124 2.771844 0.009262 2.621047 2.641172 0.004686 2.412182 2.581430 0.004904 2.374835 2.714201 0.009521 
2.581116 2.771866 0.008944 2.621043 2.641184 0.004710 2.412178 2.581442 0.004901 2.374827 2.714223 0.009174 
2.581108 2.771889 0.008586 2.621038 2.641196 0.004731 2.412173 2.581455 0.004898 2.374819 2.714246 0.008787 
2.581100 2.771914 0.008183 2.621034 2.641211 0.004751 2.412168 2.581469 0.004894 2.374811 2.714272 0.008357 
2.581091 2.771940 0.007733 2.621029 2.641227 0.004770 2.412163 2.581485 0.004890 2.374802 2.714298 0.007880 
2.581082 2.771968 0.007231 2.621023 2.641244 0.004787 2.412158 2.581503 0.004886 2.374793 2.714326 0.007352 
2.581073 2.771996 0.006674 2.621017 2.641264 0.004803 2.412152 2.581523 0.004882 2.374784 2.714354 0.006769 
2.581064 2.772024 0.006058 2.621010 2.641285 0.004818 2.412145 2.581544 0.004877 2.374775 2.714382 0.006129 
2.581055 2.772052 0.005390 2.621003 2.641309 0.004838 2.412137 2.581568 0.004873 2.374766 2.714410 0.005429 
2.581039 2.772061 0.005243 2.620990 2.641319 0.004876 2.412126 2.581572 0.004874 2.374751 2.714414 0.005244 
2.581153 2.772163 0.005311 2.621091 2.641417 0.004864 2.412221 2.581693 0.004501 2.374859 2.714538 0.004957 
2.581153 2.772165 0.005273 2.621091 2.641419 0.004868 2.412221 2.581694 0.004545 2.374860 2.714540 0.004958 
2.581153 2.772167 0.005239 2.621091 2.641420 0.004874 2.412222 2.581696 0.004586 2.374860 2.714542 0.004958 
2.581154 2.772169 0.005205 2.621092 2.641422 0.004880 2.412222 2.581697 0.004624 2.374860 2.714543 0.004956 
2.581154 2.772170 0.005171 2.621092 2.641424 0.004885 2.412222 2.581699 0.004662 2.374861 2.714545 0.004953 
2.581155 2.772173 0.005123 2.621092 2.641426 0.004892 2.412222 2.581701 0.004713 2.374861 2.714547 0.004948 
2.581155 2.772178 0.005022 2.621093 2.641431 0.004918 2.412223 2.581706 0.004834 2.374862 2.714553 0.004940 
2.581114 2.772153 0.004848 2.621050 2.641405 0.004757 2.412180 2.581683 0.004874 2.374820 2.714530 0.004965 
2.580836 2.771924 0.003429 2.620722 2.641162 0.003724 2.411833 2.581524 0.005215 2.374524 2.714385 0.004896 
2.580854 2.771785 0.003132 2.620742 2.641024 0.003759 2.411854 2.581386 0.005371 2.374543 2.714245 0.004715 
2.580669 2.771527 0.001970 2.620481 2.640744 0.002806 2.411571 2.581243 0.005904 2.374337 2.714123 0.005017 
2.580772 2.771649 0.002246 2.620592 2.640868 0.002956 2.411681 2.581350 0.005711 2.374440 2.714228 0.004956 
2.580769 2.771646 0.002505 2.620588 2.640864 0.003146 2.411674 2.581344 0.005630 2.374433 2.714223 0.004947 
2.580806 2.771637 0.002593 2.620607 2.640849 0.003196 2.411685 2.581355 0.005555 2.374462 2.714239 0.004913 
2.581085 2.771536 0.002818 2.620863 2.640744 0.003814 2.411923 2.581283 0.005232 2.374723 2.714171 0.004206 
2.581525 2.771498 0.003213 2.621124 2.640653 0.004307 2.412101 2.581470 0.004768 2.375083 2.714408 0.003657 
2.581388 2.771051 0.002283 2.620899 2.640186 0.004000 2.411836 2.581157 0.005435 2.374908 2.714113 0.003682 
2.581363 2.770862 0.002143 2.620821 2.639984 0.004101 2.411734 2.581044 0.005749 2.374860 2.714011 0.003749 
2.581357 2.770870 0.002409 2.620813 2.639997 0.004721 2.411724 2.581060 0.006198 2.374853 2.714022 0.003842 
2.581072 2.771871 0.002898 2.621148 2.641197 0.005719 2.412342 2.581260 0.006795 2.374840 2.714036 0.003932 
2.580312 2.774382 0.004829 2.621952 2.644206 0.008019 2.413891 2.581727 0.007225 2.374799 2.714036 0.004016 
2.578996 2.778417 0.007608 2.623159 2.649082 0.011072 2.416400 2.582509 0.007546 2.374743 2.714026 0.004098 
2.576915 2.784250 0.010876 2.624749 2.656229 0.014403 2.420073 2.583730 0.007638 2.374681 2.714005 0.004173 
2.573906 2.791759 0.014655 2.626479 2.665615 0.018333 2.424828 2.585491 0.007806 2.374609 2.713980 0.004242 
2.570591 2.799151 0.017701 2.627787 2.675052 0.021937 2.429444 2.587471 0.008391 2.374511 2.714001 0.004307 
2.566832 2.806722 0.020233 2.628669 2.684909 0.025493 2.434023 2.589781 0.009453 2.374351 2.714109 0.004370 
2.563690 2.811929 0.023669 2.628578 2.691806 0.030717 2.436846 2.591532 0.011291 2.374052 2.714227 0.004449 
2.559279 2.818344 0.029205 2.627789 2.700435 0.038887 2.440122 2.593870 0.014011 2.373614 2.714418 0.004588 
2.554592 2.824187 0.036938 2.626298 2.708420 0.049027 2.443146 2.596191 0.016565 2.373349 2.714657 0.004819 2.200521 2.667012 0.023798 2.258838 2.694446 0.038031 2.254205 2.708566 0.029796 2.195888 2.681133 0.015563 
2.551187 2.823867 0.041707 2.624847 2.709648 0.056472 2.445030 2.593548 0.019319 2.373212 2.710506 0.004940 2.195316 2.685541 0.021189 2.252407 2.715236 0.035846 2.247126 2.729302 0.027914 2.190036 2.699607 0.013257 
2.547349 2.823895 0.044472 2.623254 2.711612 0.062384 2.447086 2.590908 0.022517 2.372950 2.705978 0.004998 2.191271 2.702605 0.017593 2.246500 2.735664 0.032185 2.240320 2.749432 0.024379 2.185092 2.716373 0.009788 
2.543933 2.823390 0.045579 2.621952 2.713045 0.066240 2.449101 2.587992 0.025276 2.372783 2.701166 0.004997 2.187805 2.715823 0.012771 2.241243 2.751631 0.027542 2.234390 2.765077 0.019739 2.180952 2.729269 0.004968 
2.540809 2.825542 0.046117 2.620845 2.717088 0.068960 2.451129 2.588004 0.027396 2.372731 2.699327 0.004923 2.188079 2.716633 0.013348 2.239823 2.754908 0.027963 2.232627 2.767829 0.019600 2.180883 2.729554 0.004986 
2.537769 2.829232 0.046089 2.619629 2.722609 0.070995 2.452787 2.589817 0.029477 2.372506 2.699343 0.004921 2.188191 2.717149 0.013766 2.238611 2.757158 0.028365 2.231217 2.769681 0.019582 2.180797 2.729672 0.004982 
2.533770 2.833286 0.045356 2.617677 2.728774 0.072314 2.453957 2.591921 0.031561 2.371566 2.699373 0.004923 2.188026 2.718099 0.013742 2.237288 2.759554 0.028257 2.229734 2.771728 0.019124 2.180472 2.730272 0.004609 
2.529209 2.837738 0.044245 2.615377 2.735650 0.073277 2.455163 2.594380 0.033677 2.370439 2.699449 0.004928 2.188044 2.718568 0.014160 2.236266 2.761299 0.028469 2.228621 2.773114 0.018948 2.180399 2.730383 0.004640 
2.524098 2.842522 0.042728 2.612734 2.743194 0.073831 2.456442 2.597181 0.035795 2.369171 2.699530 0.004933 2.188004 2.718997 0.014551 2.235407 2.762721 0.028593 2.227734 2.774214 0.018710 2.180331 2.730490 0.004668 
2.518850 2.847488 0.040771 2.610036 2.751232 0.074087 2.458013 2.600285 0.038061 2.368108 2.699602 0.004936 2.187946 2.719406 0.014917 2.234630 2.763995 0.028645 2.226951 2.775182 0.018421 2.180267 2.730594 0.004693 
2.516983 2.849796 0.036890 2.609133 2.755228 0.072317 2.458472 2.602040 0.040246 2.367573 2.699685 0.004934 2.207047 2.730931 0.013245 2.231660 2.792168 0.013781 2.218081 2.797700 0.005197 2.193469 2.736464 0.004662 
2.518287 2.849653 0.031829 2.610038 2.755401 0.069087 2.458087 2.602496 0.042168 2.367609 2.699817 0.004935 2.209231 2.730257 0.022945 2.229638 2.793020 0.022264 2.213993 2.798060 0.017962 2.193586 2.735297 0.018643 
2.520731 2.848356 0.025809 2.611708 2.753845 0.064287 2.457336 2.602417 0.043493 2.367674 2.699979 0.004941 2.227336 2.728699 0.048841 2.241952 2.793033 0.046957 2.225624 2.796655 0.043967 2.211009 2.732321 0.045851 
2.523743 2.845991 0.018967 2.613696 2.750986 0.058620 2.456351 2.601840 0.044774 2.367766 2.699868 0.004937 2.248258 2.731489 0.071834 2.255947 2.796875 0.067189 2.239325 2.798613 0.064129 2.231636 2.733227 0.068775 
2.526755 2.843262 0.012059 2.615710 2.747651 0.052501 2.455404 2.601195 0.045680 2.367869 2.699797 0.004947 2.259087 2.747321 0.083879 2.257623 2.812891 0.076505 2.240919 2.812179 0.073483 2.242383 2.746608 0.080857 
2.530778 2.838828 0.004889 2.618178 2.742018 0.045862 2.454157 2.599573 0.046167 2.368242 2.699329 0.004797 2.262072 2.757425 0.090825 2.258407 2.823085 0.085226 2.241825 2.821861 0.081730 2.245491 2.756201 0.087330 
2.530865 2.838811 0.004870 2.618383 2.741951 0.045473 2.454425 2.599432 0.045765 2.368392 2.699240 0.004769 2.230382 2.732954 0.093697 2.216410 2.795410 0.077571 2.199819 2.791752 0.077779 2.213792 2.729296 0.093904 
2.530831 2.838853 0.004860 2.618427 2.742651 0.046836 2.454996 2.599528 0.047173 2.368877 2.698680 0.004790 2.228917 2.716637 0.100608 2.204910 2.771176 0.072233 2.189136 2.765078 0.073859 2.213143 2.710539 0.102234 
2.530767 2.838928 0.004855 2.618275 2.743829 0.049446 2.455563 2.599890 0.049833 2.369521 2.697940 0.004809 2.242070 2.747873 0.092665 2.203356 2.787399 0.056680 2.190209 2.776982 0.059382 2.228923 2.737456 0.095367 
2.530724 2.839009 0.004858 2.617566 2.744702 0.052341 2.454876 2.600739 0.052732 2.369507 2.697989 0.004788 2.230102 2.806917 0.063401 2.185345 2.842954 0.030932 2.173899 2.830563 0.032958 2.218656 2.794526 0.065427 
2.530709 2.839087 0.004860 2.616631 2.745787 0.055872 2.453898 2.601872 0.056305 2.369458 2.698106 0.004797 2.200480 2.863877 0.032690 2.148383 2.893153 0.004676 2.139263 2.878980 0.006825 2.191360 2.849704 0.034839 
2.530597 2.839217 0.004861 2.615284 2.747332 0.060315 2.452538 2.603431 0.060807 2.369345 2.698235 0.004815 2.164329 2.867359 0.032079 2.115361 2.906563 0.011558 2.104065 2.894472 0.015414 2.153033 2.855268 0.035935 
2.530661 2.839335 0.004889 2.613609 2.749525 0.066074 2.450936 2.605543 0.066556 2.369498 2.698253 0.004778 2.169230 2.891447 0.030202 2.114077 2.917301 0.004792 2.105663 2.903019 0.008523 2.160817 2.877166 0.033933 
2.530509 2.839534 0.004903 2.611203 2.752417 0.072643 2.448609 2.608345 0.073177 2.369445 2.698338 0.004779 2.167981 2.897192 0.032949 2.112131 2.918332 0.004844 2.104811 2.903355 0.008126 2.160661 2.882215 0.036230 
2.529831 2.840046 0.004910 2.607848 2.757080 0.080540 2.446151 2.612003 0.081144 2.369678 2.697819 0.004781 2.166010 2.897983 0.036555 2.111862 2.918466 0.004862 2.104321 2.903597 0.008136 2.158469 2.883114 0.039829 
2.527403 2.842732 0.005681 2.602506 2.765049 0.089436 2.442971 2.617597 0.089366 2.369408 2.698113 0.004810 2.163578 2.898402 0.040956 2.112111 2.918686 0.004960 2.104096 2.904054 0.008175 2.155563 2.883771 0.044171 
2.523739 2.847304 0.007929 2.594472 2.774697 0.099662 2.436638 2.625442 0.097417 2.367464 2.700860 0.004837 2.159920 2.899156 0.045545 2.111712 2.918801 0.004973 2.103376 2.904278 0.007847 2.151584 2.884634 0.048419 
2.516160 2.854710 0.010033 2.582538 2.786638 0.108267 2.426219 2.635842 0.103974 2.361419 2.706703 0.004859 2.155623 2.900491 0.050234 2.111238 2.918900 0.004990 2.102789 2.904351 0.007358 2.147174 2.885941 0.052603 
2.505200 2.862491 0.011653 2.566838 2.798987 0.115854 2.411620 2.647110 0.109996 2.351590 2.713374 0.004879 2.150630 2.902418 0.054752 2.110714 2.919030 0.004885 2.102285 2.904398 0.006757 2.142200 2.887786 0.056625 
2.491264 2.870360 0.012362 2.547951 2.811998 0.122226 2.393752 2.659113 0.115723 2.338705 2.720201 0.004898 2.144807 2.904883 0.059241 2.110171 2.919203 0.004916 2.101790 2.904497 0.006383 2.136427 2.890177 0.060708 
2.481339 2.872921 0.014588 2.529982 2.820705 0.131196 2.375797 2.667912 0.122524 2.328873 2.722793 0.004921 2.138052 2.907223 0.062689 2.108510 2.919383 0.004936 2.100117 2.904659 0.006129 2.129659 2.892499 0.063882 
2.466906 2.881809 0.004640 2.514304 2.842137 0.126579 2.365894 2.683501 0.128285 2.320144 2.725801 0.005152 2.121866 2.911750 0.063773 2.093026 2.919709 0.004944 2.084805 2.904980 0.006981 2.113645 2.897022 0.065811 
2.444118 2.883895 0.004767 2.495825 2.853120 0.127523 2.347666 2.695322 0.146029 2.297562 2.728628 0.021835 2.103470 2.917163 0.063260 2.072674 2.920078 0.004958 2.064727 2.905467 0.008425 2.095523 2.902552 0.066727 
2.432196 2.880577 0.004978 2.488489 2.867664 0.128890 2.348388 2.707200 0.171515 2.293541 2.722510 0.045811 2.082210 2.919369 0.061843 2.048729 2.918154 0.004979 2.040842 2.903942 0.009926 2.074323 2.905157 0.066791 
2.419653 2.881038 0.005001 2.479833 2.882345 0.127746 2.344753 2.724527 0.191312 2.285910 2.725443 0.066490 2.066226 2.921577 0.060337 2.030586 2.916828 0.004991 2.022781 2.903073 0.011197 2.058420 2.907822 0.066544 
2.404221 2.881898 0.006347 2.468632 2.895351 0.126180 2.336235 2.744779 0.209802 2.273081 2.733331 0.087635 2.056721 2.926609 0.058764 2.019356 2.918260 0.005004 2.011723 2.904988 0.012370 2.049088 2.913338 0.066130 
2.398999 2.882333 0.038037 2.461685 2.905321 0.157334 2.325388 2.764826 0.251558 2.264032 2.743609 0.129782 2.049264 2.934501 0.056965 2.010382 2.922511 0.004999 2.002979 2.909783 0.013475 2.041861 2.921773 0.065441 
2.401544 2.890110 0.080337 2.462508 2.927042 0.196995 2.326123 2.796862 0.304912 2.266507 2.761420 0.185607 2.044431 2.945530 0.054385 2.003789 2.929252 0.004996 1.996875 2.917126 0.014681 2.037517 2.933404 0.064071 
2.405489 2.904602 0.125448 2.465657 2.956733 0.236588 2.330548 2.839546 0.359903 2.271718 2.788576 0.245951 2.042347 2.961252 0.051558 2.000069 2.940502 0.005320 1.993860 2.928990 0.016163 2.036138 2.949740 0.062402 
2.407238 2.922300 0.164106 2.468626 2.987415 0.267456 2.335840 2.885101 0.405635 2.275744 2.820811 0.299336 2.047364 2.983908 0.053912 2.004691 2.960265 0.009460 1.998981 2.949071 0.020895 2.041654 2.972715 0.065347 
2.408841 2.943268 0.200429 2.471288 3.019884 0.294876 2.340085 2.934313 0.445398 2.278898 2.858175 0.347913 2.062656 3.017171 0.060752 2.021530 2.991829 0.015780 2.016042 2.980495 0.027186 2.057168 3.005837 0.072157 1.466749 4.033908 0.249126 1.465399 3.987749 0.296280 1.454828 3.997596 0.305616 1.456178 4.043754 0.258461 
2.412967 2.969521 0.235550 2.475213 3.056948 0.320236 2.344826 2.988842 0.480093 2.283830 2.901541 0.392331 2.080969 3.059273 0.062185 2.042185 3.032795 0.015809 2.037010 3.020989 0.026878 2.075794 3.047468 0.073253 1.467291 4.037230 0.254770 1.470140 3.989379 0.300137 1.460526 3.998886 0.310769 1.457677 4.046737 0.265402 
2.418626 3.000437 0.266838 2.479346 3.096988 0.342211 2.348135 3.045047 0.507377 2.288693 2.948307 0.428941 2.092058 3.099876 0.051542 2.054381 3.071602 0.005314 2.049918 3.059489 0.016360 2.087595 3.087763 0.062588 1.422918 4.042902 0.257424 1.424068 3.994575 0.302360 1.413194 4.003510 0.312248 1.412045 4.051837 0.267312 
2.424573 3.032908 0.292308 2.484293 3.137418 0.357123 2.354207 3.101123 0.527282 2.295758 2.996125 0.459435 2.094493 3.107154 0.049391 2.056613 3.076619 0.004795 2.051671 3.065471 0.016626 2.089551 3.096006 0.061222 1.369381 4.043522 0.262478 1.368396 3.994319 0.306456 1.355877 4.002318 0.315125 1.356862 4.051521 0.271147 
2.430435 3.066798 0.313493 2.488997 3.178212 0.366852 2.360784 3.157422 0.540987 2.303477 3.045234 0.484650 2.100168 3.107763 0.048717 2.061884 3.076731 0.004814 2.056796 3.065920 0.016893 2.095080 3.096951 0.060795 1.335508 4.040291 0.264203 1.335256 3.990586 0.307623 1.322042 3.997867 0.315882 1.322294 4.047573 0.272462 
2.437566 3.101674 0.325260 2.494106 3.217976 0.369610 2.368794 3.206776 0.546713 2.313489 3.089518 0.499429 2.106933 3.107941 0.048682 2.068579 3.076993 0.004782 2.063396 3.066251 0.016882 2.101750 3.097199 0.060782 1.321027 4.037989 0.266073 1.323368 3.988210 0.309346 1.310203 3.995113 0.318000 1.307862 4.044892 0.274726 
2.444518 3.132746 0.327398 2.497410 3.251549 0.369564 2.373343 3.239157 0.547462 2.321702 3.119391 0.502371 2.109843 3.108391 0.048470 2.071444 3.077224 0.004765 2.066056 3.066725 0.016987 2.104455 3.097892 0.060692 1.314448 4.038101 0.267422 1.319446 3.988467 0.310636 1.306569 3.995189 0.319847 1.301571 4.044824 0.276633 
2.447032 3.149433 0.328985 2.498064 3.269462 0.369959 2.374280 3.256858 0.548039 2.324513 3.135859 0.504150 2.109956 3.109001 0.048005 2.071429 3.077320 0.004785 2.065913 3.067104 0.017190 2.104441 3.098786 0.060410 1.310616 4.038853 0.267577 1.316990 3.989388 0.310803 1.304271 3.996033 0.320284 1.297896 4.045499 0.277058 
2.447165 3.151937 0.329112 2.498036 3.272096 0.369901 2.374368 3.259539 0.548064 2.324761 3.138406 0.504360 2.109966 3.109132 0.047930 2.071424 3.077341 0.004804 2.065877 3.067187 0.017246 2.104419 3.098978 0.060371 1.309936 4.039348 0.267619 1.316494 3.989899 0.310837 1.303793 3.996531 0.320353 1.297235 4.045980 0.277134 
2.446141 3.147461 0.327344 2.497229 3.266987 0.369692 2.373202 3.252555 0.547464 2.323382 3.132088 0.502191 2.109861 3.108975 0.048134 2.071423 3.077313 0.004820 2.065906 3.067072 0.017203 2.104343 3.098733 0.060517 1.317338 4.040747 0.267226 1.324420 3.991439 0.310521 1.311967 3.998207 0.320266 1.304886 4.047515 0.276971 
2.444578 3.139694 0.324640 2.496044 3.258231 0.369250 2.371496 3.241136 0.546420 2.321302 3.121704 0.498873 2.109682 3.108661 0.048496 2.071424 3.077258 0.004836 2.065972 3.066845 0.017103 2.104230 3.098247 0.060764 1.327723 4.042525 0.266314 1.335253 3.993391 0.309732 1.323122 4.000368 0.319732 1.315592 4.049502 0.276313 
2.443025 3.130496 0.321538 2.494929 3.247922 0.368516 2.369902 3.228021 0.545055 2.319271 3.109752 0.495125 2.109500 3.108231 0.048928 2.071432 3.077184 0.004851 2.066086 3.066539 0.016966 2.104155 3.097586 0.061043 1.334834 4.043168 0.265644 1.342174 3.994081 0.309148 1.330196 4.001216 0.319220 1.322856 4.050303 0.275717 
2.441700 3.122393 0.318024 2.493804 3.238667 0.367576 2.368272 3.215429 0.543347 2.317448 3.098370 0.490830 2.109331 3.108181 0.049285 2.071445 3.077400 0.004864 2.066241 3.066527 0.016837 2.104126 3.097308 0.061258 1.337929 4.042804 0.265166 1.344774 3.993747 0.308785 1.332809 4.000983 0.318801 1.325964 4.050040 0.275182 
2.440229 3.116264 0.315128 2.492405 3.231502 0.366970 2.366228 3.205328 0.541863 2.315339 3.089356 0.487047 2.109169 3.109927 0.049471 2.071467 3.079172 0.004877 2.066451 3.068103 0.016750 2.104154 3.098858 0.061345 1.338139 4.041203 0.264538 1.344690 3.992240 0.308306 1.332707 3.999534 0.318259 1.326156 4.048497 0.274491 
2.439388 3.111113 0.312090 2.491758 3.225465 0.365669 2.365531 3.196863 0.540146 2.314448 3.081820 0.483582 2.106252 3.077064 0.060251 2.070366 3.078248 0.004873 2.060078 3.066344 0.011285 2.095965 3.065159 0.066663 1.334416 4.040256 0.264485 1.340354 3.991238 0.308279 1.328240 3.998524 0.318077 1.322302 4.047543 0.274283 
2.438381 3.107684 0.308840 2.491744 3.221399 0.362795 2.366981 3.192036 0.538196 2.314873 3.077648 0.481239 2.068346 3.013383 0.048384 2.048763 3.060769 0.006826 2.032928 3.054629 0.007287 2.052511 3.007243 0.048845 1.326699 4.040615 0.263490 1.331636 3.991701 0.307525 1.319241 3.998965 0.316982 1.314304 4.047879 0.272948 
2.441956 3.109098 0.306336 2.496144 3.223283 0.358445 2.375686 3.194341 0.536899 2.322685 3.079472 0.481762 2.045569 2.999085 0.026229 2.046377 3.064423 0.016939 2.029459 3.064410 0.015378 2.028651 2.999072 0.024667 1.316489 4.041731 0.261462 1.320974 3.993136 0.305896 1.308302 4.000325 0.315037 1.303816 4.048920 0.270603 
2.443927 3.110779 0.306348 2.497609 3.225479 0.357844 2.377462 3.196830 0.536555 2.324968 3.081436 0.482033 2.043563 2.965729 0.034330 2.052481 3.031108 0.032871 2.035798 3.033331 0.030544 2.026881 2.967953 0.032003 1.311554 4.041309 0.261751 1.315906 3.992610 0.306085 1.303140 3.999725 0.315153 1.298788 4.048424 0.270819 
2.445728 3.111693 0.306155 2.498735 3.226705 0.357658 2.378803 3.197306 0.536392 2.326988 3.081609 0.481863 2.032249 2.942077 0.030233 2.044674 3.006897 0.030301 2.028111 3.010074 0.028243 2.015686 2.945254 0.028176 1.315110 4.039483 0.264469 1.319149 3.990241 0.308229 1.306488 3.997377 0.317427 1.302449 4.046619 0.273668 
2.447318 3.111454 0.305418 2.499604 3.226577 0.357406 2.379702 3.195787 0.535925 2.328614 3.079997 0.480910 2.022055 2.939098 0.018271 2.035304 3.003742 0.019532 2.018726 3.007168 0.018080 2.005477 2.942524 0.016819 1.320006 4.038642 0.265950 1.324018 3.989099 0.309371 1.311540 3.996313 0.318756 1.307528 4.045857 0.275335 
2.449144 3.109595 0.303463 2.500986 3.224514 0.356338 2.381433 3.191727 0.534735 2.330787 3.076171 0.478826 2.014892 2.948528 0.005624 2.027722 3.013197 0.008686 2.011084 3.016537 0.007858 1.998254 2.951868 0.004796 1.321329 4.039042 0.266646 1.325238 3.989359 0.309916 1.312805 3.996593 0.319346 1.308895 4.046276 0.276076 
2.449975 3.107563 0.301970 2.501594 3.222179 0.355715 2.382008 3.187876 0.533806 2.331588 3.072648 0.477022 2.014814 2.948669 0.005738 2.027644 3.013333 0.008880 2.011012 3.016678 0.007958 1.998182 2.952013 0.004815 1.323007 4.039736 0.267081 1.326887 3.989968 0.310255 1.314512 3.997231 0.319740 1.310633 4.047000 0.276566 
2.451800 3.105955 0.300086 2.503381 3.220331 0.354376 2.384380 3.184741 0.532605 2.333990 3.069773 0.475271 2.012301 2.948113 0.005683 2.025976 3.012484 0.010723 2.009390 3.016073 0.009892 1.995715 2.951702 0.004853 1.324159 4.040546 0.267289 1.328008 3.990734 0.310417 1.315671 3.998021 0.319933 1.311822 4.047832 0.276805 
2.453290 3.104746 0.298639 2.504904 3.218934 0.353291 2.386372 3.182475 0.531658 2.335943 3.067709 0.473954 2.006114 2.942322 0.005406 2.020907 3.006381 0.011206 2.004370 3.010246 0.010689 1.989578 2.946187 0.004889 1.324973 4.041263 0.267320 1.328779 3.991443 0.310441 1.316465 3.998751 0.319971 1.312659 4.048571 0.276849 
2.455278 3.103469 0.296780 2.506923 3.217459 0.351815 2.389129 3.179908 0.530444 2.338658 3.065357 0.472351 1.999105 2.929011 0.005395 2.015723 2.992616 0.011248 1.999295 2.996938 0.010921 1.982678 2.933333 0.005067 1.325659 4.041942 0.267539 1.329434 3.992077 0.310612 1.317139 3.999393 0.320158 1.313363 4.049257 0.277085 
2.456779 3.102307 0.295307 2.508481 3.216110 0.350675 2.391190 3.177732 0.529458 2.340655 3.063382 0.471027 1.991913 2.909192 0.006184 2.011038 2.972118 0.011710 1.994794 2.977085 0.011367 1.975669 2.914159 0.005840 1.326457 4.042657 0.267608 1.330200 3.992777 0.310665 1.317927 4.000110 0.320227 1.314184 4.049990 0.277170 
2.458687 3.101103 0.293509 2.510431 3.214718 0.349222 2.393854 3.175330 0.528253 2.343265 3.061184 0.469470 1.983468 2.881630 0.008379 2.005979 2.943482 0.013234 1.990038 2.949330 0.012647 1.967527 2.887477 0.007792 1.327116 4.043331 0.267813 1.330845 3.993410 0.310825 1.318590 4.000750 0.320406 1.314862 4.050671 0.277394 
2.460239 3.100031 0.292024 2.511956 3.213478 0.348104 2.395863 3.173152 0.527240 2.345295 3.059189 0.468085 1.961111 2.836935 0.016176 1.987372 2.897430 0.013598 1.971786 2.904177 0.013142 1.945525 2.843682 0.015721 1.327866 4.043907 0.268120 1.331483 3.993915 0.311058 1.319241 4.001265 0.320647 1.315624 4.051257 0.277709 
2.462155 3.098921 0.290236 2.514262 3.212158 0.346381 2.399091 3.171386 0.526010 2.348116 3.057642 0.466783 1.947586 2.843605 0.004731 1.978008 2.900562 0.018384 1.962984 2.908486 0.018802 1.932562 2.851529 0.005149 1.326065 4.044211 0.267816 1.329335 3.994229 0.310795 1.317015 4.001581 0.320282 1.313745 4.051562 0.277304 
2.464230 3.097743 0.287385 2.516814 3.210778 0.343491 2.403341 3.169242 0.524025 2.351861 3.055712 0.464824 1.942638 2.847641 0.004955 1.977039 2.894842 0.035690 1.963012 2.904369 0.036760 1.928611 2.857168 0.006025 1.323055 4.044766 0.266961 1.325720 3.994882 0.310093 1.313236 4.002232 0.319365 1.310571 4.052116 0.276232 
2.465876 3.094240 0.282396 2.519580 3.206556 0.338882 2.408481 3.163571 0.520549 2.355836 3.050787 0.460948 1.935622 2.847907 0.004971 1.970534 2.892870 0.038370 1.956709 2.902665 0.039636 1.921797 2.857701 0.006237 1.317478 4.044755 0.265522 1.318972 3.994941 0.308792 1.306212 4.002284 0.317686 1.304718 4.052098 0.274416 
2.467608 3.090683 0.277382 2.522873 3.202211 0.333925 2.414286 3.158464 0.516924 2.360029 3.046486 0.457247 1.921222 2.848100 0.004987 1.956441 2.895641 0.034235 1.942361 2.904983 0.036005 1.907142 2.857442 0.006757 1.309335 4.044593 0.263669 1.309512 3.994829 0.307022 1.296338 4.002066 0.315383 1.296161 4.051830 0.272030 
2.469572 3.087330 0.271233 2.526735 3.198074 0.327431 2.421696 3.153652 0.512329 2.365473 3.042477 0.452973 1.905260 2.848056 0.004898 1.941557 2.897420 0.029427 1.927419 2.906405 0.032267 1.891122 2.857040 0.007738 1.300241 4.044604 0.260674 1.298940 3.994928 0.304109 1.285317 4.002040 0.311834 1.286618 4.051716 0.268399 
2.471149 3.084099 0.264267 2.530407 3.193943 0.320058 2.429308 3.148711 0.506945 2.370914 3.038455 0.447972 1.891899 2.846650 0.004927 1.929834 2.896605 0.025457 1.915931 2.905559 0.029357 1.877996 2.855604 0.008827 1.290498 4.044292 0.256782 1.287558 3.994669 0.300196 1.273464 4.001621 0.307189 1.276405 4.051245 0.263774 
2.472204 3.081126 0.256649 2.533715 3.189994 0.311912 2.436908 3.143889 0.500847 2.376179 3.034631 0.442377 1.868161 2.824160 0.004962 1.907886 2.875790 0.015554 1.894501 2.885115 0.020300 1.854775 2.833485 0.009708 1.279518 4.043501 0.251673 1.274912 3.993899 0.294967 1.260331 4.000629 0.301128 1.264937 4.050231 0.257833 
2.472893 3.078902 0.247917 2.536759 3.186638 0.302725 2.444599 3.139200 0.493643 2.381427 3.031103 0.435606 1.831426 2.783393 0.006106 1.873667 2.834082 0.004615 1.861333 2.844515 0.009878 1.819092 2.793826 0.011369 1.267753 4.042050 0.244970 1.261300 3.992357 0.287923 1.246223 3.998804 0.293115 1.252676 4.048497 0.250163 
2.473199 3.076668 0.238846 2.539389 3.183264 0.293124 2.452016 3.134352 0.485912 2.386429 3.027428 0.428382 1.812085 2.756563 0.011142 1.856979 2.804506 0.004667 1.845459 2.815965 0.009632 1.800564 2.768021 0.016108 1.256389 4.040136 0.236627 1.248225 3.990396 0.279233 1.232712 3.996532 0.283424 1.240876 4.046272 0.240817 
2.472654 3.074174 0.230013 2.541149 3.179614 0.283686 2.458345 3.129364 0.478140 2.390367 3.023626 0.421197 1.782961 2.724920 0.018298 1.829357 2.769857 0.004731 1.818687 2.782258 0.009317 1.772291 2.737321 0.022884 1.246496 4.037618 0.227693 1.236747 3.987757 0.269822 1.220875 3.993561 0.273018 1.230624 4.043422 0.230890 
2.472305 3.071157 0.221025 2.542893 3.175472 0.274181 2.464575 3.123549 0.470048 2.394421 3.018970 0.413608 1.742595 2.687318 0.028631 1.788609 2.728641 0.005585 1.778741 2.741873 0.009609 1.732727 2.700550 0.032655 1.237831 4.034500 0.219077 1.226578 3.984338 0.260466 1.210420 3.989798 0.262691 1.221673 4.039961 0.221302 
2.473076 3.067739 0.214312 2.545012 3.171189 0.267352 2.469684 3.117620 0.463948 2.398126 3.013938 0.407614 1.715350 2.664699 0.036489 1.761657 2.702968 0.009155 1.752343 2.716739 0.012656 1.706036 2.678471 0.039990 1.233107 4.032337 0.212437 1.220583 3.981846 0.253055 1.204269 3.987087 0.254540 1.216792 4.037578 0.213922 
2.473323 3.065279 0.209634 2.546159 3.168093 0.262681 2.472684 3.113335 0.459650 2.400191 3.010311 0.403304 1.719042 2.664385 0.021399 1.773057 2.698473 0.004776 1.764680 2.713021 0.007387 1.710664 2.678934 0.024010 1.230291 4.031093 0.207407 1.217035 3.980552 0.247730 1.200645 3.985667 0.248753 1.213901 4.036207 0.208430 
2.471141 3.061096 0.202898 2.545285 3.162825 0.256225 2.474096 3.106074 0.453469 2.400250 3.004174 0.396836 1.699554 2.651585 0.026821 1.752471 2.684706 0.005401 1.744200 2.699375 0.007650 1.691283 2.666255 0.029070 1.227337 4.030331 0.201460 1.213191 3.979656 0.241309 1.196729 3.984620 0.241777 1.210875 4.035295 0.201928 
2.469356 3.056671 0.197438 2.544299 3.157196 0.251919 2.473822 3.097816 0.448644 2.399160 2.997169 0.390854 1.698667 2.646625 0.031010 1.748646 2.680976 0.004968 1.739884 2.695369 0.007138 1.689905 2.661019 0.033180 1.225947 4.030196 0.197735 1.211090 3.979513 0.237315 1.194610 3.984437 0.237434 1.209467 4.035120 0.197854 
2.468921 3.053515 0.193641 2.544180 3.153199 0.249221 2.473818 3.091640 0.445316 2.398834 2.991873 0.386425 1.700168 2.646049 0.032313 1.749077 2.680924 0.004970 1.740123 2.695196 0.007157 1.691214 2.660321 0.034500 1.225871 4.029985 0.196004 1.210669 3.979270 0.235411 1.194183 3.984174 0.235362 1.209385 4.034889 0.195956 
2.470431 3.052140 0.190113 2.545555 3.151454 0.246530 2.475797 3.087730 0.442149 2.400941 2.988367 0.382420 1.701908 2.645546 0.032608 1.750487 2.680649 0.004970 1.741447 2.694870 0.007142 1.692868 2.659767 0.034781 1.225818 4.029660 0.195587 1.210450 3.978876 0.234841 1.193965 3.983780 0.234732 1.209332 4.034564 0.195478 
2.472594 3.052075 0.187455 2.547364 3.151422 0.244283 2.478487 3.086117 0.439693 2.403976 2.986743 0.379551 1.703049 2.644516 0.032682 1.751503 2.679699 0.004926 1.742419 2.693896 0.007065 1.693965 2.658714 0.034821 1.225235 4.029094 0.195537 1.209719 3.978169 0.234548 1.193233 3.983072 0.234391 1.208749 4.033996 0.195379 
2.473934 3.051736 0.184700 2.548484 3.150995 0.241968 2.480404 3.084153 0.437137 2.406105 2.984889 0.376555 1.701635 2.643287 0.031143 1.751408 2.677848 0.004985 1.742480 2.692172 0.006922 1.692707 2.657612 0.033079 1.224954 4.028655 0.195877 1.209441 3.977622 0.234749 1.192951 3.982511 0.234586 1.208465 4.033544 0.195715 
2.472661 3.049580 0.182000 2.547531 3.148215 0.239925 2.479529 3.080063 0.434668 2.404905 2.981447 0.373428 1.699118 2.638736 0.028226 1.751142 2.672047 0.004991 1.742385 2.686557 0.006186 1.690361 2.653246 0.029421 1.225200 4.029655 0.195234 1.209746 3.978814 0.234378 1.193255 3.983701 0.234215 1.208710 4.034543 0.195070 
2.471841 3.047313 0.177496 2.546968 3.145245 0.236276 2.479758 3.074800 0.430477 2.404863 2.976928 0.368383 1.703004 2.625577 0.030671 1.753458 2.659487 0.004969 1.743994 2.673597 0.005006 1.693540 2.639687 0.030708 1.225818 4.031182 0.194600 1.210389 3.980538 0.234010 1.193901 3.985434 0.233846 1.209331 4.036078 0.194436 
2.471478 3.046179 0.174542 2.546650 3.143773 0.233825 2.480068 3.071833 0.427694 2.405119 2.974323 0.365096 1.704710 2.624660 0.031548 1.754511 2.658934 0.005068 1.744848 2.672908 0.004982 1.695047 2.638634 0.031462 1.226117 4.031962 0.194586 1.210654 3.981334 0.234002 1.194170 3.986240 0.233838 1.209632 4.036868 0.194421 
2.469928 3.043856 0.170399 2.545463 3.140689 0.230463 2.479416 3.066796 0.423779 2.404092 2.970081 0.360401 1.705617 2.619067 0.031916 1.755628 2.653183 0.005630 1.745794 2.667017 0.004874 1.695783 2.632900 0.031160 1.226264 4.032609 0.194186 1.210862 3.982093 0.233770 1.194375 3.986989 0.233603 1.209777 4.037505 0.194019 
2.467260 3.040672 0.165954 2.543334 3.136452 0.227018 2.477519 3.060399 0.419574 2.401648 2.964779 0.355197 1.707215 2.612150 0.033079 1.757017 2.646325 0.006475 1.746878 2.659865 0.004888 1.697076 2.625690 0.031492 1.226646 4.033828 0.193404 1.211308 3.983545 0.233309 1.194820 3.988442 0.233141 1.210159 4.038725 0.193237 
2.465028 3.037594 0.161409 2.541466 3.132293 0.223692 2.475713 3.053742 0.415265 2.399474 2.959249 0.349671 1.715033 2.605603 0.033717 1.764857 2.640096 0.007568 1.754384 2.653207 0.004908 1.704560 2.618714 0.031057 1.227128 4.035142 0.192639 1.211800 3.985102 0.232851 1.195318 3.990016 0.232685 1.210646 4.040056 0.192472 
2.463397 3.035822 0.159192 2.540010 3.129885 0.222220 2.474048 3.049996 0.413167 2.397636 2.956164 0.346829 1.728492 2.603887 0.032151 1.779346 2.638702 0.008532 1.768859 2.651574 0.004926 1.718005 2.616759 0.028546 1.227372 4.035554 0.192431 1.212040 3.985583 0.232728 1.195560 3.990504 0.232560 1.210892 4.040476 0.192264 
2.462946 3.035917 0.158402 2.539475 3.129978 0.221535 2.473820 3.049627 0.412393 2.397489 2.955803 0.345952 1.742895 2.602601 0.031245 1.794074 2.637960 0.009188 1.783523 2.650580 0.004937 1.732344 2.615221 0.026993 1.227053 4.034713 0.193050 1.211678 3.984556 0.233099 1.195197 3.989472 0.232929 1.210571 4.039629 0.192881 
2.462892 3.036538 0.158495 2.539185 3.130815 0.221591 2.473662 3.050431 0.412480 2.397566 2.956389 0.346076 1.759916 2.601950 0.030153 1.811345 2.637951 0.009781 1.800764 2.650341 0.004965 1.749335 2.614340 0.025337 1.226364 4.032840 0.194385 1.210911 3.982277 0.233890 1.194426 3.987179 0.233715 1.209878 4.037742 0.194210 
2.462998 3.037395 0.159111 2.538909 3.131947 0.222257 2.473311 3.051520 0.413103 2.397602 2.957201 0.346648 1.778494 2.601464 0.028893 1.830141 2.638148 0.010375 1.819571 2.650312 0.004993 1.767924 2.613628 0.023511 1.225391 4.030174 0.196052 1.209887 3.979090 0.234860 1.193391 3.983959 0.234678 1.208895 4.035043 0.195870 
2.463665 3.037782 0.158693 2.539385 3.132427 0.221927 2.474026 3.051629 0.412698 2.398506 2.957222 0.346155 1.790655 2.601184 0.028288 1.842271 2.638400 0.010777 1.831684 2.650363 0.004993 1.780067 2.613146 0.022504 1.224574 4.027982 0.197346 1.209007 3.976500 0.235600 1.192506 3.981349 0.235409 1.208072 4.032830 0.197156 
2.463929 3.037832 0.158341 2.539631 3.132481 0.221591 2.474438 3.051518 0.412348 2.398934 2.957109 0.345790 1.793705 2.601138 0.028026 1.845378 2.638460 0.010907 1.834811 2.650376 0.004992 1.783138 2.613054 0.022110 1.224454 4.027579 0.197420 1.208902 3.976059 0.235628 1.192399 3.980901 0.235440 1.207951 4.032421 0.197231 
2.463929 3.037831 0.158332 2.539632 3.132479 0.221582 2.474440 3.051515 0.412339 2.398935 2.957107 0.345781 1.793926 2.601146 0.027925 1.845648 2.638453 0.010926 1.835099 2.650375 0.004991 1.783376 2.613068 0.021989 1.224456 4.027578 0.197421 1.208904 3.976059 0.235630 1.192401 3.980901 0.235441 1.207952 4.032421 0.197233 
2.463929 3.037830 0.158323 2.539633 3.132478 0.221573 2.474442 3.051514 0.412331 2.398936 2.957105 0.345772 1.794033 2.601150 0.027871 1.845782 2.638449 0.010935 1.835241 2.650374 0.004990 1.783492 2.613075 0.021926 1.224457 4.027578 0.197422 1.208906 3.976059 0.235631 1.192402 3.980901 0.235443 1.207954 4.032420 0.197234 
2.463930 3.037830 0.158316 2.539634 3.132478 0.221565 2.474444 3.051513 0.412324 2.398938 2.957105 0.345765 1.794090 2.601152 0.027844 1.845852 2.638448 0.010939 1.835316 2.650374 0.004989 1.783554 2.613079 0.021894 1.224458 4.027578 0.197424 1.208907 3.976058 0.235632 1.192404 3.980900 0.235444 1.207955 4.032420 0.197236 
2.463930 3.037830 0.158309 2.539634 3.132478 0.221558 2.474446 3.051512 0.412317 2.398940 2.957104 0.345759 1.794131 2.601153 0.027833 1.845898 2.638448 0.010942 1.835363 2.650374 0.004988 1.783597 2.613079 0.021879 1.224459 4.027578 0.197425 1.208909 3.976058 0.235633 1.192405 3.980900 0.235445 1.207956 4.032420 0.197237 
2.463930 3.037829 0.158303 2.539635 3.132477 0.221552 2.474448 3.051511 0.412310 2.398941 2.957103 0.345753 1.794152 2.601153 0.027827 1.845921 2.638448 0.010942 1.835387 2.650374 0.004987 1.783618 2.613079 0.021872 1.224460 4.027577 0.197426 1.208910 3.976058 0.235634 1.192406 3.980900 0.235446 1.207957 4.032420 0.197238 
2.463954 3.037806 0.158267 2.539667 3.132454 0.221506 2.474489 3.051499 0.412273 2.398975 2.957091 0.345725 1.794163 2.601153 0.027827 1.845931 2.638449 0.010944 1.835397 2.650374 0.004987 1.783629 2.613078 0.021870 1.224456 4.027572 0.197428 1.208907 3.976052 0.235636 1.192404 3.980893 0.235448 1.207952 4.032414 0.197240 
2.463932 3.037798 0.158279 2.539641 3.132444 0.221526 2.474447 3.051488 0.412286 2.398936 2.957082 0.345731 1.794257 2.601225 0.027729 1.846047 2.638519 0.010908 1.835521 2.650447 0.004944 1.783731 2.613153 0.021765 1.224454 4.027578 0.197424 1.208908 3.976058 0.235634 1.192404 3.980899 0.235446 1.207951 4.032419 0.197236 
2.463922 3.037791 0.158271 2.539632 3.132435 0.221519 2.474436 3.051476 0.412278 2.398925 2.957072 0.345721 1.794384 2.601223 0.027724 1.846191 2.638514 0.010950 1.835671 2.650442 0.004975 1.783863 2.613151 0.021750 1.224449 4.027574 0.197423 1.208905 3.976054 0.235634 1.192401 3.980894 0.235447 1.207945 4.032414 0.197236 
2.463905 3.037779 0.158267 2.539616 3.132420 0.221519 2.474414 3.051460 0.412275 2.398901 2.957059 0.345714 1.794530 2.601291 0.027631 1.846364 2.638578 0.010932 1.835853 2.650510 0.004948 1.784019 2.613223 0.021647 1.224443 4.027570 0.197423 1.208902 3.976050 0.235634 1.192398 3.980889 0.235447 1.207939 4.032410 0.197235 
2.463896 3.037775 0.158266 2.539607 3.132415 0.221519 2.474402 3.051455 0.412274 2.398889 2.957055 0.345713 1.794586 2.601290 0.027635 1.846427 2.638576 0.010953 1.835918 2.650508 0.004965 1.784077 2.613222 0.021646 1.224440 4.027569 0.197422 1.208901 3.976048 0.235634 1.192397 3.980887 0.235447 1.207936 4.032408 0.197235 
2.463879 3.037765 0.158268 2.539590 3.132403 0.221525 2.474376 3.051443 0.412276 2.398863 2.957045 0.345711 1.794691 2.601287 0.027639 1.846543 2.638573 0.010991 1.836038 2.650504 0.004993 1.784187 2.613218 0.021641 1.224424 4.027547 0.197429 1.208890 3.976022 0.235638 1.192386 3.980860 0.235451 1.207920 4.032384 0.197242 
2.463844 3.037746 0.158276 2.539558 3.132378 0.221536 2.474330 3.051421 0.412285 2.398815 2.957028 0.345715 1.794847 2.601355 0.027556 1.846723 2.638640 0.010979 1.836227 2.650572 0.004971 1.784351 2.613288 0.021547 1.224394 4.027524 0.197432 1.208869 3.975997 0.235640 1.192363 3.980831 0.235453 1.207889 4.032358 0.197244 
2.463819 3.037730 0.158279 2.539536 3.132359 0.221541 2.474299 3.051405 0.412289 2.398781 2.957016 0.345718 1.794923 2.601354 0.027563 1.846805 2.638638 0.011007 1.836311 2.650569 0.004991 1.784429 2.613285 0.021548 1.224391 4.027525 0.197428 1.208868 3.975998 0.235638 1.192362 3.980832 0.235451 1.207885 4.032358 0.197240 
2.463800 3.037718 0.158279 2.539521 3.132344 0.221542 2.474280 3.051395 0.412289 2.398758 2.957009 0.345718 1.795025 2.601422 0.027477 1.846926 2.638706 0.010976 1.836439 2.650639 0.004954 1.784538 2.613356 0.021456 1.224381 4.027518 0.197425 1.208863 3.975991 0.235637 1.192357 3.980823 0.235450 1.207875 4.032350 0.197238 
2.463802 3.037721 0.158277 2.539524 3.132348 0.221537 2.474286 3.051402 0.412286 2.398763 2.957014 0.345718 1.795027 2.601423 0.027482 1.846926 2.638706 0.010979 1.836439 2.650640 0.004957 1.784539 2.613356 0.021460 1.224383 4.027521 0.197423 1.208866 3.975994 0.235636 1.192359 3.980826 0.235449 1.207877 4.032353 0.197236 
2.463804 3.037723 0.158276 2.539526 3.132351 0.221533 2.474291 3.051407 0.412284 2.398767 2.957019 0.345718 1.795028 2.601423 0.027486 1.846927 2.638707 0.010981 1.836439 2.650640 0.004959 1.784540 2.613356 0.021464 1.224385 4.027524 0.197422 1.208868 3.975998 0.235635 1.192362 3.980830 0.235448 1.207879 4.032356 0.197235 
2.463783 3.037715 0.158287 2.539508 3.132342 0.221544 2.474265 3.051406 0.412296 2.398739 2.957019 0.345731 1.795102 2.601422 0.027494 1.847008 2.638705 0.011011 1.836523 2.650637 0.004982 1.784617 2.613353 0.021465 1.224380 4.027524 0.197419 1.208866 3.975998 0.235634 1.192360 3.980829 0.235447 1.207874 4.032355 0.197231 
2.463757 3.037703 0.158301 2.539484 3.132328 0.221558 2.474230 3.051399 0.412310 2.398703 2.957014 0.345744 1.795193 2.601492 0.027406 1.847117 2.638774 0.010975 1.836638 2.650709 0.004940 1.784714 2.613426 0.021371 1.224375 4.027524 0.197415 1.208864 3.975999 0.235632 1.192357 3.980829 0.235445 1.207868 4.032354 0.197228 
2.463735 3.037696 0.158320 2.539462 3.132319 0.221578 2.474196 3.051399 0.412329 2.398667 2.957015 0.345762 1.795223 2.601491 0.027415 1.847148 2.638775 0.010990 1.836669 2.650708 0.004952 1.784745 2.613424 0.021376 1.224374 4.027527 0.197411 1.208864 3.976003 0.235630 1.192357 3.980833 0.235442 1.207867 4.032357 0.197224 
2.463721 3.037690 0.158328 2.539450 3.132313 0.221585 2.474179 3.051398 0.412336 2.398649 2.957014 0.345770 1.795248 2.601491 0.027422 1.847174 2.638775 0.011002 1.836696 2.650707 0.004961 1.784770 2.613423 0.021380 1.224372 4.027529 0.197408 1.208864 3.976004 0.235628 1.192357 3.980834 0.235441 1.207865 4.032358 0.197221 
2.463708 3.037684 0.158335 2.539438 3.132307 0.221592 2.474161 3.051396 0.412343 2.398631 2.957013 0.345777 1.795273 2.601490 0.027428 1.847200 2.638775 0.011014 1.836722 2.650707 0.004970 1.784796 2.613422 0.021384 1.224370 4.027530 0.197406 1.208864 3.976006 0.235627 1.192357 3.980835 0.235440 1.207863 4.032359 0.197219 
2.463686 3.037676 0.158351 2.539417 3.132296 0.221609 2.474129 3.051393 0.412360 2.398597 2.957012 0.345793 1.795303 2.601490 0.027434 1.847231 2.638776 0.011026 1.836754 2.650706 0.004978 1.784826 2.613419 0.021386 1.224368 4.027533 0.197402 1.208863 3.976010 0.235625 1.192356 3.980838 0.235438 1.207861 4.032362 0.197215 
