2.147689 0.346606 0.004991 2.130308 -0.034071 0.004982 2.396626 0.144258 0.004933 2.260391 0.257956 0.004992 1.971755 0.170900 0.004663 2.061358 0.101645 0.004840 
2.147570 0.346611 0.004990 2.130228 -0.034067 0.004984 2.396627 0.144271 0.004933 2.260356 0.258001 0.004990 1.971753 0.170837 0.004690 2.061286 0.101739 0.004853 
2.147308 0.346622 0.004986 2.130001 -0.034056 0.004983 2.396628 0.144276 0.004933 2.260267 0.258115 0.004986 1.971750 0.170750 0.004718 2.061156 0.101907 0.004865 
2.147234 0.346625 0.004985 2.129953 -0.034053 0.004983 2.396629 0.144294 0.004933 2.260242 0.258148 0.004984 1.971748 0.170697 0.004740 2.061100 0.101979 0.004874 
2.147623 0.346611 0.004985 2.130367 -0.034074 0.004983 2.396632 0.144330 0.004932 2.260395 0.257953 0.004983 1.971747 0.170662 0.004759 2.061226 0.101817 0.004883 
2.148456 0.346580 0.004984 2.131220 -0.034118 0.004984 2.396640 0.144420 0.004930 2.260710 0.257550 0.004980 1.971747 0.170670 0.004776 2.061516 0.101444 0.004891 
2.149767 0.346531 0.004981 2.132547 -0.034186 0.004985 2.396649 0.144544 0.004928 2.261210 0.256913 0.004977 1.971747 0.170676 0.004795 2.061985 0.100841 0.004900 
2.151591 0.346464 0.004978 2.134382 -0.034281 0.004985 2.396663 0.144719 0.004926 2.261901 0.256030 0.004973 1.971748 0.170701 0.004815 2.062642 0.099994 0.004909 
2.153881 0.346378 0.004975 2.136681 -0.034400 0.004986 2.396685 0.145010 0.004923 2.262729 0.254973 0.004969 1.971752 0.170828 0.004836 2.063436 0.098973 0.004919 
2.156743 0.346301 0.004973 2.139002 -0.034552 0.005069 2.396709 0.145123 0.004780 2.263469 0.254010 0.004925 1.971619 0.171299 0.004854 2.064401 0.097731 0.004959 
2.160230 0.346236 0.004970 2.142179 -0.034716 0.005055 2.396771 0.145940 0.004795 2.264451 0.252762 0.004925 1.971292 0.172237 0.004876 2.065314 0.096617 0.004963 
2.163991 0.346181 0.004975 2.145721 -0.034898 0.005044 2.396854 0.147030 0.004806 2.265458 0.251496 0.004923 1.970808 0.173610 0.004993 2.066122 0.095678 0.005017 
2.166808 0.346156 0.005015 2.149647 -0.035086 0.005035 2.396967 0.148434 0.004819 2.266489 0.250186 0.004917 1.970346 0.175039 0.005524 2.066368 0.095450 0.005279 
2.168205 0.346167 0.005121 2.154065 -0.035201 0.005019 2.397165 0.149967 0.004843 2.267600 0.248804 0.004924 1.969933 0.176456 0.006675 2.065821 0.096296 0.005855 
2.169154 0.346232 0.005257 2.158587 -0.034933 0.005022 2.397560 0.151449 0.004847 2.268753 0.247423 0.004925 1.969318 0.177747 0.008333 2.064794 0.097923 0.006695 
2.162292 -0.034147 0.005255 2.170048 0.346352 0.005417 1.968333 0.179606 0.010376 2.063823 0.099714 0.007839 2.398242 0.152187 0.004656 2.269811 0.246216 0.004869 
2.164936 -0.032699 0.005939 2.170378 0.346538 0.005627 1.967108 0.181544 0.013057 2.062945 0.101644 0.009511 2.399167 0.153285 0.004680 2.271291 0.244542 0.004878 
2.167037 -0.031311 0.007030 2.170220 0.346857 0.005894 1.965511 0.183885 0.016339 2.062017 0.103607 0.011679 2.400246 0.153989 0.004648 2.272890 0.242530 0.004887 
2.168520 -0.029417 0.008421 2.170245 0.347138 0.006170 1.963915 0.186286 0.020073 2.061162 0.105616 0.014199 2.401079 0.155722 0.004642 2.274675 0.240281 0.004884 
2.169440 -0.027045 0.010146 2.170004 0.347479 0.006524 1.962040 0.189242 0.024487 2.060225 0.107978 0.017212 2.402130 0.157679 0.004617 2.276550 0.237867 0.004890 
2.169957 -0.024286 0.012235 2.168595 0.348009 0.007035 1.959693 0.192736 0.029885 2.058948 0.110951 0.020896 2.403482 0.160007 0.004579 2.278513 0.235135 0.004901 
2.178659 -0.024276 0.011937 2.169274 0.352716 0.014936 1.958796 0.184970 0.044972 2.043117 0.135861 0.030368 2.405133 0.163039 0.004463 2.271482 0.247364 0.009510 
2.194940 -0.027647 0.009388 2.178283 0.368073 0.027349 1.963875 0.184668 0.060476 2.027373 0.172379 0.042820 2.407439 0.170400 0.004556 2.264665 0.270951 0.018360 
2.184257 0.385622 0.039400 2.208516 -0.029299 0.007486 2.409271 0.177122 0.004451 2.259276 0.293562 0.027700 1.966543 0.187992 0.075652 2.015754 0.206017 0.056815 
2.187130 0.405983 0.056126 2.220097 -0.029775 0.006118 2.410714 0.183201 0.004216 2.250967 0.322418 0.041688 1.967645 0.193921 0.096000 2.003028 0.244851 0.077694 
2.167940 0.433877 0.065053 2.224502 -0.029318 0.006878 2.411800 0.186161 0.003424 2.254017 0.332643 0.044548 1.968177 0.187900 0.115641 1.999131 0.272202 0.093410 
2.155078 0.479889 0.074052 2.228378 -0.029817 0.007882 2.412688 0.191813 0.002569 2.267852 0.343504 0.045051 1.983605 0.192952 0.123778 2.011366 0.297087 0.098124 
2.143009 0.525709 0.084440 2.231366 -0.030083 0.010185 2.412659 0.191719 0.000761 2.277973 0.355914 0.046671 1.998134 0.204084 0.131120 2.023863 0.317975 0.101753 
2.125038 0.575573 0.097761 2.233499 -0.030271 0.012522 2.412915 0.192402 -0.001158 2.287262 0.369319 0.048656 2.018097 0.220497 0.135672 2.037502 0.338702 0.104732 
2.082243 0.614263 0.103736 2.234228 -0.029608 0.015422 2.413045 0.190636 -0.003302 2.296529 0.367427 0.041137 2.046801 0.230840 0.129469 2.051100 0.348057 0.098989 
2.235486 -0.029425 0.017732 2.037557 0.647112 0.109482 2.089632 0.246147 0.116621 2.068635 0.356195 0.089649 2.413549 0.193362 -0.005356 2.306361 0.365583 0.033572 
2.236330 -0.029170 0.020356 2.001882 0.670184 0.115762 2.080749 0.345303 0.069773 2.413923 0.195312 -0.007696 2.335427 0.332539 0.050580 2.312136 0.378633 0.034083 
2.236844 -0.028799 0.023088 1.993527 0.700012 0.117778 2.087900 0.358321 0.068740 2.414406 0.197955 -0.010278 2.361385 0.384278 0.038504 2.324914 0.386677 0.030722 
2.236987 -0.028102 0.026949 2.002537 0.726146 0.114960 2.092876 0.371726 0.069346 2.413999 0.195448 -0.013134 2.369374 0.426010 0.029781 2.331113 0.399064 0.029576 
2.237075 -0.027328 0.030617 2.016108 0.743997 0.107507 2.098371 0.383959 0.068076 2.413874 0.194640 -0.016048 2.376145 0.461546 0.021150 2.337402 0.409821 0.027036 
2.237054 -0.026437 0.034270 2.029311 0.753861 0.094556 2.103776 0.393040 0.063735 2.413907 0.194784 -0.019155 2.383442 0.484977 0.012227 2.343372 0.417276 0.021964 
2.236808 -0.025416 0.037899 2.044949 0.764352 0.081062 2.109909 0.404093 0.059135 2.414197 0.196476 -0.022685 2.392055 0.513050 0.003448 2.350233 0.426851 0.017074 
2.236217 -0.024059 0.042101 2.057218 0.775266 0.066287 2.115300 0.415023 0.053616 2.414263 0.196786 -0.026497 2.399647 0.540210 -0.006832 2.356244 0.436430 0.010845 
2.070019 0.791742 0.053255 2.235253 -0.022378 0.046653 2.120866 0.429927 0.049051 2.407058 0.578317 -0.016954 2.414337 0.197123 -0.030756 2.362566 0.450428 0.005432 
2.082183 0.798422 0.038700 2.237171 -0.023156 0.054327 2.119711 0.438451 0.045729 2.421867 0.562633 -0.007065 2.407854 0.187450 -0.033233 2.360569 0.473572 0.004907 
2.096148 0.799138 0.025985 2.228330 -0.026291 0.065140 2.115714 0.440503 0.045223 2.429510 0.563528 0.001038 2.391636 0.183529 -0.036012 2.354802 0.492876 0.004899 
2.100995 0.795236 0.019594 2.214912 -0.028800 0.075545 2.113114 0.444758 0.046336 2.434860 0.581294 0.004665 2.378086 0.184419 -0.039333 2.351026 0.510635 0.004987 
2.101587 0.786708 0.017794 2.191081 -0.031517 0.090029 2.113575 0.449382 0.049972 2.439066 0.604561 0.006394 2.368039 0.178827 -0.041178 2.350550 0.526639 0.005445 
2.096837 0.778483 0.017299 2.165151 -0.039542 0.112827 2.112441 0.449048 0.056872 2.439041 0.619921 0.005491 2.359644 0.163336 -0.036239 2.348927 0.530610 0.006920 
2.104466 0.781499 0.015601 2.162931 -0.051386 0.132512 2.112898 0.446968 0.063270 2.435655 0.629242 0.006200 2.350169 0.481848 0.035229 
2.112087 0.783186 0.013638 2.162689 -0.061830 0.147570 2.114535 0.445976 0.067142 2.435772 0.636924 0.008095 2.351837 0.485357 0.039077 
2.119447 0.782564 0.011579 2.170129 -0.068790 0.157122 2.439973 0.644300 0.011046 2.357152 0.492007 0.041226 2.115361 0.487937 0.040656 2.143904 0.140753 0.026043 
2.126723 0.781211 0.009464 2.194019 -0.074224 0.162087 2.445998 0.651017 0.014168 2.366701 0.498642 0.043152 2.124272 0.486111 0.040222 2.158884 0.132637 0.028663 
2.133515 0.778920 0.007342 2.227124 -0.078933 0.164936 2.453346 0.658430 0.017043 2.379044 0.504861 0.044909 2.136590 0.482490 0.039120 2.181220 0.123782 0.030275 
2.140421 0.775739 0.004834 2.265717 -0.083154 0.166303 2.462489 0.666478 0.019946 2.393401 0.510861 0.046415 2.151674 0.477202 0.037204 2.208848 0.114301 0.030882 
2.139349 0.770838 0.004675 2.308056 -0.085607 0.165479 2.464182 0.680402 0.017075 2.407754 0.514785 0.046506 2.166750 0.474645 0.036396 2.240621 0.106075 0.029683 
2.133923 0.767435 0.004729 2.346716 -0.084548 0.160889 2.463250 0.696964 0.012864 2.418825 0.520085 0.045188 2.178858 0.474201 0.034592 2.270699 0.101375 0.025741 
2.129248 0.764226 0.004795 2.376406 -0.079785 0.150740 2.464194 0.709587 0.010354 2.426500 0.528504 0.041597 2.187540 0.476665 0.031039 2.292724 0.102731 0.017797 
2.125876 0.761647 0.004853 2.396174 -0.073789 0.136586 2.465282 0.719151 0.007981 2.430866 0.537782 0.035944 2.192725 0.480856 0.026306 2.306172 0.107785 0.006865 
2.123116 0.759283 0.004920 2.408932 -0.068365 0.120081 2.466581 0.726724 0.005367 2.433022 0.546454 0.029164 2.195588 0.485492 0.020962 2.314083 0.114232 -0.005988 
2.124287 0.760963 0.004626 2.422750 -0.068618 0.114440 2.472045 0.722920 0.005448 2.434610 0.543352 0.028935 2.197575 0.481645 0.020251 2.313783 0.119683 -0.011435 
2.125342 0.762683 0.004622 2.426960 -0.067823 0.112107 2.475557 0.719595 0.004973 2.434930 0.540416 0.028740 2.198141 0.479101 0.020110 2.313712 0.121158 -0.012414 
2.127672 0.765650 0.004660 2.425941 -0.067419 0.112632 2.479053 0.716459 0.004975 2.435219 0.538874 0.028705 2.199181 0.476314 0.020711 2.313656 0.123179 -0.011312 
2.130329 0.769501 0.004737 2.424234 -0.067072 0.114183 2.481981 0.713454 0.004822 2.435451 0.537750 0.028734 2.200110 0.473946 0.021504 2.314438 0.122862 -0.008886 
2.132335 0.772426 0.005189 2.421585 -0.066595 0.116249 2.484844 0.710654 0.004780 2.435698 0.536836 0.028847 2.200981 0.472023 0.022641 2.315426 0.122181 -0.005952 
2.132944 0.773745 0.006236 2.419245 -0.066150 0.118156 2.487309 0.708554 0.004601 2.435983 0.535856 0.028973 2.201700 0.470601 0.024149 2.316305 0.121686 -0.003214 
2.134670 0.779893 0.007411 2.385753 -0.066456 0.127976 2.489020 0.703977 0.004003 2.434781 0.534624 0.028747 2.206222 0.462277 0.029922 2.306472 0.174515 -0.008739 
2.139305 0.792442 0.007420 2.356232 -0.065327 0.146527 2.222631 0.419538 0.061345 2.491835 0.695087 0.003606 2.525361 0.261374 -0.055975 2.428520 0.563050 0.012744 
2.143946 0.803021 0.008107 2.333539 -0.065646 0.165792 2.227227 0.409966 0.069372 2.491277 0.690239 0.001789 2.539479 0.294004 -0.046280 2.436373 0.547005 0.019790 
2.148059 0.810359 0.008945 2.328570 -0.075703 0.177224 2.231921 0.402722 0.074056 2.489943 0.687536 -0.000583 2.552698 0.294905 -0.043008 2.441903 0.537137 0.023230 
2.147301 0.809560 0.010218 2.318881 -0.084871 0.180482 2.233343 0.399607 0.073937 2.490853 0.686567 -0.002462 2.558001 0.298407 -0.048581 2.443467 0.533603 0.022051 
2.146501 0.808751 0.011577 2.316148 -0.090738 0.176165 2.236452 0.398730 0.070632 2.492374 0.684952 -0.004549 2.563811 0.310033 -0.056998 2.445759 0.533696 0.018563 
2.145747 0.807916 0.013480 2.320890 -0.093563 0.165610 2.241424 0.399113 0.065412 2.493302 0.683644 -0.007431 2.570100 0.327743 -0.066110 2.449181 0.535751 0.013570 
2.145082 0.807035 0.015946 2.334575 -0.095786 0.151423 2.249648 0.399217 0.059550 2.493948 0.682625 -0.011118 2.580323 0.348275 -0.074056 2.455180 0.537946 0.008249 
2.144895 0.806999 0.019631 2.354512 -0.100909 0.137602 2.258671 0.397009 0.055825 2.491521 0.683182 -0.016446 2.592102 0.368997 -0.076351 2.463216 0.534957 0.004767 
2.145214 0.806690 0.023324 2.365556 -0.095584 0.126614 2.268866 0.390243 0.055366 2.490259 0.683223 -0.021546 2.626620 0.359431 -0.073159 2.475387 0.525480 0.004906 
2.146854 0.807631 0.027601 2.394936 -0.100625 0.112258 2.277975 0.384026 0.054434 2.486816 0.683943 -0.027082 2.640163 0.368755 -0.068182 2.485947 0.515150 0.004880 
2.155330 0.815818 0.032112 2.415935 -0.104160 0.099789 2.280918 0.379203 0.054094 2.478008 0.681137 -0.032112 2.639655 0.381369 -0.061310 2.490757 0.504276 0.004881 
2.162138 0.824674 0.036073 2.424408 -0.103050 0.092484 2.282528 0.376367 0.054759 2.470863 0.680973 -0.035971 2.641632 0.383493 -0.056949 2.494066 0.496342 0.004877 
2.163074 0.827401 0.038674 2.422790 -0.099289 0.088821 2.283461 0.374116 0.055504 2.647789 0.382711 -0.053467 2.470130 0.677692 -0.038258 2.496674 0.490547 0.004863 
2.159871 0.825167 0.041247 2.417464 -0.094942 0.087544 2.284288 0.371746 0.056819 2.654382 0.380841 -0.050305 2.471150 0.674729 -0.039824 2.499020 0.485441 0.004875 
2.409402 -0.090253 0.088579 2.154115 0.820302 0.044950 2.285153 0.369777 0.059296 2.661078 0.377489 -0.047756 2.471185 0.673436 -0.041236 2.501202 0.480755 0.004891 
2.405360 -0.086759 0.088709 2.148296 0.815185 0.049371 2.285832 0.368772 0.061846 2.665688 0.375253 -0.045611 2.469939 0.673524 -0.042587 2.503159 0.476568 0.004914 
2.404764 -0.084866 0.088253 2.145126 0.812677 0.053151 2.286582 0.368009 0.063874 2.668354 0.373954 -0.044083 2.468087 0.673990 -0.043841 2.504818 0.473015 0.004917 
2.406307 -0.083874 0.087563 2.144347 0.812676 0.055851 2.287288 0.367512 0.065362 2.669591 0.373214 -0.043144 2.466371 0.673874 -0.044851 2.506042 0.470367 0.004935 
2.406858 -0.082890 0.087459 2.143881 0.812612 0.057781 2.287669 0.367426 0.066528 2.670726 0.372990 -0.042574 2.465265 0.673855 -0.045438 2.506752 0.468849 0.004948 
2.409445 -0.082876 0.086201 2.144984 0.814255 0.058172 2.287723 0.367641 0.066587 2.670984 0.374928 -0.041950 2.465556 0.672799 -0.045806 2.507071 0.468249 0.004967 
2.414166 -0.083673 0.084105 2.148112 0.817879 0.057767 2.287765 0.367906 0.066117 2.670214 0.378009 -0.041287 2.465689 0.671041 -0.046223 2.507249 0.467830 0.004977 
2.417771 -0.084405 0.083006 2.150601 0.820835 0.057601 2.287884 0.368152 0.066028 2.669343 0.379301 -0.041315 2.465316 0.670247 -0.046585 2.507316 0.467672 0.004973 
2.421271 -0.085296 0.082286 2.153194 0.823941 0.057442 2.288056 0.368466 0.066073 2.668178 0.379749 -0.041748 2.464553 0.669836 -0.046908 2.507293 0.467726 0.004970 
2.423549 -0.086102 0.082138 2.154970 0.825880 0.057104 2.288188 0.368561 0.066073 2.667140 0.380342 -0.042132 2.464499 0.669290 -0.047084 2.507182 0.467945 0.004963 
2.425707 -0.087215 0.082953 2.157076 0.827862 0.056501 2.288538 0.368356 0.066264 2.665353 0.380062 -0.043026 2.464445 0.668975 -0.047125 2.506954 0.468433 0.004972 
2.426503 -0.088088 0.084481 2.158259 0.828739 0.055490 2.288847 0.367808 0.066339 2.663972 0.379469 -0.044037 2.465761 0.668126 -0.046985 2.506611 0.469200 0.005002 
2.427153 -0.089141 0.086720 2.159599 0.829445 0.054220 2.289369 0.366828 0.066495 2.662080 0.378038 -0.045445 2.467451 0.667234 -0.046757 2.506230 0.470032 0.005015 
2.426994 -0.089926 0.089356 2.160653 0.829753 0.052614 2.290008 0.365360 0.066532 2.660527 0.376200 -0.046846 2.470279 0.665509 -0.046465 2.505898 0.470758 0.005029 
2.425078 -0.090352 0.093540 2.160750 0.829054 0.051026 2.291027 0.363159 0.067010 2.659374 0.372167 -0.048706 2.473865 0.663510 -0.046107 2.505671 0.471289 0.005063 
2.425179 -0.091013 0.096536 2.162079 0.830100 0.049715 2.292200 0.361112 0.067440 2.657904 0.368326 -0.050282 2.476589 0.660962 -0.046051 2.505697 0.471224 0.005075 
2.162281 0.830127 0.048826 2.424005 -0.091042 0.099793 2.293604 0.358523 0.068133 2.657349 0.363631 -0.051495 2.479673 0.658035 -0.046154 2.506091 0.470359 0.005089 
2.161999 0.830138 0.049007 2.424119 -0.090805 0.101288 2.294974 0.356146 0.068953 2.657413 0.359581 -0.051857 2.481399 0.655434 -0.046792 2.507018 0.468309 0.005096 
2.160044 0.828710 0.050108 2.423288 -0.089903 0.102031 2.296307 0.353559 0.069906 2.658671 0.356379 -0.051269 2.482737 0.653396 -0.047836 2.508453 0.465172 0.005103 
2.423377 -0.088510 0.100742 2.158165 0.827888 0.052155 2.297463 0.351368 0.070753 2.660840 0.354509 -0.049702 2.482677 0.651226 -0.049436 2.510356 0.460972 0.005109 
2.423374 -0.086712 0.098606 2.155198 0.826186 0.054933 2.298490 0.349384 0.071608 2.663647 0.353264 -0.047610 2.482502 0.648705 -0.051239 2.512510 0.456223 0.005108 
2.426838 -0.085335 0.093700 2.153366 0.826430 0.058787 2.299209 0.348615 0.072265 2.666217 0.353628 -0.044933 2.479730 0.646721 -0.053585 2.514882 0.450962 0.005092 
2.432225 -0.084422 0.086612 2.151093 0.825950 0.063156 2.299433 0.348508 0.072218 2.668741 0.358112 -0.040868 2.476187 0.646208 -0.055984 2.517354 0.445445 0.005070 
2.436446 -0.083626 0.080952 2.148350 0.824584 0.067878 2.299785 0.348353 0.072592 2.671056 0.361514 -0.037162 2.471828 0.647777 -0.058122 2.519660 0.440295 0.005042 
2.606395 0.824966 0.028534 2.145306 0.822606 0.072082 2.850530 0.277848 0.015432 3.006319 0.407361 0.014060 2.438673 -0.082778 0.077278 2.300247 0.348006 0.073212 
2.609411 0.822867 0.028593 2.143336 0.821513 0.075217 2.849527 0.274847 0.014362 3.001874 0.402294 0.010180 2.439875 -0.081920 0.075412 2.300793 0.347656 0.073984 
2.610811 0.822720 0.028847 2.142458 0.821230 0.077035 2.849010 0.274161 0.014069 3.001507 0.402823 0.008851 2.440499 -0.081375 0.074480 2.301103 0.347604 0.074500 
2.611176 0.822678 0.028908 2.142527 0.821374 0.077384 2.849092 0.274189 0.014094 3.002155 0.403095 0.009161 2.440861 -0.081350 0.074382 2.301183 0.347642 0.074676 
2.610628 0.822758 0.028830 2.142764 0.821266 0.076833 2.849620 0.274863 0.014346 3.003000 0.402968 0.010433 2.441057 -0.081796 0.075013 2.301050 0.347853 0.074701 
2.608670 0.824048 0.028736 2.143013 0.820820 0.075719 2.850206 0.276914 0.014743 3.004072 0.404955 0.011820 2.441167 -0.082614 0.076211 2.300717 0.348318 0.074665 
2.605452 0.826869 0.028799 2.143297 0.820119 0.074109 2.850517 0.281468 0.015410 3.004633 0.410473 0.013325 2.440957 -0.083639 0.077908 2.300200 0.349000 0.074541 
2.601632 0.830646 0.029146 2.143780 0.819282 0.071941 2.850739 0.288174 0.016544 3.004836 0.418334 0.015540 2.439739 -0.084637 0.080357 2.299577 0.349688 0.074338 
2.597290 0.835592 0.029806 2.144609 0.818786 0.069504 2.850883 0.295964 0.018241 3.005812 0.428828 0.018158 2.436466 -0.085345 0.084345 2.299104 0.350167 0.074449 
2.592405 0.841676 0.030675 2.145874 0.818903 0.067058 2.850946 0.303980 0.020334 3.008080 0.441906 0.020714 2.433164 -0.085812 0.088827 2.298778 0.350717 0.074764 
2.587063 0.848328 0.031479 2.147312 0.819336 0.064540 2.850740 0.312151 0.022263 3.010586 0.456456 0.022749 2.430191 -0.086200 0.092763 2.298369 0.351330 0.074805 
2.581296 0.855016 0.032160 2.148915 0.819970 0.062269 2.850155 0.319935 0.023852 3.012832 0.471472 0.024045 2.428113 -0.086672 0.096017 2.297980 0.351975 0.074737 
2.150427 0.820665 0.060322 2.297650 0.352534 0.074619 2.575323 0.861256 0.032517 3.014139 0.485830 0.024243 2.426327 -0.087124 0.098778 2.849061 0.326935 0.024842 
2.151898 0.821529 0.058783 2.297411 0.353009 0.074508 2.569426 0.866588 0.032440 3.013880 0.498289 0.023086 2.425259 -0.087571 0.100871 2.847403 0.332723 0.025117 
2.153128 0.822442 0.057721 2.297276 0.353384 0.074463 2.564112 0.870607 0.031910 3.011927 0.507664 0.020686 2.424744 -0.087939 0.102346 2.845325 0.336968 0.024670 
2.154148 0.823527 0.057045 2.297191 0.353692 0.074372 2.560213 0.873194 0.031155 3.009519 0.513403 0.017922 2.424912 -0.088205 0.102954 2.843457 0.339438 0.023806 
2.154811 0.824192 0.056864 2.297228 0.353767 0.074425 2.558148 0.874029 0.030409 3.007339 0.515146 0.015574 2.425240 -0.088346 0.103195 2.842178 0.340102 0.022849 
2.154916 0.824433 0.057123 2.297380 0.353630 0.074619 2.558038 0.873357 0.029691 3.005331 0.513229 0.013699 2.425448 -0.088261 0.103195 2.841465 0.339236 0.021893 
2.154859 0.824671 0.057673 2.297621 0.353339 0.074868 2.559394 0.871718 0.029052 3.003958 0.509034 0.012193 2.425780 -0.088017 0.102840 2.841291 0.337107 0.020982 
2.154692 0.824924 0.058441 2.297941 0.352908 0.075156 2.562211 0.869174 0.028561 3.003508 0.502792 0.011358 2.426197 -0.087641 0.102218 2.841772 0.333869 0.020248 
2.154366 0.825156 0.059437 2.298312 0.352376 0.075515 2.566279 0.865865 0.028274 3.004016 0.494868 0.011297 2.426603 -0.087159 0.101459 2.842885 0.329747 0.019750 
2.153870 0.825191 0.060572 2.298708 0.351819 0.075901 2.571222 0.861973 0.028137 3.005305 0.485833 0.011911 2.427000 -0.086551 0.100585 2.844480 0.325054 0.019477 
2.576567 0.857785 0.028123 2.153198 0.825051 0.061826 2.846351 0.320126 0.019372 3.007065 0.476329 0.012976 2.427326 -0.085873 0.099717 2.299099 0.351284 0.076331 
2.581869 0.853554 0.028174 2.152127 0.824459 0.063231 2.848300 0.315314 0.019366 3.008984 0.466986 0.014276 2.427804 -0.085261 0.098856 2.299458 0.350827 0.076817 
2.586761 0.849586 0.028249 2.150890 0.823626 0.064668 2.850135 0.310950 0.019393 3.010819 0.458413 0.015603 2.428319 -0.084711 0.098072 2.299775 0.350456 0.077318 
2.590896 0.846214 0.028312 2.149734 0.822789 0.066045 2.851708 0.307338 0.019354 3.012436 0.451229 0.016713 2.428714 -0.084217 0.097403 2.300022 0.350218 0.077797 
2.593933 0.843734 0.028347 2.148848 0.822176 0.067368 2.852872 0.304617 0.019212 3.013639 0.445916 0.017307 2.428992 -0.083852 0.097058 2.300236 0.350112 0.078358 
2.595806 0.842220 0.028169 2.148195 0.821639 0.068384 2.853539 0.302931 0.018890 3.014335 0.442750 0.017220 2.429474 -0.083627 0.096865 2.300418 0.350067 0.078839 
2.596459 0.841776 0.027855 2.147897 0.821429 0.069176 2.853723 0.302304 0.018431 3.014488 0.441737 0.016451 2.429793 -0.083512 0.097093 2.300565 0.350138 0.079375 
2.596363 0.841913 0.027372 2.148000 0.821454 0.069564 2.853678 0.302433 0.017901 3.014403 0.441973 0.015437 2.430127 -0.083479 0.097606 2.300691 0.350238 0.079840 
2.596817 0.841872 0.027209 2.148161 0.821443 0.069790 2.854055 0.303300 0.017887 3.014822 0.442172 0.015876 2.430299 -0.083477 0.098361 2.300779 0.350392 0.080302 
2.597342 0.841779 0.027200 2.148175 0.821300 0.069999 2.854623 0.304392 0.018075 3.015320 0.442034 0.016874 2.430233 -0.083542 0.099302 2.300786 0.350612 0.080787 
2.597521 0.841997 0.027208 2.148148 0.821071 0.070147 2.855195 0.305614 0.018282 3.016065 0.442586 0.017768 2.429678 -0.083613 0.100595 2.300809 0.350787 0.081315 
2.597568 0.842326 0.027204 2.148149 0.820889 0.070223 2.855779 0.306801 0.018499 3.017162 0.443484 0.018728 2.429389 -0.083751 0.101789 2.300798 0.351003 0.081794 
2.597657 0.842543 0.027156 2.148231 0.820690 0.070212 2.856347 0.307963 0.018713 3.018348 0.444393 0.019807 2.429207 -0.083856 0.102878 2.300811 0.351188 0.082199 
2.597923 0.842548 0.027118 2.148273 0.820527 0.070244 2.856911 0.308939 0.018930 3.019355 0.444806 0.020936 2.428976 -0.083955 0.103925 2.300832 0.351335 0.082603 
2.598305 0.842445 0.027086 2.148279 0.820382 0.070322 2.857383 0.309755 0.019103 3.019936 0.444851 0.021819 2.428748 -0.084011 0.104837 2.300867 0.351438 0.082979 
2.598732 0.842321 0.027048 2.148329 0.820274 0.070424 2.857732 0.310413 0.019207 3.020305 0.444871 0.022418 2.428672 -0.083987 0.105462 2.300924 0.351517 0.083275 
2.599173 0.842237 0.027043 2.148345 0.820255 0.070609 2.857979 0.310881 0.019279 3.020573 0.444950 0.022783 2.428629 -0.083952 0.105913 2.300984 0.351564 0.083554 
2.599561 0.842162 0.027038 2.148404 0.820285 0.070765 2.858137 0.311199 0.019308 3.020683 0.445008 0.022939 2.428711 -0.083908 0.106154 2.301046 0.351591 0.083752 
2.599845 0.842108 0.027035 2.148421 0.820291 0.070892 2.858224 0.311391 0.019319 3.020732 0.445060 0.022995 2.428742 -0.083857 0.106299 2.301092 0.351599 0.083886 
2.600011 0.842078 0.027036 2.148407 0.820281 0.070978 2.858248 0.311473 0.019315 3.020708 0.445062 0.022979 2.428728 -0.083805 0.106351 2.301116 0.351599 0.083955 
2.600058 0.842071 0.027037 2.148395 0.820277 0.071008 2.858242 0.311481 0.019310 3.020682 0.445044 0.022958 2.428713 -0.083781 0.106346 2.301121 0.351596 0.083968 
2.600029 0.842090 0.027049 2.148347 0.820278 0.071028 2.858226 0.311446 0.019308 3.020673 0.445035 0.022943 2.428701 -0.083785 0.106322 2.301109 0.351600 0.083964 
2.599960 0.842106 0.027052 2.148340 0.820283 0.071002 2.858191 0.311376 0.019302 3.020657 0.445008 0.022920 2.428690 -0.083790 0.106261 2.301098 0.351593 0.083924 
2.599860 0.842130 0.027057 2.148330 0.820292 0.070965 2.858140 0.311274 0.019294 3.020631 0.444968 0.022885 2.428675 -0.083797 0.106173 2.301082 0.351583 0.083867 
2.599739 0.842159 0.027063 2.148319 0.820306 0.070923 2.858073 0.311140 0.019281 3.020600 0.444936 0.022828 2.428658 -0.083804 0.106059 2.301064 0.351568 0.083796 
2.599604 0.842204 0.027081 2.148257 0.820317 0.070909 2.857998 0.310969 0.019272 3.020555 0.444922 0.022735 2.428478 -0.083813 0.106029 2.301049 0.351532 0.083753 
2.599453 0.842252 0.027100 2.148191 0.820326 0.070891 2.857913 0.310777 0.019261 3.020501 0.444915 0.022622 2.428288 -0.083824 0.105989 2.301033 0.351491 0.083702 
2.599288 0.842293 0.027110 2.148174 0.820348 0.070837 2.857813 0.310578 0.019240 3.020445 0.444915 0.022498 2.428270 -0.083834 0.105828 2.301011 0.351466 0.083606 
2.599110 0.842336 0.027119 2.148155 0.820365 0.070776 2.857712 0.310377 0.019219 3.020384 0.444909 0.022377 2.428245 -0.083845 0.105665 2.300985 0.351443 0.083504 
2.598926 0.842378 0.027127 2.148132 0.820374 0.070710 2.857613 0.310180 0.019199 3.020321 0.444893 0.022262 2.428216 -0.083859 0.105508 2.300958 0.351421 0.083401 
2.598738 0.842419 0.027133 2.148103 0.820372 0.070641 2.857520 0.309993 0.019181 3.020267 0.444886 0.022157 2.428181 -0.083874 0.105363 2.300930 0.351400 0.083299 
2.598553 0.842458 0.027137 2.148072 0.820363 0.070570 2.857434 0.309817 0.019165 3.020217 0.444878 0.022062 2.428142 -0.083890 0.105232 2.300902 0.351379 0.083201 
2.598382 0.842494 0.027141 2.148043 0.820355 0.070505 2.857353 0.309653 0.019150 3.020169 0.444869 0.021973 2.428106 -0.083905 0.105108 2.300876 0.351361 0.083110 
2.598229 0.842526 0.027146 2.148019 0.820352 0.070448 2.857278 0.309503 0.019135 3.020124 0.444860 0.021890 2.428077 -0.083918 0.104993 2.300853 0.351344 0.083027 
2.598096 0.842577 0.027164 2.147947 0.820345 0.070436 2.857212 0.309363 0.019132 3.020089 0.444872 0.021809 2.428003 -0.083943 0.104928 2.300826 0.351327 0.082983 
2.597986 0.842601 0.027168 2.147931 0.820346 0.070396 2.857156 0.309248 0.019121 3.020060 0.444875 0.021743 2.427984 -0.083952 0.104841 2.300811 0.351312 0.082923 
2.597898 0.842621 0.027170 2.147916 0.820345 0.070363 2.857111 0.309158 0.019112 3.020036 0.444874 0.021692 2.427967 -0.083959 0.104772 2.300798 0.351302 0.082875 
2.597830 0.842635 0.027172 2.147906 0.820343 0.070338 2.857079 0.309092 0.019106 3.020016 0.444871 0.021656 2.427954 -0.083965 0.104723 2.300788 0.351294 0.082839 
2.597785 0.842644 0.027173 2.147898 0.820340 0.070320 2.857059 0.309053 0.019103 3.020000 0.444863 0.021635 2.427944 -0.083969 0.104693 2.300780 0.351291 0.082815 
2.597754 0.842676 0.027188 2.147833 0.820322 0.070348 2.857046 0.309035 0.019110 3.019964 0.444867 0.021601 2.427881 -0.083986 0.104724 2.300768 0.351288 0.082832 
2.597725 0.842712 0.027195 2.147769 0.820303 0.070382 2.857054 0.308987 0.019110 3.020009 0.444882 0.021567 2.427821 -0.084002 0.104767 2.300758 0.351286 0.082858 
2.597726 0.842712 0.027195 2.147762 0.820297 0.070386 2.857054 0.308987 0.019111 3.020009 0.444881 0.021567 2.427821 -0.084002 0.104767 2.300758 0.351287 0.082860 
2.597727 0.842712 0.027195 2.147755 0.820290 0.070390 2.857054 0.308986 0.019112 3.020009 0.444881 0.021567 2.427821 -0.084001 0.104767 2.300758 0.351287 0.082861 
2.597729 0.842711 0.027196 2.147747 0.820282 0.070394 2.857054 0.308986 0.019112 3.020009 0.444882 0.021567 2.427821 -0.084001 0.104768 2.300758 0.351288 0.082863 
2.597731 0.842711 0.027196 2.147734 0.820270 0.070402 2.857054 0.308986 0.019112 3.020008 0.444882 0.021566 2.427821 -0.084001 0.104768 2.300758 0.351289 0.082866 
2.597727 0.842736 0.027211 2.147641 0.820222 0.070456 2.857050 0.308984 0.019120 3.019982 0.444893 0.021539 2.427758 -0.084014 0.104815 2.300749 0.351290 0.082901 
2.597733 0.842734 0.027211 2.147608 0.820188 0.070476 2.857049 0.308984 0.019119 3.019980 0.444893 0.021535 2.427757 -0.084013 0.104816 2.300749 0.351293 0.082909 
2.597732 0.842754 0.027226 2.147505 0.820130 0.070538 2.857046 0.308979 0.019127 3.019965 0.444906 0.021515 2.427692 -0.084025 0.104863 2.300740 0.351295 0.082947 
2.597739 0.842752 0.027227 2.147465 0.820090 0.070561 2.857045 0.308978 0.019125 3.019963 0.444908 0.021509 2.427692 -0.084023 0.104863 2.300740 0.351298 0.082957 
2.597745 0.842760 0.027239 2.147363 0.820029 0.070625 2.857049 0.308969 0.019130 3.019960 0.444908 0.021501 2.427585 -0.084029 0.104941 2.300742 0.351293 0.083002 
2.597753 0.842758 0.027240 2.147317 0.819983 0.070652 2.857048 0.308967 0.019129 3.019957 0.444909 0.021494 2.427584 -0.084027 0.104943 2.300742 0.351296 0.083013 
2.597758 0.842756 0.027240 2.147287 0.819953 0.070670 2.857047 0.308966 0.019129 3.019955 0.444909 0.021489 2.427584 -0.084026 0.104944 2.300742 0.351299 0.083020 
2.597763 0.842754 0.027240 2.147255 0.819921 0.070689 2.857046 0.308965 0.019128 3.019953 0.444910 0.021485 2.427583 -0.084024 0.104946 2.300743 0.351301 0.083028 
2.597769 0.842752 0.027241 2.147214 0.819880 0.070713 2.857045 0.308963 0.019128 3.019951 0.444912 0.021479 2.427582 -0.084023 0.104947 2.300743 0.351305 0.083038 
2.597777 0.842749 0.027241 2.147167 0.819832 0.070741 2.857043 0.308962 0.019126 3.019947 0.444911 0.021471 2.427582 -0.084021 0.104948 2.300743 0.351308 0.083049 
2.597786 0.842746 0.027242 2.147116 0.819781 0.070772 2.857042 0.308959 0.019125 3.019944 0.444913 0.021464 2.427581 -0.084019 0.104950 2.300744 0.351312 0.083061 
2.597794 0.842743 0.027243 2.147065 0.819729 0.070802 2.857040 0.308958 0.019123 3.019939 0.444913 0.021456 2.427580 -0.084017 0.104951 2.300744 0.351316 0.083073 
2.597790 0.842764 0.027260 2.146957 0.819666 0.070872 2.857035 0.308949 0.019130 3.019930 0.444929 0.021436 2.427510 -0.084028 0.104998 2.300735 0.351320 0.083114 
2.597793 0.842763 0.027261 2.146918 0.819627 0.070894 2.857033 0.308944 0.019129 3.019926 0.444928 0.021428 2.427508 -0.084027 0.104997 2.300734 0.351323 0.083121 
2.597795 0.842762 0.027261 2.146885 0.819593 0.070912 2.857031 0.308941 0.019128 3.019923 0.444928 0.021422 2.427506 -0.084025 0.104996 2.300734 0.351326 0.083128 
2.597793 0.842773 0.027277 2.146797 0.819547 0.070973 2.857034 0.308930 0.019133 3.019918 0.444927 0.021413 2.427385 -0.084029 0.105079 2.300735 0.351321 0.083172 
2.597790 0.842785 0.027292 2.146694 0.819488 0.071041 2.857031 0.308916 0.019137 3.019909 0.444926 0.021401 2.427382 -0.084039 0.105091 2.300727 0.351333 0.083205 
2.597789 0.842782 0.027293 2.146635 0.819426 0.071069 2.857029 0.308906 0.019137 3.019902 0.444922 0.021389 2.427250 -0.084030 0.105163 2.300735 0.351320 0.083228 
2.597775 0.842806 0.027320 2.146516 0.819390 0.071149 2.857034 0.308883 0.019153 3.019894 0.444917 0.021382 2.427115 -0.084050 0.105271 2.300728 0.351314 0.083291 
2.597770 0.842803 0.027321 2.146442 0.819309 0.071180 2.857032 0.308868 0.019154 3.019885 0.444910 0.021369 2.426919 -0.084038 0.105382 2.300741 0.351290 0.083322 
2.597758 0.842805 0.027321 2.146431 0.819300 0.071180 2.857026 0.308857 0.019155 3.019880 0.444908 0.021364 2.426915 -0.084038 0.105379 2.300738 0.351290 0.083320 
2.597743 0.842808 0.027321 2.146421 0.819291 0.071178 2.857019 0.308844 0.019155 3.019873 0.444904 0.021357 2.426911 -0.084039 0.105374 2.300736 0.351291 0.083316 
2.597726 0.842812 0.027321 2.146400 0.819273 0.071181 2.857011 0.308828 0.019155 3.019865 0.444900 0.021348 2.426905 -0.084040 0.105366 2.300732 0.351292 0.083312 
2.597706 0.842824 0.027335 2.146295 0.819206 0.071236 2.857006 0.308800 0.019162 3.019851 0.444893 0.021331 2.426747 -0.084043 0.105458 2.300731 0.351281 0.083353 
2.597686 0.842828 0.027335 2.146261 0.819175 0.071244 2.856995 0.308779 0.019161 3.019840 0.444887 0.021317 2.426740 -0.084044 0.105448 2.300727 0.351282 0.083349 
2.597664 0.842832 0.027336 2.146234 0.819150 0.071248 2.856983 0.308758 0.019161 3.019829 0.444882 0.021304 2.426733 -0.084045 0.105436 2.300723 0.351283 0.083344 
2.597642 0.842836 0.027336 2.146201 0.819119 0.071254 2.856971 0.308735 0.019159 3.019818 0.444877 0.021290 2.426726 -0.084046 0.105423 2.300719 0.351285 0.083339 
2.597620 0.842839 0.027337 2.146161 0.819082 0.071264 2.856959 0.308712 0.019158 3.019805 0.444871 0.021274 2.426718 -0.084047 0.105410 2.300714 0.351286 0.083334 
2.597568 0.842881 0.027349 2.146065 0.819030 0.071316 2.856959 0.308634 0.019156 3.019873 0.444895 0.021233 2.426654 -0.084061 0.105437 2.300700 0.351289 0.083359 
2.597549 0.842885 0.027350 2.146032 0.818999 0.071324 2.856949 0.308615 0.019156 3.019863 0.444892 0.021221 2.426647 -0.084062 0.105425 2.300696 0.351291 0.083355 
2.597533 0.842887 0.027351 2.146004 0.818972 0.071330 2.856940 0.308598 0.019155 3.019854 0.444888 0.021211 2.426641 -0.084063 0.105414 2.300692 0.351292 0.083351 
2.597521 0.842889 0.027352 2.145970 0.818940 0.071341 2.856932 0.308583 0.019154 3.019846 0.444885 0.021200 2.426636 -0.084063 0.105405 2.300689 0.351294 0.083350 
2.597512 0.842890 0.027353 2.145931 0.818902 0.071357 2.856924 0.308570 0.019154 3.019838 0.444883 0.021190 2.426631 -0.084063 0.105398 2.300687 0.351296 0.083352 
