0.994788 -0.101968 0.000000 -0.106292 -0.994335 -0.000000 0.084092 0.996458 0.000000 -0.994145 0.108050 0.000000 
0.994788 -0.101966 0.000000 -0.106292 -0.994335 -0.000000 0.084093 0.996458 0.000000 -0.994146 0.108049 0.000000 
0.994788 -0.101966 0.000000 -0.106293 -0.994335 -0.000000 0.084093 0.996458 0.000000 -0.994146 0.108048 0.000000 
0.994788 -0.101965 0.000000 -0.106293 -0.994335 -0.000000 0.084094 0.996458 0.000000 -0.994146 0.108048 0.000000 
0.994788 -0.101965 0.000000 -0.106293 -0.994335 -0.000000 0.084094 0.996458 0.000000 -0.994146 0.108047 0.000000 
0.994788 -0.101965 0.000000 -0.106294 -0.994335 -0.000000 0.084094 0.996458 0.000000 -0.994146 0.108047 0.000000 
0.994788 -0.101964 0.000000 -0.106294 -0.994335 -0.000000 0.084094 0.996458 0.000000 -0.994146 0.108046 0.000000 
0.994788 -0.101964 0.000000 -0.106294 -0.994335 -0.000000 0.084094 0.996458 0.000000 -0.994146 0.108046 0.000000 
0.994788 -0.101963 0.000000 -0.106294 -0.994335 -0.000000 0.084094 0.996458 0.000000 -0.994146 0.108045 0.000000 
0.994788 -0.101962 0.000000 -0.106293 -0.994335 -0.000000 0.084094 0.996458 0.000000 -0.994146 0.108045 0.000000 
0.994797 -0.101876 0.000000 -0.106204 -0.994344 -0.000000 0.084004 0.996465 0.000000 -0.994155 0.107958 0.000000 
0.994797 -0.101875 0.000000 -0.106204 -0.994344 -0.000000 0.084004 0.996465 0.000000 -0.994156 0.107957 0.000000 
0.994797 -0.101875 0.000000 -0.106204 -0.994344 -0.000000 0.084005 0.996465 0.000000 -0.994156 0.107958 0.000000 
0.994797 -0.101875 0.000000 -0.106204 -0.994344 -0.000000 0.084005 0.996465 0.000000 -0.994156 0.107957 0.000000 
0.994797 -0.101874 0.000000 -0.106204 -0.994344 -0.000000 0.084005 0.996465 0.000000 -0.994156 0.107956 0.000000 
0.994797 -0.101874 0.000000 -0.106202 -0.994345 -0.000000 0.084003 0.996466 0.000000 -0.994156 0.107956 0.000000 
0.994798 -0.101871 0.000000 -0.106197 -0.994345 -0.000000 0.083998 0.996466 0.000000 -0.994156 0.107953 0.000000 
0.993721 -0.111887 0.000000 -0.116210 -0.993225 -0.000000 0.094036 0.995569 0.000000 -0.993018 0.117964 0.000000 
0.991169 -0.132606 0.000000 -0.136947 -0.990578 -0.000000 0.114836 0.993384 0.000000 -0.990339 0.138670 0.000000 
0.990003 -0.141048 0.000000 -0.145422 -0.989370 -0.000000 0.123350 0.992363 0.000000 -0.989121 0.147107 0.000000 
0.989802 -0.142450 0.000000 -0.146839 -0.989160 -0.000000 0.124783 0.992184 0.000000 -0.988911 0.148511 0.000000 
0.990603 -0.136767 0.000000 -0.141027 -0.990006 -0.000000 0.118951 0.992900 0.000000 -0.989747 0.142833 0.000000 
0.991687 -0.128670 0.000000 -0.132868 -0.991134 -0.000000 0.110762 0.993847 0.000000 -0.990881 0.134740 0.000000 
0.991660 -0.128878 0.000000 -0.133095 -0.991103 -0.000000 0.110989 0.993822 0.000000 -0.990853 0.134949 0.000000 
0.991417 -0.130738 0.000000 -0.135016 -0.990843 -0.000000 0.112919 0.993604 0.000000 -0.990597 0.136809 0.000000 
0.991334 -0.131367 0.000000 -0.135651 -0.990757 -0.000000 0.113564 0.993531 0.000000 -0.990510 0.137439 0.000000 
0.991322 -0.131454 0.000000 -0.135749 -0.990743 -0.000000 0.113679 0.993518 0.000000 -0.990498 0.137530 0.000000 
0.992427 -0.122834 0.000000 -0.126830 -0.991924 -0.000000 0.104807 0.994493 0.000000 -0.991653 0.128937 0.000000 
0.372231 -0.928140 0.000000 0.092701 0.995694 0.000000 0.982705 0.185177 0.000000 -0.928879 -0.370384 -0.000000 -0.993257 0.115934 0.000000 -0.995468 0.095094 0.000000 
0.372597 -0.927993 0.000000 0.097365 0.995249 0.000000 0.986840 0.161702 0.000000 -0.991463 0.130388 0.000000 -0.928733 -0.370749 -0.000000 
0.370182 -0.928959 0.000000 0.104396 0.994536 0.000000 0.988318 0.152404 0.000000 -0.990641 0.136492 0.000000 -0.929689 -0.368347 -0.000000 
0.368627 -0.929577 0.000000 0.107054 0.994253 0.000000 0.986761 0.162180 0.000000 -0.930295 -0.366813 -0.000000 -0.991805 0.127758 0.000000 -0.993258 0.115926 0.000000 
0.368629 -0.929577 0.000000 0.105266 0.994444 0.000000 0.983680 0.179927 0.000000 -0.930285 -0.366837 -0.000000 -0.991831 0.127556 0.000000 -0.997684 0.068018 0.000000 
0.368632 -0.929576 0.000000 0.103235 0.994657 0.000000 0.980850 0.194763 0.000000 -0.930276 -0.366860 -0.000000 -0.991946 0.126658 0.000000 -0.999529 0.030680 0.000000 
0.368633 -0.929575 0.000000 0.102903 0.994691 0.000000 0.979319 0.202324 0.000000 -0.930268 -0.366881 -0.000000 -0.991949 0.126639 0.000000 -0.999919 0.012705 0.000000 
0.368634 -0.929575 0.000000 0.104495 0.994525 0.000000 0.979030 0.203716 0.000000 -0.930260 -0.366900 -0.000000 -0.991760 0.128108 0.000000 -0.999956 0.009339 0.000000 
0.368633 -0.929575 0.000000 0.106393 0.994324 0.000000 0.979539 0.201253 0.000000 -0.930254 -0.366915 -0.000000 -0.991570 0.129570 0.000000 -0.999879 0.015535 0.000000 
0.368404 -0.929666 0.000000 0.107625 0.994192 0.000000 0.980237 0.197827 0.000000 -0.930339 -0.366699 -0.000000 -0.991484 0.130226 0.000000 -0.999694 0.024745 0.000000 
0.368401 -0.929667 0.000000 0.107993 0.994152 0.000000 0.980649 0.195776 0.000000 -0.930335 -0.366711 -0.000000 -0.991494 0.130149 0.000000 -0.999529 0.030698 0.000000 
0.368399 -0.929668 0.000000 0.107854 0.994167 0.000000 0.980691 0.195561 0.000000 -0.930331 -0.366720 -0.000000 -0.991549 0.129731 0.000000 -0.999498 0.031675 0.000000 
0.368398 -0.929668 0.000000 0.107594 0.994195 0.000000 0.980487 0.196582 0.000000 -0.930327 -0.366732 -0.000000 -0.991608 0.129280 0.000000 -0.999573 0.029225 0.000000 
0.368397 -0.929669 0.000000 0.107294 0.994227 0.000000 0.980154 0.198237 0.000000 -0.930323 -0.366741 -0.000000 -0.991666 0.128837 0.000000 -0.999683 0.025163 0.000000 
0.368396 -0.929669 0.000000 0.106964 0.994263 0.000000 0.979788 0.200037 0.000000 -0.930320 -0.366748 -0.000000 -0.991721 0.128409 0.000000 -0.999786 0.020700 0.000000 
0.366248 -0.930517 0.000000 0.110234 0.993906 0.000000 0.980077 0.198620 0.000000 -0.931162 -0.364606 -0.000000 -0.991200 0.132370 0.000000 -0.999842 0.017794 0.000000 
0.359657 -0.933085 0.000000 0.120106 0.992761 0.000000 0.980885 0.194589 0.000000 -0.933716 -0.358015 -0.000000 -0.989728 0.142962 0.000000 -0.999922 0.012528 0.000000 
0.356653 -0.934237 0.000000 0.127780 0.991803 0.000000 0.981621 0.190842 0.000000 -0.934867 -0.354998 -0.000000 -0.988515 0.151125 0.000000 -0.999932 0.011642 0.000000 
0.353661 -0.935374 0.000000 0.132214 0.991221 0.000000 0.981579 0.191057 0.000000 -0.936025 -0.351934 -0.000000 -0.987779 0.155859 0.000000 -0.999993 0.003812 0.000000 
0.350224 -0.936666 0.000000 0.135314 0.990803 0.000000 0.979784 0.200058 0.000000 -0.937433 -0.348166 -0.000000 -0.987261 0.159109 0.000000 -0.999689 -0.024952 -0.000000 
0.349550 -0.936918 0.000000 0.135313 0.990803 0.000000 0.976476 0.215628 0.000000 -0.987261 0.159109 0.000000 -0.937884 -0.346948 -0.000000 -0.997729 -0.067360 -0.000000 
0.348614 -0.937266 0.000000 0.135311 0.990803 0.000000 0.973857 0.227163 0.000000 -0.987261 0.159109 0.000000 -0.938419 -0.345498 -0.000000 -0.994822 -0.101635 -0.000000 
0.347242 -0.937775 0.000000 0.135309 0.990803 0.000000 0.972832 0.231511 0.000000 -0.987261 0.159108 0.000000 -0.938992 -0.343940 -0.000000 -0.993093 -0.117327 -0.000000 
0.345385 -0.938461 0.000000 0.135307 0.990804 0.000000 0.973334 0.229392 0.000000 -0.987261 0.159106 0.000000 -0.939580 -0.342329 -0.000000 -0.993242 -0.116064 -0.000000 
0.343182 -0.939269 0.000000 0.135304 0.990804 0.000000 0.974805 0.223057 0.000000 -0.987262 0.159105 0.000000 -0.940140 -0.340788 -0.000000 -0.994583 -0.103949 -0.000000 
0.340978 -0.940071 0.000000 0.135302 0.990804 0.000000 0.976616 0.214993 0.000000 -0.987262 0.159104 0.000000 -0.940560 -0.339626 -0.000000 -0.996178 -0.087346 -0.000000 
0.338887 -0.940827 0.000000 0.135300 0.990805 0.000000 0.978364 0.206891 0.000000 -0.987262 0.159103 0.000000 -0.940845 -0.338837 -0.000000 -0.997527 -0.070286 -0.000000 
0.336851 -0.941558 0.000000 0.135320 0.990802 0.000000 0.979738 0.200282 0.000000 -0.987258 0.159126 0.000000 -0.941092 -0.338151 -0.000000 -0.998406 -0.056441 -0.000000 
0.333902 -0.942608 0.000000 0.137958 0.990438 0.000000 0.980680 0.195618 0.000000 -0.986822 0.161808 0.000000 -0.941706 -0.336438 -0.000000 -0.998767 -0.049640 -0.000000 
0.330675 -0.943745 0.000000 0.140713 0.990050 0.000000 0.981327 0.192348 0.000000 -0.986357 0.164621 0.000000 -0.942452 -0.334341 -0.000000 -0.998951 -0.045796 -0.000000 
0.328122 -0.944635 0.000000 0.143058 0.989714 0.000000 0.981712 0.190374 0.000000 -0.985952 0.167029 0.000000 -0.942977 -0.332859 -0.000000 -0.999041 -0.043785 -0.000000 
0.326300 -0.945266 0.000000 0.144302 0.989534 0.000000 0.981978 0.188998 0.000000 -0.985730 0.168331 0.000000 -0.943243 -0.332103 -0.000000 -0.999139 -0.041493 -0.000000 
0.325780 -0.945446 0.000000 0.144351 0.989527 0.000000 0.982147 0.188113 0.000000 -0.985709 0.168455 0.000000 -0.943037 -0.332687 -0.000000 -0.999260 -0.038464 -0.000000 
0.325448 -0.945560 0.000000 0.144335 0.989529 0.000000 0.982216 0.187753 0.000000 -0.985700 0.168507 0.000000 -0.942777 -0.333424 -0.000000 -0.999336 -0.036448 -0.000000 
0.325249 -0.945628 0.000000 0.144291 0.989535 0.000000 0.982209 0.187793 0.000000 -0.985698 0.168521 0.000000 -0.942477 -0.334271 -0.000000 -0.999374 -0.035391 -0.000000 
0.325050 -0.945697 0.000000 0.144245 0.989542 0.000000 0.982192 0.187882 0.000000 -0.985699 0.168518 0.000000 -0.942178 -0.335113 -0.000000 -0.999400 -0.034643 -0.000000 
0.324805 -0.945781 0.000000 0.144181 0.989551 0.000000 0.982228 0.187691 0.000000 -0.985704 0.168484 0.000000 -0.941886 -0.335931 -0.000000 -0.999441 -0.033440 -0.000000 
0.324637 -0.945839 0.000000 0.143995 0.989578 0.000000 0.982308 0.187275 0.000000 -0.985741 0.168269 0.000000 -0.941564 -0.336834 -0.000000 -0.999500 -0.031622 -0.000000 
0.324525 -0.945877 0.000000 0.143827 0.989603 0.000000 0.982347 0.187068 0.000000 -0.985788 0.167994 0.000000 -0.941236 -0.337751 -0.000000 -0.999541 -0.030303 -0.000000 
0.324415 -0.945915 0.000000 0.143787 0.989609 0.000000 0.982299 0.187318 0.000000 -0.985824 0.167782 0.000000 -0.940927 -0.338609 -0.000000 -0.999542 -0.030276 -0.000000 
0.324364 -0.945932 0.000000 0.143793 0.989608 0.000000 0.982180 0.187943 0.000000 -0.985854 0.167606 0.000000 -0.940618 -0.339468 -0.000000 -0.999511 -0.031281 -0.000000 
0.324207 -0.945986 0.000000 0.143764 0.989612 0.000000 0.982207 0.187802 0.000000 -0.985860 0.167574 0.000000 -0.940354 -0.340198 -0.000000 -0.999533 -0.030546 -0.000000 
0.323923 -0.946083 0.000000 0.143761 0.989612 0.000000 0.982397 0.186804 0.000000 -0.940131 -0.340813 -0.000000 -0.985861 0.167564 0.000000 -0.999613 -0.027834 -0.000000 
0.323583 -0.946200 0.000000 0.143758 0.989613 0.000000 0.982715 0.185123 0.000000 -0.939940 -0.341339 -0.000000 -0.985864 0.167550 0.000000 -0.999724 -0.023476 -0.000000 
0.323212 -0.946327 0.000000 0.143756 0.989613 0.000000 0.983130 0.182911 0.000000 -0.939778 -0.341784 -0.000000 -0.985866 0.167534 0.000000 -0.999841 -0.017846 -0.000000 
0.322858 -0.946447 0.000000 0.143754 0.989613 0.000000 0.983578 0.180482 0.000000 -0.939638 -0.342170 -0.000000 -0.985869 0.167518 0.000000 -0.999931 -0.011729 -0.000000 
0.322527 -0.946560 0.000000 0.143831 0.989602 0.000000 0.983996 0.178189 0.000000 -0.939530 -0.342467 -0.000000 -0.985864 0.167545 0.000000 -0.999982 -0.006045 -0.000000 
0.322037 -0.946727 0.000000 0.144309 0.989533 0.000000 0.984308 0.176459 0.000000 -0.939530 -0.342468 -0.000000 -0.985812 0.167856 0.000000 -0.999998 -0.002225 -0.000000 
0.321935 -0.946762 0.000000 0.144397 0.989520 0.000000 0.984483 0.175478 0.000000 -0.939429 -0.342742 -0.000000 -0.985801 0.167919 0.000000 -1.000000 0.000015 0.000000 
0.322023 -0.946732 0.000000 0.144403 0.989519 0.000000 0.984638 0.174610 0.000000 -0.939300 -0.343097 -0.000000 -0.985803 0.167907 0.000000 -0.999998 0.002093 0.000000 
0.322160 -0.946685 0.000000 0.144403 0.989519 0.000000 0.984821 0.173573 0.000000 -0.939192 -0.343393 -0.000000 -0.985807 0.167881 0.000000 -0.999989 0.004618 0.000000 
0.322362 -0.946616 0.000000 0.144127 0.989559 0.000000 0.985040 0.172327 0.000000 -0.939102 -0.343639 -0.000000 -0.985858 0.167582 0.000000 -0.999969 0.007906 0.000000 
0.322530 -0.946559 0.000000 0.144266 0.989539 0.000000 0.985266 0.171029 0.000000 -0.939075 -0.343711 -0.000000 -0.985854 0.167607 0.000000 -0.999938 0.011123 0.000000 
0.322517 -0.946564 0.000000 0.144731 0.989471 0.000000 0.985436 0.170046 0.000000 -0.939160 -0.343479 -0.000000 -0.985803 0.167905 0.000000 -0.999915 0.013056 0.000000 
0.322288 -0.946642 0.000000 0.145579 0.989347 0.000000 0.985531 0.169495 0.000000 -0.939364 -0.342921 -0.000000 -0.985692 0.168556 0.000000 -0.999912 0.013259 0.000000 
0.322032 -0.946729 0.000000 0.146505 0.989210 0.000000 0.985633 0.168900 0.000000 -0.939609 -0.342249 -0.000000 -0.985565 0.169299 0.000000 -0.999911 0.013338 0.000000 
0.321799 -0.946808 0.000000 0.147434 0.989072 0.000000 0.985748 0.168228 0.000000 -0.939881 -0.341502 -0.000000 -0.985431 0.170076 0.000000 -0.999909 0.013518 0.000000 
0.321607 -0.946873 0.000000 0.148349 0.988935 0.000000 0.985872 0.167502 0.000000 -0.940173 -0.340698 -0.000000 -0.985293 0.170876 0.000000 -0.999905 0.013770 0.000000 
0.321479 -0.946917 0.000000 0.149234 0.988802 0.000000 0.986000 0.166746 0.000000 -0.940477 -0.339857 -0.000000 -0.985152 0.171682 0.000000 -0.999901 0.014068 0.000000 
0.321432 -0.946933 0.000000 0.150069 0.988675 0.000000 0.986129 0.165979 0.000000 -0.940788 -0.338995 -0.000000 -0.985012 0.172484 0.000000 -0.999896 0.014391 0.000000 
0.321482 -0.946916 0.000000 0.150844 0.988558 0.000000 0.986258 0.165214 0.000000 -0.941101 -0.338125 -0.000000 -0.984874 0.173271 0.000000 -0.999892 0.014719 0.000000 
0.321642 -0.946861 0.000000 0.151543 0.988451 0.000000 0.986383 0.164466 0.000000 -0.941411 -0.337261 -0.000000 -0.984740 0.174034 0.000000 -0.999887 0.015042 0.000000 
0.321939 -0.946761 0.000000 0.152139 0.988359 0.000000 0.986500 0.163760 0.000000 -0.941710 -0.336426 -0.000000 -0.984612 0.174753 0.000000 -0.999882 0.015332 0.000000 
0.322402 -0.946603 0.000000 0.152599 0.988288 0.000000 0.986605 0.163125 0.000000 -0.941986 -0.335652 -0.000000 -0.984497 0.175402 0.000000 -0.999879 0.015558 0.000000 
0.323043 -0.946384 0.000000 0.152911 0.988240 0.000000 0.986697 0.162573 0.000000 -0.942237 -0.334948 -0.000000 -0.984394 0.175978 0.000000 -0.999877 0.015712 0.000000 
0.323856 -0.946106 0.000000 0.153075 0.988215 0.000000 0.986775 0.162094 0.000000 -0.942463 -0.334310 -0.000000 -0.984302 0.176492 0.000000 -0.999875 0.015803 0.000000 
0.324960 -0.945728 0.000000 0.153102 0.988210 0.000000 0.986833 0.161745 0.000000 -0.942623 -0.333858 -0.000000 -0.984241 0.176830 0.000000 -0.999874 0.015872 0.000000 
0.326205 -0.945299 0.000000 0.153099 0.988211 0.000000 0.986658 0.162807 0.000000 -0.942802 -0.333352 -0.000000 -0.984242 0.176829 0.000000 -0.999903 0.013941 0.000000 
0.327617 -0.944811 0.000000 0.153094 0.988212 0.000000 0.986235 0.165347 0.000000 -0.943013 -0.332757 -0.000000 -0.984242 0.176827 0.000000 -0.999951 0.009906 0.000000 
0.329368 -0.944202 0.000000 0.153089 0.988212 0.000000 0.985634 0.168893 0.000000 -0.943198 -0.332232 -0.000000 -0.984242 0.176825 0.000000 -0.999988 0.004980 0.000000 
0.330807 -0.943698 0.000000 0.153144 0.988204 0.000000 0.985742 0.168263 0.000000 -0.943532 -0.331280 -0.000000 -0.984231 0.176887 0.000000 -0.999972 0.007521 0.000000 
0.330715 -0.943731 0.000000 0.153176 0.988199 0.000000 0.985869 0.167516 0.000000 -0.944161 -0.329484 -0.000000 -0.984220 0.176947 0.000000 -0.999953 0.009697 0.000000 
0.329410 -0.944187 0.000000 0.154793 0.987947 0.000000 0.986073 0.166315 0.000000 -0.944858 -0.327481 -0.000000 -0.983851 0.178987 0.000000 -0.999935 0.011361 0.000000 
0.325609 -0.945505 0.000000 0.159198 0.987247 0.000000 0.986534 0.163555 0.000000 -0.946335 -0.323186 -0.000000 -0.982885 0.184220 0.000000 -0.999919 0.012762 0.000000 
0.320099 -0.947384 0.000000 0.166204 0.986091 0.000000 0.986458 0.164011 0.000000 -0.948256 -0.317508 -0.000000 -0.981529 0.191312 0.000000 -0.999968 0.008006 0.000000 
0.316636 -0.948547 0.000000 0.171701 0.985149 0.000000 0.985395 0.170285 0.000000 -0.980582 0.196112 0.000000 -0.949398 -0.314075 -0.000000 -0.999985 -0.005417 -0.000000 
0.311907 -0.950113 0.000000 0.177654 0.984093 0.000000 0.983924 0.178586 0.000000 -0.979559 0.201156 0.000000 -0.951009 -0.309163 -0.000000 -0.999646 -0.026598 -0.000000 
0.306446 -0.951888 0.000000 0.183891 0.982947 0.000000 0.982704 0.185181 0.000000 -0.978406 0.206690 0.000000 -0.952806 -0.303580 -0.000000 -0.998837 -0.048217 -0.000000 
0.301750 -0.953387 0.000000 0.188788 0.982018 0.000000 0.982685 0.185282 0.000000 -0.977367 0.211549 0.000000 -0.954284 -0.298900 -0.000000 -0.998424 -0.056113 -0.000000 
0.296374 -0.955072 0.000000 0.194281 0.980946 0.000000 0.982755 0.184914 0.000000 -0.976167 0.217019 0.000000 -0.955920 -0.293628 -0.000000 -0.997899 -0.064790 -0.000000 
0.292444 -0.956283 0.000000 0.198205 0.980161 0.000000 0.982752 0.184931 0.000000 -0.975281 0.220966 0.000000 -0.957082 -0.289818 -0.000000 -0.997405 -0.071989 -0.000000 
0.289969 -0.957036 0.000000 0.200570 0.979679 0.000000 0.982741 0.184987 0.000000 -0.974729 0.223389 0.000000 -0.957797 -0.287445 -0.000000 -0.997041 -0.076871 -0.000000 
0.289433 -0.957198 0.000000 0.200899 0.979612 0.000000 0.982727 0.185059 0.000000 -0.974638 0.223786 0.000000 -0.957944 -0.286956 -0.000000 -0.996916 -0.078471 -0.000000 
0.290523 -0.956868 0.000000 0.199495 0.979899 0.000000 0.982702 0.185193 0.000000 -0.974941 0.222463 0.000000 -0.957616 -0.288049 -0.000000 -0.997001 -0.077388 -0.000000 
0.293161 -0.956063 0.000000 0.196423 0.980519 0.000000 0.982634 0.185557 0.000000 -0.975617 0.219478 0.000000 -0.956838 -0.290621 -0.000000 -0.997250 -0.074107 -0.000000 
0.297547 -0.954707 0.000000 0.191441 0.981504 0.000000 0.982535 0.186077 0.000000 -0.976701 0.214605 0.000000 -0.955509 -0.294961 -0.000000 -0.997682 -0.068048 -0.000000 
0.303733 -0.952757 0.000000 0.184937 0.982750 0.000000 0.982385 0.186869 0.000000 -0.978077 0.208242 0.000000 -0.953579 -0.301144 -0.000000 -0.998211 -0.059795 -0.000000 
0.310830 -0.950465 0.000000 0.177972 0.984036 0.000000 0.982232 0.187671 0.000000 -0.979505 0.201421 0.000000 -0.951283 -0.308320 -0.000000 -0.998710 -0.050777 -0.000000 
0.318879 -0.947796 0.000000 0.170017 0.985441 0.000000 0.981968 0.189047 0.000000 -0.981122 0.193387 0.000000 -0.948606 -0.316458 -0.000000 -0.999153 -0.041150 -0.000000 
0.326246 -0.945285 0.000000 0.161783 0.986826 0.000000 0.981806 0.189888 0.000000 -0.982671 0.185356 0.000000 -0.946078 -0.323939 -0.000000 -0.999541 -0.030300 -0.000000 
0.331342 -0.943511 0.000000 0.159460 0.987204 0.000000 0.981674 0.190568 0.000000 -0.983098 0.183081 0.000000 -0.944296 -0.329098 -0.000000 -0.999619 -0.027594 -0.000000 
0.334043 -0.942558 0.000000 0.157926 0.987451 0.000000 0.981574 0.191081 0.000000 -0.983377 0.181573 0.000000 -0.943317 -0.331893 -0.000000 -0.999654 -0.026290 -0.000000 
0.336190 -0.941794 0.000000 0.156341 0.987703 0.000000 0.981509 0.191415 0.000000 -0.983666 0.180002 0.000000 -0.942529 -0.334124 -0.000000 -0.999698 -0.024558 -0.000000 
0.338132 -0.941099 0.000000 0.154447 0.988001 0.000000 0.981449 0.191722 0.000000 -0.941811 -0.336144 -0.000000 -0.984008 0.178123 0.000000 -0.999748 -0.022458 -0.000000 
0.338729 -0.940884 0.000000 0.152835 0.988252 0.000000 0.981417 0.191887 0.000000 -0.941581 -0.336787 -0.000000 -0.984296 0.176524 0.000000 -0.999783 -0.020831 -0.000000 
0.338649 -0.940913 0.000000 0.152313 0.988332 0.000000 0.981406 0.191943 0.000000 -0.941601 -0.336729 -0.000000 -0.984388 0.176011 0.000000 -0.999793 -0.020339 -0.000000 
0.338224 -0.941065 0.000000 0.152100 0.988365 0.000000 0.981411 0.191917 0.000000 -0.941749 -0.336316 -0.000000 -0.984425 0.175803 0.000000 -0.999799 -0.020064 -0.000000 
0.337507 -0.941323 0.000000 0.151747 0.988419 0.000000 0.981418 0.191881 0.000000 -0.942000 -0.335612 -0.000000 -0.984487 0.175456 0.000000 -0.999805 -0.019746 -0.000000 
0.336571 -0.941658 0.000000 0.151614 0.988440 0.000000 0.981435 0.191793 0.000000 -0.942331 -0.334682 -0.000000 -0.984510 0.175327 0.000000 -0.999808 -0.019581 -0.000000 
0.335586 -0.942010 0.000000 0.151455 0.988464 0.000000 0.981453 0.191704 0.000000 -0.942677 -0.333707 -0.000000 -0.984538 0.175172 0.000000 -0.999811 -0.019420 -0.000000 
0.334742 -0.942310 0.000000 0.151407 0.988471 0.000000 0.981471 0.191611 0.000000 -0.942971 -0.332876 -0.000000 -0.984546 0.175128 0.000000 -0.999814 -0.019284 -0.000000 
0.334077 -0.942546 0.000000 0.151398 0.988473 0.000000 0.981490 0.191513 0.000000 -0.943196 -0.332238 -0.000000 -0.984547 0.175122 0.000000 -0.999816 -0.019157 -0.000000 
0.333872 -0.942618 0.000000 0.151398 0.988473 0.000000 0.981496 0.191484 0.000000 -0.943260 -0.332056 -0.000000 -0.984546 0.175124 0.000000 -0.999820 -0.018947 -0.000000 
0.333796 -0.942645 0.000000 0.151393 0.988474 0.000000 0.981503 0.191449 0.000000 -0.943273 -0.332019 -0.000000 -0.984547 0.175122 0.000000 -0.999825 -0.018722 -0.000000 
0.333811 -0.942640 0.000000 0.151390 0.988474 0.000000 0.981508 0.191421 0.000000 -0.943254 -0.332073 -0.000000 -0.984547 0.175121 0.000000 -0.999829 -0.018467 -0.000000 
0.334020 -0.942566 0.000000 0.151364 0.988478 0.000000 0.981521 0.191355 0.000000 -0.943164 -0.332329 -0.000000 -0.984551 0.175097 0.000000 -0.999835 -0.018168 -0.000000 
0.334047 -0.942556 0.000000 0.151365 0.988478 0.000000 0.981521 0.191356 0.000000 -0.943152 -0.332360 -0.000000 -0.984551 0.175098 0.000000 -0.999839 -0.017967 -0.000000 
0.334086 -0.942543 0.000000 0.151365 0.988478 0.000000 0.981520 0.191360 0.000000 -0.943137 -0.332405 -0.000000 -0.984551 0.175100 0.000000 -0.999842 -0.017767 -0.000000 
0.334154 -0.942519 0.000000 0.151366 0.988478 0.000000 0.981516 0.191380 0.000000 -0.943110 -0.332480 -0.000000 -0.984550 0.175101 0.000000 -0.999844 -0.017635 -0.000000 
0.334195 -0.942504 0.000000 0.151365 0.988478 0.000000 0.981513 0.191393 0.000000 -0.943092 -0.332532 -0.000000 -0.984550 0.175102 0.000000 -0.999847 -0.017517 -0.000000 
0.334268 -0.942478 0.000000 0.151365 0.988478 0.000000 0.981511 0.191407 0.000000 -0.943064 -0.332611 -0.000000 -0.984550 0.175103 0.000000 -0.999850 -0.017334 -0.000000 
0.334357 -0.942447 0.000000 0.151366 0.988478 0.000000 0.981507 0.191428 0.000000 -0.943027 -0.332717 -0.000000 -0.984550 0.175104 0.000000 -0.999853 -0.017154 -0.000000 
0.334335 -0.942454 0.000000 0.151648 0.988435 0.000000 0.981369 0.192130 0.000000 -0.943034 -0.332697 -0.000000 -0.984500 0.175383 0.000000 -0.999807 -0.019671 -0.000000 
0.334175 -0.942511 0.000000 0.151878 0.988399 0.000000 0.981390 0.192025 0.000000 -0.943091 -0.332536 -0.000000 -0.984459 0.175613 0.000000 -0.999808 -0.019598 -0.000000 
0.334109 -0.942534 0.000000 0.151960 0.988387 0.000000 0.981382 0.192067 0.000000 -0.943112 -0.332475 -0.000000 -0.984444 0.175697 0.000000 -0.999800 -0.019992 -0.000000 
0.334165 -0.942515 0.000000 0.151988 0.988382 0.000000 0.981362 0.192166 0.000000 -0.943093 -0.332529 -0.000000 -0.984440 0.175724 0.000000 -0.999794 -0.020275 -0.000000 
0.334289 -0.942471 0.000000 0.152000 0.988380 0.000000 0.981166 0.193166 0.000000 -0.943051 -0.332649 -0.000000 -0.984437 0.175737 0.000000 -0.999731 -0.023195 -0.000000 
0.334343 -0.942451 0.000000 0.151959 0.988387 0.000000 0.980327 0.197378 0.000000 -0.984444 0.175696 0.000000 -0.943036 -0.332689 -0.000000 -0.999328 -0.036648 -0.000000 
0.333254 -0.942837 0.000000 0.152115 0.988363 0.000000 0.979963 0.199180 0.000000 -0.984417 0.175851 0.000000 -0.943423 -0.331591 -0.000000 -0.999045 -0.043698 -0.000000 
0.333249 -0.942839 0.000000 0.152051 0.988373 0.000000 0.979974 0.199127 0.000000 -0.984428 0.175787 0.000000 -0.943424 -0.331588 -0.000000 -0.999051 -0.043559 -0.000000 
0.333196 -0.942858 0.000000 0.152056 0.988372 0.000000 0.979974 0.199125 0.000000 -0.984427 0.175791 0.000000 -0.943443 -0.331534 -0.000000 -0.999048 -0.043627 -0.000000 
0.333652 -0.942696 0.000000 0.151737 0.988421 0.000000 0.979907 0.199454 0.000000 -0.984484 0.175472 0.000000 -0.943283 -0.331989 -0.000000 -0.999036 -0.043896 -0.000000 
0.334547 -0.942379 0.000000 0.150862 0.988555 0.000000 0.979789 0.200034 0.000000 -0.984641 0.174593 0.000000 -0.942968 -0.332882 -0.000000 -0.999034 -0.043935 -0.000000 
0.335470 -0.942051 0.000000 0.149796 0.988717 0.000000 0.979652 0.200703 0.000000 -0.984832 0.173513 0.000000 -0.942642 -0.333804 -0.000000 -0.999031 -0.044017 -0.000000 
0.336468 -0.941695 0.000000 0.148823 0.988864 0.000000 0.979508 0.201403 0.000000 -0.985005 0.172524 0.000000 -0.942293 -0.334790 -0.000000 -0.999012 -0.044442 -0.000000 
0.337361 -0.941375 0.000000 0.147902 0.989002 0.000000 0.979388 0.201989 0.000000 -0.985168 0.171591 0.000000 -0.941978 -0.335674 -0.000000 -0.999012 -0.044448 -0.000000 
0.338208 -0.941071 0.000000 0.147075 0.989125 0.000000 0.979278 0.202519 0.000000 -0.985312 0.170764 0.000000 -0.941679 -0.336512 -0.000000 -0.999012 -0.044451 -0.000000 
0.338967 -0.940798 0.000000 0.146340 0.989234 0.000000 0.979182 0.202983 0.000000 -0.985437 0.170039 0.000000 -0.941412 -0.337258 -0.000000 -0.999012 -0.044447 -0.000000 
0.339607 -0.940568 0.000000 0.145722 0.989326 0.000000 0.979103 0.203364 0.000000 -0.985540 0.169441 0.000000 -0.941188 -0.337884 -0.000000 -0.999012 -0.044438 -0.000000 
0.340099 -0.940390 0.000000 0.145254 0.989394 0.000000 0.979045 0.203645 0.000000 -0.985616 0.168999 0.000000 -0.941016 -0.338361 -0.000000 -0.999013 -0.044424 -0.000000 
0.340136 -0.940376 0.000000 0.145161 0.989408 0.000000 0.979041 0.203662 0.000000 -0.985631 0.168914 0.000000 -0.941009 -0.338382 -0.000000 -0.999015 -0.044383 -0.000000 
0.340013 -0.940421 0.000000 0.145161 0.989408 0.000000 0.979052 0.203609 0.000000 -0.985631 0.168915 0.000000 -0.941059 -0.338243 -0.000000 -0.999016 -0.044351 -0.000000 
0.339901 -0.940461 0.000000 0.145161 0.989408 0.000000 0.979063 0.203556 0.000000 -0.985630 0.168917 0.000000 -0.941103 -0.338121 -0.000000 -0.999018 -0.044311 -0.000000 
0.339810 -0.940494 0.000000 0.145162 0.989408 0.000000 0.979073 0.203510 0.000000 -0.985630 0.168918 0.000000 -0.941138 -0.338023 -0.000000 -0.999020 -0.044269 -0.000000 
0.339732 -0.940522 0.000000 0.145162 0.989408 0.000000 0.979080 0.203475 0.000000 -0.985630 0.168920 0.000000 -0.941164 -0.337950 -0.000000 -0.999021 -0.044232 -0.000000 
0.339666 -0.940546 0.000000 0.145163 0.989408 0.000000 0.979085 0.203454 0.000000 -0.985629 0.168922 0.000000 -0.941183 -0.337896 -0.000000 -0.999022 -0.044208 -0.000000 
0.339610 -0.940566 0.000000 0.145164 0.989408 0.000000 0.979086 0.203446 0.000000 -0.985629 0.168924 0.000000 -0.941195 -0.337863 -0.000000 -0.999023 -0.044196 -0.000000 
0.339550 -0.940588 0.000000 0.145208 0.989401 0.000000 0.979080 0.203475 0.000000 -0.985621 0.168969 0.000000 -0.941206 -0.337833 -0.000000 -0.999017 -0.044330 -0.000000 
0.339549 -0.940588 0.000000 0.145209 0.989401 0.000000 0.979074 0.203505 0.000000 -0.985621 0.168971 0.000000 -0.941198 -0.337856 -0.000000 -0.999015 -0.044375 -0.000000 
0.339549 -0.940588 0.000000 0.145214 0.989400 0.000000 0.979062 0.203564 0.000000 -0.985620 0.168976 0.000000 -0.941190 -0.337878 -0.000000 -0.999009 -0.044514 -0.000000 
0.339538 -0.940592 0.000000 0.145316 0.989385 0.000000 0.979155 0.203117 0.000000 -0.985604 0.169073 0.000000 -0.941189 -0.337881 -0.000000 -0.999053 -0.043513 -0.000000 
0.339530 -0.940595 0.000000 0.145329 0.989383 0.000000 0.979153 0.203124 0.000000 -0.985601 0.169087 0.000000 -0.941191 -0.337874 -0.000000 -0.999049 -0.043592 -0.000000 
0.339500 -0.940606 0.000000 0.145281 0.989390 0.000000 0.979174 0.203021 0.000000 -0.985609 0.169039 0.000000 -0.941202 -0.337844 -0.000000 -0.999055 -0.043473 -0.000000 
0.339498 -0.940607 0.000000 0.145168 0.989407 0.000000 0.979153 0.203127 0.000000 -0.985628 0.168929 0.000000 -0.941203 -0.337841 -0.000000 -0.999042 -0.043760 -0.000000 
0.339498 -0.940607 0.000000 0.145169 0.989407 0.000000 0.979153 0.203123 0.000000 -0.985628 0.168931 0.000000 -0.941203 -0.337842 -0.000000 -0.999042 -0.043760 -0.000000 
0.339561 -0.940584 0.000000 0.144953 0.989438 0.000000 0.979061 0.203569 0.000000 -0.985661 0.168735 0.000000 -0.941180 -0.337905 -0.000000 -0.998982 -0.045119 -0.000000 
0.339636 -0.940557 0.000000 0.145003 0.989431 0.000000 0.979030 0.203718 0.000000 -0.985652 0.168788 0.000000 -0.941154 -0.337979 -0.000000 -0.998960 -0.045595 -0.000000 
0.339616 -0.940564 0.000000 0.145010 0.989430 0.000000 0.979027 0.203730 0.000000 -0.985652 0.168790 0.000000 -0.941161 -0.337960 -0.000000 -0.998958 -0.045649 -0.000000 
0.339469 -0.940617 0.000000 0.144893 0.989447 0.000000 0.978965 0.204030 0.000000 -0.985669 0.168688 0.000000 -0.941211 -0.337818 -0.000000 -0.998911 -0.046650 -0.000000 
0.339689 -0.940538 0.000000 0.144793 0.989462 0.000000 0.978782 0.204906 0.000000 -0.985684 0.168605 0.000000 -0.941130 -0.338044 -0.000000 -0.998788 -0.049228 -0.000000 
0.339671 -0.940544 0.000000 0.144875 0.989450 0.000000 0.978765 0.204985 0.000000 -0.985671 0.168681 0.000000 -0.941135 -0.338032 -0.000000 -0.998770 -0.049573 -0.000000 
0.339674 -0.940543 0.000000 0.144878 0.989450 0.000000 0.978713 0.205234 0.000000 -0.985667 0.168703 0.000000 -0.941131 -0.338041 -0.000000 -0.998729 -0.050405 -0.000000 
0.339652 -0.940551 0.000000 0.144819 0.989458 0.000000 0.978691 0.205340 0.000000 -0.985676 0.168652 0.000000 -0.941137 -0.338025 -0.000000 -0.998707 -0.050836 -0.000000 
0.339660 -0.940548 0.000000 0.144883 0.989449 0.000000 0.978661 0.205482 0.000000 -0.985664 0.168721 0.000000 -0.941133 -0.338037 -0.000000 -0.998676 -0.051440 -0.000000 
0.339628 -0.940560 0.000000 0.145105 0.989416 0.000000 0.978658 0.205498 0.000000 -0.985628 0.168929 0.000000 -0.941142 -0.338013 -0.000000 -0.998662 -0.051719 -0.000000 
0.339647 -0.940553 0.000000 0.144885 0.989448 0.000000 0.978629 0.205632 0.000000 -0.985666 0.168706 0.000000 -0.941132 -0.338039 -0.000000 -0.998652 -0.051898 -0.000000 
0.339654 -0.940551 0.000000 0.144953 0.989439 0.000000 0.978620 0.205679 0.000000 -0.985655 0.168772 0.000000 -0.941128 -0.338051 -0.000000 -0.998640 -0.052145 -0.000000 
0.339651 -0.940552 0.000000 0.144923 0.989443 0.000000 0.978606 0.205743 0.000000 -0.985661 0.168739 0.000000 -0.941127 -0.338052 -0.000000 -0.998631 -0.052302 -0.000000 
0.339671 -0.940544 0.000000 0.144929 0.989442 0.000000 0.978602 0.205760 0.000000 -0.985661 0.168736 0.000000 -0.941118 -0.338077 -0.000000 -0.998629 -0.052344 -0.000000 
0.339641 -0.940555 0.000000 0.144904 0.989446 0.000000 0.978532 0.206093 0.000000 -0.985658 0.168756 0.000000 -0.941129 -0.338049 -0.000000 -0.998564 -0.053565 -0.000000 
0.339651 -0.940552 0.000000 0.145050 0.989424 0.000000 0.978488 0.206303 0.000000 -0.985637 0.168877 0.000000 -0.941124 -0.338062 -0.000000 -0.998529 -0.054218 -0.000000 
0.339675 -0.940543 0.000000 0.145056 0.989423 0.000000 0.978485 0.206320 0.000000 -0.985638 0.168872 0.000000 -0.941114 -0.338090 -0.000000 -0.998527 -0.054250 -0.000000 
0.339691 -0.940537 0.000000 0.145050 0.989424 0.000000 0.978485 0.206319 0.000000 -0.985640 0.168858 0.000000 -0.941106 -0.338111 -0.000000 -0.998528 -0.054240 -0.000000 
0.339684 -0.940540 0.000000 0.145080 0.989420 0.000000 0.978508 0.206207 0.000000 -0.985633 0.168898 0.000000 -0.941108 -0.338107 -0.000000 -0.998536 -0.054098 -0.000000 
0.339702 -0.940533 0.000000 0.145172 0.989406 0.000000 0.978494 0.206274 0.000000 -0.985619 0.168985 0.000000 -0.941100 -0.338127 -0.000000 -0.998520 -0.054388 -0.000000 
0.339681 -0.940541 0.000000 0.145236 0.989397 0.000000 0.978488 0.206306 0.000000 -0.985610 0.169038 0.000000 -0.941107 -0.338108 -0.000000 -0.998512 -0.054527 -0.000000 
0.339691 -0.940537 0.000000 0.145241 0.989396 0.000000 0.978486 0.206315 0.000000 -0.985610 0.169035 0.000000 -0.941103 -0.338119 -0.000000 -0.998511 -0.054549 -0.000000 
0.339725 -0.940525 0.000000 0.145132 0.989412 0.000000 0.978500 0.206245 0.000000 -0.985629 0.168924 0.000000 -0.941091 -0.338153 -0.000000 -0.998527 -0.054261 -0.000000 
0.339763 -0.940511 0.000000 0.145136 0.989412 0.000000 0.978497 0.206259 0.000000 -0.985629 0.168922 0.000000 -0.941078 -0.338191 -0.000000 -0.998526 -0.054278 -0.000000 
0.339807 -0.940495 0.000000 0.145138 0.989411 0.000000 0.978495 0.206272 0.000000 -0.985630 0.168921 0.000000 -0.941063 -0.338232 -0.000000 -0.998525 -0.054291 -0.000000 
0.339858 -0.940477 0.000000 0.145140 0.989411 0.000000 0.978492 0.206287 0.000000 -0.985630 0.168919 0.000000 -0.941046 -0.338279 -0.000000 -0.998525 -0.054303 -0.000000 
0.339773 -0.940508 0.000000 0.145331 0.989383 0.000000 0.978471 0.206386 0.000000 -0.985597 0.169113 0.000000 -0.941078 -0.338189 -0.000000 -0.998492 -0.054891 -0.000000 
