0.101967 0.994784 0.002854 0.994331 -0.106291 -0.002681 -0.996455 0.084092 0.002617 -0.108050 -0.994141 -0.002837 
0.101966 0.994785 0.002537 0.994332 -0.106292 -0.002414 -0.996455 0.084093 0.002357 -0.108049 -0.994142 -0.002522 
0.101966 0.994785 0.002234 0.994333 -0.106293 -0.002152 -0.996456 0.084093 0.002102 -0.108048 -0.994143 -0.002220 
0.101965 0.994786 0.001976 0.994333 -0.106293 -0.001927 -0.996456 0.084094 0.001883 -0.108048 -0.994144 -0.001964 
0.101964 0.994787 0.001750 0.994333 -0.106293 -0.001732 -0.996456 0.084094 0.001693 -0.108047 -0.994144 -0.001739 
0.101964 0.994787 0.001555 0.994334 -0.106293 -0.001543 -0.996457 0.084094 0.001508 -0.108046 -0.994145 -0.001545 
0.101964 0.994787 0.001388 0.994334 -0.106294 -0.001372 -0.996457 0.084094 0.001341 -0.108046 -0.994145 -0.001379 
0.101964 0.994787 0.001241 0.994334 -0.106294 -0.001218 -0.996457 0.084094 0.001190 -0.108046 -0.994145 -0.001234 
0.101963 0.994788 0.001113 0.994334 -0.106293 -0.001078 -0.996457 0.084094 0.001053 -0.108045 -0.994145 -0.001107 
0.101962 0.994788 0.001004 0.994334 -0.106293 -0.000951 -0.996457 0.084094 0.000929 -0.108045 -0.994146 -0.000998 
0.101876 0.994795 0.001813 0.994343 -0.106204 -0.001880 -0.996464 0.084004 0.001839 -0.107957 -0.994154 -0.001802 
0.101874 0.994796 0.001687 0.994343 -0.106204 -0.001662 -0.996464 0.084004 0.001624 -0.107957 -0.994154 -0.001677 
0.101875 0.994796 0.001491 0.994343 -0.106204 -0.001456 -0.996464 0.084005 0.001422 -0.107957 -0.994154 -0.001482 
0.101874 0.994796 0.001342 0.994344 -0.106204 -0.001278 -0.996465 0.084005 0.001248 -0.107957 -0.994155 -0.001334 
0.101874 0.994796 0.001348 0.994344 -0.106204 -0.001122 -0.996465 0.084005 0.001091 -0.107956 -0.994155 -0.001341 
0.101873 0.994793 0.003018 0.994344 -0.106202 -0.000972 -0.996465 0.084003 0.000905 -0.107956 -0.994151 -0.003012 
0.101868 0.994773 0.006999 0.994345 -0.106197 -0.000827 -0.996466 0.083998 0.000671 -0.107951 -0.994132 -0.006994 
0.111871 0.993574 0.017172 0.993225 -0.116210 -0.000290 -0.995569 0.094036 -0.000093 -0.117947 -0.992871 -0.017170 
0.132533 0.990617 0.033354 0.990578 -0.136947 0.000702 -0.993383 0.114836 -0.001445 -0.138593 -0.989788 -0.033359 
0.140881 0.988830 0.048655 0.989369 -0.145422 0.001234 -0.992361 0.123350 -0.002319 -0.146933 -0.987949 -0.048663 
0.142208 0.988122 0.058231 0.989160 -0.146839 0.001251 -0.992181 0.124782 -0.002549 -0.148259 -0.987232 -0.058239 
0.136553 0.989053 0.055930 0.990005 -0.141027 -0.001072 -0.992900 0.118951 -0.000175 -0.142609 -0.988198 -0.055924 
0.128499 0.990374 0.051454 0.991131 -0.132867 -0.002459 -0.993846 0.110762 0.001311 -0.134562 -0.989569 -0.051439 
0.128713 0.990387 0.050654 0.991101 -0.133095 -0.002118 -0.993821 0.110989 0.000988 -0.134776 -0.989581 -0.050642 
0.130553 0.990013 0.053196 0.990843 -0.135016 -0.000847 -0.993604 0.112919 -0.000339 -0.136615 -0.989195 -0.053191 
0.131128 0.989528 0.060323 0.990756 -0.135651 -0.000674 -0.993530 0.113564 -0.000671 -0.137189 -0.988707 -0.060320 
0.131120 0.988806 0.071204 0.990743 -0.135749 -0.000453 -0.993517 0.113679 -0.001134 -0.137181 -0.987984 -0.071202 
0.122125 0.986698 0.107299 0.991919 -0.126830 -0.003268 -0.994492 0.104807 0.000875 -0.128193 -0.985930 -0.107280 
0.928136 0.372230 -0.002757 -0.995672 0.092699 -0.006600 -0.184435 0.978765 0.089454 0.369182 -0.925865 -0.080493 -0.114750 -0.983114 -0.142545 -0.094995 -0.994428 0.045695 
0.927990 0.372596 -0.002583 -0.995045 0.097345 -0.020243 -0.160616 0.980210 0.115720 -0.129898 -0.987741 -0.086574 0.369371 -0.925283 -0.086113 
0.928957 0.370181 -0.002298 -0.994221 0.104363 -0.025140 -0.151042 0.979486 0.133389 -0.135762 -0.985339 -0.103327 0.366866 -0.925953 -0.089558 
0.929576 0.368626 -0.002036 -0.994063 0.107033 -0.019575 -0.160595 0.977121 0.139439 0.365343 -0.926568 -0.089420 -0.125621 -0.975216 -0.182137 -0.115893 -0.992978 -0.023718 
0.929575 0.368628 -0.001795 -0.994385 0.105260 -0.010875 -0.178168 0.974058 0.139526 0.365395 -0.926630 -0.088563 -0.125370 -0.974839 -0.184311 -0.067983 -0.997178 -0.031863 
0.929574 0.368631 -0.001570 -0.994646 0.103233 -0.004812 -0.192907 0.971499 0.137757 0.365463 -0.926733 -0.087199 -0.124511 -0.975136 -0.183324 -0.030660 -0.998877 -0.036132 
0.929574 0.368633 -0.001361 -0.994687 0.102903 -0.003097 -0.200476 0.970375 0.134843 0.365546 -0.926883 -0.085224 -0.124577 -0.975799 -0.179715 -0.012697 -0.999260 -0.036312 
0.929574 0.368634 -0.001175 -0.994519 0.104494 -0.003734 -0.201970 0.970636 0.130665 0.365653 -0.927098 -0.082391 -0.126139 -0.976515 -0.174665 -0.009334 -0.999405 -0.033207 
0.929575 0.368633 -0.001021 -0.994305 0.106391 -0.006254 -0.199647 0.971720 0.126098 0.365775 -0.927365 -0.078752 -0.127693 -0.977208 -0.169587 -0.015528 -0.999480 -0.028268 
0.929665 0.368404 -0.000913 -0.994144 0.107620 -0.009818 -0.196389 0.973114 0.120331 0.365704 -0.927813 -0.073650 -0.128472 -0.978125 -0.163605 -0.024739 -0.999453 -0.021936 
0.929667 0.368401 -0.000791 -0.994069 0.107984 -0.012923 -0.194520 0.974358 0.113088 0.365881 -0.928230 -0.067233 -0.128542 -0.979250 -0.156675 -0.030695 -0.999417 -0.014947 
0.929668 0.368399 -0.000685 -0.994050 0.107841 -0.015308 -0.194496 0.975349 0.104236 0.366075 -0.928695 -0.059287 -0.128291 -0.980541 -0.148598 -0.031674 -0.999470 -0.007563 
0.929668 0.368398 -0.000583 -0.994042 0.107577 -0.017520 -0.195713 0.976156 0.093894 0.366277 -0.929174 -0.049776 -0.128022 -0.981961 -0.139150 -0.029225 -0.999573 0.000239 
0.929668 0.368397 -0.000485 -0.994031 0.107272 -0.019889 -0.197569 0.976854 0.081995 0.366465 -0.929623 -0.038797 -0.127775 -0.983490 -0.128141 -0.025162 -0.999644 0.008904 
0.929669 0.368396 -0.000400 -0.994008 0.106937 -0.022628 -0.199568 0.977489 0.068471 0.366621 -0.929998 -0.026304 -0.127548 -0.985069 -0.115629 -0.020696 -0.999609 0.018825 
0.930517 0.366248 -0.000251 -0.993692 0.110211 -0.020756 -0.198342 0.978703 0.052919 0.364571 -0.931074 -0.013750 -0.131840 -0.987234 -0.089374 -0.017793 -0.999774 0.011630 
0.933084 0.359656 0.001124 -0.992604 0.120087 -0.017770 -0.194465 0.980264 0.035585 0.358015 -0.933714 -0.002089 -0.142712 -0.988001 -0.059055 -0.012528 -0.999920 0.001912 
0.934235 0.356652 0.002069 -0.991691 0.127765 -0.014995 -0.190806 0.981437 0.019364 0.354994 -0.934857 0.004689 -0.151040 -0.987960 -0.033488 -0.011642 -0.999932 0.000533 
0.935364 0.353657 0.004542 -0.991119 0.132201 -0.014351 -0.191057 0.981577 0.002148 0.351873 -0.935863 0.018592 -0.155848 -0.987708 -0.011993 -0.003812 -0.999993 0.000616 
0.936589 0.350195 0.012842 -0.990737 0.135305 -0.011528 -0.200036 0.979677 -0.014769 0.347967 -0.936897 0.033809 -0.159109 -0.987261 -0.000466 0.024952 -0.999686 0.002468 
0.936711 0.349472 0.021036 -0.990735 0.135304 -0.011735 -0.215533 0.976047 -0.029630 -0.159109 -0.987261 -0.000397 0.346547 -0.936801 0.048050 0.067348 -0.997565 0.018094 
0.936999 0.348515 0.023874 -0.990733 0.135302 -0.011887 -0.226932 0.972865 -0.045118 -0.159109 -0.987261 -0.000319 0.344766 -0.936430 0.065078 0.101552 -0.994010 0.040386 
0.937566 0.347165 0.021111 -0.990735 0.135300 -0.011716 -0.231105 0.971128 -0.059168 -0.159108 -0.987261 -0.000227 0.342763 -0.935778 0.082662 0.117077 -0.990973 0.065308 
0.938358 0.345347 0.014816 -0.990732 0.135297 -0.012069 -0.228809 0.970857 -0.071297 -0.159106 -0.987261 -0.000125 0.340624 -0.934901 0.099679 0.115593 -0.989209 0.090026 
0.939248 0.343175 0.006665 -0.990722 0.135293 -0.012904 -0.222309 0.971536 -0.081832 -0.159105 -0.987262 -0.000015 0.338507 -0.933846 0.115523 0.103277 -0.988153 0.113527 
0.940068 0.340977 -0.002577 -0.990712 0.135289 -0.013663 -0.214095 0.972540 -0.091268 -0.159104 -0.987262 0.000042 0.336738 -0.932561 0.130146 0.086537 -0.986952 0.135786 
0.940760 0.338862 -0.011942 -0.990705 0.135287 -0.014174 -0.205859 0.973487 -0.099724 -0.159103 -0.987262 0.000097 0.335349 -0.931161 0.143105 0.069422 -0.985261 0.156336 
0.941364 0.336782 -0.020266 -0.990699 0.135306 -0.014385 -0.199127 0.974088 -0.107246 -0.159126 -0.987258 0.000317 0.334106 -0.929835 0.154204 0.055577 -0.983129 0.174266 
0.942265 0.333780 -0.026988 -0.990331 0.137943 -0.014701 -0.194327 0.974204 -0.114732 -0.161807 -0.986814 0.004027 0.331905 -0.929018 0.163602 0.048757 -0.981002 0.187768 
0.943241 0.330498 -0.032657 -0.989962 0.140701 -0.013330 -0.190916 0.974022 -0.121784 -0.164614 -0.986312 0.009488 0.329408 -0.928545 0.171156 0.044892 -0.979229 0.197727 
0.943960 0.327888 -0.037805 -0.989647 0.143049 -0.011631 -0.188797 0.973581 -0.128439 -0.167005 -0.985810 0.016977 0.327594 -0.928060 0.177162 0.042853 -0.977790 0.205159 
0.944398 0.326000 -0.042857 -0.989477 0.144294 -0.010681 -0.187291 0.973112 -0.134070 -0.168282 -0.985442 0.024180 0.326559 -0.927497 0.181959 0.040549 -0.976423 0.212024 
0.944350 0.325403 -0.048131 -0.989470 0.144343 -0.010695 -0.186297 0.972663 -0.138636 -0.168375 -0.985239 0.030876 0.326898 -0.926626 0.185748 0.037533 -0.975090 0.218612 
0.944220 0.324987 -0.053223 -0.989473 0.144326 -0.010623 -0.185836 0.972189 -0.142528 -0.168391 -0.985024 0.037052 0.327431 -0.925833 0.188738 0.035517 -0.973807 0.224585 
0.944027 0.324698 -0.058176 -0.989481 0.144284 -0.010447 -0.185784 0.971702 -0.145874 -0.168367 -0.984801 0.042654 0.328103 -0.925086 0.191218 0.034442 -0.972571 0.230041 
0.943812 0.324402 -0.063098 -0.989491 0.144238 -0.010164 -0.185793 0.971271 -0.148709 -0.168327 -0.984577 0.047692 0.328789 -0.924398 0.193353 0.033673 -0.971416 0.234982 
0.943585 0.324050 -0.068114 -0.989504 0.144175 -0.009764 -0.185538 0.970958 -0.151051 -0.168255 -0.984366 0.052089 0.329469 -0.923768 0.195197 0.032466 -0.970329 0.239598 
0.943300 0.323766 -0.073220 -0.989543 0.143990 -0.008486 -0.185071 0.970746 -0.152976 -0.168006 -0.984200 0.055902 0.330257 -0.923178 0.196655 0.030669 -0.969397 0.243576 
0.942980 0.323531 -0.078207 -0.989585 0.143824 -0.006096 -0.184820 0.970541 -0.154569 -0.167699 -0.984055 0.059265 0.331086 -0.922664 0.197668 0.029366 -0.968650 0.246686 
0.942653 0.323296 -0.082975 -0.989604 0.143786 -0.002944 -0.185029 0.970294 -0.155862 -0.167457 -0.983916 0.062193 0.331884 -0.922239 0.198315 0.029322 -0.968044 0.249062 
0.942296 0.323118 -0.087592 -0.989608 0.143793 0.000074 -0.185622 0.970048 -0.156686 -0.167256 -0.983794 0.064611 0.332708 -0.921887 0.198567 0.030278 -0.967486 0.251107 
0.941940 0.322821 -0.092393 -0.989612 0.143764 0.000176 -0.185488 0.970101 -0.156522 -0.167200 -0.983662 0.066735 0.333453 -0.921711 0.198138 0.029544 -0.966768 0.253943 
0.941575 0.322380 -0.097511 -0.989612 0.143761 0.000317 -0.184521 0.970391 -0.155864 0.334118 -0.921664 0.197231 -0.167171 -0.983549 0.068452 0.026901 -0.966111 0.256721 
0.941189 0.321870 -0.102773 -0.989613 0.143758 0.000495 -0.182894 0.970883 -0.154712 0.334731 -0.921742 0.195823 -0.167141 -0.983459 0.069799 0.022673 -0.965540 0.259266 
0.940782 0.321318 -0.108093 -0.989613 0.143756 0.000701 -0.180754 0.971536 -0.153120 0.335293 -0.921930 0.193966 -0.167114 -0.983393 0.070789 0.017225 -0.965032 0.261566 
0.940350 0.320778 -0.113323 -0.989613 0.143754 0.000932 -0.178408 0.972276 -0.151159 0.335822 -0.922205 0.191731 -0.167090 -0.983350 0.071438 0.011314 -0.964578 0.263556 
0.939916 0.320263 -0.118278 -0.989601 0.143831 0.001622 -0.176201 0.973019 -0.148953 0.336283 -0.922564 0.189181 -0.167113 -0.983322 0.071768 0.005829 -0.964243 0.264957 
0.939574 0.319603 -0.122699 -0.989525 0.144308 0.003962 -0.174548 0.973648 -0.146776 0.336460 -0.923049 0.186482 -0.167423 -0.983271 0.071751 0.002145 -0.964194 0.265188 
0.939127 0.319339 -0.126739 -0.989511 0.144396 0.004306 -0.173643 0.974189 -0.144233 0.336915 -0.923458 0.183610 -0.167486 -0.983261 0.071733 -0.000014 -0.964069 0.265652 
0.938633 0.319268 -0.130522 -0.989509 0.144402 0.004570 -0.172856 0.974745 -0.141394 0.337466 -0.923883 0.180434 -0.167477 -0.983280 0.071503 -0.002018 -0.964061 0.265672 
0.938138 0.319251 -0.134074 -0.989507 0.144402 0.004961 -0.171906 0.975362 -0.138267 0.337975 -0.924376 0.176922 -0.167457 -0.983318 0.071013 -0.004453 -0.964169 0.265252 
0.937641 0.319306 -0.137381 -0.989545 0.144125 0.005365 -0.170757 0.976062 -0.134701 0.338455 -0.924935 0.173040 -0.167172 -0.983446 0.069909 -0.007624 -0.964344 0.264544 
0.937199 0.319341 -0.140280 -0.989514 0.144263 0.007106 -0.169553 0.976763 -0.131096 0.338778 -0.925596 0.168823 -0.167211 -0.983524 0.068716 -0.010732 -0.964795 0.262785 
0.936887 0.319220 -0.142622 -0.989424 0.144724 0.009737 -0.168660 0.977404 -0.127417 0.338799 -0.926364 0.164515 -0.167527 -0.983586 0.067028 -0.012606 -0.965475 0.260189 
0.936724 0.318912 -0.144374 -0.989262 0.145566 0.013051 -0.168194 0.977963 -0.123686 0.338492 -0.927231 0.160208 -0.168200 -0.983614 0.064899 -0.012814 -0.966397 0.256734 
0.936608 0.318589 -0.145830 -0.989076 0.146485 0.016445 -0.167685 0.978545 -0.119712 0.338075 -0.928150 0.155700 -0.168968 -0.983642 0.062436 -0.012905 -0.967439 0.252777 
0.936520 0.318302 -0.147021 -0.988879 0.147406 0.019749 -0.167105 0.979169 -0.115340 0.337593 -0.929122 0.150877 -0.169775 -0.983689 0.059439 -0.013094 -0.968550 0.248474 
0.936452 0.318068 -0.147952 -0.988674 0.148310 0.022984 -0.166476 0.979830 -0.110541 0.337062 -0.930140 0.145703 -0.170608 -0.983753 0.055890 -0.013355 -0.969734 0.243797 
0.936400 0.317909 -0.148624 -0.988463 0.149182 0.026171 -0.165820 0.980519 -0.105293 0.336503 -0.931197 0.140137 -0.171452 -0.983829 0.051815 -0.013661 -0.971000 0.238688 
0.936357 0.317842 -0.149040 -0.988250 0.150005 0.029330 -0.165154 0.981229 -0.099569 0.335932 -0.932285 0.134143 -0.172291 -0.983914 0.047213 -0.013994 -0.972352 0.233099 
0.936317 0.317884 -0.149199 -0.988036 0.150765 0.032480 -0.164493 0.981952 -0.093336 0.335358 -0.933398 0.127681 -0.173117 -0.984002 0.042069 -0.014335 -0.973792 0.226988 
0.936277 0.318047 -0.149102 -0.987823 0.151447 0.035640 -0.163849 0.982681 -0.086557 0.334795 -0.934528 0.120709 -0.173919 -0.984089 0.036359 -0.014672 -0.975319 0.220313 
0.936229 0.318358 -0.148742 -0.987614 0.152024 0.038826 -0.163246 0.983402 -0.079191 0.334264 -0.935659 0.113182 -0.174674 -0.984168 0.030054 -0.014980 -0.976932 0.213025 
0.936163 0.318847 -0.148110 -0.987414 0.152464 0.042053 -0.162711 0.984102 -0.071194 0.333794 -0.936773 0.105056 -0.175355 -0.984234 0.023119 -0.015227 -0.978628 0.205072 
0.936076 0.319524 -0.147194 -0.987224 0.152753 0.045337 -0.162255 0.984767 -0.062516 0.333392 -0.937859 0.096281 -0.175956 -0.984276 0.015507 -0.015406 -0.980402 0.196402 
0.935970 0.320386 -0.145987 -0.987042 0.152894 0.048698 -0.161866 0.985383 -0.053100 0.333048 -0.938906 0.086800 -0.176487 -0.984277 0.007162 -0.015524 -0.982245 0.186960 
0.935806 0.321551 -0.144473 -0.986907 0.152900 0.051348 -0.161595 0.985917 -0.043056 0.332879 -0.939858 0.076543 -0.176830 -0.984241 0.000685 -0.015628 -0.984505 0.174657 
0.935728 0.322902 -0.141944 -0.986726 0.152869 0.054792 -0.162714 0.986096 -0.033756 0.332646 -0.940803 0.065087 -0.176829 -0.984241 0.000695 -0.013769 -0.987583 0.156491 
0.935721 0.324465 -0.138382 -0.986507 0.152830 0.058708 -0.165301 0.985962 -0.023552 0.332313 -0.941754 0.051646 -0.176827 -0.984242 0.000698 -0.009813 -0.990539 0.136884 
0.935753 0.326421 -0.133477 -0.986258 0.152786 0.062862 -0.168881 0.985560 -0.012288 0.332020 -0.942596 0.035710 -0.176825 -0.984242 0.000693 -0.004947 -0.993314 0.115336 
0.936480 0.328277 -0.123446 -0.985757 0.152765 0.070325 -0.168259 0.985720 -0.006644 0.331225 -0.943375 0.018295 -0.176887 -0.984231 0.000696 -0.007485 -0.995226 0.097308 
0.937559 0.328552 -0.114176 -0.985026 0.152684 0.080067 -0.167515 0.985867 -0.002307 0.329481 -0.944153 0.004075 -0.176947 -0.984220 0.000472 -0.009666 -0.996809 0.079242 
0.939016 0.327606 -0.104514 -0.983944 0.154165 0.089934 -0.166315 0.986072 0.001363 0.327480 -0.944855 -0.002588 -0.178986 -0.983843 -0.004197 -0.011339 -0.998029 0.061724 
0.941141 0.324106 -0.095964 -0.982696 0.158464 0.095910 -0.163552 0.986514 0.006335 0.323175 -0.946303 -0.008213 -0.184205 -0.982806 -0.012704 -0.012746 -0.998695 0.049458 
0.943674 0.318845 -0.088414 -0.980792 0.165311 0.103539 -0.164007 0.986435 0.006931 0.317489 -0.948200 -0.010874 -0.191296 -0.981450 -0.012730 -0.008001 -0.999316 0.036102 
0.945342 0.315566 -0.082136 -0.979385 0.170696 0.108016 -0.170283 0.985385 0.004428 -0.196108 -0.980565 -0.005805 0.314055 -0.949338 -0.011296 0.005416 -0.999704 0.023732 
0.947411 0.311020 -0.075354 -0.977972 0.176548 0.111366 -0.178586 0.983922 0.001928 -0.201156 -0.979556 0.002464 0.309129 -0.950905 -0.014814 0.026597 -0.999587 0.010900 
0.949617 0.305715 -0.069037 -0.976544 0.182693 0.113953 -0.185181 0.982704 0.000129 -0.206683 -0.978371 0.008485 0.303531 -0.952652 -0.017979 0.048217 -0.998836 -0.001239 
0.951353 0.301106 -0.065291 -0.975545 0.187544 0.114630 -0.185282 0.982685 0.000247 -0.211541 -0.977331 0.008592 0.298848 -0.954118 -0.018676 0.056111 -0.998398 -0.007281 
0.953158 0.295780 -0.063278 -0.974392 0.192983 0.115403 -0.184914 0.982755 0.000168 -0.217011 -0.976132 0.008510 0.293583 -0.955773 -0.017499 0.064786 -0.997829 -0.011795 
0.954355 0.291855 -0.063457 -0.973670 0.196892 0.114895 -0.184931 0.982752 0.000182 -0.220959 -0.975249 0.008161 0.289784 -0.956968 -0.015409 0.071983 -0.997326 -0.012589 
0.954984 0.289348 -0.065448 -0.973348 0.199274 0.113508 -0.184987 0.982741 0.000196 -0.223382 -0.974701 0.007611 0.287419 -0.957713 -0.013291 0.076868 -0.996995 -0.009569 
0.954934 0.288748 -0.068743 -0.973594 0.199664 0.110678 -0.185059 0.982727 0.000183 -0.223780 -0.974614 0.007093 0.286936 -0.957876 -0.011912 0.078471 -0.996913 -0.002476 
0.954327 0.289752 -0.072825 -0.974284 0.198352 0.106900 -0.185193 0.982702 0.000163 -0.222458 -0.974920 0.006553 0.288031 -0.957555 -0.011208 0.077386 -0.996974 0.007395 
0.953234 0.292293 -0.076879 -0.975340 0.195385 0.102652 -0.185557 0.982634 0.000134 -0.219474 -0.975600 0.006008 0.290602 -0.956775 -0.011529 0.074094 -0.997076 0.018681 
0.951563 0.296567 -0.081093 -0.976793 0.190522 0.097861 -0.186077 0.982535 0.000068 -0.214602 -0.976687 0.005294 0.294942 -0.955445 -0.011560 0.068016 -0.997210 0.030750 
0.949305 0.302633 -0.085051 -0.978511 0.184140 0.092778 -0.186869 0.982385 0.000030 -0.208241 -0.978068 0.004262 0.301125 -0.953520 -0.011124 0.059741 -0.997305 0.042584 
0.946733 0.309610 -0.088536 -0.980262 0.177290 0.087497 -0.187671 0.982232 -0.000162 -0.201420 -0.979500 0.003096 0.308305 -0.951237 -0.009811 0.050705 -0.997284 0.053421 
0.943795 0.317532 -0.091787 -0.982015 0.169426 0.083311 -0.189047 0.981967 -0.001367 -0.193386 -0.981112 0.004532 0.316447 -0.948572 -0.008500 0.041071 -0.997245 0.061778 
0.941050 0.324784 -0.094547 -0.983731 0.161276 0.079136 -0.189887 0.981805 -0.001459 -0.185356 -0.982668 0.002527 0.323931 -0.946054 -0.007055 0.030223 -0.996997 0.071297 
0.939089 0.329789 -0.096696 -0.984277 0.158987 0.076950 -0.190568 0.981673 -0.001428 -0.183081 -0.983096 0.002037 0.329092 -0.944277 -0.006256 0.027515 -0.996750 0.075708 
0.938095 0.332462 -0.097194 -0.984679 0.157483 0.074879 -0.191081 0.981573 -0.001425 -0.181573 -0.983376 0.001783 0.331889 -0.943304 -0.005225 0.026211 -0.996658 0.077366 
0.937354 0.334605 -0.096993 -0.985081 0.155926 0.072825 -0.191415 0.981508 -0.001453 -0.180002 -0.983665 0.001675 0.334121 -0.942520 -0.004349 0.024483 -0.996645 0.078102 
0.936727 0.336561 -0.096273 -0.985539 0.154062 0.070551 -0.191722 0.981448 -0.001472 0.336142 -0.941805 -0.003537 -0.178123 -0.984007 0.001570 0.022389 -0.996673 0.078364 
0.936638 0.337200 -0.094900 -0.985945 0.152478 0.068290 -0.191886 0.981416 -0.001452 0.336785 -0.941576 -0.003090 -0.176524 -0.984295 0.001472 0.020768 -0.996731 0.078075 
0.936866 0.337193 -0.092646 -0.986170 0.151980 0.066110 -0.191943 0.981405 -0.001398 0.336728 -0.941597 -0.002911 -0.176010 -0.984387 0.001380 0.020279 -0.996851 0.076658 
0.937250 0.336853 -0.089962 -0.986351 0.151790 0.063802 -0.191917 0.981410 -0.001327 0.336315 -0.941745 -0.002868 -0.175803 -0.984425 0.001294 0.020008 -0.996994 0.074857 
0.937753 0.336227 -0.087009 -0.986559 0.151461 0.061319 -0.191881 0.981417 -0.001258 0.335611 -0.941996 -0.002807 -0.175456 -0.984487 0.001212 0.019694 -0.997149 0.072842 
0.938347 0.335387 -0.083786 -0.986735 0.151352 0.058712 -0.191793 0.981435 -0.001182 0.334681 -0.942327 -0.002826 -0.175327 -0.984510 0.001133 0.019532 -0.997311 0.070634 
0.938960 0.334499 -0.080399 -0.986916 0.151218 0.055952 -0.191704 0.981452 -0.001108 0.333705 -0.942673 -0.002819 -0.175172 -0.984537 0.001057 0.019374 -0.997477 0.068301 
0.939521 0.333752 -0.076873 -0.987082 0.151194 0.053009 -0.191611 0.981470 -0.001039 0.332874 -0.942967 -0.002773 -0.175128 -0.984545 0.000983 0.019242 -0.997641 0.065895 
0.940008 0.333177 -0.073341 -0.987242 0.151210 0.049894 -0.191513 0.981490 -0.000994 0.332237 -0.943193 -0.002501 -0.175122 -0.984546 0.000910 0.019119 -0.997802 0.063444 
0.940328 0.333060 -0.069678 -0.987399 0.151234 0.046590 -0.191484 0.981495 -0.000945 0.332056 -0.943257 -0.002289 -0.175124 -0.984546 0.000839 0.018912 -0.997959 0.060997 
0.940593 0.333069 -0.065953 -0.987557 0.151253 0.043065 -0.191449 0.981502 -0.000925 0.332018 -0.943271 -0.001806 -0.175122 -0.984546 0.000769 0.018690 -0.998115 0.058452 
0.940827 0.333170 -0.061985 -0.987711 0.151273 0.039296 -0.191421 0.981508 -0.000909 0.332073 -0.943253 -0.001266 -0.175120 -0.984547 0.000699 0.018438 -0.998275 0.055734 
0.940980 0.333458 -0.057983 -0.987862 0.151270 0.035297 -0.191355 0.981520 -0.000916 0.332328 -0.943164 -0.000522 -0.175097 -0.984551 0.000629 0.018143 -0.998430 0.052989 
0.941198 0.333565 -0.053677 -0.988001 0.151292 0.031051 -0.191356 0.981520 -0.000855 0.332360 -0.943152 -0.000473 -0.175098 -0.984551 0.000557 0.017944 -0.998559 0.050582 
0.941405 0.333683 -0.049113 -0.988129 0.151312 0.026556 -0.191360 0.981520 -0.000792 0.332405 -0.943137 -0.000418 -0.175100 -0.984551 0.000486 0.017746 -0.998689 0.048023 
0.941593 0.333825 -0.044303 -0.988243 0.151330 0.021788 -0.191380 0.981516 -0.000758 0.332480 -0.943110 -0.000270 -0.175101 -0.984550 0.000412 0.017617 -0.998816 0.045346 
0.941777 0.333938 -0.039259 -0.988340 0.151344 0.016726 -0.191393 0.981513 -0.000713 0.332532 -0.943092 -0.000059 -0.175102 -0.984550 0.000338 0.017501 -0.998943 0.042513 
0.941935 0.334076 -0.033939 -0.988414 0.151356 0.011354 -0.191407 0.981511 -0.000674 0.332611 -0.943064 0.000124 -0.175103 -0.984550 0.000262 0.017320 -0.999064 0.039627 
0.942067 0.334222 -0.028371 -0.988462 0.151363 0.005649 -0.191428 0.981506 -0.000755 0.332717 -0.943026 0.000815 -0.175104 -0.984550 0.000183 0.017143 -0.999185 0.036549 
0.942213 0.334250 -0.022600 -0.988427 0.151647 0.003887 -0.192130 0.981368 -0.001760 0.332696 -0.943033 0.001011 -0.175383 -0.984500 0.000689 0.019661 -0.999306 0.031639 
0.942356 0.334120 -0.018153 -0.988399 0.151878 0.000895 -0.192024 0.981388 -0.002250 0.332536 -0.943090 0.001253 -0.175612 -0.984455 0.002989 0.019591 -0.999474 0.025830 
0.942433 0.334073 -0.014696 -0.988385 0.151960 0.001834 -0.192067 0.981380 -0.001824 0.332474 -0.943110 0.001867 -0.175697 -0.984444 0.000028 0.019987 -0.999547 0.022516 
0.942457 0.334144 -0.011078 -0.988381 0.151988 0.001647 -0.192165 0.981361 -0.001888 0.332528 -0.943090 0.002371 -0.175724 -0.984440 0.000008 0.020272 -0.999646 0.017249 
0.942449 0.334282 -0.006768 -0.988379 0.152000 0.001451 -0.193166 0.981164 -0.001984 0.332647 -0.943046 0.003062 -0.175737 -0.984437 -0.000004 0.023193 -0.999672 0.010897 
0.942451 0.334343 -0.001076 -0.988386 0.151959 0.000781 -0.197377 0.980324 -0.002854 -0.175696 -0.984444 -0.000335 0.332684 -0.943020 0.005885 0.036647 -0.999322 0.003616 
0.942837 0.333254 0.000484 -0.988362 0.152115 0.000785 -0.199179 0.979958 -0.003202 -0.175851 -0.984417 0.000092 0.331584 -0.943403 0.006483 0.043698 -0.999044 0.001220 
0.942839 0.333249 0.000205 -0.988373 0.152051 -0.000174 -0.199127 0.979971 -0.002168 -0.175787 -0.984428 -0.000991 0.331583 -0.943412 0.005213 0.043559 -0.999048 0.002362 
0.942857 0.333196 0.000389 -0.988372 0.152056 -0.000702 -0.199125 0.979973 -0.001569 -0.175791 -0.984427 -0.000961 0.331531 -0.943437 0.003810 0.043627 -0.999045 0.002196 
0.942696 0.333652 0.001257 -0.988418 0.151737 -0.002368 -0.199454 0.979907 -0.000867 -0.175472 -0.984484 -0.000958 0.331988 -0.943281 0.002291 0.043895 -0.999034 0.001956 
0.942374 0.334545 0.003324 -0.988542 0.150860 -0.005180 -0.200034 0.979789 -0.000073 -0.174593 -0.984639 -0.001986 0.332882 -0.942968 0.001266 0.043935 -0.999033 0.001810 
0.942034 0.335464 0.005959 -0.988685 0.149791 -0.008030 -0.200703 0.979652 0.000453 -0.173511 -0.984825 -0.003668 0.333804 -0.942642 0.001223 0.044016 -0.999029 0.001654 
0.941662 0.336457 0.008302 -0.988810 0.148815 -0.010399 -0.201403 0.979508 0.000321 -0.172522 -0.984994 -0.004795 0.334789 -0.942290 0.002535 0.044442 -0.999011 0.001236 
0.941326 0.337343 0.010208 -0.988925 0.147890 -0.012498 -0.201989 0.979388 0.000177 -0.171589 -0.985155 -0.005289 0.335672 -0.941974 0.002937 0.044448 -0.999011 0.001157 
0.941008 0.338186 0.011556 -0.989026 0.147060 -0.014157 -0.202519 0.979278 -0.000344 -0.170761 -0.985300 -0.004941 0.336510 -0.941673 0.003568 0.044451 -0.999011 0.001092 
0.940725 0.338941 0.012441 -0.989119 0.146323 -0.015282 -0.202983 0.979182 -0.001131 -0.170037 -0.985429 -0.004097 0.337255 -0.941403 0.004398 0.044447 -0.999011 0.001037 
0.940489 0.339578 0.012950 -0.989199 0.145703 -0.015988 -0.203363 0.979101 -0.002128 -0.169440 -0.985536 -0.002866 0.337879 -0.941174 0.005411 0.044438 -0.999012 0.000990 
0.940308 0.340070 0.013145 -0.989262 0.145235 -0.016352 -0.203644 0.979039 -0.003297 -0.168999 -0.985615 -0.001321 0.338354 -0.940996 0.006584 0.044424 -0.999012 0.000950 
0.940292 0.340106 0.013399 -0.989285 0.145143 -0.015745 -0.203660 0.979032 -0.004268 -0.168914 -0.985630 -0.000851 0.338372 -0.940980 0.007784 0.044383 -0.999014 0.000913 
0.940333 0.339982 0.013633 -0.989293 0.145144 -0.015229 -0.203606 0.979040 -0.004936 -0.168915 -0.985630 -0.000788 0.338230 -0.941022 0.008831 0.044351 -0.999016 0.000880 
0.940374 0.339870 0.013646 -0.989309 0.145147 -0.014172 -0.203553 0.979048 -0.005594 -0.168916 -0.985630 -0.000727 0.338105 -0.941059 0.009654 0.044311 -0.999017 0.000854 
0.940409 0.339779 0.013464 -0.989328 0.145150 -0.012736 -0.203506 0.979054 -0.006178 -0.168918 -0.985630 -0.000669 0.338006 -0.941089 0.010186 0.044269 -0.999019 0.000833 
0.940444 0.339704 0.012859 -0.989348 0.145154 -0.011001 -0.203471 0.979059 -0.006528 -0.168920 -0.985630 -0.000615 0.337932 -0.941113 0.010378 0.044232 -0.999021 0.000816 
0.940482 0.339643 0.011713 -0.989368 0.145157 -0.008962 -0.203450 0.979063 -0.006568 -0.168922 -0.985629 -0.000564 0.337879 -0.941134 0.010196 0.044208 -0.999022 0.000801 
0.940520 0.339593 0.009959 -0.989386 0.145161 -0.006610 -0.203442 0.979067 -0.006260 -0.168924 -0.985629 -0.000517 0.337848 -0.941152 0.009614 0.044196 -0.999023 0.000788 
0.940562 0.339540 0.007490 -0.989394 0.145207 -0.003786 -0.203471 0.979065 -0.005591 -0.168969 -0.985621 -0.000475 0.337820 -0.941171 0.008625 0.044330 -0.999017 0.000762 
0.940576 0.339544 0.005111 -0.989398 0.145208 -0.002445 -0.203503 0.979065 -0.004387 -0.168971 -0.985621 -0.000303 0.337847 -0.941172 0.007361 0.044375 -0.999015 0.000568 
0.940586 0.339548 0.002431 -0.989400 0.145213 -0.001110 -0.203563 0.979057 -0.002989 -0.168976 -0.985620 -0.000138 0.337872 -0.941173 0.006058 0.044514 -0.999009 0.000326 
0.940592 0.339538 0.000034 -0.989382 0.145316 -0.002697 -0.203117 0.979154 -0.000613 -0.169072 -0.985601 -0.002154 0.337878 -0.941179 0.004498 0.043513 -0.999049 0.002959 
0.940595 0.339530 -0.000069 -0.989381 0.145329 -0.002300 -0.203124 0.979153 -0.000191 -0.169087 -0.985599 -0.002061 0.337873 -0.941187 0.002944 0.043591 -0.999045 0.002887 
0.940606 0.339500 -0.000076 -0.989390 0.145281 -0.001229 -0.203021 0.979174 0.000094 -0.169038 -0.985603 -0.003673 0.337843 -0.941201 0.001308 0.043473 -0.999043 0.004898 
0.940607 0.339498 -0.000001 -0.989407 0.145168 -0.000332 -0.203126 0.979152 0.000386 -0.168927 -0.985617 -0.004835 0.337841 -0.941203 0.000282 0.043760 -0.999026 0.005755 
0.940607 0.339498 -0.000186 -0.989407 0.145169 -0.000232 -0.203123 0.979153 0.000059 -0.168929 -0.985621 -0.003816 0.337842 -0.941203 0.000146 0.043760 -0.999027 0.005499 
0.940584 0.339561 -0.000532 -0.989435 0.144953 0.002744 -0.203569 0.979061 0.000051 -0.168732 -0.985640 -0.006637 0.337905 -0.941180 0.000133 0.045118 -0.998955 0.007283 
0.940556 0.339635 -0.001802 -0.989426 0.145003 0.003167 -0.203718 0.979030 -0.000107 -0.168784 -0.985632 -0.006400 0.337979 -0.941154 0.000134 0.045594 -0.998922 0.008760 
0.940557 0.339613 -0.003884 -0.989426 0.145009 0.002867 -0.203730 0.979027 -0.000178 -0.168787 -0.985636 -0.005778 0.337960 -0.941161 0.000258 0.045646 -0.998896 0.011138 
0.940598 0.339462 -0.006364 -0.989437 0.144892 0.004466 -0.204030 0.978965 -0.000239 -0.168684 -0.985647 -0.006709 0.337818 -0.941211 0.001029 0.046646 -0.998815 0.013919 
0.940510 0.339679 -0.007644 -0.989443 0.144790 0.006207 -0.204906 0.978781 -0.000644 -0.168600 -0.985655 -0.007586 0.338044 -0.941129 0.001725 0.049222 -0.998663 0.015789 
0.940504 0.339656 -0.009231 -0.989431 0.144872 0.006158 -0.204985 0.978765 -0.000937 -0.168677 -0.985648 -0.006841 0.338031 -0.941133 0.002082 0.049566 -0.998618 0.017457 
0.940490 0.339655 -0.010656 -0.989420 0.144874 0.007746 -0.205234 0.978712 -0.001170 -0.168698 -0.985638 -0.007718 0.338040 -0.941129 0.002410 0.050396 -0.998538 0.019557 
0.940487 0.339629 -0.011705 -0.989424 0.144813 0.008372 -0.205340 0.978690 -0.001454 -0.168646 -0.985643 -0.008109 0.338024 -0.941134 0.002676 0.050824 -0.998476 0.021493 
0.940473 0.339633 -0.012651 -0.989406 0.144876 0.009324 -0.205482 0.978659 -0.002038 -0.168716 -0.985633 -0.007915 0.338036 -0.941129 0.002846 0.051426 -0.998410 0.023072 
0.940474 0.339597 -0.013510 -0.989381 0.145099 0.008468 -0.205497 0.978655 -0.002147 -0.168924 -0.985604 -0.007057 0.338011 -0.941137 0.003281 0.051705 -0.998380 0.023734 
0.940457 0.339613 -0.014263 -0.989415 0.144881 0.008243 -0.205631 0.978627 -0.002206 -0.168702 -0.985644 -0.006728 0.338037 -0.941126 0.003610 0.051883 -0.998356 0.024378 
0.940446 0.339616 -0.014883 -0.989405 0.144948 0.008241 -0.205678 0.978617 -0.002215 -0.168768 -0.985633 -0.006696 0.338048 -0.941121 0.003846 0.052128 -0.998327 0.024997 
0.940442 0.339611 -0.015302 -0.989405 0.144917 0.008742 -0.205742 0.978603 -0.002596 -0.168736 -0.985643 -0.005966 0.338050 -0.941120 0.004047 0.052286 -0.998320 0.024955 
0.940431 0.339630 -0.015550 -0.989411 0.144924 0.007951 -0.205760 0.978599 -0.002579 -0.168733 -0.985647 -0.005394 0.338074 -0.941110 0.004279 0.052327 -0.998318 0.024953 
0.940441 0.339600 -0.015562 -0.989386 0.144895 0.011031 -0.206093 0.978529 -0.002573 -0.168751 -0.985627 -0.007874 0.338045 -0.941119 0.004417 0.053547 -0.998240 0.025499 
0.940439 0.339610 -0.015470 -0.989360 0.145040 0.011411 -0.206302 0.978483 -0.003367 -0.168875 -0.985622 -0.005557 0.338058 -0.941113 0.004695 0.054202 -0.998248 0.023711 
0.940432 0.339635 -0.015351 -0.989370 0.145049 0.010372 -0.206318 0.978479 -0.003311 -0.168870 -0.985625 -0.005030 0.338086 -0.941102 0.004981 0.054235 -0.998256 0.023332 
0.940427 0.339652 -0.015290 -0.989381 0.145044 0.009319 -0.206318 0.978480 -0.003243 -0.168856 -0.985630 -0.004659 0.338106 -0.941093 0.005284 0.054226 -0.998259 0.023211 
0.940430 0.339645 -0.015287 -0.989385 0.145075 0.008461 -0.206206 0.978505 -0.002779 -0.168895 -0.985613 -0.006425 0.338102 -0.941093 0.005561 0.054081 -0.998226 0.024899 
0.940427 0.339664 -0.015022 -0.989371 0.145167 0.008463 -0.206273 0.978490 -0.002972 -0.168982 -0.985602 -0.005799 0.338121 -0.941085 0.005786 0.054372 -0.998233 0.023976 
0.940440 0.339645 -0.014651 -0.989366 0.145232 0.007917 -0.206305 0.978483 -0.003195 -0.169036 -0.985598 -0.004824 0.338102 -0.941090 0.006007 0.054513 -0.998248 0.023001 
0.940437 0.339655 -0.014600 -0.989371 0.145237 0.007181 -0.206314 0.978481 -0.003179 -0.169033 -0.985601 -0.004358 0.338113 -0.941085 0.006237 0.054535 -0.998254 0.022689 
0.940428 0.339690 -0.014322 -0.989396 0.145129 0.005833 -0.206245 0.978496 -0.002835 -0.168922 -0.985617 -0.004937 0.338146 -0.941072 0.006366 0.054247 -0.998257 0.023256 
0.940419 0.339729 -0.014027 -0.989398 0.145134 0.005256 -0.206258 0.978494 -0.002803 -0.168920 -0.985620 -0.004451 0.338184 -0.941058 0.006421 0.054264 -0.998272 0.022554 
0.940408 0.339775 -0.013635 -0.989400 0.145136 0.004740 -0.206272 0.978491 -0.002755 -0.168919 -0.985622 -0.004017 0.338225 -0.941043 0.006420 0.054278 -0.998289 0.021741 
0.940395 0.339828 -0.013169 -0.989402 0.145139 0.004275 -0.206286 0.978488 -0.002688 -0.168918 -0.985624 -0.003624 0.338273 -0.941027 0.006353 0.054291 -0.998307 0.020849 
0.940434 0.339746 -0.012509 -0.989371 0.145329 0.005043 -0.206386 0.978467 -0.002745 -0.169111 -0.985589 -0.003878 0.338183 -0.941060 0.006237 0.054881 -0.998295 0.019861 
