0.517679 0.351500 0.004820 0.704367 0.462583 0.003394 0.447632 0.470400 0.005035 0.632364 0.578796 0.003627 
0.517676 0.351499 0.004835 0.704364 0.462583 0.003543 0.447629 0.470399 0.005032 0.632362 0.578795 0.003756 
0.517673 0.351498 0.004847 0.704362 0.462582 0.003677 0.447625 0.470398 0.005024 0.632359 0.578795 0.003869 
0.517929 0.351475 0.004470 0.704570 0.462644 0.004175 0.447827 0.470344 0.004301 0.632514 0.578824 0.004012 
0.517928 0.351474 0.004514 0.704570 0.462643 0.004249 0.447826 0.470343 0.004363 0.632514 0.578823 0.004103 
0.517928 0.351474 0.004554 0.704570 0.462643 0.004315 0.447826 0.470342 0.004421 0.632514 0.578823 0.004187 
0.517863 0.351480 0.004615 0.704524 0.462618 0.004240 0.447781 0.470361 0.004541 0.632488 0.578810 0.004173 
0.517849 0.351542 0.004469 0.704532 0.462641 0.004306 0.447791 0.470437 0.004550 0.632520 0.578848 0.004389 
0.517746 0.351558 0.004500 0.704465 0.462597 0.004109 0.447727 0.470475 0.004604 0.632490 0.578827 0.004218 
0.517722 0.351668 0.004387 0.704476 0.462649 0.004172 0.447740 0.470607 0.004664 0.632538 0.578902 0.004450 
0.517622 0.351718 0.004366 0.704410 0.462640 0.004002 0.447679 0.470679 0.004897 0.632510 0.578915 0.004533 
0.517630 0.351703 0.004409 0.704419 0.462624 0.004088 0.447689 0.470661 0.005474 0.632520 0.578897 0.005147 
0.517572 0.351706 0.004462 0.704224 0.462859 0.004151 0.447484 0.470578 0.005535 0.632182 0.579042 0.005219 
0.517522 0.351696 0.004502 0.704172 0.462851 0.004076 0.447433 0.470567 0.005580 0.632129 0.579034 0.005149 
0.517519 0.351698 0.004533 0.704169 0.462853 0.004160 0.447430 0.470570 0.005509 0.632126 0.579037 0.005132 
0.517395 0.351717 0.004551 0.704038 0.462883 0.004082 0.447299 0.470585 0.005554 0.631988 0.579062 0.005082 
0.517400 0.351706 0.004572 0.704043 0.462872 0.004163 0.447305 0.470571 0.005922 0.631994 0.579049 0.005506 
0.517572 0.351376 0.004731 0.703506 0.463724 0.004408 0.446723 0.469796 0.005900 0.630721 0.579442 0.005570 
0.517569 0.351379 0.004752 0.703504 0.463725 0.004461 0.446720 0.469799 0.005833 0.630719 0.579445 0.005536 
0.517581 0.351357 0.004764 0.703516 0.463704 0.004504 0.446737 0.469771 0.006547 0.630735 0.579417 0.006274 
0.517585 0.351323 0.004779 0.703509 0.463689 0.004528 0.446739 0.469716 0.007611 0.630726 0.579381 0.007337 
0.517583 0.351323 0.004785 0.703507 0.463690 0.004569 0.446736 0.469716 0.007594 0.630723 0.579381 0.007355 
0.517572 0.351341 0.004787 0.703496 0.463706 0.004606 0.446719 0.469742 0.007025 0.630707 0.579406 0.006825 
0.517460 0.351350 0.004791 0.703440 0.463621 0.004750 0.446668 0.469783 0.007292 0.630711 0.579354 0.007228 
0.512399 0.351282 0.004806 0.700613 0.459769 0.004963 0.444034 0.471086 0.008927 0.630255 0.576914 0.009042 
0.499895 0.353262 0.005008 0.691013 0.456547 0.004932 0.434883 0.474829 0.011258 0.623936 0.575510 0.011122 
0.486245 0.358420 0.007005 0.680154 0.456343 0.004934 0.424756 0.481689 0.015242 0.616527 0.577068 0.013122 
0.473468 0.363769 0.009377 0.670093 0.456032 0.004937 0.415719 0.488724 0.019133 0.610133 0.578507 0.014664 
0.461998 0.369974 0.011423 0.661593 0.455495 0.004941 0.408658 0.496800 0.022099 0.605958 0.579917 0.015606 
0.453324 0.377725 0.012617 0.656175 0.455095 0.004948 0.405223 0.506609 0.023546 0.605684 0.581670 0.015881 
0.448469 0.387707 0.012680 0.654943 0.454806 0.004948 0.406877 0.518861 0.023292 0.610848 0.583774 0.015567 
0.445020 0.399204 0.012269 0.654911 0.454755 0.004949 0.410711 0.532499 0.022244 0.617983 0.586005 0.014932 
0.414562 0.544368 0.019445 0.716469 0.073918 0.017596 0.510169 0.016327 0.018804 0.473299 0.149311 0.018999 0.624215 0.587784 0.013229 0.654866 0.454811 0.004944 
0.418565 0.555091 0.015921 0.693275 0.074644 0.016304 0.484686 0.025996 0.015085 0.453577 0.160443 0.015488 0.629993 0.589124 0.011749 0.654804 0.454856 0.004938 
0.423244 0.565991 0.011911 0.661644 0.072426 0.013780 0.450845 0.034503 0.015647 0.426651 0.170366 0.015647 0.636054 0.590219 0.010347 0.654731 0.454898 0.004931 
0.427664 0.575058 0.008672 0.626110 0.069654 0.011987 0.413638 0.043393 0.018603 0.396926 0.180375 0.017746 0.641264 0.590960 0.008584 0.654686 0.454959 0.004926 
0.432234 0.583418 0.007325 0.591952 0.069357 0.010679 0.378666 0.053673 0.022531 0.368698 0.191303 0.020893 0.646274 0.591441 0.007239 0.654679 0.455009 0.004924 
0.437322 0.591905 0.006499 0.563832 0.071305 0.010750 0.350311 0.064749 0.026363 0.346142 0.202665 0.023925 0.651513 0.591705 0.006425 0.654675 0.455040 0.004923 
0.442062 0.599202 0.005627 0.541251 0.075120 0.010907 0.327851 0.076311 0.029252 0.328598 0.214274 0.026152 0.656124 0.591773 0.005565 0.654671 0.455072 0.004922 
0.445891 0.605747 0.005046 0.522850 0.080117 0.011197 0.309792 0.087761 0.031832 0.314635 0.225630 0.028239 0.659625 0.591760 0.005034 0.653982 0.455165 0.004964 
0.449141 0.611739 0.005016 0.507271 0.085523 0.011866 0.294687 0.098668 0.034520 0.303025 0.236359 0.030570 0.662391 0.591688 0.005006 0.652872 0.455309 0.004965 
0.451687 0.616167 0.005007 0.493681 0.089853 0.012860 0.281669 0.107736 0.037531 0.293004 0.245201 0.033184 0.664463 0.591583 0.004998 0.652043 0.455437 0.004966 
0.453883 0.620331 0.005329 0.482190 0.092672 0.014360 0.270787 0.114490 0.041009 0.284575 0.251711 0.036099 0.666141 0.591623 0.004824 0.651082 0.455745 0.004451 
0.455622 0.623151 0.005293 0.473264 0.094800 0.015785 0.262429 0.119670 0.044206 0.278106 0.256669 0.038793 0.667469 0.591553 0.004835 0.650560 0.455892 0.004501 
0.457303 0.625571 0.005261 0.466602 0.096311 0.017140 0.256267 0.123495 0.047107 0.273364 0.260307 0.041260 0.668756 0.591436 0.004846 0.650222 0.455988 0.004545 
0.458400 0.627240 0.005234 0.461974 0.097556 0.018257 0.252054 0.126376 0.049574 0.270149 0.263047 0.043431 0.669562 0.591347 0.004855 0.649902 0.456058 0.004585 
0.459214 0.628456 0.005304 0.459020 0.098540 0.019075 0.249433 0.128452 0.051576 0.268195 0.265025 0.045269 0.670154 0.591278 0.004865 0.649670 0.456110 0.004621 
0.459742 0.629214 0.005854 0.457457 0.099396 0.019565 0.248127 0.129929 0.053127 0.267274 0.266448 0.046801 0.670536 0.591230 0.004885 0.649535 0.456142 0.004654 
0.460027 0.629589 0.006764 0.457114 0.100175 0.019798 0.247973 0.130926 0.054326 0.267268 0.267430 0.048119 0.670742 0.591203 0.004919 0.649482 0.456156 0.004684 
0.460172 0.629744 0.007834 0.457815 0.100708 0.019973 0.248798 0.131372 0.055321 0.268056 0.267889 0.049296 0.670845 0.591189 0.004957 0.649474 0.456159 0.004710 
0.460219 0.629742 0.008960 0.459077 0.100998 0.020065 0.250156 0.131386 0.056209 0.269263 0.267934 0.050407 0.670873 0.591184 0.004996 0.649497 0.456155 0.004734 
0.460271 0.629734 0.010167 0.460705 0.101196 0.020073 0.251875 0.131261 0.057004 0.270809 0.267844 0.051470 0.670901 0.591179 0.005038 0.649523 0.456150 0.004755 
0.459325 0.624960 0.019833 0.463222 0.106944 0.021880 0.253431 0.127972 0.059605 0.266874 0.265279 0.056446 0.670333 0.591235 0.005134 0.652037 0.455754 0.005411 
0.461679 0.616003 0.029647 0.452186 0.111228 0.025991 0.242399 0.121840 0.067877 0.249532 0.259655 0.067445 0.673129 0.592167 0.005180 0.661374 0.455981 0.007468 
0.478216 0.609660 0.049358 0.428564 0.110706 0.029414 0.220297 0.109489 0.079427 0.220223 0.247474 0.081436 0.687621 0.599251 0.005549 0.684139 0.462584 0.005296 
0.489005 0.608673 0.054928 0.395092 0.109826 0.031511 0.190103 0.098703 0.092615 0.184330 0.236496 0.097482 0.697477 0.600879 0.006385 0.695526 0.464185 0.005443 
0.485125 0.601677 0.057367 0.358282 0.113292 0.037127 0.158095 0.092062 0.110285 0.147177 0.229319 0.119529 0.693176 0.600822 0.006460 0.695771 0.464139 0.005519 
0.485107 0.592929 0.064279 0.317633 0.118526 0.041481 0.124292 0.086578 0.127947 0.108484 0.222908 0.142371 0.694121 0.591980 0.017478 0.694138 0.455816 0.005263 
0.500200 0.603993 0.035747 0.095248 0.091331 0.132841 0.076075 0.226262 0.154522 0.697516 0.524028 0.012300 0.281357 0.133775 0.035683 0.648947 0.396272 0.009230 
0.468880 0.579807 0.016185 0.076517 0.093690 0.128937 0.055746 0.227415 0.155961 0.668043 0.501804 0.004909 0.258198 0.142951 0.026745 0.621331 0.373327 0.006110 
0.465101 0.571878 0.006716 0.060624 0.083280 0.127957 0.036680 0.215672 0.158667 0.667542 0.501934 0.004875 0.236530 0.140531 0.019990 0.626024 0.371681 0.005317 
0.461436 0.567837 0.005151 0.039941 0.073238 0.133480 0.013402 0.203890 0.169113 0.665638 0.503193 0.004422 0.207985 0.139209 0.018211 0.627525 0.371902 0.004407 
0.456790 0.563236 0.005135 0.013043 0.065312 0.147150 -0.014087 0.194296 0.188030 0.662740 0.504395 0.004511 0.171527 0.138405 0.022981 0.628357 0.372079 0.004450 
0.451662 0.558509 0.005119 -0.014851 0.056444 0.166737 -0.041439 0.183945 0.212351 0.628354 0.372080 0.004494 0.659132 0.505281 0.004559 
0.447076 0.554273 0.005853 -0.041057 0.046235 0.190018 -0.066588 0.172244 0.240155 0.628299 0.372254 0.003919 0.655791 0.506171 0.004418 
0.443120 0.550187 0.007452 -0.064354 0.035831 0.215190 -0.088472 0.160135 0.270060 0.628320 0.372239 0.004007 0.652840 0.506730 0.004833 
0.440860 0.549033 0.005864 -0.085201 0.026689 0.242830 0.627701 0.372783 0.004079 0.650977 0.507469 0.006865 0.006501 0.244769 0.142786 -0.106917 0.149577 0.301746 
0.440442 0.548708 0.006394 0.627447 0.372641 0.004033 0.650599 0.507342 0.007111 -0.099678 0.025070 0.268955 -0.012543 0.243647 0.165958 -0.117545 0.147512 0.330051 
0.440132 0.548746 0.007723 0.626481 0.372014 0.003700 0.650136 0.506604 0.007662 -0.021047 0.244544 0.183673 -0.104831 0.024711 0.286777 -0.119943 0.146293 0.350286 
0.440193 0.548754 0.009174 -0.023504 0.246546 0.197513 0.626345 0.371848 0.003838 0.650150 0.506382 0.008728 -0.104432 0.024763 0.298703 -0.117478 0.145068 0.365038 
0.440578 0.548968 0.012388 -0.022039 0.248259 0.209570 0.626382 0.371818 0.003931 0.650452 0.506270 0.009680 -0.100902 0.024606 0.308243 -0.112207 0.143592 0.377225 
0.441208 0.549270 0.017476 -0.018611 0.248596 0.221941 0.626391 0.371779 0.004035 0.650898 0.506104 0.010812 -0.095649 0.023490 0.318736 -0.105250 0.141371 0.389841 
0.442001 0.549437 0.023477 -0.013763 0.246923 0.234907 0.626477 0.371750 0.004170 0.651408 0.505949 0.011848 -0.088882 0.020826 0.330898 -0.096800 0.137927 0.403485 
0.442651 0.549129 0.030143 -0.007044 0.243073 0.247858 0.626584 0.371705 0.004338 0.651698 0.505824 0.012776 -0.079958 0.016162 0.343625 -0.086451 0.132684 0.417276 
0.443245 0.548340 0.037597 0.001571 0.237694 0.260608 0.626715 0.371641 0.004539 0.651786 0.505722 0.013684 -0.068863 0.009955 0.356268 -0.074165 0.125961 0.430824 
0.444442 0.547655 0.045933 0.012211 0.231492 0.272319 0.626870 0.371580 0.004772 0.652109 0.505581 0.014598 -0.055963 0.003152 0.368182 -0.060207 0.118806 0.443349 
0.448356 0.550385 0.051264 0.025405 0.229404 0.276709 0.626919 0.371652 0.004931 0.654592 0.505135 0.015251 -0.044469 0.001743 0.372963 -0.047295 0.117458 0.448105 
0.453610 0.553432 0.058853 0.039646 0.238431 0.279589 0.627042 0.371739 0.005137 0.657767 0.504474 0.016418 -0.034581 0.010400 0.371615 -0.034772 0.124645 0.449024 
0.460299 0.556910 0.067608 0.051445 0.256513 0.286582 0.627191 0.371842 0.005372 0.661669 0.503548 0.017806 -0.028520 0.027659 0.371481 -0.024140 0.138982 0.452917 
0.468227 0.560528 0.077078 0.062265 0.277957 0.299466 0.627393 0.372021 0.005608 0.666088 0.502439 0.019159 -0.024266 0.049064 0.377548 -0.013742 0.156879 0.463041 
0.477136 0.564165 0.086331 0.073680 0.296715 0.317915 0.627602 0.372159 0.005892 0.670778 0.501106 0.019967 -0.019503 0.069425 0.392967 -0.001674 0.174339 0.480826 
0.487320 0.566999 0.098946 0.082393 0.308606 0.338726 0.629080 0.373857 0.006335 0.676427 0.501015 0.023037 -0.014827 0.082110 0.411006 0.009817 0.183764 0.501024 
0.505169 0.577292 0.114049 0.088270 0.311884 0.348055 0.642081 0.386950 0.009162 0.692176 0.511981 0.032561 -0.010734 0.083753 0.412328 0.016831 0.181129 0.506147 
0.531745 0.596817 0.128130 0.096984 0.313644 0.342596 0.664724 0.409402 0.013374 0.718077 0.531128 0.045407 -0.004923 0.084505 0.398154 0.023595 0.177985 0.495581 
0.562284 0.615097 0.141548 0.110613 0.321633 0.325048 0.692544 0.431183 0.018323 0.748723 0.548799 0.059556 0.002776 0.092414 0.367551 0.030825 0.180698 0.469841 
0.593774 0.627589 0.152167 0.128350 0.337311 0.300282 0.723711 0.448006 0.022386 0.781385 0.561143 0.073017 0.012412 0.109347 0.324108 0.038947 0.190176 0.432766 
0.621319 0.632964 0.155982 0.148465 0.353138 0.267934 0.754037 0.457826 0.022981 0.811259 0.566949 0.082207 0.024127 0.128420 0.272240 0.047612 0.201785 0.386739 
0.644958 0.631648 0.148386 0.166582 0.361684 0.226072 0.781128 0.458601 0.016140 0.837171 0.564661 0.081717 0.036642 0.140390 0.215081 0.055515 0.208900 0.333378 
0.666032 0.628639 0.131900 0.183112 0.363522 0.178155 0.805543 0.454366 0.004849 0.860122 0.558675 0.074352 0.049923 0.144965 0.156474 0.063603 0.211235 0.276745 
0.663056 0.628369 0.131552 0.197490 0.361147 0.144699 0.805834 0.456590 0.004733 0.858572 0.559747 0.077308 0.064676 0.144324 0.108296 0.072111 0.206340 0.231352 
0.659910 0.620786 0.136377 0.204216 0.353519 0.128463 0.808101 0.457144 0.005087 0.857615 0.557659 0.083412 0.071848 0.138646 0.080660 0.076117 0.196145 0.206038 
0.668513 0.605297 0.137588 0.203229 0.349417 0.130057 0.819496 0.444804 0.005594 0.867314 0.543729 0.086939 0.069854 0.136927 0.074957 0.073943 0.190398 0.202111 
0.684980 0.589849 0.133571 0.203026 0.346787 0.131027 0.836216 0.426147 0.005877 0.883808 0.524404 0.088159 0.068694 0.136182 0.071218 0.072602 0.187084 0.199427 
0.697507 0.578335 0.130295 0.203119 0.345427 0.131546 0.847955 0.411200 0.006165 0.895875 0.509025 0.088771 0.067287 0.136492 0.069315 0.071282 0.186079 0.198036 
0.700934 0.572540 0.129569 0.203389 0.345210 0.131623 0.849984 0.403692 0.006074 0.898689 0.501145 0.088661 0.065738 0.137582 0.069016 0.070136 0.186921 0.197819 
0.698771 0.570931 0.129881 0.204038 0.346057 0.131357 0.845880 0.401200 0.005274 0.895790 0.498415 0.087420 0.064129 0.139486 0.070281 0.069235 0.189600 0.198759 
0.698523 0.571859 0.130476 0.204930 0.347734 0.130792 0.843485 0.400927 0.004997 0.894698 0.497888 0.086641 0.062564 0.141958 0.072787 0.068618 0.193654 0.200594 
0.701812 0.574371 0.130935 0.205895 0.350014 0.129976 0.843634 0.401163 0.004990 0.896698 0.497811 0.085818 0.061314 0.144648 0.076147 0.068379 0.198520 0.203001 
0.705077 0.577591 0.130160 0.206728 0.352577 0.129001 0.843922 0.401436 0.004987 0.898690 0.498052 0.084710 0.060319 0.147356 0.079754 0.068255 0.203684 0.205485 
0.707485 0.580868 0.128286 0.207013 0.355148 0.127916 0.844136 0.401727 0.004950 0.900126 0.498718 0.083357 0.059357 0.149733 0.083433 0.067909 0.208705 0.207904 
0.708806 0.583586 0.125933 0.204134 0.355506 0.128225 0.844162 0.401886 0.004935 0.900858 0.499540 0.082001 0.056349 0.149024 0.089474 0.065784 0.210777 0.212525 
0.709296 0.585731 0.123329 0.199060 0.354328 0.130660 0.844160 0.401967 0.004926 0.901116 0.500520 0.080643 0.051753 0.146562 0.097339 0.062117 0.210721 0.219077 
0.709225 0.587567 0.120473 0.193387 0.353247 0.134090 0.844152 0.402039 0.004927 0.901054 0.501627 0.079319 0.047181 0.144028 0.105317 0.058220 0.210124 0.225955 
0.708673 0.589260 0.117192 0.188465 0.352982 0.137227 0.844133 0.402113 0.004928 0.900701 0.502829 0.078046 0.043667 0.142368 0.111692 0.054927 0.209902 0.231511 
0.707729 0.590968 0.113298 0.184137 0.352835 0.139344 0.844099 0.402193 0.004929 0.900090 0.504112 0.076814 0.041003 0.140808 0.116235 0.052080 0.209548 0.235383 
0.706306 0.592467 0.108990 0.179835 0.352093 0.140583 0.844057 0.402277 0.004928 0.899182 0.505513 0.075591 0.038690 0.138519 0.119590 0.049317 0.208402 0.238111 
0.704499 0.593774 0.104412 0.175749 0.350552 0.140622 0.844036 0.402457 0.004893 0.898049 0.507113 0.074315 0.036745 0.135387 0.121678 0.046704 0.206479 0.239537 
0.702638 0.594630 0.100261 0.171588 0.349242 0.140491 0.843989 0.402532 0.004895 0.896862 0.508460 0.073257 0.034767 0.132557 0.123047 0.043952 0.204596 0.240392 
0.701055 0.595351 0.096572 0.167851 0.349571 0.140306 0.843947 0.402597 0.004897 0.895831 0.509605 0.072329 0.032820 0.131719 0.123466 0.041286 0.204237 0.240571 
0.700204 0.596408 0.093139 0.164759 0.350919 0.139087 0.843904 0.402655 0.004898 0.895195 0.510447 0.071532 0.030823 0.132369 0.122548 0.038678 0.205247 0.239471 
0.699701 0.597674 0.089661 0.162357 0.352107 0.135981 0.843850 0.402705 0.004898 0.894691 0.511017 0.071030 0.028865 0.133245 0.119975 0.036148 0.206693 0.236579 
0.699077 0.598587 0.086635 0.160168 0.352993 0.131626 0.843799 0.402756 0.004892 0.894102 0.511456 0.070798 0.026784 0.134043 0.115930 0.033453 0.208026 0.232232 
0.698645 0.599238 0.084415 0.158447 0.353564 0.126050 0.843748 0.402775 0.004891 0.893622 0.511608 0.070904 0.024859 0.134748 0.110214 0.030831 0.209137 0.226294 
0.698269 0.599456 0.083254 0.156990 0.353444 0.120245 0.843702 0.402771 0.004891 0.893186 0.511446 0.071456 0.022889 0.135020 0.103376 0.028108 0.209440 0.219472 
0.696989 0.598407 0.083484 0.153180 0.353099 0.120453 0.843668 0.402740 0.004895 0.892301 0.511175 0.072472 0.018601 0.134981 0.103423 0.024362 0.209059 0.219712 
0.697204 0.597987 0.084839 0.151204 0.352628 0.120726 0.843661 0.402702 0.004897 0.892387 0.510523 0.073384 0.016050 0.134902 0.103253 0.022337 0.208513 0.219812 
0.698012 0.597603 0.087085 0.151306 0.351977 0.121094 0.843675 0.402657 0.004899 0.892910 0.509697 0.074241 0.015480 0.134741 0.102746 0.022228 0.207711 0.219682 
0.698621 0.596900 0.089638 0.151724 0.351067 0.121596 0.843693 0.402606 0.004900 0.893338 0.508845 0.075174 0.015652 0.134092 0.102028 0.022811 0.206179 0.219486 
0.699237 0.596051 0.092597 0.152079 0.349950 0.122200 0.843713 0.402627 0.004902 0.893788 0.507964 0.076222 0.016158 0.133024 0.101098 0.023640 0.204038 0.219187 
0.699702 0.594967 0.096058 0.152615 0.348773 0.122822 0.843779 0.402848 0.004904 0.894213 0.507262 0.077319 0.017112 0.131760 0.099994 0.024742 0.201659 0.218737 
0.700143 0.593966 0.099212 0.153775 0.348018 0.123223 0.843839 0.403095 0.004892 0.894630 0.506733 0.078167 0.018409 0.131022 0.099442 0.026299 0.200204 0.218588 
0.700542 0.592964 0.101685 0.155536 0.347559 0.123455 0.843870 0.403055 0.004896 0.894995 0.506143 0.078713 0.019733 0.130901 0.099091 0.027937 0.199630 0.218477 
0.700986 0.592213 0.103696 0.157143 0.347211 0.123630 0.843895 0.403022 0.004901 0.895354 0.505634 0.079147 0.020824 0.130929 0.098806 0.029305 0.199310 0.218373 
0.701437 0.591699 0.105244 0.158458 0.346928 0.123770 0.843913 0.402996 0.004905 0.895685 0.505197 0.079500 0.021621 0.131020 0.098551 0.030333 0.199115 0.218264 
0.701947 0.591451 0.106377 0.159536 0.346766 0.123850 0.843927 0.402977 0.004908 0.896023 0.504828 0.079755 0.022202 0.131194 0.098456 0.031147 0.199121 0.218247 
0.702320 0.591273 0.107189 0.160366 0.346606 0.123929 0.843936 0.402963 0.004911 0.896266 0.504548 0.079956 0.022690 0.131276 0.098336 0.031799 0.199039 0.218208 
0.702422 0.591067 0.107785 0.160852 0.346368 0.124050 0.843944 0.403011 0.004912 0.896341 0.504406 0.080168 0.023098 0.131135 0.098066 0.032247 0.198667 0.218065 
0.702384 0.590808 0.108190 0.160962 0.346069 0.124203 0.843946 0.403002 0.004914 0.896329 0.504275 0.080343 0.023285 0.130850 0.097692 0.032406 0.198094 0.217855 
0.702219 0.590576 0.108475 0.160918 0.345775 0.124352 0.843943 0.403050 0.004915 0.896233 0.504231 0.080533 0.023369 0.130540 0.097316 0.032439 0.197503 0.217639 
0.702047 0.590358 0.108631 0.160856 0.345510 0.124486 0.843941 0.403045 0.004916 0.896133 0.504184 0.080658 0.023447 0.130248 0.096962 0.032453 0.196958 0.217430 
0.701857 0.590172 0.108704 0.160783 0.345278 0.124603 0.843939 0.403042 0.004917 0.896021 0.504167 0.080753 0.023528 0.129975 0.096638 0.032457 0.196464 0.217234 
0.701655 0.590020 0.108703 0.160703 0.345087 0.124701 0.843936 0.403041 0.004918 0.895900 0.504179 0.080817 0.023606 0.129732 0.096358 0.032452 0.196040 0.217060 
0.701486 0.589911 0.108672 0.160636 0.344948 0.124772 0.843934 0.403040 0.004918 0.895800 0.504199 0.080857 0.023671 0.129546 0.096150 0.032447 0.195722 0.216929 
0.701382 0.589858 0.108627 0.160583 0.344867 0.124814 0.843932 0.403041 0.004919 0.895737 0.504220 0.080872 0.023721 0.129422 0.096021 0.032442 0.195523 0.216846 
0.701357 0.589872 0.108572 0.160554 0.344840 0.124830 0.843931 0.403042 0.004919 0.895718 0.504233 0.080869 0.023754 0.129364 0.095974 0.032445 0.195439 0.216815 
0.701351 0.589872 0.108566 0.160545 0.344829 0.124837 0.843931 0.403042 0.004920 0.895714 0.504234 0.080871 0.023766 0.129343 0.095958 0.032448 0.195408 0.216806 
0.701332 0.589886 0.108626 0.160548 0.344820 0.124850 0.843921 0.403097 0.004921 0.895699 0.504264 0.080908 0.023767 0.129338 0.095953 0.032454 0.195389 0.216807 
0.701331 0.589871 0.108652 0.160548 0.344809 0.124865 0.843921 0.403097 0.004921 0.895698 0.504255 0.080922 0.023773 0.129329 0.095928 0.032461 0.195356 0.216796 
0.701327 0.589861 0.108665 0.160548 0.344799 0.124871 0.843921 0.403097 0.004921 0.895696 0.504251 0.080929 0.023777 0.129318 0.095917 0.032464 0.195336 0.216790 
0.701328 0.589859 0.108671 0.160546 0.344794 0.124874 0.843921 0.403098 0.004922 0.895697 0.504249 0.080932 0.023779 0.129312 0.095911 0.032465 0.195325 0.216787 
0.701327 0.589849 0.108688 0.160547 0.344783 0.124880 0.843921 0.403098 0.004922 0.895696 0.504244 0.080940 0.023782 0.129302 0.095899 0.032469 0.195304 0.216780 
0.701327 0.589842 0.108702 0.160547 0.344773 0.124885 0.843921 0.403098 0.004923 0.895697 0.504239 0.080946 0.023786 0.129292 0.095887 0.032472 0.195284 0.216774 
0.701325 0.589837 0.108709 0.160545 0.344765 0.124889 0.843921 0.403098 0.004923 0.895696 0.504237 0.080950 0.023790 0.129282 0.095878 0.032474 0.195267 0.216768 
0.701326 0.589833 0.108718 0.160546 0.344760 0.124892 0.843921 0.403098 0.004923 0.895696 0.504234 0.080955 0.023791 0.129278 0.095873 0.032475 0.195258 0.216766 
0.701325 0.589828 0.108727 0.160546 0.344754 0.124895 0.843921 0.403098 0.004924 0.895696 0.504231 0.080959 0.023792 0.129273 0.095867 0.032477 0.195248 0.216763 
0.701325 0.589830 0.108725 0.160546 0.344756 0.124894 0.843921 0.403099 0.004924 0.895695 0.504233 0.080958 0.023792 0.129274 0.095868 0.032477 0.195250 0.216764 
0.701325 0.589831 0.108724 0.160546 0.344757 0.124894 0.843920 0.403099 0.004924 0.895695 0.504234 0.080957 0.023792 0.129275 0.095870 0.032477 0.195252 0.216765 
0.701322 0.589829 0.108725 0.160543 0.344754 0.124896 0.843920 0.403100 0.004924 0.895694 0.504234 0.080958 0.023795 0.129269 0.095865 0.032477 0.195244 0.216762 
0.701322 0.589829 0.108726 0.160544 0.344753 0.124896 0.843920 0.403100 0.004924 0.895694 0.504234 0.080959 0.023795 0.129269 0.095865 0.032477 0.195243 0.216762 
0.701322 0.589830 0.108725 0.160543 0.344755 0.124896 0.843920 0.403101 0.004925 0.895693 0.504236 0.080958 0.023795 0.129269 0.095866 0.032477 0.195245 0.216763 
0.701319 0.589828 0.108725 0.160540 0.344752 0.124897 0.843920 0.403101 0.004925 0.895692 0.504237 0.080958 0.023798 0.129264 0.095862 0.032477 0.195237 0.216760 
0.701318 0.589827 0.108727 0.160541 0.344751 0.124898 0.843920 0.403102 0.004925 0.895692 0.504237 0.080959 0.023799 0.129263 0.095860 0.032478 0.195234 0.216759 
0.701318 0.589828 0.108727 0.160540 0.344751 0.124898 0.843920 0.403102 0.004925 0.895691 0.504238 0.080959 0.023799 0.129263 0.095861 0.032477 0.195235 0.216759 
0.701313 0.589824 0.108727 0.160537 0.344749 0.124900 0.843920 0.403102 0.004925 0.895689 0.504239 0.080959 0.023803 0.129257 0.095856 0.032478 0.195226 0.216756 
0.701313 0.589823 0.108730 0.160537 0.344747 0.124900 0.843920 0.403103 0.004925 0.895689 0.504239 0.080960 0.023803 0.129255 0.095854 0.032478 0.195223 0.216755 
0.701313 0.589824 0.108729 0.160537 0.344747 0.124900 0.843919 0.403103 0.004925 0.895688 0.504240 0.080960 0.023803 0.129255 0.095855 0.032478 0.195224 0.216755 
0.701306 0.589819 0.108730 0.160534 0.344745 0.124902 0.843919 0.403104 0.004925 0.895685 0.504242 0.080959 0.023807 0.129249 0.095850 0.032479 0.195215 0.216752 
0.701305 0.589820 0.108728 0.160533 0.344746 0.124901 0.843919 0.403104 0.004925 0.895684 0.504244 0.080958 0.023808 0.129250 0.095852 0.032478 0.195217 0.216753 
0.701299 0.589819 0.108723 0.160529 0.344747 0.124901 0.843919 0.403105 0.004926 0.895681 0.504248 0.080955 0.023811 0.129246 0.095850 0.032478 0.195214 0.216751 
0.701298 0.589822 0.108717 0.160529 0.344755 0.124898 0.843919 0.403105 0.004926 0.895680 0.504253 0.080951 0.023810 0.129252 0.095859 0.032476 0.195228 0.216756 
0.701292 0.589826 0.108703 0.160524 0.344762 0.124894 0.843919 0.403106 0.004926 0.895677 0.504260 0.080944 0.023812 0.129254 0.095864 0.032474 0.195236 0.216758 
0.701290 0.589835 0.108688 0.160523 0.344776 0.124888 0.843919 0.403107 0.004926 0.895676 0.504269 0.080934 0.023810 0.129266 0.095880 0.032470 0.195262 0.216767 
0.701288 0.589848 0.108663 0.160521 0.344791 0.124881 0.843919 0.403108 0.004926 0.895675 0.504279 0.080923 0.023808 0.129277 0.095896 0.032466 0.195288 0.216775 
0.701286 0.589862 0.108636 0.160518 0.344807 0.124873 0.843918 0.403109 0.004926 0.895673 0.504289 0.080911 0.023806 0.129290 0.095914 0.032461 0.195317 0.216784 
0.701285 0.589879 0.108606 0.160516 0.344827 0.124863 0.843918 0.403110 0.004926 0.895672 0.504301 0.080897 0.023804 0.129305 0.095937 0.032457 0.195352 0.216796 
0.701276 0.589889 0.108579 0.160511 0.344848 0.124853 0.843918 0.403111 0.004926 0.895667 0.504316 0.080882 0.023809 0.129316 0.095960 0.032457 0.195382 0.216809 
0.701225 0.589948 0.108637 0.160519 0.344872 0.124843 0.843889 0.403220 0.004926 0.895625 0.504403 0.080919 0.023811 0.129339 0.095982 0.032452 0.195430 0.216818 
0.701195 0.589985 0.108646 0.160521 0.344890 0.124836 0.843872 0.403271 0.004926 0.895601 0.504452 0.080928 0.023812 0.129354 0.095997 0.032443 0.195464 0.216823 
0.701193 0.589998 0.108620 0.160519 0.344905 0.124828 0.843872 0.403272 0.004926 0.895599 0.504462 0.080917 0.023810 0.129366 0.096013 0.032439 0.195491 0.216831 
0.701189 0.590008 0.108599 0.160514 0.344916 0.124823 0.843872 0.403273 0.004926 0.895597 0.504471 0.080907 0.023811 0.129372 0.096023 0.032435 0.195507 0.216836 
0.701182 0.590016 0.108577 0.160512 0.344932 0.124815 0.843871 0.403274 0.004926 0.895592 0.504482 0.080897 0.023817 0.129379 0.096042 0.032438 0.195529 0.216846 
0.701179 0.590029 0.108551 0.160509 0.344946 0.124808 0.843871 0.403275 0.004926 0.895590 0.504492 0.080886 0.023815 0.129390 0.096057 0.032434 0.195555 0.216854 
0.701171 0.590034 0.108533 0.160504 0.344957 0.124803 0.843871 0.403275 0.004926 0.895586 0.504502 0.080876 0.023820 0.129392 0.096067 0.032434 0.195567 0.216859 
0.701161 0.590041 0.108508 0.160502 0.344974 0.124794 0.843871 0.403276 0.004926 0.895580 0.504515 0.080865 0.023829 0.129397 0.096089 0.032440 0.195590 0.216872 
0.701157 0.590058 0.108476 0.160498 0.344993 0.124785 0.843871 0.403278 0.004926 0.895577 0.504528 0.080851 0.023828 0.129412 0.096109 0.032435 0.195622 0.216882 
0.701155 0.590071 0.108451 0.160496 0.345008 0.124778 0.843870 0.403279 0.004926 0.895576 0.504538 0.080839 0.023826 0.129423 0.096125 0.032431 0.195648 0.216890 
0.701154 0.590082 0.108431 0.160494 0.345021 0.124771 0.843870 0.403279 0.004926 0.895575 0.504546 0.080830 0.023825 0.129433 0.096139 0.032428 0.195671 0.216898 
0.701155 0.590093 0.108416 0.160495 0.345036 0.124764 0.843870 0.403280 0.004926 0.895576 0.504553 0.080822 0.023824 0.129445 0.096158 0.032428 0.195697 0.216908 
0.701131 0.590122 0.108442 0.160501 0.345058 0.124762 0.843852 0.403329 0.004926 0.895555 0.504595 0.080832 0.023824 0.129468 0.096180 0.032432 0.195732 0.216924 
0.701133 0.590134 0.108426 0.160501 0.345074 0.124754 0.843852 0.403330 0.004926 0.895556 0.504602 0.080823 0.023824 0.129481 0.096200 0.032432 0.195760 0.216935 
0.701104 0.590162 0.108443 0.160504 0.345088 0.124748 0.843834 0.403376 0.004926 0.895532 0.504646 0.080830 0.023830 0.129490 0.096211 0.032429 0.195784 0.216939 
0.701023 0.590227 0.108502 0.160506 0.345097 0.124745 0.843771 0.403487 0.004926 0.895463 0.504752 0.080841 0.023840 0.129493 0.096213 0.032426 0.195798 0.216936 
0.701019 0.590241 0.108473 0.160503 0.345113 0.124737 0.843771 0.403488 0.004926 0.895460 0.504764 0.080829 0.023839 0.129505 0.096229 0.032422 0.195825 0.216943 
0.700993 0.590273 0.108482 0.160510 0.345125 0.124717 0.843750 0.403530 0.004925 0.895436 0.504804 0.080832 0.023847 0.129514 0.096223 0.032422 0.195847 0.216931 
0.700986 0.590276 0.108469 0.160502 0.345129 0.124716 0.843750 0.403531 0.004926 0.895433 0.504812 0.080826 0.023859 0.129506 0.096227 0.032425 0.195844 0.216933 
0.700950 0.590299 0.108478 0.160502 0.345134 0.124716 0.843728 0.403570 0.004926 0.895403 0.504852 0.080830 0.023867 0.129505 0.096226 0.032422 0.195850 0.216929 
0.700922 0.590328 0.108487 0.160505 0.345143 0.124713 0.843706 0.403608 0.004925 0.895379 0.504891 0.080831 0.023869 0.129514 0.096232 0.032415 0.195869 0.216930 
0.700921 0.590335 0.108474 0.160503 0.345151 0.124709 0.843706 0.403609 0.004925 0.895378 0.504896 0.080825 0.023868 0.129520 0.096240 0.032413 0.195882 0.216934 
0.700918 0.590337 0.108468 0.160500 0.345152 0.124709 0.843706 0.403609 0.004926 0.895376 0.504900 0.080822 0.023875 0.129514 0.096241 0.032416 0.195879 0.216934 
0.700890 0.590362 0.108482 0.160503 0.345157 0.124708 0.843683 0.403647 0.004925 0.895351 0.504936 0.080825 0.023878 0.129519 0.096240 0.032409 0.195890 0.216930 
0.700888 0.590367 0.108471 0.160502 0.345163 0.124705 0.843683 0.403647 0.004925 0.895350 0.504941 0.080820 0.023877 0.129524 0.096246 0.032407 0.195901 0.216933 
0.700861 0.590391 0.108489 0.160506 0.345167 0.124703 0.843660 0.403683 0.004925 0.895326 0.504975 0.080824 0.023879 0.129529 0.096247 0.032405 0.195910 0.216932 
0.700787 0.590451 0.108560 0.160519 0.345174 0.124711 0.843592 0.403787 0.004925 0.895257 0.505066 0.080841 0.023884 0.129543 0.096239 0.032408 0.195919 0.216927 
0.700759 0.590473 0.108573 0.160522 0.345177 0.124710 0.843569 0.403821 0.004925 0.895232 0.505100 0.080842 0.023886 0.129547 0.096236 0.032401 0.195928 0.216922 
0.700731 0.590496 0.108586 0.160526 0.345181 0.124708 0.843545 0.403854 0.004925 0.895208 0.505134 0.080842 0.023889 0.129552 0.096235 0.032395 0.195938 0.216918 
0.700712 0.590521 0.108605 0.160530 0.345182 0.124691 0.843522 0.403887 0.004925 0.895188 0.505163 0.080843 0.023910 0.129542 0.096214 0.032399 0.195935 0.216895 
0.700654 0.590556 0.108643 0.160534 0.345179 0.124694 0.843476 0.403951 0.004925 0.895138 0.505226 0.080849 0.023918 0.129538 0.096205 0.032395 0.195931 0.216886 
0.700652 0.590562 0.108630 0.160532 0.345186 0.124691 0.843476 0.403952 0.004925 0.895137 0.505231 0.080844 0.023918 0.129543 0.096212 0.032393 0.195943 0.216890 
0.700625 0.590585 0.108641 0.160536 0.345197 0.124696 0.843452 0.403984 0.004925 0.895112 0.505264 0.080842 0.023915 0.129558 0.096217 0.032393 0.195958 0.216895 
0.700627 0.590592 0.108633 0.160533 0.345204 0.124693 0.843452 0.403985 0.004925 0.895113 0.505267 0.080838 0.023915 0.129562 0.096223 0.032390 0.195968 0.216898 
