0.980649 0.195773 0.000000 0.191491 -0.981494 0.000000 -0.213329 0.976980 0.000000 -0.981828 -0.189771 -0.000000 
0.980670 0.195668 0.000000 0.191418 -0.981509 0.000000 -0.213256 0.976996 0.000000 -0.981849 -0.189666 -0.000000 
0.980666 0.195690 0.000000 0.191439 -0.981504 0.000000 -0.213277 0.976992 0.000000 -0.981844 -0.189688 -0.000000 
0.980656 0.195739 0.000000 0.191487 -0.981495 0.000000 -0.213325 0.976981 0.000000 -0.981835 -0.189737 -0.000000 
0.980646 0.195788 0.000000 0.191545 -0.981484 0.000000 -0.213383 0.976969 0.000000 -0.981825 -0.189787 -0.000000 
0.980627 0.195886 0.000000 0.191642 -0.981465 0.000000 -0.213480 0.976948 0.000000 -0.981806 -0.189885 -0.000000 
0.980438 0.196830 0.000000 0.192565 -0.981284 0.000000 -0.214398 0.976746 0.000000 -0.981623 -0.190829 -0.000000 
0.980571 0.196165 0.000000 0.191933 -0.981408 0.000000 -0.213770 0.976884 0.000000 -0.981752 -0.190164 -0.000000 
0.980529 0.196372 0.000000 0.192132 -0.981369 0.000000 -0.213967 0.976841 0.000000 -0.981712 -0.190371 -0.000000 
0.980532 0.196361 0.000000 0.192115 -0.981372 0.000000 -0.213951 0.976844 0.000000 -0.981714 -0.190360 -0.000000 
0.980498 0.196529 0.000000 0.192280 -0.981340 0.000000 -0.214115 0.976808 0.000000 -0.981682 -0.190529 -0.000000 
0.980452 0.196756 0.000000 0.192508 -0.981295 0.000000 -0.214342 0.976759 0.000000 -0.981637 -0.190756 -0.000000 
0.980433 0.196853 0.000000 0.192594 -0.981279 0.000000 -0.214428 0.976740 0.000000 -0.981619 -0.190853 -0.000000 
0.980473 0.196654 0.000000 0.192368 -0.981323 0.000000 -0.214204 0.976789 0.000000 -0.981657 -0.190654 -0.000000 
0.980458 0.196726 0.000000 0.192452 -0.981306 0.000000 -0.214288 0.976771 0.000000 -0.981643 -0.190726 -0.000000 
0.980458 0.196726 0.000000 0.192453 -0.981306 0.000000 -0.214288 0.976771 0.000000 -0.981643 -0.190726 -0.000000 
0.980458 0.196726 0.000000 0.192453 -0.981306 0.000000 -0.214288 0.976771 0.000000 -0.981643 -0.190726 -0.000000 
0.980447 0.196785 0.000000 0.192509 -0.981295 0.000000 -0.214344 0.976758 0.000000 -0.981632 -0.190785 -0.000000 
0.980458 0.196726 0.000000 0.192438 -0.981309 0.000000 -0.214273 0.976774 0.000000 -0.981643 -0.190726 -0.000000 
0.980459 0.196725 0.000000 0.192439 -0.981309 0.000000 -0.214274 0.976774 0.000000 -0.981644 -0.190725 -0.000000 
0.980487 0.196582 0.000000 0.192285 -0.981339 0.000000 -0.214120 0.976807 0.000000 -0.981671 -0.190581 -0.000000 
0.980489 0.196575 0.000000 0.192281 -0.981340 0.000000 -0.214117 0.976808 0.000000 -0.981673 -0.190575 -0.000000 
0.980487 0.196583 0.000000 0.192292 -0.981338 0.000000 -0.214127 0.976806 0.000000 -0.981671 -0.190583 -0.000000 
0.980487 0.196583 0.000000 0.192292 -0.981338 0.000000 -0.214127 0.976806 0.000000 -0.981671 -0.190582 -0.000000 
0.980487 0.196582 0.000000 0.192292 -0.981338 0.000000 -0.214128 0.976806 0.000000 -0.981671 -0.190582 -0.000000 
0.980626 0.195890 0.000000 0.191474 -0.981498 0.000000 -0.213315 0.976983 0.000000 -0.981806 -0.189889 -0.000000 
0.980684 0.195600 0.000000 0.191135 -0.981564 0.000000 -0.212976 0.977057 0.000000 -0.981862 -0.189599 -0.000000 
0.980724 0.195398 0.000000 0.190914 -0.981607 0.000000 -0.212758 0.977105 0.000000 -0.981901 -0.189397 -0.000000 
0.980737 0.195335 0.000000 0.190878 -0.981614 0.000000 -0.212722 0.977113 0.000000 -0.981913 -0.189333 -0.000000 
0.980757 0.195233 0.000000 0.190776 -0.981634 0.000000 -0.212621 0.977135 0.000000 -0.981932 -0.189232 -0.000000 
0.980811 0.194961 0.000000 0.190471 -0.981693 0.000000 -0.212317 0.977201 0.000000 -0.981985 -0.188960 -0.000000 
0.980816 0.194934 0.000000 0.190482 -0.981691 0.000000 -0.212327 0.977199 0.000000 -0.981990 -0.188932 -0.000000 
0.980840 0.194813 0.000000 0.190350 -0.981716 0.000000 -0.212197 0.977227 0.000000 -0.982013 -0.188811 -0.000000 
0.980875 0.194640 0.000000 0.190164 -0.981752 0.000000 -0.212013 0.977267 0.000000 -0.982047 -0.188638 -0.000000 
0.980878 0.194622 0.000000 0.190164 -0.981752 0.000000 -0.212013 0.977267 0.000000 -0.982050 -0.188620 -0.000000 
0.980920 0.194411 0.000000 0.189949 -0.981794 0.000000 -0.211798 0.977313 0.000000 -0.982091 -0.188408 -0.000000 
0.980923 0.194395 0.000000 0.189967 -0.981791 0.000000 -0.211815 0.977310 0.000000 -0.982094 -0.188393 -0.000000 
0.980939 0.194318 0.000000 0.189928 -0.981798 0.000000 -0.211777 0.977318 0.000000 -0.982109 -0.188316 -0.000000 
0.980999 0.194015 0.000000 0.189565 -0.981868 0.000000 -0.211416 0.977396 0.000000 -0.982167 -0.188012 -0.000000 
0.981019 0.193914 0.000000 0.189476 -0.981885 0.000000 -0.211328 0.977415 0.000000 -0.982186 -0.187911 -0.000000 
0.980991 0.194055 0.000000 0.189660 -0.981850 0.000000 -0.211512 0.977375 0.000000 -0.982159 -0.188053 -0.000000 
0.980993 0.194044 0.000000 0.189670 -0.981848 0.000000 -0.211521 0.977373 0.000000 -0.982161 -0.188041 -0.000000 
0.980995 0.194035 0.000000 0.189679 -0.981846 0.000000 -0.211529 0.977372 0.000000 -0.982163 -0.188032 -0.000000 
0.981117 0.193416 0.000000 0.188926 -0.981991 0.000000 -0.210782 0.977533 0.000000 -0.982281 -0.187413 -0.000000 
0.981140 0.193298 0.000000 0.188850 -0.982006 0.000000 -0.210708 0.977549 0.000000 -0.982304 -0.187295 -0.000000 
0.981149 0.193252 0.000000 0.188779 -0.982020 0.000000 -0.210635 0.977565 0.000000 -0.982312 -0.187249 -0.000000 
0.981151 0.193240 0.000000 0.188799 -0.982016 0.000000 -0.210655 0.977560 0.000000 -0.982315 -0.187237 -0.000000 
0.981185 0.193071 0.000000 0.188582 -0.982057 0.000000 -0.210438 0.977607 0.000000 -0.982347 -0.187067 -0.000000 
0.981187 0.193057 0.000000 0.188606 -0.982053 0.000000 -0.210461 0.977602 0.000000 -0.982350 -0.187053 -0.000000 
0.981190 0.193046 0.000000 0.188626 -0.982049 0.000000 -0.210481 0.977598 0.000000 -0.982352 -0.187042 -0.000000 
0.981231 0.192837 0.000000 0.188394 -0.982093 0.000000 -0.210250 0.977648 0.000000 -0.982392 -0.186832 -0.000000 
0.981256 0.192706 0.000000 0.188279 -0.982116 0.000000 -0.210136 0.977672 0.000000 -0.982417 -0.186702 -0.000000 
0.981258 0.192700 0.000000 0.188287 -0.982114 0.000000 -0.210143 0.977671 0.000000 -0.982418 -0.186695 -0.000000 
0.981252 0.192731 0.000000 0.188345 -0.982103 0.000000 -0.210200 0.977658 0.000000 -0.982412 -0.186726 -0.000000 
0.981286 0.192554 0.000000 0.188168 -0.982137 0.000000 -0.210024 0.977696 0.000000 -0.982446 -0.186549 -0.000000 
0.981288 0.192546 0.000000 0.188180 -0.982135 0.000000 -0.210036 0.977694 0.000000 -0.982447 -0.186541 -0.000000 
0.981289 0.192540 0.000000 0.188190 -0.982133 0.000000 -0.210045 0.977692 0.000000 -0.982448 -0.186535 -0.000000 
0.981291 0.192533 0.000000 0.188195 -0.982132 0.000000 -0.210051 0.977691 0.000000 -0.982450 -0.186528 -0.000000 
0.981288 0.192543 0.000000 0.188220 -0.982127 0.000000 -0.210075 0.977685 0.000000 -0.982448 -0.186538 -0.000000 
0.981293 0.192522 0.000000 0.188220 -0.982127 0.000000 -0.210076 0.977685 0.000000 -0.982452 -0.186517 -0.000000 
0.981293 0.192520 0.000000 0.188223 -0.982126 0.000000 -0.210078 0.977685 0.000000 -0.982452 -0.186515 -0.000000 
0.981293 0.192518 0.000000 0.188225 -0.982126 0.000000 -0.210080 0.977684 0.000000 -0.982453 -0.186513 -0.000000 
0.981294 0.192517 0.000000 0.188227 -0.982126 0.000000 -0.210081 0.977684 0.000000 -0.982453 -0.186512 -0.000000 
0.981295 0.192511 0.000000 0.188222 -0.982126 0.000000 -0.210077 0.977685 0.000000 -0.982454 -0.186506 -0.000000 
0.981331 0.192327 0.000000 0.188018 -0.982166 0.000000 -0.209874 0.977729 0.000000 -0.982489 -0.186322 -0.000000 
0.981331 0.192325 0.000000 0.188021 -0.982165 0.000000 -0.209877 0.977728 0.000000 -0.982489 -0.186319 -0.000000 
0.981331 0.192328 0.000000 0.188030 -0.982163 0.000000 -0.209886 0.977726 0.000000 -0.982489 -0.186322 -0.000000 
0.981356 0.192199 0.000000 0.187934 -0.982182 0.000000 -0.209791 0.977746 0.000000 -0.982513 -0.186194 -0.000000 
0.981330 0.192332 0.000000 0.188082 -0.982153 0.000000 -0.209937 0.977715 0.000000 -0.982488 -0.186327 -0.000000 
0.981330 0.192334 0.000000 0.188079 -0.982154 0.000000 -0.209934 0.977716 0.000000 -0.982488 -0.186328 -0.000000 
0.981383 0.192063 0.000000 0.187789 -0.982209 0.000000 -0.209646 0.977777 0.000000 -0.982539 -0.186058 -0.000000 
0.981382 0.192064 0.000000 0.187789 -0.982209 0.000000 -0.209646 0.977777 0.000000 -0.982539 -0.186058 -0.000000 
0.981389 0.192032 0.000000 0.187758 -0.982215 0.000000 -0.209615 0.977784 0.000000 -0.982545 -0.186027 -0.000000 
0.981389 0.192033 0.000000 0.187758 -0.982215 0.000000 -0.209615 0.977784 0.000000 -0.982545 -0.186027 -0.000000 
0.981370 0.192129 0.000000 0.187863 -0.982195 0.000000 -0.209719 0.977762 0.000000 -0.982526 -0.186124 -0.000000 
0.981343 0.192263 0.000000 0.188010 -0.982167 0.000000 -0.209865 0.977730 0.000000 -0.982501 -0.186258 -0.000000 
0.981343 0.192264 0.000000 0.188007 -0.982168 0.000000 -0.209862 0.977731 0.000000 -0.982501 -0.186259 -0.000000 
0.981259 0.192692 0.000000 0.188454 -0.982082 0.000000 -0.210307 0.977635 0.000000 -0.982419 -0.186687 -0.000000 
0.981233 0.192823 0.000000 0.188606 -0.982053 0.000000 -0.210459 0.977603 0.000000 -0.982394 -0.186818 -0.000000 
0.981233 0.192827 0.000000 0.188599 -0.982054 0.000000 -0.210451 0.977604 0.000000 -0.982394 -0.186822 -0.000000 
0.981146 0.193270 0.000000 0.189042 -0.981969 0.000000 -0.210891 0.977509 0.000000 -0.982309 -0.187265 -0.000000 
0.981861 0.189603 0.000000 0.185370 -0.982669 0.000000 -0.207237 0.978291 0.000000 -0.983002 -0.183594 -0.000000 
0.982125 0.188230 0.000000 0.183988 -0.982929 0.000000 -0.205861 0.978581 0.000000 -0.983258 -0.182220 -0.000000 
0.982181 0.187937 0.000000 0.183710 -0.982980 0.000000 -0.205584 0.978640 0.000000 -0.983312 -0.181927 -0.000000 
0.982195 0.187865 0.000000 0.183628 -0.982996 0.000000 -0.205502 0.978657 0.000000 -0.983326 -0.181854 -0.000000 
0.982213 0.187770 0.000000 0.183525 -0.983015 0.000000 -0.205399 0.978678 0.000000 -0.983343 -0.181759 -0.000000 
0.982064 0.188546 0.000000 0.184295 -0.982871 0.000000 -0.206165 0.978517 0.000000 -0.983199 -0.182535 -0.000000 
0.981842 0.189700 0.000000 0.185451 -0.982654 0.000000 -0.207317 0.978274 0.000000 -0.982984 -0.183691 -0.000000 
0.982067 0.188533 0.000000 0.184289 -0.982872 0.000000 -0.206159 0.978518 0.000000 -0.983202 -0.182523 -0.000000 
0.983301 0.181985 0.000000 0.177741 -0.984077 0.000000 -0.199639 0.979869 0.000000 -0.984396 -0.175967 -0.000000 
0.984387 0.176016 0.000000 0.171778 -0.985136 0.000000 -0.193701 0.981061 0.000000 -0.985446 -0.169991 -0.000000 
0.984995 0.172583 0.000000 0.168350 -0.985727 0.000000 -0.190285 0.981729 0.000000 -0.986032 -0.166554 -0.000000 
0.989181 0.146697 0.000000 0.142440 -0.989803 0.000000 -0.164473 0.986382 0.000000 -0.990060 -0.140644 -0.000000 
0.990821 0.135178 0.000000 0.130908 -0.991395 0.000000 -0.152980 0.988229 0.000000 -0.991630 -0.129114 -0.000000 
0.992968 0.118384 0.000000 0.114107 -0.993469 0.000000 -0.136230 0.990677 0.000000 -0.993673 -0.112308 -0.000000 
0.991432 0.130627 0.000000 0.126401 -0.991979 0.000000 -0.148481 0.988915 0.000000 -0.992212 -0.124558 -0.000000 
0.989650 0.143499 0.000000 0.139321 -0.990247 0.000000 -0.161345 0.986898 0.000000 -0.990510 -0.137437 -0.000000 
0.988101 0.153809 0.000000 0.149659 -0.988738 0.000000 -0.171625 0.985162 0.000000 -0.989025 -0.147751 -0.000000 
0.987611 0.156920 0.000000 0.152770 -0.988262 0.000000 -0.174709 0.984620 0.000000 -0.988555 -0.150860 -0.000000 
0.986831 0.161752 0.000000 0.157609 -0.987502 0.000000 -0.179505 0.983757 0.000000 -0.987806 -0.155690 -0.000000 
0.986192 0.165603 0.000000 0.161423 -0.986885 0.000000 -0.183267 0.983063 0.000000 -0.987192 -0.159535 -0.000000 
0.985509 0.169624 0.000000 0.165376 -0.986231 0.000000 -0.187181 0.982325 0.000000 -0.986535 -0.163553 -0.000000 
0.985418 0.170149 0.000000 0.165823 -0.986155 0.000000 -0.187603 0.982245 0.000000 -0.986448 -0.164072 -0.000000 
0.985066 0.172180 0.000000 0.168123 -0.985766 0.000000 -0.189868 0.981810 0.000000 -0.986109 -0.166098 -0.000000 
0.987971 0.154640 0.000000 0.150920 -0.988546 0.000000 -0.172668 0.984980 0.000000 -0.988909 -0.148523 -0.000000 
0.990538 0.137238 0.000000 0.135189 -0.990820 0.000000 -0.157016 0.987596 0.000000 -0.991368 -0.131112 -0.000000 
0.794766 0.606916 0.000000 -0.614726 0.788741 0.000000 0.121747 -0.992561 0.000000 0.933322 -0.359041 0.000000 -0.993379 -0.114886 -0.000000 -0.946171 0.323666 0.000000 
0.777911 0.628375 0.000000 -0.633236 0.773958 0.000000 0.122982 -0.992409 0.000000 0.937170 -0.348873 0.000000 -0.993437 -0.114380 -0.000000 -0.951542 0.307520 0.000000 
0.767835 0.640648 0.000000 -0.643158 0.765734 0.000000 0.127215 -0.991875 0.000000 0.940720 -0.339185 0.000000 -0.993133 -0.116993 -0.000000 -0.957389 0.288803 0.000000 
0.768661 0.639657 0.000000 -0.641407 0.767201 0.000000 0.128796 -0.991671 0.000000 0.937923 -0.346844 0.000000 -0.993157 -0.116791 -0.000000 -0.951334 0.308162 0.000000 
0.131740 -0.991284 0.000000 -0.630487 0.776200 0.000000 0.780685 0.624925 0.000000 0.926165 -0.377118 0.000000 -0.992959 -0.118458 -0.000000 -0.926622 0.375993 0.000000 
0.133306 -0.991075 0.000000 -0.992785 -0.119911 -0.000000 0.799150 0.601132 0.000000 0.910168 -0.414240 0.000000 -0.613568 0.789642 0.000000 -0.897473 0.441070 0.000000 
0.120352 -0.992731 0.000000 -0.994473 -0.104989 -0.000000 0.808941 0.587889 0.000000 0.903114 -0.429402 0.000000 -0.602577 0.798061 0.000000 -0.890557 0.454871 0.000000 
0.113604 -0.993526 0.000000 -0.995054 -0.099335 -0.000000 0.810094 0.586300 0.000000 0.905063 -0.425278 0.000000 -0.600994 0.799253 0.000000 -0.895303 0.445458 0.000000 
0.102491 -0.994734 0.000000 -0.996206 -0.087025 -0.000000 0.818464 0.574558 0.000000 0.902174 -0.431372 0.000000 -0.589724 0.807605 0.000000 -0.895100 0.445865 0.000000 
0.096543 -0.995329 0.000000 -0.996876 -0.078988 -0.000000 0.822853 0.568254 0.000000 0.900542 -0.434770 0.000000 -0.584672 0.811270 0.000000 -0.894988 0.446089 0.000000 
0.080794 -0.996731 0.000000 -0.997156 -0.075361 -0.000000 0.821918 0.569606 0.000000 0.892548 -0.450953 0.000000 -0.587115 0.809504 0.000000 -0.873144 0.487462 0.000000 
0.019635 -0.999807 0.000000 -0.999820 -0.018950 -0.000000 0.818805 0.574072 0.000000 0.872494 -0.488624 0.000000 -0.591010 0.806664 0.000000 -0.837240 0.546836 0.000000 
-0.031356 -0.999508 -0.000000 0.816635 0.577154 0.000000 0.843537 -0.537072 0.000000 -0.999580 0.028980 0.000000 -0.592458 0.805601 0.000000 -0.774877 0.632112 0.000000 
-0.137757 -0.990466 -0.000000 0.814895 0.579609 0.000000 0.797290 -0.603597 0.000000 -0.991235 0.132113 0.000000 -0.594361 0.804199 0.000000 -0.673874 0.738846 0.000000 
-0.188551 -0.982063 -0.000000 0.815117 0.579297 0.000000 0.749890 -0.661562 0.000000 -0.568816 0.822465 0.000000 -0.983655 0.180063 0.000000 
-0.286844 -0.957977 -0.000000 0.813678 0.581316 0.000000 0.688167 -0.725553 0.000000 -0.960162 0.279445 0.000000 -0.502559 0.864543 0.000000 
-0.358153 -0.933663 -0.000000 0.813000 0.582264 0.000000 0.638006 -0.770031 0.000000 -0.937224 0.348729 0.000000 -0.448718 0.893673 0.000000 
-0.898967 0.438015 0.000000 0.811285 0.584651 0.000000 -0.382575 0.923924 0.000000 -0.446534 -0.894767 -0.000000 0.604168 -0.796857 0.000000 0.549018 -0.835810 0.000000 
-0.835549 0.549416 0.000000 0.808322 0.588741 0.000000 -0.319247 0.947671 0.000000 -0.554188 -0.832391 -0.000000 0.608681 -0.793415 0.000000 0.430290 -0.902691 0.000000 
-0.790789 0.612088 0.000000 -0.612426 -0.790528 -0.000000 0.805539 0.592543 0.000000 -0.257836 0.966189 0.000000 0.612131 -0.790756 0.000000 0.330881 -0.943673 0.000000 
-0.796641 0.604452 0.000000 0.807434 0.589958 0.000000 -0.220962 0.975282 0.000000 -0.603293 -0.797520 -0.000000 0.609656 -0.792666 0.000000 0.289909 -0.957054 0.000000 
-0.801989 0.597338 0.000000 0.808185 0.588929 0.000000 -0.210565 0.977580 0.000000 -0.595825 -0.803114 -0.000000 0.610076 -0.792343 0.000000 0.280203 -0.959941 0.000000 
-0.801667 0.597770 0.000000 0.813018 0.582238 0.000000 -0.209514 0.977806 0.000000 -0.596166 -0.802861 -0.000000 0.609023 -0.793153 0.000000 0.279037 -0.960280 0.000000 
-0.796202 0.605031 0.000000 0.826235 0.563325 0.000000 -0.211648 0.977346 0.000000 -0.603559 -0.797318 -0.000000 0.601034 -0.799223 0.000000 0.281240 -0.959638 0.000000 
-0.795283 0.606239 0.000000 0.838305 0.545202 0.000000 -0.214291 0.976770 0.000000 -0.604749 -0.796416 -0.000000 0.597142 -0.802136 0.000000 0.284244 -0.958752 0.000000 
-0.795258 0.606272 0.000000 0.847388 0.530975 0.000000 -0.223675 0.974664 0.000000 -0.604730 -0.796431 -0.000000 0.597572 -0.801815 0.000000 0.294704 -0.955589 0.000000 
-0.795532 0.605911 0.000000 0.854678 0.519159 0.000000 -0.235382 0.971903 0.000000 -0.604519 -0.796591 -0.000000 0.599871 -0.800097 0.000000 0.308371 -0.951266 0.000000 
-0.797552 0.603251 0.000000 0.859771 0.510679 0.000000 -0.248275 0.968690 0.000000 -0.603499 -0.797364 -0.000000 0.606552 -0.795044 0.000000 0.323375 -0.946271 0.000000 
-0.800710 0.599052 0.000000 0.863811 0.503816 0.000000 -0.263040 0.964785 0.000000 -0.603346 -0.797479 -0.000000 0.616658 -0.787231 0.000000 0.340558 -0.940224 0.000000 
-0.804463 0.594003 0.000000 0.867628 0.497214 0.000000 -0.278824 0.960342 0.000000 -0.605729 -0.795671 -0.000000 0.629705 -0.776835 0.000000 0.359007 -0.933335 0.000000 
-0.809699 0.586845 0.000000 0.871761 0.489931 0.000000 -0.293724 0.955890 0.000000 -0.610549 -0.791979 -0.000000 0.646430 -0.762973 0.000000 0.376883 -0.926261 0.000000 
-0.816543 0.577285 0.000000 0.875987 0.482335 0.000000 -0.308058 0.951368 0.000000 -0.618816 -0.785536 -0.000000 0.668532 -0.743684 0.000000 0.394351 -0.918960 0.000000 
-0.821655 0.569985 0.000000 0.881012 0.473094 0.000000 -0.320615 0.947210 0.000000 -0.633482 -0.773757 -0.000000 0.691161 -0.722701 0.000000 0.411372 -0.911467 0.000000 
-0.824099 0.566445 0.000000 0.889300 0.457324 0.000000 -0.320169 0.947360 0.000000 -0.655894 -0.754853 -0.000000 0.708056 -0.706156 0.000000 0.418724 -0.908114 0.000000 
-0.826069 0.563569 0.000000 0.898805 0.438349 0.000000 -0.304540 0.952500 0.000000 -0.683025 -0.730395 -0.000000 0.723685 -0.690130 0.000000 0.414734 -0.909943 0.000000 
-0.830578 0.556902 0.000000 0.907634 0.419763 0.000000 -0.276061 0.961140 0.000000 -0.710508 -0.703689 -0.000000 0.743761 -0.668445 0.000000 0.402934 -0.915229 0.000000 
-0.836977 0.547238 0.000000 0.915122 0.403178 0.000000 -0.229711 0.973259 0.000000 -0.739838 -0.672785 -0.000000 0.762603 -0.646866 0.000000 0.383359 -0.923600 0.000000 
-0.842053 0.539395 0.000000 -0.761703 -0.647926 -0.000000 0.917245 0.398324 0.000000 -0.152379 0.988322 0.000000 0.752039 -0.659119 0.000000 0.351153 -0.936318 0.000000 
-0.828026 0.560689 0.000000 -0.767334 -0.641248 -0.000000 0.912722 0.408581 0.000000 -0.010943 0.999940 0.000000 0.622628 -0.782518 0.000000 0.268258 -0.963347 0.000000 
-0.806174 0.591679 0.000000 -0.772860 -0.634576 -0.000000 0.911344 0.411646 0.000000 0.156745 0.987639 0.000000 0.415326 -0.909673 0.000000 0.138568 -0.990353 0.000000 
-0.775422 0.631444 0.000000 -0.776792 -0.629757 -0.000000 0.910253 0.414053 0.000000 0.296935 0.954898 0.000000 0.166036 -0.986120 0.000000 0.005619 -0.999984 0.000000 
-0.723385 0.690445 0.000000 -0.778102 -0.628138 -0.000000 0.907769 0.419470 0.000000 0.407867 0.913041 0.000000 -0.105601 -0.994409 -0.000000 -0.120903 -0.992664 -0.000000 
-0.642334 0.766425 0.000000 -0.777010 -0.629488 -0.000000 -0.242562 -0.970136 -0.000000 0.906127 0.423005 0.000000 0.482708 0.875782 0.000000 
-0.536557 0.843864 0.000000 -0.775694 -0.631110 -0.000000 -0.337862 -0.941196 -0.000000 0.907077 0.420964 0.000000 0.534066 0.845443 0.000000 
-0.416389 0.909186 0.000000 0.911796 0.410642 0.000000 0.563061 0.826415 0.000000 -0.774304 -0.632814 -0.000000 -0.399638 -0.916673 -0.000000 
-0.302044 0.953294 0.000000 0.919862 0.392243 0.000000 0.582574 0.812778 0.000000 -0.773303 -0.634037 -0.000000 -0.444002 -0.896026 -0.000000 
-0.199788 0.979839 0.000000 0.929806 0.368050 0.000000 0.592362 0.805672 0.000000 -0.772747 -0.634714 -0.000000 -0.470943 -0.882164 -0.000000 
-0.106211 0.994344 0.000000 0.941857 0.336013 0.000000 0.600173 0.799871 0.000000 -0.774168 -0.632980 -0.000000 -0.492514 -0.870304 -0.000000 
-0.029987 0.999550 0.000000 0.956180 0.292780 0.000000 0.606358 0.795191 0.000000 -0.777435 -0.628963 -0.000000 -0.509225 -0.860634 -0.000000 
0.038848 0.999245 0.000000 0.971648 0.236433 0.000000 0.615026 0.788507 0.000000 -0.787207 -0.616689 -0.000000 -0.526813 -0.849981 -0.000000 
0.092143 0.995746 0.000000 0.986283 0.165063 0.000000 0.621407 0.783488 0.000000 -0.798485 -0.602015 -0.000000 -0.539860 -0.841755 -0.000000 
0.125875 0.992046 0.000000 -0.804740 -0.593628 -0.000000 0.642996 0.765869 0.000000 -0.459721 -0.888063 -0.000000 -0.506092 -0.862480 -0.000000 
0.165534 0.986204 0.000000 0.980435 -0.196842 0.000000 0.657025 0.753869 0.000000 -0.815307 -0.579029 -0.000000 -0.568063 -0.822985 -0.000000 -0.571342 -0.820712 -0.000000 
0.193621 0.981076 0.000000 0.816688 -0.577079 0.000000 -0.832594 -0.553883 -0.000000 -0.659443 -0.751755 -0.000000 0.681342 0.731965 0.000000 0.740865 0.671654 0.000000 
0.685685 -0.727898 0.000000 0.211710 0.977333 0.000000 -0.846279 -0.532739 -0.000000 -0.713840 -0.700309 -0.000000 0.824030 0.566546 0.000000 0.700998 0.713164 0.000000 
0.503337 -0.864090 0.000000 0.213434 0.976957 0.000000 -0.861858 -0.507149 -0.000000 -0.767482 -0.641070 -0.000000 0.916655 0.399680 0.000000 0.727006 0.686631 0.000000 
0.495044 -0.868868 0.000000 0.212798 0.977096 0.000000 -0.865647 -0.500656 -0.000000 -0.768089 -0.640343 -0.000000 0.908133 0.418681 0.000000 0.730085 0.683356 0.000000 
0.555719 -0.831370 0.000000 0.244465 0.969658 0.000000 -0.872884 -0.487928 -0.000000 -0.761215 -0.648500 -0.000000 0.864175 0.503192 0.000000 0.736377 0.676571 0.000000 
0.626292 -0.779588 0.000000 0.289549 0.957163 0.000000 -0.886076 -0.463539 -0.000000 -0.760294 -0.649579 -0.000000 0.805987 0.591934 0.000000 0.769764 0.638329 0.000000 
0.631704 -0.775210 0.000000 0.331103 0.943595 0.000000 0.804539 0.593899 0.000000 -0.896783 -0.442471 -0.000000 -0.778717 -0.627375 -0.000000 
0.593727 -0.804667 0.000000 0.349802 0.936824 0.000000 0.844052 0.536261 0.000000 -0.903984 -0.427565 -0.000000 -0.814394 -0.580312 -0.000000 
0.517761 -0.855525 0.000000 0.359132 0.933287 0.000000 0.893613 0.448839 0.000000 -0.908878 -0.417061 -0.000000 -0.862163 -0.506631 -0.000000 
0.360512 0.932755 0.000000 0.440551 -0.897727 0.000000 0.927687 0.373360 0.000000 0.891683 0.452661 0.000000 -0.901912 -0.431921 -0.000000 -0.895433 -0.445196 -0.000000 
-0.919782 -0.392431 -0.000000 0.361400 -0.932411 0.000000 0.364270 0.931293 0.000000 0.881866 0.471501 0.000000 0.953532 0.301293 0.000000 0.949402 0.314063 0.000000 
0.961668 0.274216 0.000000 -0.931793 -0.362989 -0.000000 0.343102 -0.939298 0.000000 0.361763 0.932270 0.000000 0.874538 0.484957 0.000000 
-0.952787 -0.303638 -0.000000 0.262139 -0.965030 0.000000 0.372507 0.928029 0.000000 0.878317 0.478079 0.000000 0.981142 0.193290 0.000000 0.978072 0.208267 0.000000 
-0.968830 -0.247725 -0.000000 0.195217 -0.980760 0.000000 0.372584 0.927999 0.000000 0.873482 0.486856 0.000000 0.991904 0.126990 0.000000 0.989819 0.142331 0.000000 
-0.989206 -0.146531 -0.000000 -0.189227 -0.981933 -0.000000 0.375929 0.926649 0.000000 0.867683 0.497119 0.000000 0.976986 -0.213302 0.000000 0.994922 0.100654 0.000000 
0.793090 -0.609105 0.000000 0.999804 0.019799 0.000000 -0.999829 -0.018505 -0.000000 -0.523269 -0.852167 -0.000000 0.368160 0.929762 0.000000 0.856342 0.516410 0.000000 
0.365505 -0.930810 0.000000 0.996600 -0.082395 0.000000 -0.995551 0.094228 0.000000 -0.883362 -0.468691 -0.000000 0.364392 0.931246 0.000000 0.844688 0.535259 0.000000 
0.064902 -0.997892 0.000000 0.990485 -0.137621 0.000000 -0.989834 0.142227 0.000000 -0.975071 -0.221894 -0.000000 0.369947 0.929053 0.000000 0.843447 0.537212 0.000000 
-0.069545 -0.997579 -0.000000 0.985874 -0.167488 0.000000 -0.985529 0.169505 0.000000 -0.980383 -0.197104 -0.000000 0.388404 0.921489 0.000000 0.848468 0.529247 0.000000 
-0.195522 -0.980699 -0.000000 0.979179 -0.203000 0.000000 -0.978826 0.204695 0.000000 -0.994581 -0.103965 -0.000000 0.414362 0.910112 0.000000 0.851878 0.523740 0.000000 
-0.973177 0.230058 0.000000 0.972959 -0.230977 0.000000 -0.299327 -0.954151 -0.000000 -0.988569 -0.150766 -0.000000 0.436063 0.899916 0.000000 0.857407 0.514639 0.000000 
-0.965824 0.259198 0.000000 0.966403 -0.257030 0.000000 -0.410263 -0.911967 -0.000000 -0.752615 -0.658460 -0.000000 0.449191 0.893436 0.000000 0.860202 0.509953 0.000000 
-0.957994 0.286788 0.000000 0.958624 -0.284675 0.000000 -0.515999 -0.856589 -0.000000 -0.517869 -0.855460 -0.000000 0.460985 0.887408 0.000000 0.865988 0.500064 0.000000 
0.949799 -0.312861 0.000000 -0.950779 0.309869 0.000000 0.467379 0.884057 0.000000 0.866625 0.498961 0.000000 -0.508893 -0.860830 -0.000000 -0.611612 -0.791158 -0.000000 
0.939871 -0.341528 0.000000 -0.943415 0.331614 0.000000 0.469664 0.882845 0.000000 0.865451 0.500994 0.000000 -0.511230 -0.859444 -0.000000 -0.700278 -0.713870 -0.000000 
0.928699 -0.370833 0.000000 -0.935358 0.353703 0.000000 0.472488 0.881337 0.000000 0.865023 0.501732 0.000000 -0.501788 -0.864990 -0.000000 -0.779631 -0.626239 -0.000000 
0.916701 -0.399574 0.000000 -0.927289 0.374345 0.000000 0.473853 0.880604 0.000000 0.865338 0.501188 0.000000 -0.505751 -0.862679 -0.000000 -0.847221 -0.531240 -0.000000 
0.903907 -0.427728 0.000000 -0.919127 0.393962 0.000000 0.475594 0.879665 0.000000 0.866189 0.499717 0.000000 -0.497858 -0.867259 -0.000000 -0.902284 -0.431143 -0.000000 
0.890316 -0.455342 0.000000 -0.910913 0.412600 0.000000 0.477205 0.878792 0.000000 0.867239 0.497892 0.000000 -0.478200 -0.878251 -0.000000 -0.944850 -0.327503 -0.000000 
0.876071 -0.482182 0.000000 -0.902855 0.429945 0.000000 0.476975 0.878917 0.000000 0.867509 0.497422 0.000000 -0.454459 -0.890768 -0.000000 -0.975205 -0.221305 -0.000000 
-0.895296 0.445472 0.000000 -0.993527 -0.113596 -0.000000 0.472366 0.881402 0.000000 0.866616 0.498976 0.000000 -0.426966 -0.904268 -0.000000 0.861399 -0.507928 0.000000 
0.463856 0.885910 0.000000 -0.999985 -0.005411 -0.000000 -0.888467 0.458940 0.000000 0.864066 0.503379 0.000000 -0.397286 -0.917695 -0.000000 0.846543 -0.532320 0.000000 
0.465488 0.885054 0.000000 0.864699 0.502291 0.000000 -0.998613 0.052648 0.000000 -0.883828 0.467812 0.000000 -0.345193 -0.938532 -0.000000 0.837255 -0.546812 0.000000 
0.481583 0.876400 0.000000 0.868108 0.496375 0.000000 -0.997170 0.075185 0.000000 -0.880807 0.473475 0.000000 -0.324425 -0.945911 -0.000000 0.832871 -0.553467 0.000000 
0.494508 0.869173 0.000000 0.870430 0.492292 0.000000 -0.994555 0.104215 0.000000 -0.875779 0.482713 0.000000 -0.332878 -0.942970 -0.000000 0.825823 -0.563929 0.000000 
0.495064 0.868856 0.000000 0.870921 0.491423 0.000000 -0.993777 0.111384 0.000000 -0.873676 0.486509 0.000000 -0.359331 -0.933210 -0.000000 0.824021 -0.566559 0.000000 
0.490588 0.871392 0.000000 0.871097 0.491111 0.000000 -0.993317 0.115415 0.000000 -0.871942 0.489609 0.000000 -0.405217 -0.914221 -0.000000 0.823614 -0.567151 0.000000 
0.489006 0.872280 0.000000 0.867263 0.497850 0.000000 -0.993190 0.116503 0.000000 -0.871834 0.489802 0.000000 -0.453071 -0.891475 -0.000000 0.824658 -0.565631 0.000000 
0.482221 0.876049 0.000000 0.863492 0.504363 0.000000 -0.993366 0.114996 0.000000 -0.872781 0.488112 0.000000 -0.483314 -0.875447 -0.000000 0.827047 -0.562132 0.000000 
0.472192 0.881495 0.000000 0.859606 0.510957 0.000000 -0.993468 0.114107 0.000000 -0.873950 0.486016 0.000000 -0.500626 -0.865664 -0.000000 0.829557 -0.558423 0.000000 
0.461523 0.887128 0.000000 0.856103 0.516805 0.000000 -0.993700 0.112074 0.000000 -0.875363 0.483466 0.000000 -0.510053 -0.860143 -0.000000 0.832358 -0.554239 0.000000 
