0.073556 0.082442 0.005155 0.273389 0.167651 0.005196 0.019982 0.209618 0.004600 0.217519 0.292423 0.004646 
0.073571 0.082439 0.005110 0.273405 0.167646 0.005107 0.019998 0.209615 0.004696 0.217536 0.292419 0.004697 
0.073519 0.082555 0.004976 0.273372 0.167716 0.004924 0.019975 0.209744 0.004802 0.217532 0.292502 0.004752 
0.073611 0.082558 0.004722 0.273476 0.167692 0.005055 0.020084 0.209754 0.004590 0.217652 0.292486 0.004919 
0.073625 0.082673 0.004416 0.273499 0.167785 0.004934 0.020112 0.209875 0.004564 0.217689 0.292585 0.005073 
0.073626 0.082674 0.004467 0.273500 0.167785 0.004933 0.020113 0.209876 0.004604 0.217690 0.292585 0.005062 
0.073627 0.082674 0.004513 0.273501 0.167786 0.004934 0.020114 0.209877 0.004639 0.217691 0.292586 0.005053 
0.073591 0.082659 0.004568 0.273467 0.167768 0.004855 0.020080 0.209861 0.004709 0.217658 0.292569 0.004990 
0.073614 0.082778 0.004245 0.273484 0.167898 0.004870 0.020095 0.209977 0.004650 0.217669 0.292695 0.005262 
0.073615 0.082779 0.004312 0.273485 0.167900 0.004880 0.020096 0.209978 0.004683 0.217669 0.292697 0.005239 
0.073654 0.082765 0.004370 0.273499 0.167944 0.004942 0.020098 0.209949 0.004695 0.217647 0.292725 0.005256 
0.073659 0.082769 0.004424 0.273475 0.168012 0.005361 0.020061 0.209935 0.004731 0.217581 0.292775 0.005652 
0.073653 0.082767 0.004473 0.273466 0.168013 0.005723 0.020053 0.209932 0.004763 0.217571 0.292774 0.005993 
0.073615 0.082758 0.004535 0.273452 0.167941 0.006275 0.020054 0.209939 0.004789 0.217594 0.292719 0.006502 
0.073551 0.082881 0.004126 0.273472 0.167870 0.005707 0.020112 0.210113 0.004722 0.217734 0.292701 0.006275 
0.073423 0.083144 0.003824 0.273454 0.167879 0.004952 0.020145 0.210441 0.004728 0.217875 0.292780 0.005831 
0.073414 0.083142 0.003933 0.273466 0.167826 0.004986 0.020169 0.210454 0.004748 0.217920 0.292742 0.005779 
0.073559 0.083035 0.003954 0.273604 0.167733 0.005302 0.020306 0.210345 0.004393 0.218049 0.292646 0.005718 
0.074613 0.083667 0.004051 0.273113 0.171902 0.006553 0.019105 0.210011 0.004491 0.215346 0.295807 0.006953 
0.075008 0.083769 0.004146 0.272341 0.174442 0.009804 0.017927 0.209410 0.004569 0.213032 0.297617 0.010144 
0.075029 0.083666 0.004408 0.273317 0.172307 0.008702 0.019255 0.209893 0.004636 0.215290 0.296092 0.008867 
0.075174 0.083814 0.004464 0.273606 0.172235 0.004920 0.019555 0.210110 0.004621 0.215730 0.296091 0.005069 
0.075173 0.083814 0.004514 0.273605 0.172236 0.004957 0.019553 0.210109 0.004652 0.215728 0.296091 0.005087 
0.079214 0.082990 0.004645 0.274639 0.177833 0.007423 0.019502 0.207402 0.004691 0.212751 0.299733 0.007430 
0.083175 0.082520 0.004800 0.274883 0.184681 0.007043 0.018805 0.204588 0.004922 0.208434 0.304156 0.007133 
0.084076 0.082834 0.004532 0.275449 0.185642 0.005212 0.019299 0.204685 0.004214 0.208601 0.304895 0.004887 
0.083366 0.082652 0.004574 0.275717 0.183616 0.005525 0.019763 0.205121 0.004285 0.210019 0.303505 0.005225 
0.081605 0.081841 0.004665 0.275913 0.178941 0.007792 0.020459 0.205555 0.004349 0.212620 0.300118 0.007436 
0.081238 0.081653 0.004791 0.275849 0.178031 0.010426 0.020543 0.205588 0.004406 0.212999 0.299437 0.009965 
0.081632 0.081870 0.004919 0.275688 0.179196 0.012899 0.020319 0.205501 0.004459 0.212234 0.300287 0.012330 
0.082716 0.082427 0.004988 0.275476 0.182136 0.014762 0.019870 0.205285 0.004446 0.210521 0.302429 0.014088 
0.083274 0.082716 0.005048 0.275292 0.183676 0.016441 0.019612 0.205153 0.004470 0.209540 0.303535 0.015709 
0.083142 0.082646 0.005149 0.275152 0.183366 0.018622 0.019607 0.205149 0.004515 0.209525 0.303292 0.017805 
-0.300089 -0.186265 0.006086 0.275036 0.184166 0.021120 0.208981 0.303856 0.020192 -0.449539 -0.032835 0.004984 -0.350516 0.063282 0.005197 
-0.300329 -0.185699 0.004985 0.275127 0.186750 0.022788 0.207723 0.305685 0.021758 -0.450709 -0.033174 0.004930 -0.352270 0.063538 0.005768 
-0.300338 -0.185707 0.004976 0.275154 0.188821 0.024060 0.206722 0.307166 0.022932 -0.451734 -0.034191 0.004930 -0.353947 0.063175 0.006113 
-0.300343 -0.185687 0.004967 0.275140 0.190333 0.025160 0.206025 0.308276 0.023644 -0.452506 -0.034942 0.004931 -0.355215 0.062919 0.006274 
-0.300315 -0.185270 0.004962 0.275115 0.191165 0.025893 0.205655 0.308897 0.023855 -0.452893 -0.034945 0.004931 -0.355873 0.063184 0.006289 
-0.299817 -0.184774 0.004998 0.275157 0.191908 0.026002 0.205404 0.309458 0.023445 -0.452966 -0.035031 0.004956 -0.356319 0.063467 0.006180 
-0.299125 -0.184049 0.004998 0.275299 0.192952 0.025149 0.205127 0.310241 0.022115 -0.452986 -0.035037 0.004976 -0.356808 0.063921 0.006018 
-0.298624 -0.183527 0.005109 0.275476 0.193599 0.023626 0.205059 0.310732 0.020292 -0.452982 -0.035029 0.004974 -0.357134 0.064251 0.005754 
-0.298534 -0.183470 0.005700 0.275653 0.193655 0.021873 0.205287 0.310814 0.018357 -0.452991 -0.035077 0.004983 -0.357209 0.064270 0.005326 
-0.298714 -0.183663 0.006659 0.275783 0.193242 0.020337 0.205691 0.310559 0.016627 -0.453030 -0.035132 0.005011 -0.357155 0.064126 0.005022 
-0.299356 -0.184140 0.007895 0.275889 0.192613 0.019183 0.206295 0.310222 0.015361 -0.453346 -0.035287 0.005082 -0.357258 0.063764 0.004916 
-0.300628 -0.184392 0.009500 0.275883 0.191119 0.018273 0.207021 0.309150 0.014220 -0.453875 -0.034806 0.005349 -0.357302 0.063771 0.004931 
-0.302485 -0.184720 0.011759 0.275789 0.188841 0.017749 0.208013 0.307489 0.013424 -0.454615 -0.034050 0.006016 -0.357316 0.063805 0.004928 
-0.304413 -0.185005 0.014340 0.275654 0.186432 0.017349 0.209030 0.305719 0.012685 -0.455374 -0.033239 0.006866 -0.357324 0.063852 0.004930 
-0.306286 -0.185226 0.017033 0.275487 0.184002 0.016951 0.210025 0.303915 0.011906 -0.456103 -0.032432 0.007743 -0.357332 0.063903 0.004934 
-0.308198 -0.185409 0.019772 0.275301 0.181610 0.016542 0.210987 0.302126 0.011116 -0.456841 -0.031594 0.008627 -0.357339 0.063956 0.004939 
-0.314401 -0.186578 0.024723 0.272699 0.193656 0.019500 0.205672 0.312479 0.010650 -0.457392 -0.027801 0.009852 -0.354521 0.064055 0.004943 
-0.327740 -0.188099 0.027955 0.255953 0.231003 0.028690 0.181072 0.344919 0.018407 -0.461627 -0.021767 0.011046 -0.353777 0.064112 0.004943 
0.229257 0.275152 0.034863 0.145830 0.382838 0.023310 -0.338037 -0.188954 0.027990 -0.226095 -0.110730 0.021673 -0.465167 -0.017358 0.011539 -0.353964 0.064092 0.004925 
-0.347751 -0.189561 0.026351 -0.468631 -0.013367 0.011468 0.108305 0.427459 0.021880 -0.233068 -0.115413 0.020040 0.198226 0.324606 0.026901 
-0.347318 -0.190046 0.020896 -0.469091 -0.014135 0.010688 0.078695 0.434283 0.004610 -0.233018 -0.115255 0.015267 0.172485 0.334818 0.005024 
-0.356914 -0.204956 0.032072 -0.479870 -0.030092 0.018573 0.080457 0.437035 0.003602 -0.243149 -0.129695 0.022947 0.174072 0.337407 0.004257 
-0.374060 -0.232621 0.053728 -0.499600 -0.060150 0.034465 0.081119 0.437123 0.005578 -0.261530 -0.156496 0.038507 0.174443 0.337226 0.004618 
-0.389717 -0.254849 0.071057 -0.516538 -0.084150 0.045443 0.082701 0.431806 0.006662 -0.277878 -0.178985 0.050399 0.175042 0.330995 0.006718 
-0.403413 -0.267052 0.079950 -0.530960 -0.097171 0.052560 0.083570 0.431097 0.006495 -0.292108 -0.191613 0.055253 0.175455 0.329869 0.006529 
-0.414315 -0.271879 0.084012 -0.542513 -0.102357 0.057460 0.083767 0.431188 0.004963 -0.303568 -0.196596 0.056491 0.175624 0.329935 0.005066 
-0.425416 -0.276039 0.088931 -0.554237 -0.106771 0.063804 0.084104 0.431337 0.004996 -0.315289 -0.200870 0.058739 0.175858 0.329990 0.004955 
-0.436633 -0.282615 0.095956 -0.565957 -0.113614 0.071627 0.084145 0.431355 0.005018 -0.327159 -0.207804 0.062660 0.175879 0.329990 0.004969 
-0.445621 -0.290955 0.103167 -0.576083 -0.122752 0.079391 0.084148 0.431355 0.005014 -0.337127 -0.216130 0.066832 0.175881 0.329990 0.004970 
-0.453101 -0.299971 0.110565 -0.585053 -0.132852 0.087377 0.084149 0.431355 0.005060 -0.345805 -0.224924 0.071256 0.175882 0.329989 0.005018 
-0.459421 -0.309481 0.118913 -0.593431 -0.143888 0.096594 0.084150 0.431355 0.005089 -0.353654 -0.233826 0.076727 0.175882 0.329989 0.005048 
-0.461978 -0.316698 0.127719 -0.597407 -0.152268 0.105369 0.084131 0.431338 0.006065 -0.357249 -0.240728 0.083558 0.175863 0.329972 0.006039 
-0.460689 -0.318560 0.131949 -0.596731 -0.154652 0.109486 0.084124 0.431333 0.006410 -0.356372 -0.242421 0.087108 0.175856 0.329967 0.006381 
-0.457853 -0.317669 0.133368 -0.594473 -0.154195 0.111263 0.083998 0.431276 0.005212 -0.353874 -0.241167 0.088360 0.175789 0.329963 0.005240 
-0.455446 -0.316697 0.135278 0.083994 0.431282 0.004960 -0.078153 0.291332 0.004587 -0.592439 -0.153499 0.113437 -0.351709 -0.239986 0.090070 0.175784 0.329968 0.004963 
-0.454216 -0.316619 0.138174 0.083948 0.431214 0.004756 -0.078151 0.291209 0.004477 -0.591343 -0.153535 0.116320 -0.350633 -0.239960 0.092525 0.175772 0.329932 0.004955 
-0.452971 -0.316976 0.140687 0.083816 0.431345 0.004916 -0.078247 0.291298 0.004529 -0.590185 -0.153996 0.118602 -0.349480 -0.240402 0.094687 0.175667 0.330086 0.004831 
-0.451892 -0.317239 0.142607 0.083763 0.431453 0.005106 -0.078288 0.291394 0.004518 -0.588994 -0.154237 0.119995 -0.348341 -0.240875 0.096395 0.175622 0.330202 0.004806 
-0.450776 -0.317039 0.143746 0.083747 0.431456 0.005077 -0.078285 0.291374 0.004556 -0.587541 -0.153860 0.120389 -0.346999 -0.240995 0.097514 0.175620 0.330218 0.004817 
-0.450077 -0.316459 0.144201 0.083747 0.431458 0.005058 -0.078285 0.291375 0.004594 -0.586319 -0.152964 0.120013 -0.345952 -0.240824 0.098080 0.175620 0.330220 0.004825 
-0.450358 -0.315359 0.144040 0.083818 0.431388 0.004973 -0.078217 0.291309 0.004557 -0.586045 -0.151486 0.119288 -0.345892 -0.240103 0.098072 0.175689 0.330148 0.004888 
-0.451404 -0.313745 0.143235 0.083797 0.431443 0.005017 -0.078235 0.291361 0.004525 -0.586582 -0.149481 0.118300 -0.346649 -0.238777 0.097455 0.175670 0.330204 0.004940 
-0.452599 -0.312073 0.141943 -0.587227 -0.147372 0.116906 0.083803 0.431445 0.005008 -0.347530 -0.237386 0.096419 0.175672 0.330203 0.004938 
-0.453532 -0.310800 0.140395 -0.587790 -0.145775 0.115517 0.083798 0.431427 0.004950 -0.348255 -0.236242 0.095144 0.175660 0.330179 0.004884 
-0.454009 -0.310291 0.138522 -0.588075 -0.145090 0.113774 0.083962 0.431510 0.005035 -0.348594 -0.235741 0.093579 0.175771 0.330213 0.004875 
-0.454326 -0.310041 0.136261 -0.588263 -0.144720 0.111617 0.083963 0.431511 0.005027 -0.348788 -0.235444 0.091688 0.175772 0.330215 0.004882 
-0.454344 -0.310020 0.133663 -0.588266 -0.144661 0.109190 0.084009 0.431673 0.005363 -0.348730 -0.235280 0.089511 0.175774 0.330338 0.004868 
-0.454143 -0.310281 0.130893 -0.588226 -0.145009 0.106718 0.084010 0.431677 0.005323 -0.348544 -0.235270 0.087165 0.175775 0.330341 0.004874 
-0.453879 -0.310629 0.127999 -0.588156 -0.145470 0.104123 0.084011 0.431679 0.005291 -0.348309 -0.235323 0.084710 0.175776 0.330344 0.004882 
-0.453826 -0.310813 0.125062 -0.588193 -0.145694 0.101420 0.084011 0.431682 0.005277 -0.348232 -0.235287 0.082220 0.175776 0.330347 0.004904 
-0.454155 -0.310832 0.122300 -0.588490 -0.145663 0.098827 0.084007 0.431681 0.005438 -0.348480 -0.235179 0.079884 0.175772 0.330346 0.005099 
-0.454570 -0.310796 0.119788 -0.588838 -0.145557 0.096422 0.083998 0.431676 0.005854 -0.348790 -0.235041 0.077816 0.175764 0.330341 0.005548 
-0.454858 -0.310854 0.117362 -0.589031 -0.145537 0.093997 0.083984 0.431664 0.006516 -0.348947 -0.235022 0.075861 0.175750 0.330330 0.006238 
-0.455116 -0.310977 0.114924 -0.589202 -0.145592 0.091546 0.083966 0.431649 0.007250 -0.349077 -0.235063 0.073903 0.175733 0.330315 0.007002 
-0.455399 -0.311205 0.112497 -0.589405 -0.145758 0.089102 0.083945 0.431631 0.008053 -0.349235 -0.235208 0.071959 0.175713 0.330297 0.007831 
-0.455718 -0.311469 0.110001 -0.589652 -0.145964 0.086609 0.083921 0.431610 0.008895 -0.349435 -0.235377 0.069953 0.175688 0.330277 0.008698 
-0.456047 -0.311742 0.107384 -0.589911 -0.146177 0.084005 0.083892 0.431586 0.009774 -0.349644 -0.235550 0.067847 0.175660 0.330253 0.009597 
-0.456382 -0.312024 0.104623 -0.590172 -0.146397 0.081265 0.083860 0.431558 0.010693 -0.349856 -0.235727 0.065625 0.175628 0.330225 0.010536 
-0.456728 -0.312311 0.101708 -0.590440 -0.146619 0.078366 0.083823 0.431526 0.011660 -0.350073 -0.235907 0.063279 0.175591 0.330193 0.011525 
-0.457085 -0.312606 0.098612 -0.590714 -0.146844 0.075286 0.083780 0.431489 0.012680 -0.350294 -0.236090 0.060787 0.175548 0.330156 0.012571 
-0.457453 -0.312911 0.095311 -0.590993 -0.147075 0.072005 0.083730 0.431447 0.013761 -0.350520 -0.236277 0.058130 0.175499 0.330114 0.013678 
-0.457830 -0.313226 0.091781 -0.591276 -0.147311 0.068498 0.083673 0.431398 0.014912 -0.350749 -0.236468 0.055287 0.175441 0.330065 0.014855 
-0.458217 -0.313550 0.087994 -0.591563 -0.147551 0.064740 0.083606 0.431341 0.016140 -0.350981 -0.236662 0.052237 0.175375 0.330008 0.016111 
-0.458613 -0.313884 0.083922 -0.591852 -0.147794 0.060703 0.083529 0.431275 0.017456 -0.351215 -0.236858 0.048958 0.175297 0.329942 0.017453 
-0.459017 -0.314226 0.079537 -0.592142 -0.148039 0.056357 0.083439 0.431198 0.018868 -0.351449 -0.237056 0.045425 0.175208 0.329865 0.018893 
-0.459428 -0.314575 0.074804 -0.592430 -0.148282 0.051671 0.083335 0.431109 0.020387 -0.351681 -0.237252 0.041614 0.175103 0.329775 0.020439 
-0.459843 -0.314928 0.069690 -0.592712 -0.148522 0.046612 0.083214 0.431004 0.022024 -0.351909 -0.237446 0.037494 0.174981 0.329670 0.022104 
-0.460257 -0.315282 0.064155 -0.592983 -0.148754 0.041141 0.083073 0.430882 0.023790 -0.352127 -0.237632 0.033036 0.174839 0.329547 0.023899 
-0.460734 -0.315604 0.058039 -0.593262 -0.148878 0.035310 0.082908 0.430739 0.025701 -0.352379 -0.237767 0.028197 0.174673 0.329403 0.025840 
-0.461198 -0.316445 0.054342 -0.593687 -0.149399 0.033842 0.081851 0.430807 0.028948 -0.352781 -0.238160 0.025932 0.173971 0.329794 0.029106 
-0.460493 -0.317007 0.051343 -0.593494 -0.150133 0.032864 0.080257 0.431133 0.031778 -0.352318 -0.238052 0.023882 0.172992 0.330685 0.031996 
-0.459535 -0.317459 0.048635 -0.593208 -0.150917 0.032120 0.078672 0.431446 0.033962 -0.351704 -0.237793 0.021882 0.172022 0.331569 0.034187 
-0.458191 -0.317780 0.046154 -0.592746 -0.151779 0.031457 0.077262 0.431828 0.035432 -0.350811 -0.237298 0.020043 0.171188 0.332492 0.035612 
-0.456265 -0.317965 0.043900 -0.592068 -0.152840 0.030910 0.075575 0.432441 0.036106 -0.349529 -0.236463 0.018314 0.170234 0.333803 0.036292 
-0.454675 -0.318096 0.042012 -0.591500 -0.153709 0.030463 0.074197 0.432937 0.036615 -0.348479 -0.235759 0.016855 0.169456 0.334878 0.036768 
-0.453516 -0.318217 0.040385 -0.591075 -0.154358 0.030108 0.073263 0.433251 0.037052 -0.347723 -0.235261 0.015568 0.168925 0.335585 0.037146 
-0.452667 -0.318324 0.039011 -0.590753 -0.154844 0.029839 0.072610 0.433466 0.037364 -0.347177 -0.234907 0.014451 0.168547 0.336071 0.037458 
-0.452109 -0.318409 0.037975 -0.590535 -0.155171 0.029657 0.072209 0.433581 0.037622 -0.346822 -0.234685 0.013588 0.168307 0.336344 0.037703 
-0.451918 -0.318485 0.037306 -0.590446 -0.155304 0.029582 0.072098 0.433582 0.037806 -0.346711 -0.234639 0.012989 0.168235 0.336384 0.037857 
-0.451945 -0.318538 0.036975 -0.590438 -0.155312 0.029592 0.072095 0.433569 0.037897 -0.346741 -0.234692 0.012648 0.168234 0.336372 0.037903 
-0.452090 -0.318574 0.036871 -0.590476 -0.155250 0.029650 0.072105 0.433560 0.037931 -0.346847 -0.234793 0.012488 0.168244 0.336364 0.037886 
-0.452319 -0.318598 0.036927 -0.590544 -0.155135 0.029749 0.072136 0.433554 0.037906 -0.347008 -0.234931 0.012450 0.168271 0.336354 0.037803 
-0.452685 -0.318618 0.037126 -0.590660 -0.154946 0.029899 0.072618 0.433436 0.037813 -0.347260 -0.235137 0.012506 0.168577 0.336062 0.037637 
-0.453248 -0.318630 0.037547 -0.590844 -0.154649 0.030113 0.073410 0.433237 0.037696 -0.347642 -0.235439 0.012721 0.169076 0.335576 0.037408 
-0.453871 -0.318625 0.038120 -0.591051 -0.154311 0.030365 0.074269 0.433016 0.037578 -0.348064 -0.235762 0.013052 0.169624 0.335053 0.037101 
-0.454568 -0.318609 0.038811 -0.591284 -0.153927 0.030646 0.075180 0.432780 0.037451 -0.348536 -0.236117 0.013474 0.170206 0.334498 0.036758 
-0.455337 -0.318583 0.039589 -0.591541 -0.153503 0.030950 0.076116 0.432537 0.037294 -0.349056 -0.236503 0.013961 0.170802 0.333930 0.036380 
-0.456110 -0.318549 0.040397 -0.591798 -0.153070 0.031263 0.077008 0.432316 0.037050 -0.349580 -0.236886 0.014468 0.171373 0.333403 0.035929 
-0.456853 -0.318505 0.041209 -0.592043 -0.152648 0.031578 0.077824 0.432126 0.036731 -0.350085 -0.237249 0.014978 0.171894 0.332934 0.035450 
-0.457552 -0.318455 0.042002 -0.592273 -0.152245 0.031880 0.078524 0.431971 0.036384 -0.350562 -0.237587 0.015482 0.172336 0.332536 0.035030 
-0.458229 -0.318401 0.042771 -0.592497 -0.151856 0.032162 0.079198 0.431819 0.036059 -0.351023 -0.237909 0.015981 0.172763 0.332153 0.034606 
-0.458611 -0.318338 0.043381 -0.592628 -0.151618 0.032366 0.079742 0.431711 0.035680 -0.351284 -0.238073 0.016397 0.173110 0.331861 0.034166 
-0.458870 -0.318270 0.043937 -0.592716 -0.151438 0.032544 0.080139 0.431655 0.035240 -0.351458 -0.238174 0.016785 0.173365 0.331672 0.033727 
-0.459046 -0.318200 0.044446 -0.592779 -0.151302 0.032686 0.080392 0.431640 0.034821 -0.351575 -0.238229 0.017161 0.173523 0.331567 0.033399 
-0.459188 -0.318131 0.044918 -0.592833 -0.151188 0.032802 0.080576 0.431637 0.034451 -0.351667 -0.238265 0.017524 0.173637 0.331499 0.033127 
-0.459249 -0.318063 0.045333 -0.592860 -0.151117 0.032895 0.080635 0.431665 0.034130 -0.351704 -0.238259 0.017854 0.173670 0.331500 0.032958 
-0.459273 -0.318002 0.045683 -0.592880 -0.151075 0.032938 0.080606 0.431709 0.033869 -0.351712 -0.238233 0.018167 0.173646 0.331547 0.032872 
-0.459323 -0.317946 0.046023 -0.592911 -0.151028 0.032958 0.080605 0.431724 0.033765 -0.351735 -0.238216 0.018493 0.173644 0.331561 0.032825 
-0.459346 -0.317894 0.046318 -0.592932 -0.150998 0.032965 0.080602 0.431738 0.033678 -0.351741 -0.238189 0.018785 0.173640 0.331573 0.032792 
-0.459371 -0.317848 0.046578 -0.592953 -0.150970 0.032967 0.080597 0.431750 0.033605 -0.351748 -0.238166 0.019049 0.173635 0.331585 0.032773 
-0.459404 -0.317805 0.046826 -0.592977 -0.150941 0.032965 0.080592 0.431759 0.033551 -0.351762 -0.238148 0.019302 0.173630 0.331593 0.032760 
-0.459446 -0.317763 0.047078 -0.593003 -0.150906 0.032967 0.080588 0.431768 0.033497 -0.351781 -0.238134 0.019556 0.173626 0.331602 0.032744 
-0.459497 -0.317718 0.047343 -0.593032 -0.150866 0.032974 0.080587 0.431775 0.033449 -0.351807 -0.238124 0.019819 0.173625 0.331609 0.032722 
-0.459543 -0.317674 0.047603 -0.593059 -0.150828 0.032983 0.080592 0.431784 0.033390 -0.351831 -0.238113 0.020074 0.173627 0.331615 0.032697 
-0.459581 -0.317631 0.047850 -0.593082 -0.150794 0.032995 0.080591 0.431799 0.033293 -0.351849 -0.238099 0.020313 0.173623 0.331626 0.032681 
-0.459615 -0.317587 0.048093 -0.593103 -0.150761 0.033010 0.080585 0.431819 0.033174 -0.351865 -0.238083 0.020545 0.173614 0.331643 0.032668 
-0.459653 -0.317545 0.048333 -0.593125 -0.150726 0.033027 0.080584 0.431838 0.033054 -0.351884 -0.238071 0.020771 0.173607 0.331657 0.032653 
-0.459686 -0.317506 0.048556 -0.593145 -0.150695 0.033043 0.080579 0.431857 0.032938 -0.351901 -0.238059 0.020982 0.173600 0.331673 0.032642 
-0.459717 -0.317468 0.048766 -0.593163 -0.150666 0.033058 0.080573 0.431877 0.032826 -0.351916 -0.238046 0.021180 0.173591 0.331689 0.032632 
-0.459745 -0.317432 0.048964 -0.593180 -0.150638 0.033072 0.080568 0.431895 0.032719 -0.351930 -0.238034 0.021368 0.173582 0.331705 0.032623 
-0.459772 -0.317398 0.049153 -0.593196 -0.150612 0.033086 0.080563 0.431913 0.032617 -0.351943 -0.238022 0.021546 0.173575 0.331720 0.032614 
-0.459798 -0.317365 0.049334 -0.593212 -0.150587 0.033098 0.080558 0.431929 0.032521 -0.351956 -0.238010 0.021717 0.173567 0.331733 0.032606 
-0.459823 -0.317333 0.049510 -0.593226 -0.150562 0.033112 0.080555 0.431944 0.032429 -0.351969 -0.237999 0.021882 0.173561 0.331746 0.032597 
-0.459882 -0.317302 0.049700 -0.593252 -0.150521 0.033131 0.080576 0.431939 0.032401 -0.352004 -0.238005 0.022055 0.173574 0.331733 0.032568 
-0.459937 -0.317272 0.049878 -0.593276 -0.150482 0.033152 0.080591 0.431936 0.032375 -0.352038 -0.238011 0.022215 0.173583 0.331725 0.032543 
-0.459986 -0.317245 0.050039 -0.593297 -0.150447 0.033171 0.080604 0.431934 0.032351 -0.352068 -0.238015 0.022359 0.173591 0.331718 0.032520 
-0.460028 -0.317221 0.050180 -0.593315 -0.150417 0.033189 0.080615 0.431932 0.032329 -0.352094 -0.238019 0.022484 0.173598 0.331712 0.032501 
-0.460060 -0.317201 0.050296 -0.593329 -0.150393 0.033203 0.080653 0.431919 0.032304 -0.352113 -0.238020 0.022588 0.173619 0.331683 0.032478 
-0.460086 -0.317185 0.050391 -0.593341 -0.150373 0.033215 0.080674 0.431912 0.032285 -0.352129 -0.238022 0.022673 0.173631 0.331669 0.032461 
-0.460105 -0.317172 0.050465 -0.593349 -0.150359 0.033225 0.080702 0.431902 0.032267 -0.352140 -0.238022 0.022738 0.173647 0.331647 0.032446 
-0.460118 -0.317163 0.050517 -0.593355 -0.150349 0.033231 0.080719 0.431897 0.032255 -0.352148 -0.238022 0.022785 0.173656 0.331635 0.032436 
-0.460126 -0.317157 0.050549 -0.593359 -0.150342 0.033235 0.080732 0.431892 0.032247 -0.352153 -0.238022 0.022813 0.173663 0.331624 0.032429 
-0.460129 -0.317155 0.050563 -0.593360 -0.150340 0.033237 0.080741 0.431889 0.032241 -0.352155 -0.238022 0.022826 0.173668 0.331617 0.032425 
-0.460129 -0.317155 0.050563 -0.593360 -0.150340 0.033237 0.080742 0.431888 0.032241 -0.352155 -0.238022 0.022825 0.173669 0.331617 0.032425 
-0.460128 -0.317156 0.050557 -0.593360 -0.150341 0.033237 0.080742 0.431888 0.032244 -0.352154 -0.238022 0.022819 0.173669 0.331616 0.032423 
-0.460127 -0.317157 0.050550 -0.593359 -0.150342 0.033237 0.080743 0.431887 0.032246 -0.352154 -0.238023 0.022813 0.173670 0.331615 0.032422 
-0.460127 -0.317158 0.050544 -0.593359 -0.150343 0.033237 0.080744 0.431886 0.032249 -0.352154 -0.238024 0.022806 0.173670 0.331614 0.032421 
-0.460126 -0.317159 0.050538 -0.593358 -0.150343 0.033237 0.080744 0.431885 0.032252 -0.352153 -0.238024 0.022801 0.173671 0.331613 0.032420 
-0.460125 -0.317160 0.050533 -0.593358 -0.150344 0.033237 0.080745 0.431885 0.032254 -0.352153 -0.238025 0.022795 0.173671 0.331613 0.032419 
-0.460125 -0.317161 0.050528 -0.593357 -0.150345 0.033237 0.080745 0.431884 0.032256 -0.352153 -0.238025 0.022790 0.173672 0.331612 0.032418 
-0.460124 -0.317162 0.050524 -0.593357 -0.150345 0.033237 0.080746 0.431884 0.032258 -0.352153 -0.238026 0.022786 0.173672 0.331612 0.032417 
-0.460124 -0.317163 0.050520 -0.593357 -0.150346 0.033238 0.080746 0.431883 0.032260 -0.352153 -0.238026 0.022782 0.173673 0.331611 0.032416 
-0.460123 -0.317164 0.050517 -0.593356 -0.150346 0.033238 0.080747 0.431883 0.032261 -0.352152 -0.238026 0.022779 0.173673 0.331611 0.032415 
-0.460123 -0.317164 0.050514 -0.593356 -0.150347 0.033238 0.080747 0.431882 0.032263 -0.352152 -0.238027 0.022775 0.173674 0.331610 0.032414 
-0.460123 -0.317165 0.050511 -0.593356 -0.150347 0.033238 0.080747 0.431882 0.032264 -0.352152 -0.238027 0.022772 0.173674 0.331610 0.032414 
-0.460122 -0.317165 0.050509 -0.593356 -0.150347 0.033238 0.080748 0.431882 0.032265 -0.352152 -0.238027 0.022770 0.173674 0.331610 0.032413 
-0.460122 -0.317166 0.050507 -0.593356 -0.150348 0.033239 0.080748 0.431881 0.032266 -0.352152 -0.238028 0.022767 0.173675 0.331609 0.032413 
-0.460122 -0.317166 0.050505 -0.593356 -0.150348 0.033239 0.080751 0.431880 0.032267 -0.352152 -0.238028 0.022765 0.173676 0.331607 0.032411 
-0.460122 -0.317166 0.050505 -0.593356 -0.150348 0.033240 0.080754 0.431879 0.032267 -0.352152 -0.238028 0.022765 0.173678 0.331604 0.032410 
-0.460122 -0.317166 0.050507 -0.593356 -0.150347 0.033241 0.080759 0.431877 0.032266 -0.352153 -0.238028 0.022765 0.173681 0.331600 0.032408 
-0.460124 -0.317165 0.050513 -0.593356 -0.150345 0.033245 0.080765 0.431874 0.032264 -0.352154 -0.238029 0.022768 0.173685 0.331596 0.032405 
-0.460127 -0.317163 0.050524 -0.593356 -0.150342 0.033252 0.080772 0.431872 0.032261 -0.352156 -0.238030 0.022771 0.173689 0.331591 0.032401 
-0.460130 -0.317161 0.050537 -0.593357 -0.150338 0.033261 0.080780 0.431869 0.032257 -0.352159 -0.238032 0.022776 0.173693 0.331584 0.032396 
-0.460133 -0.317158 0.050552 -0.593357 -0.150334 0.033270 0.080788 0.431866 0.032252 -0.352161 -0.238033 0.022781 0.173698 0.331578 0.032390 
-0.460135 -0.317155 0.050567 -0.593358 -0.150330 0.033280 0.080796 0.431863 0.032247 -0.352164 -0.238034 0.022787 0.173702 0.331573 0.032384 
-0.460138 -0.317153 0.050582 -0.593358 -0.150326 0.033291 0.080803 0.431861 0.032241 -0.352166 -0.238035 0.022792 0.173707 0.331568 0.032378 
-0.460141 -0.317150 0.050598 -0.593358 -0.150321 0.033301 0.080810 0.431859 0.032236 -0.352169 -0.238037 0.022797 0.173711 0.331563 0.032373 
-0.460145 -0.317147 0.050613 -0.593359 -0.150317 0.033311 0.080816 0.431857 0.032232 -0.352172 -0.238038 0.022802 0.173714 0.331558 0.032368 
-0.460148 -0.317145 0.050627 -0.593359 -0.150312 0.033321 0.080822 0.431855 0.032228 -0.352175 -0.238040 0.022807 0.173718 0.331554 0.032364 
-0.460151 -0.317142 0.050640 -0.593360 -0.150308 0.033329 0.080827 0.431853 0.032224 -0.352177 -0.238041 0.022812 0.173721 0.331550 0.032360 
-0.460154 -0.317140 0.050653 -0.593360 -0.150305 0.033338 0.080832 0.431852 0.032220 -0.352180 -0.238042 0.022816 0.173724 0.331547 0.032356 
-0.460156 -0.317138 0.050665 -0.593360 -0.150301 0.033346 0.080834 0.431852 0.032216 -0.352181 -0.238043 0.022820 0.173725 0.331547 0.032352 
-0.460157 -0.317136 0.050677 -0.593360 -0.150298 0.033355 0.080835 0.431852 0.032212 -0.352183 -0.238044 0.022823 0.173726 0.331547 0.032347 
-0.460158 -0.317133 0.050690 -0.593360 -0.150295 0.033364 0.080836 0.431852 0.032208 -0.352184 -0.238044 0.022828 0.173726 0.331546 0.032343 
-0.460160 -0.317131 0.050705 -0.593359 -0.150292 0.033373 0.080838 0.431851 0.032207 -0.352185 -0.238045 0.022833 0.173728 0.331545 0.032341 
-0.460164 -0.317127 0.050722 -0.593360 -0.150287 0.033382 0.080843 0.431848 0.032213 -0.352189 -0.238046 0.022842 0.173730 0.331540 0.032347 
-0.460173 -0.317124 0.050741 -0.593363 -0.150280 0.033390 0.080850 0.431843 0.032228 -0.352195 -0.238049 0.022853 0.173733 0.331531 0.032359 
-0.460184 -0.317122 0.050760 -0.593367 -0.150273 0.033395 0.080862 0.431834 0.032250 -0.352203 -0.238054 0.022868 0.173739 0.331517 0.032375 
-0.460199 -0.317119 0.050781 -0.593373 -0.150265 0.033398 0.080876 0.431824 0.032276 -0.352213 -0.238059 0.022886 0.173746 0.331500 0.032395 
-0.460215 -0.317117 0.050803 -0.593379 -0.150256 0.033400 0.080889 0.431814 0.032305 -0.352223 -0.238065 0.022905 0.173752 0.331483 0.032420 
-0.460232 -0.317114 0.050826 -0.593385 -0.150247 0.033402 0.080902 0.431804 0.032333 -0.352234 -0.238070 0.022927 0.173758 0.331466 0.032446 
-0.460249 -0.317110 0.050851 -0.593392 -0.150238 0.033403 0.080916 0.431794 0.032361 -0.352245 -0.238076 0.022951 0.173764 0.331449 0.032472 
-0.460267 -0.317106 0.050880 -0.593399 -0.150228 0.033406 0.080929 0.431784 0.032386 -0.352256 -0.238081 0.022977 0.173770 0.331433 0.032496 
-0.460284 -0.317102 0.050911 -0.593405 -0.150218 0.033410 0.080941 0.431776 0.032408 -0.352267 -0.238086 0.023005 0.173775 0.331418 0.032519 
-0.460301 -0.317096 0.050946 -0.593412 -0.150208 0.033415 0.080952 0.431768 0.032425 -0.352278 -0.238090 0.023036 0.173780 0.331405 0.032540 
-0.460317 -0.317090 0.050984 -0.593418 -0.150197 0.033421 0.080962 0.431762 0.032439 -0.352288 -0.238094 0.023068 0.173784 0.331393 0.032559 
-0.460332 -0.317084 0.051025 -0.593424 -0.150187 0.033428 0.080971 0.431756 0.032448 -0.352298 -0.238097 0.023103 0.173788 0.331382 0.032575 
