-0.001521 -0.001208 0.999998 -0.001069 0.001334 0.999999 -0.001013 0.001323 0.999999 -0.001505 -0.001211 0.999998 
-0.001379 -0.001095 0.999998 -0.000959 0.001196 0.999999 -0.000908 0.001186 0.999999 -0.001365 -0.001098 0.999998 
-0.001725 -0.001370 0.999998 -0.000820 0.001023 0.999999 -0.000767 0.001002 0.999999 -0.001710 -0.001376 0.999998 
-0.004304 -0.003415 0.999985 0.000172 -0.000214 1.000000 0.000241 -0.000315 1.000000 -0.004285 -0.003442 0.999985 
-0.004702 -0.003731 0.999982 0.000679 -0.000848 0.999999 0.000741 -0.000969 0.999999 -0.004684 -0.003764 0.999982 
-0.006695 -0.005303 0.999964 0.002331 -0.002916 0.999993 0.002380 -0.003118 0.999992 -0.006680 -0.005359 0.999963 
-0.006026 -0.004774 0.999970 0.002109 -0.002639 0.999994 0.002154 -0.002821 0.999994 -0.006013 -0.004823 0.999970 
-0.004633 -0.003669 0.999983 0.002561 -0.003204 0.999992 0.002568 -0.003365 0.999991 -0.004630 -0.003713 0.999982 
-0.004209 -0.003334 0.999986 0.002352 -0.002943 0.999993 0.002358 -0.003090 0.999992 -0.004207 -0.003374 0.999985 
-0.007141 -0.005658 0.999958 0.005041 -0.006305 0.999967 0.005021 -0.006576 0.999966 -0.007145 -0.005732 0.999958 
-0.006444 -0.005105 0.999966 0.004580 -0.005729 0.999973 0.004562 -0.005974 0.999972 -0.006447 -0.005173 0.999966 
-0.005820 -0.004611 0.999972 0.004658 -0.005827 0.999972 0.004627 -0.006060 0.999971 -0.005827 -0.004675 0.999972 
-0.005256 -0.004164 0.999978 0.006145 -0.007686 0.999952 0.006062 -0.007939 0.999950 -0.005277 -0.004234 0.999977 
-0.004776 -0.003718 0.999982 0.011036 -0.014045 0.999840 0.010800 -0.014393 0.999838 -0.004839 -0.003815 0.999981 
-0.004627 -0.003583 0.999983 0.015109 -0.019332 0.999699 0.014750 -0.019766 0.999696 -0.004724 -0.003704 0.999982 
-0.004608 -0.003587 0.999983 0.019991 -0.025442 0.999476 0.019493 -0.025982 0.999472 -0.004741 -0.003737 0.999982 
-0.004309 -0.003404 0.999985 0.019362 -0.024287 0.999518 0.018887 -0.024807 0.999514 -0.004437 -0.003548 0.999984 
-0.001961 -0.001591 0.999997 0.008834 -0.010794 0.999903 0.008624 -0.011031 0.999902 -0.002018 -0.001657 0.999997 
-0.001563 -0.001267 0.999998 0.006859 -0.008388 0.999941 0.006697 -0.008573 0.999941 -0.001607 -0.001318 0.999998 
-0.001310 -0.001060 0.999999 0.006205 -0.007601 0.999952 0.006056 -0.007766 0.999952 -0.001350 -0.001106 0.999998 
-0.001076 -0.000865 0.999999 0.005948 -0.007336 0.999955 0.005801 -0.007490 0.999955 -0.001116 -0.000908 0.999999 
-0.001186 -0.000952 0.999999 0.005736 -0.007082 0.999958 0.005597 -0.007234 0.999958 -0.001223 -0.000994 0.999999 
-0.000831 -0.000675 0.999999 0.007644 0.006257 0.999951 0.023466 -0.029764 0.999281 -0.022069 0.079830 0.996564 0.004075 -0.005031 0.999979 -0.006003 0.036934 0.999300 
-0.000692 -0.000562 1.000000 0.015658 0.012989 0.999793 0.017335 -0.021703 0.999614 -0.015448 0.066277 0.997682 0.003330 -0.004112 0.999986 -0.003710 0.027744 0.999608 
-0.000591 -0.000480 1.000000 0.029609 0.024835 0.999253 0.019468 -0.024135 0.999519 -0.010731 0.058060 0.998255 0.002718 -0.003356 0.999991 -0.001320 0.013024 0.999914 
-0.000575 -0.000466 1.000000 0.044094 0.036960 0.998343 0.020069 -0.024930 0.999488 -0.007602 0.051889 0.998624 0.002349 -0.002905 0.999993 -0.000119 0.001591 0.999999 
-0.000502 -0.000407 1.000000 0.045949 0.038681 0.998195 0.017326 -0.021421 0.999620 -0.006506 0.047225 0.998863 0.001989 -0.002459 0.999995 0.000010 -0.000139 1.000000 
-0.000416 -0.000338 1.000000 0.049199 0.041538 0.997925 0.016633 -0.020507 0.999651 -0.007038 0.050001 0.998724 0.001705 -0.002108 0.999996 -0.000077 0.001068 0.999999 
-0.000339 -0.000275 1.000000 0.051833 0.043718 0.997698 0.015203 -0.018760 0.999708 -0.008055 0.054610 0.998475 0.001507 -0.001863 0.999997 -0.000355 0.004624 0.999989 
-0.000285 -0.000231 1.000000 0.054740 0.046024 0.997439 0.013818 -0.017104 0.999758 -0.009302 0.060411 0.998130 0.001406 -0.001738 0.999998 -0.000727 0.008954 0.999960 
-0.000234 -0.000190 1.000000 0.058426 0.049007 0.997088 0.012682 -0.015734 0.999796 -0.010423 0.065985 0.997766 0.001505 -0.001861 0.999997 -0.001062 0.012675 0.999919 
-0.000182 -0.000148 1.000000 0.062692 0.052512 0.996650 0.011969 -0.014872 0.999818 -0.011353 0.071324 0.997389 0.001578 -0.001951 0.999997 -0.001315 0.015560 0.999878 
-0.000116 -0.000094 1.000000 0.066964 0.055998 0.996183 0.011292 -0.014054 0.999837 -0.012191 0.076552 0.996991 0.001383 -0.001710 0.999998 -0.001532 0.018173 0.999834 
0.002327 0.001889 0.999996 0.070959 0.059225 0.995719 0.010428 -0.013004 0.999861 -0.012776 0.079566 0.996748 0.003367 -0.004164 0.999986 -0.001892 0.022247 0.999751 
0.002093 0.001699 0.999996 0.074977 0.062531 0.995223 0.009571 -0.011943 0.999883 -0.013433 0.084043 0.996372 0.003064 -0.003789 0.999988 -0.002054 0.024330 0.999702 
0.001885 0.001530 0.999997 0.078867 0.065797 0.994711 0.008886 -0.011083 0.999899 -0.013960 0.088195 0.996005 0.002791 -0.003452 0.999990 -0.002174 0.026090 0.999657 
0.001700 0.001380 0.999998 0.082645 0.069010 0.994187 0.008252 -0.010283 0.999913 -0.014360 0.091957 0.995659 0.002544 -0.003145 0.999992 -0.002258 0.027584 0.999617 
0.001534 0.001245 0.999998 0.086296 0.072135 0.993655 0.007617 -0.009481 0.999926 -0.014606 0.095162 0.995355 0.002319 -0.002868 0.999993 -0.002301 0.028746 0.999584 
0.001385 0.001124 0.999998 0.089838 0.075190 0.993114 0.006985 -0.008683 0.999938 -0.014679 0.097745 0.995103 0.002115 -0.002615 0.999994 -0.002295 0.029512 0.999562 
0.001249 0.001014 0.999999 0.093297 0.078198 0.992563 0.006369 -0.007904 0.999948 -0.014581 0.099723 0.994908 0.001928 -0.002384 0.999995 -0.002242 0.029868 0.999551 
0.001115 0.000905 0.999999 0.096649 0.081150 0.992005 0.005772 -0.007150 0.999958 -0.014396 0.101387 0.994743 0.001753 -0.002168 0.999996 -0.002169 0.030026 0.999547 
0.000991 0.000805 0.999999 0.099804 0.083937 0.991460 0.005061 -0.006257 0.999968 -0.014248 0.103025 0.994577 0.001592 -0.001969 0.999997 -0.002119 0.030380 0.999536 
0.000878 0.000712 0.999999 0.102763 0.086531 0.990935 0.004166 -0.005143 0.999978 -0.014157 0.104637 0.994410 0.001445 -0.001787 0.999997 -0.002101 0.030997 0.999517 
0.000774 0.000628 1.000000 0.105581 0.088994 0.990420 0.003157 -0.003891 0.999987 -0.014103 0.106221 0.994242 0.001310 -0.001620 0.999998 -0.002102 0.031785 0.999493 
0.000085 0.000069 1.000000 0.108267 0.091353 0.989916 0.002110 -0.002598 0.999994 -0.014087 0.107949 0.994057 0.001590 -0.001966 0.999997 -0.002111 0.032612 0.999466 
0.000069 0.000056 1.000000 0.110905 0.093659 0.989408 0.001064 -0.001309 0.999999 -0.014035 0.109422 0.993896 0.001417 -0.001752 0.999997 -0.002118 0.033470 0.999437 
0.000067 0.000054 1.000000 0.113495 0.095896 0.988900 0.000038 -0.000047 1.000000 -0.013969 0.110949 0.993728 0.001276 -0.001577 0.999998 -0.002121 0.034383 0.999406 
-0.000389 -0.000316 1.000000 0.116056 0.098087 0.988388 -0.000949 0.001164 0.999999 -0.013898 0.112729 0.993529 0.001108 -0.001370 0.999998 -0.002105 0.035141 0.999380 
0.000706 0.000573 1.000000 0.118500 0.100164 0.987889 -0.001937 0.002376 0.999995 -0.013812 0.113987 0.993386 0.000452 -0.000560 1.000000 -0.002120 0.036308 0.999338 
0.001513 0.001228 0.999998 0.121018 0.102298 0.987365 -0.002924 0.003584 0.999989 -0.013687 0.114856 0.993288 0.001266 -0.001566 0.999998 -0.002153 0.037770 0.999284 
0.001357 0.001101 0.999998 0.123624 0.104529 0.986808 -0.003849 0.004714 0.999981 -0.013572 0.116414 0.993108 0.001132 -0.001400 0.999998 -0.002125 0.038508 0.999256 
0.001366 0.001108 0.999998 0.126304 0.106833 0.986222 -0.004747 0.005808 0.999972 -0.013444 0.117833 0.992942 0.001160 -0.001435 0.999998 -0.002100 0.039294 0.999225 
0.001222 0.000992 0.999999 0.129055 0.109220 0.985604 -0.005595 0.006839 0.999961 -0.013310 0.119324 0.992766 0.001035 -0.001281 0.999999 -0.002062 0.039890 0.999202 
0.000587 0.000476 1.000000 0.131831 0.111604 0.984970 -0.006458 0.007887 0.999948 -0.013237 0.120993 0.992565 0.001937 -0.002397 0.999995 -0.002053 0.040876 0.999162 
0.001720 0.001395 0.999998 0.134426 0.113905 0.984355 -0.007205 0.008788 0.999935 -0.013119 0.120991 0.992567 0.003872 -0.004792 0.999981 -0.002099 0.042275 0.999104 
0.001544 0.001252 0.999998 0.137490 0.116617 0.983614 -0.007821 0.009525 0.999924 -0.012905 0.122340 0.992404 0.003286 -0.004068 0.999986 -0.002008 0.042184 0.999108 
0.002837 0.002300 0.999993 0.140645 0.119368 0.982838 -0.008340 0.010148 0.999914 -0.012691 0.123517 0.992261 0.001889 -0.002339 0.999995 -0.001933 0.042363 0.999100 
0.003414 0.002766 0.999990 0.143911 0.122200 0.982017 -0.008734 0.010618 0.999905 -0.012414 0.124854 0.992097 0.000776 -0.000961 0.999999 -0.001821 0.042189 0.999108 
0.003060 0.002479 0.999992 0.147486 0.125312 0.981094 -0.009048 0.010989 0.999899 -0.012059 0.126195 0.991932 0.000680 -0.000843 0.999999 -0.001684 0.041777 0.999126 
0.002738 0.002218 0.999994 0.151271 0.128612 0.980090 -0.009279 0.011260 0.999894 -0.011670 0.127565 0.991762 0.000593 -0.000735 1.000000 -0.001538 0.041270 0.999147 
0.002447 0.001982 0.999995 0.155252 0.132093 0.979004 -0.009426 0.011427 0.999890 -0.011253 0.128953 0.991587 0.000514 -0.000637 1.000000 -0.001387 0.040660 0.999172 
0.002187 0.001772 0.999996 0.159452 0.135777 0.977824 -0.009486 0.011488 0.999889 -0.010804 0.130370 0.991406 0.000444 -0.000550 1.000000 -0.001230 0.039950 0.999201 
0.002876 0.002330 0.999993 0.163732 0.139513 0.976590 -0.009541 0.011546 0.999888 -0.010428 0.131881 0.991211 0.000041 -0.000050 1.000000 -0.001107 0.039699 0.999211 
0.002604 0.002110 0.999994 0.168282 0.143549 0.975231 -0.009518 0.011503 0.999889 -0.009949 0.133298 0.991026 0.000037 -0.000046 1.000000 -0.000952 0.038828 0.999245 
0.001944 0.001575 0.999997 0.173285 0.147957 0.973695 -0.009457 0.011418 0.999890 -0.009403 0.135231 0.990770 0.000022 -0.000027 1.000000 -0.000780 0.037910 0.999281 
0.001763 0.001428 0.999997 0.178617 0.152665 0.972003 -0.009351 0.011277 0.999893 -0.008789 0.136997 0.990532 0.000025 -0.000031 1.000000 -0.000608 0.037026 0.999314 
0.001230 0.000997 0.999999 0.184197 0.157553 0.970180 -0.009246 0.011141 0.999895 -0.008155 0.139649 0.990168 -0.000994 0.001232 0.999999 -0.000427 0.035969 0.999353 
0.001981 0.001605 0.999997 0.190114 0.162746 0.968179 -0.009134 0.010997 0.999898 -0.007526 0.141241 0.989947 -0.000346 0.000429 1.000000 -0.000279 0.035689 0.999363 
0.001030 0.000834 0.999999 0.196468 0.168368 0.965947 -0.008967 0.010783 0.999902 -0.006774 0.143827 0.989580 -0.000126 0.000156 1.000000 -0.000101 0.034690 0.999398 
0.002810 0.002275 0.999993 0.203356 0.174386 0.963450 -0.008814 0.010591 0.999905 -0.006012 0.146116 0.989249 -0.000531 0.000657 1.000000 0.000067 0.034677 0.999399 
0.000101 0.000082 1.000000 0.210195 0.180529 0.960847 -0.008582 0.010296 0.999910 -0.005249 0.149625 0.988729 0.000113 -0.000140 1.000000 0.000226 0.033270 0.999446 
0.001881 0.001524 0.999997 0.218104 0.187539 0.957737 -0.008391 0.010056 0.999914 -0.004322 0.151901 0.988386 0.000690 -0.000854 0.999999 0.000408 0.033420 0.999441 
0.001709 0.001385 0.999998 0.226585 0.195092 0.954253 -0.008159 0.009765 0.999919 -0.003197 0.155166 0.987883 0.000637 -0.000789 0.999999 0.000607 0.032606 0.999468 
0.003827 0.003101 0.999988 0.235510 0.203065 0.950421 -0.007929 0.009477 0.999924 -0.002054 0.158762 0.987315 -0.001212 0.001501 0.999998 0.000809 0.032373 0.999476 
0.003492 0.002829 0.999990 0.244923 0.211685 0.946151 -0.007593 0.009055 0.999930 -0.000800 0.162735 0.986669 -0.001091 0.001352 0.999998 0.001005 0.031747 0.999495 
0.003156 0.002557 0.999992 0.254814 0.221622 0.941251 -0.007327 0.008683 0.999935 0.000616 0.165903 0.986142 -0.000966 0.001196 0.999999 0.001172 0.030393 0.999537 
0.001352 0.001095 0.999998 -0.006330 0.007436 0.999952 0.002189 0.169620 0.985507 0.264972 0.232740 0.935747 -0.000175 0.000216 1.000000 0.001291 0.028115 0.999604 
-0.002590 -0.002100 0.999994 -0.004928 0.005735 0.999971 0.004010 0.175400 0.984489 0.001475 -0.001827 0.999997 0.276031 0.245098 0.929373 0.001407 0.026004 0.999661 
-0.002200 -0.001784 0.999996 -0.003352 0.003860 0.999987 0.005892 0.179845 0.983677 0.001533 -0.001898 0.999997 0.287861 0.258910 0.922009 0.001516 0.024275 0.999704 
-0.001986 -0.001609 0.999997 -0.001432 0.001636 0.999998 0.008158 0.188633 0.982014 0.001419 -0.001757 0.999997 0.301180 0.273616 0.913469 0.001800 0.025057 0.999684 
-0.001439 -0.001167 0.999998 0.000072 -0.000082 1.000000 0.010398 0.197610 0.980226 0.001624 -0.002011 0.999997 0.314891 0.289365 0.903942 0.002140 0.026598 0.999644 
-0.001293 -0.001048 0.999999 0.002001 -0.002244 0.999995 0.012822 0.207991 0.978047 0.001486 -0.001840 0.999997 0.328916 0.306304 0.893304 0.002530 0.028408 0.999593 
0.000004 0.000003 1.000000 0.004461 -0.004947 0.999978 0.015340 0.218963 0.975613 0.001753 -0.002172 0.999996 0.343370 0.324882 0.881220 0.003026 0.031020 0.999514 
0.002028 0.001643 0.999997 0.007139 -0.007850 0.999944 0.018432 0.234226 0.972007 0.000238 -0.000295 1.000000 0.359401 0.344855 0.867125 0.003859 0.036104 0.999341 
0.002910 0.002358 0.999993 0.008757 -0.009580 0.999916 0.021815 0.252009 0.967479 0.000400 -0.000495 1.000000 0.377412 0.365738 0.850762 0.005117 0.044117 0.999013 
0.005224 0.004232 0.999977 0.010014 -0.010908 0.999890 0.025499 0.270570 0.962362 -0.000163 0.000202 1.000000 0.396440 0.387614 0.832221 0.006714 0.053567 0.998542 
0.010556 0.008551 0.999908 0.011488 -0.012473 0.999856 0.029525 0.288391 0.957058 -0.000161 0.000199 1.000000 0.416119 0.410527 0.811365 0.008693 0.064162 0.997902 
0.018595 0.015063 0.999714 0.013164 -0.014257 0.999812 0.033768 0.306757 0.951189 -0.000159 0.000197 1.000000 0.436206 0.434547 0.787968 0.011143 0.076447 0.997011 
0.028997 0.023489 0.999303 0.015073 -0.016291 0.999754 0.038090 0.326354 0.944480 -0.000156 0.000193 1.000000 0.456439 0.459791 0.761745 0.014125 0.090733 0.995775 
0.041713 0.033787 0.998558 0.017196 -0.018555 0.999680 0.042333 0.347596 0.936688 -0.000185 0.000229 1.000000 0.476520 0.486200 0.732488 0.017690 0.107282 0.994071 
0.056835 0.046035 0.997322 0.019459 -0.020976 0.999591 0.046343 0.370864 0.927530 -0.000211 0.000261 1.000000 0.496208 0.513756 0.699881 0.021894 0.126453 0.991731 
0.075117 0.060844 0.995317 0.021917 -0.023618 0.999481 0.049814 0.396268 0.916783 -0.000194 0.000240 1.000000 0.515122 0.542779 0.663355 0.026778 0.148679 0.988523 
0.096907 0.078497 0.992193 0.024448 -0.026360 0.999354 0.052371 0.424187 0.904059 -0.000158 0.000196 1.000000 0.532822 0.573249 0.622484 0.032344 0.174472 0.984131 
0.122726 0.099416 0.987449 0.027067 -0.029229 0.999206 0.053436 0.454828 0.888975 -0.000119 0.000148 1.000000 0.548428 0.605378 0.576840 0.038494 0.204228 0.978166 
0.153171 0.124087 0.980378 0.029751 -0.032212 0.999038 0.052105 0.488179 0.871187 -0.000065 0.000080 1.000000 0.560634 0.639459 0.526100 0.044963 0.238291 0.970152 
0.188769 0.153042 0.970023 0.032479 -0.035299 0.998849 0.047140 0.524062 0.850375 0.000148 -0.000184 1.000000 0.567411 0.676073 0.470075 0.051254 0.276923 0.959524 
0.230082 0.186700 0.955094 0.035235 -0.038487 0.998638 0.036861 0.562075 0.826264 0.000261 -0.000323 1.000000 0.565413 0.716461 0.408646 0.056589 0.320292 0.945627 
0.277464 0.225275 0.933951 0.037909 -0.041673 0.998412 0.018938 0.601071 0.798971 0.000461 -0.000570 1.000000 0.548755 0.762762 0.342143 0.059668 0.368317 0.927784 
0.331065 0.268994 0.904455 0.040418 -0.044789 0.998178 -0.009231 0.639383 0.768833 0.000611 -0.000756 1.000000 0.504930 0.819377 0.271416 0.058707 0.420548 0.905369 
0.391066 0.317968 0.863692 0.042652 -0.047779 0.997947 -0.050416 0.673906 0.737095 0.000692 -0.000856 0.999999 0.401885 0.893900 0.198573 0.051262 0.475833 0.878040 
0.445082 0.372291 0.814433 0.003332 -0.004031 0.999986 0.044566 0.658475 0.751282 0.054827 -0.062300 0.996550 -0.106632 0.700063 0.706075 
0.481741 0.439456 0.758158 0.020282 -0.023576 0.999516 -0.007199 0.686595 0.727004 -0.122041 0.513417 0.849417 0.078057 -0.089599 0.992914 
0.497350 0.497305 0.710866 0.039079 -0.044164 0.998260 -0.062959 0.682051 0.728589 -0.149074 0.466945 0.871630 0.095690 -0.107322 0.989609 
0.499736 0.547188 0.671454 0.059136 -0.066134 0.996057 -0.111109 0.655276 0.747173 -0.152607 0.379492 0.912522 0.109222 -0.117378 0.987063 
0.479965 0.602117 0.638035 0.084602 -0.092258 0.992135 -0.126160 0.663563 0.737406 -0.133670 0.321447 0.937446 -0.931074 -0.260537 0.255385 0.030924 -0.046721 0.998429 
0.441014 0.660543 0.607610 -0.815198 -0.198160 0.544229 -0.084813 0.184308 0.979202 0.113681 -0.120044 0.986238 -0.165353 0.654088 0.738124 
0.382361 0.714650 0.585727 -0.779850 -0.027238 0.625374 -0.083441 0.187018 0.978806 0.147138 -0.150648 0.977576 0.013621 -0.080901 0.996629 -0.314125 0.822837 0.473566 
-0.005615 -0.056211 0.998403 0.316156 0.759422 0.568616 0.179511 -0.180820 0.966995 -0.507045 0.720911 0.472432 -0.749819 0.147802 0.644923 -0.085080 0.192361 0.977629 
-0.014635 -0.060347 0.998070 0.244442 0.791949 0.559522 0.210346 -0.207872 0.955272 -0.591636 0.644494 0.484349 -0.698738 0.241754 0.673290 -0.076162 0.173923 0.981810 
-0.517262 0.460918 0.721107 -0.020421 -0.065141 0.997667 0.162473 0.814827 0.556471 -0.660902 0.279635 0.696429 -0.065296 0.139186 0.988111 
-0.553186 0.390017 0.736120 -0.023446 -0.056707 0.998116 0.066899 0.827550 0.557391 -0.609343 0.313101 0.728470 -0.066934 0.126763 0.989672 
-0.562650 0.335236 0.755673 -0.024427 -0.052072 0.998345 -0.030770 0.822228 0.568326 -0.566242 0.317857 0.760485 -0.060371 0.106159 0.992515 
-0.547768 0.287775 0.785580 -0.021351 -0.044853 0.998765 -0.538142 0.298142 0.788362 -0.130285 0.798250 0.588067 -0.045598 0.074730 0.996161 
-0.027980 -0.059841 0.997816 -0.510941 0.283987 0.811351 -0.503778 0.256203 0.824966 -0.519916 0.270602 0.810224 -0.182063 0.769840 0.611718 0.000366 -0.000582 1.000000 
-0.462659 0.249908 0.850584 -0.051614 -0.154625 0.986624 -0.510751 0.252602 0.821782 -0.196324 0.765439 0.612830 0.102380 -0.158866 0.981977 
-0.394136 0.267054 0.879397 -0.039077 -0.340297 0.939506 -0.520275 0.213084 0.826988 -0.131584 0.778651 0.613505 0.193222 -0.278018 0.940942 
-0.371733 0.255217 0.892569 0.023555 -0.256818 0.966173 -0.117780 0.782994 0.610777 -0.707866 0.159932 0.688003 0.210205 -0.255741 0.943616 
-0.358600 0.219291 0.907368 0.006146 -0.216987 0.976155 -0.077379 0.799922 0.595095 -0.702074 0.166580 0.692346 0.328301 -0.360848 0.872930 0.100682 -0.102868 0.989586 
-0.346582 0.195684 0.917382 0.028452 -0.278278 0.960079 -0.038366 0.801771 0.596399 0.318631 -0.353156 0.879634 -0.539885 0.059882 0.839606 0.011816 -0.009856 0.999882 
-0.320901 0.178772 0.930088 0.052984 -0.216805 0.974776 0.036550 0.781451 0.622895 0.311521 -0.362018 0.878577 -0.571613 -0.032230 0.819890 -0.022796 0.016214 0.999609 
-0.287624 0.160173 0.944255 0.080286 -0.164027 0.983183 0.121022 0.751239 0.648840 0.293554 -0.379576 0.877353 -0.621561 -0.174231 0.763744 -0.019254 0.011439 0.999749 
-0.274186 0.151904 0.949604 0.050699 -0.076751 0.995760 0.146723 0.724701 0.673261 0.294042 -0.405698 0.865418 -0.669983 -0.326236 0.666853 -0.030323 0.016080 0.999411 
-0.272475 0.142703 0.951522 -0.005623 0.012112 0.999911 0.113519 0.722105 0.682406 0.311938 -0.422500 0.850993 -0.831155 -0.371773 0.413482 -0.021940 0.010966 0.999699 
-0.258616 0.117156 0.958850 -0.005085 0.058832 0.998255 0.068682 0.735812 0.673694 0.324548 -0.422792 0.846118 -0.170835 0.076753 0.982306 
-0.254811 0.086604 0.963105 0.017482 0.072562 0.997211 0.847680 -0.377657 0.372577 0.017321 0.748956 0.662393 0.340153 -0.409670 0.846444 0.869874 -0.327263 0.369078 -0.172238 0.067634 0.982731 
0.083307 0.116535 0.989687 0.073737 -0.017010 0.997133 -0.286649 0.048689 0.956798 0.527596 -0.751971 0.395199 -0.064667 0.729483 0.680935 0.383224 -0.431663 0.816583 
0.033110 0.031750 0.998947 0.263883 0.037145 0.963839 -0.294824 0.015388 0.955428 0.543434 -0.799543 0.255754 -0.081585 0.699860 0.709606 0.420846 -0.430625 0.798405 
-0.095581 0.682358 0.724743 0.054176 -0.000916 0.998531 0.438342 -0.444896 0.780976 0.025701 0.008281 0.999635 0.566594 0.787983 0.240943 -0.185083 -0.147480 0.971594 
0.025458 0.000569 0.999676 -0.082315 0.815930 0.572261 -0.116971 0.697962 0.706517 0.418123 -0.462590 0.781783 -0.284176 -0.241425 0.927878 0.172614 0.020049 0.984785 
0.007312 0.000150 0.999973 -0.068918 0.755606 0.651390 -0.093957 0.723211 0.684206 0.389320 -0.451357 0.802936 -0.337403 -0.268933 0.902128 0.235659 0.023316 0.971556 
-0.090017 0.758198 0.645780 -0.005645 -0.000390 0.999984 0.353747 -0.434271 0.828415 0.332115 0.062278 0.941181 -0.002858 0.664060 0.747674 -0.444334 -0.302655 0.843189 
-0.104078 0.769166 0.630517 -0.026923 -0.003009 0.999633 0.341198 -0.434968 0.833299 0.326127 0.097990 0.940234 0.057717 0.599634 0.798190 -0.524970 -0.278051 0.804421 
-0.073900 0.768480 0.635593 -0.085005 -0.011007 0.996320 0.338217 -0.432383 0.835855 0.093107 0.550686 0.829503 -0.067630 -0.026093 0.997369 
-0.030963 0.754841 0.655177 -0.134469 -0.016372 0.990783 0.342581 -0.434454 0.833000 0.111456 0.503629 0.856701 -0.118205 -0.044172 0.992006 
-0.045383 0.739621 0.671491 -0.119340 -0.012861 0.992770 0.350557 -0.464376 0.813305 0.115050 0.480488 0.869422 -0.109950 -0.039213 0.993163 
-0.040571 0.742281 0.668859 -0.120258 -0.012533 0.992664 0.346419 -0.463328 0.815672 0.116199 0.477232 0.871061 -0.108720 -0.038219 0.993337 
-0.039714 0.742840 0.668290 -0.120268 -0.012514 0.992663 0.345914 -0.462513 0.816349 0.115624 0.478967 0.870185 -0.108600 -0.038186 0.993352 
-0.041137 0.743552 0.667411 -0.119811 -0.012528 0.992718 0.345965 -0.461596 0.816846 0.114659 0.481008 0.869186 -0.108043 -0.038057 0.993418 
-0.042469 0.744211 0.666593 -0.119565 -0.012623 0.992746 0.346080 -0.460619 0.817348 0.114098 0.482083 0.868664 -0.107544 -0.038007 0.993474 
-0.042881 0.744073 0.666721 -0.119564 -0.012683 0.992746 0.346428 -0.460518 0.817258 0.113797 0.482018 0.868740 -0.107573 -0.038077 0.993468 
-0.042838 0.743858 0.666964 -0.119568 -0.012679 0.992745 0.346566 -0.460729 0.817080 0.113664 0.481959 0.868790 -0.107690 -0.038111 0.993454 
-0.042830 0.743743 0.667092 -0.119625 -0.012673 0.992738 0.346572 -0.460975 0.816939 0.113725 0.481712 0.868919 -0.107795 -0.038130 0.993442 
-0.042977 0.743722 0.667106 -0.119567 -0.012662 0.992745 0.346598 -0.461056 0.816883 0.113790 0.481648 0.868946 -0.107755 -0.038111 0.993447 
-0.043103 0.743822 0.666987 -0.119572 -0.012659 0.992745 0.346508 -0.461064 0.816916 0.113869 0.481617 0.868953 -0.107717 -0.038091 0.993452 
-0.043229 0.743908 0.666882 -0.119575 -0.012656 0.992744 0.346434 -0.461073 0.816942 0.113944 0.481587 0.868959 -0.107684 -0.038074 0.993456 
-0.043345 0.743929 0.666851 -0.119578 -0.012656 0.992744 0.346455 -0.461049 0.816947 0.114007 0.481555 0.868969 -0.107681 -0.038072 0.993456 
-0.043386 0.743940 0.666837 -0.119576 -0.012650 0.992744 0.346438 -0.461080 0.816937 0.114041 0.481547 0.868969 -0.107682 -0.038066 0.993456 
-0.043409 0.743959 0.666814 -0.119566 -0.012649 0.992746 0.346419 -0.461084 0.816943 0.114055 0.481557 0.868962 -0.107666 -0.038060 0.993458 
-0.043419 0.743972 0.666799 -0.119554 -0.012648 0.992747 0.346407 -0.461083 0.816949 0.114059 0.481576 0.868950 -0.107651 -0.038054 0.993460 
-0.043429 0.743984 0.666785 -0.119543 -0.012647 0.992748 0.346395 -0.461081 0.816954 0.114063 0.481594 0.868940 -0.107637 -0.038050 0.993462 
-0.043437 0.743994 0.666773 -0.119533 -0.012646 0.992750 0.346385 -0.461081 0.816959 0.114065 0.481609 0.868932 -0.107624 -0.038045 0.993463 
-0.043445 0.744004 0.666761 -0.119524 -0.012645 0.992751 0.346376 -0.461080 0.816963 0.114068 0.481624 0.868923 -0.107612 -0.038041 0.993465 
-0.043451 0.744014 0.666750 -0.119517 -0.012644 0.992752 0.346367 -0.461078 0.816968 0.114071 0.481637 0.868915 -0.107603 -0.038038 0.993466 
-0.043456 0.744022 0.666740 -0.119510 -0.012644 0.992752 0.346359 -0.461076 0.816973 0.114073 0.481649 0.868908 -0.107594 -0.038035 0.993467 
-0.043460 0.744030 0.666731 -0.119504 -0.012643 0.992753 0.346352 -0.461074 0.816977 0.114075 0.481660 0.868902 -0.107586 -0.038032 0.993468 
-0.043386 0.744000 0.666770 -0.119521 -0.012646 0.992751 0.346432 -0.460953 0.817011 0.114073 0.481672 0.868895 -0.107608 -0.038042 0.993465 
-0.043390 0.744006 0.666762 -0.119516 -0.012646 0.992752 0.346426 -0.460952 0.817014 0.114075 0.481681 0.868890 -0.107601 -0.038040 0.993466 
-0.043394 0.744012 0.666756 -0.119511 -0.012645 0.992752 0.346421 -0.460951 0.817017 0.114076 0.481689 0.868886 -0.107595 -0.038038 0.993467 
-0.043343 0.744003 0.666769 -0.119512 -0.012643 0.992752 0.346415 -0.460955 0.817017 0.114076 0.481696 0.868882 -0.107600 -0.038038 0.993466 
-0.043321 0.743993 0.666782 -0.119521 -0.012646 0.992751 0.346471 -0.460863 0.817046 0.114076 0.481703 0.868878 -0.107608 -0.038044 0.993465 
-0.043323 0.743997 0.666777 -0.119518 -0.012646 0.992752 0.346467 -0.460862 0.817048 0.114077 0.481708 0.868875 -0.107603 -0.038042 0.993466 
-0.043326 0.744000 0.666773 -0.119515 -0.012645 0.992752 0.346463 -0.460862 0.817049 0.114078 0.481714 0.868872 -0.107599 -0.038041 0.993466 
-0.043318 0.744001 0.666773 -0.119517 -0.012646 0.992752 0.346478 -0.460829 0.817062 0.114078 0.481719 0.868869 -0.107599 -0.038041 0.993466 
-0.043321 0.744004 0.666769 -0.119514 -0.012646 0.992752 0.346475 -0.460829 0.817063 0.114078 0.481723 0.868866 -0.107595 -0.038040 0.993467 
-0.043322 0.744007 0.666766 -0.119512 -0.012646 0.992752 0.346472 -0.460828 0.817064 0.114079 0.481727 0.868864 -0.107592 -0.038039 0.993467 
-0.043324 0.744010 0.666763 -0.119510 -0.012646 0.992753 0.346470 -0.460828 0.817066 0.114080 0.481731 0.868862 -0.107589 -0.038038 0.993467 
-0.043326 0.744012 0.666761 -0.119508 -0.012645 0.992753 0.346468 -0.460828 0.817066 0.114080 0.481734 0.868860 -0.107587 -0.038037 0.993468 
-0.043327 0.744013 0.666758 -0.119506 -0.012645 0.992753 0.346466 -0.460828 0.817067 0.114081 0.481737 0.868859 -0.107585 -0.038036 0.993468 
-0.043328 0.744015 0.666757 -0.119504 -0.012645 0.992753 0.346464 -0.460828 0.817068 0.114081 0.481739 0.868857 -0.107583 -0.038036 0.993468 
-0.043328 0.744017 0.666754 -0.119503 -0.012645 0.992753 0.346462 -0.460827 0.817069 0.114081 0.481742 0.868856 -0.107581 -0.038035 0.993469 
-0.043312 0.744006 0.666767 -0.119498 -0.012642 0.992754 0.346461 -0.460845 0.817060 0.114081 0.481748 0.868852 -0.107583 -0.038034 0.993468 
-0.043294 0.743994 0.666782 -0.119492 -0.012639 0.992755 0.346461 -0.460863 0.817050 0.114081 0.481755 0.868849 -0.107586 -0.038033 0.993468 
-0.043294 0.743996 0.666780 -0.119492 -0.012639 0.992755 0.346459 -0.460863 0.817051 0.114081 0.481756 0.868848 -0.107585 -0.038033 0.993468 
-0.043240 0.743965 0.666818 -0.119499 -0.012639 0.992754 0.346523 -0.460785 0.817067 0.114078 0.481768 0.868842 -0.107604 -0.038039 0.993466 
-0.043239 0.743966 0.666817 -0.119499 -0.012639 0.992754 0.346522 -0.460784 0.817068 0.114078 0.481770 0.868841 -0.107603 -0.038039 0.993466 
-0.043192 0.743950 0.666837 -0.119520 -0.012644 0.992751 0.346609 -0.460632 0.817117 0.114077 0.481773 0.868839 -0.107619 -0.038049 0.993464 
-0.043192 0.743951 0.666836 -0.119519 -0.012644 0.992751 0.346608 -0.460632 0.817118 0.114077 0.481775 0.868838 -0.107618 -0.038049 0.993464 
-0.043193 0.743952 0.666835 -0.119518 -0.012644 0.992752 0.346608 -0.460631 0.817118 0.114077 0.481777 0.868837 -0.107617 -0.038048 0.993464 
-0.043165 0.743921 0.666872 -0.119507 -0.012639 0.992753 0.346619 -0.460667 0.817093 0.114075 0.481788 0.868831 -0.107626 -0.038049 0.993463 
-0.043165 0.743922 0.666871 -0.119506 -0.012639 0.992753 0.346618 -0.460666 0.817094 0.114075 0.481790 0.868830 -0.107626 -0.038049 0.993463 
-0.043103 0.743908 0.666891 -0.119511 -0.012635 0.992752 0.346616 -0.460668 0.817094 0.114071 0.481799 0.868826 -0.107637 -0.038050 0.993462 
-0.043071 0.743872 0.666932 -0.119500 -0.012629 0.992754 0.346629 -0.460708 0.817066 0.114070 0.481809 0.868820 -0.107649 -0.038051 0.993461 
-0.042974 0.743806 0.667013 -0.119489 -0.012617 0.992755 0.346643 -0.460780 0.817019 0.114066 0.481820 0.868814 -0.107678 -0.038053 0.993457 
-0.042942 0.743772 0.667052 -0.119478 -0.012611 0.992757 0.346654 -0.460818 0.816993 0.114065 0.481831 0.868808 -0.107690 -0.038054 0.993456 
-0.042821 0.743719 0.667120 -0.119473 -0.012602 0.992757 0.346662 -0.460859 0.816967 0.114060 0.481852 0.868798 -0.107715 -0.038056 0.993453 
-0.042839 0.743725 0.667111 -0.119474 -0.012602 0.992757 0.346661 -0.460855 0.816969 0.114058 0.481857 0.868795 -0.107714 -0.038056 0.993453 
-0.042666 0.743652 0.667204 -0.119500 -0.012598 0.992754 0.346783 -0.460702 0.817004 0.114031 0.481892 0.868779 -0.107767 -0.038072 0.993447 
-0.042651 0.743663 0.667193 -0.119494 -0.012596 0.992755 0.346771 -0.460691 0.817015 0.114021 0.481922 0.868764 -0.107758 -0.038068 0.993448 
-0.042558 0.743651 0.667212 -0.119527 -0.012602 0.992751 0.346867 -0.460488 0.817089 0.114011 0.481939 0.868755 -0.107781 -0.038080 0.993445 
-0.042543 0.743653 0.667210 -0.119524 -0.012600 0.992751 0.346852 -0.460502 0.817088 0.114006 0.481955 0.868748 -0.107778 -0.038078 0.993445 
-0.042483 0.743612 0.667260 -0.119535 -0.012599 0.992750 0.346939 -0.460401 0.817107 0.113998 0.481963 0.868744 -0.107804 -0.038086 0.993442 
-0.042447 0.743578 0.667300 -0.119525 -0.012592 0.992751 0.346942 -0.460453 0.817077 0.113987 0.481973 0.868740 -0.107816 -0.038086 0.993441 
-0.042381 0.743496 0.667397 -0.119501 -0.012576 0.992754 0.346962 -0.460568 0.817003 0.113965 0.481995 0.868731 -0.107847 -0.038086 0.993438 
-0.042162 0.743475 0.667433 -0.119536 -0.012573 0.992750 0.347021 -0.460381 0.817084 0.113912 0.482069 0.868696 -0.107880 -0.038094 0.993434 
-0.042032 0.743366 0.667563 -0.119533 -0.012553 0.992751 0.347074 -0.460461 0.817016 0.113853 0.482141 0.868664 -0.107950 -0.038104 0.993426 
-0.042025 0.743377 0.667551 -0.119530 -0.012551 0.992751 0.347059 -0.460459 0.817024 0.113850 0.482162 0.868653 -0.107945 -0.038101 0.993427 
-0.041953 0.743376 0.667557 -0.119560 -0.012558 0.992748 0.347135 -0.460281 0.817092 0.113848 0.482170 0.868649 -0.107960 -0.038110 0.993425 
-0.041949 0.743379 0.667554 -0.119588 -0.012564 0.992744 0.347204 -0.460141 0.817141 0.113847 0.482178 0.868645 -0.107978 -0.038120 0.993422 
-0.041731 0.743333 0.667619 -0.119581 -0.012549 0.992745 0.347177 -0.460174 0.817134 0.113809 0.482261 0.868604 -0.108002 -0.038119 0.993420 
-0.041693 0.743332 0.667622 -0.119596 -0.012552 0.992743 0.347218 -0.460078 0.817170 0.113805 0.482273 0.868597 -0.108011 -0.038124 0.993418 
