1.317079 0.582898 0.003998 1.204294 0.512342 0.003994 1.329309 0.455523 0.004136 1.229719 0.385818 0.004140 
1.317024 0.582923 0.004092 1.204369 0.512507 0.004086 1.329385 0.455688 0.004215 1.229668 0.385839 0.004217 
1.318754 0.582285 0.004364 1.205580 0.514890 0.003895 1.330593 0.458029 0.004310 1.231394 0.385245 0.003888 
1.318485 0.582409 0.004419 1.205616 0.514968 0.003994 1.330630 0.458104 0.004373 1.231124 0.385363 0.003989 
1.316219 0.583220 0.003937 1.204121 0.511941 0.004131 1.329117 0.455084 0.004174 1.228791 0.386148 0.004357 
1.314572 0.584159 0.004235 1.205172 0.514402 0.004135 1.330187 0.457551 0.003985 1.227214 0.387011 0.003881 
1.313616 0.584596 0.004305 1.204827 0.513639 0.004209 1.329835 0.456785 0.004079 1.226232 0.387434 0.003984 
1.316265 0.583374 0.004140 1.204861 0.513004 0.003608 1.329828 0.456072 0.004222 1.228745 0.386335 0.003740 
1.313678 0.584559 0.004206 1.204223 0.511589 0.003730 1.329175 0.454646 0.004292 1.226101 0.387474 0.003844 
1.310303 0.586186 0.004176 1.203626 0.510345 0.003689 1.328565 0.453397 0.004182 1.222683 0.389030 0.003704 
1.307130 0.587596 0.004127 1.202375 0.507501 0.003716 1.327285 0.450533 0.004317 1.219402 0.390401 0.003877 
1.302608 0.589664 0.004208 1.201236 0.504982 0.003820 1.326117 0.447994 0.004438 1.214779 0.392392 0.003980 
1.299327 0.591165 0.004354 1.200149 0.502594 0.003912 1.325005 0.445592 0.004730 1.211413 0.393842 0.004147 
1.297606 0.591952 0.004585 1.199146 0.500409 0.004002 1.323981 0.443404 0.005241 1.209625 0.394612 0.004397 
1.300355 0.590606 0.004855 1.197905 0.497627 0.003971 1.322688 0.440587 0.006293 1.212234 0.393401 0.004951 
1.299634 0.590936 0.005060 1.197232 0.496167 0.004054 1.321999 0.439127 0.006681 1.211472 0.393729 0.005133 
1.298840 0.591299 0.005190 1.196599 0.494781 0.004130 1.321353 0.437742 0.006907 1.210639 0.394088 0.005243 
1.294182 0.593519 0.005137 1.196725 0.494946 0.004085 1.321653 0.438260 0.006315 1.206560 0.395933 0.004716 
1.296948 0.591895 0.005439 1.196723 0.493395 0.004157 1.321242 0.435866 0.007000 1.207950 0.394965 0.005061 
1.298471 0.591192 0.005707 1.196065 0.491995 0.004226 1.320570 0.434484 0.007551 1.209458 0.394310 0.005367 
1.301893 0.590084 0.006474 1.195179 0.491762 0.004374 1.320130 0.435297 0.008628 1.214511 0.392604 0.005979 
1.300398 0.592141 0.007693 1.194622 0.495383 0.004830 1.320838 0.441775 0.009342 1.217633 0.392755 0.006254 
1.292537 0.596575 0.006284 1.192164 0.493442 0.004528 1.319359 0.442166 0.008003 1.213377 0.395605 0.005720 
1.288691 0.598061 0.006002 1.192726 0.494504 0.004592 1.319868 0.443038 0.007433 1.209270 0.397088 0.005430 
1.290366 0.597378 0.006219 1.193187 0.495698 0.004625 1.320337 0.444259 0.007952 1.211012 0.396423 0.005710 
1.289415 0.597765 0.006215 1.193507 0.496503 0.004652 1.320658 0.445057 0.008050 1.210071 0.396782 0.005760 
1.291217 0.597036 0.006510 1.193640 0.496896 0.004677 1.320782 0.445468 0.008715 1.211899 0.396091 0.006104 
0.964141 0.629247 0.030406 1.320723 0.445432 0.008533 1.274726 0.611786 0.040980 1.136538 0.424827 0.006320 1.209113 0.397264 0.006003 1.288308 0.598331 0.006338 1.078331 0.681250 0.050492 
1.320772 0.445388 0.007510 0.956349 0.602380 0.026174 1.273402 0.621308 0.033597 1.204285 0.637824 0.024012 1.201903 0.399994 0.005488 1.128151 0.429335 0.007213 
1.320682 0.445065 0.006802 0.957437 0.599599 0.023581 1.276379 0.626305 0.031799 1.211310 0.638949 0.021812 1.196676 0.401974 0.005204 1.131546 0.428710 0.006740 
1.320348 0.444221 0.006651 0.958563 0.596359 0.022424 1.278397 0.625726 0.031635 1.211829 0.638913 0.021288 1.194678 0.402731 0.005156 1.132786 0.428182 0.006585 
1.319856 0.443024 0.006761 0.957983 0.591176 0.022009 1.278418 0.622419 0.031471 1.210230 0.637403 0.021055 1.194194 0.402915 0.005198 1.132403 0.427923 0.006635 
1.319294 0.441660 0.006926 0.956195 0.586104 0.022053 1.276860 0.618491 0.031204 1.207719 0.635395 0.020939 1.194047 0.402971 0.005257 1.131181 0.427848 0.006785 
1.318754 0.440352 0.007081 0.954399 0.581449 0.022114 1.275258 0.614884 0.030904 1.205498 0.633419 0.020798 1.193946 0.403009 0.005311 1.130047 0.427740 0.006925 
0.953303 0.578714 0.022036 1.318294 0.439236 0.007221 1.274311 0.612862 0.030756 1.129549 0.427612 0.006981 1.193873 0.403038 0.005360 1.273336 0.604390 0.005520 1.127816 0.663172 0.026892 
0.953134 0.578567 0.021835 1.317926 0.438349 0.007349 1.274113 0.612801 0.030892 1.129774 0.427507 0.006940 1.193850 0.403047 0.005405 1.273333 0.604392 0.005550 1.126986 0.663366 0.027042 
0.953167 0.578990 0.021706 1.317614 0.437596 0.007464 1.274126 0.613271 0.031149 1.203431 0.632848 0.020961 1.129882 0.427529 0.006913 1.193862 0.403043 0.005446 
0.953312 0.579653 0.021567 1.317341 0.436938 0.007559 1.193881 0.403036 0.005481 1.130113 0.427542 0.006873 1.274253 0.613977 0.031392 1.203339 0.633407 0.021115 
1.317098 0.436348 0.007630 0.953576 0.580453 0.021403 1.274479 0.614745 0.031607 1.203405 0.633978 0.021242 1.193875 0.403038 0.005509 1.130521 0.427498 0.006818 
1.316876 0.435809 0.007682 0.953821 0.581118 0.021273 1.274691 0.615372 0.031797 1.203435 0.634462 0.021359 1.193861 0.403044 0.005530 1.130898 0.427444 0.006771 
1.316673 0.435313 0.007715 0.953954 0.581481 0.021209 1.274798 0.615730 0.031950 1.203331 0.634785 0.021464 1.193849 0.403049 0.005546 1.131132 0.427404 0.006745 
1.316491 0.434868 0.007732 0.953999 0.581605 0.021190 1.274822 0.615865 0.032058 1.203153 0.634961 0.021550 1.193839 0.403053 0.005557 1.131288 0.427361 0.006733 
1.316340 0.434494 0.007731 0.954028 0.581680 0.021194 1.274829 0.615949 0.032129 1.203023 0.635076 0.021615 1.193831 0.403056 0.005562 1.131443 0.427311 0.006725 
1.316222 0.434201 0.007713 0.954055 0.581747 0.021235 1.274839 0.616022 0.032185 1.202917 0.635175 0.021675 1.193826 0.403058 0.005563 1.131554 0.427277 0.006724 
1.316138 0.433990 0.007679 0.954084 0.581810 0.021315 1.274851 0.616093 0.032229 1.202832 0.635264 0.021734 1.193823 0.403059 0.005559 1.131613 0.427264 0.006732 
1.316089 0.433861 0.007627 0.954110 0.581860 0.021431 1.274864 0.616150 0.032254 1.202776 0.635332 0.021787 1.193822 0.403060 0.005550 1.131631 0.427265 0.006748 
1.316074 0.433812 0.007557 0.954130 0.581887 0.021579 1.274870 0.616182 0.032254 1.202758 0.635364 0.021827 1.193824 0.403059 0.005536 1.131624 0.427272 0.006771 
1.316078 0.433810 0.007469 0.954141 0.581883 0.021752 1.274871 0.616182 0.032226 1.202776 0.635358 0.021853 1.193827 0.403058 0.005518 1.131622 0.427273 0.006798 
1.316084 0.433808 0.007362 0.954154 0.581878 0.021960 1.274874 0.616181 0.032194 1.202797 0.635350 0.021885 1.193832 0.403056 0.005494 1.131622 0.427273 0.006828 
1.316090 0.433806 0.007237 0.954171 0.581872 0.022202 1.274883 0.616177 0.032158 1.202821 0.635340 0.021922 1.193836 0.403054 0.005466 1.131622 0.427273 0.006863 
1.316098 0.433803 0.007091 0.954191 0.581864 0.022481 1.274895 0.616172 0.032117 1.202849 0.635330 0.021966 1.193842 0.403052 0.005432 1.131623 0.427273 0.006902 
1.316107 0.433802 0.006924 0.954215 0.581857 0.022797 1.274914 0.616164 0.032072 1.202879 0.635318 0.022017 1.193848 0.403050 0.005392 1.131626 0.427272 0.006945 
1.316117 0.433803 0.006735 0.954243 0.581851 0.023155 1.274936 0.616155 0.032021 1.202912 0.635305 0.022074 1.193855 0.403047 0.005347 1.131629 0.427271 0.006993 
1.316130 0.433806 0.006523 0.954277 0.581845 0.023554 1.274964 0.616143 0.031966 1.202948 0.635290 0.022138 1.193863 0.403044 0.005295 1.131633 0.427269 0.007046 
1.316143 0.433809 0.006287 0.954314 0.581839 0.023998 1.274996 0.616128 0.031905 1.202988 0.635274 0.022210 1.193872 0.403041 0.005237 1.131638 0.427267 0.007105 
1.316157 0.433812 0.006025 0.954357 0.581831 0.024489 1.275036 0.616110 0.031839 1.203031 0.635257 0.022290 1.193881 0.403037 0.005172 1.131645 0.427265 0.007169 
1.316171 0.433813 0.005736 0.954405 0.581819 0.025030 1.275080 0.616091 0.031766 1.203079 0.635237 0.022378 1.193892 0.403033 0.005100 1.131653 0.427262 0.007239 
1.316185 0.433812 0.005417 0.954459 0.581802 0.025625 1.275132 0.616068 0.031687 1.203131 0.635216 0.022476 1.193903 0.403029 0.005021 1.131664 0.427258 0.007316 
1.316193 0.433813 0.005240 0.954396 0.581835 0.026379 1.275081 0.616094 0.031675 1.203422 0.635098 0.022663 1.194826 0.402679 0.004982 1.131364 0.427379 0.007440 
1.316197 0.433819 0.005192 0.954018 0.581979 0.027334 1.274731 0.616237 0.031726 1.203838 0.634916 0.022948 1.196528 0.402035 0.004979 1.130612 0.427680 0.007630 
1.316640 0.434870 0.005029 0.953415 0.582251 0.028379 1.274154 0.616449 0.031753 1.204522 0.634620 0.023236 1.198863 0.401186 0.004682 1.128770 0.428458 0.007659 
1.316625 0.434829 0.005024 0.952627 0.582560 0.029554 1.273393 0.616785 0.031820 1.204908 0.634458 0.023578 1.200794 0.400455 0.004713 1.127689 0.428892 0.007948 
1.316629 0.434837 0.005018 0.951863 0.582842 0.030751 1.272649 0.617092 0.031883 1.205341 0.634262 0.023914 1.202798 0.399697 0.004742 1.126605 0.429324 0.008248 
1.316634 0.434846 0.005013 0.951224 0.583083 0.031936 1.272021 0.617349 0.031956 1.205812 0.634053 0.024251 1.204868 0.398913 0.004767 1.125590 0.429729 0.008547 
1.316639 0.434857 0.005007 0.950723 0.583276 0.033096 1.271529 0.617552 0.032041 1.206318 0.633833 0.024586 1.206987 0.398111 0.004790 1.124659 0.430101 0.008842 
1.316645 0.434868 0.005000 0.950307 0.583441 0.034237 1.271118 0.617723 0.032133 1.206844 0.633608 0.024917 1.209126 0.397301 0.004811 1.123783 0.430451 0.009135 
1.316650 0.434880 0.004994 0.949902 0.583603 0.035369 1.270715 0.617890 0.032227 1.207368 0.633383 0.025243 1.211253 0.396496 0.004829 1.122922 0.430796 0.009431 
1.316656 0.434892 0.004987 0.949455 0.583779 0.036501 1.270265 0.618075 0.032320 1.207874 0.633165 0.025564 1.213343 0.395705 0.004845 1.122047 0.431145 0.009733 
1.316662 0.434905 0.004979 0.948949 0.583963 0.037629 1.269755 0.618276 0.032412 1.208350 0.632951 0.025878 1.215374 0.394936 0.004859 1.121153 0.431501 0.010041 
1.316668 0.434918 0.004972 0.948405 0.584143 0.038741 1.269203 0.618479 0.032500 1.208793 0.632741 0.026181 1.217333 0.394194 0.004871 1.120255 0.431854 0.010353 
1.316720 0.434995 0.004971 0.947858 0.584321 0.039816 1.268644 0.618680 0.032582 1.209276 0.632511 0.026468 1.219368 0.393419 0.004867 1.119308 0.432222 0.010649 
1.317502 0.436789 0.004781 0.947322 0.584512 0.040759 1.268084 0.618754 0.032562 1.210294 0.632036 0.026652 1.222121 0.392491 0.004422 1.117240 0.433144 0.010680 
1.317468 0.436700 0.004788 0.946819 0.584707 0.041751 1.267576 0.618982 0.032653 1.210610 0.631909 0.026917 1.223657 0.391910 0.004478 1.116550 0.433422 0.011011 
1.317465 0.436689 0.004790 0.946390 0.584868 0.042665 1.267132 0.619174 0.032721 1.210917 0.631780 0.027144 1.225026 0.391393 0.004530 1.115914 0.433677 0.011329 
1.317469 0.436694 0.004783 0.946088 0.584991 0.043476 1.266807 0.619318 0.032775 1.211198 0.631666 0.027337 1.226192 0.390952 0.004581 1.115406 0.433882 0.011621 
1.317742 0.437393 0.004701 0.945889 0.585027 0.044167 1.266585 0.619357 0.032804 1.211590 0.631482 0.027489 1.227107 0.390643 0.004495 1.114694 0.434185 0.011828 
1.318147 0.438257 0.004584 0.945785 0.585089 0.044759 1.266448 0.619428 0.032811 1.212084 0.631297 0.027598 1.228748 0.390062 0.004276 1.113461 0.434749 0.011937 
1.317918 0.437785 0.004489 0.945661 0.585064 0.045262 1.266292 0.619400 0.032778 1.211847 0.631327 0.027664 1.228683 0.390046 0.004363 1.113562 0.434648 0.012173 
1.318672 0.439927 0.004147 0.945490 0.584953 0.045579 1.266081 0.619148 0.032604 1.212290 0.630995 0.027595 1.228221 0.390365 0.003948 1.112708 0.435048 0.012143 
0.945324 0.584787 0.045909 1.318352 0.439379 0.003955 1.227414 0.390602 0.003991 1.112900 0.434862 0.012316 1.265882 0.618986 0.032486 1.211723 0.631056 0.027565 
0.945186 0.584725 0.046238 1.318321 0.439311 0.004031 1.228137 0.390318 0.004101 1.112772 0.434877 0.012489 1.265725 0.618924 0.032445 1.211935 0.630884 0.027585 
0.944999 0.584481 0.046259 1.319907 0.443876 0.003299 1.225355 0.391702 0.003219 1.111467 0.435535 0.012232 1.265464 0.618475 0.032115 1.212357 0.630507 0.027356 
0.944851 0.584410 0.046469 1.319817 0.443663 0.003455 1.265295 0.618445 0.032065 1.212670 0.630302 0.027345 1.111470 0.435508 0.012365 1.226327 0.391337 0.003376 
0.944768 0.584490 0.046687 1.319631 0.443432 0.003515 1.226472 0.391261 0.003516 1.111370 0.435539 0.012537 1.265204 0.618522 0.032083 1.212522 0.630382 0.027387 
0.944691 0.584510 0.046803 1.319826 0.443873 0.003397 1.225837 0.391525 0.003472 1.111157 0.435601 0.012630 1.265075 0.618515 0.032020 1.212283 0.630476 0.027360 
0.944549 0.584292 0.046761 1.320306 0.445163 0.003327 1.264903 0.618278 0.031846 1.212695 0.630148 0.027216 1.110522 0.435879 0.012546 1.226182 0.391507 0.003258 
0.944501 0.584308 0.046765 1.321251 0.447964 0.002840 1.264855 0.618298 0.031812 1.212254 0.630386 0.027193 1.109474 0.436376 0.012499 1.223415 0.392711 0.002761 
0.944517 0.583964 0.046543 1.320575 0.446380 0.002942 1.264773 0.617990 0.031574 1.211995 0.630243 0.026968 1.110562 0.435807 0.012501 1.223443 0.392622 0.003071 
0.944721 0.583830 0.046384 1.319558 0.444616 0.002601 1.264935 0.618060 0.031498 1.210150 0.630989 0.026877 1.111464 0.435317 0.012599 1.220546 0.393538 0.003274 
0.945022 0.583776 0.046224 1.319577 0.444675 0.002825 1.265217 0.618050 0.031478 1.210592 0.630866 0.026814 1.111570 0.435292 0.012620 1.221378 0.393225 0.003421 
0.945017 0.583726 0.046143 1.319610 0.444768 0.003027 1.265206 0.617993 0.031451 1.210828 0.630734 0.026764 1.111454 0.435328 0.012682 1.221999 0.392993 0.003559 
0.944864 0.583617 0.045983 1.320099 0.446053 0.003033 1.265045 0.617829 0.031319 1.211175 0.630487 0.026625 1.110688 0.435664 0.012596 1.222355 0.392952 0.003384 
0.944656 0.583334 0.045701 1.320876 0.448001 0.002999 1.264827 0.617475 0.031073 1.109765 0.436057 0.012389 1.222827 0.392917 0.003063 1.301821 0.593693 0.004707 1.120444 0.666886 0.039224 
0.944485 0.583075 0.045404 1.321287 0.448955 0.003140 1.264646 0.617178 0.030863 1.109475 0.436156 0.012261 1.223487 0.392738 0.003004 1.302478 0.593499 0.004821 1.121173 0.666236 0.038655 
0.944438 0.582993 0.045162 1.321003 0.448298 0.003252 1.264596 0.617088 0.030781 1.109804 0.435962 0.012285 1.223229 0.392778 0.003203 1.302226 0.593544 0.004725 1.120795 0.666285 0.038534 
0.944459 0.582877 0.044803 1.322162 0.450776 0.003341 1.264598 0.616851 0.030614 1.108551 0.436589 0.012015 1.224673 0.392447 0.002816 1.303659 0.593179 0.004971 1.121844 0.665673 0.037943 
0.944532 0.582718 0.044453 1.321734 0.449867 0.003259 1.264645 0.616679 0.030472 1.109221 0.436272 0.011975 1.223363 0.392906 0.002949 1.302363 0.593669 0.004762 1.121463 0.665690 0.037774 
0.944768 0.582628 0.044148 1.321598 0.449538 0.003419 1.264876 0.616561 0.030446 1.109685 0.436096 0.011968 1.223181 0.392978 0.003141 1.302189 0.593744 0.004780 1.121399 0.665703 0.037653 
0.944953 0.582631 0.043891 1.321486 0.449269 0.003564 1.265064 0.616545 0.030458 1.109992 0.435997 0.011982 1.222952 0.393068 0.003314 1.301969 0.593837 0.004798 1.121272 0.665820 0.037585 
0.945030 0.582636 0.043623 1.321747 0.450072 0.003511 1.265132 0.616506 0.030420 1.109967 0.436055 0.011928 1.221707 0.393608 0.003259 1.300690 0.594420 0.004892 1.122065 0.665508 0.037211 
0.945127 0.582642 0.043366 1.320928 0.448379 0.003456 1.265236 0.616546 0.030401 1.111048 0.435549 0.012024 1.219683 0.394239 0.003584 1.298704 0.595089 0.004652 1.121441 0.665834 0.037237 
0.945261 0.582659 0.043125 1.320746 0.447948 0.003552 1.265365 0.616554 0.030402 1.111190 0.435462 0.012033 1.219504 0.394248 0.003719 1.298531 0.595100 0.004583 1.120962 0.666092 0.037250 
0.945416 0.582621 0.042887 1.320743 0.447949 0.003688 1.265518 0.616503 0.030400 1.111317 0.435419 0.012035 1.219420 0.394282 0.003837 1.298447 0.595136 0.004618 1.120929 0.666122 0.037144 
0.945548 0.582572 0.042649 1.320803 0.448116 0.003790 1.265645 0.616440 0.030381 1.111388 0.435401 0.012018 1.219249 0.394359 0.003912 1.298274 0.595219 0.004663 1.121043 0.666071 0.036986 
0.945588 0.582471 0.042394 1.321188 0.449005 0.003787 1.265680 0.616300 0.030305 1.110846 0.435650 0.011894 1.219434 0.394361 0.003756 1.298457 0.595217 0.004697 1.121167 0.665912 0.036761 
0.945588 0.582476 0.042175 1.321263 0.449230 0.003763 1.265660 0.616283 0.030242 1.110480 0.435821 0.011815 1.219433 0.394393 0.003680 1.298474 0.595242 0.004613 1.120775 0.666055 0.036692 
0.945552 0.582379 0.041962 1.321228 0.449148 0.003878 1.265618 0.616175 0.030174 1.110755 0.435693 0.011810 1.219197 0.394484 0.003802 1.298241 0.595338 0.004647 1.121057 0.665824 0.036430 
0.945561 0.582386 0.041805 1.321212 0.449114 0.003982 1.265622 0.616178 0.030170 1.110855 0.435658 0.011836 1.218959 0.394576 0.003912 1.298006 0.595435 0.004677 1.121139 0.665800 0.036302 
0.945580 0.582369 0.041633 1.321300 0.449376 0.004026 1.265617 0.616155 0.030137 1.110907 0.435648 0.011834 1.218451 0.394787 0.003957 1.297491 0.595662 0.004726 1.121513 0.665632 0.036076 
0.945593 0.582316 0.041431 1.320773 0.447966 0.004156 1.265641 0.616128 0.030069 1.111394 0.435382 0.011867 1.218744 0.394575 0.004199 1.297819 0.595429 0.004498 1.120448 0.666042 0.036190 
0.945578 0.582229 0.041256 1.320824 0.448093 0.004234 1.265623 0.616034 0.030018 1.111522 0.435314 0.011864 1.218452 0.394686 0.004272 1.297526 0.595548 0.004542 1.120781 0.665812 0.035951 
0.945487 0.582033 0.040857 1.322230 0.451579 0.004082 1.148523 0.421492 0.017669 1.265469 0.615649 0.029700 1.298381 0.595529 0.004823 1.122732 0.664662 0.035027 
0.945466 0.581886 0.040637 1.322120 0.451309 0.004165 1.148683 0.421370 0.017663 1.265449 0.615484 0.029614 1.297969 0.595699 0.004836 1.123065 0.664368 0.034756 
0.945519 0.581913 0.040491 1.322035 0.451101 0.004240 1.148701 0.421383 0.017689 1.265501 0.615506 0.029628 1.297564 0.595865 0.004848 1.123106 0.664397 0.034677 
0.945577 0.581954 0.040340 1.321903 0.450741 0.004327 1.148790 0.421365 0.017724 1.265554 0.615542 0.029634 1.297392 0.595925 0.004823 1.122942 0.664519 0.034643 
0.945626 0.581965 0.040193 1.321858 0.450632 0.004388 1.148772 0.421385 0.017738 1.265597 0.615550 0.029636 1.296973 0.596097 0.004835 1.123049 0.664506 0.034537 
0.945672 0.581972 0.040050 1.321828 0.450559 0.004443 1.148743 0.421406 0.017750 1.265636 0.615555 0.029631 1.296569 0.596262 0.004846 1.123170 0.664480 0.034424 
0.945703 0.581966 0.039864 1.322272 0.451446 0.004486 1.148550 0.421499 0.017680 1.265641 0.615517 0.029562 1.297927 0.595769 0.004840 1.122815 0.664610 0.034371 
0.945750 0.581863 0.039635 1.322326 0.451635 0.004393 1.148328 0.421534 0.017560 1.265666 0.615375 0.029468 1.297027 0.596119 0.004805 1.123188 0.664349 0.034106 
0.945817 0.581875 0.039497 1.322248 0.451440 0.004447 1.148336 0.421546 0.017570 1.265737 0.615381 0.029486 1.296531 0.596322 0.004819 1.123280 0.664348 0.034027 
0.945875 0.581888 0.039348 1.322026 0.450459 0.004595 1.265776 0.615371 0.029483 1.111045 0.435620 0.011282 1.218168 0.395065 0.004139 1.297163 0.595973 0.004673 1.122217 0.664767 0.034211 
0.945950 0.581877 0.039202 1.321999 0.450387 0.004631 1.265855 0.615356 0.029498 1.111285 0.435533 0.011296 1.217563 0.395294 0.004214 1.296565 0.596216 0.004698 1.122415 0.664708 0.034102 
0.946038 0.581846 0.039016 1.321846 0.450078 0.004546 1.265918 0.615344 0.029461 1.111561 0.435394 0.011280 1.216557 0.395632 0.004239 1.295560 0.596579 0.004604 1.122375 0.664737 0.034008 
0.946127 0.581865 0.038875 1.321839 0.450060 0.004587 1.266012 0.615363 0.029476 1.111769 0.435327 0.011287 1.216066 0.395819 0.004307 1.295073 0.596776 0.004637 1.122611 0.664701 0.033899 
0.946165 0.581853 0.038718 1.322703 0.451976 0.004642 1.266025 0.615307 0.029441 1.110519 0.435937 0.011077 1.217419 0.395462 0.003969 1.296442 0.596379 0.004829 1.123106 0.664479 0.033677 
0.946222 0.581789 0.038549 1.322469 0.451319 0.004713 1.148395 0.421562 0.017476 1.266076 0.615241 0.029412 1.296314 0.596405 0.004762 1.122828 0.664545 0.033645 
0.946312 0.581784 0.038409 1.322413 0.451175 0.004737 1.148365 0.421585 0.017463 1.266169 0.615232 0.029430 1.295658 0.596672 0.004777 1.123013 0.664501 0.033551 
0.946388 0.581761 0.038266 1.323050 0.452221 0.004809 1.148209 0.421712 0.017408 1.266247 0.615222 0.029434 1.297452 0.596056 0.004808 1.122438 0.664745 0.033628 
0.946497 0.581792 0.038057 1.322953 0.451984 0.004816 1.148304 0.421723 0.017357 1.266353 0.615292 0.029377 1.296594 0.596405 0.004804 1.123106 0.664603 0.033353 
0.946601 0.581757 0.037888 1.322872 0.451775 0.004825 1.148302 0.421726 0.017328 1.266459 0.615250 0.029372 1.295779 0.596737 0.004808 1.123387 0.664495 0.033210 
0.946709 0.581751 0.037733 1.322799 0.451589 0.004833 1.266571 0.615240 0.029384 1.111447 0.435696 0.010930 1.215934 0.396108 0.004182 1.295013 0.597049 0.004811 1.123598 0.664448 0.033105 
0.946810 0.581745 0.037582 1.322734 0.451422 0.004841 1.266673 0.615231 0.029393 1.111779 0.435578 0.010938 1.215209 0.396384 0.004253 1.294299 0.597339 0.004816 1.123799 0.664402 0.033001 
0.946899 0.581739 0.037441 1.322680 0.451284 0.004851 1.266758 0.615223 0.029400 1.112072 0.435473 0.010946 1.214554 0.396633 0.004318 1.293652 0.597603 0.004823 1.123992 0.664353 0.032900 
0.946977 0.581731 0.037314 1.322636 0.451171 0.004861 1.266829 0.615216 0.029405 1.112329 0.435381 0.010954 1.213962 0.396859 0.004377 1.293068 0.597840 0.004832 1.124176 0.664303 0.032806 
0.947055 0.581721 0.037199 1.322598 0.451073 0.004871 1.266896 0.615208 0.029408 1.112563 0.435297 0.010962 1.213432 0.397061 0.004432 1.292544 0.598053 0.004840 1.124344 0.664257 0.032721 
0.947156 0.581700 0.037092 1.322567 0.450992 0.004880 1.266984 0.615188 0.029411 1.112783 0.435218 0.010968 1.212970 0.397236 0.004481 1.292088 0.598239 0.004848 1.124485 0.664219 0.032651 
0.947282 0.581668 0.036995 1.322543 0.450929 0.004889 1.267098 0.615155 0.029414 1.112993 0.435142 0.010974 1.212578 0.397386 0.004526 1.291701 0.598396 0.004856 1.124599 0.664188 0.032598 
0.947416 0.581630 0.036913 1.322525 0.450882 0.004897 1.267220 0.615116 0.029417 1.113182 0.435073 0.010982 1.212254 0.397509 0.004568 1.291381 0.598526 0.004863 1.124689 0.664165 0.032560 
0.947532 0.581596 0.036857 1.322515 0.450854 0.004904 1.267325 0.615081 0.029419 1.113334 0.435018 0.010995 1.211999 0.397607 0.004605 1.291129 0.598629 0.004870 1.124764 0.664144 0.032534 
0.947612 0.581573 0.036832 1.322511 0.450844 0.004912 1.267394 0.615057 0.029422 1.113435 0.434982 0.011015 1.211816 0.397676 0.004638 1.290948 0.598703 0.004878 1.124827 0.664125 0.032518 
0.947620 0.581554 0.036738 1.323261 0.452668 0.004683 1.147526 0.422127 0.016929 1.267373 0.614917 0.029304 1.291284 0.598679 0.004910 1.125298 0.663838 0.032295 
0.947540 0.581325 0.036669 1.322962 0.451952 0.004670 1.147779 0.421893 0.016932 1.267282 0.614688 0.029174 1.291216 0.598640 0.004790 1.125095 0.663664 0.032203 
0.947550 0.581314 0.036722 1.322898 0.451794 0.004700 1.147849 0.421864 0.016980 1.267286 0.614676 0.029193 1.291153 0.598667 0.004805 1.125095 0.663655 0.032239 
0.947490 0.581218 0.036673 1.323255 0.452571 0.004632 1.147710 0.421865 0.016872 1.267196 0.614518 0.029070 1.291753 0.598449 0.004819 1.125437 0.663359 0.032052 
0.947497 0.581201 0.036739 1.323146 0.452299 0.004664 1.147836 0.421812 0.016924 1.267201 0.614497 0.029093 1.291702 0.598472 0.004831 1.125404 0.663355 0.032108 
0.947520 0.581235 0.036838 1.323045 0.452050 0.004693 1.147925 0.421796 0.016988 1.267221 0.614531 0.029146 1.291696 0.598476 0.004842 1.125269 0.663448 0.032228 
0.947525 0.581241 0.036939 1.322522 0.450522 0.004844 1.148499 0.421532 0.017178 1.267223 0.614569 0.029183 1.293103 0.597814 0.004622 1.123548 0.664154 0.032707 
0.947600 0.581426 0.036959 1.322505 0.450585 0.004668 1.148287 0.421702 0.017086 1.267266 0.614765 0.029166 1.292308 0.598131 0.004552 1.123784 0.664278 0.032689 
0.947648 0.581519 0.037043 1.322473 0.450504 0.004697 1.148382 0.421711 0.017129 1.267315 0.614864 0.029211 1.292297 0.598136 0.004590 1.123938 0.664335 0.032741 
0.947664 0.581535 0.037150 1.322445 0.450433 0.004723 1.267329 0.614882 0.029264 1.113097 0.435106 0.010985 1.213069 0.397179 0.004469 1.292297 0.598136 0.004625 1.123916 0.664367 0.032835 
0.947674 0.581541 0.037249 1.322706 0.450896 0.004709 1.148265 0.421791 0.017197 1.267336 0.614885 0.029306 1.292805 0.597971 0.004656 1.123748 0.664440 0.032951 
0.947606 0.581424 0.037204 1.323770 0.453541 0.004564 1.147617 0.422057 0.016944 1.267234 0.614695 0.029177 1.293439 0.597892 0.004907 1.125231 0.663665 0.032493 
0.947521 0.581346 0.037062 1.323309 0.452194 0.004555 1.148262 0.421683 0.016917 1.267133 0.614528 0.028940 1.294696 0.597269 0.004594 1.124292 0.663874 0.032503 
0.947556 0.581341 0.037146 1.323177 0.451866 0.004594 1.148392 0.421637 0.016977 1.267167 0.614521 0.028998 1.294521 0.597341 0.004627 1.124279 0.663886 0.032595 
0.947591 0.581444 0.037239 1.322324 0.449607 0.004708 1.149051 0.421371 0.017180 1.267201 0.614654 0.029061 1.295405 0.596865 0.004306 1.122169 0.664850 0.033205 
0.947698 0.581621 0.037301 1.322300 0.449542 0.004733 1.149127 0.421431 0.017208 1.267308 0.614847 0.029137 1.295150 0.596969 0.004366 1.122508 0.664953 0.033242 
0.947778 0.581709 0.037375 1.322279 0.449484 0.004756 1.267389 0.614943 0.029210 1.112918 0.435243 0.010896 1.215561 0.396217 0.004390 1.294930 0.597059 0.004421 1.122691 0.665009 0.033305 
0.947819 0.581718 0.037459 1.322264 0.449442 0.004776 1.267430 0.614954 0.029271 1.113015 0.435211 0.010961 1.215372 0.396289 0.004443 1.294743 0.597134 0.004472 1.122774 0.665004 0.033374 
0.947849 0.581731 0.037527 1.322274 0.449418 0.004751 1.267446 0.614976 0.029302 1.112902 0.435263 0.010985 1.215410 0.396276 0.004427 1.294787 0.597118 0.004453 1.122563 0.665115 0.033486 
0.947865 0.581724 0.037562 1.323120 0.450958 0.004697 1.148797 0.421749 0.017214 1.267451 0.615002 0.029296 1.296586 0.596570 0.004497 1.122195 0.665279 0.033597 
0.947895 0.581654 0.037590 1.323050 0.450779 0.004723 1.148917 0.421681 0.017244 1.267479 0.614927 0.029299 1.296258 0.596704 0.004538 1.122496 0.665099 0.033544 
0.947939 0.581599 0.037580 1.322275 0.449379 0.004321 1.267529 0.614982 0.029251 1.112571 0.435472 0.010931 1.214236 0.396823 0.004156 1.293608 0.597699 0.004173 1.121802 0.665450 0.033700 
0.948023 0.581788 0.037588 1.322295 0.449426 0.004384 1.267617 0.615186 0.029255 1.112878 0.435404 0.010957 1.214210 0.396833 0.004232 1.293581 0.597710 0.004246 1.122503 0.665416 0.033569 
0.948029 0.581789 0.037690 1.322304 0.449446 0.004440 1.267622 0.615187 0.029313 1.112901 0.435395 0.011036 1.214205 0.396835 0.004301 1.293576 0.597712 0.004313 1.122577 0.665389 0.033631 
0.948030 0.581777 0.037792 1.322310 0.449461 0.004491 1.267621 0.615174 0.029371 1.112906 0.435391 0.011113 1.214205 0.396835 0.004364 1.293575 0.597713 0.004374 1.122607 0.665365 0.033702 
0.947999 0.581770 0.037742 1.322730 0.450258 0.004461 1.148697 0.421843 0.017204 1.267547 0.615059 0.029259 1.294629 0.597399 0.004394 1.122826 0.665161 0.033554 
0.947864 0.581549 0.037667 1.324072 0.453095 0.004537 1.148426 0.421922 0.017034 1.267385 0.614735 0.029101 1.297316 0.596514 0.004701 1.123879 0.664398 0.033132 
0.947699 0.581350 0.037598 1.324007 0.452689 0.004572 1.148735 0.421690 0.017025 1.267223 0.614521 0.028967 1.298115 0.596179 0.004620 1.123640 0.664221 0.033038 
0.947711 0.581313 0.037607 1.323820 0.452285 0.004484 1.148638 0.421693 0.017004 1.267222 0.614475 0.028985 1.297187 0.596520 0.004573 1.123640 0.664178 0.033060 
0.947817 0.581398 0.037626 1.322641 0.449568 0.004338 1.148900 0.421551 0.017088 1.267324 0.614594 0.029055 1.295483 0.597024 0.004154 1.121910 0.664999 0.033569 
0.947972 0.581658 0.037642 1.322599 0.449461 0.004399 1.149042 0.421637 0.017116 1.267481 0.614901 0.029144 1.295254 0.597118 0.004230 1.122370 0.665189 0.033579 
0.948066 0.581804 0.037684 1.322557 0.449354 0.004453 1.149114 0.421684 0.017158 1.267579 0.615058 0.029235 1.295054 0.597200 0.004298 1.122569 0.665307 0.033640 
0.948104 0.581822 0.037742 1.322517 0.449252 0.004503 1.149136 0.421689 0.017211 1.267618 0.615077 0.029312 1.294878 0.597271 0.004360 1.122607 0.665327 0.033716 
0.948132 0.581823 0.037803 1.322485 0.449171 0.004548 1.267645 0.615078 0.029380 1.113058 0.435429 0.011010 1.215244 0.396521 0.004296 1.294724 0.597334 0.004417 1.122628 0.665331 0.033786 
0.948155 0.581823 0.037866 1.322463 0.449115 0.004589 1.267667 0.615078 0.029440 1.113132 0.435403 0.011072 1.215118 0.396569 0.004358 1.294600 0.597385 0.004468 1.122652 0.665331 0.033850 
0.948159 0.581801 0.037882 1.323003 0.450515 0.004448 1.148616 0.421935 0.017181 1.267651 0.615018 0.029436 1.293924 0.597752 0.004641 1.123714 0.664858 0.033596 
0.948171 0.581819 0.037951 1.322922 0.450316 0.004498 1.148693 0.421915 0.017243 1.267662 0.615034 0.029491 1.293917 0.597756 0.004671 1.123623 0.664915 0.033688 
0.948187 0.581895 0.037982 1.322439 0.449184 0.004444 1.267661 0.615127 0.029506 1.113212 0.435391 0.011140 1.213995 0.397013 0.004336 1.293459 0.597864 0.004482 1.122823 0.665318 0.033920 
0.948194 0.581908 0.038042 1.322414 0.449123 0.004495 1.267668 0.615140 0.029561 1.113247 0.435381 0.011196 1.213992 0.397014 0.004395 1.293458 0.597864 0.004527 1.122795 0.665345 0.033989 
0.948197 0.581913 0.038097 1.322399 0.449086 0.004540 1.267671 0.615145 0.029608 1.113268 0.435375 0.011248 1.213988 0.397016 0.004449 1.293455 0.597866 0.004568 1.122776 0.665359 0.034045 
0.948199 0.581916 0.038148 1.322393 0.449071 0.004582 1.267671 0.615149 0.029647 1.113276 0.435373 0.011297 1.213986 0.397017 0.004497 1.293454 0.597867 0.004605 1.122771 0.665365 0.034091 
0.948158 0.581991 0.038168 1.322005 0.448798 0.004335 1.148241 0.422001 0.017353 1.267607 0.615095 0.029589 1.292302 0.598259 0.004458 1.122602 0.665457 0.034104 
0.948150 0.582085 0.038168 1.322019 0.448835 0.004396 1.148310 0.422010 0.017384 1.267609 0.615125 0.029590 1.292351 0.598239 0.004505 1.122876 0.665414 0.034037 
0.948146 0.582109 0.038149 1.322055 0.448865 0.004325 1.148103 0.422105 0.017354 1.267601 0.615137 0.029597 1.292707 0.598108 0.004388 1.122072 0.665748 0.034227 
0.948177 0.582191 0.038124 1.322068 0.448897 0.004388 1.148193 0.422110 0.017375 1.267636 0.615225 0.029611 1.292694 0.598113 0.004441 1.122392 0.665726 0.034153 
0.948174 0.582191 0.038142 1.322076 0.448919 0.004444 1.148205 0.422105 0.017418 1.267633 0.615225 0.029643 1.292692 0.598114 0.004489 1.122461 0.665698 0.034156 
0.948144 0.582368 0.037980 1.322775 0.450977 0.004106 1.147257 0.422510 0.017072 1.267546 0.615134 0.029432 1.292509 0.598286 0.004527 1.123650 0.665242 0.033673 
0.948043 0.582308 0.037875 1.322682 0.450753 0.004188 1.147549 0.422348 0.017073 1.267456 0.614895 0.029305 1.292484 0.598298 0.004567 1.124241 0.664817 0.033377 
0.947952 0.582229 0.037783 1.323068 0.451633 0.004164 1.147380 0.422400 0.016973 1.267368 0.614657 0.029201 1.292925 0.598204 0.004640 1.124701 0.664433 0.033137 
0.947959 0.582258 0.037809 1.322941 0.451326 0.004241 1.147493 0.422370 0.017040 1.267378 0.614672 0.029258 1.292899 0.598216 0.004670 1.124570 0.664509 0.033216 
0.947976 0.582301 0.037851 1.322823 0.451040 0.004311 1.147592 0.422352 0.017105 1.267395 0.614713 0.029325 1.292896 0.598220 0.004697 1.124406 0.664621 0.033320 
0.947988 0.582332 0.037875 1.322854 0.451183 0.004297 1.147475 0.422427 0.017101 1.267407 0.614737 0.029373 1.292469 0.598418 0.004758 1.124622 0.664568 0.033314 
0.948003 0.582377 0.037896 1.322731 0.450884 0.004361 1.147578 0.422408 0.017153 1.267423 0.614780 0.029432 1.292472 0.598419 0.004776 1.124446 0.664686 0.033409 
0.948042 0.582485 0.037903 1.322364 0.449948 0.004436 1.147869 0.422322 0.017237 1.267465 0.614893 0.029485 1.292743 0.598266 0.004669 1.123666 0.665120 0.033649 
0.948069 0.582586 0.037889 1.322683 0.450683 0.004350 1.147582 0.422534 0.017147 1.267489 0.614962 0.029500 1.292902 0.598309 0.004694 1.123705 0.665194 0.033658 
0.948073 0.582636 0.037874 1.323532 0.452413 0.004427 1.147387 0.422700 0.017072 1.267486 0.614952 0.029504 1.294817 0.597671 0.004868 1.123928 0.665116 0.033607 
0.948069 0.582591 0.037813 1.322838 0.450655 0.004483 1.147967 0.422408 0.017152 1.267480 0.614896 0.029457 1.295038 0.597488 0.004633 1.122832 0.665498 0.033824 
0.948147 0.582696 0.037831 1.322713 0.450349 0.004529 1.148086 0.422418 0.017188 1.267560 0.615005 0.029530 1.294831 0.597575 0.004663 1.122854 0.665631 0.033900 
0.948194 0.582739 0.037861 1.322594 0.450056 0.004571 1.148172 0.422410 0.017229 1.267609 0.615048 0.029598 1.294653 0.597650 0.004690 1.122779 0.665724 0.033993 
0.948257 0.582797 0.037882 1.322006 0.448704 0.004525 1.148340 0.422342 0.017283 1.267672 0.615140 0.029649 1.293897 0.597870 0.004505 1.121946 0.666166 0.034265 
