1.249939 0.613535 0.003922 1.160616 0.415507 0.004063 1.375485 0.556247 0.004065 1.286224 0.361541 0.004203 
1.249939 0.613535 0.004023 1.160616 0.415506 0.004147 1.375486 0.556246 0.004152 1.286224 0.361541 0.004273 
1.250154 0.613618 0.004136 1.160761 0.415622 0.003652 1.375680 0.556284 0.004554 1.286350 0.361611 0.004072 
1.250156 0.613618 0.004212 1.160763 0.415622 0.003774 1.375682 0.556285 0.004592 1.286352 0.361611 0.004157 
1.249954 0.613479 0.003913 1.160578 0.415476 0.004337 1.375486 0.556157 0.003957 1.286173 0.361476 0.004375 
1.249951 0.613653 0.004313 1.160610 0.415633 0.003957 1.375493 0.556353 0.004162 1.286214 0.361656 0.003813 
1.249951 0.613654 0.004371 1.160610 0.415634 0.004050 1.375492 0.556354 0.004240 1.286214 0.361657 0.003925 
1.250309 0.613538 0.003816 1.160822 0.415584 0.003406 1.375806 0.556145 0.004432 1.286384 0.361514 0.004023 
1.250310 0.613538 0.003920 1.160823 0.415584 0.003550 1.375808 0.556145 0.004486 1.286386 0.361514 0.004115 
1.250299 0.613620 0.003939 1.160833 0.415657 0.003459 1.375803 0.556239 0.004435 1.286401 0.361600 0.003956 
1.250322 0.613573 0.003853 1.160841 0.415617 0.003596 1.375822 0.556185 0.004458 1.286405 0.361551 0.004198 
1.250322 0.613574 0.003949 1.160841 0.415617 0.003715 1.375821 0.556185 0.004569 1.286405 0.361551 0.004332 
1.250315 0.613577 0.004033 1.160835 0.415620 0.003817 1.375814 0.556189 0.004855 1.286398 0.361555 0.004635 
1.250303 0.613583 0.004115 1.160822 0.415626 0.003917 1.375798 0.556195 0.005361 1.286382 0.361561 0.005153 
1.250357 0.613502 0.003925 1.160770 0.415593 0.004003 1.375810 0.556054 0.006260 1.286289 0.361468 0.006315 
1.250348 0.613505 0.004022 1.160760 0.415597 0.004076 1.375795 0.556060 0.006664 1.286274 0.361474 0.006692 
1.250344 0.613507 0.004110 1.160755 0.415599 0.004143 1.375788 0.556062 0.006903 1.286266 0.361476 0.006910 
1.249988 0.613592 0.004348 1.161018 0.415405 0.003909 1.375618 0.556530 0.006591 1.286704 0.361667 0.006137 
1.251395 0.612966 0.004399 1.161060 0.415398 0.003999 1.376618 0.555043 0.007259 1.286362 0.360797 0.006837 
1.251380 0.612974 0.004448 1.161046 0.415405 0.004084 1.376593 0.555056 0.007794 1.286338 0.360809 0.007403 
1.249743 0.613698 0.004698 1.161011 0.415405 0.004172 1.375395 0.556801 0.008977 1.286715 0.361831 0.008418 
1.245180 0.615652 0.005719 1.160995 0.415391 0.004239 1.372082 0.561620 0.010256 1.287874 0.364682 0.008754 
1.241509 0.617185 0.004890 1.161043 0.415397 0.004299 1.369425 0.565520 0.008385 1.288873 0.367053 0.007770 
1.241781 0.617076 0.004954 1.161063 0.415388 0.004359 1.369647 0.565246 0.007811 1.288847 0.366881 0.007197 
1.241748 0.617078 0.004947 1.161055 0.415380 0.004412 1.369609 0.565268 0.008293 1.288835 0.366893 0.007733 
1.241746 0.617080 0.004940 1.161053 0.415382 0.004458 1.369606 0.565272 0.008358 1.288832 0.366896 0.007850 
1.241724 0.617090 0.004938 1.161033 0.415391 0.004500 1.369569 0.565289 0.008999 1.288796 0.366912 0.008529 
0.922501 0.506622 0.021549 1.369506 0.565503 0.008773 0.991211 0.708966 0.036165 1.161078 0.415448 0.004574 1.288884 0.367066 0.008377 1.241616 0.617209 0.004938 1.121738 0.664225 0.038382 
1.369565 0.565482 0.007722 0.926274 0.514461 0.023190 0.995565 0.717018 0.030066 1.126031 0.672075 0.031724 1.288942 0.367045 0.007372 1.161112 0.415436 0.004605 
1.369603 0.565470 0.006989 0.929940 0.519204 0.021087 0.999226 0.721781 0.027372 1.129686 0.676839 0.029456 1.288978 0.367033 0.006682 1.161136 0.415428 0.004635 
1.369611 0.565468 0.006818 0.931971 0.518521 0.020206 1.001191 0.721136 0.025980 1.131655 0.676233 0.028641 1.288986 0.367031 0.006545 1.161142 0.415426 0.004662 
1.369606 0.565470 0.006914 0.932010 0.515061 0.020229 1.001166 0.717725 0.024968 1.131638 0.672875 0.028028 1.288982 0.367033 0.006666 1.161139 0.415428 0.004686 
1.369599 0.565474 0.007068 0.930579 0.511014 0.020696 0.999726 0.713704 0.024359 1.130202 0.668877 0.027582 1.288975 0.367036 0.006841 1.161134 0.415430 0.004708 
1.369593 0.565477 0.007214 0.929108 0.507307 0.021134 0.998254 0.710013 0.023812 1.128734 0.665203 0.027153 1.288968 0.367040 0.007004 1.161129 0.415432 0.004727 
0.928240 0.505248 0.021245 1.369586 0.565480 0.007345 0.997394 0.707956 0.023428 1.161125 0.415434 0.004743 1.288961 0.367042 0.007149 1.241665 0.617194 0.004919 1.127872 0.663150 0.026881 
0.928096 0.505166 0.020978 1.369580 0.565482 0.007466 0.997241 0.707876 0.023344 1.161121 0.415436 0.004758 1.288956 0.367045 0.007283 1.241661 0.617196 0.004920 1.127717 0.663072 0.026901 
0.928146 0.505624 0.020738 1.369575 0.565485 0.007574 0.997279 0.708334 0.023413 1.127753 0.663532 0.027059 1.161117 0.415438 0.004772 1.288950 0.367048 0.007403 
0.928308 0.506323 0.020471 1.369570 0.565487 0.007663 1.288946 0.367050 0.007503 1.161114 0.415439 0.004784 0.997428 0.709032 0.023501 1.127900 0.664231 0.027220 
1.369567 0.565489 0.007728 0.928565 0.507097 0.020169 0.997679 0.709802 0.023579 1.128148 0.664997 0.027363 1.288943 0.367052 0.007578 1.161112 0.415440 0.004796 
1.369565 0.565490 0.007774 0.928800 0.507731 0.019918 0.997909 0.710432 0.023661 1.128375 0.665624 0.027496 1.288940 0.367053 0.007632 1.161111 0.415441 0.004806 
1.369564 0.565491 0.007803 0.928934 0.508089 0.019768 0.998037 0.710788 0.023747 1.128502 0.665978 0.027614 1.288939 0.367054 0.007669 1.161110 0.415442 0.004815 
1.369563 0.565491 0.007815 0.928983 0.508219 0.019693 0.998081 0.710917 0.023829 1.128545 0.666106 0.027708 1.288939 0.367054 0.007688 1.161110 0.415442 0.004823 
1.369563 0.565491 0.007810 0.929013 0.508298 0.019652 0.998107 0.710994 0.023912 1.128572 0.666183 0.027786 1.288939 0.367054 0.007690 1.161110 0.415442 0.004830 
1.369565 0.565491 0.007789 0.929042 0.508367 0.019657 0.998134 0.711062 0.024016 1.128599 0.666251 0.027868 1.288940 0.367054 0.007675 1.161111 0.415442 0.004837 
1.369567 0.565490 0.007751 0.929072 0.508434 0.019709 0.998163 0.711127 0.024146 1.128629 0.666316 0.027957 1.288942 0.367053 0.007642 1.161112 0.415442 0.004842 
1.369570 0.565489 0.007695 0.929100 0.508487 0.019806 0.998191 0.711179 0.024296 1.128658 0.666367 0.028049 1.288945 0.367052 0.007592 1.161114 0.415441 0.004848 
1.369574 0.565488 0.007622 0.929119 0.508515 0.019945 0.998212 0.711206 0.024459 1.128681 0.666394 0.028135 1.288949 0.367051 0.007523 1.161116 0.415440 0.004852 
1.369578 0.565486 0.007530 0.929129 0.508512 0.020118 0.998224 0.711202 0.024633 1.128696 0.666389 0.028214 1.288953 0.367049 0.007438 1.161119 0.415439 0.004857 
1.369584 0.565484 0.007420 0.929141 0.508508 0.020324 0.998240 0.711196 0.024843 1.128715 0.666382 0.028310 1.288959 0.367047 0.007334 1.161123 0.415438 0.004862 
1.369590 0.565482 0.007290 0.929157 0.508502 0.020564 0.998259 0.711189 0.025088 1.128737 0.666374 0.028423 1.288965 0.367045 0.007210 1.161127 0.415436 0.004866 
1.369598 0.565479 0.007140 0.929175 0.508495 0.020840 0.998282 0.711180 0.025372 1.128763 0.666364 0.028553 1.288973 0.367042 0.007066 1.161132 0.415434 0.004870 
1.369606 0.565476 0.006969 0.929196 0.508487 0.021153 0.998309 0.711170 0.025695 1.128794 0.666352 0.028703 1.288981 0.367039 0.006901 1.161138 0.415432 0.004874 
1.369615 0.565473 0.006777 0.929221 0.508477 0.021506 0.998340 0.711158 0.026059 1.128828 0.666339 0.028872 1.288990 0.367036 0.006714 1.161144 0.415430 0.004877 
1.369625 0.565469 0.006562 0.929250 0.508466 0.021901 0.998375 0.711144 0.026467 1.128868 0.666323 0.029061 1.288999 0.367032 0.006504 1.161151 0.415427 0.004880 
1.369635 0.565465 0.006322 0.929282 0.508453 0.022339 0.998416 0.711128 0.026921 1.128912 0.666305 0.029273 1.289010 0.367028 0.006269 1.161159 0.415424 0.004882 
1.369646 0.565461 0.006056 0.929319 0.508438 0.022823 0.998462 0.711110 0.027423 1.128962 0.666285 0.029507 1.289021 0.367023 0.006009 1.161168 0.415420 0.004885 
1.369658 0.565456 0.005763 0.929361 0.508421 0.023357 0.998514 0.711089 0.027978 1.129018 0.666262 0.029765 1.289032 0.367019 0.005721 1.161178 0.415416 0.004887 
1.369670 0.565451 0.005441 0.929409 0.508402 0.023943 0.998573 0.711066 0.028586 1.129080 0.666237 0.030050 1.289044 0.367014 0.005405 1.161188 0.415412 0.004889 
1.369677 0.565449 0.005259 0.929342 0.508435 0.024687 0.998518 0.711094 0.029357 1.129028 0.666264 0.030451 1.289051 0.367012 0.005229 1.161194 0.415410 0.004893 
1.369679 0.565448 0.005207 0.928961 0.508580 0.025632 0.998143 0.711236 0.030332 1.128658 0.666408 0.030990 1.289053 0.367011 0.005185 1.161196 0.415409 0.004900 
1.369727 0.565437 0.005239 0.928338 0.508831 0.026663 0.997552 0.711476 0.031398 1.128065 0.666638 0.031566 1.289053 0.367020 0.004920 1.161209 0.415450 0.004583 
1.369728 0.565437 0.005211 0.927554 0.509144 0.027828 0.996763 0.711789 0.032592 1.127280 0.666965 0.032228 1.289055 0.367020 0.004926 1.161210 0.415450 0.004618 
1.369730 0.565438 0.005185 0.926791 0.509427 0.029020 0.995998 0.712073 0.033798 1.126517 0.667262 0.032894 1.289056 0.367021 0.004932 1.161211 0.415450 0.004650 
1.369731 0.565438 0.005161 0.926150 0.509667 0.030199 0.995360 0.712311 0.034993 1.125878 0.667512 0.033560 1.289057 0.367021 0.004936 1.161212 0.415451 0.004680 
1.369732 0.565438 0.005138 0.925646 0.509859 0.031353 0.994863 0.712501 0.036164 1.125377 0.667710 0.034219 1.289058 0.367021 0.004939 1.161213 0.415451 0.004707 
1.369733 0.565439 0.005115 0.925225 0.510022 0.032487 0.994451 0.712660 0.037315 1.124960 0.667876 0.034871 1.289059 0.367021 0.004941 1.161214 0.415451 0.004733 
1.369734 0.565439 0.005094 0.924815 0.510180 0.033613 0.994051 0.712815 0.038460 1.124552 0.668039 0.035520 1.289060 0.367022 0.004942 1.161215 0.415451 0.004756 
1.369735 0.565439 0.005073 0.924364 0.510353 0.034737 0.993606 0.712984 0.039605 1.124099 0.668218 0.036169 1.289061 0.367022 0.004942 1.161216 0.415451 0.004778 
1.369736 0.565439 0.005053 0.923855 0.510536 0.035858 0.993103 0.713165 0.040746 1.123586 0.668411 0.036815 1.289062 0.367022 0.004941 1.161217 0.415452 0.004799 
1.369737 0.565439 0.005034 0.923311 0.510717 0.036964 0.992563 0.713345 0.041868 1.123034 0.668603 0.037449 1.289063 0.367022 0.004940 1.161217 0.415452 0.004818 
1.369751 0.565432 0.005034 0.922762 0.510896 0.038035 0.992018 0.713522 0.042951 1.122476 0.668793 0.038061 1.289081 0.367013 0.004938 1.161235 0.415440 0.004807 
1.369866 0.565478 0.005168 0.922186 0.511033 0.038976 0.991495 0.713641 0.043892 1.121930 0.668894 0.038549 1.289138 0.367083 0.004570 1.161307 0.415547 0.004288 
1.369868 0.565478 0.005133 0.921686 0.511239 0.039969 0.990996 0.713846 0.044884 1.121417 0.669113 0.039116 1.289140 0.367084 0.004601 1.161309 0.415548 0.004360 
1.369870 0.565479 0.005091 0.921260 0.511408 0.040894 0.990571 0.714015 0.045777 1.120979 0.669295 0.039621 1.289142 0.367084 0.004627 1.161311 0.415549 0.004433 
1.369873 0.565480 0.005037 0.920957 0.511533 0.041722 0.990273 0.714141 0.046559 1.120667 0.669429 0.040060 1.289145 0.367085 0.004647 1.161313 0.415550 0.004514 
1.369874 0.565519 0.005032 0.920753 0.511561 0.042435 0.990073 0.714168 0.047213 1.120454 0.669463 0.040419 1.289150 0.367122 0.004519 1.161317 0.415584 0.004470 
1.369986 0.565479 0.005025 0.920648 0.511641 0.043050 0.989988 0.714243 0.047762 1.120354 0.669533 0.040712 1.289162 0.367123 0.004337 1.161354 0.415650 0.004209 
1.369923 0.565476 0.004780 0.920518 0.511603 0.043589 0.989862 0.714206 0.048202 1.120217 0.669499 0.040928 1.289133 0.367107 0.004329 1.161316 0.415611 0.004401 
1.369879 0.565629 0.004754 0.920302 0.511397 0.043952 0.989677 0.713992 0.048433 1.120016 0.669269 0.040969 1.289073 0.367268 0.003796 1.161260 0.415781 0.004117 
0.920134 0.511232 0.044338 1.369762 0.565612 0.004394 1.288973 0.367242 0.003704 1.161157 0.415744 0.004300 0.989514 0.713829 0.048665 1.119843 0.669103 0.041035 
0.919995 0.511158 0.044715 1.369752 0.565608 0.004386 1.288970 0.367236 0.003829 1.161152 0.415733 0.004402 0.989370 0.713759 0.048909 1.119692 0.669037 0.041145 
0.919742 0.510764 0.044797 1.369610 0.566006 0.004363 1.288874 0.367621 0.002634 1.161045 0.416082 0.003811 0.989153 0.713357 0.048814 1.119460 0.668611 0.040939 
0.919602 0.510675 0.045051 1.369608 0.566011 0.004419 0.988979 0.713282 0.048948 1.119288 0.668557 0.040986 1.161043 0.416087 0.003919 1.288872 0.367625 0.002855 
0.919519 0.510754 0.045308 1.369520 0.566025 0.004362 1.288786 0.367637 0.002991 1.160957 0.416099 0.004067 0.988896 0.713362 0.049098 1.119201 0.668636 0.041074 
0.919431 0.510752 0.045470 1.369489 0.566104 0.004240 1.288865 0.367671 0.002871 1.161010 0.416060 0.004091 0.988818 0.713360 0.049132 1.119117 0.668625 0.041061 
0.919282 0.510489 0.045486 1.369502 0.566199 0.004324 0.988650 0.713106 0.048986 1.118950 0.668378 0.040902 1.161003 0.416184 0.003851 1.288852 0.367779 0.002689 
0.919234 0.510476 0.045527 1.369351 0.566446 0.004208 0.988577 0.713103 0.048925 1.118883 0.668389 0.040854 1.160919 0.416338 0.003567 1.288787 0.367997 0.001917 
0.919251 0.510096 0.045366 1.369284 0.566406 0.004002 0.988562 0.712737 0.048596 1.118875 0.668037 0.040565 1.160871 0.416271 0.003858 1.288744 0.367942 0.002248 
0.919511 0.510049 0.045249 1.368951 0.566365 0.003283 0.988760 0.712713 0.048367 1.119089 0.668046 0.040406 1.160559 0.416203 0.004248 1.288431 0.367888 0.002172 
0.919824 0.509997 0.045128 1.368946 0.566369 0.003442 0.989046 0.712672 0.048138 1.119384 0.668015 0.040275 1.160553 0.416208 0.004316 1.288427 0.367891 0.002436 
0.919819 0.509943 0.045100 1.368942 0.566372 0.003586 0.989037 0.712621 0.047964 1.119378 0.667960 0.040170 1.160548 0.416213 0.004377 1.288424 0.367894 0.002674 
0.919652 0.509802 0.045003 1.368957 0.566450 0.003735 0.988876 0.712480 0.047694 1.119217 0.667809 0.039966 1.160545 0.416315 0.004138 1.288417 0.367982 0.002577 
0.919427 0.509474 0.044797 1.369012 0.566556 0.003959 0.988658 0.712153 0.047277 1.160570 0.416461 0.003738 1.288435 0.368105 0.002351 1.241061 0.618234 0.005383 1.118999 0.667469 0.039629 
0.919248 0.509186 0.044571 1.369067 0.566595 0.004197 0.988474 0.711868 0.046856 1.160607 0.416526 0.003576 1.288469 0.368155 0.002414 1.241121 0.618288 0.005397 1.118819 0.667177 0.039308 
0.919202 0.509106 0.044383 1.369028 0.566557 0.004141 0.988429 0.711790 0.046522 1.160575 0.416478 0.003735 1.288439 0.368111 0.002649 1.241079 0.618246 0.005260 1.118778 0.667091 0.039092 
0.919191 0.508929 0.044075 1.369258 0.566658 0.004584 0.988446 0.711605 0.046072 1.160764 0.416642 0.003175 1.288618 0.368238 0.002457 1.241321 0.618383 0.005339 1.118793 0.666880 0.038776 
0.919262 0.508778 0.043774 1.369187 0.566659 0.004309 0.988529 0.711451 0.045636 1.160707 0.416620 0.003357 1.288564 0.368229 0.002525 1.241246 0.618372 0.005175 1.118879 0.666711 0.038477 
0.919492 0.508685 0.043505 1.369186 0.566663 0.004371 0.988769 0.711355 0.045267 1.160706 0.416624 0.003508 1.288563 0.368232 0.002757 1.241245 0.618378 0.005152 1.119123 0.666602 0.038270 
0.919675 0.508688 0.043277 1.369185 0.566667 0.004429 0.988959 0.711357 0.044961 1.160705 0.416628 0.003643 1.288562 0.368235 0.002968 1.241244 0.618383 0.005131 1.119318 0.666593 0.038113 
0.919741 0.508671 0.043038 1.369141 0.566763 0.004456 0.989035 0.711338 0.044640 1.160681 0.416695 0.003633 1.288545 0.368321 0.002848 1.241192 0.618460 0.005272 1.119396 0.666562 0.037926 
0.919851 0.508713 0.042811 1.368974 0.566702 0.004077 0.989142 0.711380 0.044334 1.160526 0.416615 0.004057 1.288392 0.368250 0.003035 1.241023 0.618389 0.005124 1.119509 0.666601 0.037755 
0.919985 0.508734 0.042598 1.368945 0.566656 0.004056 0.989281 0.711401 0.044043 1.160500 0.416566 0.004151 1.288367 0.368202 0.003214 1.240993 0.618342 0.005013 1.119652 0.666613 0.037602 
0.920137 0.508696 0.042394 1.368943 0.566659 0.004143 0.989438 0.711362 0.043746 1.160497 0.416569 0.004225 1.288365 0.368204 0.003382 1.240991 0.618346 0.005005 1.119813 0.666566 0.037443 
0.920267 0.508644 0.042189 1.368940 0.566673 0.004227 0.989571 0.711309 0.043450 1.160495 0.416582 0.004266 1.288363 0.368218 0.003495 1.240987 0.618360 0.005016 1.119950 0.666506 0.037278 
0.920298 0.508531 0.041973 1.368994 0.566716 0.004334 0.989614 0.711193 0.043128 1.160534 0.416645 0.004051 1.288398 0.368269 0.003411 1.241045 0.618414 0.004993 1.119994 0.666377 0.037072 
0.920292 0.508530 0.041785 1.369001 0.566736 0.004306 0.989618 0.711188 0.042854 1.160524 0.416688 0.003929 1.288383 0.368297 0.003389 1.241057 0.618449 0.004864 1.119999 0.666362 0.036897 
0.920255 0.508426 0.041610 1.368999 0.566738 0.004370 0.989580 0.711086 0.042576 1.160523 0.416691 0.004024 1.288382 0.368299 0.003539 1.241056 0.618452 0.004871 1.119964 0.666256 0.036718 
0.920264 0.508433 0.041481 1.368999 0.566740 0.004428 0.989589 0.711093 0.042370 1.160522 0.416693 0.004110 1.288381 0.368301 0.003676 1.241055 0.618454 0.004877 1.119976 0.666259 0.036607 
0.920280 0.508410 0.041339 1.368987 0.566766 0.004473 0.989606 0.711069 0.042144 1.160515 0.416712 0.004156 1.288376 0.368325 0.003717 1.241042 0.618476 0.004926 1.119996 0.666231 0.036472 
0.920304 0.508395 0.041173 1.368994 0.566659 0.004330 0.989636 0.711054 0.041881 1.160517 0.416613 0.004333 1.288375 0.368220 0.004038 1.241051 0.618375 0.004632 1.120026 0.666209 0.036301 
0.920289 0.508304 0.041033 1.368994 0.566660 0.004391 0.989617 0.710963 0.041644 1.160516 0.416614 0.004391 1.288374 0.368221 0.004127 1.241051 0.618376 0.004662 1.120011 0.666116 0.036151 
0.920140 0.508002 0.040680 1.369132 0.566899 0.004790 1.288438 0.368494 0.003571 0.989521 0.710644 0.041164 1.241208 0.618664 0.004850 1.119905 0.665760 0.035748 
0.920116 0.507846 0.040493 1.369133 0.566902 0.004807 1.288438 0.368496 0.003704 0.989498 0.710488 0.040888 1.241209 0.618667 0.004859 1.119884 0.665599 0.035561 
0.920168 0.507874 0.040363 1.369133 0.566904 0.004823 1.288439 0.368498 0.003825 0.989552 0.710515 0.040713 1.241210 0.618670 0.004867 1.119941 0.665622 0.035476 
0.920226 0.507916 0.040228 1.369145 0.566887 0.004825 1.288444 0.368482 0.003975 0.989613 0.710556 0.040534 1.241223 0.618657 0.004821 1.120003 0.665659 0.035384 
0.920274 0.507927 0.040100 1.369145 0.566889 0.004839 1.288445 0.368484 0.004069 0.989663 0.710567 0.040354 1.241224 0.618658 0.004832 1.120056 0.665667 0.035289 
0.920319 0.507934 0.039978 1.369146 0.566891 0.004851 1.288445 0.368485 0.004155 0.989709 0.710574 0.040175 1.241224 0.618660 0.004843 1.120104 0.665670 0.035192 
0.920342 0.507936 0.039817 1.369267 0.566869 0.005018 1.288497 0.368492 0.004104 0.989759 0.710566 0.039946 1.241364 0.618684 0.004699 1.120150 0.665643 0.035038 
0.920377 0.507812 0.039612 1.369239 0.566867 0.004935 1.288476 0.368488 0.004002 0.989807 0.710438 0.039675 1.241335 0.618678 0.004706 1.120197 0.665505 0.034850 
0.920443 0.507825 0.039486 1.369241 0.566869 0.004938 1.288477 0.368490 0.004094 0.989875 0.710450 0.039516 1.241336 0.618680 0.004728 1.120268 0.665514 0.034775 
0.920493 0.507820 0.039348 1.369283 0.566836 0.004910 0.989929 0.710443 0.039347 1.160832 0.416755 0.003949 1.288698 0.368382 0.004373 1.241332 0.618531 0.004489 1.120323 0.665503 0.034684 
0.920568 0.507809 0.039215 1.369284 0.566836 0.004916 0.990005 0.710433 0.039179 1.160834 0.416756 0.004043 1.288700 0.368383 0.004429 1.241333 0.618531 0.004532 1.120401 0.665490 0.034603 
0.920659 0.507790 0.039043 1.369240 0.566817 0.004762 0.990097 0.710413 0.038970 1.160799 0.416722 0.004119 1.288669 0.368358 0.004395 1.241285 0.618503 0.004488 1.120495 0.665468 0.034475 
0.920750 0.507813 0.038911 1.369241 0.566817 0.004783 0.990188 0.710436 0.038814 1.160800 0.416722 0.004197 1.288669 0.368358 0.004451 1.241286 0.618503 0.004531 1.120589 0.665488 0.034399 
0.920773 0.507783 0.038768 1.369397 0.566880 0.005142 0.990231 0.710399 0.038631 1.160907 0.416858 0.003724 1.288759 0.368450 0.004279 1.241461 0.618611 0.004594 1.120629 0.665439 0.034286 
0.920831 0.507721 0.038613 1.369423 0.566839 0.005099 1.288772 0.368413 0.004437 0.990291 0.710337 0.038437 1.241490 0.618577 0.004509 1.120690 0.665373 0.034170 
0.920920 0.507717 0.038482 1.369425 0.566839 0.005086 1.288774 0.368414 0.004487 0.990382 0.710332 0.038283 1.241492 0.618578 0.004550 1.120783 0.665365 0.034097 
0.921000 0.507706 0.038350 1.369653 0.566848 0.005325 1.288985 0.368430 0.004432 0.990462 0.710321 0.038121 1.241727 0.618599 0.004409 1.120865 0.665354 0.034013 
0.921122 0.507781 0.038149 1.369654 0.566849 0.005276 1.288984 0.368432 0.004481 0.990589 0.710394 0.037896 1.241727 0.618601 0.004450 1.120993 0.665422 0.033867 
0.921224 0.507745 0.037992 1.369658 0.566850 0.005237 1.288988 0.368432 0.004526 0.990694 0.710357 0.037707 1.241731 0.618601 0.004493 1.121100 0.665382 0.033765 
0.921332 0.507740 0.037845 1.369661 0.566851 0.005203 0.990804 0.710351 0.037538 1.161147 0.416862 0.003893 1.288991 0.368433 0.004566 1.241734 0.618602 0.004532 1.121212 0.665374 0.033682 
0.921432 0.507735 0.037702 1.369664 0.566852 0.005172 0.990906 0.710346 0.037373 1.161149 0.416862 0.003997 1.288993 0.368434 0.004603 1.241736 0.618602 0.004568 1.121315 0.665366 0.033599 
0.921521 0.507729 0.037569 1.369667 0.566852 0.005148 0.990996 0.710339 0.037220 1.161151 0.416863 0.004088 1.288996 0.368434 0.004638 1.241739 0.618603 0.004601 1.121407 0.665357 0.033521 
0.921599 0.507722 0.037449 1.369669 0.566853 0.005129 0.991075 0.710331 0.037080 1.161153 0.416863 0.004171 1.288998 0.368435 0.004670 1.241741 0.618603 0.004632 1.121488 0.665348 0.033450 
0.921677 0.507712 0.037341 1.369671 0.566853 0.005112 0.991154 0.710321 0.036952 1.161155 0.416863 0.004246 1.289000 0.368435 0.004699 1.241743 0.618604 0.004661 1.121568 0.665337 0.033384 
0.921776 0.507692 0.037242 1.369673 0.566853 0.005097 0.991256 0.710300 0.036832 1.161157 0.416864 0.004314 1.289002 0.368435 0.004726 1.241744 0.618604 0.004687 1.121670 0.665314 0.033322 
0.921901 0.507659 0.037153 1.369674 0.566854 0.005084 0.991383 0.710267 0.036720 1.161158 0.416864 0.004376 1.289003 0.368436 0.004750 1.241746 0.618604 0.004710 1.121798 0.665278 0.033264 
0.922034 0.507622 0.037080 1.369676 0.566854 0.005071 0.991519 0.710228 0.036624 1.161159 0.416864 0.004431 1.289005 0.368436 0.004772 1.241747 0.618605 0.004731 1.121934 0.665237 0.033215 
0.922150 0.507587 0.037032 1.369677 0.566854 0.005061 0.991637 0.710193 0.036552 1.161160 0.416864 0.004481 1.289006 0.368436 0.004793 1.241748 0.618605 0.004751 1.122053 0.665200 0.033178 
0.922229 0.507564 0.037016 1.369678 0.566855 0.005054 0.991718 0.710169 0.036511 1.161161 0.416865 0.004525 1.289007 0.368436 0.004811 1.241749 0.618605 0.004768 1.122133 0.665174 0.033157 
0.922201 0.507496 0.036936 1.369745 0.566915 0.005115 1.289022 0.368519 0.004365 0.991735 0.710085 0.036395 1.241830 0.618699 0.004781 1.122141 0.665061 0.033040 
0.922122 0.507275 0.036893 1.369717 0.566858 0.004987 1.288990 0.368463 0.004440 0.991662 0.709862 0.036281 1.241803 0.618645 0.004666 1.122066 0.664832 0.032918 
0.922130 0.507263 0.036949 1.369719 0.566859 0.004986 1.288991 0.368464 0.004493 0.991672 0.709850 0.036328 1.241805 0.618646 0.004691 1.122074 0.664820 0.032952 
0.922051 0.507143 0.036912 1.369776 0.566845 0.005052 1.289015 0.368464 0.004324 0.991619 0.709721 0.036259 1.241871 0.618654 0.004669 1.122015 0.664673 0.032857 
0.922058 0.507124 0.036976 1.369778 0.566846 0.005045 1.289017 0.368465 0.004386 0.991627 0.709701 0.036327 1.241873 0.618655 0.004694 1.122022 0.664653 0.032904 
0.922080 0.507159 0.037068 1.369780 0.566847 0.005038 1.289018 0.368466 0.004443 0.991650 0.709736 0.036440 1.241875 0.618656 0.004717 1.122045 0.664687 0.032988 
0.922096 0.507206 0.037166 1.369846 0.566714 0.004952 1.289052 0.368346 0.004769 0.991675 0.709779 0.036544 1.241950 0.618543 0.004402 1.122067 0.664725 0.033061 
0.922171 0.507398 0.037166 1.369798 0.566740 0.004781 1.289027 0.368362 0.004587 0.991757 0.709970 0.036599 1.241895 0.618554 0.004402 1.122147 0.664912 0.033081 
0.922221 0.507497 0.037237 1.369799 0.566740 0.004800 1.289029 0.368362 0.004624 0.991808 0.710068 0.036705 1.241896 0.618554 0.004454 1.122197 0.665011 0.033159 
0.922237 0.507515 0.037340 1.369800 0.566740 0.004817 0.991824 0.710086 0.036820 1.161208 0.416853 0.004341 1.289030 0.368362 0.004657 1.241897 0.618554 0.004501 1.122212 0.665029 0.033244 
0.922245 0.507520 0.037437 1.369878 0.566747 0.004883 1.289103 0.368371 0.004584 0.991834 0.710090 0.036922 1.241976 0.618564 0.004506 1.122221 0.665033 0.033318 
0.922154 0.507361 0.037400 1.369951 0.566870 0.005177 1.289124 0.368518 0.004105 0.991765 0.709924 0.036865 1.242064 0.618723 0.004726 1.122146 0.664851 0.033226 
0.922047 0.507293 0.037267 1.370013 0.566702 0.004980 1.289122 0.368375 0.004245 0.991721 0.709834 0.036707 1.242143 0.618596 0.004325 1.122087 0.664721 0.033031 
0.922081 0.507288 0.037341 1.370016 0.566703 0.004979 1.289124 0.368376 0.004314 0.991757 0.709828 0.036809 1.242146 0.618597 0.004383 1.122122 0.664715 0.033111 
0.922125 0.507429 0.037418 1.370042 0.566568 0.004737 1.289131 0.368247 0.004687 0.991810 0.709967 0.036928 1.242177 0.618472 0.003999 1.122173 0.664848 0.033204 
0.922237 0.507620 0.037455 1.370044 0.566567 0.004760 1.289133 0.368246 0.004714 0.991924 0.710158 0.037035 1.242179 0.618471 0.004088 1.122286 0.665039 0.033296 
0.922318 0.507716 0.037512 1.370046 0.566566 0.004780 0.992006 0.710253 0.037136 1.161349 0.416828 0.004133 1.289135 0.368246 0.004738 1.242181 0.618471 0.004170 1.122368 0.665134 0.033384 
0.922361 0.507726 0.037590 1.370048 0.566566 0.004799 0.992049 0.710263 0.037231 1.161351 0.416827 0.004210 1.289137 0.368245 0.004761 1.242183 0.618470 0.004244 1.122410 0.665145 0.033463 
0.922392 0.507745 0.037655 1.370068 0.566558 0.004772 0.992081 0.710281 0.037305 1.161367 0.416824 0.004200 1.289152 0.368239 0.004736 1.242203 0.618465 0.004231 1.122442 0.665162 0.033516 
0.922416 0.507749 0.037688 1.370301 0.566661 0.004981 1.289425 0.368326 0.004495 0.992095 0.710289 0.037342 1.242428 0.618544 0.004141 1.122458 0.665177 0.033533 
0.922444 0.507676 0.037720 1.370304 0.566661 0.004980 1.289428 0.368326 0.004540 0.992124 0.710215 0.037365 1.242431 0.618544 0.004217 1.122487 0.665103 0.033546 
0.922523 0.507729 0.037716 1.370110 0.566651 0.004333 0.992209 0.710267 0.037342 1.161422 0.416898 0.004047 1.289212 0.368325 0.004312 1.242240 0.618547 0.004065 1.122570 0.665151 0.033511 
0.922612 0.507934 0.037709 1.370111 0.566651 0.004394 0.992299 0.710471 0.037376 1.161423 0.416898 0.004131 1.289213 0.368324 0.004376 1.242241 0.618547 0.004147 1.122659 0.665355 0.033530 
0.922618 0.507934 0.037814 1.370111 0.566650 0.004449 0.992305 0.710471 0.037474 1.161423 0.416898 0.004208 1.289214 0.368324 0.004434 1.242241 0.618546 0.004222 1.122664 0.665355 0.033610 
0.922618 0.507921 0.037919 1.370112 0.566650 0.004499 0.992305 0.710459 0.037571 1.161424 0.416898 0.004279 1.289214 0.368324 0.004486 1.242242 0.618546 0.004290 1.122664 0.665342 0.033688 
0.922553 0.507849 0.037873 1.370266 0.566668 0.004613 1.289293 0.368373 0.004354 0.992270 0.710376 0.037513 1.242416 0.618613 0.004244 1.122621 0.665241 0.033604 
0.922387 0.507575 0.037819 1.370525 0.566735 0.005173 1.289480 0.368472 0.004063 0.992134 0.710092 0.037403 1.242697 0.618730 0.004349 1.122478 0.664936 0.033472 
0.922219 0.507372 0.037764 1.370617 0.566680 0.005166 1.289552 0.368425 0.004132 0.991971 0.709887 0.037309 1.242796 0.618688 0.004204 1.122313 0.664728 0.033359 
0.922227 0.507331 0.037766 1.370581 0.566663 0.005029 1.289526 0.368403 0.004084 0.991985 0.709843 0.037329 1.242756 0.618663 0.004235 1.122326 0.664681 0.033378 
0.922343 0.507442 0.037767 1.370437 0.566556 0.004447 1.289429 0.368274 0.004262 0.992099 0.709956 0.037382 1.242596 0.618523 0.003948 1.122441 0.664794 0.033439 
0.922511 0.507744 0.037749 1.370438 0.566556 0.004497 1.289431 0.368274 0.004330 0.992270 0.710257 0.037457 1.242598 0.618523 0.004042 1.122612 0.665096 0.033520 
0.922608 0.507901 0.037768 1.370440 0.566555 0.004543 1.289432 0.368274 0.004391 0.992369 0.710413 0.037537 1.242599 0.618523 0.004127 1.122711 0.665252 0.033605 
0.922647 0.507921 0.037818 1.370441 0.566555 0.004585 1.289433 0.368274 0.004446 0.992408 0.710433 0.037611 1.242600 0.618522 0.004204 1.122750 0.665271 0.033680 
0.922675 0.507922 0.037874 1.370442 0.566555 0.004622 0.992437 0.710434 0.037680 1.161671 0.416918 0.004150 1.289435 0.368274 0.004496 1.242601 0.618522 0.004275 1.122779 0.665272 0.033749 
0.922698 0.507923 0.037934 1.370443 0.566555 0.004656 0.992460 0.710434 0.037747 1.161672 0.416918 0.004225 1.289436 0.368274 0.004542 1.242602 0.618522 0.004339 1.122802 0.665272 0.033813 
0.922688 0.507872 0.037950 1.370443 0.566653 0.004749 1.289447 0.368367 0.004236 0.992459 0.710381 0.037764 1.242598 0.618612 0.004569 1.122799 0.665214 0.033819 
0.922699 0.507890 0.038014 1.370444 0.566653 0.004772 1.289448 0.368368 0.004306 0.992471 0.710398 0.037842 1.242599 0.618613 0.004604 1.122811 0.665231 0.033887 
0.922718 0.507974 0.038035 1.370392 0.566602 0.004530 0.992490 0.710482 0.037889 1.161641 0.416938 0.004303 1.289410 0.368310 0.004385 1.242544 0.618553 0.004450 1.122829 0.665316 0.033918 
0.922725 0.507987 0.038093 1.370393 0.566602 0.004573 0.992497 0.710495 0.037954 1.161641 0.416939 0.004364 1.289411 0.368311 0.004441 1.242544 0.618553 0.004497 1.122836 0.665329 0.033979 
0.922729 0.507993 0.038148 1.370393 0.566603 0.004611 0.992501 0.710501 0.038009 1.161641 0.416939 0.004419 1.289411 0.368311 0.004491 1.242545 0.618553 0.004540 1.122840 0.665334 0.034030 
0.922731 0.507996 0.038201 1.370393 0.566603 0.004646 0.992503 0.710504 0.038056 1.161641 0.416939 0.004469 1.289411 0.368311 0.004537 1.242545 0.618553 0.004578 1.122842 0.665337 0.034073 
0.922661 0.508136 0.038238 1.370270 0.566427 0.004352 1.288962 0.368269 0.004324 0.992558 0.710601 0.038045 1.242508 0.618588 0.004525 1.122867 0.665354 0.034039 
0.922639 0.508236 0.038241 1.370270 0.566427 0.004411 1.288961 0.368269 0.004385 0.992576 0.710687 0.038040 1.242508 0.618588 0.004566 1.122877 0.665414 0.034037 
0.922632 0.508268 0.038227 1.370300 0.566423 0.004343 1.288979 0.368270 0.004313 0.992582 0.710714 0.038015 1.242541 0.618592 0.004417 1.122880 0.665432 0.034027 
0.922666 0.508357 0.038198 1.370300 0.566423 0.004404 1.288979 0.368270 0.004377 0.992617 0.710803 0.037996 1.242541 0.618592 0.004465 1.122915 0.665520 0.034023 
0.922663 0.508357 0.038219 1.370300 0.566423 0.004458 1.288978 0.368270 0.004435 0.992613 0.710804 0.038007 1.242541 0.618593 0.004510 1.122912 0.665520 0.034044 
0.922561 0.508518 0.038069 1.370315 0.566401 0.004463 1.288744 0.368351 0.003850 0.992674 0.710909 0.037825 1.242622 0.618731 0.004568 1.122936 0.665521 0.033848 
0.922416 0.508444 0.037986 1.370315 0.566402 0.004512 1.288744 0.368353 0.003958 0.992623 0.710802 0.037681 1.242622 0.618732 0.004602 1.122863 0.665353 0.033712 
0.922285 0.508340 0.037912 1.370376 0.566452 0.004640 1.288780 0.368414 0.003820 0.992569 0.710671 0.037558 1.242689 0.618798 0.004640 1.122792 0.665171 0.033598 
0.922289 0.508370 0.037934 1.370376 0.566454 0.004673 1.288780 0.368415 0.003931 0.992582 0.710698 0.037592 1.242690 0.618800 0.004668 1.122803 0.665193 0.033643 
0.922305 0.508414 0.037967 1.370377 0.566455 0.004702 1.288781 0.368416 0.004030 0.992600 0.710742 0.037648 1.242690 0.618802 0.004693 1.122821 0.665235 0.033704 
0.922315 0.508442 0.037984 1.370357 0.566492 0.004718 1.288771 0.368449 0.003996 0.992612 0.710768 0.037686 1.242668 0.618832 0.004783 1.122833 0.665260 0.033746 
0.922329 0.508488 0.037995 1.370357 0.566494 0.004742 1.288771 0.368451 0.004089 0.992629 0.710814 0.037724 1.242668 0.618834 0.004798 1.122850 0.665305 0.033795 
0.922370 0.508607 0.037988 1.370360 0.566449 0.004672 1.288771 0.368407 0.004271 0.992675 0.710931 0.037756 1.242672 0.618791 0.004667 1.122895 0.665419 0.033837 
0.922389 0.508698 0.037962 1.370414 0.566533 0.004714 1.288820 0.368493 0.004092 0.992707 0.711017 0.037763 1.242726 0.618878 0.004682 1.122925 0.665497 0.033847 
0.922375 0.508728 0.037938 1.370591 0.566596 0.005088 1.288975 0.368567 0.003942 0.992719 0.711039 0.037763 1.242911 0.618957 0.004717 1.122931 0.665503 0.033849 
0.922370 0.508699 0.037874 1.370588 0.566504 0.004882 1.288966 0.368475 0.004201 0.992731 0.711003 0.037708 1.242909 0.618868 0.004462 1.122940 0.665456 0.033798 
0.922448 0.508811 0.037871 1.370589 0.566505 0.004891 1.288968 0.368476 0.004274 0.992813 0.711114 0.037760 1.242911 0.618869 0.004507 1.123021 0.665566 0.033860 
0.922496 0.508856 0.037887 1.370591 0.566505 0.004899 1.288969 0.368477 0.004341 0.992862 0.711159 0.037816 1.242912 0.618869 0.004548 1.123071 0.665610 0.033921 
0.922568 0.508943 0.037893 1.370522 0.566457 0.004637 1.288927 0.368417 0.004449 0.992934 0.711246 0.037861 1.242836 0.618803 0.004418 1.123143 0.665698 0.033969 
