0.029826 0.002043 0.004966 0.121264 0.123743 0.004243 0.183691 0.001610 0.004103 0.222593 0.098886 0.003717 
0.029485 0.002738 0.004835 0.121328 0.123828 0.004266 0.183744 0.001690 0.004000 0.222278 0.099568 0.003734 
0.028914 0.003717 0.004929 0.119977 0.123218 0.004320 0.182388 0.001068 0.003871 0.221750 0.100507 0.003615 
0.029534 0.002157 0.004916 0.118130 0.122155 0.003942 0.180593 0.000017 0.003842 0.222316 0.098974 0.003262 
0.029256 0.002690 0.004918 0.117826 0.122001 0.004041 0.180292 -0.000137 0.003948 0.222055 0.099506 0.003424 
0.028788 0.003596 0.004921 0.117582 0.121878 0.004128 0.180055 -0.000259 0.004047 0.221610 0.100417 0.003571 
0.028851 0.003444 0.004837 0.117242 0.121622 0.003970 0.179746 -0.000501 0.004194 0.221653 0.100303 0.003600 
0.027506 0.006112 0.004730 0.117092 0.121644 0.004108 0.179610 -0.000473 0.004130 0.220370 0.102995 0.003732 
0.027827 0.005814 0.004333 0.118364 0.122064 0.003944 0.180877 -0.000047 0.004474 0.220679 0.102718 0.004100 
0.027492 0.006746 0.004084 0.118405 0.121892 0.003857 0.180914 -0.000220 0.004732 0.220375 0.103645 0.004358 
0.027154 0.007827 0.003767 0.118187 0.121502 0.003723 0.180682 -0.000618 0.005029 0.220082 0.104698 0.004635 
0.026550 0.008687 0.003921 0.113692 0.118954 0.003279 0.176250 -0.003160 0.005142 0.219521 0.105540 0.004201 
0.024619 0.012414 0.003967 0.110817 0.117462 0.003347 0.173418 -0.004653 0.005158 0.217698 0.109259 0.004157 
0.022719 0.016113 0.004030 0.108348 0.116209 0.003490 0.170981 -0.005910 0.005209 0.215908 0.112945 0.004208 
0.021483 0.018519 0.004177 0.106141 0.115092 0.003622 0.168795 -0.007032 0.005467 0.214750 0.115328 0.004350 
0.020822 0.019808 0.004395 0.104289 0.114162 0.003744 0.166954 -0.007964 0.005907 0.214138 0.116589 0.004561 
0.020648 0.020147 0.004668 0.102867 0.113457 0.003855 0.165534 -0.008669 0.006503 0.213986 0.116901 0.004832 
0.022236 0.017662 0.004363 0.104622 0.113942 0.003582 0.167203 -0.008191 0.007300 0.215540 0.114349 0.005384 
0.019655 0.022647 0.004337 0.102919 0.113132 0.003755 0.165465 -0.009046 0.006937 0.213151 0.119224 0.005148 
0.017429 0.026998 0.004290 0.101205 0.112249 0.003878 0.163790 -0.009934 0.006616 0.211044 0.123583 0.004983 
0.015666 0.030237 0.004393 0.098077 0.110614 0.003829 0.160724 -0.011566 0.006347 0.209371 0.126828 0.004552 
0.013863 0.033632 0.004439 0.095689 0.109367 0.003846 0.158388 -0.012809 0.006138 0.207656 0.130239 0.004297 
0.012057 0.037153 0.004419 0.094531 0.108771 0.003950 0.157256 -0.013404 0.006018 0.205943 0.133772 0.004301 
0.009098 0.044135 0.005192 0.091746 0.106817 0.004648 0.154689 -0.015285 0.005806 0.203062 0.141001 0.004380 
0.006295 0.050141 0.005040 0.090934 0.106225 0.004747 0.153927 -0.015863 0.005460 0.200399 0.147067 0.004548 
0.005367 0.051932 0.005050 0.088823 0.105180 0.004756 0.151865 -0.016895 0.005936 0.199509 0.148883 0.004599 
0.005694 0.051293 0.005106 0.087267 0.104421 0.004772 0.150305 -0.017657 0.006788 0.199839 0.148199 0.004722 
0.004304 0.053990 0.005047 0.086907 0.104237 0.004784 0.149963 -0.017836 0.006768 0.198513 0.150918 0.004717 
0.004396 0.053744 0.005078 0.087484 0.104546 0.004807 0.150609 -0.017476 0.007305 0.198533 0.150806 0.004809 
0.001381 0.059590 0.004946 0.088537 0.105046 0.004815 0.151701 -0.016964 0.006385 0.195640 0.156741 0.004699 
-0.001426 0.065236 0.004260 0.092290 0.106633 0.004593 0.155542 -0.015311 0.005243 0.192874 0.162634 0.004919 
-0.147078 0.422530 0.014732 0.154131 -0.016889 0.005104 0.191559 0.164917 0.004707 0.123534 0.206778 0.007154 -0.178358 -0.029290 0.036628 -0.045306 0.013024 0.014453 
0.153267 -0.017339 0.005080 -0.091143 0.443415 0.018574 -0.188709 -0.035570 0.027499 -0.030045 0.000077 0.009822 0.190529 0.167032 0.004716 0.116917 0.209664 0.007849 
0.152361 -0.017811 0.005061 -0.089254 0.441129 0.015634 -0.195764 -0.041935 0.026296 -0.026679 -0.005071 0.008862 0.189376 0.169394 0.004726 0.116165 0.207691 0.007170 
-0.092013 0.437670 0.012193 0.151807 -0.018099 0.005047 0.188011 0.172193 0.004737 0.116142 0.206181 0.006514 -0.198673 -0.046360 0.026432 -0.025945 -0.007299 0.008436 
-0.091729 0.436298 0.009529 0.151794 -0.018107 0.005038 0.186416 0.175463 0.004745 0.116660 0.205471 0.005966 -0.198633 -0.047887 0.026406 -0.025974 -0.007733 0.008030 
0.153559 -0.017878 0.005452 -0.089432 0.436709 0.007646 -0.197526 -0.047344 0.026270 -0.026542 -0.007300 0.007845 0.187983 0.172198 0.003656 0.115751 0.206037 0.004822 
0.152940 -0.018336 0.005521 -0.086717 0.438123 0.005832 -0.195856 -0.045717 0.025794 -0.027131 -0.006308 0.007592 0.186405 0.175176 0.003245 0.115881 0.206465 0.004109 
0.153239 -0.018163 0.005973 -0.083217 0.439622 0.004906 -0.195458 -0.043640 0.025521 -0.028021 -0.005198 0.007596 0.185170 0.177697 0.003281 0.115287 0.207305 0.003933 
0.153597 -0.017935 0.006823 -0.082725 0.440026 0.004974 -0.196146 -0.042475 0.027071 -0.030478 -0.003602 0.008427 0.184988 0.178068 0.003273 0.112604 0.209009 0.004045 
0.154218 -0.017571 0.007664 -0.082201 0.440552 0.004989 -0.196420 -0.041711 0.028628 -0.032513 -0.002254 0.009238 0.184991 0.178042 0.003254 0.110397 0.210429 0.004134 
0.155088 -0.017097 0.008409 -0.081554 0.441334 0.004979 -0.196560 -0.040947 0.029907 -0.034043 -0.001187 0.009945 0.185041 0.177879 0.003224 0.108728 0.211542 0.004192 
0.156190 -0.016489 0.008996 -0.080296 0.442264 0.004999 -0.197236 -0.039973 0.030802 -0.035087 -0.000419 0.010484 0.185012 0.177947 0.003235 0.107591 0.212340 0.004271 
0.157477 -0.015792 0.009426 -0.078708 0.442979 0.004988 -0.197864 -0.039490 0.031598 -0.035627 -0.000064 0.010888 0.184952 0.178067 0.003258 0.107000 0.212717 0.004336 
0.158913 -0.015064 0.009779 -0.077219 0.443915 0.004981 -0.198321 -0.038923 0.032011 -0.035639 -0.000019 0.011200 0.184980 0.177915 0.003257 0.106848 0.212834 0.004367 
0.160352 -0.014302 0.009994 -0.075475 0.444660 0.004958 -0.198974 -0.038609 0.032383 -0.035440 -0.000141 0.011399 0.184935 0.178006 0.003301 0.107078 0.212693 0.004421 
0.161768 -0.013559 0.010126 -0.074610 0.445006 0.004801 -0.199325 -0.038448 0.032845 -0.035306 -0.000219 0.011588 0.184902 0.178073 0.003352 0.107594 0.212373 0.004469 
0.163126 -0.012851 0.010199 -0.074015 0.445214 0.004604 -0.199642 -0.038337 0.033245 -0.035083 -0.000354 0.011740 0.184892 0.178094 0.003406 0.108296 0.211936 0.004512 
0.164379 -0.012199 0.010247 -0.073566 0.445279 0.004365 -0.200131 -0.038246 0.033652 -0.034850 -0.000497 0.011884 0.184929 0.178018 0.003463 0.109094 0.211439 0.004551 
0.165484 -0.011625 0.010283 -0.073227 0.445244 0.004111 -0.200749 -0.038154 0.034055 -0.034643 -0.000623 0.012024 0.185001 0.177873 0.003518 0.109886 0.210944 0.004585 
0.166409 -0.011145 0.010305 -0.073207 0.445098 0.003859 -0.201178 -0.038120 0.034451 -0.034521 -0.000695 0.012154 0.185066 0.177740 0.003569 0.110606 0.210496 0.004617 
0.167138 -0.010769 0.010309 -0.073527 0.444884 0.003635 -0.201241 -0.038175 0.034802 -0.034472 -0.000719 0.012260 0.185097 0.177676 0.003616 0.111214 0.210116 0.004645 
0.167652 -0.010504 0.010312 -0.074005 0.444640 0.003450 -0.201146 -0.038257 0.035105 -0.034499 -0.000696 0.012352 0.185114 0.177643 0.003656 0.111665 0.209835 0.004671 
0.167917 -0.010367 0.010326 -0.074396 0.444455 0.003337 -0.201036 -0.038318 0.035301 -0.034542 -0.000664 0.012419 0.185121 0.177629 0.003690 0.111922 0.209674 0.004695 
0.167937 -0.010358 0.010350 -0.074502 0.444412 0.003319 -0.200985 -0.038342 0.035334 -0.034526 -0.000673 0.012446 0.185121 0.177628 0.003719 0.111989 0.209633 0.004717 
0.167850 -0.010403 0.010369 -0.074530 0.444404 0.003334 -0.200962 -0.038359 0.035290 -0.034476 -0.000706 0.012450 0.185122 0.177626 0.003747 0.112006 0.209621 0.004738 
0.167690 -0.010488 0.010379 -0.074564 0.444394 0.003363 -0.200935 -0.038383 0.035203 -0.034405 -0.000753 0.012437 0.185124 0.177623 0.003774 0.112011 0.209618 0.004756 
0.167455 -0.010612 0.010380 -0.074599 0.444386 0.003407 -0.200905 -0.038413 0.035074 -0.034316 -0.000812 0.012409 0.185126 0.177618 0.003799 0.111999 0.209625 0.004773 
0.167150 -0.010774 0.010374 -0.074635 0.444382 0.003466 -0.200860 -0.038453 0.034903 -0.034209 -0.000883 0.012366 0.185129 0.177612 0.003824 0.111967 0.209644 0.004789 
0.166778 -0.010970 0.010361 -0.074677 0.444380 0.003539 -0.200794 -0.038503 0.034696 -0.034088 -0.000965 0.012311 0.185132 0.177606 0.003847 0.111915 0.209675 0.004803 
0.166346 -0.011198 0.010343 -0.074727 0.444380 0.003626 -0.200709 -0.038564 0.034456 -0.033953 -0.001055 0.012244 0.185135 0.177599 0.003869 0.111846 0.209716 0.004816 
0.165860 -0.011455 0.010319 -0.074798 0.444396 0.003732 -0.200629 -0.038584 0.034160 -0.033803 -0.001153 0.012165 0.185138 0.177592 0.003891 0.111753 0.209775 0.004829 
0.165327 -0.011736 0.010290 -0.074858 0.444396 0.003838 -0.200526 -0.038658 0.033864 -0.033645 -0.001259 0.012078 0.185143 0.177584 0.003911 0.111660 0.209831 0.004840 
0.164755 -0.012038 0.010256 -0.074928 0.444392 0.003950 -0.200416 -0.038735 0.033546 -0.033478 -0.001371 0.011983 0.185147 0.177574 0.003932 0.111560 0.209892 0.004849 
0.164154 -0.012355 0.010218 -0.075063 0.444382 0.004070 -0.200316 -0.038763 0.033192 -0.033314 -0.001479 0.011884 0.185152 0.177565 0.003951 0.111448 0.209962 0.004860 
0.163532 -0.012684 0.010174 -0.075243 0.444328 0.004174 -0.200182 -0.038848 0.032868 -0.033166 -0.001579 0.011785 0.185158 0.177553 0.003971 0.111349 0.210022 0.004868 
0.162899 -0.013019 0.010126 -0.076117 0.444052 0.004085 -0.199933 -0.038962 0.032575 -0.033085 -0.001643 0.011698 0.185164 0.177540 0.003990 0.111385 0.209988 0.004852 
0.162258 -0.013357 0.010073 -0.076262 0.444013 0.004206 -0.199811 -0.039044 0.032224 -0.032913 -0.001759 0.011588 0.185170 0.177527 0.004009 0.111288 0.210046 0.004861 
0.161613 -0.013699 0.010018 -0.076401 0.443990 0.004338 -0.199723 -0.039062 0.031825 -0.032721 -0.001886 0.011472 0.185176 0.177516 0.004028 0.111186 0.210110 0.004871 
0.160976 -0.014036 0.009961 -0.076589 0.443951 0.004457 -0.199584 -0.039141 0.031471 -0.032550 -0.001998 0.011360 0.185181 0.177505 0.004046 0.111098 0.210164 0.004879 
0.160356 -0.014364 0.009901 -0.076808 0.443881 0.004561 -0.199423 -0.039240 0.031137 -0.032385 -0.002109 0.011250 0.185186 0.177493 0.004064 0.111032 0.210203 0.004886 
0.159763 -0.014679 0.009840 -0.077072 0.443802 0.004658 -0.199254 -0.039321 0.030808 -0.032228 -0.002213 0.011144 0.185192 0.177481 0.004081 0.110978 0.210235 0.004892 
0.159200 -0.014978 0.009775 -0.077365 0.443709 0.004744 -0.199072 -0.039404 0.030493 -0.032077 -0.002312 0.011040 0.185194 0.177477 0.004098 0.110944 0.210255 0.004899 
0.158668 -0.015261 0.009709 -0.077656 0.443607 0.004818 -0.198885 -0.039502 0.030201 -0.031929 -0.002410 0.010939 0.185193 0.177479 0.004114 0.110931 0.210261 0.004903 
0.158171 -0.015526 0.009643 -0.077936 0.443508 0.004885 -0.198703 -0.039597 0.029923 -0.031781 -0.002509 0.010842 0.185191 0.177482 0.004128 0.110931 0.210259 0.004906 
0.157717 -0.015767 0.009579 -0.078288 0.443372 0.004930 -0.198516 -0.039689 0.029690 -0.031671 -0.002582 0.010758 0.185190 0.177483 0.004142 0.110947 0.210248 0.004909 
0.157327 -0.015975 0.009517 -0.078809 0.443156 0.004934 -0.198301 -0.039787 0.029542 -0.031638 -0.002604 0.010697 0.185192 0.177480 0.004155 0.110990 0.210220 0.004912 
0.157003 -0.016149 0.009461 -0.079272 0.443018 0.004938 -0.198103 -0.039833 0.029382 -0.031583 -0.002625 0.010639 0.185197 0.177470 0.004168 0.111063 0.210186 0.004915 
0.156738 -0.016291 0.009411 -0.079741 0.442938 0.004937 -0.197876 -0.039840 0.029210 -0.031514 -0.002648 0.010584 0.185200 0.177463 0.004179 0.111151 0.210149 0.004916 
0.156529 -0.016404 0.009367 -0.080075 0.442868 0.004941 -0.197707 -0.039857 0.029077 -0.031451 -0.002672 0.010538 0.185204 0.177455 0.004188 0.111231 0.210112 0.004918 
0.156368 -0.016490 0.009334 -0.080381 0.442828 0.004941 -0.197546 -0.039857 0.028961 -0.031399 -0.002689 0.010502 0.185207 0.177450 0.004196 0.111298 0.210084 0.004920 
0.156249 -0.016554 0.009313 -0.080584 0.442790 0.004942 -0.197453 -0.039864 0.028887 -0.031369 -0.002700 0.010479 0.185209 0.177445 0.004201 0.111334 0.210068 0.004921 
0.156174 -0.016594 0.009303 -0.080684 0.442759 0.004945 -0.197411 -0.039876 0.028858 -0.031362 -0.002702 0.010468 0.185211 0.177440 0.004205 0.111342 0.210066 0.004923 
0.156146 -0.016609 0.009304 -0.080731 0.442755 0.004948 -0.197380 -0.039875 0.028850 -0.031369 -0.002694 0.010468 0.185212 0.177439 0.004206 0.111335 0.210073 0.004924 
0.156139 -0.016613 0.009308 -0.080744 0.442756 0.004951 -0.197369 -0.039871 0.028854 -0.031379 -0.002686 0.010471 0.185212 0.177439 0.004207 0.111323 0.210081 0.004926 
0.156130 -0.016617 0.009313 -0.080782 0.442764 0.004950 -0.197352 -0.039859 0.028853 -0.031391 -0.002675 0.010476 0.185213 0.177437 0.004208 0.111310 0.210092 0.004927 
0.156117 -0.016623 0.009320 -0.080811 0.442764 0.004953 -0.197329 -0.039853 0.028862 -0.031414 -0.002658 0.010482 0.185213 0.177436 0.004208 0.111285 0.210110 0.004928 
0.156103 -0.016630 0.009328 -0.080854 0.442767 0.004954 -0.197302 -0.039844 0.028870 -0.031441 -0.002637 0.010489 0.185213 0.177435 0.004209 0.111257 0.210130 0.004929 
0.156091 -0.016637 0.009334 -0.080882 0.442766 0.004956 -0.197280 -0.039840 0.028880 -0.031465 -0.002620 0.010495 0.185214 0.177434 0.004209 0.111232 0.210148 0.004930 
0.156078 -0.016643 0.009341 -0.080929 0.442768 0.004955 -0.197255 -0.039830 0.028886 -0.031488 -0.002602 0.010501 0.185214 0.177433 0.004209 0.111208 0.210165 0.004931 
0.156064 -0.016650 0.009348 -0.080961 0.442765 0.004957 -0.197231 -0.039827 0.028897 -0.031514 -0.002584 0.010507 0.185214 0.177433 0.004209 0.111181 0.210184 0.004932 
0.156053 -0.016655 0.009353 -0.080986 0.442763 0.004959 -0.197212 -0.039824 0.028907 -0.031536 -0.002568 0.010512 0.185215 0.177432 0.004209 0.111158 0.210199 0.004932 
0.156044 -0.016660 0.009358 -0.081007 0.442762 0.004960 -0.197195 -0.039822 0.028915 -0.031554 -0.002555 0.010517 0.185215 0.177431 0.004209 0.111138 0.210213 0.004933 
0.156036 -0.016664 0.009363 -0.081028 0.442760 0.004961 -0.197178 -0.039820 0.028924 -0.031572 -0.002542 0.010522 0.185215 0.177431 0.004208 0.111119 0.210226 0.004934 
0.156027 -0.016668 0.009368 -0.081048 0.442758 0.004962 -0.197162 -0.039818 0.028933 -0.031591 -0.002529 0.010526 0.185215 0.177430 0.004208 0.111100 0.210239 0.004934 
0.156020 -0.016672 0.009373 -0.081068 0.442757 0.004963 -0.197145 -0.039817 0.028942 -0.031609 -0.002516 0.010531 0.185216 0.177429 0.004208 0.111081 0.210252 0.004935 
0.156013 -0.016675 0.009378 -0.081088 0.442755 0.004964 -0.197129 -0.039816 0.028951 -0.031627 -0.002503 0.010536 0.185216 0.177428 0.004208 0.111062 0.210264 0.004935 
0.156004 -0.016680 0.009385 -0.081160 0.442758 0.004958 -0.197104 -0.039801 0.028956 -0.031651 -0.002484 0.010542 0.185218 0.177424 0.004207 0.111044 0.210279 0.004935 
0.155988 -0.016688 0.009393 -0.081193 0.442764 0.004961 -0.197071 -0.039794 0.028964 -0.031679 -0.002462 0.010549 0.185219 0.177422 0.004207 0.111011 0.210303 0.004936 
0.155967 -0.016698 0.009402 -0.081271 0.442770 0.004959 -0.197026 -0.039778 0.028972 -0.031716 -0.002433 0.010557 0.185220 0.177419 0.004205 0.110974 0.210330 0.004935 
0.155951 -0.016706 0.009410 -0.081310 0.442765 0.004961 -0.196996 -0.039776 0.028987 -0.031749 -0.002410 0.010565 0.185221 0.177418 0.004205 0.110940 0.210354 0.004936 
0.155939 -0.016712 0.009417 -0.081341 0.442761 0.004961 -0.196974 -0.039773 0.029000 -0.031777 -0.002390 0.010571 0.185221 0.177417 0.004204 0.110912 0.210373 0.004936 
0.155929 -0.016717 0.009422 -0.081365 0.442759 0.004962 -0.196954 -0.039771 0.029011 -0.031800 -0.002374 0.010577 0.185221 0.177416 0.004203 0.110888 0.210389 0.004937 
0.155914 -0.016724 0.009431 -0.081436 0.442770 0.004959 -0.196922 -0.039752 0.029013 -0.031828 -0.002351 0.010584 0.185224 0.177410 0.004202 0.110861 0.210410 0.004936 
0.155902 -0.016730 0.009440 -0.081468 0.442769 0.004960 -0.196897 -0.039748 0.029028 -0.031855 -0.002331 0.010592 0.185229 0.177400 0.004202 0.110830 0.210431 0.004937 
0.155897 -0.016731 0.009454 -0.081483 0.442774 0.004961 -0.196887 -0.039740 0.029040 -0.031868 -0.002319 0.010604 0.185246 0.177364 0.004201 0.110807 0.210448 0.004937 
0.155895 -0.016731 0.009469 -0.081490 0.442781 0.004962 -0.196881 -0.039732 0.029051 -0.031877 -0.002311 0.010616 0.185266 0.177325 0.004200 0.110788 0.210463 0.004937 
0.155889 -0.016734 0.009488 -0.081508 0.442811 0.004971 -0.196886 -0.039681 0.029039 -0.031883 -0.002299 0.010630 0.185291 0.177272 0.004199 0.110754 0.210491 0.004939 
0.155880 -0.016736 0.009513 -0.081530 0.442826 0.004973 -0.196875 -0.039659 0.029052 -0.031896 -0.002284 0.010649 0.185327 0.177199 0.004198 0.110720 0.210517 0.004939 
0.155872 -0.016738 0.009542 -0.081553 0.442846 0.004975 -0.196870 -0.039627 0.029061 -0.031907 -0.002269 0.010672 0.185368 0.177116 0.004197 0.110682 0.210547 0.004939 
0.155863 -0.016741 0.009571 -0.081581 0.442863 0.004977 -0.196862 -0.039595 0.029073 -0.031923 -0.002251 0.010695 0.185409 0.177032 0.004195 0.110641 0.210579 0.004940 
0.155853 -0.016744 0.009603 -0.081608 0.442874 0.004977 -0.196847 -0.039576 0.029094 -0.031942 -0.002233 0.010720 0.185452 0.176943 0.004194 0.110599 0.210611 0.004940 
0.155846 -0.016745 0.009632 -0.081634 0.442883 0.004976 -0.196835 -0.039559 0.029117 -0.031962 -0.002214 0.010745 0.185493 0.176860 0.004192 0.110559 0.210641 0.004940 
0.155840 -0.016746 0.009660 -0.081658 0.442891 0.004975 -0.196823 -0.039544 0.029140 -0.031982 -0.002196 0.010768 0.185531 0.176783 0.004191 0.110520 0.210670 0.004940 
0.155835 -0.016747 0.009688 -0.081683 0.442895 0.004973 -0.196810 -0.039532 0.029165 -0.032003 -0.002178 0.010791 0.185567 0.176709 0.004190 0.110481 0.210698 0.004939 
0.155832 -0.016747 0.009714 -0.081707 0.442899 0.004972 -0.196798 -0.039521 0.029191 -0.032025 -0.002160 0.010814 0.185602 0.176638 0.004189 0.110444 0.210724 0.004939 
0.155830 -0.016746 0.009740 -0.081729 0.442903 0.004970 -0.196786 -0.039512 0.029217 -0.032045 -0.002142 0.010836 0.185636 0.176567 0.004188 0.110409 0.210750 0.004939 
0.155830 -0.016744 0.009766 -0.081752 0.442900 0.004968 -0.196769 -0.039512 0.029248 -0.032065 -0.002127 0.010860 0.185673 0.176491 0.004186 0.110373 0.210774 0.004939 
0.155827 -0.016743 0.009798 -0.081796 0.442914 0.004975 -0.196765 -0.039467 0.029254 -0.032079 -0.002113 0.010886 0.185721 0.176394 0.004186 0.110324 0.210809 0.004941 
0.155818 -0.016744 0.009838 -0.082328 0.442779 0.004831 -0.196680 -0.039441 0.029291 -0.032136 -0.002071 0.010928 0.185783 0.176267 0.004185 0.110383 0.210774 0.004924 
0.155804 -0.016749 0.009880 -0.082339 0.442822 0.004843 -0.196660 -0.039403 0.029302 -0.032144 -0.002053 0.010959 0.185846 0.176140 0.004184 0.110327 0.210820 0.004925 
0.155787 -0.016754 0.009920 -0.082355 0.442864 0.004856 -0.196635 -0.039365 0.029314 -0.032159 -0.002031 0.010990 0.185903 0.176022 0.004182 0.110267 0.210868 0.004927 
0.155769 -0.016761 0.009959 -0.082385 0.442893 0.004865 -0.196608 -0.039332 0.029333 -0.032183 -0.002004 0.011020 0.185957 0.175913 0.004181 0.110205 0.210916 0.004928 
0.155752 -0.016767 0.009996 -0.082419 0.442915 0.004872 -0.196581 -0.039303 0.029356 -0.032212 -0.001977 0.011049 0.186005 0.175813 0.004180 0.110144 0.210962 0.004929 
0.155737 -0.016772 0.010030 -0.082454 0.442932 0.004878 -0.196557 -0.039278 0.029380 -0.032241 -0.001949 0.011077 0.186050 0.175721 0.004179 0.110087 0.211005 0.004930 
0.155727 -0.016775 0.010061 -0.082487 0.442943 0.004882 -0.196536 -0.039258 0.029406 -0.032270 -0.001923 0.011104 0.186093 0.175635 0.004178 0.110035 0.211043 0.004931 
0.155720 -0.016776 0.010091 -0.082517 0.442950 0.004884 -0.196521 -0.039241 0.029435 -0.032297 -0.001900 0.011130 0.186133 0.175553 0.004177 0.109988 0.211078 0.004932 
0.155717 -0.016775 0.010118 -0.082541 0.442957 0.004886 -0.196510 -0.039226 0.029462 -0.032321 -0.001879 0.011154 0.186169 0.175478 0.004176 0.109948 0.211107 0.004932 
0.155719 -0.016773 0.010142 -0.082555 0.442965 0.004888 -0.196502 -0.039214 0.029487 -0.032341 -0.001862 0.011175 0.186202 0.175412 0.004176 0.109913 0.211133 0.004933 
0.155722 -0.016769 0.010163 -0.082566 0.442972 0.004889 -0.196496 -0.039204 0.029510 -0.032360 -0.001846 0.011194 0.186229 0.175356 0.004175 0.109883 0.211154 0.004934 
0.155725 -0.016766 0.010182 -0.082578 0.442976 0.004890 -0.196490 -0.039196 0.029532 -0.032377 -0.001833 0.011211 0.186254 0.175305 0.004175 0.109856 0.211174 0.004934 
0.155728 -0.016764 0.010199 -0.082589 0.442979 0.004891 -0.196483 -0.039191 0.029553 -0.032392 -0.001820 0.011226 0.186277 0.175258 0.004174 0.109831 0.211191 0.004934 
0.155729 -0.016762 0.010217 -0.082604 0.442977 0.004891 -0.196472 -0.039192 0.029575 -0.032405 -0.001810 0.011243 0.186303 0.175204 0.004174 0.109807 0.211208 0.004935 
0.155729 -0.016760 0.010236 -0.082620 0.442972 0.004892 -0.196456 -0.039202 0.029602 -0.032417 -0.001802 0.011260 0.186334 0.175141 0.004174 0.109783 0.211223 0.004935 
0.155726 -0.016760 0.010257 -0.082640 0.442966 0.004892 -0.196436 -0.039219 0.029633 -0.032430 -0.001792 0.011279 0.186366 0.175075 0.004174 0.109759 0.211238 0.004936 
0.155723 -0.016761 0.010277 -0.082663 0.442958 0.004891 -0.196414 -0.039237 0.029667 -0.032446 -0.001781 0.011299 0.186399 0.175008 0.004174 0.109734 0.211255 0.004936 
0.155719 -0.016761 0.010299 -0.082688 0.442949 0.004891 -0.196390 -0.039257 0.029703 -0.032463 -0.001769 0.011319 0.186434 0.174936 0.004174 0.109707 0.211272 0.004936 
0.155714 -0.016761 0.010323 -0.082716 0.442940 0.004890 -0.196364 -0.039277 0.029740 -0.032480 -0.001757 0.011341 0.186471 0.174861 0.004174 0.109678 0.211291 0.004937 
0.155709 -0.016762 0.010351 -0.082764 0.442950 0.004898 -0.196343 -0.039269 0.029768 -0.032501 -0.001739 0.011367 0.186517 0.174767 0.004174 0.109638 0.211320 0.004939 
0.155704 -0.016762 0.010377 -0.082813 0.442957 0.004905 -0.196322 -0.039260 0.029797 -0.032525 -0.001718 0.011392 0.186558 0.174684 0.004174 0.109596 0.211350 0.004941 
0.155697 -0.016763 0.010411 -0.082885 0.442961 0.004909 -0.196277 -0.039282 0.029854 -0.032560 -0.001689 0.011426 0.186613 0.174570 0.004175 0.109553 0.211382 0.004943 
0.155695 -0.016763 0.010431 -0.082912 0.442952 0.004904 -0.196251 -0.039306 0.029898 -0.032589 -0.001670 0.011445 0.186640 0.174516 0.004175 0.109524 0.211401 0.004943 
0.155695 -0.016761 0.010456 -0.083498 0.442782 0.004738 -0.196143 -0.039332 0.029968 -0.032673 -0.001614 0.011481 0.186674 0.174447 0.004174 0.109608 0.211347 0.004922 
0.155687 -0.016762 0.010494 -0.083515 0.442827 0.004747 -0.196135 -0.039296 0.029993 -0.032692 -0.001586 0.011513 0.186733 0.174325 0.004175 0.109562 0.211389 0.004924 
0.155682 -0.016761 0.010533 -0.083538 0.442852 0.004754 -0.196127 -0.039264 0.030020 -0.032713 -0.001562 0.011545 0.186791 0.174207 0.004175 0.109513 0.211429 0.004925 
0.155679 -0.016760 0.010568 -0.083561 0.442875 0.004759 -0.196119 -0.039234 0.030047 -0.032739 -0.001536 0.011575 0.186841 0.174104 0.004175 0.109463 0.211468 0.004927 
0.155676 -0.016759 0.010601 -0.083583 0.442895 0.004764 -0.196112 -0.039206 0.030076 -0.032766 -0.001509 0.011603 0.186885 0.174014 0.004175 0.109415 0.211506 0.004928 
0.155677 -0.016756 0.010630 -0.083603 0.442911 0.004767 -0.196104 -0.039185 0.030107 -0.032796 -0.001482 0.011629 0.186923 0.173938 0.004174 0.109370 0.211540 0.004929 
0.155678 -0.016753 0.010656 -0.083622 0.442922 0.004770 -0.196093 -0.039172 0.030140 -0.032827 -0.001457 0.011653 0.186957 0.173868 0.004174 0.109328 0.211572 0.004930 
0.155680 -0.016751 0.010681 -0.083642 0.442929 0.004772 -0.196078 -0.039170 0.030178 -0.032858 -0.001432 0.011677 0.186989 0.173802 0.004174 0.109288 0.211601 0.004931 
0.155680 -0.016748 0.010705 -0.083663 0.442932 0.004774 -0.196059 -0.039177 0.030219 -0.032888 -0.001409 0.011700 0.187021 0.173738 0.004174 0.109250 0.211627 0.004931 
0.155680 -0.016747 0.010727 -0.083683 0.442934 0.004775 -0.196038 -0.039189 0.030260 -0.032916 -0.001387 0.011721 0.187051 0.173676 0.004174 0.109217 0.211651 0.004932 
0.155680 -0.016745 0.010748 -0.083703 0.442934 0.004776 -0.196016 -0.039207 0.030301 -0.032941 -0.001368 0.011741 0.187079 0.173618 0.004174 0.109187 0.211672 0.004933 
0.155680 -0.016744 0.010765 -0.083721 0.442931 0.004777 -0.195993 -0.039229 0.030341 -0.032965 -0.001351 0.011759 0.187105 0.173565 0.004175 0.109161 0.211689 0.004934 
0.155679 -0.016743 0.010782 -0.083740 0.442925 0.004778 -0.195969 -0.039257 0.030381 -0.032985 -0.001337 0.011776 0.187130 0.173514 0.004175 0.109139 0.211704 0.004934 
0.155678 -0.016742 0.010797 -0.083755 0.442921 0.004779 -0.195947 -0.039280 0.030413 -0.032999 -0.001327 0.011792 0.187156 0.173462 0.004175 0.109120 0.211716 0.004935 
0.155677 -0.016741 0.010813 -0.083768 0.442917 0.004780 -0.195927 -0.039301 0.030442 -0.033010 -0.001319 0.011807 0.187181 0.173409 0.004176 0.109103 0.211727 0.004935 
0.155677 -0.016741 0.010829 -0.083781 0.442914 0.004781 -0.195907 -0.039321 0.030471 -0.033020 -0.001312 0.011822 0.187208 0.173355 0.004177 0.109085 0.211739 0.004935 
0.155675 -0.016740 0.010846 -0.083798 0.442909 0.004781 -0.195885 -0.039341 0.030501 -0.033031 -0.001304 0.011838 0.187236 0.173298 0.004177 0.109066 0.211751 0.004936 
0.155673 -0.016740 0.010864 -0.083817 0.442902 0.004781 -0.195863 -0.039361 0.030533 -0.033044 -0.001294 0.011855 0.187265 0.173238 0.004178 0.109045 0.211765 0.004936 
0.155671 -0.016739 0.010883 -0.083842 0.442894 0.004780 -0.195838 -0.039382 0.030567 -0.033059 -0.001283 0.011873 0.187296 0.173175 0.004178 0.109023 0.211779 0.004936 
0.155669 -0.016739 0.010903 -0.083873 0.442883 0.004778 -0.195811 -0.039404 0.030604 -0.033077 -0.001271 0.011893 0.187328 0.173110 0.004179 0.109001 0.211794 0.004937 
0.155664 -0.016739 0.010933 -0.083980 0.442914 0.004793 -0.195774 -0.039375 0.030640 -0.033119 -0.001230 0.011925 0.187379 0.173004 0.004181 0.108955 0.211835 0.004942 
0.155660 -0.016738 0.010958 -0.084048 0.442900 0.004784 -0.195723 -0.039416 0.030703 -0.033154 -0.001202 0.011952 0.187421 0.172920 0.004182 0.108933 0.211853 0.004941 
0.155658 -0.016739 0.010975 -0.084075 0.442891 0.004781 -0.195699 -0.039435 0.030737 -0.033177 -0.001186 0.011968 0.187443 0.172874 0.004182 0.108909 0.211868 0.004941 
0.155655 -0.016739 0.010992 -0.084118 0.442902 0.004790 -0.195691 -0.039407 0.030746 -0.033197 -0.001169 0.011984 0.187467 0.172824 0.004182 0.108872 0.211894 0.004943 
0.155650 -0.016739 0.011020 -0.084197 0.442897 0.004780 -0.195639 -0.039432 0.030804 -0.033232 -0.001137 0.012013 0.187513 0.172731 0.004183 0.108852 0.211914 0.004943 
0.155647 -0.016739 0.011039 -0.084813 0.442728 0.004611 -0.195531 -0.039441 0.030865 -0.033323 -0.001074 0.012044 0.187537 0.172681 0.004184 0.108944 0.211858 0.004922 
0.155639 -0.016741 0.011068 -0.084878 0.442816 0.004615 -0.195528 -0.039351 0.030888 -0.033386 -0.000999 0.012070 0.187569 0.172617 0.004183 0.108903 0.211914 0.004924 
0.155631 -0.016741 0.011116 -0.084879 0.442918 0.004627 -0.195547 -0.039250 0.030896 -0.033416 -0.000949 0.012106 0.187632 0.172488 0.004184 0.108840 0.211979 0.004925 
0.155624 -0.016739 0.011173 -0.084882 0.443028 0.004639 -0.195566 -0.039138 0.030909 -0.033452 -0.000893 0.012149 0.187704 0.172341 0.004185 0.108767 0.212054 0.004927 
0.155619 -0.016737 0.011233 -0.084889 0.443139 0.004649 -0.195585 -0.039023 0.030927 -0.033496 -0.000831 0.012194 0.187778 0.172190 0.004185 0.108686 0.212133 0.004928 
0.155612 -0.016734 0.011293 -0.084905 0.443240 0.004658 -0.195598 -0.038913 0.030952 -0.033549 -0.000766 0.012240 0.187850 0.172044 0.004186 0.108599 0.212215 0.004929 
0.155604 -0.016734 0.011350 -0.084925 0.443330 0.004667 -0.195598 -0.038816 0.030979 -0.033603 -0.000702 0.012285 0.187915 0.171909 0.004187 0.108510 0.212295 0.004930 
0.155594 -0.016734 0.011403 -0.084949 0.443403 0.004675 -0.195585 -0.038738 0.031009 -0.033658 -0.000644 0.012326 0.187975 0.171788 0.004187 0.108421 0.212371 0.004931 
0.155585 -0.016734 0.011450 -0.084974 0.443460 0.004683 -0.195566 -0.038676 0.031042 -0.033711 -0.000590 0.012364 0.188027 0.171682 0.004187 0.108336 0.212441 0.004932 
0.155576 -0.016735 0.011494 -0.085001 0.443506 0.004689 -0.195546 -0.038625 0.031073 -0.033759 -0.000543 0.012399 0.188075 0.171584 0.004188 0.108259 0.212503 0.004932 
0.155568 -0.016736 0.011533 -0.085027 0.443544 0.004694 -0.195529 -0.038581 0.031102 -0.033801 -0.000502 0.012431 0.188120 0.171492 0.004188 0.108191 0.212557 0.004933 
0.155562 -0.016736 0.011566 -0.085051 0.443575 0.004698 -0.195517 -0.038543 0.031127 -0.033837 -0.000467 0.012458 0.188158 0.171413 0.004189 0.108135 0.212602 0.004934 
0.155556 -0.016737 0.011593 -0.085072 0.443596 0.004700 -0.195508 -0.038514 0.031148 -0.033864 -0.000441 0.012481 0.188192 0.171345 0.004190 0.108092 0.212637 0.004934 
0.155555 -0.016736 0.011613 -0.085088 0.443608 0.004702 -0.195502 -0.038497 0.031167 -0.033884 -0.000422 0.012498 0.188216 0.171294 0.004190 0.108061 0.212661 0.004935 
0.155557 -0.016734 0.011623 -0.085096 0.443613 0.004703 -0.195498 -0.038489 0.031180 -0.033898 -0.000410 0.012507 0.188229 0.171269 0.004191 0.108043 0.212675 0.004935 
0.155558 -0.016733 0.011627 -0.085103 0.443611 0.004704 -0.195493 -0.038490 0.031190 -0.033908 -0.000403 0.012512 0.188232 0.171263 0.004191 0.108033 0.212682 0.004936 
0.155558 -0.016733 0.011629 -0.085108 0.443610 0.004705 -0.195486 -0.038493 0.031197 -0.033915 -0.000399 0.012514 0.188234 0.171259 0.004191 0.108026 0.212686 0.004936 
0.155557 -0.016733 0.011636 -0.085134 0.443631 0.004716 -0.195479 -0.038484 0.031208 -0.033932 -0.000383 0.012522 0.188244 0.171238 0.004191 0.108007 0.212702 0.004939 
0.155556 -0.016733 0.011644 -0.085142 0.443628 0.004716 -0.195462 -0.038506 0.031232 -0.033942 -0.000376 0.012531 0.188257 0.171211 0.004192 0.107998 0.212708 0.004939 
0.155555 -0.016733 0.011652 -0.085151 0.443626 0.004716 -0.195447 -0.038525 0.031254 -0.033952 -0.000369 0.012539 0.188270 0.171184 0.004192 0.107988 0.212715 0.004939 
0.155555 -0.016733 0.011662 -0.085161 0.443623 0.004715 -0.195430 -0.038546 0.031280 -0.033963 -0.000361 0.012549 0.188286 0.171152 0.004193 0.107976 0.212723 0.004939 
0.155553 -0.016732 0.011677 -0.085194 0.443640 0.004724 -0.195416 -0.038544 0.031303 -0.033984 -0.000342 0.012564 0.188309 0.171105 0.004194 0.107951 0.212743 0.004941 
0.155549 -0.016733 0.011690 -0.085233 0.443650 0.004732 -0.195415 -0.038510 0.031304 -0.033999 -0.000328 0.012577 0.188328 0.171066 0.004195 0.107921 0.212765 0.004943 
0.155542 -0.016735 0.011709 -0.085269 0.443647 0.004728 -0.195372 -0.038561 0.031366 -0.034033 -0.000302 0.012598 0.188357 0.171007 0.004196 0.107899 0.212782 0.004943 
0.155538 -0.016736 0.011723 -0.085297 0.443637 0.004724 -0.195350 -0.038580 0.031399 -0.034057 -0.000286 0.012612 0.188375 0.170970 0.004197 0.107876 0.212797 0.004943 
0.155535 -0.016737 0.011738 -0.085320 0.443628 0.004721 -0.195328 -0.038601 0.031434 -0.034080 -0.000270 0.012626 0.188393 0.170932 0.004197 0.107854 0.212811 0.004943 
0.155532 -0.016737 0.011752 -0.085341 0.443621 0.004718 -0.195307 -0.038622 0.031467 -0.034101 -0.000255 0.012640 0.188411 0.170894 0.004198 0.107834 0.212825 0.004942 
0.155528 -0.016737 0.011772 -0.085392 0.443639 0.004725 -0.195289 -0.038608 0.031490 -0.034126 -0.000232 0.012660 0.188443 0.170831 0.004199 0.107801 0.212852 0.004945 
0.155523 -0.016738 0.011788 -0.086020 0.443459 0.004553 -0.195181 -0.038621 0.031550 -0.034217 -0.000170 0.012689 0.188462 0.170790 0.004200 0.107897 0.212791 0.004923 
0.155515 -0.016740 0.011819 -0.086046 0.443530 0.004561 -0.195187 -0.038549 0.031562 -0.034251 -0.000124 0.012714 0.188504 0.170706 0.004201 0.107856 0.212838 0.004924 
0.155507 -0.016740 0.011862 -0.086051 0.443606 0.004571 -0.195198 -0.038472 0.031572 -0.034273 -0.000086 0.012747 0.188563 0.170585 0.004203 0.107802 0.212892 0.004926 
0.155502 -0.016738 0.011906 -0.086060 0.443685 0.004580 -0.195210 -0.038390 0.031587 -0.034305 -0.000041 0.012781 0.188621 0.170467 0.004206 0.107742 0.212951 0.004927 
0.155497 -0.016736 0.011952 -0.086075 0.443758 0.004588 -0.195220 -0.038309 0.031608 -0.034343 0.000009 0.012817 0.188679 0.170349 0.004208 0.107677 0.213012 0.004928 
