0.000343 0.000424 1.000000 0.001322 -0.001060 0.999999 0.001288 -0.001081 0.999999 0.000334 0.000418 1.000000 
0.000527 0.000651 1.000000 0.001242 -0.000996 0.999999 0.001205 -0.001011 0.999999 0.000517 0.000647 1.000000 
0.001732 0.002140 0.999996 0.001752 -0.001405 0.999997 0.001673 -0.001405 0.999998 0.001710 0.002139 0.999996 
0.002117 0.002617 0.999994 0.001675 -0.001343 0.999998 0.001587 -0.001332 0.999998 0.002093 0.002619 0.999994 
0.002975 0.003679 0.999989 -0.001452 0.001164 0.999998 -0.001506 0.001264 0.999998 0.002960 0.003706 0.999989 
0.002693 0.003330 0.999991 -0.001334 0.001070 0.999999 -0.001383 0.001160 0.999998 0.002679 0.003355 0.999991 
0.002436 0.003011 0.999992 -0.001227 0.000984 0.999999 -0.001271 0.001066 0.999999 0.002423 0.003034 0.999992 
0.002201 0.002721 0.999994 -0.001129 0.000905 0.999999 -0.001169 0.000980 0.999999 0.002190 0.002742 0.999994 
0.001198 0.001481 0.999998 -0.001950 0.001563 0.999997 -0.001947 0.001633 0.999997 0.001198 0.001500 0.999998 
-0.001821 -0.002251 0.999996 -0.005071 0.004067 0.999979 -0.004929 0.004137 0.999979 -0.001783 -0.002231 0.999996 
-0.002521 -0.003114 0.999992 -0.004219 0.003385 0.999985 -0.004073 0.003420 0.999986 -0.002481 -0.003103 0.999992 
-0.001196 -0.001478 0.999998 -0.004263 0.003420 0.999985 -0.004153 0.003487 0.999985 -0.001166 -0.001459 0.999998 
-0.000724 -0.000895 0.999999 -0.005576 0.004472 0.999974 -0.005454 0.004578 0.999975 -0.000692 -0.000865 0.999999 
0.000230 0.000284 1.000000 -0.008490 0.006804 0.999941 -0.008341 0.006996 0.999941 0.000270 0.000338 1.000000 
0.000185 0.000228 1.000000 -0.007742 0.006204 0.999951 -0.007605 0.006379 0.999951 0.000221 0.000277 1.000000 
0.000136 0.000168 1.000000 -0.007095 0.005686 0.999959 -0.006969 0.005845 0.999959 0.000169 0.000212 1.000000 
0.000081 0.000100 1.000000 -0.006552 0.005251 0.999965 -0.006435 0.005397 0.999965 0.000113 0.000141 1.000000 
0.000020 0.000024 1.000000 -0.006237 0.004998 0.999968 -0.006123 0.005136 0.999968 0.000050 0.000063 1.000000 
-0.000918 -0.001166 0.999999 -0.006365 0.004967 0.999967 -0.006226 0.005086 0.999968 -0.000880 -0.001132 0.999999 
-0.000823 -0.001054 0.999999 -0.005815 0.004501 0.999973 -0.005690 0.004610 0.999973 -0.000789 -0.001023 0.999999 
-0.000758 -0.000973 0.999999 -0.005258 0.004058 0.999978 -0.005144 0.004157 0.999978 -0.000727 -0.000945 0.999999 
-0.000657 -0.000843 0.999999 -0.005372 0.004149 0.999977 -0.005259 0.004253 0.999977 -0.000627 -0.000814 0.999999 
0.000434 0.000557 1.000000 -0.004806 0.003711 0.999982 -0.004733 0.003826 0.999981 0.000454 0.000590 1.000000 
-0.000292 -0.000375 1.000000 -0.003754 0.002899 0.999989 -0.003680 0.002975 0.999989 -0.000272 -0.000354 1.000000 
-0.000338 -0.000439 1.000000 -0.003429 0.002616 0.999991 -0.003359 0.002684 0.999991 -0.000319 -0.000420 1.000000 
-0.000875 -0.001142 0.999999 -0.004918 0.003736 0.999981 -0.004808 0.003824 0.999981 -0.000845 -0.001117 0.999999 
-0.003439 -0.004532 0.999984 -0.007765 0.005840 0.999953 -0.007532 0.005932 0.999954 -0.003376 -0.004506 0.999984 
-0.003724 -0.004881 0.999981 -0.011463 0.008668 0.999897 -0.011157 0.008835 0.999899 -0.003641 -0.004834 0.999982 
-0.005381 -0.007055 0.999961 -0.013996 0.010584 0.999846 -0.013599 0.010769 0.999850 -0.005274 -0.007002 0.999962 
-0.004181 -0.005423 0.999977 -0.011728 0.008964 0.999891 -0.011405 0.009127 0.999893 -0.004093 -0.005376 0.999977 
-0.001422 -0.001771 0.999997 -0.007231 0.005757 0.999957 -0.007061 0.005884 0.999958 -0.001377 -0.001735 0.999998 
-0.000950 -0.001162 0.999999 -0.003821 0.003096 0.999988 -0.003725 0.003158 0.999988 -0.000924 -0.001145 0.999999 
-0.005579 -0.006381 0.999964 -0.004690 0.004065 0.999981 -0.004457 0.004041 0.999982 -0.005515 -0.006386 0.999964 
-0.015765 -0.016861 0.999734 -0.004152 0.003850 0.999984 -0.003695 0.003582 0.999987 -0.015638 -0.016932 0.999734 
-0.028978 -0.029177 0.999154 -0.002119 0.002087 0.999996 -0.001433 0.001476 0.999998 -0.028787 -0.029341 0.999155 
-0.001866 0.001958 0.999996 -0.046451 -0.043897 0.997956 -0.046169 -0.044170 0.997957 -0.000862 0.000946 0.999999 
0.000539 -0.000608 1.000000 -0.064280 -0.056469 0.996333 -0.063937 -0.056866 0.996332 0.001758 -0.002075 0.999996 
0.004399 -0.005337 0.999976 -0.077049 -0.062861 0.995044 -0.076694 -0.063361 0.995039 0.005651 -0.007174 0.999958 
0.004512 -0.005782 0.999973 -0.081697 -0.063085 0.994659 -0.081344 -0.063615 0.994654 0.005758 -0.007725 0.999954 
0.004184 -0.005543 0.999976 -0.082953 -0.061963 0.994625 -0.082604 -0.062498 0.994621 0.005410 -0.007506 0.999957 
-0.084666 -0.061374 0.994517 0.009232 -0.085997 0.996253 0.173207 -0.052759 0.983471 0.004816 -0.006981 0.999964 0.340672 0.046918 0.939011 0.024742 -0.004741 0.999683 
-0.090178 -0.061854 0.994003 0.008045 -0.106861 0.994241 0.141796 -0.052516 0.988502 0.003626 -0.005561 0.999978 0.271165 0.028263 0.962118 0.026018 -0.006825 0.999638 
-0.095395 -0.061742 0.993523 0.006070 -0.129550 0.991554 0.100088 -0.045835 0.993922 0.004808 -0.007820 0.999958 0.179565 0.012401 0.983668 0.021397 -0.007579 0.999742 
-0.099570 -0.060655 0.993180 0.003002 -0.145073 0.989416 0.052364 -0.029505 0.998192 0.069591 0.002029 0.997574 0.006194 -0.010710 0.999923 0.016744 -0.007706 0.999830 
-0.099409 -0.057303 0.993395 -0.046386 0.000295 0.998924 0.000430 -0.156074 0.987745 0.003609 -0.002512 0.999990 0.009229 -0.016857 0.999815 0.018191 -0.010814 0.999776 
-0.096817 -0.051294 0.993980 -0.047165 0.002046 0.998885 -0.005022 -0.144851 0.989441 0.000355 -0.000260 1.000000 0.014384 -0.028564 0.999488 0.007552 -0.004644 0.999961 
-0.096365 -0.048404 0.994168 -0.008010 -0.147165 0.989079 0.000351 -0.000262 1.000000 -0.047725 0.003025 0.998856 0.019274 -0.040301 0.999002 0.004844 -0.003000 0.999984 
-0.101426 -0.049787 0.993597 -0.009517 -0.153620 0.988084 0.000346 -0.000262 1.000000 -0.054640 0.003952 0.998498 0.022756 -0.048568 0.998561 0.005087 -0.003189 0.999982 
-0.109299 -0.052819 0.992605 -0.010518 -0.161458 0.986823 0.000337 -0.000258 1.000000 -0.065840 0.005126 0.997817 0.025531 -0.055183 0.998150 0.007395 -0.004699 0.999962 
-0.117843 -0.056030 0.991450 -0.011592 -0.169503 0.985461 0.000327 -0.000254 1.000000 -0.076445 0.006386 0.997053 0.028176 -0.061689 0.997698 0.009020 -0.005802 0.999942 
-0.050164 -0.022351 0.998491 -0.073911 0.007495 0.997237 -0.014391 -0.165552 0.986096 -0.043490 0.035504 0.998423 0.011747 -0.028040 0.999538 0.003163 -0.002118 0.999993 
-0.057423 -0.023742 0.998068 -0.016477 -0.156578 0.987528 -0.065195 0.053863 0.996418 -0.062824 0.007367 0.997997 0.011833 -0.030510 0.999464 -0.048546 0.032890 0.998279 
-0.095895 -0.034121 0.994806 -0.017555 -0.146249 0.989092 -0.084918 0.070540 0.993888 -0.047051 0.006071 0.998874 0.010105 -0.030399 0.999487 -0.113285 0.078154 0.990484 
-0.131154 -0.042159 0.990465 -0.027197 0.003228 0.999625 -0.016215 -0.143689 0.989490 -0.093881 0.081022 0.992281 0.010849 -0.036100 0.999289 -0.152001 0.113953 0.981789 
-0.171414 -0.061750 0.983262 -0.002575 0.000237 0.999997 -0.013096 -0.145862 0.989218 -0.087584 0.084509 0.992566 0.007697 -0.022786 0.999711 -0.161388 0.145811 0.976060 
-0.175397 -0.057888 0.982795 0.000541 -0.000044 1.000000 -0.011188 -0.140447 0.990025 -0.086878 0.097045 0.991481 0.007879 -0.025533 0.999643 -0.150829 0.165269 0.974647 
-0.131386 -0.045500 0.990287 0.000615 -0.000048 1.000000 -0.010752 -0.142006 0.989807 -0.087033 0.121617 0.988754 -0.000152 0.000475 1.000000 -0.119635 0.172828 0.977660 
-0.054741 -0.016007 0.998372 0.001058 -0.000080 0.999999 -0.011216 -0.151380 0.988412 -0.089344 0.158787 0.983262 0.002504 -0.009377 0.999953 -0.094799 0.179641 0.979154 
-0.002143 -0.000650 0.999997 0.001057 -0.000087 0.999999 -0.013026 -0.160864 0.986891 -0.077671 0.174877 0.981522 0.005207 -0.018767 0.999810 -0.068543 0.176195 0.981966 
0.006920 -0.000737 0.999976 -0.031396 0.105525 0.993921 0.017906 0.006128 0.999821 -0.018739 -0.176741 0.984079 -0.057226 0.154423 0.986346 
0.001049 -0.000137 0.999999 0.018650 0.007647 0.999797 -0.018464 0.073829 0.997100 -0.023905 -0.185385 0.982375 0.017993 -0.044228 0.998859 -0.050640 0.173532 0.983525 
0.005916 -0.000922 0.999982 0.011399 0.005288 0.999921 -0.007197 0.032879 0.999433 -0.031757 -0.204388 0.978375 0.025097 -0.054465 0.998200 -0.028365 0.118035 0.992604 
0.003794 -0.000662 0.999993 0.046175 0.026210 0.998589 0.005874 -0.031576 0.999484 -0.039052 -0.224882 0.973603 0.021688 -0.038579 0.999020 -0.009470 0.050437 0.998682 
0.002886 -0.000518 0.999996 0.000699 0.000390 1.000000 0.009887 -0.056747 0.998340 0.009302 -0.016753 0.999816 -0.046614 -0.260984 0.964217 -0.000290 0.001677 0.999999 
0.007810 0.004450 0.999960 -0.016489 0.002648 0.999861 0.013602 -0.084934 0.996294 0.015264 -0.026915 0.999521 -0.048919 -0.320084 0.946126 0.000779 -0.005191 0.999986 
0.023843 0.013710 0.999622 -0.017250 0.002730 0.999847 0.018435 -0.122465 0.992302 0.026736 -0.046849 0.998544 -0.055837 -0.374762 0.925438 0.003452 -0.025233 0.999676 
0.036381 0.020963 0.999118 -0.008354 0.001346 0.999964 0.023539 -0.163338 0.986289 0.045188 -0.079452 0.995814 -0.065629 -0.423320 0.903600 0.006732 -0.051930 0.998628 
0.039131 0.022501 0.998981 -0.003656 0.000610 0.999993 0.027990 -0.206984 0.977944 0.066417 -0.117658 0.990831 -0.076190 -0.468183 0.880340 0.009955 -0.083237 0.996480 
0.032590 0.018818 0.999292 -0.002939 0.000508 0.999996 0.031924 -0.253590 0.966785 0.091207 -0.161259 0.982689 -0.086400 -0.511248 0.855079 0.012833 -0.118696 0.992848 
0.015583 0.009004 0.999838 -0.002065 0.000374 0.999998 0.035710 -0.303449 0.952178 0.118147 -0.207455 0.971084 -0.098006 -0.553138 0.827305 0.015752 -0.161554 0.986738 
0.000521 0.000300 1.000000 0.000600 -0.000113 1.000000 0.040312 -0.355958 0.933632 0.146040 -0.254503 0.955981 -0.110366 -0.593351 0.797342 0.018961 -0.207452 0.978061 
-0.002635 -0.001540 0.999995 0.004239 -0.000818 0.999991 0.044475 -0.412670 0.909794 0.177827 -0.304811 0.935664 -0.123288 -0.634635 0.762915 0.021357 -0.252207 0.967437 
-0.017776 -0.010362 0.999788 0.011213 -0.002251 0.999935 0.047010 -0.467749 0.882610 0.206306 -0.348133 0.914462 -0.141498 -0.675095 0.724034 0.022998 -0.303875 0.952434 
-0.039635 -0.022657 0.998957 0.018864 -0.003931 0.999814 0.048337 -0.520290 0.852620 0.232625 -0.387643 0.891974 -0.162460 -0.714408 0.680609 0.023460 -0.357478 0.933627 
-0.058814 -0.032913 0.997726 0.025629 -0.005557 0.999656 0.046775 -0.572633 0.818476 0.260595 -0.427678 0.865553 -0.186295 -0.751889 0.632422 0.021086 -0.409102 0.912245 
-0.076455 -0.041776 0.996197 0.033046 -0.007502 0.999426 0.041263 -0.625549 0.779093 0.290798 -0.468224 0.834388 -0.215862 -0.786237 0.578995 0.015150 -0.460714 0.887419 
-0.093371 -0.049614 0.994394 0.042156 -0.010056 0.999060 0.030844 -0.678704 0.733764 0.323872 -0.508957 0.797540 -0.254007 -0.815310 0.520336 0.005019 -0.512861 0.858457 
-0.110562 -0.056739 0.992248 0.055775 -0.013997 0.998345 0.014148 -0.731699 0.681481 0.360516 -0.548980 0.754088 -0.308638 -0.834236 0.456938 -0.009942 -0.566854 0.823758 
-0.128783 -0.063212 0.989656 0.074805 -0.019677 0.997004 -0.010945 -0.783251 0.621609 0.401997 -0.586512 0.703138 -0.389428 -0.834313 0.390214 -0.030937 -0.622372 0.782110 
-0.148501 -0.068650 0.986527 0.100756 -0.027516 0.994531 -0.047607 -0.831546 0.553412 0.449706 -0.618796 0.644093 -0.513355 -0.794979 0.323225 -0.059530 -0.679220 0.731516 
-0.169257 -0.072526 0.982900 0.133336 -0.037189 0.990373 -0.101268 -0.872855 0.477357 0.507890 -0.640329 0.576217 -0.693871 -0.670371 0.262956 -0.097929 -0.734218 0.671814 
-0.170219 -0.063481 0.983359 0.166321 -0.047604 0.984922 -0.151840 -0.890883 0.428102 0.522087 -0.673759 0.522947 -0.835669 -0.491767 0.244587 -0.130983 -0.770519 0.623815 
-0.172480 -0.061076 0.983118 0.171471 -0.051256 0.983855 -0.173182 -0.890717 0.420274 0.516287 -0.681387 0.518807 -0.862302 -0.444557 0.242497 -0.147826 -0.774879 0.614581 
-0.182778 -0.889748 0.418259 -0.177620 -0.058003 0.982388 0.167791 -0.052440 0.984427 -0.856590 -0.454789 0.243764 0.516059 -0.690757 0.506496 -0.157385 -0.774129 0.613150 
-0.205697 -0.884356 0.419050 -0.174013 -0.052811 0.983326 0.174265 -0.055772 0.983118 -0.852627 -0.455620 0.255807 0.511783 -0.706386 0.488975 -0.171865 -0.770689 0.613596 
-0.228588 -0.877264 0.422085 -0.168285 -0.047864 0.984576 0.179759 -0.058837 0.981949 -0.846387 -0.460331 0.267812 0.505812 -0.721896 0.472250 -0.185736 -0.764648 0.617103 
-0.251002 -0.869767 0.424856 -0.163062 -0.042582 0.985697 0.187539 -0.062501 0.980267 -0.839121 -0.464482 0.283076 0.499385 -0.738580 0.452896 -0.199371 -0.759628 0.619045 
-0.271604 -0.861983 0.428038 -0.157137 -0.037893 0.986850 0.194560 -0.065876 0.978676 -0.832121 -0.468226 0.297217 0.492088 -0.754075 0.434995 -0.211713 -0.754083 0.621720 
-0.290382 -0.853979 0.431738 -0.151936 -0.033756 0.987814 0.200398 -0.068983 0.977283 -0.823162 -0.474901 0.311245 0.483429 -0.768154 0.419805 -0.223495 -0.748153 0.624754 
-0.305773 -0.847503 0.433869 -0.147059 -0.030788 0.988649 0.199899 -0.069867 0.977322 -0.816698 -0.482820 0.316052 0.476646 -0.778897 0.407588 -0.233514 -0.741859 0.628584 
-0.320293 -0.840710 0.436600 -0.140462 -0.027996 0.989690 0.201275 -0.071198 0.976944 -0.812513 -0.486185 0.321632 0.465126 -0.790589 0.398279 -0.242577 -0.735907 0.632137 
-0.337446 -0.832944 0.438560 -0.131393 -0.025598 0.991000 0.211612 -0.075166 0.974459 -0.818972 -0.468759 0.330983 0.449491 -0.802783 0.391787 -0.252050 -0.732487 0.632403 
-0.368360 -0.820034 0.438013 -0.114036 -0.021831 0.993237 0.239854 -0.084243 0.967147 -0.838913 -0.416568 0.350278 0.421498 -0.823499 0.379722 -0.268421 -0.732462 0.625659 
-0.409523 -0.796263 0.445259 -0.082359 -0.015761 0.996478 0.279273 -0.095534 0.955447 -0.847139 -0.367756 0.383550 0.364404 -0.857571 0.363017 -0.289731 -0.725395 0.624386 
-0.458859 -0.756784 0.465540 -0.035458 -0.007214 0.999345 0.323446 -0.107319 0.940141 -0.841029 -0.333794 0.425738 0.271394 -0.897675 0.347166 -0.315663 -0.703175 0.637104 
-0.495866 -0.711765 0.497501 0.011212 0.002331 0.999934 0.374677 -0.119669 0.919400 -0.821313 -0.311750 0.477761 0.156527 -0.932564 0.325306 -0.336550 -0.673017 0.658622 
-0.527919 -0.668685 0.523605 0.042777 0.009024 0.999044 0.401717 -0.128034 0.906769 -0.809487 -0.298112 0.505827 0.059953 -0.951739 0.300997 -0.353383 -0.637912 0.684243 
0.070438 0.014745 0.997407 -0.554457 -0.632337 0.541043 -0.041471 -0.957062 0.286901 -0.371010 -0.613679 0.696957 0.430055 -0.137908 0.892207 -0.803757 -0.269773 0.530281 
0.105530 0.022624 0.994159 -0.579541 -0.596754 0.554993 -0.159296 -0.944756 0.286463 -0.388823 -0.593638 0.704564 0.459683 -0.148879 0.875515 -0.797125 -0.237817 0.555009 
0.119036 0.031027 0.992405 -0.598387 -0.562016 0.571026 -0.183365 -0.942513 0.279367 -0.376694 -0.550827 0.744776 0.418359 -0.151112 0.895623 -0.817295 -0.241761 0.523049 
0.105996 0.027302 0.993992 -0.605182 -0.548257 0.577208 -0.142755 -0.950607 0.275623 -0.371270 -0.524866 0.765947 0.379421 -0.154078 0.912304 -0.827028 -0.256694 0.500133 
0.101337 0.025048 0.994537 -0.612847 -0.535930 0.580688 -0.135825 -0.952049 0.274143 -0.373432 -0.509319 0.775334 0.361759 -0.157221 0.918919 -0.831959 -0.258355 0.491016 
0.099998 0.023840 0.994702 -0.614213 -0.535472 0.579665 -0.140334 -0.951848 0.272566 -0.374040 -0.507618 0.776156 0.356718 -0.157395 0.920858 -0.832099 -0.261855 0.488920 
0.097202 0.022588 0.995008 -0.611946 -0.543032 0.575011 -0.136536 -0.952742 0.271368 -0.374531 -0.515285 0.770849 0.358409 -0.156170 0.920410 -0.830352 -0.265297 0.490033 
0.085561 0.019567 0.996141 -0.607072 -0.559485 0.564306 -0.098352 -0.957949 0.269557 -0.377088 -0.534143 0.756634 0.365267 -0.153877 0.918097 -0.828826 -0.265610 0.492442 
0.071053 0.015808 0.997347 -0.599343 -0.583685 0.547813 -0.047726 -0.961280 0.271411 -0.381291 -0.562991 0.733251 0.376397 -0.150548 0.914145 -0.828138 -0.261873 0.495590 
0.058426 0.012302 0.998216 -0.586558 -0.614345 0.527759 -0.009036 -0.961300 0.275357 -0.383724 -0.599281 0.702579 0.391920 -0.145597 0.908405 -0.826572 -0.256993 0.500733 
0.047665 0.009526 0.998818 -0.571166 -0.644257 0.508628 0.022196 -0.959788 0.279848 -0.382069 -0.633642 0.672697 0.405076 -0.139305 0.903608 -0.825179 -0.254443 0.504320 
0.037674 0.007256 0.999264 -0.556650 -0.667465 0.494602 0.051994 -0.957274 0.284469 -0.377896 -0.658662 0.650661 0.412202 -0.133689 0.901231 -0.824912 -0.254189 0.504884 
0.030822 0.005878 0.999508 -0.548138 -0.679317 0.487928 0.073928 -0.955112 0.286872 -0.373567 -0.669470 0.642072 0.410785 -0.130264 0.902379 -0.826085 -0.257280 0.501388 
0.025569 0.004916 0.999661 -0.545606 -0.681927 0.487123 0.093155 -0.952753 0.289108 -0.371426 -0.668975 0.643828 0.403147 -0.128948 0.906005 -0.829077 -0.260865 0.494552 
0.023570 0.004626 0.999711 -0.548801 -0.677367 0.489889 0.103647 -0.951197 0.290657 -0.371542 -0.660706 0.652245 0.391721 -0.128924 0.911006 -0.833562 -0.263716 0.485416 
0.020584 0.004229 0.999779 -0.552632 -0.671120 0.494161 0.122065 -0.948214 0.293240 -0.370175 -0.648398 0.665245 0.374645 -0.128113 0.918275 -0.840094 -0.268511 0.471321 
0.016687 0.003600 0.999854 -0.554376 -0.666771 0.498080 0.144006 -0.944348 0.295751 -0.366603 -0.636502 0.678577 0.355531 -0.126019 0.926130 -0.846274 -0.276534 0.455357 
-0.553548 -0.666585 0.499249 0.010091 0.002277 0.999946 0.336159 -0.122428 0.933814 -0.852019 -0.286442 0.438195 0.173636 -0.938521 0.298377 -0.361920 -0.628513 0.688466 
-0.549382 -0.673181 0.494982 0.000407 0.000095 1.000000 0.318399 -0.117185 0.940686 -0.857274 -0.297031 0.420540 0.210338 -0.930380 0.300252 -0.356439 -0.628413 0.691411 
-0.541753 -0.685267 0.486738 -0.001693 -0.000415 0.999998 0.303802 -0.110523 0.946303 -0.861354 -0.308341 0.403727 0.226867 -0.926750 0.299442 -0.346261 -0.634894 0.690661 
-0.534893 -0.697320 0.477111 -0.008362 -0.002171 0.999963 0.292504 -0.104359 0.950553 -0.867183 -0.312584 0.387667 0.259736 -0.918056 0.299518 -0.338086 -0.643313 0.686911 
-0.528560 -0.708364 0.467808 -0.015895 -0.004282 0.999864 0.285930 -0.099834 0.953036 -0.872536 -0.311862 0.376062 0.290734 -0.908615 0.299820 -0.332409 -0.652817 0.680686 
-0.523970 -0.718135 0.457971 -0.024976 -0.006886 0.999664 0.281755 -0.096068 0.954665 -0.878364 -0.307047 0.366332 0.323201 -0.897541 0.299936 -0.329319 -0.662885 0.672408 
-0.518797 -0.727053 0.449716 -0.031658 -0.008804 0.999460 0.281210 -0.093444 0.955086 -0.882363 -0.301644 0.361172 0.345807 -0.889648 0.298234 -0.326068 -0.672783 0.664110 
0.283135 -0.091910 0.954666 0.140727 0.211058 0.967290 -0.061606 -0.300749 0.951711 -0.884628 -0.296675 0.359746 -0.323771 -0.680954 0.656867 -0.104660 0.064964 0.992384 -0.002060 -0.087867 0.996130 
0.287534 -0.091793 0.953362 0.126432 0.188629 0.973876 -0.061851 -0.302205 0.951234 -0.884534 -0.293386 0.362663 -0.323918 -0.686311 0.651194 -0.098922 0.062438 0.993134 -0.002097 -0.088636 0.996062 
0.294428 -0.092989 0.951139 0.120377 0.180819 0.976122 -0.062047 -0.302462 0.951140 -0.883001 -0.289815 0.369212 -0.327213 -0.689255 0.646420 -0.087434 0.055330 0.994633 -0.002133 -0.088890 0.996039 
0.303365 -0.094850 0.948142 0.114251 0.173739 0.978142 -0.062400 -0.302525 0.951097 -0.880894 -0.284925 0.377945 -0.332377 -0.691121 0.641777 -0.070924 0.044842 0.996473 -0.002179 -0.089125 0.996018 
0.314436 -0.097275 0.944282 0.108866 0.167245 0.979886 -0.062837 -0.302215 0.951167 -0.877986 -0.279091 0.388907 -0.338069 -0.691946 0.637902 -0.053730 0.033991 0.997977 -0.002241 -0.089439 0.995990 
0.327149 -0.100257 0.939639 0.106459 0.165021 0.980528 -0.063318 -0.301279 0.951431 -0.874292 -0.272547 0.401662 -0.344383 -0.691185 0.635345 -0.036766 0.023267 0.999053 -0.002317 -0.089622 0.995973 
0.340828 -0.103841 0.934373 0.104603 0.163962 0.980905 -0.063939 -0.299922 0.951819 -0.869888 -0.265542 0.415672 -0.351672 -0.688009 0.634800 -0.018169 0.011483 0.999769 -0.002403 -0.089836 0.995954 
0.355088 -0.108097 0.928562 0.102828 0.162479 0.981339 -0.064741 -0.297818 0.952425 -0.864750 -0.258321 0.430671 -0.359715 -0.681888 0.636894 -0.000216 0.000137 1.000000 -0.002515 -0.089852 0.995952 
0.368540 -0.113143 0.922701 0.107397 0.169039 0.979741 -0.065447 -0.294373 0.953447 -0.859483 -0.250750 0.445435 -0.368108 -0.669930 0.644740 0.005541 -0.003531 0.999978 -0.002573 -0.090035 0.995935 
0.379050 -0.118368 0.917774 0.110180 0.173601 0.978633 -0.066474 -0.291720 0.954191 -0.855779 -0.242033 0.457233 -0.377073 -0.656419 0.653399 0.012996 -0.008308 0.999881 -0.002694 -0.091266 0.995823 
0.388230 -0.122998 0.913317 0.112261 0.176885 0.977808 -0.067604 -0.289935 0.954656 -0.853147 -0.232590 0.466949 -0.385033 -0.644546 0.660538 0.018828 -0.012076 0.999750 -0.002844 -0.092795 0.995681 
0.396844 -0.126900 0.909072 -0.850156 -0.225145 0.475967 -0.390994 -0.634740 0.666505 0.024648 -0.015852 0.999570 -0.003006 -0.094366 0.995533 0.114080 0.179897 0.977048 -0.068514 -0.288298 0.955086 
0.405019 -0.130427 0.904958 -0.846932 -0.218931 0.484536 -0.395724 -0.626498 0.671493 0.031216 -0.020113 0.999310 -0.003145 -0.095691 0.995406 0.114624 0.181131 0.976756 -0.069238 -0.286785 0.955490 
0.412880 -0.133542 0.900942 -0.843738 -0.213283 0.492561 -0.399814 -0.619883 0.675199 0.039059 -0.025205 0.998919 -0.003265 -0.096784 0.995300 0.113856 0.180433 0.976975 -0.069889 -0.285623 0.955790 
0.420084 -0.136364 0.897181 -0.840672 -0.208282 0.499888 -0.403394 -0.614045 0.678396 0.045538 -0.029399 0.998530 -0.003378 -0.097635 0.995217 0.115612 0.183920 0.976118 -0.070401 -0.284406 0.956115 
0.426589 -0.138941 0.893710 -0.837781 -0.203868 0.506518 -0.406499 -0.608729 0.681328 0.052245 -0.033748 0.998064 0.115901 0.185033 0.975874 -0.070886 -0.283372 0.956387 -0.060985 -0.966038 0.251102 -0.000195 -0.005627 0.999984 
0.432487 -0.141303 0.890499 -0.835055 -0.199952 0.512545 -0.409206 -0.603871 0.684025 0.057676 -0.037267 0.997640 0.117383 0.188056 0.975118 -0.071285 -0.282328 0.956666 -0.088264 -0.963905 0.251190 -0.000220 -0.006344 0.999980 
0.437875 -0.143478 0.887513 -0.832484 -0.196436 0.518057 -0.411590 -0.599412 0.686512 0.063958 -0.041397 0.997094 0.115458 0.185244 0.975886 -0.071731 -0.281567 0.956857 -0.113168 -0.961233 0.251442 -0.000243 -0.007017 0.999975 
0.442805 -0.145490 0.884735 -0.830058 -0.193277 0.523114 -0.413696 -0.595299 0.688821 0.068640 -0.044441 0.996651 0.116543 0.187544 0.975318 -0.072059 -0.280680 0.957093 -0.135963 -0.958174 0.251826 -0.000265 -0.007633 0.999971 
0.447352 -0.147359 0.882135 -0.827763 -0.190407 0.527782 -0.415574 -0.591491 0.690968 0.073681 -0.047743 0.996138 0.116128 0.187288 0.975417 -0.072388 -0.279924 0.957289 -0.156896 -0.954843 0.252307 -0.000284 -0.008178 0.999967 
0.451565 -0.149107 0.879691 -0.825583 -0.187787 0.532117 0.077613 -0.050306 0.995714 -0.000303 -0.008700 0.999962 0.117163 0.189457 0.974874 -0.072653 -0.279128 0.957501 -0.176233 -0.951316 0.252863 -0.417260 -0.587939 0.692981 
0.455496 -0.150750 0.877381 -0.823506 -0.185373 0.536167 0.081557 -0.052879 0.995265 -0.000321 -0.009210 0.999958 0.117798 0.190961 0.974504 -0.072912 -0.278415 0.957689 -0.194178 -0.947652 0.253478 -0.418784 -0.584611 0.694874 
0.459191 -0.152306 0.875184 -0.821514 -0.183132 0.539980 0.085024 -0.055143 0.994852 -0.000337 -0.009668 0.999953 0.118693 0.192870 0.974019 -0.073136 -0.277697 0.957881 -0.210961 -0.943879 0.254141 -0.420175 -0.581469 0.696669 
0.462695 -0.153792 0.873076 -0.819590 -0.181030 0.543600 0.088778 -0.057598 0.994385 -0.000354 -0.010132 0.999949 0.119023 0.193841 0.973786 -0.073370 -0.277067 0.958045 -0.226759 -0.940018 0.254846 -0.421455 -0.578478 0.698383 
0.466050 -0.155224 0.871035 -0.817716 -0.179039 0.547070 0.091944 -0.059670 0.993975 -0.000369 -0.010548 0.999944 0.119821 0.195578 0.973341 -0.073566 -0.276399 0.958223 -0.241781 -0.936063 0.255591 -0.422646 -0.575603 0.700037 
0.469295 -0.156619 0.869041 -0.815874 -0.177131 0.550431 0.095013 -0.061680 0.993563 -0.000383 -0.010951 0.999940 0.120590 0.197264 0.972905 -0.073754 -0.275746 0.958397 -0.256198 -0.932005 0.256377 -0.423765 -0.572813 0.701647 
0.472467 -0.157991 0.867072 -0.814045 -0.175285 0.553720 0.098849 -0.064196 0.993030 -0.000400 -0.011399 0.999935 0.120426 0.197407 0.972897 -0.073978 -0.275206 0.958535 -0.270172 -0.927821 0.257206 -0.424827 -0.570077 0.703231 
0.475603 -0.159357 0.865106 -0.812209 -0.173479 0.556975 0.102283 -0.066451 0.992533 -0.000415 -0.011813 0.999930 0.120663 0.198220 0.972702 -0.074177 -0.274614 0.958689 -0.283867 -0.923478 0.258085 -0.425848 -0.567363 0.704807 
0.478740 -0.160732 0.863119 -0.810346 -0.171689 0.560235 0.105270 -0.068414 0.992088 -0.000429 -0.012199 0.999925 0.121394 0.199855 0.972276 -0.074348 -0.273958 0.958864 -0.297444 -0.918930 0.259026 -0.426837 -0.564639 0.706394 
0.481913 -0.162131 0.861089 -0.808433 -0.169894 0.563536 0.108559 -0.070577 0.991581 -0.000444 -0.012607 0.999920 0.121851 0.201049 0.971973 -0.074533 -0.273320 0.959031 -0.311030 -0.914134 0.260037 -0.427808 -0.561875 0.708009 
0.485156 -0.163573 0.858992 -0.806447 -0.168077 0.566915 0.111946 -0.072809 0.991043 -0.000459 -0.013026 0.999915 0.122299 0.202244 0.971669 -0.074719 -0.272664 0.959204 -0.324771 -0.909029 0.261134 -0.428767 -0.559041 0.709670 
0.488512 -0.165070 0.856801 -0.804364 -0.166215 0.570413 0.115733 -0.075307 0.990421 -0.000476 -0.013475 0.999909 0.122456 0.202981 0.971495 -0.074923 -0.272012 0.959373 -0.338767 -0.903559 0.262333 -0.429729 -0.556111 0.711389 
0.492020 -0.166642 0.854487 -0.802156 -0.164289 0.574069 0.119409 -0.077735 0.989797 -0.000493 -0.013923 0.999903 0.122933 0.204281 0.971163 -0.075117 -0.271292 0.959562 -0.353145 -0.897650 0.263654 -0.430705 -0.553058 0.713176 
0.495726 -0.168303 0.852015 -0.799792 -0.162277 0.577927 0.123297 -0.080308 0.989115 -0.000510 -0.014394 0.999896 0.123435 0.205658 0.970808 -0.075317 -0.270531 0.959761 -0.367987 -0.891234 0.265119 -0.431708 -0.549856 0.715043 
0.499669 -0.170075 0.849356 -0.797238 -0.160158 0.582031 0.127451 -0.083060 0.988361 -0.000530 -0.014932 0.999888 0.123624 0.206518 0.970602 -0.075531 -0.269762 0.959960 -0.383422 -0.884211 0.266756 -0.432743 -0.546469 0.717011 
0.503889 -0.171982 0.846474 -0.794460 -0.157919 0.586425 0.132252 -0.086247 0.987457 -0.000551 -0.015486 0.999880 0.123796 0.207432 0.970385 -0.075768 -0.268932 0.960174 -0.399565 -0.876471 0.268600 -0.433806 -0.542852 0.719114 
0.508424 -0.174049 0.843334 -0.791419 -0.155545 0.591154 0.137906 -0.090010 0.986347 -0.000574 -0.016116 0.999870 0.123405 0.207407 0.970440 -0.076043 -0.268089 0.960388 -0.416547 -0.867879 0.270692 -0.434888 -0.538952 0.721390 
0.513318 -0.176307 0.839893 -0.788065 -0.153019 0.596270 0.143601 -0.093809 0.985180 -0.000597 -0.016688 0.999861 0.123947 0.209133 0.970000 -0.076294 -0.267028 0.960664 -0.434480 -0.858284 0.273085 -0.435981 -0.534717 0.723878 
0.518620 -0.178795 0.836102 -0.784342 -0.150336 0.601837 0.148758 -0.097288 0.984076 -0.000619 -0.017231 0.999851 0.125014 0.211740 0.969298 -0.076499 -0.265734 0.961006 -0.453487 -0.847502 0.275843 -0.437073 -0.530077 0.726626 
0.524387 -0.181539 0.831902 -0.780198 -0.147456 0.607905 0.155173 -0.101649 0.982644 -0.000643 -0.017873 0.999840 0.124699 0.211837 0.969317 -0.076756 -0.264424 0.961347 -0.473540 -0.835408 0.279023 -0.438145 -0.525001 0.729659 
0.530701 -0.184575 0.827217 -0.775557 -0.144349 0.614553 0.162143 -0.106416 0.981012 -0.000673 -0.018657 0.999826 0.124377 0.211955 0.969333 -0.077042 -0.263021 0.961709 -0.494609 -0.821853 0.282700 -0.439201 -0.519443 0.732995 
0.537607 -0.187963 0.821979 -0.770336 -0.141004 0.621852 0.170480 -0.112148 0.978958 -0.000710 -0.019653 0.999807 0.122881 0.209935 0.969963 -0.077397 -0.261603 0.962067 -0.516759 -0.806600 0.286980 -0.440210 -0.513297 0.736710 
0.545340 -0.191915 0.815949 -0.764179 -0.137530 0.630172 0.178165 -0.117495 0.976961 -0.000749 -0.020615 0.999787 0.123248 0.211397 0.969598 -0.077674 -0.259706 0.962559 -0.539640 -0.789682 0.291875 -0.441119 -0.506450 0.740893 
0.552449 -0.197059 0.809918 -0.757344 -0.134753 0.638961 0.185819 -0.122740 0.974888 -0.000771 -0.021140 0.999776 0.122222 0.210318 0.969963 -0.077935 -0.257586 0.963107 -0.552132 -0.779711 0.295298 -0.442964 -0.498136 0.745415 
0.557819 -0.201476 0.805137 -0.751914 -0.132339 0.645842 0.197010 -0.130644 0.971658 -0.000754 -0.020705 0.999785 0.117990 0.202868 0.972071 -0.078332 -0.256576 0.963345 -0.549845 -0.780953 0.296282 -0.445522 -0.492647 0.747535 
0.562239 -0.201572 0.802032 -0.749145 -0.131252 0.649273 0.206004 -0.137777 0.968803 -0.000749 -0.020551 0.999789 0.110802 0.188149 0.975870 -0.078808 -0.257377 0.963092 -0.548420 -0.781472 0.297552 -0.447842 -0.494011 0.745246 
0.564912 -0.199354 0.800707 -0.748486 -0.131358 0.650010 0.208973 -0.139936 0.967858 -0.000749 -0.020548 0.999789 0.109906 0.186558 0.976277 -0.078857 -0.258418 0.962809 -0.548711 -0.781095 0.298005 -0.449487 -0.498342 0.741361 
0.565327 -0.197137 0.800963 -0.749297 -0.131826 0.648980 0.209615 -0.140405 0.967651 -0.000756 -0.020727 0.999785 0.108513 0.183860 0.976945 -0.078895 -0.259406 0.962540 -0.549273 -0.780464 0.298622 -0.450089 -0.502083 0.738466 
0.563628 -0.196204 0.802389 -0.750914 -0.132225 0.647027 0.208218 -0.139473 0.968087 -0.000768 -0.021026 0.999779 0.106798 0.180338 0.977789 -0.078961 -0.259924 0.962395 -0.550383 -0.779450 0.299224 -0.449625 -0.503371 0.737872 
0.560634 -0.195974 0.804540 -0.752879 -0.133025 0.644576 0.205452 -0.137664 0.968937 -0.000781 -0.021324 0.999772 0.104740 0.175958 0.978810 -0.078977 -0.260031 0.962365 -0.551533 -0.778682 0.299108 -0.448056 -0.503184 0.738953 
0.557414 -0.195530 0.806882 -0.755092 -0.133877 0.641804 0.202050 -0.135352 0.969977 -0.000790 -0.021504 0.999768 0.104256 0.174670 0.979092 -0.078928 -0.260079 0.962356 -0.552269 -0.778291 0.298767 -0.446183 -0.503202 0.740073 
0.555200 -0.194972 0.808541 -0.756752 -0.134464 0.639724 0.199971 -0.133926 0.970606 -0.000787 -0.021416 0.999770 0.104021 0.174025 0.979232 -0.078892 -0.260242 0.962315 -0.550033 -0.780295 0.297664 -0.444862 -0.503684 0.740540 
0.554012 -0.194533 0.809462 -0.757743 -0.134725 0.638494 0.198831 -0.133152 0.970946 -0.000784 -0.021313 0.999773 0.103910 0.173693 0.979303 -0.078885 -0.260435 0.962263 -0.547722 -0.782160 0.297030 -0.444373 -0.504233 0.740461 
0.553701 -0.194400 0.809706 -0.758031 -0.134753 0.638147 0.199412 -0.133576 0.970769 -0.000784 -0.021317 0.999772 0.102894 0.171786 0.979746 -0.078943 -0.260608 0.962212 -0.547160 -0.782607 0.296888 -0.444341 -0.504410 0.740359 
0.553819 -0.194451 0.809613 -0.757951 -0.134672 0.638258 0.201390 -0.135224 0.970132 -0.000785 -0.021327 0.999772 0.099768 0.165686 0.981119 -0.079099 -0.260790 0.962150 -0.548036 -0.781955 0.296990 -0.444371 -0.504335 0.740392 
0.554009 -0.194527 0.809465 -0.757798 -0.134609 0.638453 0.201520 -0.135422 0.970078 -0.000787 -0.021369 0.999771 0.099199 0.164491 0.981378 -0.079133 -0.260798 0.962145 -0.548670 -0.781463 0.297116 -0.444451 -0.504232 0.740415 
0.554245 -0.194628 0.809279 -0.757594 -0.134555 0.638707 0.202755 -0.136316 0.969695 -0.000789 -0.021426 0.999770 0.098010 0.162321 0.981858 -0.079194 -0.260855 0.962124 -0.549371 -0.780919 0.297249 -0.444509 -0.504096 0.740472 
0.554511 -0.194740 0.809069 -0.757364 -0.134496 0.638992 0.203438 -0.136824 0.969480 -0.000790 -0.021454 0.999770 0.097458 0.161287 0.982084 -0.079221 -0.260839 0.962126 -0.550117 -0.780336 0.297401 -0.444582 -0.503948 0.740529 
0.554788 -0.194855 0.808852 -0.757126 -0.134435 0.639287 0.204481 -0.137587 0.969153 -0.000792 -0.021502 0.999768 0.096495 0.159529 0.982466 -0.079270 -0.260864 0.962115 -0.550872 -0.779742 0.297562 -0.444663 -0.503795 0.740584 
0.555045 -0.194964 0.808649 -0.756905 -0.134372 0.639561 0.205194 -0.138115 0.968927 -0.000793 -0.021550 0.999767 0.095657 0.157983 0.982797 -0.079302 -0.260879 0.962109 -0.551577 -0.779187 0.297709 -0.444740 -0.503646 0.740640 
0.555268 -0.195059 0.808473 -0.756716 -0.134314 0.639798 0.206126 -0.138807 0.968630 -0.000794 -0.021553 0.999767 0.094995 0.156764 0.983057 -0.079344 -0.260875 0.962106 -0.552194 -0.778704 0.297830 -0.444805 -0.503516 0.740689 
0.555428 -0.195123 0.808348 -0.756588 -0.134257 0.639961 0.208024 -0.140336 0.968004 -0.000794 -0.021540 0.999768 0.092423 0.151890 0.984067 -0.079468 -0.261008 0.962060 -0.552869 -0.778184 0.297936 -0.444820 -0.503405 0.740756 
0.555434 -0.195126 0.808343 -0.756585 -0.134251 0.639966 0.207790 -0.140557 0.968022 -0.000797 -0.021592 0.999767 0.090496 0.147907 0.984852 -0.079563 -0.261127 0.962020 -0.552892 -0.778167 0.297939 -0.444822 -0.503399 0.740758 
0.555440 -0.195128 0.808339 -0.756581 -0.134247 0.639971 0.208387 -0.141037 0.967824 -0.000797 -0.021601 0.999766 0.089566 0.146173 0.985196 -0.079606 -0.261194 0.961998 -0.552907 -0.778155 0.297939 -0.444824 -0.503395 0.740760 
0.555446 -0.195130 0.808334 -0.756578 -0.134242 0.639975 0.208655 -0.141289 0.967730 -0.000797 -0.021597 0.999766 0.088987 0.145066 0.985412 -0.079632 -0.261225 0.961988 -0.552929 -0.778139 0.297942 -0.444827 -0.503390 0.740762 
0.555451 -0.195132 0.808330 -0.756575 -0.134237 0.639980 0.208932 -0.141529 0.967635 -0.000797 -0.021589 0.999767 0.088495 0.144139 0.985592 -0.079653 -0.261251 0.961979 -0.552944 -0.778128 0.297943 -0.444828 -0.503385 0.740764 
0.555456 -0.195133 0.808327 -0.756573 -0.134234 0.639983 0.209203 -0.141773 0.967540 -0.000797 -0.021584 0.999767 0.087954 0.143117 0.985790 -0.079676 -0.261280 0.961969 -0.552958 -0.778117 0.297944 -0.444830 -0.503382 0.740765 
0.555461 -0.195135 0.808323 -0.756570 -0.134230 0.639988 0.209202 -0.141777 0.967540 -0.000796 -0.021561 0.999767 0.087965 0.143128 0.985787 -0.079672 -0.261264 0.961974 -0.552972 -0.778107 0.297945 -0.444832 -0.503378 0.740767 
0.555464 -0.195136 0.808320 -0.756568 -0.134227 0.639991 0.209459 -0.142040 0.967446 -0.000796 -0.021564 0.999767 0.087273 0.141800 0.986041 -0.079703 -0.261306 0.961960 -0.552985 -0.778097 0.297947 -0.444833 -0.503376 0.740768 
0.555469 -0.195137 0.808317 -0.756565 -0.134223 0.639995 0.209439 -0.142059 0.967447 -0.000796 -0.021550 0.999767 0.087135 0.141514 0.986094 -0.079707 -0.261302 0.961961 -0.552998 -0.778087 0.297949 -0.444834 -0.503373 0.740769 
0.555471 -0.195138 0.808315 -0.756564 -0.134222 0.639996 0.209424 -0.142073 0.967449 -0.000795 -0.021535 0.999768 0.087040 0.141319 0.986130 -0.079708 -0.261296 0.961962 -0.553004 -0.778083 0.297949 -0.444835 -0.503371 0.740770 
0.555475 -0.195139 0.808312 -0.756562 -0.134220 0.639999 0.209403 -0.142096 0.967450 -0.000795 -0.021525 0.999768 0.086879 0.140985 0.986192 -0.079713 -0.261296 0.961962 -0.553016 -0.778074 0.297951 -0.444836 -0.503368 0.740771 
0.555479 -0.195141 0.808309 -0.756559 -0.134217 0.640004 0.209365 -0.142133 0.967453 -0.000795 -0.021523 0.999768 0.086575 0.140366 0.986307 -0.079726 -0.261307 0.961958 -0.553026 -0.778066 0.297952 -0.444838 -0.503365 0.740772 
0.555484 -0.195142 0.808305 -0.756556 -0.134214 0.640007 0.209298 -0.142198 0.967457 -0.000796 -0.021531 0.999768 0.086030 0.139270 0.986510 -0.079751 -0.261335 0.961948 -0.553033 -0.778060 0.297953 -0.444839 -0.503363 0.740772 
0.555486 -0.195142 0.808303 -0.756554 -0.134211 0.640010 0.209198 -0.142294 0.967465 -0.000797 -0.021552 0.999767 0.085190 0.137583 0.986820 -0.079792 -0.261386 0.961931 -0.553038 -0.778057 0.297954 -0.444840 -0.503362 0.740772 
0.555488 -0.195143 0.808302 -0.756553 -0.134210 0.640012 0.209059 -0.142422 0.967476 -0.000798 -0.021586 0.999767 0.084048 0.135307 0.987232 -0.079847 -0.261457 0.961907 -0.553042 -0.778054 0.297954 -0.444841 -0.503361 0.740773 
0.555491 -0.195144 0.808300 -0.756552 -0.134208 0.640013 0.208901 -0.142569 0.967489 -0.000801 -0.021628 0.999766 0.082730 0.132704 0.987697 -0.079912 -0.261542 0.961878 -0.553047 -0.778050 0.297955 -0.444842 -0.503360 0.740773 
0.555494 -0.195145 0.808298 -0.756550 -0.134207 0.640016 0.208732 -0.142728 0.967502 -0.000803 -0.021674 0.999765 0.081315 0.129929 0.988183 -0.079981 -0.261633 0.961848 -0.553055 -0.778044 0.297956 -0.444843 -0.503359 0.740773 
0.555494 -0.195145 0.808297 -0.756550 -0.134207 0.640017 0.208557 -0.142887 0.967516 -0.000805 -0.021723 0.999764 0.079856 0.127094 0.988671 -0.080052 -0.261727 0.961816 -0.553055 -0.778044 0.297956 -0.444843 -0.503359 0.740773 
