-0.000912 0.000223 1.000000 0.001009 0.004048 0.999991 0.000986 0.004059 0.999991 -0.000997 0.000268 0.999999 
-0.002054 0.000503 0.999998 0.000801 0.003211 0.999995 0.000785 0.003228 0.999994 -0.002113 0.000568 0.999998 
-0.002539 0.000622 0.999997 0.000545 0.002182 0.999997 0.000535 0.002201 0.999997 -0.002573 0.000691 0.999996 
-0.002313 0.000567 0.999997 0.000491 0.001969 0.999998 0.000483 0.001986 0.999998 -0.002343 0.000630 0.999997 
-0.001129 0.000276 0.999999 0.000136 0.000547 1.000000 0.000135 0.000555 1.000000 -0.001135 0.000305 0.999999 
-0.001004 0.000246 0.999999 0.000125 0.000502 1.000000 0.000124 0.000508 1.000000 -0.001009 0.000271 0.999999 
-0.003204 0.000784 0.999995 0.000577 0.002315 0.999997 0.000568 0.002338 0.999997 -0.003236 0.000869 0.999994 
-0.002876 0.000704 0.999996 0.000524 0.002104 0.999998 0.000516 0.002124 0.999998 -0.002906 0.000780 0.999995 
-0.002378 0.000582 0.999997 0.000982 0.003939 0.999992 0.000962 0.003959 0.999992 -0.002451 0.000658 0.999997 
-0.002114 0.000517 0.999998 0.000916 0.003674 0.999993 0.000896 0.003693 0.999993 -0.002183 0.000586 0.999997 
-0.001873 0.000458 0.999998 0.000919 0.003692 0.999993 0.000899 0.003709 0.999993 -0.001944 0.000521 0.999998 
-0.001697 0.000407 0.999998 0.000922 0.003775 0.999992 0.000902 0.003791 0.999992 -0.001771 0.000467 0.999998 
-0.000052 0.000012 1.000000 0.000908 0.003829 0.999992 0.000885 0.003835 0.999992 -0.000136 0.000035 1.000000 
-0.002908 0.000673 0.999996 0.001620 0.006862 0.999975 0.001582 0.006890 0.999975 -0.003044 0.000777 0.999995 
-0.003757 0.000872 0.999993 0.001201 0.005070 0.999986 0.001175 0.005100 0.999986 -0.003849 0.000985 0.999992 
-0.003258 0.000771 0.999994 0.001859 0.007710 0.999969 0.001817 0.007742 0.999968 -0.003411 0.000887 0.999994 
-0.001891 0.000466 0.999998 0.005453 0.021724 0.999749 0.005323 0.021769 0.999749 -0.002362 0.000638 0.999997 
-0.001863 0.000460 0.999998 0.009316 0.036989 0.999272 0.009092 0.037057 0.999272 -0.002673 0.000724 0.999996 
-0.001370 0.000321 0.999999 0.011230 0.046976 0.998833 0.010944 0.047053 0.998832 -0.002405 0.000621 0.999997 
-0.001139 0.000260 0.999999 0.010465 0.044868 0.998938 0.010192 0.044939 0.998938 -0.002129 0.000537 0.999998 
-0.000837 0.000203 1.000000 0.011457 0.046347 0.998860 0.011175 0.046421 0.998859 -0.001861 0.000496 0.999998 
-0.000726 0.000184 1.000000 0.012037 0.046506 0.998845 0.011753 0.046584 0.998845 -0.001753 0.000487 0.999998 
-0.000526 0.000136 1.000000 0.013147 0.049927 0.998666 0.012842 0.050010 0.998666 -0.001631 0.000461 0.999999 
-0.000105 0.000026 1.000000 0.013560 0.053739 0.998463 0.013231 0.053822 0.998463 -0.001297 0.000352 0.999999 
0.000571 -0.000143 1.000000 0.015666 0.061525 0.997983 0.015288 0.061617 0.997983 -0.000798 0.000219 1.000000 
0.000966 -0.000248 1.000000 0.018474 0.070732 0.997324 0.018038 0.070838 0.997325 -0.000609 0.000171 1.000000 
0.001074 -0.000284 0.999999 0.020973 0.078000 0.996733 0.020493 0.078121 0.996733 -0.000663 0.000191 1.000000 
0.001419 -0.000378 0.999999 0.022665 0.083569 0.996244 0.022149 0.083698 0.996245 -0.000445 0.000129 1.000000 
0.001830 -0.000490 0.999998 0.023994 0.088128 0.995820 0.023450 0.088264 0.995821 -0.000137 0.000040 1.000000 
0.002339 -0.000631 0.999997 0.026622 0.097039 0.994924 0.026021 0.097188 0.994926 0.000171 -0.000050 1.000000 
0.002788 -0.000762 0.999996 0.029777 0.107167 0.993795 0.029113 0.107332 0.993797 0.000392 -0.000117 1.000000 
0.005219 -0.001443 0.999985 0.036746 0.131068 0.990692 0.035928 0.131261 0.990697 0.002278 -0.000684 0.999997 
-0.000337 0.001792 0.999998 0.003093 -0.000954 0.999995 0.055989 0.083216 0.994957 0.029212 0.005538 0.999558 0.047156 0.167676 0.984714 0.000366 0.000816 1.000000 
-0.000349 0.001856 0.999998 0.000223 -0.000071 1.000000 0.070716 0.105357 0.991917 0.029620 0.005622 0.999545 0.056773 0.194542 0.979250 0.008024 0.017953 0.999807 
-0.001495 0.007768 0.999969 -0.000374 0.000121 1.000000 0.079479 0.117220 0.989920 0.026979 0.005236 0.999622 0.062875 0.211309 0.975395 0.014883 0.032744 0.999353 
-0.003521 0.017962 0.999832 0.001099 -0.000356 0.999999 0.082178 0.118893 0.989500 0.023674 0.004673 0.999709 0.063982 0.215741 0.974352 0.019843 0.042275 0.998909 
-0.004995 0.025617 0.999659 0.001508 -0.000487 0.999999 0.080623 0.113910 0.990214 0.020988 0.004118 0.999771 0.061769 0.208992 0.975965 0.021727 0.044768 0.998761 
-0.005380 0.028055 0.999592 0.000493 -0.000159 1.000000 0.076910 0.106043 0.991383 0.018168 0.003507 0.999829 0.057795 0.195727 0.978954 0.021299 0.042574 0.998866 
-0.005173 0.027614 0.999605 -0.001957 0.000629 0.999998 0.072385 0.097863 0.992564 0.014467 0.002730 0.999892 0.053547 0.181459 0.981939 0.019719 0.038490 0.999064 
-0.005000 0.027153 0.999619 -0.005040 0.001616 0.999986 0.067537 0.089946 0.993654 0.008883 0.001650 0.999959 0.050256 0.170382 0.984096 0.017741 0.033946 0.999266 
-0.004323 0.023874 0.999706 -0.009064 0.002916 0.999955 0.062924 0.083011 0.994560 0.002589 0.000473 0.999997 0.048295 0.162771 0.985481 0.014485 0.027341 0.999521 
-0.003346 0.018661 0.999820 -0.014252 0.004621 0.999888 0.058140 0.076512 0.995372 0.000082 0.000015 1.000000 0.046809 0.155956 0.986654 0.009392 0.017693 0.999799 
-0.002053 0.011493 0.999932 -0.020658 0.006749 0.999764 0.052893 0.069951 0.996147 -0.000240 -0.000043 1.000000 0.045170 0.148741 0.987844 0.002884 0.005484 0.999981 
-0.000990 0.005585 0.999984 -0.018241 0.005981 0.999816 0.044135 0.058749 0.997297 -0.001226 -0.000220 0.999999 0.038580 0.126908 0.991164 0.000335 0.000641 1.000000 
-0.000576 0.003282 0.999994 -0.014151 0.004636 0.999889 0.034792 0.046454 0.998314 -0.008642 -0.001533 0.999961 0.031484 0.103978 0.994081 0.000294 0.000563 1.000000 
-0.001252 0.007366 0.999972 -0.013728 0.004560 0.999895 0.026298 0.035094 0.999038 -0.018701 -0.003215 0.999820 0.027269 0.088818 0.995675 0.000198 0.000380 1.000000 
-0.002319 0.013889 0.999901 -0.014521 0.004864 0.999883 0.017730 0.023535 0.999566 -0.026407 -0.004466 0.999641 0.022945 0.074106 0.996986 -0.000223 -0.000426 1.000000 
-0.002905 0.017752 0.999838 -0.017049 0.005695 0.999838 0.010751 0.014086 0.999843 -0.031240 -0.005188 0.999498 0.018313 0.059331 0.998070 -0.000876 -0.001649 0.999998 
-0.003175 0.019858 0.999798 -0.020921 0.006973 0.999757 0.003329 0.004265 0.999985 -0.037208 -0.006045 0.999289 0.013324 0.043282 0.998974 -0.001907 -0.003492 0.999992 
-0.003295 0.021216 0.999769 -0.024747 0.008237 0.999660 -0.004687 -0.005856 0.999972 -0.043748 -0.006915 0.999019 0.008328 0.027117 0.999598 -0.003185 -0.005642 0.999979 
-0.002859 0.019154 0.999812 -0.028361 0.009490 0.999553 -0.013076 -0.015961 0.999787 -0.050751 -0.007718 0.998682 0.003571 0.011578 0.999927 -0.005885 -0.010116 0.999932 
-0.001953 0.013604 0.999906 -0.029880 0.010094 0.999503 -0.021057 -0.025260 0.999459 -0.058055 -0.008485 0.998277 0.000095 0.000306 1.000000 -0.010561 -0.017762 0.999786 
-0.000975 0.006968 0.999975 -0.030930 0.010449 0.999467 -0.027471 -0.032700 0.999088 -0.065803 -0.009356 0.997789 0.000061 0.000195 1.000000 -0.018623 -0.030933 0.999348 
0.000655 -0.004628 0.999989 -0.033403 0.011285 0.999378 -0.034015 -0.040793 0.998588 -0.075239 -0.010749 0.997108 0.000025 0.000082 1.000000 -0.028894 -0.048413 0.998409 
0.002809 -0.019149 0.999813 -0.035943 0.012143 0.999280 -0.039898 -0.048813 0.998011 -0.084864 -0.012456 0.996315 -0.000001 -0.000003 1.000000 -0.039198 -0.067475 0.996951 
0.004854 -0.037778 0.999274 -0.093890 -0.011888 0.995512 -0.014742 0.001946 0.999889 -0.037980 -0.049002 0.998076 0.000879 0.008161 0.999966 -0.039654 -0.058100 0.997523 
-0.004160 0.021831 0.999753 0.006853 -0.060732 0.998131 -0.110974 -0.011949 0.993751 -0.033318 -0.043373 0.998503 -0.000594 -0.000098 1.000000 -0.029903 -0.040242 0.998742 
-0.006523 0.035529 0.999347 0.010066 -0.085975 0.996246 -0.126512 -0.013612 0.991872 -0.019619 -0.028142 0.999411 -0.008001 -0.001273 0.999967 -0.005581 -0.008266 0.999950 
-0.016121 0.096917 0.995162 0.002369 -0.029764 0.999554 -0.101506 -0.007948 0.994803 0.002308 0.003595 0.999991 -0.022457 -0.003231 0.999743 0.023623 0.038307 0.998987 
-0.017690 0.143573 0.989482 0.000088 -0.001517 0.999999 -0.078898 -0.004733 0.996872 0.021682 0.036502 0.999098 -0.029148 -0.003000 0.999571 0.049834 0.086451 0.995009 
-0.047033 0.204506 0.977735 0.000056 -0.001350 0.999999 -0.070318 -0.003025 0.997520 0.036194 0.064327 0.997272 -0.019620 -0.004095 0.999799 0.075966 0.145679 0.986411 
-0.053989 0.246929 0.967528 -0.034333 -0.006943 0.999386 -0.076576 -0.003437 0.997058 0.045640 0.089704 0.994922 0.000056 -0.001300 0.999999 0.089258 0.188398 0.978028 
-0.053730 0.273322 0.960421 -0.058271 -0.010980 0.998240 -0.077375 -0.004375 0.996992 0.045612 0.092462 0.994671 0.000174 -0.003167 0.999995 0.094588 0.200897 0.975035 
-0.053726 0.236072 0.970249 0.000456 -0.005304 0.999986 -0.081685 -0.007126 0.996633 0.040054 0.074200 0.996439 -0.047610 -0.010203 0.998814 0.084149 0.162215 0.983161 
-0.037659 0.138329 0.989670 0.000747 -0.005872 0.999982 -0.091456 -0.011752 0.995740 0.031799 0.049563 0.998265 -0.021802 -0.005445 0.999747 0.056194 0.090859 0.994277 
-0.009073 0.029499 0.999524 0.000975 -0.006794 0.999976 -0.111235 -0.016075 0.993664 0.017520 0.022697 0.999589 -0.019241 -0.005427 0.999800 0.012625 0.016877 0.999778 
-0.000149 0.000453 1.000000 0.001773 -0.012320 0.999923 -0.135077 -0.019444 0.990644 -0.003699 -0.004396 0.999983 -0.007619 -0.002308 0.999968 -0.024364 -0.029727 0.999261 
-0.000090 0.000273 1.000000 0.004729 -0.033533 0.999426 -0.156544 -0.021498 0.987437 -0.015099 -0.018092 0.999722 -0.008887 -0.002692 0.999957 -0.034247 -0.042197 0.998522 
0.000003 -0.000010 1.000000 0.008035 -0.056996 0.998342 -0.182564 -0.024061 0.982899 -0.036278 -0.043808 0.998381 -0.019145 -0.005800 0.999800 -0.053006 -0.065882 0.996419 
0.000025 -0.000075 1.000000 0.013458 -0.090412 0.995814 -0.217549 -0.028207 0.975642 -0.068867 -0.084641 0.994029 -0.041436 -0.012552 0.999062 -0.080126 -0.101385 0.991615 
0.001061 -0.003185 0.999994 0.020235 -0.125058 0.991943 -0.253260 -0.032728 0.966845 -0.104038 -0.131389 0.985857 -0.072195 -0.022102 0.997146 -0.109269 -0.142099 0.983803 
0.005771 -0.016913 0.999840 0.028718 -0.158116 0.987003 -0.285241 -0.038044 0.957700 -0.133685 -0.175569 0.975348 -0.108416 -0.033844 0.993529 -0.134426 -0.181868 0.974091 
0.012908 -0.036558 0.999248 0.037506 -0.184934 0.982035 -0.313371 -0.043478 0.948635 -0.156579 -0.213762 0.964256 -0.147985 -0.047231 0.987861 -0.154575 -0.217537 0.963734 
0.021146 -0.057689 0.998111 0.045122 -0.206020 0.977507 -0.339495 -0.047402 0.939413 -0.175544 -0.246279 0.953169 -0.188269 -0.061204 0.980209 -0.172293 -0.249458 0.952935 
0.029627 -0.078023 0.996511 0.051958 -0.223721 0.973267 -0.365912 -0.050158 0.929297 -0.193407 -0.275858 0.941539 -0.228001 -0.074878 0.970777 -0.189767 -0.279639 0.941164 
0.039162 -0.098565 0.994360 0.058596 -0.237958 0.969506 -0.395861 -0.052998 0.916780 -0.211646 -0.303885 0.928902 -0.267942 -0.089250 0.959292 -0.209327 -0.310743 0.927157 
0.050231 -0.119820 0.991524 0.065222 -0.250371 0.965951 -0.427833 -0.055258 0.902167 -0.230649 -0.331699 0.914755 -0.310494 -0.104886 0.944771 -0.230551 -0.343041 0.910587 
0.053988 -0.126234 0.990530 0.071782 -0.265714 0.961376 -0.459788 -0.053515 0.886415 -0.250631 -0.364235 0.896949 -0.347673 -0.116496 0.930350 -0.248886 -0.374657 0.893134 
0.057108 -0.130084 0.989857 0.083819 -0.288329 0.953856 -0.498820 -0.050867 0.865212 -0.270806 -0.405322 0.873143 -0.381323 -0.128041 0.915532 -0.266445 -0.413716 0.870544 
0.060676 -0.132189 0.989366 0.101180 -0.307270 0.946228 -0.541823 -0.052533 0.838849 -0.284485 -0.454296 0.844206 -0.419490 -0.143818 0.896295 -0.276993 -0.459457 0.843904 
0.065621 -0.135977 0.988536 0.122719 -0.324382 0.937932 -0.584778 -0.054217 0.809379 -0.288707 -0.511659 0.809230 -0.465710 -0.162033 0.869977 -0.277352 -0.511469 0.813311 
0.072977 -0.141304 0.987273 0.145732 -0.332493 0.931778 -0.628989 -0.058402 0.775218 -0.280836 -0.570924 0.771477 -0.516771 -0.183683 0.836187 -0.267389 -0.566580 0.779417 
0.082702 -0.149270 0.985332 0.166224 -0.334572 0.927594 -0.670387 -0.059571 0.739617 -0.262246 -0.627140 0.733432 -0.575757 -0.204134 0.791728 -0.247924 -0.618628 0.745542 
0.094151 -0.158707 0.982826 0.182801 -0.334924 0.924343 -0.710007 -0.050489 0.702382 -0.242496 -0.676528 0.695346 -0.632084 -0.218110 0.743571 -0.228268 -0.667402 0.708850 
0.105876 -0.167910 0.980100 0.196281 -0.336901 0.920854 -0.747360 -0.025189 0.663942 -0.229777 -0.719792 0.655059 -0.685803 -0.222594 0.692911 -0.215160 -0.712932 0.667409 
0.119511 -0.180770 0.976237 0.211813 -0.344990 0.914394 -0.778667 0.021842 0.627057 -0.219696 -0.763089 0.607806 -0.738113 -0.208648 0.641604 -0.203581 -0.758853 0.618625 
-0.202054 -0.810548 0.549714 0.135142 -0.196344 0.971178 -0.800271 0.094293 0.592178 0.233209 -0.358147 0.904071 -0.790090 -0.171550 0.588497 -0.183811 -0.807663 0.560262 
-0.157330 -0.862553 0.480884 -0.138070 -0.858708 0.493515 -0.838427 -0.107409 0.534325 0.152494 -0.212419 0.965207 -0.805974 0.190337 0.560515 0.262561 -0.370786 0.890831 
-0.077284 -0.902204 0.424329 -0.050318 -0.901123 0.430635 -0.875525 -0.071622 0.477836 0.166936 -0.207795 0.963823 -0.813396 0.267707 0.516450 0.283402 -0.353188 0.891595 
0.006630 -0.900608 0.434582 0.041334 -0.899495 0.434972 -0.873380 -0.162038 0.459294 0.152770 -0.173368 0.972936 -0.844727 0.238658 0.479039 0.275375 -0.314260 0.908520 
0.099867 -0.889408 0.446072 0.110613 -0.881238 0.459547 -0.872108 -0.140838 0.468607 0.166585 -0.186193 0.968288 -0.854988 0.194810 0.480671 0.291041 -0.301140 0.908080 
0.119291 -0.892761 0.434450 0.122242 -0.883564 0.452074 -0.872134 -0.113011 0.476036 0.184315 -0.200816 0.962133 -0.848149 0.193479 0.493162 0.311085 -0.305806 0.899838 
0.055157 -0.907930 0.415476 0.071259 -0.900738 0.428479 -0.870573 -0.105867 0.480516 0.198159 -0.207320 0.957994 -0.831954 0.206721 0.514898 0.326749 -0.323954 0.887856 
-0.052711 -0.910038 0.411161 -0.024137 -0.907899 0.418494 -0.862379 -0.093930 0.497474 0.216052 -0.220997 0.951043 -0.810860 0.196378 0.551309 0.337589 -0.352344 0.872861 
-0.156009 -0.898770 0.409725 -0.121426 -0.902663 0.412862 -0.851547 -0.066799 0.520005 0.240786 -0.242637 0.939760 -0.784971 0.187559 0.590459 0.350976 -0.383402 0.854294 
-0.237481 -0.883712 0.403306 -0.202016 -0.891283 0.405961 -0.837945 -0.037477 0.544466 0.264049 -0.266581 0.926937 -0.758079 0.189341 0.624072 0.368739 -0.412068 0.833205 
-0.307338 -0.866036 0.394365 -0.271866 -0.876595 0.397076 -0.821927 -0.013551 0.569432 0.284888 -0.290136 0.913597 -0.733834 0.195432 0.650610 0.387197 -0.435826 0.812486 
-0.375893 -0.843130 0.384495 -0.340624 -0.856802 0.387126 -0.802576 0.005747 0.596522 0.302969 -0.314889 0.899475 -0.710077 0.202694 0.674319 0.404319 -0.458177 0.791581 
-0.445675 -0.812600 0.375572 -0.410754 -0.829665 0.378071 -0.781344 0.025758 0.623568 0.320130 -0.341428 0.883710 -0.685426 0.209474 0.697361 0.419756 -0.480935 0.769745 
-0.523968 -0.767463 0.369402 -0.490656 -0.788653 0.370517 -0.757418 0.047096 0.651229 0.337094 -0.370712 0.865413 -0.658624 0.216799 0.720564 0.432510 -0.505895 0.746327 
-0.608468 -0.703144 0.367907 -0.578514 -0.728377 0.367136 -0.730116 0.070149 0.679713 0.352899 -0.403570 0.844152 -0.627572 0.223564 0.745770 0.441509 -0.535622 0.719847 
-0.694214 -0.615473 0.373175 -0.669952 -0.643620 0.370023 0.446050 -0.571518 0.688772 -0.590716 0.229111 0.773668 0.367093 -0.440949 0.819028 -0.697943 0.093422 0.710034 
-0.771309 -0.503923 0.388772 0.373318 -0.464567 0.803001 0.439586 -0.610536 0.658794 -0.553075 0.233985 0.799599 -0.760266 -0.527996 0.378438 -0.674238 0.097647 0.732030 
-0.817397 -0.412677 0.401945 0.373894 -0.490954 0.786872 0.426593 -0.645081 0.633947 -0.520620 0.239741 0.819438 -0.814327 -0.431329 0.388364 -0.651620 0.112063 0.750222 
-0.845927 -0.342381 0.408879 0.372536 -0.521035 0.767945 0.417503 -0.674260 0.609150 -0.490920 0.243286 0.836546 -0.843655 -0.361971 0.396514 -0.627270 0.133131 0.767339 
0.409895 -0.700743 0.583905 -0.291128 -0.311322 0.904612 -0.462286 0.246815 0.851689 -0.868390 -0.274849 0.412743 0.006905 0.027697 0.999593 0.027802 0.819906 0.571823 -0.108431 -0.556501 0.823741 
0.401359 -0.725593 0.558951 -0.288121 -0.304777 0.907798 -0.434551 0.250058 0.865238 -0.885616 -0.204989 0.416730 0.005449 0.022085 0.999741 0.101895 0.826768 0.553238 -0.125304 -0.536610 0.834475 
0.389919 -0.749685 0.534728 -0.294605 -0.296938 0.908315 -0.407553 0.252233 0.877655 -0.895800 -0.133345 0.423983 0.003920 0.015100 0.999878 0.152352 0.825253 0.543826 -0.125413 -0.528668 0.839513 
0.372790 -0.774468 0.511104 -0.304590 -0.286348 0.908422 -0.380554 0.252794 0.889536 -0.898006 -0.061894 0.435609 0.002084 0.007435 0.999970 -0.115861 -0.519955 0.846299 0.194225 0.823691 0.532738 
0.349637 -0.800286 0.487130 -0.315251 -0.273788 0.908657 -0.352785 0.251750 0.901202 -0.892902 0.008427 0.450172 -0.000383 -0.001256 0.999999 -0.105688 -0.509729 0.853819 0.235892 0.819894 0.521660 
0.322988 -0.825737 0.462425 -0.323929 -0.259848 0.909697 -0.324659 0.249411 0.912355 -0.881784 0.076707 0.465375 -0.099250 -0.499108 0.860837 0.004481 0.013573 0.999898 
0.292471 -0.850768 0.436640 -0.329084 -0.244735 0.912036 -0.296005 0.245438 0.923115 -0.864885 0.142903 0.481199 -0.097861 -0.489014 0.866769 0.002932 0.008240 0.999962 
0.257519 -0.875122 0.409690 -0.331856 -0.229139 0.915078 -0.266885 0.239637 0.933460 -0.842237 0.206983 0.497790 -0.101936 -0.480663 0.870961 0.001445 0.003788 0.999992 
-0.810915 0.259347 0.524553 -0.327257 -0.209943 0.921318 -0.111545 -0.475968 0.872360 0.001466 0.003643 0.999992 -0.241752 0.234456 0.941587 0.210864 -0.896749 0.389074 
-0.776000 0.294266 0.557881 -0.313730 -0.188719 0.930569 -0.123223 -0.470655 0.873671 0.001261 0.002995 0.999995 -0.213329 0.218911 0.952139 0.141851 -0.920193 0.364860 
-0.737057 0.322142 0.594114 -0.303256 -0.169414 0.937728 -0.133727 -0.467814 0.873652 -0.001594 -0.003624 0.999992 -0.184606 0.199774 0.962295 0.051360 -0.938169 0.342347 
-0.696718 0.340343 0.631467 -0.295545 -0.153172 0.942969 -0.143895 -0.465427 0.873311 -0.007327 -0.016101 0.999844 -0.156611 0.177759 0.971532 -0.054173 -0.945180 0.322024 
-0.287095 -0.138510 0.947835 -0.175877 -0.937488 0.300307 -0.153284 -0.464011 0.872466 -0.015139 -0.032207 0.999367 -0.127051 0.149746 0.980527 -0.656564 0.350791 0.667735 
-0.277999 -0.125054 0.952406 -0.313856 -0.906570 0.282179 -0.162556 -0.462958 0.871347 -0.024142 -0.049893 0.998463 -0.097582 0.118919 0.988097 -0.615936 0.354492 0.703533 
-0.066271 0.083146 0.994331 -0.573954 0.353082 0.738857 -0.268997 -0.113002 0.956489 -0.468229 -0.842606 0.266040 -0.171550 -0.459829 0.871279 -0.035157 -0.070818 0.996870 
-0.036112 0.046767 0.998253 -0.530611 0.346106 0.773733 -0.258914 -0.101328 0.960571 -0.621069 -0.739328 0.260130 -0.181023 -0.449794 0.874595 -0.047737 -0.093320 0.994491 
-0.004740 0.006373 0.999968 -0.484327 0.334941 0.808234 -0.245745 -0.088560 0.965281 -0.760913 -0.592778 0.263868 -0.189169 -0.440830 0.877431 -0.060505 -0.114003 0.991636 
0.025705 -0.036056 0.999019 -0.436559 0.319283 0.841115 -0.228957 -0.075472 0.970506 -0.860410 -0.426258 0.279282 -0.085488 -0.154265 0.984324 -0.196644 -0.430449 0.880934 0.412214 0.778153 0.473875 
-0.404411 -0.120589 0.906593 0.055836 -0.082028 0.995065 -0.388022 0.300097 0.871424 -0.099578 -0.171340 0.980167 0.376796 0.800613 0.465880 -0.203621 -0.418994 0.884863 
-0.387240 -0.099676 0.916575 0.083255 -0.128756 0.988175 -0.339753 0.276965 0.898809 -0.113137 -0.185422 0.976124 0.341385 0.820839 0.457907 -0.209697 -0.405674 0.889638 
-0.366992 -0.080010 0.926777 0.109791 -0.179395 0.977632 -0.291790 0.250927 0.922981 -0.126779 -0.197509 0.972069 0.299692 0.839962 0.452380 -0.215481 -0.392555 0.894130 
-0.343027 -0.062059 0.937273 0.132653 -0.230705 0.963939 -0.243832 0.220998 0.944302 -0.662684 -0.691439 0.287685 0.045175 0.069613 0.996551 0.256264 0.857197 0.446702 -0.220373 -0.376754 0.899718 
-0.317852 -0.047103 0.946970 0.151718 -0.282783 0.947109 -0.198683 0.189398 0.961589 -0.782316 -0.548455 0.295261 0.035202 0.053958 0.997923 0.210912 0.871083 0.443544 -0.225896 -0.359790 0.905274 
-0.302594 -0.038843 0.952328 -0.862279 -0.401188 0.309068 0.168659 -0.330675 0.928552 -0.164176 0.163624 0.972766 0.154004 0.883858 0.441676 -0.006980 -0.010640 0.999919 
-0.297830 -0.034597 0.953992 -0.912450 -0.253868 0.320913 0.082111 0.888633 0.451208 -0.027677 -0.041447 0.998757 0.184740 -0.372413 0.909494 -0.135661 0.139754 0.980849 
-0.293729 -0.031551 0.955368 -0.935917 -0.123117 0.330002 0.008934 0.883583 0.468190 -0.048694 -0.071505 0.996251 0.197631 -0.405113 0.892651 -0.106873 0.112227 0.987919 
-0.284479 -0.029055 0.958242 -0.939331 -0.012603 0.342780 -0.048942 0.870577 0.489592 -0.065445 -0.094643 0.993358 0.210726 -0.434837 0.875507 -0.078490 0.082890 0.993463 
-0.271279 -0.027461 0.962109 -0.928976 0.074384 0.362588 -0.104914 0.851791 0.513268 -0.079483 -0.113457 0.990359 0.227296 -0.466468 0.854835 -0.051152 0.053773 0.997242 
-0.249174 -0.026020 0.968109 -0.911766 0.149159 0.382669 -0.127224 0.842798 0.522978 -0.086450 -0.122309 0.988720 0.249170 -0.498538 0.830285 -0.023747 0.024640 0.999414 
-0.225808 -0.023622 0.973885 -0.886252 0.229924 0.402110 -0.138555 0.832317 0.536703 -0.092343 -0.129479 0.987273 0.276753 -0.528404 0.802619 0.004444 -0.004521 0.999980 
-0.203038 -0.021669 0.978931 -0.853638 0.301185 0.424959 -0.143997 0.821596 0.551584 -0.098769 -0.138278 0.985456 0.307797 -0.555070 0.772760 0.034106 -0.033794 0.998847 
-0.180286 -0.020157 0.983408 -0.814652 0.363241 0.452105 -0.132997 0.809148 0.572356 -0.105035 -0.148523 0.983315 0.340236 -0.578585 0.741268 0.066270 -0.063830 0.995758 
-0.152431 -0.020598 0.988099 -0.783550 0.396533 0.478342 -0.118418 0.842091 0.526175 -0.103550 -0.152701 0.982833 0.358760 -0.602149 0.713238 0.100179 -0.094906 0.990433 
-0.141924 -0.022974 0.989611 -0.761455 0.414047 0.498749 -0.080034 0.882264 0.463902 -0.098727 -0.150808 0.983621 0.375267 -0.613926 0.694456 0.106451 -0.101394 0.989135 
-0.140571 -0.025918 0.989731 -0.757204 0.421059 0.499351 -0.020334 0.902880 0.429411 -0.095518 -0.151295 0.983863 0.378755 -0.611932 0.694323 0.109188 -0.103268 0.988642 
-0.141826 -0.026755 0.989530 -0.028669 0.898207 0.438636 -0.096102 -0.154802 0.983260 0.375750 -0.607163 0.700118 0.022997 -0.021565 0.999503 -0.762692 0.423573 0.488761 0.350750 -0.326634 0.877658 
-0.142871 -0.027953 0.989347 0.372923 -0.602979 0.705227 -0.030856 0.896381 0.442209 -0.095735 -0.155542 0.983179 -0.771099 0.420335 0.478251 0.116870 -0.108081 0.987249 
-0.145750 -0.029886 0.988870 0.370192 -0.596754 0.711929 -0.035146 0.896026 0.442607 -0.094671 -0.155090 0.983354 -0.781746 0.413330 0.466939 0.116330 -0.106225 0.987514 
-0.151989 -0.032936 0.987833 0.363638 -0.584980 0.724959 -0.038591 0.894879 0.444636 -0.093078 -0.154403 0.983614 -0.799268 0.399321 0.449126 0.112892 -0.101305 0.988429 
-0.162652 -0.037272 0.985979 0.354209 -0.567662 0.743166 -0.053688 0.892914 0.447015 -0.089975 -0.152289 0.984232 -0.824385 0.369093 0.429139 0.101348 -0.089227 0.990842 
-0.178821 -0.042344 0.982970 -0.856545 0.313386 0.410025 -0.093969 0.881560 0.462625 -0.085459 -0.149580 0.985050 0.343193 -0.545796 0.764412 0.080065 -0.069203 0.994385 
-0.197280 -0.047066 0.979217 -0.890771 0.235930 0.388413 -0.150389 0.867239 0.474636 -0.078868 -0.144449 0.986364 0.329615 -0.518750 0.788830 0.053649 -0.045366 0.997529 
-0.208061 -0.050053 0.976834 -0.921102 0.130834 0.366678 -0.177550 0.868548 0.462709 -0.064122 -0.124291 0.990172 0.312947 -0.485396 0.816367 0.021748 -0.017887 0.999603 
-0.213923 -0.053298 0.975396 -0.938544 -0.009110 0.345040 -0.173841 0.882994 0.436007 -0.044280 -0.090942 0.994871 0.292819 -0.444607 0.846512 -0.015524 0.012316 0.999804 
-0.220552 -0.059324 0.973569 -0.925640 -0.191046 0.326637 -0.144945 0.901648 0.407458 -0.023290 -0.050842 0.998435 0.268649 -0.395931 0.878104 -0.059388 0.044954 0.997222 
-0.232275 -0.070951 0.970059 -0.858587 -0.402672 0.317306 -0.104418 0.918559 0.381244 0.242583 -0.339673 0.908722 -0.113579 0.080410 0.990270 0.010695 0.025185 0.999626 -0.131649 -0.311437 0.941103 
-0.248963 -0.089333 0.964384 0.215716 -0.279883 0.935485 -0.180511 0.116987 0.976591 -0.730854 -0.600443 0.324532 0.027577 0.071289 0.997074 -0.049278 0.929590 0.365286 -0.118729 -0.316927 0.940989 
-0.270371 -0.115536 0.955799 0.188111 -0.220821 0.957002 -0.254894 0.147382 0.955671 -0.568477 -0.748843 0.340688 0.037569 0.108580 0.993378 0.002566 0.932834 0.360298 -0.107636 -0.327514 0.938695 
-0.295188 -0.149399 0.943687 0.155502 -0.162108 0.974443 -0.332095 0.166377 0.928457 -0.387446 -0.848927 0.359455 0.041323 0.135096 0.989970 0.024338 0.930210 0.366219 -0.093779 -0.344578 0.934062 
-0.316291 -0.189731 0.929496 0.113895 -0.104090 0.988025 -0.405691 0.170271 0.898010 -0.043049 -0.165938 0.985196 0.021697 0.925464 0.378215 -0.075019 -0.365389 0.927827 
0.062190 -0.049176 0.996852 -0.478357 0.159295 0.863597 -0.724068 -0.591745 0.354348 -0.166952 -0.118651 0.978800 -0.029581 -0.153039 0.987777 0.014665 0.917260 0.398019 -0.053489 -0.391989 0.918414 
0.000961 -0.000647 0.999999 -0.552160 0.133256 0.823020 -0.532946 -0.777605 0.333614 -0.187841 -0.157063 0.969560 -0.017537 -0.139670 0.990043 -0.005529 0.907150 0.420771 -0.030529 -0.418581 0.907666 
-0.069171 0.038907 0.996846 -0.625300 0.091044 0.775056 -0.267649 -0.905583 0.329063 -0.202057 -0.203164 0.958070 -0.007012 -0.128161 0.991729 -0.039693 0.896510 0.441243 -0.011552 -0.440208 0.897821 
-0.692227 0.031172 0.721006 -0.207373 -0.256580 0.944014 -0.090446 0.884213 0.458243 0.002505 -0.153214 0.988190 -0.150994 0.069577 0.986083 0.034496 -0.937498 0.346275 
-0.750435 -0.048043 0.659196 -0.202034 -0.315364 0.927215 -0.162164 0.865884 0.473232 0.012499 -0.154991 0.987837 -0.241453 0.088459 0.966372 0.302887 -0.871791 0.385020 
-0.795333 -0.147958 0.587838 -0.188239 -0.376610 0.907045 -0.284465 0.833710 0.473293 0.021989 -0.166874 0.985733 -0.335574 0.093723 0.937340 0.497484 -0.748388 0.438663 
-0.816578 -0.270623 0.509867 -0.171926 -0.436454 0.883148 -0.472928 0.742475 0.474416 0.030991 -0.192393 0.980829 -0.428995 0.085915 0.899212 0.614599 -0.608683 0.501770 
-0.153485 -0.479151 0.864209 -0.800641 -0.413911 0.433187 -0.518545 0.067849 0.852354 0.669428 -0.477366 0.569200 -0.649272 0.617919 0.443421 0.036044 -0.206304 0.977824 
0.678461 -0.368751 0.635385 -0.600047 0.045556 0.798666 -0.734845 -0.574531 0.360440 -0.001342 -0.034258 0.999412 0.043992 0.166481 0.985063 -0.124729 -0.489166 0.863226 -0.479080 0.729437 0.488267 -0.005877 -0.420338 0.907349 
0.654906 -0.281856 0.701181 -0.676432 0.023067 0.736144 -0.588534 -0.751685 0.297653 -0.657674 0.565824 0.497302 0.000033 0.005502 0.999985 0.046105 0.221971 0.973963 -0.092477 -0.495707 0.863552 
0.605491 -0.210658 0.767466 0.040237 0.274841 0.960647 -0.059761 -0.497261 0.865540 -0.750092 -0.001124 0.661332 -0.291998 -0.922757 0.251509 -0.769585 0.374899 0.516904 -0.001290 0.048336 0.998830 
-0.820106 -0.026663 0.571590 0.532838 -0.152329 0.832394 0.193712 -0.960692 0.198863 0.025767 0.319709 0.947165 -0.011491 -0.146808 0.989098 -0.813554 0.198804 0.546449 0.013551 -0.203575 0.978965 
0.003576 0.085671 0.996317 -0.885358 -0.053122 0.461865 0.436697 -0.101329 0.893884 0.648962 -0.718738 0.249528 -0.811689 0.062693 0.580715 0.022468 -0.170419 0.985116 
0.000368 0.094012 0.995571 -0.927274 -0.124261 0.353161 0.332847 -0.063430 0.940845 0.795883 -0.491324 0.353796 -0.782067 -0.032406 0.622351 0.027192 -0.137223 0.990167 
-0.754816 -0.059036 0.653275 0.250471 -0.034794 0.967499 0.809466 -0.369225 0.456550 -0.006177 0.177080 0.984177 0.070317 -0.966456 0.247020 -0.916427 -0.289631 0.276181 0.030776 -0.117175 0.992634 
-0.011056 0.160406 0.986989 0.197152 -0.014189 0.980270 -0.759598 -0.032512 0.649580 0.276274 -0.927473 0.251926 0.813196 -0.285589 0.507101 -0.875489 -0.427598 0.225120 0.036519 -0.115319 0.992657 
-0.015106 0.145466 0.989248 0.169417 -0.004542 0.985534 -0.780255 0.010534 0.625373 0.418320 -0.870083 0.260699 0.820280 -0.238199 0.520003 -0.839605 -0.505836 0.197972 0.043496 -0.120154 0.991802 
-0.020014 0.140853 0.989828 0.157124 0.000653 0.987579 -0.804550 0.005827 0.593857 0.504397 -0.820559 0.268824 0.828889 -0.206952 0.519725 -0.811102 -0.554329 0.186635 0.048569 -0.119503 0.991645 
-0.025789 0.142976 0.989390 0.146045 0.004757 0.989267 -0.827615 -0.032990 0.560326 0.580422 -0.766166 0.275862 0.839488 -0.173212 0.515031 -0.789265 -0.588577 0.175035 0.051267 -0.113744 0.992186 
-0.031545 0.146022 0.988778 0.125324 0.008081 0.992083 -0.843826 -0.088889 0.529203 0.668480 -0.685535 0.288404 0.849457 -0.122961 0.513131 0.053032 -0.106818 0.992863 
-0.036487 0.148082 0.988302 -0.843276 -0.153883 0.514982 0.099262 0.010002 0.995011 0.053646 -0.098802 0.993660 0.741043 -0.600755 0.299916 0.845592 -0.066637 0.529654 
-0.039967 0.147054 0.988321 -0.838380 -0.198484 0.507664 0.078156 0.010739 0.996883 0.054153 -0.092359 0.994252 0.788985 -0.534300 0.303357 0.830513 -0.021547 0.556582 
-0.042379 0.144432 0.988607 -0.834931 -0.226829 0.501437 0.062088 0.010357 0.998017 0.054870 -0.088177 0.994592 0.824488 -0.476595 0.305084 0.817122 0.010996 0.576360 
-0.044299 0.142019 0.988872 -0.831791 -0.247109 0.497052 0.053998 0.010102 0.998490 0.055962 -0.086156 0.994709 0.846986 -0.434963 0.305650 0.810770 0.032611 0.584455 
-0.046137 0.140781 0.988965 -0.826325 -0.262161 0.498456 0.055628 0.011214 0.998389 0.057455 -0.085824 0.994652 0.856932 -0.417759 0.301902 0.810774 0.045417 0.583595 
-0.048181 0.141048 0.988830 -0.818597 -0.272812 0.505443 0.065515 0.013935 0.997754 0.059386 -0.086838 0.994451 0.855741 -0.425655 0.294151 0.816356 0.052626 0.575147 
-0.050331 0.142219 0.988555 -0.810716 -0.279455 0.514436 0.081621 0.018003 0.996501 0.061616 -0.088849 0.994137 0.845337 -0.452752 0.283586 0.826325 0.054454 0.560555 
-0.052617 0.144423 0.988116 -0.802476 -0.285075 0.524180 0.100524 0.022649 0.994677 0.063751 -0.091190 0.993791 0.825648 -0.493206 0.273958 0.838785 0.052425 0.541933 
-0.054837 0.147245 0.987579 -0.794660 -0.289817 0.533405 0.119778 0.027263 0.992426 0.065574 -0.093507 0.993457 0.797662 -0.541125 0.266308 0.851492 0.047224 0.522236 
-0.056593 0.149816 0.987093 -0.788572 -0.291455 0.541487 0.136890 0.031138 0.990097 0.067072 -0.095775 0.993141 0.765047 -0.588709 0.261010 0.862791 0.039397 0.504023 
-0.057552 0.151697 0.986750 -0.785131 -0.288847 0.547848 0.150588 0.033892 0.988015 0.068324 -0.098163 0.992822 0.732498 -0.629959 0.258065 0.871759 0.030665 0.488975 
-0.057714 0.152755 0.986577 -0.782933 -0.284098 0.553448 0.162649 0.035972 0.986028 -0.814318 -0.552764 0.177029 0.069293 -0.100589 0.992512 0.696905 -0.671257 0.252465 0.877889 0.020561 0.478422 
-0.057458 0.153315 0.986506 -0.779083 -0.280781 0.560529 0.176543 0.038095 0.983555 -0.823351 -0.534458 0.190915 0.070166 -0.103218 0.992181 0.657239 -0.712936 0.244457 0.883104 0.008400 0.469101 
-0.057052 0.153641 0.986478 -0.773109 -0.279643 0.569300 0.191935 0.040133 0.980587 -0.836430 -0.508028 0.205650 0.071170 -0.106322 0.991781 0.613452 -0.753903 0.235176 0.889250 -0.002899 0.457412 
-0.056614 0.153777 0.986482 -0.765287 -0.280675 0.579273 0.208898 0.042327 0.977021 -0.853672 -0.471530 0.221142 0.072641 -0.110309 0.991239 0.562973 -0.795303 0.224843 0.896961 -0.011249 0.441967 
-0.055992 0.153248 0.986600 0.074657 -0.115235 0.990529 -0.755584 -0.283421 0.590563 -0.871257 -0.429389 0.237774 0.227361 0.044779 0.972781 0.504051 -0.836947 0.213194 0.905102 -0.017780 0.424824 
0.077668 -0.121867 0.989503 -0.749445 -0.278578 0.600604 0.911938 -0.027429 0.409411 -0.054212 0.149584 0.987262 0.448607 -0.869889 0.205050 -0.881865 -0.398031 0.252756 0.243519 0.046212 0.968795 
0.080990 -0.129352 0.988286 -0.752854 -0.254401 0.607034 0.916368 -0.036951 0.398627 -0.051075 0.142986 0.988406 0.423422 -0.883457 0.200545 -0.888785 -0.376122 0.261902 0.253530 0.046089 0.966229 
0.082396 -0.133699 0.987591 -0.757521 -0.228884 0.611370 0.917313 -0.046896 0.395396 -0.048735 0.138960 0.989098 0.404945 -0.892178 0.200094 -0.889519 -0.371580 0.265866 0.257557 0.045246 0.965203 
0.081514 -0.134058 0.987615 -0.760840 -0.213570 0.612789 0.916127 -0.058514 0.396596 -0.047832 0.138976 0.989140 0.397998 -0.894523 0.203532 -0.886522 -0.378411 0.266240 0.257422 0.043629 0.965314 
0.078581 -0.130540 0.988324 -0.762916 -0.212100 0.610715 0.913067 -0.071972 0.401408 -0.048488 0.143177 0.988509 0.383760 -0.899211 0.210115 -0.877331 -0.399724 0.265540 0.255182 0.041743 0.965991 
0.075799 -0.126670 0.989045 -0.764280 -0.218858 0.606611 0.910786 -0.082221 0.404610 -0.049603 0.147851 0.987765 0.369430 -0.904289 0.213972 -0.869297 -0.416123 0.266766 0.254992 0.040787 0.966082 
0.073986 -0.123814 0.989543 -0.763511 -0.229912 0.603483 0.910825 -0.083104 0.404342 -0.050850 0.151954 0.987079 0.365318 -0.905806 0.214612 -0.869567 -0.415632 0.266653 0.254892 0.040481 0.966122 
0.072847 -0.121621 0.989900 -0.761686 -0.242560 0.600831 0.911533 -0.078715 0.403622 -0.052019 0.155151 0.986520 0.372334 -0.903107 0.213927 -0.873268 -0.408780 0.265145 0.254029 0.040532 0.966347 
0.072266 -0.120098 0.990128 -0.759498 -0.254200 0.598787 0.911677 -0.072600 0.404443 -0.052787 0.156780 0.986222 0.383983 -0.898518 0.212655 -0.876165 -0.404073 0.262792 0.252198 0.040670 0.966821 
