-0.971326 0.237749 -0.000939 0.241979 0.970273 -0.004171 -0.236040 -0.971734 0.004177 0.965783 -0.259349 0.001032 
-0.971298 0.237855 -0.002115 0.242088 0.970249 -0.003309 -0.236150 -0.971711 0.003322 0.965753 -0.259455 0.002188 
-0.971284 0.237909 -0.002614 0.242143 0.970238 -0.002249 -0.236204 -0.971701 0.002265 0.965737 -0.259509 0.002664 
-0.971284 0.237910 -0.002381 0.242142 0.970239 -0.002029 -0.236204 -0.971701 0.002044 0.965738 -0.259509 0.002426 
-0.971328 0.237742 -0.001163 0.241972 0.970283 -0.000564 -0.236032 -0.971745 0.000571 0.965784 -0.259343 0.001175 
-0.971328 0.237742 -0.001034 0.241971 0.970283 -0.000517 -0.236032 -0.971745 0.000523 0.965785 -0.259343 0.001045 
-0.971344 0.237653 -0.003298 0.241890 0.970301 -0.002386 -0.235950 -0.971762 0.002406 0.965803 -0.259255 0.003351 
-0.971345 0.237654 -0.002961 0.241889 0.970302 -0.002168 -0.235950 -0.971763 0.002186 0.965804 -0.259255 0.003009 
-0.971333 0.237712 -0.002448 0.241949 0.970280 -0.004060 -0.236009 -0.971742 0.004075 0.965790 -0.259313 0.002538 
-0.971358 0.237610 -0.002177 0.241845 0.970307 -0.003787 -0.235906 -0.971768 0.003800 0.965818 -0.259212 0.002261 
-0.971418 0.237368 -0.001928 0.241602 0.970368 -0.003805 -0.235663 -0.971827 0.003817 0.965883 -0.258970 0.002013 
-0.972445 0.233127 -0.001745 0.237365 0.971413 -0.003886 -0.231419 -0.972846 0.003897 0.967004 -0.254753 0.001832 
-0.973993 0.226579 -0.000053 0.230817 0.972989 -0.003935 -0.224862 -0.974383 0.003936 0.968698 -0.248242 0.000141 
-0.974231 0.225533 -0.002984 0.229789 0.973215 -0.007051 -0.223833 -0.974602 0.007069 0.968959 -0.247201 0.003141 
-0.974080 0.226172 -0.003857 0.230430 0.973075 -0.005210 -0.224474 -0.974466 0.005234 0.968794 -0.247837 0.003973 
-0.973151 0.230142 -0.003348 0.234398 0.972108 -0.007931 -0.228448 -0.973524 0.007952 0.967777 -0.251785 0.003524 
-0.970968 0.239200 -0.001947 0.243409 0.969665 -0.022398 -0.237473 -0.971136 0.022410 0.965393 -0.260787 0.002446 
-0.970791 0.239918 -0.001919 0.244041 0.969014 -0.038144 -0.238105 -0.970490 0.038156 0.965202 -0.261491 0.002770 
-0.973615 0.228192 -0.001407 0.232231 0.971461 -0.048300 -0.226277 -0.972864 0.048309 0.968289 -0.249821 0.002484 
-0.974853 0.222845 -0.001169 0.226904 0.972827 -0.046072 -0.220943 -0.974197 0.046080 0.969646 -0.244504 0.002196 
-0.971823 0.235712 -0.000862 0.239713 0.969669 -0.047742 -0.233771 -0.971118 0.047748 0.966330 -0.257299 0.001926 
-0.969191 0.246309 -0.000749 0.250278 0.966981 -0.048039 -0.244353 -0.968496 0.048044 0.963463 -0.267835 0.001820 
-0.968143 0.250397 -0.000544 0.254304 0.965745 -0.051629 -0.248384 -0.967284 0.051633 0.962326 -0.271894 0.001695 
-0.970669 0.240421 -0.000108 0.244282 0.968119 -0.055423 -0.238347 -0.969597 0.055424 0.965074 -0.261973 0.001344 
-0.970135 0.242565 0.000588 0.246262 0.967122 -0.063488 -0.240331 -0.968613 0.063485 0.964496 -0.264095 0.000828 
-0.968619 0.248548 0.000998 0.252028 0.964955 -0.073105 -0.246106 -0.966482 0.073099 0.962852 -0.270028 0.000633 
-0.966800 0.255531 0.001111 0.258817 0.962543 -0.080770 -0.252906 -0.964114 0.080764 0.960882 -0.276956 0.000690 
-0.966235 0.257657 0.001468 0.260772 0.961509 -0.086588 -0.254865 -0.963093 0.086580 0.960274 -0.279059 0.000463 
-0.965970 0.258647 0.001894 0.261604 0.960844 -0.091336 -0.255698 -0.962434 0.091326 0.959990 -0.280034 0.000143 
-0.965451 0.260575 0.002423 0.263220 0.959474 -0.100625 -0.257318 -0.961075 0.100611 0.959435 -0.281931 -0.000179 
-0.964573 0.263801 0.002890 0.266054 0.957520 -0.111227 -0.260157 -0.959141 0.111211 0.958494 -0.285114 -0.000409 
-0.963839 0.266430 0.005415 0.267440 0.953911 -0.136121 -0.261546 -0.955549 0.136089 0.957729 -0.287662 -0.002379 
-0.184570 0.982818 -0.001823 0.955580 -0.294715 -0.003237 0.555411 0.825505 -0.100298 -0.982068 -0.186165 0.029732 -0.266590 -0.947940 0.174180 -0.409603 -0.912263 0.000894 
-0.184790 0.982776 -0.001888 0.952771 -0.303689 -0.000234 0.552802 0.823595 -0.126889 -0.982015 -0.186381 0.030149 -0.274329 -0.940039 0.202656 -0.407956 -0.912790 0.019665 
-0.189006 0.981944 -0.007910 0.951171 -0.308663 0.000393 0.555538 0.819341 -0.141625 -0.981311 -0.190456 0.027483 -0.278175 -0.934887 0.220465 -0.413512 -0.909788 0.035968 
-0.192341 0.981157 -0.018304 0.951331 -0.308169 -0.001155 0.562617 0.813986 -0.144529 -0.980781 -0.193613 0.024131 -0.277036 -0.934138 0.225029 -0.424448 -0.904247 0.046700 
-0.191302 0.981184 -0.026100 0.951603 -0.307327 -0.001585 0.572061 0.808252 -0.139555 -0.981063 -0.192504 0.021389 -0.276623 -0.935942 0.217929 -0.436072 -0.898535 0.049762 
-0.188260 0.981704 -0.028566 0.951779 -0.306783 -0.000518 0.582049 0.802533 -0.130997 -0.981703 -0.189515 0.018503 -0.277234 -0.938878 0.204082 -0.446918 -0.893307 0.047605 
-0.184044 0.982516 -0.028095 0.952009 -0.306064 0.002056 0.590243 0.797995 -0.121725 -0.982549 -0.185422 0.014722 -0.277915 -0.941790 0.189195 -0.455541 -0.889164 0.043247 
-0.181038 0.983089 -0.027610 0.952221 -0.305363 0.005293 0.596630 0.794595 -0.112479 -0.983148 -0.182586 0.009035 -0.278413 -0.943891 0.177639 -0.462834 -0.885617 0.038302 
-0.178117 0.983710 -0.024262 0.951921 -0.306194 0.009522 0.600796 0.792587 -0.104165 -0.983692 -0.179839 0.002631 -0.280318 -0.944773 0.169784 -0.467941 -0.883218 0.030941 
-0.176461 0.984125 -0.018959 0.951152 -0.308358 0.014983 0.602223 0.792523 -0.096096 -0.983990 -0.178224 0.000083 -0.283635 -0.945007 0.162829 -0.468764 -0.883096 0.020032 
-0.175868 0.984344 -0.011675 0.950331 -0.310481 0.021733 0.600809 0.794568 -0.087698 -0.984100 -0.177617 -0.000243 -0.287048 -0.945219 0.155448 -0.465420 -0.885068 0.006196 
-0.174601 0.984623 -0.005673 0.950051 -0.311505 0.019196 0.599020 0.797356 -0.073480 -0.984328 -0.176344 -0.001245 -0.288290 -0.948312 0.132643 -0.462924 -0.886398 0.000724 
-0.172854 0.984942 -0.003332 0.950194 -0.311303 0.014891 0.598458 0.799049 -0.058038 -0.984598 -0.174612 -0.008776 -0.288086 -0.951422 0.108640 -0.462735 -0.886496 0.000635 
-0.167561 0.985833 -0.007471 0.948913 -0.315206 0.014465 0.599098 0.799474 -0.043854 -0.985363 -0.169411 -0.018975 -0.292234 -0.951823 0.092910 -0.462447 -0.886647 0.000429 
-0.164638 0.986253 -0.014082 0.948111 -0.317569 0.015314 0.601453 0.798364 -0.029467 -0.985643 -0.166704 -0.026782 -0.294876 -0.952381 0.077577 -0.463743 -0.885970 -0.000481 
-0.161485 0.986711 -0.017989 0.948333 -0.316766 0.017975 0.606610 0.794802 -0.017720 -0.985997 -0.163729 -0.031668 -0.294357 -0.953676 0.062093 -0.469079 -0.883154 -0.001867 
-0.157839 0.987260 -0.020110 0.948463 -0.316119 0.022052 0.615185 0.788364 -0.005410 -0.986357 -0.160246 -0.037696 -0.293904 -0.954761 0.045287 -0.479231 -0.877680 -0.003979 
-0.153419 0.987928 -0.021470 0.948502 -0.315696 0.026082 0.624871 0.780692 0.007500 -0.986766 -0.155984 -0.044291 -0.293457 -0.955551 0.028367 -0.491569 -0.870815 -0.006479 
-0.147594 0.988858 -0.019366 0.947894 -0.317180 0.029906 0.633596 0.773389 0.020633 -0.987329 -0.150152 -0.051334 -0.294727 -0.955505 0.012116 -0.502834 -0.864304 -0.011704 
-0.142058 0.989763 -0.013744 0.946934 -0.319877 0.031539 0.639957 0.767707 0.032886 -0.987783 -0.144368 -0.058671 -0.297148 -0.954831 0.000320 -0.510963 -0.859354 -0.020665 
-0.138554 0.990330 -0.007036 0.946897 -0.319877 0.032648 0.642649 0.764969 0.042708 -0.987853 -0.140457 -0.066464 -0.297154 -0.954829 0.000204 -0.515450 -0.856158 -0.036106 
-0.140031 0.990136 0.004674 0.946807 -0.319864 0.035258 0.639510 0.766945 0.053114 -0.987085 -0.141019 -0.076003 -0.297164 -0.954826 0.000086 -0.511675 -0.857327 -0.056379 
-0.145098 0.989228 0.019354 0.946709 -0.319847 0.037939 0.631599 0.772727 0.063044 -0.985752 -0.144690 -0.085773 -0.297174 -0.954823 -0.000003 -0.500783 -0.862048 -0.078034 
-0.127360 0.991125 0.038089 -0.987626 -0.125050 -0.094640 0.991290 -0.130854 0.014870 0.611433 0.788864 0.061997 -0.107093 -0.994215 0.008209 -0.562333 -0.823914 -0.070342 
0.187122 -0.982085 0.022224 -0.111921 0.991836 0.061117 -0.988040 -0.106390 -0.111616 -0.608269 -0.791844 -0.054693 0.986545 0.163487 0.000602 0.595685 0.801652 0.050136 
0.180455 -0.982920 0.036122 -0.115851 0.989488 0.086562 -0.986179 -0.106111 -0.127242 -0.571551 -0.819849 -0.034305 0.987546 0.157124 0.008102 0.559511 0.828763 0.009973 
0.163293 -0.981673 0.098248 -0.079311 0.996403 0.029859 -0.991767 -0.077659 -0.101817 -0.540249 -0.841494 0.004272 0.989554 0.142366 0.022689 0.524357 0.850309 -0.045006 
0.121004 -0.982055 0.144659 -0.058232 0.998302 0.001520 -0.995083 -0.059688 -0.079039 -0.510224 -0.858993 0.042456 0.994319 0.102332 0.029302 0.496918 0.862042 -0.099785 
0.219142 -0.952860 0.209845 -0.041306 0.999146 0.001351 -0.996598 -0.042870 -0.070383 -0.489027 -0.869140 0.073810 0.978713 0.204252 0.020043 0.456089 0.874637 -0.164296 
0.206661 -0.945200 0.252763 0.979559 0.198085 0.035028 -0.996055 -0.044713 -0.076653 -0.451166 -0.886746 0.100647 -0.043180 0.999066 0.001301 0.418747 0.883850 -0.208473 
0.185256 -0.942384 0.278553 0.980978 0.184839 0.059297 -0.995403 -0.056283 -0.077498 -0.440045 -0.892038 0.103100 -0.054935 0.998485 0.003171 0.415342 0.882148 -0.222051 
0.215305 -0.946059 0.242108 -0.085582 0.996317 0.005323 -0.992862 -0.086614 -0.081995 -0.473329 -0.876841 0.084321 0.976640 0.209294 0.048691 0.452723 0.872724 -0.182743 
0.259968 -0.954915 0.143364 -0.126240 0.991982 0.005919 -0.987619 -0.126911 -0.092208 -0.539069 -0.840200 0.058887 0.969956 0.242241 0.022471 0.522997 0.845613 -0.106832 
0.293849 -0.955353 0.030863 -0.142039 0.989837 0.006863 -0.983448 -0.142122 -0.112391 -0.610802 -0.791264 0.028672 0.962250 0.271433 0.019991 0.598869 0.800569 -0.021077 
0.312866 -0.949797 0.000477 -0.142405 0.989730 0.012447 -0.980538 -0.141145 -0.136469 -0.643846 -0.765133 -0.005746 0.957018 0.289918 0.007961 0.633427 0.772847 0.038435 
0.312873 -0.949795 0.000288 -0.139574 0.989632 0.033865 -0.978255 -0.134343 -0.158013 -0.640552 -0.767553 -0.023565 0.957006 0.289920 0.009286 0.629242 0.775307 0.054346 
0.312885 -0.949791 -0.000011 -0.139361 0.988567 0.057560 -0.974472 -0.128433 -0.184143 -0.636778 -0.768947 -0.056879 0.956854 0.289880 0.020004 0.624613 0.776343 0.084558 
0.312891 -0.949789 -0.000079 -0.146611 0.984962 0.091408 -0.967543 -0.125448 -0.219370 -0.627353 -0.771052 -0.109118 0.956152 0.289652 0.043296 0.614852 0.777983 0.129225 
0.315960 -0.948767 -0.003357 -0.158444 0.979207 0.126684 -0.958871 -0.123913 -0.255366 -0.612001 -0.772896 -0.167592 0.953465 0.291898 0.075503 0.599707 0.779885 0.179254 
0.322900 -0.946264 -0.017870 -0.176383 0.971115 0.160703 -0.949294 -0.126613 -0.287767 -0.590875 -0.775997 -0.220672 0.948394 0.296056 0.113575 0.578996 0.783337 0.226155 
0.332689 -0.942239 -0.038770 -0.195191 0.962441 0.188699 -0.939634 -0.130367 -0.316372 -0.569800 -0.777893 -0.264973 0.941092 0.300358 0.155339 0.558223 0.785602 0.266863 
0.343511 -0.937137 -0.061442 -0.209135 0.954873 0.210903 -0.930387 -0.129904 -0.342789 -0.553245 -0.776177 -0.302439 0.932187 0.303044 0.197968 0.541552 0.784096 0.303174 
0.353754 -0.931608 -0.083459 -0.220175 0.948036 0.229675 -0.920687 -0.126205 -0.369333 -0.540512 -0.770936 -0.336903 0.922313 0.302899 0.239981 0.528488 0.778775 0.337949 
0.367158 -0.924092 -0.106060 -0.231810 0.941386 0.245066 -0.908673 -0.121654 -0.399393 -0.530882 -0.762250 -0.370324 0.910129 0.303161 0.282416 0.517997 0.768960 0.374672 
0.383345 -0.914421 -0.129923 -0.243505 0.934755 0.258726 -0.894735 -0.115561 -0.431386 -0.522235 -0.751031 -0.404009 0.895081 0.302361 0.327731 0.507932 0.755761 0.413316 
0.389505 -0.910734 -0.137294 -0.250725 0.928106 0.275239 -0.880471 -0.102478 -0.462892 -0.508450 -0.738915 -0.442135 0.882146 0.295584 0.366672 0.494204 0.743943 0.449791 
0.397903 -0.906361 -0.142068 -0.266269 0.915938 0.300265 -0.860748 -0.087775 -0.501407 -0.485065 -0.726010 -0.487465 0.867910 0.291428 0.402246 0.471360 0.731892 0.492091 
0.412724 -0.899168 -0.145449 -0.295948 0.898756 0.323500 -0.834934 -0.080952 -0.544364 -0.448051 -0.715495 -0.536019 0.847851 0.290677 0.443458 0.435710 0.722725 0.536494 
0.429643 -0.890287 -0.150983 -0.331878 0.877253 0.346819 -0.805923 -0.074720 -0.587286 -0.397674 -0.704775 -0.587492 0.821665 0.285879 0.493093 0.387698 0.714958 0.581829 
0.453032 -0.877194 -0.159036 -0.374048 0.853404 0.363028 -0.771897 -0.071672 -0.631694 -0.340520 -0.692259 -0.636257 0.787896 0.280052 0.548444 0.332651 0.704864 0.626506 
0.477523 -0.861888 -0.170649 -0.412722 0.830717 0.373590 -0.736714 -0.065465 -0.673028 -0.282951 -0.676654 -0.679763 0.746215 0.264569 0.610873 0.277343 0.692036 0.666459 
0.501449 -0.845279 -0.184533 -0.442839 0.811359 0.381563 -0.700613 -0.049821 -0.711800 -0.234624 -0.654567 -0.718675 0.702901 0.242547 0.668657 0.229398 0.670705 0.705359 
0.522758 -0.829048 -0.198503 -0.463559 0.795666 0.389908 -0.663565 -0.022365 -0.747784 -0.199208 -0.624034 -0.755578 0.659065 0.213916 0.721023 0.192831 0.638945 0.744692 
0.538390 -0.814356 -0.216704 -0.478431 0.779244 0.404824 -0.626811 0.017582 -0.778973 -0.168159 -0.584081 -0.794086 0.617410 0.174528 0.767036 0.160294 0.597497 0.785686 
-0.132964 -0.533391 -0.835353 0.550631 -0.799995 -0.238357 -0.588110 0.069295 -0.805807 -0.493323 0.757613 0.427382 0.575097 0.124869 0.808500 0.124327 0.546293 0.828316 
-0.086290 -0.473079 -0.876784 0.078345 0.487257 0.869737 0.529994 0.067896 0.845279 0.562886 -0.784081 -0.261488 -0.545510 0.128826 -0.828144 -0.514812 0.727013 0.454335 
-0.036216 -0.422781 -0.905508 0.024009 0.429965 0.902526 0.476245 0.038959 0.878449 0.603637 -0.751383 -0.266545 -0.490563 0.161455 -0.856318 -0.557997 0.695400 0.452834 
0.003199 -0.434571 -0.900632 -0.019967 0.434513 0.900444 0.451588 0.083783 0.888284 0.643238 -0.729966 -0.231074 -0.460993 0.130243 -0.877794 -0.598755 0.683302 0.417841 
0.049775 -0.443287 -0.894997 -0.057233 0.455969 0.888153 0.462613 0.074708 0.883407 0.645632 -0.721624 -0.249837 -0.468659 0.106784 -0.876901 -0.631067 0.652965 0.418796 
0.057540 -0.430623 -0.900696 -0.061955 0.447809 0.891980 0.472089 0.061173 0.879426 0.650585 -0.708830 -0.272579 -0.480810 0.109682 -0.869937 -0.641703 0.630814 0.436224 
0.025194 -0.414712 -0.909604 -0.033792 0.427144 0.903552 0.477002 0.058006 0.876986 0.661929 -0.692532 -0.286790 -0.499703 0.124164 -0.857252 -0.630500 0.625106 0.460121 
-0.023775 -0.410473 -0.911563 0.011122 0.418346 0.908220 0.494549 0.053866 0.867479 0.664837 -0.680054 -0.309060 -0.535819 0.129767 -0.834301 -0.603869 0.630262 0.487968 
-0.070073 -0.403688 -0.912209 0.055043 0.409176 0.910794 0.518412 0.040666 0.854163 0.661962 -0.667050 -0.341835 -0.574293 0.137220 -0.807068 -0.576843 0.630136 0.519790 
-0.104667 -0.389487 -0.915065 0.089738 0.395919 0.913890 0.543922 0.024327 0.838783 0.652309 -0.658563 -0.375216 -0.605472 0.151226 -0.781367 -0.555616 0.620904 0.552964 
-0.131893 -0.371656 -0.918954 0.117622 0.379255 0.917786 0.569354 0.009387 0.822039 0.640088 -0.651880 -0.406620 -0.628697 0.167432 -0.759412 -0.539628 0.607401 0.582980 
-0.156564 -0.351175 -0.923127 0.143016 0.359740 0.922027 0.596506 -0.004272 0.802597 0.623638 -0.648175 -0.436973 -0.648418 0.185093 -0.738441 -0.523760 0.593528 0.611064 
-0.180605 -0.329296 -0.926793 0.167745 0.338821 0.925776 0.623230 -0.020546 0.781769 0.604447 -0.644661 -0.468034 -0.666912 0.203816 -0.716720 -0.506155 0.579926 0.638352 
-0.208287 -0.305081 -0.929270 0.195727 0.314601 0.928826 0.649974 -0.040415 0.758881 0.582218 -0.640283 -0.501058 -0.684437 0.225295 -0.693389 -0.484983 0.567271 0.665579 
-0.240745 -0.278204 -0.929863 0.228339 0.287489 0.930167 0.676598 -0.065007 0.733478 0.555678 -0.635465 -0.536103 -0.702524 0.250264 -0.666204 -0.457864 0.555463 0.694133 
-0.279235 -0.247563 -0.927761 0.266837 0.256349 0.929022 -0.423773 0.542976 0.724978 -0.721315 0.279763 -0.633591 0.524022 -0.629451 -0.573753 0.703757 -0.094200 0.704168 
-0.325466 -0.212638 -0.921334 0.502997 -0.625943 -0.595977 -0.384937 0.534634 0.752323 -0.736409 0.311547 -0.600534 0.310832 0.215869 0.925626 0.724472 -0.104922 0.681272 
-0.358809 -0.181151 -0.915664 0.476744 -0.626005 -0.617117 -0.349684 0.528781 0.773377 -0.744313 0.342749 -0.573168 0.343194 0.181781 0.921506 0.739368 -0.127154 0.661186 
-0.379012 -0.153401 -0.912589 0.446651 -0.624694 -0.640516 -0.320687 0.517904 0.793055 -0.749553 0.371457 -0.547896 0.364390 0.156342 0.918029 0.750619 -0.159310 0.641242 
-0.294818 0.504011 0.811822 0.617870 0.660727 0.426236 -0.751313 0.401127 -0.524048 -0.393504 -0.124545 -0.910848 -0.241815 -0.969902 0.028545 -0.019378 -0.571494 0.820377 -0.157539 -0.808536 -0.566966 
-0.270550 0.489110 0.829201 0.623631 0.659683 0.419407 -0.749938 0.431544 -0.501361 -0.405996 -0.093974 -0.909030 -0.239469 -0.970638 0.022747 -0.067672 -0.549084 0.833023 -0.189754 -0.812614 -0.551046 
-0.246740 0.474399 0.845024 0.639737 0.644804 0.418287 -0.746290 0.461876 -0.479293 -0.419362 -0.062425 -0.905670 -0.251237 -0.967800 0.015601 -0.098729 -0.534789 0.839198 -0.193775 -0.816844 -0.543340 
-0.221676 0.460529 0.859519 0.661865 0.622226 0.418055 -0.740954 0.492200 -0.456866 -0.434578 -0.029953 -0.900136 -0.269869 -0.962866 0.007721 -0.184066 -0.826040 -0.532708 -0.122266 -0.518518 0.846280 
-0.195022 0.446388 0.873329 0.686047 0.595816 0.417544 -0.733574 0.523483 -0.433400 -0.450152 0.004249 -0.892942 -0.291329 -0.956622 -0.001313 -0.173345 -0.836037 -0.520570 -0.144236 -0.501323 0.853154 
-0.168450 0.430652 0.886658 0.709601 0.569223 0.415272 -0.723506 0.555815 -0.409401 -0.463624 0.040331 -0.885114 -0.167894 -0.844306 -0.508880 -0.313450 -0.949497 0.014294 
-0.141951 0.412921 0.899636 0.731841 0.544259 0.410111 -0.710610 0.589215 -0.384524 -0.474762 0.078444 -0.876611 -0.170085 -0.849917 -0.498710 -0.335221 -0.942099 0.008746 
-0.115655 0.393026 0.912225 0.753014 0.519939 0.403278 -0.694559 0.623647 -0.358682 -0.483407 0.118799 -0.867297 -0.180689 -0.852012 -0.491353 -0.356516 -0.934281 0.004054 
-0.499623 0.159790 -0.851378 0.775463 0.497478 0.388810 -0.199049 -0.849348 -0.488864 -0.373181 -0.927750 0.003927 -0.675925 0.655524 -0.336769 -0.089059 0.378744 0.921207 
-0.521635 0.197808 -0.829921 0.797417 0.479672 0.366117 -0.221279 -0.845184 -0.486518 -0.388076 -0.921621 0.003250 -0.664514 0.681901 -0.305666 -0.055588 0.360601 0.931062 
-0.544389 0.237933 -0.804381 0.818644 0.457336 0.347370 -0.240120 -0.840006 -0.486552 -0.402715 -0.915317 -0.003959 -0.653085 0.706746 -0.272010 -0.018714 0.341835 0.939574 
-0.567388 0.277167 -0.775403 0.837211 0.433900 0.332879 -0.257953 -0.834346 -0.487163 -0.414133 -0.910044 -0.017690 -0.642244 0.728970 -0.236908 0.018426 0.321497 0.946731 
0.853677 0.411858 0.318761 0.055373 0.295157 0.953843 -0.273670 -0.828434 -0.488674 -0.425134 -0.904430 -0.035587 -0.634360 0.747677 -0.196382 -0.588946 0.314663 -0.744399 
0.868574 0.390715 0.304831 0.092315 0.266651 0.959362 -0.288674 -0.822139 -0.490667 -0.434899 -0.898772 -0.055427 -0.626794 0.763849 -0.153831 -0.609756 0.350936 -0.710663 
-0.619754 0.777560 -0.106325 -0.629313 0.387137 -0.673862 0.881839 0.370449 0.291768 0.129225 0.232547 0.963962 -0.304547 -0.816320 -0.490787 -0.443274 -0.892893 -0.079064 
-0.610103 0.790116 -0.059087 -0.648056 0.422713 -0.633512 0.894508 0.350073 0.278036 0.167319 0.199178 0.965574 -0.326534 -0.811352 -0.484855 -0.452907 -0.885374 -0.104821 
-0.596744 0.802392 -0.007943 -0.664756 0.459719 -0.588862 0.908112 0.327259 0.261215 0.208158 0.162162 0.964559 -0.346010 -0.806326 -0.479704 -0.464879 -0.875917 -0.129064 
-0.579934 0.813459 0.044280 -0.678917 0.496534 -0.540857 0.921721 0.303831 0.241075 0.250254 0.123979 0.960209 -0.477114 -0.860963 -0.176368 -0.366052 -0.801280 -0.473239 -0.221826 -0.418749 0.880592 
0.868791 0.259060 0.422007 -0.559929 0.822577 0.099228 -0.689320 0.533121 -0.490530 -0.492509 -0.847444 -0.198175 -0.198386 -0.421529 0.884848 -0.386769 -0.795860 -0.465851 
0.887641 0.228480 0.399863 -0.536566 0.829812 0.153329 -0.696659 0.567913 -0.438340 -0.508423 -0.833262 -0.217212 -0.175841 -0.422799 0.889000 -0.408514 -0.790299 -0.456666 
0.905507 0.197415 0.375612 -0.510329 0.833863 0.210325 -0.699805 0.601803 -0.384846 -0.525092 -0.818044 -0.234697 -0.152020 -0.426073 0.891825 -0.430248 -0.783808 -0.447807 
0.922301 0.166859 0.348595 -0.480489 0.835649 0.266123 -0.699680 0.634156 -0.329081 -0.199059 -0.207697 -0.957725 -0.542489 -0.835954 0.082986 -0.127949 -0.427986 0.894683 -0.454263 -0.776619 -0.436472 
0.936740 0.138817 0.321323 -0.447766 0.834579 0.320912 -0.696016 0.663487 -0.274493 -0.241766 -0.169494 -0.955417 -0.545260 -0.835787 0.064425 -0.104377 -0.431087 0.896253 -0.481367 -0.766686 -0.424827 
0.944577 0.121252 0.305077 -0.280222 -0.130378 -0.951040 -0.421895 0.827172 0.371203 -0.689006 0.686690 -0.231790 -0.075816 -0.435120 0.897175 -0.548467 -0.836075 -0.012725 
0.947620 0.110078 0.299833 -0.309170 -0.086019 -0.947109 -0.041515 -0.449294 0.892419 -0.554640 -0.830597 -0.049838 -0.404171 0.814755 0.415716 -0.683184 0.703793 -0.194769 
0.949904 0.102034 0.295419 -0.327183 -0.043040 -0.943980 -0.004734 -0.468166 0.883628 -0.560759 -0.823447 -0.086510 -0.391383 0.802275 0.450749 -0.681293 0.715419 -0.154973 
0.953283 0.097364 0.285959 -0.342749 -0.004599 -0.939416 0.027481 -0.488820 0.871951 -0.564978 -0.817043 -0.115067 -0.381808 0.787867 0.483206 -0.683076 0.721370 -0.114155 
0.957217 0.096896 0.272665 -0.361431 0.028940 -0.931950 0.062744 -0.509419 0.858228 -0.568237 -0.811121 -0.138528 -0.374448 0.768461 0.518899 -0.687326 0.722547 -0.074217 
0.962874 0.100549 0.250529 -0.377648 0.061781 -0.923886 0.078061 -0.517119 0.852346 -0.570683 -0.807396 -0.149777 -0.371197 0.742689 0.557339 -0.693526 0.719619 -0.034221 
0.968600 0.101326 0.227040 -0.389225 0.100978 -0.915591 0.088132 -0.529418 0.843771 -0.573257 -0.803794 -0.159034 -0.372389 0.711002 0.596492 -0.700999 0.713134 0.006339 
0.973403 0.103883 0.204191 -0.400747 0.141394 -0.905212 0.095222 -0.543302 0.834120 -0.572778 -0.801903 -0.169930 -0.374750 0.675811 0.634698 -0.709531 0.703037 0.048013 
0.977318 0.109267 0.181410 -0.412918 0.184114 -0.891965 0.092831 -0.564778 0.820005 -0.567766 -0.802839 -0.181911 -0.375749 0.638977 0.671209 -0.717191 0.690775 0.092011 
0.979200 0.132319 0.153817 -0.426800 0.215992 -0.878174 0.073272 -0.521048 0.850376 -0.551613 -0.813439 -0.184499 -0.365064 0.612729 0.700922 -0.719007 0.681165 0.137996 
0.976895 0.158135 0.143772 -0.438162 0.238254 -0.866746 0.041910 -0.462005 0.885887 -0.538752 -0.822956 -0.180250 -0.362187 0.592528 0.719535 -0.716230 0.682204 0.147012 
0.973326 0.179457 0.142940 -0.436416 0.242678 -0.866400 0.009668 -0.429302 0.903109 -0.525232 -0.831936 -0.178925 -0.365418 0.590384 0.719664 -0.718277 0.679332 0.150288 
0.972379 0.183433 0.144328 0.013993 -0.438413 0.898665 -0.518605 -0.835374 -0.182207 -0.368431 0.595335 0.714027 -0.729087 0.683694 0.031526 -0.427288 0.237301 -0.872418 -0.642285 0.598125 0.479287 
0.970937 0.189967 0.145579 -0.370948 0.599785 0.708982 0.015213 -0.441947 0.896912 -0.515349 -0.837291 -0.182643 -0.419915 0.228901 -0.878223 -0.724812 0.670303 0.159186 
0.968715 0.198631 0.148783 -0.375293 0.604977 0.702252 0.017348 -0.442267 0.896715 -0.512350 -0.839334 -0.181701 -0.412792 0.218254 -0.884290 -0.729230 0.665888 0.157532 
0.965426 0.209204 0.155517 -0.382732 0.615696 0.688792 0.019157 -0.444224 0.895711 -0.507815 -0.842390 -0.180289 -0.401773 0.200729 -0.893469 -0.735657 0.660153 0.151681 
0.961069 0.220229 0.166867 -0.393414 0.630493 0.669107 0.026829 -0.446209 0.894526 -0.500648 -0.847387 -0.176883 -0.391675 0.175360 -0.903238 -0.743690 0.654746 0.135029 
0.956519 0.226499 0.183766 -0.385061 0.140883 -0.912074 0.049035 -0.460019 0.886554 -0.488656 -0.855300 -0.172271 -0.406901 0.647114 0.644728 -0.752314 0.650250 0.105827 
0.952485 0.227239 0.202817 -0.375467 0.099446 -0.921485 0.081097 -0.467657 0.880182 -0.472681 -0.865729 -0.164577 -0.423048 0.665795 0.614611 -0.761709 0.644099 0.070259 
0.949739 0.228477 0.213997 -0.363035 0.051566 -0.930348 0.092671 -0.453334 0.886510 -0.453977 -0.879969 -0.139857 -0.442363 0.686127 0.577534 -0.772026 0.634967 0.028159 
0.946463 0.235806 0.220462 -0.345024 -0.003349 -0.938588 0.084223 -0.427795 0.899944 -0.435521 -0.894478 -0.101149 -0.465606 0.706961 0.532370 -0.783251 0.621389 -0.019816 
0.940154 0.252881 0.228391 -0.319894 -0.066024 -0.945150 0.064671 -0.402293 0.913224 -0.415813 -0.907729 -0.055923 -0.493034 0.726625 0.478470 -0.795118 0.601864 -0.074484 
0.927742 0.283389 0.242870 -0.287281 -0.134733 -0.948323 0.043061 -0.378804 0.924474 -0.528125 0.739500 0.417402 -0.808223 0.572198 -0.139162 -0.390740 -0.920094 0.027362 -0.366424 -0.866839 -0.338119 
0.907718 0.325707 0.264505 -0.571076 0.740949 0.353366 -0.819533 0.531127 -0.215105 -0.250758 -0.206013 -0.945875 -0.359724 -0.929922 0.076436 0.019337 -0.364773 0.930895 -0.330114 -0.881184 -0.338437 
0.878914 0.375580 0.294022 -0.620591 0.728505 0.290082 -0.827327 0.478369 -0.294436 -0.205997 -0.271355 -0.940177 -0.324819 -0.938771 0.114896 -0.000991 -0.360296 0.932837 -0.293076 -0.891771 -0.344748 
0.841989 0.426143 0.330841 -0.674558 0.703215 0.224633 -0.830107 0.415877 -0.371441 -0.149244 -0.327008 -0.933162 -0.289568 -0.946674 0.141274 -0.009578 -0.366094 0.930529 -0.245289 -0.901279 -0.357111 
0.797085 0.478141 0.368833 -0.729326 0.666541 0.154295 -0.828036 0.347531 -0.439975 -0.247397 -0.953628 -0.171431 -0.008864 -0.378111 0.925718 -0.186602 -0.908869 -0.373011 
-0.781934 0.618299 0.079283 -0.819361 0.272851 -0.504182 0.274376 0.224234 0.935114 0.797838 0.567013 0.204820 -0.187459 -0.969826 -0.155872 -0.006362 -0.397968 0.917377 -0.124171 -0.909981 -0.395622 
-0.829668 0.558256 0.001159 -0.800051 0.193081 -0.568012 0.188604 0.275186 0.942710 0.743806 0.621932 0.244853 -0.123339 -0.982330 -0.140767 0.002564 -0.420764 0.907167 -0.066024 -0.905262 -0.419692 
-0.868837 0.488696 -0.079363 -0.766969 0.111671 -0.631893 0.093268 0.315569 0.944308 0.675604 0.679306 0.286536 -0.054176 -0.990248 -0.128353 0.019517 -0.440811 0.897388 -0.023553 -0.897512 -0.440360 
-0.720276 0.032435 -0.692928 0.593394 0.734198 0.329904 0.046630 -0.455865 0.888827 0.016155 -0.988058 -0.153234 -0.895577 0.412676 -0.166253 -0.012733 0.346041 0.938133 
-0.657850 -0.042116 -0.751971 0.500172 0.780741 0.374529 0.087113 -0.465145 0.880938 0.079405 -0.984640 -0.155494 -0.907394 0.332434 -0.257146 -0.126359 0.363695 0.922908 
-0.577922 -0.107513 -0.808979 0.405530 0.811342 0.421033 0.152838 -0.447936 0.880905 0.128776 -0.977285 -0.168316 -0.902790 0.252143 -0.348416 -0.242839 0.365314 0.898652 
-0.483980 -0.160396 -0.860253 0.323678 0.821695 0.469095 0.254873 -0.400138 0.880301 0.155983 -0.968346 -0.194873 -0.881704 0.176578 -0.437514 -0.356517 0.353085 0.865001 
0.263634 0.823015 0.503133 -0.384806 -0.198935 -0.901304 -0.845150 0.110584 -0.522965 -0.463438 0.330475 0.822199 0.321206 -0.305695 0.896313 0.168290 -0.963233 -0.209429 
-0.558257 0.303419 0.772196 -0.796374 0.060461 -0.601774 -0.283954 -0.222007 -0.932782 -0.039108 -0.998647 -0.034284 0.251659 0.952374 -0.172195 0.213284 0.836462 0.504817 0.268042 -0.408115 0.872694 -0.012686 -0.907260 -0.420379 
-0.644066 0.277190 0.712983 -0.735716 0.025089 -0.676825 -0.183496 -0.234364 -0.954674 0.376983 -0.324334 0.867578 -0.006074 -0.999966 0.005502 0.198073 0.953609 -0.226709 0.158369 0.848906 0.504260 
-0.724850 0.252184 0.641090 0.139155 0.950515 -0.277771 0.103278 0.859357 0.500839 -0.661331 -0.000991 -0.750093 -0.075879 -0.239790 -0.967855 0.464698 -0.226375 0.856044 0.026645 -0.998475 0.048354 
-0.571288 -0.018574 -0.820540 -0.800331 0.228801 0.554185 -0.039307 0.194939 0.980027 0.076091 0.944104 -0.320746 0.077181 0.986082 0.147257 0.530830 -0.129716 0.837492 0.065019 -0.976804 -0.204026 
0.041554 0.995450 -0.085745 -0.461036 -0.027663 -0.886950 -0.870751 0.202044 0.448299 -0.167224 0.185203 0.968368 0.578990 -0.044720 0.814107 0.128766 -0.976664 -0.171894 
0.003902 0.995563 -0.094013 -0.350032 -0.046907 -0.935563 -0.924213 0.176124 0.338837 -0.301052 0.185849 0.935323 0.621817 0.025765 0.782739 0.192470 -0.971280 -0.139892 
0.651286 0.050939 0.757121 -0.958296 0.133122 0.252876 -0.415379 0.189468 0.889698 -0.034308 0.983579 -0.177188 -0.017925 0.246369 0.969010 -0.263342 -0.083227 -0.961106 0.252163 -0.960071 -0.121149 
-0.067868 0.984653 -0.160787 -0.977741 0.070368 0.197662 0.648986 0.027778 0.760293 -0.071920 0.241442 0.967747 -0.478453 0.168030 0.861887 -0.202282 -0.098797 -0.974331 0.299685 -0.946338 -0.120964 
-0.102180 0.983957 -0.146249 -0.985180 0.026409 0.169478 0.625316 -0.008442 0.780326 -0.112962 0.234954 0.965420 -0.499374 0.145012 0.854165 -0.169574 -0.102163 -0.980208 0.337594 -0.932578 -0.127784 
-0.139247 0.979985 -0.142267 -0.987570 -0.004104 0.157126 0.593841 -0.004301 0.804571 -0.140776 0.229016 0.963189 -0.504246 0.125897 0.854334 -0.154087 -0.105308 -0.982429 0.373372 -0.918670 -0.128995 
-0.175622 0.973678 -0.145284 -0.988742 -0.032204 0.146122 0.559881 0.022317 0.828272 -0.166580 0.219888 0.961197 -0.504406 0.104074 0.857172 -0.140315 -0.104637 -0.984562 0.407703 -0.904551 -0.124764 
-0.208785 0.966484 -0.149391 -0.990027 -0.063841 0.125584 0.526291 0.055440 0.848495 -0.201348 0.206484 0.957509 -0.507838 0.073511 0.858310 0.441508 -0.889297 -0.119258 
-0.236444 0.959601 -0.152510 0.506616 0.092449 0.857201 -0.989998 -0.099757 0.099765 0.474141 -0.873241 -0.112426 -0.232975 0.188870 0.953966 -0.528017 0.041611 0.848214 
-0.259208 0.953724 -0.152388 0.494009 0.116955 0.861555 -0.987603 -0.135706 0.078891 0.502894 -0.857692 -0.107064 -0.251180 0.170099 0.952877 -0.556395 0.014435 0.830792 
-0.278341 0.948615 -0.150521 0.483898 0.131463 0.865194 -0.984414 -0.164215 0.062946 0.525474 -0.844447 -0.103856 -0.264130 0.152681 0.952326 -0.576308 -0.007755 0.817196 
-0.294457 0.944014 -0.148767 0.476471 0.141550 0.867721 -0.981464 -0.183606 0.054935 0.541834 -0.834183 -0.102736 -0.271893 0.139628 0.952144 -0.583983 -0.023489 0.811426 
-0.307987 0.939785 -0.148148 0.475118 0.150736 0.866915 -0.978701 -0.197292 0.056747 0.553327 -0.826536 -0.103281 -0.271372 0.132295 0.953339 -0.582682 -0.032640 0.812045 
-0.319640 0.935742 -0.149050 0.479515 0.159807 0.862860 -0.975923 -0.207577 0.066981 0.561365 -0.820854 -0.105202 -0.263369 0.131003 0.955759 -0.573955 -0.037000 0.818050 
-0.329805 0.931917 -0.150863 0.486353 0.167646 0.857529 -0.973110 -0.214641 0.083583 0.566528 -0.816918 -0.108123 -0.249988 0.133891 0.958947 -0.559342 -0.036860 0.828117 
-0.338244 0.928420 -0.153710 0.493939 0.175469 0.851608 -0.970352 -0.218632 0.103044 0.569408 -0.814490 -0.111265 -0.235191 0.140493 0.961742 -0.540877 -0.033805 0.840422 
-0.344669 0.925481 -0.157125 0.501118 0.182761 0.845860 -0.967677 -0.220253 0.122841 0.570406 -0.813384 -0.114208 -0.220382 0.149505 0.963888 -0.521435 -0.028919 0.852801 
-0.348817 0.923406 -0.160149 0.507907 0.187722 0.840709 -0.965435 -0.219604 0.140387 0.569693 -0.813498 -0.116925 -0.206855 0.159176 0.965336 -0.503499 -0.022991 0.863690 
-0.350019 0.922585 -0.162248 0.514156 0.189156 0.836578 -0.963904 -0.216940 0.154355 0.567171 -0.814870 -0.119600 -0.195660 0.168270 0.966128 -0.488673 -0.017190 0.872298 
-0.348694 0.922902 -0.163294 0.520255 0.188782 0.832884 -0.962763 -0.212930 0.166580 -0.146471 -0.099426 -0.984206 0.563049 -0.817347 -0.122147 -0.181834 0.175142 0.967606 -0.478291 -0.011202 0.878130 
-0.346200 0.923764 -0.163728 0.527327 0.190048 0.828135 -0.961427 -0.207460 0.180606 -0.160135 -0.103948 -0.981607 0.557792 -0.820543 -0.124809 -0.165694 0.179735 0.969660 -0.469080 -0.004462 0.883144 
-0.343401 0.924779 -0.163891 0.535354 0.193645 0.822130 -0.959828 -0.200699 0.196086 -0.175769 -0.106758 -0.978626 0.551691 -0.824177 -0.127943 -0.148432 0.182416 0.971953 -0.457410 0.001491 0.889255 
-0.340817 0.925738 -0.163867 0.543850 0.199461 0.815134 -0.957563 -0.194020 0.213143 -0.193575 -0.106922 -0.975242 0.545165 -0.827859 -0.132079 -0.129907 0.183518 0.974395 -0.441933 0.005543 0.897031 
-0.338582 0.926683 -0.163157 0.538580 -0.831312 -0.137306 0.552943 0.207410 0.806991 -0.213279 -0.105112 -0.971321 -0.954446 -0.187977 0.231728 -0.109989 0.182630 0.977010 -0.424742 0.008344 0.905276 
0.531809 -0.834443 -0.144512 0.562970 0.209263 0.799546 -0.409226 0.012309 0.912350 -0.336391 0.928185 -0.159105 -0.093984 0.182243 0.978751 -0.230377 -0.103981 -0.967530 -0.951808 -0.180621 0.247865 
0.524464 -0.837643 -0.152615 0.575087 0.194331 0.794676 -0.398303 0.016061 0.917113 -0.332484 0.930806 -0.151834 -0.086676 0.180846 0.979685 -0.241194 -0.102070 -0.965095 -0.950648 -0.172819 0.257686 
0.518138 -0.840755 -0.157049 0.585239 0.176829 0.791345 -0.394880 0.020187 0.918511 -0.327342 0.933361 -0.147258 -0.082700 0.182205 0.979777 -0.245322 -0.102479 -0.964010 -0.950645 -0.167005 0.261502 
0.513109 -0.843862 -0.156896 0.589986 0.165610 0.790247 -0.395789 0.025279 0.917993 -0.321902 0.935295 -0.146977 -0.082737 0.185956 0.979068 -0.244866 -0.104521 -0.963907 -0.951741 -0.161305 0.261093 
0.509716 -0.846743 -0.152367 0.588399 0.163582 0.791851 -0.400167 0.031543 0.915899 -0.317076 0.936276 -0.151165 -0.082475 0.193251 0.977677 -0.241641 -0.110095 -0.964100 -0.953321 -0.155943 0.258574 
0.507860 -0.848698 -0.147617 0.583172 0.166996 0.794999 -0.402971 0.036378 0.914490 -0.314178 0.936468 -0.155949 -0.080922 0.198080 0.976840 -0.240619 -0.115182 -0.963761 -0.953956 -0.152590 0.258234 
0.507592 -0.849439 -0.144235 0.577853 0.174006 0.797376 -0.402669 0.036740 0.914608 -0.313245 0.936057 -0.160236 -0.080272 0.199034 0.976699 -0.240583 -0.114993 -0.963793 -0.954163 -0.151538 0.258087 
0.508656 -0.849218 -0.141769 0.572503 0.182315 0.799376 -0.402125 0.034725 0.914926 -0.313601 0.935348 -0.163639 -0.081540 0.197777 0.976850 -0.240138 -0.112410 -0.964208 -0.954276 -0.152263 0.257242 
0.510492 -0.848382 -0.140164 0.567826 0.190049 0.800909 -0.403166 0.032106 0.914563 -0.314696 0.934666 -0.165427 -0.083567 0.195547 0.977127 -0.238637 -0.110056 -0.964852 -0.954489 -0.153924 0.255456 
