-0.015319 -0.031206 0.005055 0.122063 -0.044240 0.004662 0.006137 0.184969 0.003866 0.141914 0.169025 0.003494 
-0.015355 -0.031139 0.004969 0.122026 -0.044189 0.004532 0.006127 0.185036 0.004047 0.141903 0.169076 0.003628 
-0.015356 -0.031419 0.005339 0.122030 -0.044418 0.004972 0.006042 0.184756 0.003293 0.141824 0.168847 0.002959 
-0.015414 -0.031338 0.005183 0.121969 -0.044359 0.004717 0.006019 0.184837 0.003586 0.141798 0.168907 0.003147 
-0.015459 -0.031244 0.004988 0.121923 -0.044282 0.004477 0.006001 0.184931 0.003839 0.141778 0.168984 0.003349 
-0.015312 -0.031367 0.004925 0.122075 -0.044359 0.004797 0.006080 0.184813 0.003435 0.141862 0.168911 0.003329 
-0.015054 -0.031829 0.004785 0.122344 -0.044704 0.004989 0.006157 0.184359 0.002256 0.141953 0.168573 0.002493 
-0.014876 -0.031857 0.004608 0.122521 -0.044736 0.005057 0.006346 0.184332 0.002200 0.142141 0.168542 0.002679 
-0.014929 -0.031832 0.004552 0.122470 -0.044700 0.004953 0.006275 0.184362 0.002516 0.142072 0.168583 0.002942 
-0.014928 -0.031837 0.004592 0.122470 -0.044705 0.004960 0.006276 0.184359 0.002744 0.142072 0.168579 0.003134 
-0.014948 -0.032192 0.005197 0.122454 -0.045014 0.005532 0.006183 0.183988 0.001576 0.141985 0.168255 0.001958 
-0.014994 -0.032267 0.005527 0.122409 -0.045087 0.005726 0.006130 0.183909 0.001630 0.141933 0.168178 0.001881 
-0.015027 -0.032255 0.006015 0.122376 -0.045081 0.006136 0.006105 0.183915 0.001817 0.141906 0.168177 0.001996 
-0.015019 -0.032319 0.005718 0.122388 -0.045097 0.005787 0.006036 0.183866 0.001961 0.141843 0.168176 0.002082 
-0.015040 -0.032415 0.004999 0.122369 -0.045174 0.005056 0.005986 0.183786 0.002031 0.141795 0.168114 0.002130 
-0.014886 -0.032613 0.004869 0.122528 -0.045314 0.005183 0.006056 0.183593 0.001645 0.141871 0.167978 0.002001 
-0.014982 -0.032639 0.004972 0.122431 -0.045355 0.005148 0.005980 0.183565 0.001755 0.141794 0.167936 0.001975 
-0.014992 -0.032767 0.004924 0.122425 -0.045450 0.004963 0.005915 0.183443 0.001751 0.141733 0.167846 0.001834 
-0.014992 -0.032775 0.004931 0.122424 -0.045458 0.004970 0.005914 0.183439 0.002049 0.141732 0.167842 0.002128 
-0.015508 -0.032720 0.006579 0.121882 -0.045686 0.006343 0.005834 0.183424 0.002095 0.141619 0.167548 0.001924 
-0.015688 -0.032679 0.009094 0.121691 -0.045750 0.008722 0.005801 0.183385 0.002128 0.141575 0.167405 0.001858 
-0.018787 -0.030742 0.012136 0.118375 -0.045921 0.011611 0.005987 0.184866 0.002495 0.141499 0.166806 0.002109 
-0.024905 -0.025555 0.018457 0.111739 -0.044848 0.017833 0.006257 0.188882 0.002975 0.141166 0.166762 0.002575 
-0.023907 -0.024984 0.025420 0.112831 -0.043603 0.025953 0.006272 0.189008 0.003283 0.141288 0.167564 0.004121 
-0.020662 -0.025358 0.026780 0.116428 -0.041115 0.028233 0.005183 0.189071 0.003412 0.140609 0.170455 0.005179 
-0.020597 -0.025934 0.027171 0.116577 -0.040990 0.027981 0.004042 0.188598 0.003450 0.139568 0.170674 0.004586 
-0.019961 -0.026095 0.028705 0.117262 -0.040707 0.029437 0.003960 0.188364 0.003630 0.139544 0.170882 0.004707 
-0.019692 -0.025597 0.033400 0.117545 -0.040071 0.034061 0.003963 0.188326 0.003887 0.139566 0.170988 0.004956 
-0.020179 -0.024330 0.039990 0.117051 -0.038885 0.039777 0.003296 0.188566 0.003687 0.138894 0.171162 0.003985 
-0.021171 -0.022163 0.045742 0.116017 -0.037097 0.044975 0.002598 0.189615 0.003566 0.138150 0.171851 0.003398 
-0.021258 -0.020464 0.049351 0.115945 -0.035228 0.048211 0.002028 0.190626 0.003611 0.137602 0.173040 0.003123 
-0.020335 -0.020481 0.051129 0.116939 -0.034585 0.050094 0.001924 0.190382 0.003855 0.137582 0.173454 0.003493 
-0.017963 -0.022138 0.051808 0.119485 -0.034416 0.050627 0.001435 0.188949 0.004274 0.137305 0.173826 0.003771 
0.120422 -0.034649 0.050145 -0.240929 0.646271 0.084810 -0.204079 0.445004 0.021477 -0.017053 -0.022792 0.052109 0.137362 0.173814 0.003949 -0.108515 0.677925 0.072388 
0.120969 -0.034842 0.049413 -0.228646 0.611599 0.035257 -0.192158 0.400973 0.021720 -0.016482 -0.023046 0.052867 0.137363 0.173864 0.004125 -0.095608 0.638988 0.019747 
0.124388 -0.035010 0.049542 -0.223426 0.591632 0.018792 -0.184387 0.381033 0.020028 -0.013150 -0.025030 0.054812 0.137435 0.173928 0.004241 -0.090425 0.619545 0.003911 
0.127785 -0.034814 0.051163 -0.223046 0.590021 0.019677 -0.181963 0.379814 0.021312 -0.009782 -0.026491 0.058254 0.137630 0.173987 0.004441 -0.090402 0.619175 0.004011 
0.129145 -0.034490 0.052835 -0.222790 0.589929 0.021259 -0.181346 0.379800 0.023714 -0.008362 -0.026601 0.061410 0.137724 0.174030 0.004635 -0.090357 0.619201 0.004101 
0.129813 -0.034158 0.054382 -0.222539 0.590136 0.023078 -0.181149 0.380010 0.026465 -0.007591 -0.026246 0.064460 0.137788 0.174065 0.004809 -0.090304 0.619232 0.004182 
0.130535 -0.033799 0.055978 -0.222255 0.590388 0.024992 -0.180942 0.380265 0.029364 -0.006742 -0.025852 0.067644 0.137856 0.174101 0.004971 -0.090247 0.619264 0.004256 
0.131410 -0.033402 0.057666 -0.221917 0.590559 0.026942 -0.180527 0.380472 0.032231 -0.005709 -0.025451 0.071055 0.137935 0.174142 0.005123 -0.090188 0.619295 0.004324 
0.132324 -0.032972 0.059408 -0.221529 0.590700 0.028954 -0.179971 0.380671 0.035163 -0.004599 -0.024975 0.074641 0.138018 0.174185 0.005265 -0.090126 0.619328 0.004385 
0.133249 -0.032510 0.061192 -0.221090 0.590901 0.031098 -0.179402 0.380928 0.038263 -0.003440 -0.024415 0.078359 0.138104 0.174230 0.005398 -0.090059 0.619362 0.004441 
0.134174 -0.032212 0.062347 -0.220619 0.591362 0.033431 -0.178983 0.381436 0.042091 -0.002307 -0.024145 0.081106 0.138183 0.174260 0.005504 -0.089988 0.619433 0.004493 
0.136265 -0.032539 0.061351 -0.202996 0.592646 0.027834 -0.160960 0.382808 0.036707 -0.000118 -0.025556 0.081226 0.138334 0.174237 0.005518 -0.069680 0.622497 0.022792 
0.138408 0.174241 0.005450 -0.191976 0.599311 0.040374 -0.058128 0.626677 0.035310 0.139489 -0.033056 0.059345 -0.153748 0.388945 0.053113 0.003146 -0.028124 0.080084 
0.138675 0.174211 0.005336 0.145106 -0.033869 0.055728 -0.169014 0.621049 0.061309 -0.033531 0.638928 0.057488 -0.145786 0.408569 0.075112 0.008778 -0.032654 0.077110 
0.138817 0.174268 0.005280 0.150556 -0.033972 0.054026 -0.146333 0.644867 0.069556 -0.010895 0.663473 0.069573 -0.122475 0.433314 0.093090 0.014318 -0.036285 0.075888 
-0.103950 0.684759 0.094302 0.161558 -0.033447 0.051686 0.138626 0.174385 0.005232 0.032359 0.691506 0.086295 -0.097730 0.471108 0.108164 0.025630 -0.043351 0.073355 
-0.034554 0.719152 0.086384 0.100429 0.704782 0.102596 0.167723 -0.032910 0.050445 -0.063359 0.507073 0.094777 0.032353 -0.046396 0.073620 
0.013665 0.736737 0.071989 0.166656 -0.032724 0.051847 0.141851 0.722803 0.117421 -0.012257 0.524255 0.064452 0.031595 -0.044814 0.077469 0.004725 0.165458 0.029955 
0.039789 0.731156 0.058239 0.172268 -0.031592 0.052675 0.170868 0.702772 0.084744 -0.013215 0.524086 0.072037 0.037801 -0.046915 0.079653 0.005230 0.162366 0.031340 
0.169761 -0.031861 0.053327 0.073937 0.744234 0.045497 0.199971 0.726249 0.095315 0.035732 -0.044742 0.083563 0.040500 0.532751 0.039598 0.005520 0.164734 0.034564 
0.172086 -0.030655 0.056333 0.086285 0.739879 0.027750 0.211623 0.720165 0.078659 0.038649 -0.044172 0.088825 0.052694 0.528732 0.014851 0.005871 0.164207 0.036886 
0.177244 -0.028394 0.060508 0.111872 0.732550 0.010747 0.241123 0.709619 0.048932 0.045975 -0.042255 0.100761 0.070893 0.522400 0.004801 0.007934 0.164103 0.044523 
0.181839 -0.025444 0.063974 0.122829 0.731146 0.007975 0.250947 0.715425 0.053013 0.009984 0.165012 0.050965 0.052753 -0.039423 0.110723 
0.263938 0.731711 0.064624 0.188913 -0.023563 0.064600 0.133901 0.735524 0.022602 0.062410 -0.039348 0.117439 0.012878 0.163331 0.056929 
0.194413 -0.021132 0.067679 0.148502 0.763320 0.051208 0.280065 0.762180 0.088352 0.260596 0.551236 0.136487 0.070720 -0.036795 0.126830 0.015960 0.163558 0.063161 
0.200949 -0.017118 0.073347 0.144853 0.777856 0.055199 0.278473 0.780058 0.084020 0.265944 0.570431 0.139636 0.080635 -0.031932 0.139295 0.019529 0.164684 0.069999 
0.209501 -0.011968 0.078565 0.129655 0.762595 0.031508 0.264750 0.770837 0.050776 0.263287 0.565355 0.121267 0.093436 -0.026179 0.151852 0.024041 0.165740 0.077385 
0.106085 -0.018602 0.161485 0.119331 0.736788 0.007330 0.029277 0.169707 0.085105 0.216996 -0.005553 0.080413 0.255097 0.750523 0.015631 0.265940 0.551848 0.102833 
0.122212 -0.009165 0.167285 0.107716 0.737175 0.009013 0.036502 0.176516 0.094004 0.226239 0.004159 0.077593 0.243177 0.755461 0.006619 0.267344 0.559013 0.096163 
0.152307 0.005941 0.162814 0.102916 0.727647 0.014435 0.053633 0.189222 0.100642 0.248302 0.025355 0.065592 0.236432 0.755966 0.006607 0.278645 0.563298 0.097660 
0.180241 0.019852 0.158252 0.105191 0.721630 0.018925 0.075541 0.201915 0.102713 0.272939 0.043541 0.058803 0.236862 0.756292 0.006633 0.291152 0.567797 0.099993 
0.208312 0.031747 0.156159 0.107359 0.717013 0.023395 0.099858 0.212455 0.103473 0.299524 0.058005 0.055984 0.237136 0.756604 0.006645 0.301549 0.572344 0.102002 
0.233738 0.043892 0.154396 0.110243 0.713071 0.027911 0.122136 0.223345 0.104043 0.323698 0.072306 0.053680 0.237982 0.756898 0.006654 0.311665 0.577050 0.103706 
0.256122 0.057006 0.150995 0.117420 0.710806 0.031476 0.141345 0.235671 0.105182 0.343964 0.088064 0.049195 0.243160 0.758412 0.006721 0.324796 0.582557 0.104721 
0.277288 0.068244 0.148214 0.128680 0.713823 0.033446 0.159484 0.245935 0.106476 0.362843 0.101495 0.045167 0.252995 0.764018 0.006687 0.339805 0.590428 0.104280 
0.297920 0.076403 0.147279 0.140363 0.719278 0.034713 0.177363 0.252658 0.107355 0.381872 0.111030 0.043371 0.263711 0.771120 0.006654 0.353841 0.598839 0.103553 
0.314176 0.080927 0.149067 0.148985 0.719221 0.036961 0.191194 0.255409 0.108752 0.270746 0.773573 0.006795 0.396460 0.115342 0.043762 0.366022 0.604737 0.104827 
0.327967 0.084568 0.150943 0.154663 0.716997 0.039423 0.202437 0.257248 0.110721 0.274377 0.774347 0.006723 0.407851 0.118398 0.043621 0.375832 0.609600 0.105509 
0.341862 0.087761 0.152500 0.158852 0.715248 0.041945 0.213392 0.258340 0.112600 0.276501 0.775319 0.006729 0.419248 0.121256 0.043259 0.383762 0.614232 0.105419 
0.352441 0.091743 0.153448 0.161571 0.712877 0.044311 0.221410 0.260675 0.114892 0.277094 0.775539 0.006656 0.426743 0.124694 0.041925 0.389941 0.617725 0.104401 
0.364089 0.094911 0.154526 0.163981 0.710752 0.046610 0.230129 0.261715 0.116778 0.277340 0.775844 0.006579 0.435642 0.127493 0.041113 0.395517 0.621320 0.103277 
0.374304 0.097872 0.155418 0.166499 0.708572 0.048995 0.237739 0.262788 0.118723 0.277556 0.776026 0.006498 0.442961 0.129849 0.040059 0.401057 0.624976 0.102022 
0.385162 0.101072 0.156357 0.168919 0.706764 0.051400 0.245832 0.263815 0.120361 0.277705 0.776251 0.006377 0.451237 0.132568 0.039369 0.406151 0.628748 0.100919 
0.391470 0.105171 0.158406 0.277851 0.776449 0.006342 0.171051 0.705567 0.053875 0.250810 0.266589 0.121630 0.455948 0.135225 0.040154 0.410396 0.632639 0.100916 
0.399111 0.108539 0.161499 0.277796 0.776699 0.006331 0.172853 0.704911 0.056563 0.257188 0.268273 0.122299 0.462996 0.136919 0.042515 0.413999 0.636497 0.101126 
0.277955 0.777313 0.006287 0.174835 0.704568 0.058862 0.467435 0.139284 0.043803 0.417598 0.640369 0.100837 0.404866 0.112651 0.163885 0.261744 0.270972 0.123338 
0.278511 0.777463 0.006251 0.176969 0.702712 0.059085 0.470897 0.142332 0.042257 0.421048 0.642874 0.099861 0.410642 0.115649 0.163507 0.265064 0.272112 0.124517 
0.278796 0.777539 0.006231 0.178368 0.701410 0.059225 0.472512 0.143710 0.041615 0.423306 0.644705 0.099322 0.413685 0.117214 0.163604 0.266519 0.272345 0.125259 
0.278858 0.777609 0.006217 0.415457 0.118104 0.163709 0.473418 0.144464 0.041277 0.424693 0.645956 0.098918 0.179196 0.700524 0.059275 0.267297 0.272374 0.125715 
0.278900 0.777649 0.006203 0.416692 0.118681 0.163773 0.473988 0.144871 0.040992 0.425804 0.646904 0.098501 0.179868 0.699765 0.059273 0.267824 0.272324 0.126013 
0.278981 0.777672 0.006191 0.417471 0.119011 0.163761 0.474197 0.145032 0.040680 0.426643 0.647521 0.098116 0.180401 0.699197 0.059234 0.268129 0.272259 0.126270 
0.279033 0.777692 0.006178 0.417790 0.119257 0.163820 0.473923 0.145014 0.040411 0.427420 0.648062 0.097671 0.180889 0.698634 0.059164 0.268102 0.272235 0.126604 
0.279117 0.777702 0.006166 0.417856 0.119348 0.163705 0.473522 0.144945 0.040052 0.428050 0.648407 0.097246 0.181305 0.698182 0.059073 0.268026 0.272276 0.126856 
0.279163 0.777711 0.006151 0.417347 0.119377 0.163563 0.472426 0.144711 0.039593 0.428688 0.648752 0.096737 0.181714 0.697673 0.058946 0.267425 0.272320 0.127156 
0.279211 0.777717 0.006137 0.416857 0.119284 0.163352 0.471379 0.144420 0.039096 0.429249 0.649015 0.096238 0.182078 0.697207 0.058797 0.266861 0.272269 0.127433 
0.279243 0.777725 0.006122 0.415898 0.119189 0.163183 0.469820 0.144039 0.038608 0.429827 0.649308 0.095719 0.182450 0.696717 0.058644 0.265962 0.272357 0.127789 
0.279274 0.777734 0.006108 0.415206 0.118903 0.163023 0.468495 0.143506 0.038127 0.430352 0.649547 0.095198 0.182790 0.696261 0.058480 0.265104 0.272015 0.128094 
0.279302 0.777742 0.006091 0.414145 0.118532 0.162858 0.466706 0.142799 0.037588 0.430943 0.649818 0.094602 0.183172 0.695740 0.058288 0.263874 0.271588 0.128413 
0.279329 0.777744 0.006075 0.413323 0.118212 0.162566 0.465270 0.142286 0.037004 0.431485 0.650037 0.094016 0.183526 0.695256 0.058107 0.263047 0.271397 0.128724 
0.279363 0.777750 0.006054 0.412036 0.117775 0.162326 0.463300 0.141564 0.036429 0.432064 0.650282 0.093392 0.183909 0.694742 0.057899 0.261795 0.271127 0.129090 
0.279391 0.777751 0.006037 0.411043 0.117324 0.162025 0.461664 0.140911 0.035830 0.432599 0.650479 0.092773 0.184262 0.694252 0.057693 0.260790 0.270796 0.129405 
0.279412 0.777756 0.006023 0.409597 0.116905 0.161967 0.459662 0.140131 0.035484 0.433146 0.650768 0.092242 0.184626 0.693746 0.057478 0.259424 0.270531 0.129704 
0.279430 0.777768 0.006013 0.408217 0.116631 0.161976 0.457829 0.139532 0.035255 0.433578 0.651034 0.091867 0.184917 0.693353 0.057307 0.258115 0.270379 0.129964 
0.279216 0.777759 0.006008 0.406029 0.114342 0.163282 0.455948 0.136324 0.036519 0.433032 0.650713 0.091996 0.184470 0.693922 0.057821 0.256350 0.268232 0.129996 
0.277192 0.777693 0.005985 0.405714 0.110258 0.165977 0.456041 0.130716 0.039120 0.430885 0.650299 0.091676 0.182345 0.694454 0.058570 0.255637 0.263167 0.130068 
0.274710 0.777592 0.005959 0.405965 0.106622 0.167891 0.456539 0.126082 0.040976 0.428302 0.649747 0.091158 0.179786 0.694747 0.059025 0.255287 0.258484 0.130106 
0.273860 0.777511 0.005950 0.405492 0.104133 0.169186 0.456366 0.122809 0.042272 0.427197 0.649225 0.090948 0.178770 0.694846 0.059000 0.254877 0.255725 0.130091 
0.273808 0.777461 0.005964 0.403916 0.102732 0.170292 0.455463 0.120670 0.043544 0.426675 0.648696 0.091082 0.178418 0.695024 0.058828 0.254214 0.254892 0.129914 
0.273794 0.777376 0.005974 0.402736 0.102329 0.171131 0.454890 0.119775 0.044562 0.426242 0.648282 0.091343 0.178140 0.695126 0.058652 0.253726 0.254892 0.129726 
0.273779 0.777304 0.005982 0.401930 0.101808 0.171774 0.454540 0.118923 0.045349 0.425872 0.647945 0.091586 0.177902 0.695232 0.058533 0.253322 0.254545 0.129577 
0.273766 0.777265 0.005988 0.401230 0.101272 0.172348 0.454227 0.118089 0.046045 0.425533 0.647654 0.091786 0.177684 0.695369 0.058440 0.252954 0.254137 0.129451 
0.273750 0.777192 0.005991 0.400894 0.100612 0.172694 0.454113 0.117255 0.046460 0.425285 0.647354 0.091857 0.177523 0.695419 0.058367 0.252776 0.253511 0.129373 
0.273742 0.777149 0.005991 0.400701 0.099969 0.172988 0.454075 0.116459 0.046800 0.425090 0.647106 0.091875 0.177398 0.695470 0.058300 0.252685 0.252869 0.129327 
0.273741 0.777140 0.005986 0.400778 0.099334 0.173063 0.454116 0.115761 0.046852 0.425034 0.646943 0.091736 0.177362 0.695466 0.058238 0.252721 0.252181 0.129352 
0.273711 0.776939 0.005915 0.401011 0.098892 0.173012 0.454257 0.115307 0.046760 0.425061 0.646737 0.091555 0.177368 0.695193 0.058120 0.252891 0.251699 0.129375 
0.273676 0.776726 0.005903 0.401386 0.098673 0.172836 0.454467 0.115137 0.046522 0.425200 0.646645 0.091421 0.177443 0.694782 0.058001 0.253170 0.251453 0.129431 
0.253677 0.251509 0.129469 0.177552 0.694603 0.057913 1.518623 0.814843 0.412118 0.273679 0.776730 0.005909 0.401918 0.098751 0.172871 0.454939 0.115161 0.046524 1.532075 0.805363 0.407117 1.502338 0.751081 0.430034 
0.254727 0.251522 0.129440 0.177670 0.694488 0.057931 1.530801 0.822996 0.401598 0.273684 0.776740 0.005915 0.403135 0.098990 0.173061 0.456235 0.115386 0.046746 1.544297 0.813589 0.396577 1.515777 0.759462 0.421332 
0.255707 0.251386 0.129407 0.177777 0.694392 0.058057 1.532588 0.828258 0.399133 0.273703 0.776671 0.005923 0.404382 0.099150 0.173151 0.457537 0.115633 0.046870 1.546177 0.818894 0.394284 1.518057 0.764893 0.419763 
0.256256 0.251286 0.129365 0.177825 0.694333 0.058215 1.530470 0.830884 0.399946 0.273711 0.776564 0.005931 0.405125 0.099278 0.173246 0.458354 0.115826 0.047005 1.544156 0.821555 0.395308 1.516060 0.767605 0.420920 
0.256570 0.251162 0.129363 0.177858 0.694237 0.058303 1.529122 0.832057 0.400570 0.273713 0.776453 0.005935 0.405594 0.099303 0.173231 0.458817 0.115928 0.046997 1.542855 0.822744 0.396040 1.514742 0.768817 0.421683 
0.256672 0.251053 0.129364 0.177888 0.694063 0.058327 1.528543 0.832515 0.400841 0.273712 0.776301 0.005939 0.405788 0.099267 0.173172 0.458970 0.115937 0.046927 1.542295 0.823211 0.396354 1.514180 0.769287 0.422002 
0.256755 0.250896 0.129370 0.177902 0.693815 0.058308 1.528218 0.832715 0.400958 0.273704 0.776070 0.005908 0.405937 0.099167 0.173149 0.459094 0.115864 0.046897 1.541983 0.823424 0.396483 1.513898 0.769476 0.422113 
0.256838 0.250702 0.129382 0.177903 0.693728 0.058304 1.528079 0.832640 0.401054 0.273704 0.775991 0.005913 0.406068 0.099009 0.173124 0.459201 0.115732 0.046865 1.541846 0.823349 0.396582 1.513755 0.769395 0.422191 
0.256878 0.250597 0.129389 0.177911 0.693641 0.058308 1.528014 0.832597 0.401098 0.273705 0.775913 0.005919 0.406140 0.098931 0.173111 0.459252 0.115662 0.046845 1.541782 0.823308 0.396628 1.513688 0.769350 0.422226 
0.256913 0.250522 0.129394 0.177920 0.693557 0.058315 1.527973 0.832612 0.401122 0.273707 0.775837 0.005924 0.406205 0.098881 0.173105 0.459301 0.115617 0.046833 1.541741 0.823323 0.396652 1.513647 0.769365 0.422249 
0.256983 0.250417 0.129402 0.177929 0.693471 0.058321 1.527909 0.832655 0.401157 0.273708 0.775759 0.005929 0.406312 0.098808 0.173096 0.459395 0.115561 0.046820 1.541679 0.823367 0.396690 1.513584 0.769408 0.422286 
0.257138 0.250160 0.129412 0.177947 0.693206 0.058298 1.527776 0.832764 0.401214 0.273703 0.775523 0.005912 0.406546 0.098620 0.173076 0.459607 0.115410 0.046795 1.541549 0.823478 0.396751 1.513459 0.769517 0.422348 
0.257253 0.249936 0.129423 0.177967 0.692934 0.058282 1.527632 0.832865 0.401284 0.273698 0.775283 0.005897 0.406728 0.098447 0.173037 0.459754 0.115271 0.046747 1.541407 0.823580 0.396826 1.513319 0.769618 0.422423 
0.257346 0.249718 0.129439 0.177965 0.692879 0.058268 1.527505 0.832938 0.401361 0.273698 0.775238 0.005903 0.406875 0.098263 0.172989 0.459862 0.115122 0.046688 1.541283 0.823655 0.396908 1.513196 0.769691 0.422500 
0.257409 0.249601 0.129448 0.177975 0.692784 0.058272 1.527430 0.832991 0.401402 0.273699 0.775155 0.005909 0.406973 0.098174 0.172970 0.459942 0.115052 0.046663 1.541210 0.823709 0.396952 1.513123 0.769745 0.422544 
0.257536 0.249411 0.129454 0.177999 0.692553 0.058283 1.527347 0.833055 0.401441 0.273700 0.774947 0.005915 0.407162 0.098040 0.172957 0.460117 0.114946 0.046648 1.541128 0.823774 0.396993 1.513044 0.769807 0.422584 
0.257655 0.249152 0.129465 0.178013 0.692259 0.058250 1.527176 0.833201 0.401493 0.273692 0.774684 0.005891 0.407355 0.097839 0.172915 0.460278 0.114788 0.046599 1.540964 0.823928 0.397047 1.512908 0.769943 0.422629 
0.257818 0.248864 0.129475 0.178036 0.692004 0.058250 1.527031 0.833321 0.401566 0.273693 0.774459 0.005898 0.407597 0.097618 0.172886 0.460491 0.114605 0.046562 1.540822 0.824052 0.397125 1.512773 0.770063 0.422705 
0.257970 0.248573 0.129485 0.178048 0.691815 0.058244 1.526932 0.833405 0.401616 0.273695 0.774289 0.005904 0.407818 0.097382 0.172853 0.460684 0.114406 0.046522 1.540726 0.824139 0.397178 1.512685 0.770144 0.422755 
0.258116 0.248265 0.129496 0.178066 0.691442 0.058178 1.526792 0.833523 0.401671 0.273683 0.773965 0.005859 0.408043 0.097138 0.172810 0.460875 0.114205 0.046472 1.540590 0.824261 0.397236 1.512559 0.770259 0.422812 
0.258209 0.248046 0.129509 0.178071 0.691264 0.058142 1.526648 0.833616 0.401751 0.273674 0.773815 0.005842 0.408192 0.096956 0.172764 0.460988 0.114058 0.046415 1.540449 0.824355 0.397322 1.512421 0.770351 0.422895 
0.258262 0.247914 0.129513 0.178088 0.691004 0.058127 1.526541 0.833709 0.401796 0.273666 0.773582 0.005825 0.408278 0.096847 0.172730 0.461049 0.113968 0.046373 1.540344 0.824451 0.397371 1.512321 0.770445 0.422944 
0.258304 0.247857 0.129507 0.178100 0.690913 0.058146 1.526469 0.833775 0.401836 0.273667 0.773501 0.005838 0.408344 0.096808 0.172703 0.461111 0.113953 0.046348 1.540274 0.824517 0.397414 1.512251 0.770511 0.422989 
0.258313 0.247849 0.129512 0.178102 0.690910 0.058158 1.526422 0.833818 0.401866 0.273667 0.773500 0.005851 0.408359 0.096802 0.172693 0.461120 0.113954 0.046336 1.540228 0.824560 0.397446 1.512204 0.770556 0.423022 
0.258360 0.247801 0.129515 0.178124 0.690749 0.058190 1.526381 0.833892 0.401878 0.273667 0.773350 0.005862 0.408431 0.096777 0.172690 0.461186 0.113940 0.046333 1.540187 0.824635 0.397460 1.512166 0.770631 0.423042 
0.258579 0.247487 0.129518 0.178149 0.690439 0.058201 1.526298 0.834136 0.401892 0.273668 0.773069 0.005872 0.408737 0.096540 0.172660 0.461475 0.113752 0.046301 1.540109 0.824883 0.397478 1.512106 0.770877 0.423075 
0.258682 0.247261 0.129532 0.178153 0.690335 0.058194 1.526140 0.834238 0.401984 0.273668 0.772978 0.005880 0.408899 0.096351 0.172604 0.461595 0.113604 0.046233 1.539955 0.824987 0.397576 1.511954 0.770979 0.423170 
0.258732 0.247180 0.129532 0.178167 0.690238 0.058205 1.525997 0.834368 0.402064 0.273670 0.772894 0.005888 0.408984 0.096293 0.172556 0.461661 0.113579 0.046182 1.539814 0.825117 0.397663 1.511811 0.771112 0.423261 
0.258798 0.247105 0.129540 0.178189 0.690098 0.058221 1.525875 0.834567 0.402110 0.273671 0.772772 0.005896 0.409093 0.096249 0.172526 0.461748 0.113563 0.046147 1.539696 0.825320 0.397714 1.511705 0.771312 0.423321 
0.258878 0.246989 0.129548 0.178223 0.689860 0.058234 1.525718 0.834811 0.402180 0.273673 0.772568 0.005903 0.409226 0.096172 0.172482 0.461847 0.113516 0.046092 1.539542 0.825565 0.397793 1.511555 0.771563 0.423414 
0.259039 0.246757 0.129561 0.178255 0.689571 0.058246 1.525541 0.835126 0.402251 0.273670 0.772316 0.005908 0.409471 0.096006 0.172433 0.462054 0.113397 0.046034 1.539369 0.825882 0.397874 1.511390 0.771885 0.423516 
0.259159 0.246556 0.129579 0.178263 0.689496 0.058232 1.525323 0.835411 0.402366 0.273670 0.772261 0.005912 0.409658 0.095846 0.172359 0.462188 0.113286 0.045945 1.539156 0.826169 0.398001 1.511180 0.772178 0.423657 
0.259244 0.246448 0.129593 0.178287 0.689345 0.058242 1.525113 0.835703 0.402470 0.273669 0.772135 0.005917 0.409799 0.095773 0.172301 0.462288 0.113252 0.045876 1.538951 0.826461 0.398117 1.510975 0.772478 0.423791 
0.259334 0.246367 0.129594 0.178312 0.689190 0.058250 1.524927 0.836034 0.402554 0.273667 0.772009 0.005921 0.409944 0.095730 0.172240 0.462405 0.113255 0.045809 1.538769 0.826793 0.398212 1.510796 0.772820 0.423910 
0.259475 0.246185 0.129608 0.178337 0.688947 0.058264 1.524747 0.836444 0.402621 0.273659 0.771797 0.005924 0.410159 0.095600 0.172180 0.462577 0.113174 0.045738 1.538594 0.827205 0.398292 1.510631 0.773240 0.424020 
0.259644 0.245975 0.129612 0.178367 0.688671 0.058265 1.524543 0.836870 0.402699 0.273651 0.771567 0.005927 0.410420 0.095458 0.172099 0.462795 0.113097 0.045649 1.538395 0.827633 0.398383 1.510443 0.773678 0.424143 
0.259836 0.245688 0.129632 0.178386 0.688448 0.058256 1.524313 0.837368 0.402789 0.273642 0.771382 0.005929 0.410708 0.095238 0.172018 0.463022 0.112938 0.045550 1.538173 0.828134 0.398488 1.510236 0.774188 0.424283 
0.259956 0.245512 0.129652 0.178410 0.688200 0.058241 1.524059 0.837756 0.402907 0.273631 0.771177 0.005920 0.410903 0.095110 0.171940 0.463160 0.112862 0.045456 1.537924 0.828524 0.398620 1.509992 0.774586 0.424437 
0.260143 0.245248 0.129669 0.178437 0.687858 0.058246 1.523876 0.838196 0.402972 0.273616 0.770883 0.005923 0.411185 0.094915 0.171860 0.463388 0.112731 0.045363 1.537746 0.828966 0.398695 1.509830 0.775036 0.424545 
0.260218 0.245128 0.129686 0.178447 0.687791 0.058239 1.523706 0.838448 0.403066 0.273614 0.770835 0.005925 0.411307 0.094820 0.171796 0.463463 0.112672 0.045285 1.537579 0.829219 0.398798 1.509665 0.775295 0.424662 
0.260298 0.245058 0.129687 0.178468 0.687630 0.058248 1.523611 0.838707 0.403106 0.273608 0.770702 0.005928 0.411435 0.094781 0.171739 0.463564 0.112674 0.045223 1.537485 0.829478 0.398843 1.509575 0.775562 0.424729 
0.260357 0.244998 0.129699 0.178481 0.687525 0.058253 1.523519 0.839062 0.403108 0.273603 0.770615 0.005931 0.411537 0.094747 0.171687 0.463633 0.112676 0.045162 1.537397 0.829839 0.398844 1.509522 0.775915 0.424751 
0.260439 0.244928 0.129709 0.178504 0.687317 0.058270 1.523420 0.839353 0.403140 0.273592 0.770437 0.005933 0.411666 0.094711 0.171647 0.463733 0.112671 0.045115 1.537301 0.830130 0.398882 1.509432 0.776216 0.424815 
0.260606 0.244744 0.129722 0.178518 0.687006 0.058235 1.523376 0.839887 0.403104 0.273566 0.770178 0.005909 0.411907 0.094576 0.171573 0.463928 0.112593 0.045030 1.537260 0.830667 0.398852 1.509420 0.776763 0.424838 
0.260722 0.244606 0.129741 0.178527 0.686753 0.058207 1.523225 0.840316 0.403155 0.273539 0.769967 0.005882 0.412089 0.094475 0.171485 0.464053 0.112546 0.044926 1.537112 0.831097 0.398914 1.509283 0.777204 0.424935 
0.260806 0.244526 0.129760 0.178549 0.686637 0.058219 1.523012 0.840688 0.403260 0.273535 0.769877 0.005888 0.412231 0.094426 0.171403 0.464138 0.112545 0.044828 1.536903 0.831468 0.399030 1.509073 0.777589 0.425079 
0.260885 0.244457 0.129775 0.178552 0.686426 0.058203 1.522820 0.841063 0.403350 0.273503 0.769703 0.005866 0.412362 0.094386 0.171334 0.464224 0.112547 0.044746 1.536714 0.831842 0.399130 1.508885 0.777977 0.425209 
0.260969 0.244386 0.129793 0.178571 0.686250 0.058184 1.522662 0.841534 0.403404 0.273489 0.769562 0.005845 0.412500 0.094344 0.171258 0.464309 0.112549 0.044654 1.536559 0.832314 0.399195 1.508740 0.778464 0.425315 
0.261057 0.244318 0.129810 0.178588 0.686113 0.058201 1.522492 0.842030 0.403465 0.273475 0.769456 0.005854 0.412644 0.094306 0.171182 0.464400 0.112555 0.044563 1.536393 0.832810 0.399268 1.508582 0.778976 0.425431 
0.261158 0.244245 0.129824 0.178612 0.685954 0.058225 1.522338 0.842536 0.403512 0.273466 0.769324 0.005863 0.412802 0.094269 0.171118 0.464513 0.112560 0.044486 1.536242 0.833316 0.399327 1.508443 0.779499 0.425536 
0.261272 0.244163 0.129841 0.178640 0.685776 0.058237 1.522236 0.843175 0.403507 0.273457 0.769186 0.005870 0.412979 0.094226 0.171042 0.464636 0.112563 0.044395 1.536145 0.833957 0.399333 1.508369 0.780158 0.425603 
0.261426 0.244051 0.129857 0.178669 0.685506 0.058259 1.522114 0.843852 0.403505 0.273439 0.768961 0.005877 0.413209 0.094164 0.170961 0.464812 0.112557 0.044301 1.536027 0.834635 0.399344 1.508275 0.780855 0.425679 
0.261525 0.243985 0.129874 0.178692 0.685390 0.058272 1.521932 0.844404 0.403563 0.273433 0.768872 0.005883 0.413366 0.094131 0.170882 0.464916 0.112570 0.044207 1.535850 0.835188 0.399416 1.508109 0.781426 0.425799 
0.261644 0.243900 0.129889 0.178718 0.685167 0.058292 1.521738 0.844893 0.403633 0.273418 0.768687 0.005889 0.413551 0.094088 0.170808 0.465050 0.112576 0.044119 1.535659 0.835676 0.399498 1.507926 0.781930 0.425922 
0.261778 0.243802 0.129907 0.178743 0.684986 0.058294 1.521565 0.845453 0.403679 0.273406 0.768548 0.005893 0.413752 0.094029 0.170718 0.465194 0.112574 0.044014 1.535490 0.836238 0.399558 1.507771 0.782509 0.426031 
0.261880 0.243736 0.129924 0.178765 0.684865 0.058303 1.521372 0.845976 0.403745 0.273399 0.768458 0.005897 0.413913 0.093995 0.170636 0.465299 0.112586 0.043916 1.535302 0.836761 0.399637 1.507592 0.783049 0.426154 
0.261996 0.243658 0.129940 0.178790 0.684685 0.058309 1.521196 0.846524 0.403794 0.273388 0.768319 0.005901 0.414092 0.093955 0.170555 0.465423 0.112595 0.043821 1.535131 0.837310 0.399698 1.507433 0.783615 0.426263 
0.262111 0.243580 0.129956 0.178814 0.684517 0.058323 1.521017 0.847047 0.403847 0.273376 0.768184 0.005904 0.414269 0.093915 0.170480 0.465548 0.112602 0.043731 1.534955 0.837833 0.399765 1.507267 0.784157 0.426376 
0.262266 0.243478 0.129975 0.178834 0.684228 0.058291 1.520840 0.847768 0.403865 0.273345 0.767957 0.005879 0.414500 0.093857 0.170373 0.465713 0.112610 0.043607 1.534784 0.838555 0.399797 1.507118 0.784900 0.426474 
0.262361 0.243413 0.129996 0.178859 0.684112 0.058303 1.520604 0.848423 0.403937 0.273339 0.767871 0.005884 0.414656 0.093824 0.170282 0.465804 0.112626 0.043497 1.534554 0.839212 0.399887 1.506901 0.785577 0.426620 
0.262515 0.243300 0.130012 0.178880 0.683715 0.058289 1.520411 0.849094 0.403969 0.273295 0.767541 0.005859 0.414889 0.093763 0.170196 0.465979 0.112622 0.043397 1.534366 0.839885 0.399934 1.506732 0.786270 0.426726 
0.262651 0.243202 0.130032 0.178911 0.683514 0.058293 1.520198 0.849798 0.404013 0.273284 0.767388 0.005866 0.415097 0.093703 0.170083 0.466109 0.112619 0.043261 1.534160 0.840591 0.399995 1.506545 0.786997 0.426848 
0.262751 0.243119 0.130052 0.178931 0.683386 0.058293 1.520001 0.850658 0.403988 0.273277 0.767294 0.005871 0.415265 0.093655 0.169971 0.466208 0.112634 0.043130 1.533973 0.841460 0.399983 1.506413 0.787873 0.426907 
0.262870 0.243037 0.130065 0.178953 0.683106 0.058330 1.519843 0.851160 0.404016 0.273252 0.767048 0.005877 0.415446 0.093615 0.169906 0.466344 0.112638 0.043053 1.533819 0.841964 0.400022 1.506273 0.788392 0.426991 
0.262959 0.242973 0.130079 0.178973 0.683001 0.058328 1.519687 0.851517 0.404071 0.273249 0.766973 0.005882 0.415582 0.093575 0.169831 0.466434 0.112642 0.042967 1.533666 0.842321 0.400088 1.506124 0.788761 0.427085 
0.263081 0.242888 0.130083 0.179001 0.682704 0.058344 1.519564 0.851887 0.404096 0.273229 0.766723 0.005887 0.415759 0.093528 0.169765 0.466577 0.112642 0.042894 1.533545 0.842691 0.400120 1.506012 0.789144 0.427151 
0.263202 0.242824 0.130096 0.179020 0.682584 0.058351 1.519425 0.852363 0.404122 0.273222 0.766630 0.005891 0.415931 0.093493 0.169692 0.466704 0.112652 0.042809 1.533410 0.843169 0.400157 1.505889 0.789636 0.427230 
0.263297 0.242751 0.130114 0.179042 0.682384 0.058346 1.519251 0.852859 0.404164 0.273206 0.766470 0.005882 0.416084 0.093451 0.169602 0.466797 0.112660 0.042704 1.533239 0.843665 0.400211 1.505729 0.790150 0.427326 
0.263382 0.242690 0.130130 0.179062 0.682269 0.058359 1.519040 0.853301 0.404241 0.273199 0.766380 0.005886 0.416222 0.093420 0.169525 0.466883 0.112673 0.042612 1.533032 0.844107 0.400301 1.505524 0.790609 0.427452 
0.263505 0.242609 0.130146 0.179086 0.682061 0.058381 1.518855 0.853833 0.404284 0.273183 0.766206 0.005889 0.416408 0.093379 0.169448 0.467017 0.112680 0.042522 1.532851 0.844640 0.400357 1.505354 0.791159 0.427554 
0.263611 0.242541 0.130161 0.179112 0.681919 0.058384 1.518653 0.854417 0.404332 0.273176 0.766100 0.005892 0.416571 0.093341 0.169357 0.467117 0.112687 0.042413 1.532655 0.845225 0.400420 1.505169 0.791764 0.427668 
0.263765 0.242440 0.130180 0.179141 0.681677 0.058390 1.518472 0.855141 0.404340 0.273159 0.765907 0.005895 0.416797 0.093284 0.169259 0.467279 0.112688 0.042298 1.532480 0.845952 0.400444 1.505020 0.792511 0.427756 
0.263889 0.242350 0.130198 0.179168 0.681456 0.058406 1.518268 0.855852 0.404340 0.273143 0.765726 0.005897 0.416995 0.093240 0.169167 0.467415 0.112702 0.042191 1.532282 0.846666 0.400457 1.504848 0.793243 0.427833 
0.263982 0.242293 0.130219 0.179192 0.681378 0.058404 1.517994 0.856592 0.404407 0.273140 0.765680 0.005899 0.417144 0.093211 0.169074 0.467497 0.112720 0.042078 1.532015 0.847409 0.400546 1.504597 0.794009 0.427982 
0.264081 0.242229 0.130237 0.179215 0.681257 0.058412 1.517738 0.857130 0.404493 0.273132 0.765589 0.005900 0.417301 0.093179 0.168989 0.467596 0.112736 0.041977 1.531765 0.847947 0.400648 1.504351 0.794567 0.428127 
0.264199 0.242156 0.130254 0.179241 0.681081 0.058419 1.517522 0.857683 0.404547 0.273120 0.765453 0.005902 0.417481 0.093144 0.168905 0.467718 0.112750 0.041878 1.531553 0.848502 0.400718 1.504148 0.795141 0.428243 
0.264305 0.242092 0.130272 0.179266 0.680941 0.058413 1.517298 0.858283 0.404600 0.273110 0.765353 0.005898 0.417645 0.093112 0.168816 0.467822 0.112766 0.041773 1.531334 0.849103 0.400786 1.503940 0.795763 0.428363 
0.264428 0.242010 0.130289 0.179293 0.680700 0.058420 1.517102 0.858946 0.404601 0.273091 0.765158 0.005900 0.417830 0.093064 0.168715 0.467942 0.112771 0.041654 1.531144 0.849768 0.400801 1.503773 0.796448 0.428438 
0.264533 0.241951 0.130308 0.179317 0.680571 0.058421 1.516859 0.859631 0.404644 0.273083 0.765066 0.005901 0.417988 0.093031 0.168624 0.468038 0.112786 0.041546 1.530908 0.850456 0.400863 1.503553 0.797157 0.428557 
0.264617 0.241898 0.130326 0.179337 0.680500 0.058425 1.516609 0.860130 0.404729 0.273079 0.765019 0.005901 0.418124 0.093005 0.168537 0.468114 0.112805 0.041442 1.530662 0.850955 0.400964 1.503310 0.797676 0.428697 
0.264749 0.241822 0.130327 0.179366 0.680193 0.058436 1.516395 0.860662 0.404778 0.273056 0.764764 0.005902 0.418306 0.092951 0.168428 0.468245 0.112809 0.041323 1.530453 0.851489 0.401026 1.503111 0.798226 0.428802 
0.264893 0.241745 0.130347 0.179397 0.679906 0.058415 1.516186 0.861365 0.404790 0.273035 0.764541 0.005890 0.418503 0.092897 0.168319 0.468368 0.112804 0.041193 1.530251 0.852196 0.401054 1.502934 0.798952 0.428891 
0.264983 0.241687 0.130367 0.179419 0.679821 0.058414 1.515940 0.862109 0.404800 0.273031 0.764485 0.005891 0.418647 0.092865 0.168222 0.468449 0.112823 0.041078 1.530012 0.852946 0.401079 1.502728 0.799717 0.428976 
0.265095 0.241622 0.130385 0.179443 0.679645 0.058427 1.515712 0.862664 0.404851 0.273017 0.764343 0.005893 0.418815 0.092832 0.168139 0.468560 0.112837 0.040981 1.529789 0.853502 0.401147 1.502514 0.800293 0.429090 
0.265161 0.241581 0.130403 0.179460 0.679624 0.058425 1.515484 0.863132 0.404922 0.273019 0.764342 0.005893 0.418925 0.092811 0.168059 0.468614 0.112856 0.040885 1.529566 0.853971 0.401233 1.502294 0.800779 0.429212 
0.265244 0.241533 0.130418 0.179478 0.679468 0.058410 1.515298 0.863547 0.404971 0.273005 0.764222 0.005880 0.419048 0.092784 0.167991 0.468692 0.112866 0.040805 1.529383 0.854387 0.401294 1.502116 0.801210 0.429307 
0.265315 0.241489 0.130434 0.179493 0.679342 0.058386 1.515105 0.863991 0.405021 0.272992 0.764127 0.005858 0.419160 0.092761 0.167919 0.468754 0.112880 0.040720 1.529194 0.854832 0.401356 1.501933 0.801671 0.429405 
0.265374 0.241451 0.130448 0.179503 0.679232 0.058391 1.514913 0.864383 0.405081 0.272975 0.764047 0.005862 0.419257 0.092741 0.167855 0.468807 0.112894 0.040644 1.529007 0.855225 0.401428 1.501748 0.802079 0.429508 
0.265437 0.241414 0.130462 0.179518 0.679166 0.058400 1.514748 0.864771 0.405125 0.272971 0.763999 0.005866 0.419354 0.092722 0.167796 0.468862 0.112905 0.040573 1.528845 0.855613 0.401483 1.501591 0.802481 0.429594 
0.265553 0.241356 0.130472 0.179533 0.678890 0.058405 1.514607 0.865236 0.405125 0.272939 0.763770 0.005863 0.419513 0.092690 0.167737 0.468985 0.112910 0.040506 1.528708 0.856080 0.401492 1.501470 0.802962 0.429645 
0.265682 0.241293 0.130487 0.179556 0.678684 0.058398 1.514436 0.865878 0.405118 0.272921 0.763606 0.005854 0.419694 0.092658 0.167656 0.469114 0.112924 0.040412 1.528541 0.856724 0.401500 1.501323 0.803627 0.429711 
