-0.995110 0.098770 0.000000 -0.094450 -0.995530 -0.000000 0.116626 0.993176 0.000000 0.995696 -0.092682 0.000000 
-0.995099 0.098888 0.000000 -0.094567 -0.995519 -0.000000 0.116743 0.993162 0.000000 0.995685 -0.092800 0.000000 
-0.995137 0.098504 0.000000 -0.094194 -0.995554 -0.000000 0.116369 0.993206 0.000000 0.995721 -0.092415 0.000000 
-0.995121 0.098664 0.000000 -0.094354 -0.995539 -0.000000 0.116530 0.993187 0.000000 0.995706 -0.092576 0.000000 
-0.995109 0.098788 0.000000 -0.094472 -0.995527 -0.000000 0.116648 0.993173 0.000000 0.995694 -0.092700 0.000000 
-0.995140 0.098473 0.000000 -0.094144 -0.995559 -0.000000 0.116320 0.993212 0.000000 0.995723 -0.092384 0.000000 
-0.995221 0.097646 0.000000 -0.093293 -0.995639 -0.000000 0.115471 0.993311 0.000000 0.995800 -0.091557 0.000000 
-0.995216 0.097694 0.000000 -0.093323 -0.995636 -0.000000 0.115500 0.993307 0.000000 0.995795 -0.091605 0.000000 
-0.995225 0.097610 0.000000 -0.093247 -0.995643 -0.000000 0.115425 0.993316 0.000000 0.995803 -0.091521 0.000000 
-0.995225 0.097608 0.000000 -0.093250 -0.995643 -0.000000 0.115428 0.993316 0.000000 0.995803 -0.091519 0.000000 
-0.995256 0.097287 0.000000 -0.092911 -0.995674 -0.000000 0.115087 0.993355 0.000000 0.995833 -0.091197 0.000000 
-0.995260 0.097255 0.000000 -0.092893 -0.995676 -0.000000 0.115069 0.993358 0.000000 0.995836 -0.091165 0.000000 
-0.995256 0.097292 0.000000 -0.092939 -0.995672 -0.000000 0.115114 0.993352 0.000000 0.995832 -0.091202 0.000000 
-0.995291 0.096936 0.000000 -0.092591 -0.995704 -0.000000 0.114768 0.993392 0.000000 0.995865 -0.090846 0.000000 
-0.995304 0.096795 0.000000 -0.092453 -0.995717 -0.000000 0.114632 0.993408 0.000000 0.995878 -0.090705 0.000000 
-0.995342 0.096410 0.000000 -0.092040 -0.995755 -0.000000 0.114219 0.993456 0.000000 0.995913 -0.090320 0.000000 
-0.995333 0.096501 0.000000 -0.092146 -0.995746 -0.000000 0.114325 0.993443 0.000000 0.995905 -0.090411 0.000000 
-0.995358 0.096245 0.000000 -0.091904 -0.995768 -0.000000 0.114084 0.993471 0.000000 0.995928 -0.090155 0.000000 
-0.995358 0.096244 0.000000 -0.091904 -0.995768 -0.000000 0.114085 0.993471 0.000000 0.995928 -0.090154 0.000000 
-0.995161 0.098259 0.000000 -0.093958 -0.995576 -0.000000 0.116131 0.993234 0.000000 0.995743 -0.092170 0.000000 
-0.995090 0.098970 0.000000 -0.094719 -0.995504 -0.000000 0.116884 0.993146 0.000000 0.995677 -0.092879 0.000000 
-0.993463 0.114154 0.000000 -0.109990 -0.993933 -0.000000 0.132105 0.991236 0.000000 0.994143 -0.108069 0.000000 
-0.989605 0.143809 0.000000 -0.139807 -0.990179 -0.000000 0.161797 0.986824 0.000000 0.990469 -0.137739 0.000000 
-0.990202 0.139645 0.000000 -0.134917 -0.990857 -0.000000 0.156864 0.987620 0.000000 0.991042 -0.133554 0.000000 
-0.992814 0.119665 0.000000 -0.114183 -0.993460 -0.000000 0.136181 0.990684 0.000000 0.993532 -0.113555 0.000000 
-0.993469 0.114101 0.000000 -0.109106 -0.994030 -0.000000 0.131113 0.991367 0.000000 0.994152 -0.107986 0.000000 
-0.993837 0.110852 0.000000 -0.105881 -0.994379 -0.000000 0.127881 0.991790 0.000000 0.994501 -0.104731 0.000000 
-0.993942 0.109908 0.000000 -0.104885 -0.994484 -0.000000 0.126831 0.991924 0.000000 0.994601 -0.103771 0.000000 
-0.993976 0.109600 0.000000 -0.105469 -0.994423 -0.000000 0.127306 0.991863 0.000000 0.994637 -0.103432 0.000000 
-0.993761 0.111534 0.000000 -0.108215 -0.994128 -0.000000 0.129935 0.991522 0.000000 0.994437 -0.105336 0.000000 
-0.993971 0.109648 0.000000 -0.106988 -0.994260 -0.000000 0.128638 0.991692 0.000000 0.994637 -0.103427 0.000000 
-0.994475 0.104977 0.000000 -0.102202 -0.994764 -0.000000 0.123829 0.992304 0.000000 0.995113 -0.098743 0.000000 
-0.995804 0.091509 0.000000 -0.088975 -0.996034 -0.000000 0.110627 0.993862 0.000000 0.996358 -0.085265 0.000000 
-0.085924 -0.996302 -0.000000 -0.232497 0.972597 0.000000 -0.983649 -0.180098 -0.000000 -0.928541 -0.371231 -0.000000 0.996715 -0.080994 0.000000 0.898790 0.438379 0.000000 
-0.085504 -0.996338 -0.000000 -0.201648 0.979458 0.000000 -0.985323 -0.170698 -0.000000 -0.923848 -0.382759 -0.000000 0.996929 -0.078309 0.000000 0.894112 0.447843 0.000000 
-0.072375 -0.997377 -0.000000 -0.205393 0.978680 0.000000 -0.983249 -0.182267 -0.000000 -0.921421 -0.388565 -0.000000 0.998056 -0.062326 0.000000 0.890353 0.455271 0.000000 
-0.060388 -0.998175 -0.000000 -0.214665 0.976688 0.000000 -0.981432 -0.191811 -0.000000 -0.920737 -0.390183 -0.000000 0.998890 -0.047099 0.000000 0.890037 0.455889 0.000000 
-0.057280 -0.998358 -0.000000 -0.215825 0.976432 0.000000 -0.981099 -0.193504 -0.000000 -0.920116 -0.391645 -0.000000 0.999155 -0.041108 0.000000 0.889989 0.455981 0.000000 
-0.057487 -0.998346 -0.000000 -0.214889 0.976638 0.000000 -0.981147 -0.193264 -0.000000 -0.919597 -0.392864 -0.000000 0.999267 -0.038273 0.000000 0.889979 0.456001 0.000000 
-0.057793 -0.998329 -0.000000 -0.213692 0.976901 0.000000 -0.981214 -0.192920 -0.000000 -0.919022 -0.394207 -0.000000 0.999380 -0.035195 0.000000 0.889968 0.456023 0.000000 
-0.057889 -0.998323 -0.000000 -0.213135 0.977023 0.000000 -0.981140 -0.193296 -0.000000 -0.918446 -0.395546 -0.000000 0.999506 -0.031423 0.000000 0.889948 0.456062 0.000000 
-0.058300 -0.998299 -0.000000 -0.212871 0.977080 0.000000 -0.980981 -0.194102 -0.000000 -0.917892 -0.396830 -0.000000 0.999622 -0.027477 0.000000 0.889926 0.456105 0.000000 
-0.059119 -0.998251 -0.000000 -0.212257 0.977214 0.000000 -0.980855 -0.194740 -0.000000 -0.917296 -0.398205 -0.000000 0.999724 -0.023480 0.000000 0.889906 0.456143 0.000000 
-0.059002 -0.998258 -0.000000 -0.210092 0.977682 0.000000 -0.980894 -0.194545 -0.000000 -0.916791 -0.399366 -0.000000 0.999812 -0.019413 0.000000 0.889917 0.456122 0.000000 
-0.051134 -0.998692 -0.000000 -0.218501 0.975837 0.000000 -0.980519 -0.196424 -0.000000 -0.930430 -0.366469 -0.000000 0.999950 -0.010006 0.000000 0.907092 0.420933 0.000000 
0.999986 0.005218 0.000000 -0.200308 0.979733 0.000000 0.917200 0.398426 0.000000 -0.036148 -0.999346 -0.000000 -0.983887 -0.178794 -0.000000 -0.935965 -0.352093 -0.000000 
0.999523 0.030893 0.000000 -0.008910 -0.999960 -0.000000 -0.130827 0.991405 0.000000 0.937690 0.347472 0.000000 -0.994078 -0.108673 -0.000000 -0.943768 -0.330609 -0.000000 
0.998415 0.056282 0.000000 0.016971 -0.999856 0.000000 -0.136102 0.990695 0.000000 0.956225 0.292633 0.000000 -0.993701 -0.112067 -0.000000 -0.960095 -0.279673 -0.000000 
-0.049431 0.998778 0.000000 0.072673 -0.997356 0.000000 0.993968 0.109675 0.000000 0.979532 0.201290 0.000000 -0.999577 -0.029099 -0.000000 -0.972434 -0.233176 -0.000000 
0.105858 0.994381 0.000000 0.995865 0.090844 0.000000 0.099129 -0.995075 0.000000 -0.990902 0.134584 0.000000 -0.985375 -0.170401 -0.000000 
0.108070 0.994143 0.000000 0.089161 -0.996017 0.000000 0.999462 0.032813 0.000000 -0.992640 0.121102 0.000000 -0.991934 -0.126755 -0.000000 -0.998882 -0.047280 -0.000000 
0.211636 0.977349 0.000000 0.113222 -0.993570 0.000000 0.999998 0.001906 0.000000 -0.968766 0.247976 0.000000 -0.988105 -0.153780 -0.000000 -0.998702 -0.050926 -0.000000 
0.095664 -0.995414 0.000000 0.141269 0.989971 0.000000 0.999207 -0.039817 0.000000 -0.989759 -0.142748 -0.000000 -0.987731 0.156167 0.000000 -0.995513 0.094622 0.000000 
0.100784 -0.994908 0.000000 0.155374 0.987856 0.000000 0.998616 -0.052585 0.000000 -0.987854 -0.155386 -0.000000 -0.987580 0.157116 0.000000 -0.991851 0.127401 0.000000 
0.105012 -0.994471 0.000000 0.174690 0.984623 0.000000 0.996275 -0.086233 0.000000 -0.983430 -0.181291 -0.000000 -0.981514 0.191392 0.000000 -0.984910 0.173067 0.000000 
0.107662 -0.994188 0.000000 0.121786 0.992556 0.000000 0.995678 -0.092876 0.000000 -0.980708 0.195480 0.000000 -0.978809 -0.204773 -0.000000 
0.995103 -0.098848 0.000000 0.123817 -0.992305 0.000000 0.029315 0.999570 0.000000 -0.971412 -0.237400 -0.000000 -0.978356 0.206929 0.000000 
0.125619 -0.992079 0.000000 0.008665 0.999962 0.000000 0.995768 -0.091903 0.000000 0.993381 -0.114864 0.000000 -0.964618 -0.263651 -0.000000 -0.976441 0.215785 0.000000 
0.122201 -0.992505 0.000000 -0.016478 0.999864 0.000000 0.998219 -0.059664 0.000000 0.993937 -0.109950 0.000000 -0.954944 -0.296785 -0.000000 -0.979745 0.200247 0.000000 
0.121532 -0.992587 0.000000 -0.060895 0.998144 0.000000 0.999975 -0.007117 0.000000 0.995688 -0.092763 0.000000 -0.940412 -0.340037 -0.000000 -0.984703 0.174243 0.000000 
-0.925937 -0.377677 -0.000000 -0.100658 0.994921 0.000000 -0.987624 0.156838 0.000000 0.116847 -0.993150 0.000000 0.998514 0.054497 0.000000 0.996167 -0.087471 0.000000 
-0.907940 -0.419101 -0.000000 -0.133777 0.991011 0.000000 -0.992029 0.126006 0.000000 0.127043 -0.991897 0.000000 0.992518 0.122100 0.000000 0.997267 -0.073880 0.000000 
-0.880504 -0.474039 -0.000000 -0.207488 0.978237 0.000000 -0.995837 0.091149 0.000000 0.198230 -0.980155 0.000000 0.976829 0.214020 0.000000 0.998413 -0.056316 0.000000 
-0.866878 -0.498520 -0.000000 -0.254577 0.967052 0.000000 -0.998377 0.056958 0.000000 0.247590 -0.968865 0.000000 0.960937 0.276766 0.000000 0.999397 -0.034719 0.000000 
-0.857432 -0.514598 -0.000000 -0.291795 0.956481 0.000000 -0.999889 0.014866 0.000000 0.276646 -0.960972 0.000000 0.943982 0.329996 0.000000 0.999992 -0.003937 0.000000 
-0.849178 -0.528107 -0.000000 -0.324526 0.945877 0.000000 -0.999705 -0.024277 -0.000000 0.301185 -0.953566 0.000000 0.925350 0.379113 0.000000 0.999716 0.023833 0.000000 
-0.841350 -0.540490 -0.000000 -0.354082 0.935214 0.000000 -0.998735 -0.050292 -0.000000 0.333346 -0.942805 0.000000 0.907032 0.421062 0.000000 0.999250 0.038734 0.000000 
-0.833469 -0.552566 -0.000000 -0.374406 0.927265 0.000000 -0.997840 -0.065695 -0.000000 0.362247 -0.932082 0.000000 0.894395 0.447278 0.000000 0.998892 0.047066 0.000000 
-0.825392 -0.564560 -0.000000 -0.387461 0.921886 0.000000 -0.996871 -0.079046 -0.000000 0.381302 -0.924451 0.000000 0.886069 0.463553 0.000000 0.998353 0.057369 0.000000 
-0.817368 -0.576116 -0.000000 -0.407615 0.913154 0.000000 -0.995885 -0.090630 -0.000000 0.870901 0.491459 0.000000 0.385855 -0.922560 0.000000 0.998071 0.062076 0.000000 
-0.808862 -0.587999 -0.000000 -0.432041 0.901854 0.000000 -0.994644 -0.103358 -0.000000 0.851491 0.524370 0.000000 0.389962 -0.920831 0.000000 0.997882 0.065047 0.000000 
-0.798793 -0.601606 -0.000000 -0.454750 0.890619 0.000000 -0.992951 -0.118524 -0.000000 0.832360 0.554235 0.000000 0.397220 -0.917723 0.000000 0.997419 0.071796 0.000000 
-0.790167 -0.612891 -0.000000 -0.476794 0.879015 0.000000 -0.991358 -0.131184 -0.000000 0.813432 0.581660 0.000000 0.405399 -0.914140 0.000000 0.997226 0.074437 0.000000 
-0.779688 -0.626168 -0.000000 -0.497961 0.867200 0.000000 -0.989323 -0.145737 -0.000000 0.794332 0.607484 0.000000 0.414409 -0.910091 0.000000 0.996715 0.080987 0.000000 
-0.770205 -0.637796 -0.000000 -0.519132 0.854694 0.000000 -0.987470 -0.157808 -0.000000 0.774172 0.632975 0.000000 0.422210 -0.906498 0.000000 0.996438 0.084332 0.000000 
-0.759633 -0.650352 -0.000000 -0.538301 0.842753 0.000000 -0.985258 -0.171078 -0.000000 0.754145 0.656708 0.000000 0.430287 -0.902692 0.000000 0.995897 0.090493 0.000000 
-0.753921 -0.656965 -0.000000 0.735317 0.677723 0.000000 -0.552981 0.833194 0.000000 -0.983892 -0.178766 -0.000000 0.422472 -0.906376 0.000000 0.995833 0.091195 0.000000 
-0.747556 -0.664199 -0.000000 0.717264 0.696802 0.000000 -0.564602 0.825364 0.000000 -0.981853 -0.189642 -0.000000 0.405966 -0.913888 0.000000 0.995225 0.097610 0.000000 
0.700173 0.713973 0.000000 -0.576439 0.817140 0.000000 0.391654 -0.920112 0.000000 0.995091 0.098969 0.000000 -0.741817 -0.670602 -0.000000 -0.980498 -0.196529 -0.000000 
0.686543 0.727089 0.000000 -0.592843 0.805318 0.000000 0.404909 -0.914357 0.000000 0.995077 0.099100 0.000000 -0.732114 -0.681182 -0.000000 -0.979707 -0.200436 -0.000000 
0.676741 0.736221 0.000000 -0.604094 0.796913 0.000000 0.410663 -0.911787 0.000000 0.995211 0.097747 0.000000 -0.725487 -0.688235 -0.000000 -0.979541 -0.201246 -0.000000 
0.670097 0.742274 0.000000 -0.721245 -0.692680 -0.000000 0.413973 -0.910289 0.000000 0.995313 0.096706 0.000000 -0.611814 0.791002 0.000000 -0.979479 -0.201548 -0.000000 
0.664831 0.746994 0.000000 -0.718181 -0.695857 -0.000000 0.415726 -0.909490 0.000000 0.995426 0.095539 0.000000 -0.618179 0.786037 0.000000 -0.979478 -0.201551 -0.000000 
0.661221 0.750191 0.000000 -0.716174 -0.697922 -0.000000 0.416941 -0.908934 0.000000 0.995552 0.094214 0.000000 -0.622812 0.782371 0.000000 -0.979535 -0.201276 -0.000000 
0.657903 0.753103 0.000000 -0.714750 -0.699380 -0.000000 0.417048 -0.908884 0.000000 0.995754 0.092051 0.000000 -0.627321 0.778761 0.000000 -0.979717 -0.200385 -0.000000 
0.655567 0.755137 0.000000 -0.714304 -0.699836 -0.000000 0.417780 -0.908548 0.000000 0.995946 0.089952 0.000000 -0.630823 0.775927 0.000000 -0.979894 -0.199521 -0.000000 
0.653108 0.757265 0.000000 -0.714124 -0.700019 -0.000000 0.417872 -0.908506 0.000000 0.996256 0.086449 0.000000 -0.634693 0.772764 0.000000 -0.980295 -0.197537 -0.000000 
0.651078 0.759011 0.000000 -0.714049 -0.700096 -0.000000 0.418675 -0.908136 0.000000 0.996533 0.083203 0.000000 -0.638154 0.769908 0.000000 -0.980671 -0.195662 -0.000000 
0.648883 0.760889 0.000000 -0.714608 -0.699525 -0.000000 0.418546 -0.908195 0.000000 0.996882 0.078907 0.000000 -0.641802 0.766871 0.000000 -0.981180 -0.193094 -0.000000 
0.646974 0.762512 0.000000 -0.714092 -0.700052 -0.000000 0.419162 -0.907912 0.000000 0.997171 0.075161 0.000000 -0.645170 0.764039 0.000000 -0.981692 -0.190473 -0.000000 
0.644805 0.764347 0.000000 -0.713569 -0.700585 -0.000000 0.419164 -0.907911 0.000000 0.997521 0.070362 0.000000 -0.648990 0.760797 0.000000 -0.982376 -0.186914 -0.000000 
0.642885 0.765962 0.000000 -0.713852 -0.700297 -0.000000 0.420469 -0.907307 0.000000 0.997794 0.066393 0.000000 -0.652477 0.757809 0.000000 -0.982852 -0.184394 -0.000000 
0.640828 0.767684 0.000000 -0.714316 -0.699823 -0.000000 0.420935 -0.907091 0.000000 0.998120 0.061285 0.000000 -0.656201 0.754586 0.000000 -0.983514 -0.180831 -0.000000 
0.638995 0.769211 0.000000 -0.714561 -0.699573 -0.000000 0.422360 -0.906428 0.000000 0.998377 0.056946 0.000000 -0.659672 0.751553 0.000000 -0.984059 -0.177840 -0.000000 
0.636853 0.770985 0.000000 -0.715098 -0.699024 -0.000000 0.420843 -0.907133 0.000000 0.998655 0.051857 0.000000 -0.663287 0.748365 0.000000 -0.984739 -0.174039 -0.000000 
0.635076 0.772450 0.000000 -0.715539 -0.698573 -0.000000 0.419099 -0.907941 0.000000 0.998878 0.047359 0.000000 -0.666137 0.745830 0.000000 -0.985354 -0.170522 -0.000000 
0.636825 0.771008 0.000000 -0.716847 -0.697231 -0.000000 0.403011 -0.915195 0.000000 0.999009 0.044506 0.000000 -0.662677 0.748905 0.000000 -0.986042 -0.166499 -0.000000 
0.638165 0.769900 0.000000 -0.713683 -0.700469 -0.000000 0.376573 -0.926387 0.000000 0.998830 0.048360 0.000000 -0.659615 0.751603 0.000000 -0.985866 -0.167535 -0.000000 
0.639746 0.768587 0.000000 -0.709869 -0.704334 -0.000000 0.359123 -0.933290 0.000000 0.998549 0.053843 0.000000 -0.657544 0.753416 0.000000 -0.985353 -0.170529 -0.000000 
0.641675 0.766977 0.000000 -0.709390 -0.704816 -0.000000 0.344621 -0.938742 0.000000 0.998468 0.055326 0.000000 -0.656076 0.754695 0.000000 -0.985311 -0.170771 -0.000000 
0.644239 0.764824 0.000000 -0.712842 -0.701324 -0.000000 0.328669 -0.944445 0.000000 0.998517 0.054440 0.000000 -0.653873 0.756605 0.000000 -0.985494 -0.169712 -0.000000 
0.646234 0.763139 0.000000 -0.715388 -0.698727 -0.000000 0.317230 -0.948349 0.000000 0.998534 0.054126 0.000000 -0.651985 0.758232 0.000000 -0.985579 -0.169218 -0.000000 
0.647880 0.761742 0.000000 -0.716728 -0.697353 -0.000000 0.309368 -0.950942 0.000000 0.998535 0.054112 0.000000 -0.650293 0.759684 0.000000 -0.985669 -0.168689 -0.000000 
0.649417 0.760432 0.000000 -0.717798 -0.696252 -0.000000 0.302456 -0.953163 0.000000 0.998535 0.054105 0.000000 -0.648694 0.761050 0.000000 -0.985760 -0.168159 -0.000000 
0.650652 0.759376 0.000000 -0.718245 -0.695791 -0.000000 0.298480 -0.954416 0.000000 0.998525 0.054302 0.000000 -0.647558 0.762016 0.000000 -0.985809 -0.167873 -0.000000 
0.651705 0.758472 0.000000 -0.718487 -0.695540 -0.000000 0.295179 -0.955442 0.000000 0.998512 0.054541 0.000000 -0.646671 0.762769 0.000000 -0.985840 -0.167691 -0.000000 
0.652284 0.757975 0.000000 -0.718273 -0.695762 -0.000000 0.294336 -0.955702 0.000000 0.998505 0.054668 0.000000 -0.646509 0.762906 0.000000 -0.985856 -0.167596 -0.000000 
0.652158 0.758083 0.000000 -0.718033 -0.696009 -0.000000 0.294594 -0.955622 0.000000 0.998494 0.054856 0.000000 -0.646984 0.762504 0.000000 -0.985809 -0.167873 -0.000000 
0.651378 0.758754 0.000000 -0.717745 -0.696306 -0.000000 0.296248 -0.955111 0.000000 0.998487 0.054981 0.000000 -0.648316 0.761372 0.000000 -0.985723 -0.168376 -0.000000 
-0.985561 -0.169323 -0.000000 -0.649569 0.760302 0.000000 0.576074 0.817397 0.000000 -0.030600 0.999532 0.000000 -0.717638 -0.696416 -0.000000 0.295655 -0.955295 0.000000 0.877020 -0.480453 0.000000 0.518978 -0.854788 0.000000 
-0.985204 -0.171384 -0.000000 -0.650583 0.759435 0.000000 0.571836 0.820368 0.000000 -0.036770 0.999324 0.000000 -0.716729 -0.697352 -0.000000 0.295036 -0.955486 0.000000 0.884706 -0.466150 0.000000 0.519439 -0.854508 0.000000 
-0.984878 -0.173251 -0.000000 -0.651052 0.759033 0.000000 0.567411 0.823435 0.000000 -0.040943 0.999161 0.000000 -0.715423 -0.698691 -0.000000 0.296175 -0.955134 0.000000 0.886951 -0.461863 0.000000 0.522132 -0.852865 0.000000 
-0.984690 -0.174316 -0.000000 -0.650990 0.759087 0.000000 0.563235 0.826297 0.000000 -0.043182 0.999067 0.000000 -0.714445 -0.699692 -0.000000 0.296855 -0.954923 0.000000 0.886934 -0.461896 0.000000 0.524613 -0.851341 0.000000 
-0.984585 -0.174909 -0.000000 -0.651040 0.759043 0.000000 0.561260 0.827640 0.000000 -0.044248 0.999021 0.000000 -0.713736 -0.700415 -0.000000 0.298148 -0.954520 0.000000 0.886737 -0.462275 0.000000 0.525901 -0.850546 0.000000 
-0.984552 -0.175091 -0.000000 -0.651260 0.758854 0.000000 0.560378 0.828237 0.000000 -0.044754 0.998998 0.000000 -0.713355 -0.700803 -0.000000 0.299097 -0.954223 0.000000 0.886712 -0.462322 0.000000 0.526427 -0.850220 0.000000 
-0.984520 -0.175274 -0.000000 -0.651428 0.758710 0.000000 0.559491 0.828836 0.000000 -0.045107 0.998982 0.000000 -0.713066 -0.701097 -0.000000 0.299672 -0.954042 0.000000 0.886996 -0.461776 0.000000 0.526727 -0.850035 0.000000 
-0.984495 -0.175411 -0.000000 -0.651466 0.758678 0.000000 0.559354 0.828929 0.000000 -0.045115 0.998982 0.000000 -0.712870 -0.701296 -0.000000 0.300220 -0.953870 0.000000 0.886985 -0.461799 0.000000 0.526846 -0.849961 0.000000 
-0.984484 -0.175472 -0.000000 -0.651530 0.758623 0.000000 0.559314 0.828956 0.000000 -0.045146 0.998980 0.000000 -0.712732 -0.701436 -0.000000 0.300463 -0.953794 0.000000 0.886972 -0.461823 0.000000 0.526904 -0.849925 0.000000 
-0.984474 -0.175530 -0.000000 -0.651600 0.758562 0.000000 0.559282 0.828977 0.000000 -0.045219 0.998977 0.000000 -0.712606 -0.701565 -0.000000 0.300622 -0.953743 0.000000 0.886976 -0.461815 0.000000 0.526970 -0.849884 0.000000 
-0.984452 -0.175655 -0.000000 -0.651671 0.758502 0.000000 0.559220 0.829019 0.000000 -0.045318 0.998973 0.000000 -0.712443 -0.701730 -0.000000 0.300970 -0.953634 0.000000 0.886973 -0.461821 0.000000 0.527085 -0.849812 0.000000 
-0.984398 -0.175955 -0.000000 -0.651887 0.758316 0.000000 0.559063 0.829125 0.000000 -0.045596 0.998960 0.000000 -0.712099 -0.702079 -0.000000 0.301687 -0.953407 0.000000 0.887011 -0.461747 0.000000 0.527358 -0.849643 0.000000 
-0.984359 -0.176176 -0.000000 -0.652128 0.758108 0.000000 0.558925 0.829218 0.000000 -0.045873 0.998947 0.000000 -0.711821 -0.702361 -0.000000 0.302419 -0.953175 0.000000 0.887025 -0.461722 0.000000 0.527602 -0.849492 0.000000 
-0.984333 -0.176319 -0.000000 -0.652168 0.758074 0.000000 0.558770 0.829322 0.000000 -0.045971 0.998943 0.000000 -0.711617 -0.702567 -0.000000 0.303186 -0.952931 0.000000 0.887044 -0.461686 0.000000 0.527814 -0.849360 0.000000 
-0.984314 -0.176424 -0.000000 -0.652259 0.757996 0.000000 0.558688 0.829378 0.000000 -0.046082 0.998938 0.000000 -0.711470 -0.702717 -0.000000 0.303596 -0.952801 0.000000 0.887046 -0.461682 0.000000 0.527942 -0.849281 0.000000 
-0.984272 -0.176662 -0.000000 -0.652454 0.757828 0.000000 0.558580 0.829451 0.000000 -0.046302 0.998928 0.000000 -0.711196 -0.702994 -0.000000 0.304131 -0.952630 0.000000 0.887074 -0.461626 0.000000 0.528131 -0.849163 0.000000 
-0.984229 -0.176901 -0.000000 -0.652683 0.757631 0.000000 0.558054 0.829804 0.000000 -0.046632 0.998912 0.000000 -0.710888 -0.703306 -0.000000 0.305000 -0.952352 0.000000 0.887326 -0.461142 0.000000 0.528410 -0.848990 0.000000 
-0.984177 -0.177188 -0.000000 -0.652900 0.757444 0.000000 0.557829 0.829956 0.000000 -0.046913 0.998899 0.000000 -0.710545 -0.703652 -0.000000 0.305776 -0.952104 0.000000 0.887385 -0.461029 0.000000 0.528712 -0.848802 0.000000 
-0.984130 -0.177451 -0.000000 -0.653033 0.757330 0.000000 0.557616 0.830099 0.000000 -0.047118 0.998889 0.000000 -0.710253 -0.703946 -0.000000 0.306511 -0.951867 0.000000 0.887459 -0.460887 0.000000 0.528976 -0.848637 0.000000 
-0.984076 -0.177750 -0.000000 -0.653369 0.757040 0.000000 0.557354 0.830275 0.000000 -0.047475 0.998872 0.000000 -0.709920 -0.704282 -0.000000 0.307396 -0.951582 0.000000 0.887554 -0.460703 0.000000 0.529275 -0.848450 0.000000 
-0.984044 -0.177926 -0.000000 -0.653550 0.756883 0.000000 0.557174 0.830396 0.000000 -0.047673 0.998863 0.000000 -0.709702 -0.704502 -0.000000 0.308148 -0.951338 0.000000 0.887581 -0.460651 0.000000 0.529505 -0.848307 0.000000 
-0.984021 -0.178053 -0.000000 -0.653773 0.756691 0.000000 0.557028 0.830493 0.000000 -0.047936 0.998850 0.000000 -0.709572 -0.704633 -0.000000 0.308602 -0.951191 0.000000 0.887620 -0.460576 0.000000 0.529669 -0.848204 0.000000 
-0.984007 -0.178131 -0.000000 -0.653858 0.756617 0.000000 0.556953 0.830544 0.000000 -0.048056 0.998845 0.000000 -0.709474 -0.704731 -0.000000 0.309010 -0.951059 0.000000 0.887622 -0.460572 0.000000 0.529765 -0.848145 0.000000 
-0.984005 -0.178143 -0.000000 -0.653879 0.756600 0.000000 0.556936 0.830556 0.000000 -0.048092 0.998843 0.000000 -0.709454 -0.704752 -0.000000 0.309162 -0.951009 0.000000 0.887612 -0.460593 0.000000 0.529810 -0.848116 0.000000 
-0.983987 -0.178241 -0.000000 -0.654012 0.756484 0.000000 0.556889 0.830587 0.000000 -0.048272 0.998834 0.000000 -0.709342 -0.704864 -0.000000 0.309370 -0.950942 0.000000 0.887622 -0.460573 0.000000 0.529900 -0.848060 0.000000 
-0.983911 -0.178657 -0.000000 -0.654232 0.756294 0.000000 0.556599 0.830781 0.000000 -0.048694 0.998814 0.000000 -0.708958 -0.705251 -0.000000 0.310269 -0.950649 0.000000 0.887761 -0.460304 0.000000 0.530278 -0.847824 0.000000 
-0.983882 -0.178822 -0.000000 -0.654314 0.756223 0.000000 0.556409 0.830908 0.000000 -0.048852 0.998806 0.000000 -0.708733 -0.705477 -0.000000 0.311139 -0.950364 0.000000 0.887779 -0.460271 0.000000 0.530522 -0.847671 0.000000 
-0.983866 -0.178905 -0.000000 -0.654420 0.756131 0.000000 0.556321 0.830968 0.000000 -0.049028 0.998797 0.000000 -0.708599 -0.705612 -0.000000 0.311797 -0.950149 0.000000 0.887754 -0.460319 0.000000 0.530689 -0.847567 0.000000 
-0.983844 -0.179027 -0.000000 -0.654581 0.755992 0.000000 0.556082 0.831127 0.000000 -0.049289 0.998785 0.000000 -0.708422 -0.705789 -0.000000 0.312351 -0.949967 0.000000 0.887839 -0.460154 0.000000 0.530885 -0.847444 0.000000 
-0.983818 -0.179171 -0.000000 -0.654862 0.755749 0.000000 0.555937 0.831225 0.000000 -0.049652 0.998767 0.000000 -0.708205 -0.706007 -0.000000 0.313037 -0.949741 0.000000 0.887850 -0.460132 0.000000 0.531147 -0.847279 0.000000 
-0.983764 -0.179470 -0.000000 -0.655166 0.755485 0.000000 0.555732 0.831362 0.000000 -0.050110 0.998744 0.000000 -0.707852 -0.706360 -0.000000 0.314010 -0.949420 0.000000 0.887883 -0.460069 0.000000 0.531538 -0.847035 0.000000 
-0.983729 -0.179661 -0.000000 -0.655291 0.755377 0.000000 0.555522 0.831502 0.000000 -0.050389 0.998730 0.000000 -0.707601 -0.706612 -0.000000 0.315088 -0.949062 0.000000 0.887886 -0.460064 0.000000 0.531897 -0.846809 0.000000 
-0.983701 -0.179811 -0.000000 -0.655495 0.755199 0.000000 0.555379 0.831598 0.000000 -0.050730 0.998712 0.000000 -0.707389 -0.706825 -0.000000 0.315946 -0.948777 0.000000 0.887856 -0.460121 0.000000 0.532201 -0.846618 0.000000 
-0.983670 -0.179979 -0.000000 -0.655733 0.754993 0.000000 0.555238 0.831691 0.000000 -0.051102 0.998693 0.000000 -0.707170 -0.707043 -0.000000 0.316843 -0.948478 0.000000 0.887840 -0.460151 0.000000 0.532505 -0.846427 0.000000 
-0.983620 -0.180254 -0.000000 -0.655998 0.754762 0.000000 0.555020 0.831837 0.000000 -0.051604 0.998668 0.000000 -0.706876 -0.707337 -0.000000 0.317863 -0.948137 0.000000 0.887883 -0.460070 0.000000 0.532918 -0.846167 0.000000 
-0.983561 -0.180577 -0.000000 -0.656361 0.754447 0.000000 0.554785 0.831994 0.000000 -0.052134 0.998640 0.000000 -0.706500 -0.707713 -0.000000 0.319161 -0.947700 0.000000 0.887914 -0.460009 0.000000 0.533363 -0.845886 0.000000 
-0.983497 -0.180925 -0.000000 -0.656638 0.754206 0.000000 0.554459 0.832211 0.000000 -0.052687 0.998611 0.000000 -0.706117 -0.708095 -0.000000 0.320491 -0.947252 0.000000 0.887991 -0.459861 0.000000 0.533907 -0.845543 0.000000 
-0.983454 -0.181158 -0.000000 -0.656975 0.753912 0.000000 0.554235 0.832360 0.000000 -0.053169 0.998586 0.000000 -0.705826 -0.708385 -0.000000 0.321654 -0.946857 0.000000 0.887994 -0.459855 0.000000 0.534320 -0.845282 0.000000 
-0.983385 -0.181533 -0.000000 -0.657354 0.753582 0.000000 0.553979 0.832530 0.000000 -0.053761 0.998554 0.000000 -0.705441 -0.708769 -0.000000 0.322994 -0.946401 0.000000 0.888078 -0.459694 0.000000 0.534797 -0.844980 0.000000 
-0.983363 -0.181652 -0.000000 -0.657487 0.753466 0.000000 0.553873 0.832601 0.000000 -0.054007 0.998541 0.000000 -0.705271 -0.708938 -0.000000 0.323837 -0.946113 0.000000 0.888070 -0.459708 0.000000 0.535068 -0.844809 0.000000 
-0.983333 -0.181815 -0.000000 -0.657719 0.753264 0.000000 0.553851 0.832616 0.000000 -0.054324 0.998523 0.000000 -0.705089 -0.709119 -0.000000 0.324650 -0.945834 0.000000 0.888070 -0.459708 0.000000 0.535291 -0.844668 0.000000 
-0.983311 -0.181932 -0.000000 -0.657871 0.753131 0.000000 0.553462 0.832874 0.000000 -0.054679 0.998504 0.000000 -0.704926 -0.709281 -0.000000 0.325424 -0.945568 0.000000 0.888333 -0.459200 0.000000 0.535537 -0.844511 0.000000 
-0.983278 -0.182113 -0.000000 -0.658134 0.752901 0.000000 0.553414 0.832906 0.000000 -0.055057 0.998483 0.000000 -0.704734 -0.709471 -0.000000 0.326088 -0.945339 0.000000 0.888339 -0.459188 0.000000 0.535783 -0.844356 0.000000 
-0.983207 -0.182494 -0.000000 -0.658526 0.752558 0.000000 0.553211 0.833041 0.000000 -0.055690 0.998448 0.000000 -0.704445 -0.709759 -0.000000 0.327257 -0.944935 0.000000 0.888496 -0.458885 0.000000 0.536219 -0.844079 0.000000 
-0.983156 -0.182768 -0.000000 -0.658858 0.752268 0.000000 0.553087 0.833124 0.000000 -0.056204 0.998419 0.000000 -0.704199 -0.710003 -0.000000 0.328469 -0.944515 0.000000 0.888528 -0.458822 0.000000 0.536595 -0.843840 0.000000 
-0.983129 -0.182916 -0.000000 -0.659074 0.752078 0.000000 0.553020 0.833168 0.000000 -0.056581 0.998398 0.000000 -0.703993 -0.710207 -0.000000 0.329556 -0.944136 0.000000 0.888480 -0.458916 0.000000 0.536924 -0.843630 0.000000 
-0.983088 -0.183136 -0.000000 -0.659380 0.751810 0.000000 0.552961 0.833207 0.000000 -0.057026 0.998373 0.000000 -0.703803 -0.710395 -0.000000 0.330508 -0.943803 0.000000 0.888442 -0.458988 0.000000 0.537246 -0.843426 0.000000 
-0.983054 -0.183318 -0.000000 -0.659663 0.751562 0.000000 0.552863 0.833272 0.000000 -0.057521 0.998344 0.000000 -0.703605 -0.710591 -0.000000 0.331519 -0.943449 0.000000 0.888452 -0.458970 0.000000 0.537609 -0.843194 0.000000 
-0.983020 -0.183499 -0.000000 -0.659927 0.751330 0.000000 0.552761 0.833340 0.000000 -0.058007 0.998316 0.000000 -0.703404 -0.710790 -0.000000 0.332535 -0.943091 0.000000 0.888454 -0.458966 0.000000 0.537990 -0.842951 0.000000 
-0.982983 -0.183699 -0.000000 -0.660175 0.751112 0.000000 0.552653 0.833411 0.000000 -0.058522 0.998286 0.000000 -0.703184 -0.711008 -0.000000 0.333469 -0.942761 0.000000 0.888469 -0.458936 0.000000 0.538380 -0.842702 0.000000 
-0.982941 -0.183922 -0.000000 -0.660496 0.750829 0.000000 0.552474 0.833530 0.000000 -0.059145 0.998249 0.000000 -0.702947 -0.711243 -0.000000 0.334530 -0.942385 0.000000 0.888562 -0.458756 0.000000 0.538828 -0.842416 0.000000 
-0.982879 -0.184253 -0.000000 -0.660883 0.750489 0.000000 0.552276 0.833662 0.000000 -0.059869 0.998206 0.000000 -0.702649 -0.711536 -0.000000 0.335741 -0.941954 0.000000 0.888659 -0.458568 0.000000 0.539330 -0.842095 0.000000 
-0.982844 -0.184440 -0.000000 -0.661120 0.750280 0.000000 0.552138 0.833753 0.000000 -0.060388 0.998175 0.000000 -0.702437 -0.711746 -0.000000 0.336801 -0.941576 0.000000 0.888667 -0.458554 0.000000 0.539748 -0.841827 0.000000 
-0.982796 -0.184693 -0.000000 -0.661451 0.749988 0.000000 0.552031 0.833823 0.000000 -0.060933 0.998142 0.000000 -0.702179 -0.712001 -0.000000 0.337884 -0.941188 0.000000 0.888659 -0.458568 0.000000 0.540149 -0.841569 0.000000 
-0.982746 -0.184962 -0.000000 -0.661783 0.749695 0.000000 0.551868 0.833931 0.000000 -0.061498 0.998107 0.000000 -0.701927 -0.712249 -0.000000 0.339128 -0.940740 0.000000 0.888698 -0.458493 0.000000 0.540590 -0.841286 0.000000 
-0.982709 -0.185158 -0.000000 -0.662032 0.749476 0.000000 0.551722 0.834028 0.000000 -0.061995 0.998076 0.000000 -0.701716 -0.712456 -0.000000 0.340221 -0.940346 0.000000 0.888699 -0.458490 0.000000 0.540996 -0.841025 0.000000 
-0.982664 -0.185394 -0.000000 -0.662357 0.749188 0.000000 0.551571 0.834128 0.000000 -0.062551 0.998042 0.000000 -0.701480 -0.712689 -0.000000 0.341327 -0.939945 0.000000 0.888726 -0.458439 0.000000 0.541418 -0.840754 0.000000 
-0.982621 -0.185626 -0.000000 -0.662641 0.748937 0.000000 0.551447 0.834210 0.000000 -0.063084 0.998008 0.000000 -0.701243 -0.712923 -0.000000 0.342390 -0.939558 0.000000 0.888727 -0.458438 0.000000 0.541830 -0.840488 0.000000 
-0.982551 -0.185991 -0.000000 -0.663117 0.748516 0.000000 0.551226 0.834356 0.000000 -0.063846 0.997960 0.000000 -0.700958 -0.713202 -0.000000 0.343856 -0.939022 0.000000 0.888807 -0.458281 0.000000 0.542363 -0.840144 0.000000 
-0.982519 -0.186163 -0.000000 -0.663376 0.748286 0.000000 0.551010 0.834499 0.000000 -0.064448 0.997921 0.000000 -0.700739 -0.713418 -0.000000 0.345022 -0.938595 0.000000 0.888817 -0.458263 0.000000 0.542854 -0.839827 0.000000 
-0.982442 -0.186566 -0.000000 -0.663924 0.747800 0.000000 0.550805 0.834634 0.000000 -0.065254 0.997869 0.000000 -0.700432 -0.713719 -0.000000 0.346293 -0.938126 0.000000 0.888873 -0.458154 0.000000 0.543377 -0.839489 0.000000 
-0.982392 -0.186834 -0.000000 -0.664307 0.747460 0.000000 0.550528 0.834817 0.000000 -0.065947 0.997823 0.000000 -0.700170 -0.713976 -0.000000 0.347670 -0.937617 0.000000 0.888940 -0.458023 0.000000 0.543907 -0.839145 0.000000 
-0.982355 -0.187024 -0.000000 -0.664565 0.747230 0.000000 0.549869 0.835251 0.000000 -0.066717 0.997772 0.000000 -0.699931 -0.714211 -0.000000 0.349113 -0.937081 0.000000 0.889288 -0.457347 0.000000 0.544482 -0.838773 0.000000 
-0.982300 -0.187314 -0.000000 -0.664897 0.746935 0.000000 0.549696 0.835365 0.000000 -0.067321 0.997731 0.000000 -0.699682 -0.714454 -0.000000 0.350099 -0.936713 0.000000 0.889320 -0.457285 0.000000 0.544875 -0.838517 0.000000 
-0.982268 -0.187480 -0.000000 -0.665124 0.746733 0.000000 0.549599 0.835429 0.000000 -0.067673 0.997708 0.000000 -0.699515 -0.714618 -0.000000 0.351082 -0.936345 0.000000 0.889308 -0.457309 0.000000 0.545170 -0.838325 0.000000 
-0.982213 -0.187770 -0.000000 -0.665521 0.746379 0.000000 0.549523 0.835478 0.000000 -0.068172 0.997674 0.000000 -0.699298 -0.714830 -0.000000 0.352053 -0.935980 0.000000 0.889326 -0.457275 0.000000 0.545481 -0.838123 0.000000 
-0.982166 -0.188013 -0.000000 -0.665741 0.746183 0.000000 0.549375 0.835576 0.000000 -0.068633 0.997642 0.000000 -0.699107 -0.715017 -0.000000 0.353058 -0.935602 0.000000 0.889357 -0.457213 0.000000 0.545846 -0.837885 0.000000 
-0.982127 -0.188222 -0.000000 -0.666063 0.745895 0.000000 0.549243 0.835663 0.000000 -0.069165 0.997605 0.000000 -0.698899 -0.715221 -0.000000 0.354218 -0.935163 0.000000 0.889365 -0.457198 0.000000 0.546226 -0.837638 0.000000 
-0.982095 -0.188385 -0.000000 -0.666282 0.745700 0.000000 0.549144 0.835728 0.000000 -0.069600 0.997575 0.000000 -0.698702 -0.715413 -0.000000 0.355251 -0.934771 0.000000 0.889324 -0.457277 0.000000 0.546585 -0.837404 0.000000 
-0.982044 -0.188651 -0.000000 -0.666586 0.745428 0.000000 0.548992 0.835828 0.000000 -0.070172 0.997535 0.000000 -0.698458 -0.715651 -0.000000 0.356338 -0.934357 0.000000 0.889335 -0.457256 0.000000 0.547005 -0.837130 0.000000 
-0.982005 -0.188854 -0.000000 -0.666877 0.745168 0.000000 0.548802 0.835952 0.000000 -0.070732 0.997495 0.000000 -0.698251 -0.715853 -0.000000 0.357445 -0.933934 0.000000 0.889349 -0.457228 0.000000 0.547447 -0.836840 0.000000 
-0.981942 -0.189182 -0.000000 -0.667271 0.744815 0.000000 0.548499 0.836151 0.000000 -0.071473 0.997443 0.000000 -0.697980 -0.716117 -0.000000 0.358792 -0.933418 0.000000 0.889446 -0.457041 0.000000 0.547983 -0.836489 0.000000 
-0.981891 -0.189446 -0.000000 -0.667615 0.744506 0.000000 0.548216 0.836337 0.000000 -0.072194 0.997391 0.000000 -0.697696 -0.716394 -0.000000 0.360098 -0.932914 0.000000 0.889564 -0.456811 0.000000 0.548502 -0.836149 0.000000 
-0.981861 -0.189602 -0.000000 -0.667864 0.744283 0.000000 0.547888 0.836552 0.000000 -0.072836 0.997344 0.000000 -0.697498 -0.716587 -0.000000 0.361274 -0.932460 0.000000 0.889593 -0.456755 0.000000 0.549046 -0.835792 0.000000 
-0.981825 -0.189790 -0.000000 -0.668119 0.744054 0.000000 0.547717 0.836664 0.000000 -0.073351 0.997306 0.000000 -0.697285 -0.716794 -0.000000 0.362401 -0.932022 0.000000 0.889555 -0.456827 0.000000 0.549479 -0.835507 0.000000 
-0.981778 -0.190033 -0.000000 -0.668445 0.743762 0.000000 0.547556 0.836769 0.000000 -0.073914 0.997265 0.000000 -0.697051 -0.717022 -0.000000 0.363548 -0.931575 0.000000 0.889545 -0.456847 0.000000 0.549914 -0.835221 0.000000 
-0.981738 -0.190238 -0.000000 -0.668756 0.743482 0.000000 0.547372 0.836890 0.000000 -0.074484 0.997222 0.000000 -0.696836 -0.717231 -0.000000 0.364715 -0.931119 0.000000 0.889544 -0.456849 0.000000 0.550370 -0.834921 0.000000 
-0.981685 -0.190513 -0.000000 -0.669138 0.743139 0.000000 0.547107 0.837063 0.000000 -0.075178 0.997170 0.000000 -0.696609 -0.717451 -0.000000 0.365986 -0.930620 0.000000 0.889629 -0.456685 0.000000 0.550858 -0.834599 0.000000 
-0.981645 -0.190715 -0.000000 -0.669428 0.742877 0.000000 0.546804 0.837261 0.000000 -0.075812 0.997122 0.000000 -0.696421 -0.717634 -0.000000 0.367137 -0.930167 0.000000 0.889670 -0.456603 0.000000 0.551365 -0.834264 0.000000 
-0.981617 -0.190862 -0.000000 -0.669627 0.742698 0.000000 0.546666 0.837351 0.000000 -0.076262 0.997088 0.000000 -0.696239 -0.717810 -0.000000 0.368249 -0.929727 0.000000 0.889616 -0.456709 0.000000 0.551763 -0.834001 0.000000 
-0.981555 -0.191181 -0.000000 -0.670061 0.742306 0.000000 0.546466 0.837481 0.000000 -0.076901 0.997039 0.000000 -0.696067 -0.717977 -0.000000 0.369491 -0.929234 0.000000 0.889632 -0.456678 0.000000 0.552192 -0.833717 0.000000 
-0.981490 -0.191512 -0.000000 -0.670541 0.741872 0.000000 0.546119 0.837707 0.000000 -0.077651 0.996981 0.000000 -0.695888 -0.718150 -0.000000 0.370757 -0.928730 0.000000 0.889736 -0.456476 0.000000 0.552712 -0.833372 0.000000 
-0.981459 -0.191671 -0.000000 -0.670773 0.741663 0.000000 0.545670 0.838000 0.000000 -0.078304 0.996930 0.000000 -0.695699 -0.718333 -0.000000 0.371998 -0.928233 0.000000 0.889907 -0.456142 0.000000 0.553235 -0.833025 0.000000 
-0.981413 -0.191908 -0.000000 -0.671068 0.741395 0.000000 0.545463 0.838135 0.000000 -0.078873 0.996885 0.000000 -0.695493 -0.718533 -0.000000 0.373120 -0.927783 0.000000 0.889894 -0.456167 0.000000 0.553670 -0.832736 0.000000 
-0.981394 -0.192005 -0.000000 -0.671218 0.741260 0.000000 0.545298 0.838242 0.000000 -0.079261 0.996854 0.000000 -0.695342 -0.718679 -0.000000 0.374123 -0.927379 0.000000 0.889856 -0.456241 0.000000 0.554033 -0.832495 0.000000 
-0.981358 -0.192190 -0.000000 -0.671496 0.741008 0.000000 0.545174 0.838323 0.000000 -0.079699 0.996819 0.000000 -0.695194 -0.718822 -0.000000 0.375009 -0.927021 0.000000 0.889839 -0.456276 0.000000 0.554362 -0.832275 0.000000 
-0.981327 -0.192346 -0.000000 -0.671743 0.740784 0.000000 0.545029 0.838417 0.000000 -0.080140 0.996784 0.000000 -0.695051 -0.718960 -0.000000 0.375924 -0.926651 0.000000 0.889821 -0.456310 0.000000 0.554703 -0.832048 0.000000 
-0.981301 -0.192482 -0.000000 -0.671977 0.740572 0.000000 0.544900 0.838501 0.000000 -0.080528 0.996752 0.000000 -0.694916 -0.719091 -0.000000 0.376739 -0.926320 0.000000 0.889789 -0.456371 0.000000 0.555011 -0.831843 0.000000 
-0.981278 -0.192597 -0.000000 -0.672134 0.740430 0.000000 0.544768 0.838587 0.000000 -0.080886 0.996723 0.000000 -0.694794 -0.719209 -0.000000 0.377501 -0.926009 0.000000 0.889774 -0.456401 0.000000 0.555308 -0.831645 0.000000 
-0.981217 -0.192908 -0.000000 -0.672522 0.740078 0.000000 0.544595 0.838699 0.000000 -0.081446 0.996678 0.000000 -0.694631 -0.719367 -0.000000 0.378330 -0.925671 0.000000 0.889830 -0.456293 0.000000 0.555664 -0.831407 0.000000 
-0.981159 -0.193200 -0.000000 -0.672868 0.739763 0.000000 0.544343 0.838863 0.000000 -0.082098 0.996624 0.000000 -0.694434 -0.719556 -0.000000 0.379414 -0.925227 0.000000 0.889892 -0.456171 0.000000 0.556129 -0.831096 0.000000 
