0.037359 0.999302 0.000000 -0.051427 -0.998677 -0.000000 0.997150 -0.075439 0.000000 0.787348 0.616509 0.000000 -0.999366 0.035599 0.000000 -0.789878 -0.613263 -0.000000 
0.037360 0.999302 0.000000 -0.051427 -0.998677 -0.000000 0.997150 -0.075440 0.000000 0.787349 0.616507 0.000000 -0.999366 0.035600 0.000000 -0.789880 -0.613262 -0.000000 
0.037447 0.999299 0.000000 -0.051438 -0.998676 -0.000000 0.997150 -0.075451 0.000000 0.787239 0.616648 0.000000 -0.999363 0.035689 0.000000 -0.789772 -0.613400 -0.000000 
0.037448 0.999299 0.000000 -0.051439 -0.998676 -0.000000 0.997149 -0.075453 0.000000 0.787239 0.616647 0.000000 -0.999363 0.035689 0.000000 -0.789772 -0.613400 -0.000000 
0.037527 0.999296 0.000000 -0.051447 -0.998676 -0.000000 0.997149 -0.075460 0.000000 0.787283 0.616592 0.000000 -0.999360 0.035767 0.000000 -0.789821 -0.613338 -0.000000 
0.037529 0.999296 0.000000 -0.051448 -0.998676 -0.000000 0.997149 -0.075460 0.000000 0.787284 0.616591 0.000000 -0.999360 0.035768 0.000000 -0.789822 -0.613337 -0.000000 
0.037530 0.999296 0.000000 -0.051449 -0.998676 -0.000000 0.997149 -0.075461 0.000000 0.787284 0.616590 0.000000 -0.999360 0.035770 0.000000 -0.789822 -0.613336 -0.000000 
0.037531 0.999295 0.000000 -0.051449 -0.998676 -0.000000 0.997149 -0.075461 0.000000 0.787285 0.616589 0.000000 -0.999360 0.035771 0.000000 -0.789823 -0.613335 -0.000000 
0.037533 0.999295 0.000000 -0.051450 -0.998676 -0.000000 0.997149 -0.075463 0.000000 0.787286 0.616588 0.000000 -0.999360 0.035772 0.000000 -0.789824 -0.613334 -0.000000 
0.037534 0.999295 0.000000 -0.051450 -0.998676 -0.000000 0.997149 -0.075463 0.000000 0.787286 0.616588 0.000000 -0.999360 0.035775 0.000000 -0.789824 -0.613333 -0.000000 
0.037536 0.999295 0.000000 -0.051450 -0.998676 -0.000000 0.997149 -0.075463 0.000000 0.787287 0.616586 0.000000 -0.999360 0.035776 0.000000 -0.789825 -0.613332 -0.000000 
0.037775 0.999286 0.000000 -0.051451 -0.998676 -0.000000 0.997148 -0.075465 0.000000 0.787290 0.616583 0.000000 -0.999351 0.036014 0.000000 -0.789842 -0.613310 -0.000000 
0.038786 0.999248 0.000000 -0.051506 -0.998673 -0.000000 0.997144 -0.075519 0.000000 0.787251 0.616633 0.000000 -0.999314 0.037026 0.000000 -0.789860 -0.613287 -0.000000 
0.040550 0.999178 0.000000 -0.051544 -0.998671 -0.000000 0.997141 -0.075557 0.000000 0.787271 0.616608 0.000000 -0.999247 0.038791 0.000000 -0.789987 -0.613124 -0.000000 
0.043269 0.999063 0.000000 -0.051842 -0.998655 -0.000000 0.997119 -0.075854 0.000000 0.787290 0.616582 0.000000 -0.999138 0.041510 0.000000 -0.790155 -0.612907 -0.000000 
0.045041 0.998985 0.000000 -0.051846 -0.998655 -0.000000 0.997119 -0.075857 0.000000 0.787297 0.616574 0.000000 -0.999063 0.043282 0.000000 -0.790275 -0.612753 -0.000000 
0.046693 0.998909 0.000000 -0.052953 -0.998597 -0.000000 0.997034 -0.076961 0.000000 0.787529 0.616277 0.000000 -0.998990 0.044933 0.000000 -0.790531 -0.612422 -0.000000 
0.048000 0.998847 0.000000 -0.053032 -0.998593 -0.000000 0.997028 -0.077040 0.000000 0.787551 0.616249 0.000000 -0.998931 0.046236 0.000000 -0.790636 -0.612287 -0.000000 
0.049369 0.998781 0.000000 -0.053527 -0.998566 -0.000000 0.996990 -0.077535 0.000000 0.787564 0.616233 0.000000 -0.998867 0.047591 0.000000 -0.790712 -0.612189 -0.000000 
0.052330 0.998630 0.000000 -0.055464 -0.998461 -0.000000 0.996837 -0.079467 0.000000 0.787384 0.616463 0.000000 -0.998723 0.050522 0.000000 -0.790602 -0.612331 -0.000000 
0.057119 0.998367 0.000000 -0.059148 -0.998249 -0.000000 0.996538 -0.083140 0.000000 0.787322 0.616542 0.000000 -0.998472 0.055260 0.000000 -0.790621 -0.612306 -0.000000 
0.063104 0.998007 0.000000 -0.064419 -0.997923 -0.000000 0.996085 -0.088397 0.000000 0.787064 0.616872 0.000000 -0.998129 0.061148 0.000000 -0.790437 -0.612543 -0.000000 
0.069736 0.997565 0.000000 -0.070724 -0.997496 -0.000000 0.995508 -0.094682 0.000000 0.787033 0.616910 0.000000 -0.997710 0.067641 0.000000 -0.790468 -0.612504 -0.000000 
0.076903 0.997039 0.000000 -0.077596 -0.996985 -0.000000 0.994832 -0.101530 0.000000 0.787077 0.616855 0.000000 -0.997211 0.074633 0.000000 -0.790582 -0.612357 -0.000000 
-0.084568 -0.996418 -0.000000 0.084264 0.996443 0.000000 -0.996649 0.081798 0.000000 -0.790717 -0.612182 -0.000000 0.994098 -0.108484 0.000000 0.787123 0.616796 0.000000 
-0.091052 -0.995846 -0.000000 0.091256 0.995827 0.000000 -0.996065 0.088620 0.000000 -0.790837 -0.612026 -0.000000 0.993372 -0.114947 0.000000 0.787159 0.616750 0.000000 
-0.096377 -0.995345 -0.000000 0.097099 0.995275 0.000000 -0.995539 0.094348 0.000000 -0.790923 -0.611916 -0.000000 0.992743 -0.120254 0.000000 0.787183 0.616720 0.000000 
-0.099814 -0.995006 -0.000000 0.100811 0.994906 0.000000 -0.995185 0.098009 0.000000 -0.790947 -0.611885 -0.000000 0.992323 -0.123676 0.000000 0.787190 0.616711 0.000000 
-0.101144 -0.994872 -0.000000 0.102105 0.994774 0.000000 -0.995056 0.099320 0.000000 -0.790907 -0.611936 -0.000000 0.992157 -0.125000 0.000000 0.787183 0.616720 0.000000 
-0.100721 -0.994915 -0.000000 0.101470 0.994839 0.000000 -0.995110 0.098774 0.000000 -0.790821 -0.612047 -0.000000 0.992210 -0.124580 0.000000 0.787165 0.616743 0.000000 
-0.099378 -0.995050 -0.000000 0.099765 0.995011 0.000000 -0.995264 0.097209 0.000000 -0.790703 -0.612200 -0.000000 0.992376 -0.123247 0.000000 0.787142 0.616772 0.000000 
-0.096546 -0.995329 -0.000000 0.096498 0.995333 0.000000 -0.995563 0.094098 0.000000 -0.790578 -0.612362 -0.000000 0.992721 -0.120436 0.000000 0.787116 0.616806 0.000000 
0.091884 0.995770 0.000000 -0.092741 -0.995690 -0.000000 0.993173 -0.116651 0.000000 0.787441 0.616390 0.000000 -0.995973 0.089659 0.000000 -0.790770 -0.612113 -0.000000 
0.086236 0.996275 0.000000 -0.087809 -0.996137 -0.000000 0.993737 -0.111745 0.000000 0.787691 0.616071 0.000000 -0.996450 0.084182 0.000000 -0.790907 -0.611936 -0.000000 
0.082225 0.996614 0.000000 -0.086599 -0.996243 -0.000000 0.993871 -0.110543 0.000000 0.787674 0.616092 0.000000 -0.996771 0.080302 0.000000 -0.790599 -0.612334 -0.000000 
0.080966 0.996717 0.000000 -0.086484 -0.996253 -0.000000 0.993884 -0.110428 0.000000 0.787676 0.616089 0.000000 -0.996864 0.079136 0.000000 -0.790456 -0.612518 -0.000000 
0.078909 0.996882 0.000000 -0.086107 -0.996286 -0.000000 0.993926 -0.110053 0.000000 0.787673 0.616094 0.000000 -0.997021 0.077136 0.000000 -0.790288 -0.612736 -0.000000 
0.077154 0.997019 0.000000 -0.085645 -0.996326 -0.000000 0.993977 -0.109591 0.000000 0.787628 0.616151 0.000000 -0.997154 0.075398 0.000000 -0.790133 -0.612935 -0.000000 
0.077209 0.997015 0.000000 -0.085459 -0.996342 -0.000000 0.993997 -0.109406 0.000000 0.787458 0.616369 0.000000 -0.997150 0.075451 0.000000 -0.789983 -0.613128 -0.000000 
0.077207 0.997015 0.000000 -0.084832 -0.996395 -0.000000 0.994066 -0.108780 0.000000 0.787391 0.616454 0.000000 -0.997150 0.075450 0.000000 -0.789973 -0.613142 -0.000000 
0.077112 0.997022 0.000000 -0.083732 -0.996488 -0.000000 0.994185 -0.107681 0.000000 0.787366 0.616485 0.000000 -0.997156 0.075359 0.000000 -0.790038 -0.613057 -0.000000 
0.077007 0.997031 0.000000 -0.083295 -0.996525 -0.000000 0.994233 -0.107238 0.000000 0.787631 0.616148 0.000000 -0.997164 0.075257 0.000000 -0.790328 -0.612684 -0.000000 
0.077007 0.997031 0.000000 -0.083112 -0.996540 -0.000000 0.994255 -0.107036 0.000000 0.787664 0.616105 0.000000 -0.997164 0.075255 0.000000 -0.790364 -0.612637 -0.000000 
0.077006 0.997031 0.000000 -0.083785 -0.996484 -0.000000 0.994187 -0.107665 0.000000 0.787795 0.615938 0.000000 -0.997164 0.075253 0.000000 -0.790408 -0.612581 -0.000000 
0.076952 0.997035 0.000000 -0.084875 -0.996392 -0.000000 0.994076 -0.108688 0.000000 0.788298 0.615293 0.000000 -0.997169 0.075196 0.000000 -0.790776 -0.612106 -0.000000 
0.076946 0.997035 0.000000 -0.085949 -0.996300 -0.000000 0.993967 -0.109681 0.000000 0.788483 0.615056 0.000000 -0.997169 0.075189 0.000000 -0.790818 -0.612051 -0.000000 
0.076871 0.997041 0.000000 -0.086701 -0.996234 -0.000000 0.993894 -0.110341 0.000000 0.788639 0.614856 0.000000 -0.997175 0.075108 0.000000 -0.790849 -0.612011 -0.000000 
0.077046 0.997028 0.000000 -0.087317 -0.996181 -0.000000 0.993837 -0.110849 0.000000 0.788751 0.614712 0.000000 -0.997163 0.075274 0.000000 -0.790862 -0.611994 -0.000000 
0.077141 0.997020 0.000000 -0.088047 -0.996116 -0.000000 0.993767 -0.111476 0.000000 0.788750 0.614714 0.000000 -0.997157 0.075355 0.000000 -0.790743 -0.612149 -0.000000 
0.078043 0.996950 0.000000 -0.089032 -0.996029 -0.000000 0.993668 -0.112352 0.000000 0.788962 0.614442 0.000000 -0.997090 0.076235 0.000000 -0.790882 -0.611968 -0.000000 
0.078367 0.996925 0.000000 -0.089793 -0.995960 -0.000000 0.993593 -0.113014 0.000000 0.788985 0.614412 0.000000 -0.997066 0.076541 0.000000 -0.790810 -0.612062 -0.000000 
0.079152 0.996863 0.000000 -0.090447 -0.995901 -0.000000 0.993529 -0.113578 0.000000 0.789001 0.614392 0.000000 -0.997008 0.077302 0.000000 -0.790781 -0.612099 -0.000000 
0.079542 0.996831 0.000000 -0.090847 -0.995865 -0.000000 0.993492 -0.113901 0.000000 0.788956 0.614450 0.000000 -0.996979 0.077670 0.000000 -0.790688 -0.612219 -0.000000 
0.079704 0.996819 0.000000 -0.091017 -0.995849 -0.000000 0.993479 -0.114012 0.000000 0.789059 0.614317 0.000000 -0.996968 0.077812 0.000000 -0.790763 -0.612123 -0.000000 
0.080007 0.996794 0.000000 -0.091113 -0.995841 -0.000000 0.993473 -0.114067 0.000000 0.789216 0.614115 0.000000 -0.996946 0.078095 0.000000 -0.790922 -0.611917 -0.000000 
0.080103 0.996787 0.000000 -0.091016 -0.995849 -0.000000 0.993485 -0.113961 0.000000 0.789249 0.614073 0.000000 -0.996938 0.078190 0.000000 -0.790962 -0.611865 -0.000000 
0.080143 0.996783 0.000000 -0.090888 -0.995861 -0.000000 0.993498 -0.113847 0.000000 0.789414 0.613862 0.000000 -0.996935 0.078233 0.000000 -0.791146 -0.611628 -0.000000 
0.079963 0.996798 0.000000 -0.090689 -0.995879 -0.000000 0.993516 -0.113688 0.000000 0.789444 0.613822 0.000000 -0.996948 0.078069 0.000000 -0.791188 -0.611573 -0.000000 
0.079912 0.996802 0.000000 -0.090499 -0.995897 -0.000000 0.993532 -0.113552 0.000000 0.789473 0.613785 0.000000 -0.996950 0.078042 0.000000 -0.791245 -0.611500 -0.000000 
0.079941 0.996800 0.000000 -0.090359 -0.995909 -0.000000 0.993540 -0.113479 0.000000 0.789445 0.613821 0.000000 -0.996946 0.078097 0.000000 -0.791251 -0.611492 -0.000000 
0.079935 0.996800 0.000000 -0.090303 -0.995914 -0.000000 0.993539 -0.113491 0.000000 0.789415 0.613860 0.000000 -0.996945 0.078106 0.000000 -0.791248 -0.611495 -0.000000 
0.079930 0.996800 0.000000 -0.090331 -0.995912 -0.000000 0.993527 -0.113593 0.000000 0.789382 0.613902 0.000000 -0.996944 0.078114 0.000000 -0.791242 -0.611503 -0.000000 
0.079925 0.996801 0.000000 -0.090314 -0.995913 -0.000000 0.993520 -0.113661 0.000000 0.789337 0.613960 0.000000 -0.996944 0.078120 0.000000 -0.791233 -0.611515 -0.000000 
0.079920 0.996801 0.000000 -0.090169 -0.995926 -0.000000 0.993526 -0.113602 0.000000 0.789275 0.614040 0.000000 -0.996944 0.078125 0.000000 -0.791220 -0.611531 -0.000000 
0.079916 0.996802 0.000000 -0.089723 -0.995967 -0.000000 0.993567 -0.113243 0.000000 0.789184 0.614157 0.000000 -0.996943 0.078129 0.000000 -0.791207 -0.611549 -0.000000 
0.079909 0.996802 0.000000 -0.088921 -0.996039 -0.000000 0.993649 -0.112526 0.000000 0.789058 0.614319 0.000000 -0.996943 0.078129 0.000000 -0.791191 -0.611570 -0.000000 
0.079903 0.996803 0.000000 -0.087935 -0.996126 -0.000000 0.993751 -0.111622 0.000000 0.788914 0.614504 0.000000 -0.996943 0.078128 0.000000 -0.791172 -0.611593 -0.000000 
0.079895 0.996803 0.000000 -0.087026 -0.996206 -0.000000 0.993844 -0.110787 0.000000 0.788780 0.614676 0.000000 -0.996944 0.078125 0.000000 -0.791154 -0.611617 -0.000000 
0.079887 0.996804 0.000000 -0.086382 -0.996262 -0.000000 0.993908 -0.110209 0.000000 0.788674 0.614812 0.000000 -0.996944 0.078123 0.000000 -0.791137 -0.611639 -0.000000 
0.079879 0.996805 0.000000 -0.086128 -0.996284 -0.000000 0.993930 -0.110011 0.000000 0.788603 0.614903 0.000000 -0.996944 0.078119 0.000000 -0.791117 -0.611664 -0.000000 
0.079875 0.996805 0.000000 -0.086067 -0.996289 -0.000000 0.993932 -0.109994 0.000000 0.788553 0.614967 0.000000 -0.996944 0.078117 0.000000 -0.791099 -0.611688 -0.000000 
0.079776 0.996813 0.000000 -0.086075 -0.996289 -0.000000 0.993930 -0.110016 0.000000 0.788631 0.614867 0.000000 -0.996952 0.078021 0.000000 -0.791189 -0.611571 -0.000000 
0.079794 0.996811 0.000000 -0.086028 -0.996293 -0.000000 0.993935 -0.109971 0.000000 0.788741 0.614725 0.000000 -0.996950 0.078039 0.000000 -0.791324 -0.611397 -0.000000 
0.079834 0.996808 0.000000 -0.086024 -0.996293 -0.000000 0.993935 -0.109969 0.000000 0.788651 0.614841 0.000000 -0.996947 0.078081 0.000000 -0.791251 -0.611491 -0.000000 
0.079747 0.996815 0.000000 -0.085957 -0.996299 -0.000000 0.993942 -0.109903 0.000000 0.788720 0.614752 0.000000 -0.996953 0.077999 0.000000 -0.791331 -0.611388 -0.000000 
0.079680 0.996821 0.000000 -0.085796 -0.996313 -0.000000 0.993960 -0.109742 0.000000 0.788637 0.614859 0.000000 -0.996959 0.077930 0.000000 -0.791261 -0.611478 -0.000000 
0.079609 0.996826 0.000000 -0.085687 -0.996322 -0.000000 0.993972 -0.109633 0.000000 0.788662 0.614827 0.000000 -0.996964 0.077858 0.000000 -0.791297 -0.611432 -0.000000 
0.079392 0.996843 0.000000 -0.085665 -0.996324 -0.000000 0.993974 -0.109612 0.000000 0.788789 0.614664 0.000000 -0.996982 0.077639 0.000000 -0.791414 -0.611281 -0.000000 
0.079387 0.996844 0.000000 -0.085659 -0.996324 -0.000000 0.993975 -0.109606 0.000000 0.788772 0.614686 0.000000 -0.996982 0.077633 0.000000 -0.791399 -0.611300 -0.000000 
0.079252 0.996855 0.000000 -0.085668 -0.996324 -0.000000 0.993974 -0.109615 0.000000 0.788721 0.614751 0.000000 -0.996992 0.077505 0.000000 -0.791335 -0.611382 -0.000000 
0.078975 0.996877 0.000000 -0.085507 -0.996338 -0.000000 0.993992 -0.109453 0.000000 0.788644 0.614850 0.000000 -0.997012 0.077245 0.000000 -0.791251 -0.611492 -0.000000 
0.078974 0.996877 0.000000 -0.085506 -0.996338 -0.000000 0.993992 -0.109451 0.000000 0.788642 0.614852 0.000000 -0.997012 0.077240 0.000000 -0.791248 -0.611495 -0.000000 
0.078970 0.996877 0.000000 -0.085504 -0.996338 -0.000000 0.993992 -0.109449 0.000000 0.788640 0.614855 0.000000 -0.997013 0.077233 0.000000 -0.791246 -0.611498 -0.000000 
0.078866 0.996885 0.000000 -0.085531 -0.996335 -0.000000 0.993989 -0.109476 0.000000 0.788683 0.614800 0.000000 -0.997021 0.077131 0.000000 -0.791277 -0.611458 -0.000000 
0.078911 0.996882 0.000000 -0.085530 -0.996336 -0.000000 0.993989 -0.109476 0.000000 0.788656 0.614834 0.000000 -0.997017 0.077178 0.000000 -0.791254 -0.611487 -0.000000 
0.078842 0.996887 0.000000 -0.085451 -0.996342 -0.000000 0.993998 -0.109395 0.000000 0.788658 0.614833 0.000000 -0.997023 0.077105 0.000000 -0.791257 -0.611484 -0.000000 
0.078839 0.996887 0.000000 -0.085449 -0.996343 -0.000000 0.993998 -0.109395 0.000000 0.788658 0.614832 0.000000 -0.997023 0.077099 0.000000 -0.791257 -0.611484 -0.000000 
0.078767 0.996893 0.000000 -0.085444 -0.996343 -0.000000 0.993999 -0.109390 0.000000 0.788739 0.614728 0.000000 -0.997029 0.077025 0.000000 -0.791333 -0.611386 -0.000000 
0.078764 0.996893 0.000000 -0.085456 -0.996342 -0.000000 0.993998 -0.109402 0.000000 0.788744 0.614722 0.000000 -0.997030 0.077020 0.000000 -0.791336 -0.611382 -0.000000 
0.078693 0.996899 0.000000 -0.085440 -0.996343 -0.000000 0.993999 -0.109387 0.000000 0.788817 0.614628 0.000000 -0.997035 0.076946 0.000000 -0.791405 -0.611292 -0.000000 
0.078770 0.996893 0.000000 -0.085449 -0.996343 -0.000000 0.993999 -0.109394 0.000000 0.788760 0.614701 0.000000 -0.997029 0.077032 0.000000 -0.791353 -0.611360 -0.000000 
0.078700 0.996898 0.000000 -0.085455 -0.996342 -0.000000 0.993998 -0.109401 0.000000 0.788813 0.614634 0.000000 -0.997034 0.076959 0.000000 -0.791398 -0.611301 -0.000000 
0.078696 0.996899 0.000000 -0.085462 -0.996341 -0.000000 0.993997 -0.109409 0.000000 0.788819 0.614625 0.000000 -0.997035 0.076953 0.000000 -0.791402 -0.611296 -0.000000 
0.078603 0.996906 0.000000 -0.085455 -0.996342 -0.000000 0.993998 -0.109401 0.000000 0.788966 0.614436 0.000000 -0.997042 0.076858 0.000000 -0.791542 -0.611115 -0.000000 
0.078484 0.996915 0.000000 -0.085456 -0.996342 -0.000000 0.993997 -0.109404 0.000000 0.788965 0.614438 0.000000 -0.997051 0.076737 0.000000 -0.791530 -0.611130 -0.000000 
0.078406 0.996921 0.000000 -0.085461 -0.996342 -0.000000 0.993997 -0.109408 0.000000 0.789005 0.614386 0.000000 -0.997057 0.076659 0.000000 -0.791563 -0.611088 -0.000000 
0.078403 0.996922 0.000000 -0.085454 -0.996342 -0.000000 0.993998 -0.109401 0.000000 0.789011 0.614379 0.000000 -0.997058 0.076653 0.000000 -0.791566 -0.611083 -0.000000 
0.078403 0.996922 0.000000 -0.085386 -0.996348 -0.000000 0.994005 -0.109331 0.000000 0.789159 0.614189 0.000000 -0.997058 0.076653 0.000000 -0.791719 -0.610885 -0.000000 
0.078402 0.996922 0.000000 -0.085375 -0.996349 -0.000000 0.994007 -0.109320 0.000000 0.789166 0.614181 0.000000 -0.997058 0.076651 0.000000 -0.791724 -0.610879 -0.000000 
0.078399 0.996922 0.000000 -0.085363 -0.996350 -0.000000 0.994008 -0.109306 0.000000 0.789172 0.614173 0.000000 -0.997058 0.076648 0.000000 -0.791729 -0.610873 -0.000000 
0.078272 0.996932 0.000000 -0.085280 -0.996357 -0.000000 0.994018 -0.109219 0.000000 0.789252 0.614069 0.000000 -0.997068 0.076520 0.000000 -0.791804 -0.610775 -0.000000 
0.078270 0.996932 0.000000 -0.085238 -0.996361 -0.000000 0.994022 -0.109176 0.000000 0.789254 0.614067 0.000000 -0.997068 0.076516 0.000000 -0.791807 -0.610772 -0.000000 
0.078267 0.996932 0.000000 -0.085226 -0.996362 -0.000000 0.994024 -0.109163 0.000000 0.789259 0.614060 0.000000 -0.997068 0.076514 0.000000 -0.791810 -0.610767 -0.000000 
0.078174 0.996940 0.000000 -0.085207 -0.996363 -0.000000 0.994026 -0.109144 0.000000 0.789254 0.614066 0.000000 -0.997075 0.076424 0.000000 -0.791799 -0.610782 -0.000000 
0.078125 0.996944 0.000000 -0.085161 -0.996367 -0.000000 0.994031 -0.109099 0.000000 0.789355 0.613937 0.000000 -0.997079 0.076373 0.000000 -0.791899 -0.610652 -0.000000 
0.078058 0.996949 0.000000 -0.085151 -0.996368 -0.000000 0.994032 -0.109088 0.000000 0.789372 0.613915 0.000000 -0.997084 0.076306 0.000000 -0.791911 -0.610637 -0.000000 
0.078056 0.996949 0.000000 -0.085139 -0.996369 -0.000000 0.994033 -0.109076 0.000000 0.789378 0.613908 0.000000 -0.997085 0.076304 0.000000 -0.791917 -0.610629 -0.000000 
0.078054 0.996949 0.000000 -0.085133 -0.996370 -0.000000 0.994034 -0.109071 0.000000 0.789379 0.613906 0.000000 -0.997085 0.076301 0.000000 -0.791918 -0.610628 -0.000000 
0.077973 0.996955 0.000000 -0.085039 -0.996378 -0.000000 0.994044 -0.108975 0.000000 0.789370 0.613918 0.000000 -0.997091 0.076223 0.000000 -0.791910 -0.610638 -0.000000 
0.077971 0.996956 0.000000 -0.084874 -0.996392 -0.000000 0.994062 -0.108811 0.000000 0.789354 0.613938 0.000000 -0.997091 0.076220 0.000000 -0.791908 -0.610641 -0.000000 
0.077968 0.996956 0.000000 -0.084776 -0.996400 -0.000000 0.994073 -0.108713 0.000000 0.789346 0.613948 0.000000 -0.997091 0.076216 0.000000 -0.791907 -0.610642 -0.000000 
0.077965 0.996956 0.000000 -0.084735 -0.996404 -0.000000 0.994078 -0.108672 0.000000 0.789345 0.613950 0.000000 -0.997092 0.076214 0.000000 -0.791907 -0.610642 -0.000000 
0.077898 0.996961 0.000000 -0.084719 -0.996405 -0.000000 0.994079 -0.108656 0.000000 0.789410 0.613866 0.000000 -0.997097 0.076146 0.000000 -0.791969 -0.610562 -0.000000 
0.077921 0.996960 0.000000 -0.084662 -0.996410 -0.000000 0.994086 -0.108598 0.000000 0.789379 0.613906 0.000000 -0.997095 0.076169 0.000000 -0.791943 -0.610595 -0.000000 
0.077816 0.996968 0.000000 -0.084555 -0.996419 -0.000000 0.994098 -0.108490 0.000000 0.789515 0.613731 0.000000 -0.997103 0.076063 0.000000 -0.792082 -0.610415 -0.000000 
0.077717 0.996975 0.000000 -0.084464 -0.996427 -0.000000 0.994107 -0.108401 0.000000 0.789757 0.613420 0.000000 -0.997111 0.075964 0.000000 -0.792327 -0.610096 -0.000000 
0.077714 0.996976 0.000000 -0.084455 -0.996427 -0.000000 0.994108 -0.108393 0.000000 0.789759 0.613418 0.000000 -0.997111 0.075961 0.000000 -0.792329 -0.610094 -0.000000 
0.077789 0.996970 0.000000 -0.084414 -0.996431 -0.000000 0.994113 -0.108349 0.000000 0.789709 0.613482 0.000000 -0.997104 0.076050 0.000000 -0.792287 -0.610149 -0.000000 
0.077787 0.996970 0.000000 -0.084406 -0.996431 -0.000000 0.994114 -0.108342 0.000000 0.789708 0.613482 0.000000 -0.997104 0.076045 0.000000 -0.792287 -0.610149 -0.000000 
0.077707 0.996976 0.000000 -0.084397 -0.996432 -0.000000 0.994115 -0.108333 0.000000 0.789729 0.613456 0.000000 -0.997111 0.075963 0.000000 -0.792302 -0.610129 -0.000000 
0.077701 0.996977 0.000000 -0.084322 -0.996439 -0.000000 0.994123 -0.108258 0.000000 0.789879 0.613263 0.000000 -0.997111 0.075954 0.000000 -0.792458 -0.609926 -0.000000 
0.077699 0.996977 0.000000 -0.084263 -0.996444 -0.000000 0.994129 -0.108199 0.000000 0.789876 0.613266 0.000000 -0.997112 0.075951 0.000000 -0.792460 -0.609924 -0.000000 
0.077696 0.996977 0.000000 -0.084251 -0.996445 -0.000000 0.994131 -0.108187 0.000000 0.789878 0.613264 0.000000 -0.997112 0.075947 0.000000 -0.792461 -0.609922 -0.000000 
0.077694 0.996977 0.000000 -0.084245 -0.996445 -0.000000 0.994131 -0.108180 0.000000 0.789881 0.613261 0.000000 -0.997112 0.075944 0.000000 -0.792463 -0.609920 -0.000000 
0.077692 0.996977 0.000000 -0.084238 -0.996446 -0.000000 0.994132 -0.108173 0.000000 0.789883 0.613258 0.000000 -0.997112 0.075941 0.000000 -0.792465 -0.609918 -0.000000 
0.077639 0.996982 0.000000 -0.084224 -0.996447 -0.000000 0.994134 -0.108159 0.000000 0.789923 0.613207 0.000000 -0.997115 0.075900 0.000000 -0.792502 -0.609870 -0.000000 
0.077413 0.996999 0.000000 -0.084197 -0.996449 -0.000000 0.994136 -0.108133 0.000000 0.789912 0.613220 0.000000 -0.997133 0.075671 0.000000 -0.792476 -0.609903 -0.000000 
0.077344 0.997004 0.000000 -0.084182 -0.996450 -0.000000 0.994138 -0.108119 0.000000 0.789929 0.613198 0.000000 -0.997138 0.075600 0.000000 -0.792489 -0.609886 -0.000000 
0.077271 0.997010 0.000000 -0.084165 -0.996452 -0.000000 0.994140 -0.108100 0.000000 0.789941 0.613183 0.000000 -0.997144 0.075525 0.000000 -0.792495 -0.609878 -0.000000 
0.077229 0.997013 0.000000 -0.084126 -0.996455 -0.000000 0.994144 -0.108061 0.000000 0.789988 0.613123 0.000000 -0.997147 0.075485 0.000000 -0.792543 -0.609816 -0.000000 
0.077227 0.997014 0.000000 -0.084116 -0.996456 -0.000000 0.994145 -0.108053 0.000000 0.789988 0.613123 0.000000 -0.997147 0.075481 0.000000 -0.792543 -0.609816 -0.000000 
0.077225 0.997014 0.000000 -0.084107 -0.996457 -0.000000 0.994146 -0.108042 0.000000 0.789989 0.613121 0.000000 -0.997147 0.075478 0.000000 -0.792543 -0.609816 -0.000000 
0.077185 0.997017 0.000000 -0.083982 -0.996467 -0.000000 0.994160 -0.107917 0.000000 0.790149 0.612915 0.000000 -0.997151 0.075436 0.000000 -0.792712 -0.609597 -0.000000 
0.076846 0.997043 0.000000 -0.083917 -0.996473 -0.000000 0.994167 -0.107854 0.000000 0.790283 0.612742 0.000000 -0.997176 0.075102 0.000000 -0.792827 -0.609447 -0.000000 
0.076844 0.997043 0.000000 -0.083914 -0.996473 -0.000000 0.994167 -0.107849 0.000000 0.790285 0.612740 0.000000 -0.997176 0.075097 0.000000 -0.792828 -0.609446 -0.000000 
0.076771 0.997049 0.000000 -0.083894 -0.996475 -0.000000 0.994169 -0.107829 0.000000 0.790297 0.612724 0.000000 -0.997182 0.075024 0.000000 -0.792835 -0.609436 -0.000000 
0.076723 0.997052 0.000000 -0.083842 -0.996479 -0.000000 0.994175 -0.107777 0.000000 0.790425 0.612559 0.000000 -0.997186 0.074973 0.000000 -0.792965 -0.609267 -0.000000 
0.076636 0.997059 0.000000 -0.083793 -0.996483 -0.000000 0.994181 -0.107725 0.000000 0.790539 0.612412 0.000000 -0.997192 0.074883 0.000000 -0.793078 -0.609120 -0.000000 
0.076567 0.997064 0.000000 -0.083768 -0.996485 -0.000000 0.994183 -0.107700 0.000000 0.790557 0.612388 0.000000 -0.997198 0.074813 0.000000 -0.793093 -0.609100 -0.000000 
0.076451 0.997073 0.000000 -0.083476 -0.996510 -0.000000 0.994215 -0.107409 0.000000 0.790943 0.611890 0.000000 -0.997206 0.074704 0.000000 -0.793501 -0.608569 -0.000000 
0.076369 0.997080 0.000000 -0.083208 -0.996532 -0.000000 0.994244 -0.107144 0.000000 0.790939 0.611895 0.000000 -0.997212 0.074621 0.000000 -0.793514 -0.608553 -0.000000 
0.076214 0.997091 0.000000 -0.083154 -0.996537 -0.000000 0.994249 -0.107092 0.000000 0.790986 0.611834 0.000000 -0.997223 0.074471 0.000000 -0.793554 -0.608500 -0.000000 
0.076211 0.997092 0.000000 -0.083146 -0.996537 -0.000000 0.994250 -0.107083 0.000000 0.790988 0.611832 0.000000 -0.997224 0.074466 0.000000 -0.793556 -0.608498 -0.000000 
0.076127 0.997098 0.000000 -0.083140 -0.996538 -0.000000 0.994251 -0.107072 0.000000 0.791011 0.611802 0.000000 -0.997230 0.074381 0.000000 -0.793572 -0.608476 -0.000000 
0.075822 0.997121 0.000000 -0.083071 -0.996544 -0.000000 0.994259 -0.107003 0.000000 0.790997 0.611820 0.000000 -0.997253 0.074075 0.000000 -0.793540 -0.608518 -0.000000 
0.075821 0.997121 0.000000 -0.083047 -0.996546 -0.000000 0.994261 -0.106982 0.000000 0.790999 0.611818 0.000000 -0.997253 0.074070 0.000000 -0.793542 -0.608515 -0.000000 
0.075771 0.997125 0.000000 -0.083018 -0.996548 -0.000000 0.994264 -0.106950 0.000000 0.791044 0.611760 0.000000 -0.997257 0.074019 0.000000 -0.793586 -0.608459 -0.000000 
0.075631 0.997136 0.000000 -0.082997 -0.996550 -0.000000 0.994266 -0.106931 0.000000 0.791096 0.611692 0.000000 -0.997267 0.073880 0.000000 -0.793630 -0.608401 -0.000000 
0.075624 0.997136 0.000000 -0.082987 -0.996551 -0.000000 0.994268 -0.106921 0.000000 0.791179 0.611585 0.000000 -0.997267 0.073877 0.000000 -0.793713 -0.608293 -0.000000 
0.075523 0.997144 0.000000 -0.082875 -0.996560 -0.000000 0.994279 -0.106813 0.000000 0.791356 0.611356 0.000000 -0.997275 0.073772 0.000000 -0.793895 -0.608055 -0.000000 
0.075521 0.997144 0.000000 -0.082864 -0.996561 -0.000000 0.994280 -0.106800 0.000000 0.791358 0.611353 0.000000 -0.997275 0.073769 0.000000 -0.793897 -0.608052 -0.000000 
0.075508 0.997145 0.000000 -0.082813 -0.996565 -0.000000 0.994286 -0.106748 0.000000 0.791592 0.611050 0.000000 -0.997276 0.073757 0.000000 -0.794137 -0.607739 -0.000000 
0.075402 0.997153 0.000000 -0.082727 -0.996572 -0.000000 0.994295 -0.106666 0.000000 0.791710 0.610897 0.000000 -0.997284 0.073657 0.000000 -0.794257 -0.607582 -0.000000 
0.075323 0.997159 0.000000 -0.082718 -0.996573 -0.000000 0.994296 -0.106656 0.000000 0.791742 0.610856 0.000000 -0.997290 0.073577 0.000000 -0.794284 -0.607546 -0.000000 
0.075244 0.997165 0.000000 -0.082700 -0.996574 -0.000000 0.994298 -0.106636 0.000000 0.791773 0.610816 0.000000 -0.997295 0.073496 0.000000 -0.794311 -0.607512 -0.000000 
0.075166 0.997171 0.000000 -0.082690 -0.996575 -0.000000 0.994299 -0.106626 0.000000 0.791806 0.610773 0.000000 -0.997301 0.073417 0.000000 -0.794339 -0.607474 -0.000000 
0.074417 0.997227 0.000000 -0.082486 -0.996592 -0.000000 0.994321 -0.106422 0.000000 0.791897 0.610655 0.000000 -0.997356 0.072666 0.000000 -0.794393 -0.607404 -0.000000 
0.074347 0.997232 0.000000 -0.082351 -0.996603 -0.000000 0.994335 -0.106288 0.000000 0.791901 0.610649 0.000000 -0.997362 0.072593 0.000000 -0.794404 -0.607389 -0.000000 
0.074345 0.997233 0.000000 -0.082383 -0.996601 -0.000000 0.994332 -0.106319 0.000000 0.791910 0.610638 0.000000 -0.997362 0.072591 0.000000 -0.794409 -0.607383 -0.000000 
0.074343 0.997233 0.000000 -0.082368 -0.996602 -0.000000 0.994334 -0.106303 0.000000 0.791912 0.610636 0.000000 -0.997362 0.072589 0.000000 -0.794411 -0.607380 -0.000000 
0.074235 0.997241 0.000000 -0.082295 -0.996608 -0.000000 0.994341 -0.106234 0.000000 0.792218 0.610238 0.000000 -0.997370 0.072473 0.000000 -0.794723 -0.606973 -0.000000 
0.074232 0.997241 0.000000 -0.082287 -0.996609 -0.000000 0.994342 -0.106227 0.000000 0.792219 0.610237 0.000000 -0.997371 0.072471 0.000000 -0.794725 -0.606970 -0.000000 
0.074260 0.997239 0.000000 -0.082267 -0.996610 -0.000000 0.994344 -0.106206 0.000000 0.792233 0.610219 0.000000 -0.997367 0.072517 0.000000 -0.794742 -0.606947 -0.000000 
0.074196 0.997244 0.000000 -0.082231 -0.996613 -0.000000 0.994348 -0.106171 0.000000 0.792269 0.610172 0.000000 -0.997372 0.072451 0.000000 -0.794778 -0.606900 -0.000000 
0.074193 0.997244 0.000000 -0.082222 -0.996614 -0.000000 0.994349 -0.106162 0.000000 0.792269 0.610172 0.000000 -0.997372 0.072447 0.000000 -0.794779 -0.606899 -0.000000 
0.074116 0.997250 0.000000 -0.082214 -0.996615 -0.000000 0.994350 -0.106153 0.000000 0.792299 0.610133 0.000000 -0.997378 0.072368 0.000000 -0.794805 -0.606865 -0.000000 
0.074113 0.997250 0.000000 -0.082205 -0.996615 -0.000000 0.994351 -0.106145 0.000000 0.792298 0.610134 0.000000 -0.997378 0.072364 0.000000 -0.794806 -0.606864 -0.000000 
0.074023 0.997257 0.000000 -0.082149 -0.996620 -0.000000 0.994357 -0.106089 0.000000 0.792497 0.609876 0.000000 -0.997385 0.072270 0.000000 -0.795007 -0.606601 -0.000000 
0.073943 0.997262 0.000000 -0.082097 -0.996624 -0.000000 0.994362 -0.106037 0.000000 0.792508 0.609862 0.000000 -0.997391 0.072189 0.000000 -0.795017 -0.606587 -0.000000 
0.073941 0.997263 0.000000 -0.082064 -0.996627 -0.000000 0.994366 -0.106003 0.000000 0.792602 0.609740 0.000000 -0.997391 0.072185 0.000000 -0.795115 -0.606459 -0.000000 
0.073789 0.997274 0.000000 -0.081982 -0.996634 -0.000000 0.994375 -0.105921 0.000000 0.793000 0.609222 0.000000 -0.997402 0.072039 0.000000 -0.795518 -0.605930 -0.000000 
0.073736 0.997278 0.000000 -0.081902 -0.996640 -0.000000 0.994383 -0.105843 0.000000 0.793129 0.609054 0.000000 -0.997406 0.071979 0.000000 -0.795654 -0.605752 -0.000000 
0.073677 0.997282 0.000000 -0.081839 -0.996646 -0.000000 0.994390 -0.105780 0.000000 0.793185 0.608981 0.000000 -0.997411 0.071919 0.000000 -0.795712 -0.605675 -0.000000 
0.073596 0.997288 0.000000 -0.081811 -0.996648 -0.000000 0.994393 -0.105752 0.000000 0.793223 0.608932 0.000000 -0.997416 0.071839 0.000000 -0.795746 -0.605631 -0.000000 
0.073594 0.997288 0.000000 -0.081797 -0.996649 -0.000000 0.994394 -0.105740 0.000000 0.793225 0.608928 0.000000 -0.997416 0.071837 0.000000 -0.795749 -0.605626 -0.000000 
0.073589 0.997289 0.000000 -0.081787 -0.996650 -0.000000 0.994395 -0.105728 0.000000 0.793271 0.608869 0.000000 -0.997415 0.071852 0.000000 -0.795795 -0.605567 -0.000000 
0.073586 0.997289 0.000000 -0.081777 -0.996651 -0.000000 0.994396 -0.105719 0.000000 0.793272 0.608868 0.000000 -0.997416 0.071847 0.000000 -0.795796 -0.605565 -0.000000 
0.072891 0.997340 0.000000 -0.081752 -0.996653 -0.000000 0.994399 -0.105695 0.000000 0.793315 0.608811 0.000000 -0.997466 0.071146 0.000000 -0.795792 -0.605570 -0.000000 
0.072768 0.997349 0.000000 -0.081679 -0.996659 -0.000000 0.994406 -0.105621 0.000000 0.793570 0.608480 0.000000 -0.997475 0.071014 0.000000 -0.796050 -0.605231 -0.000000 
0.072575 0.997363 0.000000 -0.081628 -0.996663 -0.000000 0.994412 -0.105571 0.000000 0.793998 0.607921 0.000000 -0.997489 0.070825 0.000000 -0.796478 -0.604668 -0.000000 
0.072543 0.997365 0.000000 -0.081614 -0.996664 -0.000000 0.994413 -0.105559 0.000000 0.794010 0.607905 0.000000 -0.997491 0.070793 0.000000 -0.796487 -0.604655 -0.000000 
0.072540 0.997365 0.000000 -0.081595 -0.996666 -0.000000 0.994415 -0.105538 0.000000 0.794013 0.607901 0.000000 -0.997491 0.070789 0.000000 -0.796491 -0.604650 -0.000000 
0.072538 0.997366 0.000000 -0.081577 -0.996667 -0.000000 0.994417 -0.105520 0.000000 0.794017 0.607896 0.000000 -0.997492 0.070786 0.000000 -0.796495 -0.604645 -0.000000 
0.072307 0.997382 0.000000 -0.081544 -0.996670 -0.000000 0.994420 -0.105489 0.000000 0.794066 0.607832 0.000000 -0.997508 0.070552 0.000000 -0.796530 -0.604599 -0.000000 
0.072093 0.997398 0.000000 -0.081475 -0.996675 -0.000000 0.994428 -0.105419 0.000000 0.794565 0.607179 0.000000 -0.997524 0.070323 0.000000 -0.797032 -0.603937 -0.000000 
0.071672 0.997428 0.000000 -0.081472 -0.996676 -0.000000 0.994428 -0.105417 0.000000 0.794553 0.607195 0.000000 -0.997554 0.069905 0.000000 -0.796989 -0.603994 -0.000000 
0.071669 0.997428 0.000000 -0.081472 -0.996676 -0.000000 0.994428 -0.105419 0.000000 0.794556 0.607191 0.000000 -0.997554 0.069903 0.000000 -0.796992 -0.603990 -0.000000 
0.071801 0.997419 0.000000 -0.081469 -0.996676 -0.000000 0.994428 -0.105416 0.000000 0.794558 0.607188 0.000000 -0.997543 0.070062 0.000000 -0.797001 -0.603978 -0.000000 
0.071489 0.997441 0.000000 -0.081440 -0.996678 -0.000000 0.994431 -0.105388 0.000000 0.794557 0.607190 0.000000 -0.997565 0.069748 0.000000 -0.796981 -0.604005 -0.000000 
0.071356 0.997451 0.000000 -0.081372 -0.996684 -0.000000 0.994438 -0.105320 0.000000 0.794670 0.607042 0.000000 -0.997575 0.069607 0.000000 -0.797094 -0.603855 -0.000000 
0.071125 0.997467 0.000000 -0.081347 -0.996686 -0.000000 0.994441 -0.105295 0.000000 0.794700 0.607003 0.000000 -0.997591 0.069373 0.000000 -0.797110 -0.603834 -0.000000 
0.071121 0.997468 0.000000 -0.081336 -0.996687 -0.000000 0.994442 -0.105285 0.000000 0.794703 0.606999 0.000000 -0.997591 0.069370 0.000000 -0.797113 -0.603831 -0.000000 
0.070885 0.997484 0.000000 -0.081296 -0.996690 -0.000000 0.994446 -0.105245 0.000000 0.794732 0.606961 0.000000 -0.997607 0.069132 0.000000 -0.797129 -0.603810 -0.000000 
0.070821 0.997489 0.000000 -0.081268 -0.996692 -0.000000 0.994449 -0.105215 0.000000 0.794759 0.606925 0.000000 -0.997612 0.069068 0.000000 -0.797153 -0.603777 -0.000000 
0.070819 0.997489 0.000000 -0.081254 -0.996693 -0.000000 0.994451 -0.105201 0.000000 0.794761 0.606923 0.000000 -0.997612 0.069064 0.000000 -0.797155 -0.603775 -0.000000 
0.070636 0.997502 0.000000 -0.081122 -0.996704 -0.000000 0.994465 -0.105070 0.000000 0.795433 0.606041 0.000000 -0.997626 0.068870 0.000000 -0.797842 -0.602866 -0.000000 
0.070667 0.997500 0.000000 -0.081077 -0.996708 -0.000000 0.994470 -0.105025 0.000000 0.795354 0.606146 0.000000 -0.997623 0.068908 0.000000 -0.797765 -0.602968 -0.000000 
0.070665 0.997500 0.000000 -0.081071 -0.996708 -0.000000 0.994470 -0.105022 0.000000 0.795359 0.606139 0.000000 -0.997623 0.068906 0.000000 -0.797769 -0.602963 -0.000000 
0.070708 0.997497 0.000000 -0.081068 -0.996709 -0.000000 0.994470 -0.105018 0.000000 0.795382 0.606108 0.000000 -0.997619 0.068962 0.000000 -0.797795 -0.602929 -0.000000 
0.070705 0.997497 0.000000 -0.081065 -0.996709 -0.000000 0.994471 -0.105015 0.000000 0.795386 0.606103 0.000000 -0.997620 0.068958 0.000000 -0.797798 -0.602925 -0.000000 
