-0.066433 0.566147 0.003667 0.058832 0.620903 0.004102 0.142253 0.420318 0.004946 0.014605 0.367880 0.004495 
-0.066432 0.566146 0.003792 0.058834 0.620902 0.004184 0.142255 0.420317 0.004947 0.014607 0.367879 0.004541 
-0.066430 0.566145 0.003906 0.058836 0.620901 0.004256 0.142258 0.420316 0.004945 0.014609 0.367878 0.004581 
-0.066428 0.566145 0.004010 0.058838 0.620900 0.004322 0.142260 0.420315 0.004941 0.014611 0.367877 0.004617 
-0.066426 0.566144 0.004106 0.058840 0.620899 0.004381 0.142262 0.420314 0.004936 0.014613 0.367876 0.004650 
-0.066374 0.566192 0.004218 0.058908 0.620910 0.004454 0.142272 0.420300 0.004698 0.014607 0.367900 0.004456 
-0.066357 0.566231 0.004316 0.058931 0.620936 0.004557 0.142273 0.420317 0.004595 0.014603 0.367931 0.004351 
-0.066398 0.566401 0.004789 0.058917 0.621045 0.004774 0.142161 0.420387 0.004041 0.014465 0.368062 0.004067 
-0.066526 0.566287 0.004972 0.058793 0.620920 0.004557 0.142018 0.420254 0.003778 0.014318 0.367941 0.004209 
-0.066530 0.566229 0.004881 0.058796 0.620846 0.004376 0.141997 0.420170 0.003789 0.014291 0.367872 0.004307 
-0.066541 0.566178 0.004841 0.058786 0.620792 0.004248 0.141982 0.420113 0.003893 0.014275 0.367819 0.004496 
-0.066599 0.566188 0.005023 0.058732 0.620789 0.004201 0.141908 0.420102 0.003789 0.014197 0.367821 0.004625 
-0.066683 0.566180 0.005242 0.058652 0.620767 0.004161 0.141805 0.420070 0.003696 0.014090 0.367804 0.004794 
-0.066675 0.566184 0.005569 0.058657 0.620772 0.004227 0.141813 0.420077 0.003804 0.014101 0.367809 0.005164 
-0.066677 0.566198 0.005514 0.058656 0.620788 0.004316 0.141814 0.420093 0.003895 0.014101 0.367824 0.005111 
-0.066683 0.566203 0.005457 0.058649 0.620797 0.004379 0.141814 0.420105 0.003989 0.014102 0.367831 0.005083 
-0.066687 0.566202 0.005406 0.058646 0.620796 0.004427 0.141810 0.420104 0.004080 0.014098 0.367830 0.005073 
-0.066687 0.566203 0.005459 0.058646 0.620797 0.004472 0.141811 0.420105 0.004161 0.014098 0.367831 0.005162 
-0.066683 0.566206 0.005596 0.058649 0.620799 0.004514 0.141813 0.420106 0.004231 0.014101 0.367833 0.005328 
-0.066676 0.566209 0.005819 0.058656 0.620801 0.004557 0.141819 0.420108 0.004296 0.014108 0.367836 0.005573 
-0.066114 0.566679 0.006449 0.059421 0.620792 0.004860 0.141816 0.419783 0.004360 0.013910 0.367999 0.005972 
-0.066099 0.566692 0.006679 0.059436 0.620799 0.004880 0.141822 0.419787 0.004410 0.013917 0.368009 0.006232 
-0.066087 0.566698 0.006971 0.059444 0.620804 0.004881 0.141831 0.419792 0.004458 0.013930 0.368015 0.006574 
-0.066109 0.566652 0.007538 0.059389 0.620810 0.004899 0.141864 0.419834 0.004500 0.013995 0.368004 0.007171 
-0.066149 0.566557 0.008303 0.059302 0.620782 0.004899 0.141894 0.419854 0.004543 0.014071 0.367956 0.007985 
-0.066138 0.566546 0.008773 0.059295 0.620781 0.004900 0.141909 0.419862 0.004578 0.014104 0.367954 0.008493 
-0.066117 0.566555 0.009133 0.059306 0.620786 0.004901 0.141921 0.419867 0.004609 0.014125 0.367963 0.008885 
-0.066098 0.566564 0.009440 0.059317 0.620791 0.004903 0.141930 0.419871 0.004635 0.014144 0.367972 0.009219 
-0.066080 0.566575 0.009690 0.059328 0.620796 0.004905 0.141938 0.419875 0.004660 0.014159 0.367981 0.009494 
-0.065747 0.567001 0.010350 0.059750 0.620965 0.005049 0.141956 0.419879 0.004682 0.014092 0.368246 0.010040 
-0.060688 0.571388 0.015451 0.065908 0.622430 0.007838 0.143338 0.419480 0.004712 0.014432 0.370824 0.012442 0.212711 0.491409 0.006355 0.319431 0.576836 0.004658 0.457270 0.413011 0.010931 0.351494 0.324399 0.012735 
-0.049127 0.570884 0.014411 0.078552 0.619229 0.007279 0.151686 0.414684 0.004735 0.021748 0.368774 0.011972 0.210926 0.493696 0.006470 0.319491 0.576765 0.004683 0.453720 0.409866 0.006933 0.346029 0.323592 0.008770 
-0.044303 0.574290 0.014463 0.084426 0.619791 0.007503 0.152993 0.413673 0.004754 0.022059 0.370656 0.011819 0.209485 0.495604 0.006190 0.319513 0.576730 0.004714 0.450738 0.407445 0.004985 0.341527 0.323097 0.006480 
-0.041905 0.577096 0.014404 0.087496 0.620660 0.007509 0.152962 0.413536 0.004775 0.021395 0.372489 0.011775 0.208582 0.496873 0.005943 0.319523 0.576752 0.004761 0.448824 0.405993 0.004984 0.338663 0.322883 0.006181 
-0.040204 0.578965 0.013218 0.089670 0.621148 0.006653 0.152970 0.413342 0.004834 0.020954 0.373699 0.011487 0.207631 0.498225 0.005858 0.319524 0.576766 0.004792 0.446765 0.404466 0.004984 0.335614 0.322685 0.006063 
-0.038168 0.581363 0.011070 0.092267 0.621881 0.005162 0.152961 0.413291 0.004842 0.020416 0.375340 0.010812 0.206485 0.499952 0.005702 0.319538 0.576818 0.004854 0.444196 0.402639 0.004984 0.331836 0.322524 0.005842 
-0.037657 0.581919 0.009699 0.092979 0.621935 0.004921 0.152864 0.413111 0.004906 0.020128 0.375671 0.009730 0.205394 0.501582 0.005713 0.319538 0.576818 0.004865 0.441684 0.400869 0.005026 0.328186 0.322374 0.005884 
-0.037669 0.581958 0.008774 0.093007 0.621943 0.004918 0.152832 0.413102 0.004908 0.020056 0.375692 0.008801 0.204869 0.502387 0.005745 0.319532 0.576828 0.004876 0.440456 0.400039 0.005553 0.326417 0.322333 0.006441 
-0.037702 0.581950 0.008189 0.092989 0.621938 0.004914 0.152811 0.413096 0.004909 0.020020 0.375684 0.008216 0.204786 0.502512 0.005719 0.319520 0.576845 0.004886 0.440279 0.399948 0.006423 0.326166 0.322350 0.007286 
-0.037675 0.581998 0.007671 0.093051 0.621910 0.004909 0.152747 0.413032 0.004909 0.019923 0.375697 0.007697 0.204798 0.502517 0.005689 0.319510 0.576883 0.004896 0.440320 0.400030 0.007277 0.326229 0.322399 0.008111 
-0.037701 0.581991 0.007172 0.093034 0.621906 0.004907 0.152729 0.413027 0.004908 0.019896 0.375690 0.007194 0.204898 0.502494 0.005643 0.319463 0.577088 0.004991 0.440619 0.400484 0.008112 0.326682 0.322626 0.008816 
-0.037721 0.581986 0.006756 0.093020 0.621902 0.004906 0.152714 0.413023 0.004906 0.019875 0.375684 0.006774 0.205524 0.502882 0.005542 0.319915 0.577745 0.005346 0.441471 0.401429 0.009180 0.327715 0.323304 0.009433 
-0.037736 0.581982 0.006437 0.093009 0.621899 0.004905 0.152703 0.413020 0.004905 0.019860 0.375680 0.006451 0.206393 0.503333 0.005650 0.320597 0.578480 0.005970 0.442572 0.402465 0.010293 0.329010 0.324058 0.010032 
-0.037750 0.581978 0.006121 0.092998 0.621895 0.004905 0.152692 0.413017 0.004905 0.019846 0.375676 0.006132 0.207125 0.503361 0.005781 0.321134 0.578800 0.006559 0.443541 0.403099 0.011405 0.330182 0.324401 0.010688 
-0.037765 0.581973 0.005764 0.092985 0.621892 0.004905 0.152680 0.413013 0.004905 0.019831 0.375672 0.005772 0.207578 0.502905 0.005899 0.321421 0.578590 0.007070 0.444187 0.403157 0.012492 0.331002 0.324214 0.011387 
-0.037782 0.581968 0.005341 0.092970 0.621888 0.004905 0.152666 0.413009 0.004905 0.019815 0.375667 0.005345 0.207780 0.502060 0.005983 0.321510 0.577908 0.007514 0.444502 0.402653 0.013545 0.331433 0.323549 0.012086 
-0.037883 0.581758 0.005086 0.092868 0.621680 0.004518 0.152569 0.412803 0.004719 0.019719 0.375458 0.005289 0.207972 0.501209 0.006128 0.321647 0.577132 0.008016 0.444730 0.401961 0.014619 0.331719 0.322783 0.012807 
-0.037885 0.581756 0.005072 0.092866 0.621678 0.004563 0.152567 0.412802 0.004733 0.019717 0.375456 0.005245 0.208755 0.500531 0.006476 0.322385 0.576508 0.008819 0.445520 0.401399 0.016046 0.332555 0.322166 0.013784 
-0.037887 0.581755 0.005058 0.092865 0.621677 0.004604 0.152565 0.412801 0.004746 0.019715 0.375455 0.005203 0.209469 0.500356 0.006938 0.323056 0.576382 0.009756 0.446234 0.401325 0.017510 0.333313 0.322045 0.014776 
-0.037868 0.581726 0.004936 0.092882 0.621651 0.004571 0.152588 0.412776 0.004817 0.019739 0.375427 0.005182 0.210086 0.500508 0.007444 0.323643 0.576559 0.010738 0.446829 0.401528 0.018930 0.333938 0.322223 0.015721 
-0.037869 0.581725 0.004937 0.092881 0.621650 0.004612 0.152587 0.412775 0.004823 0.019738 0.375426 0.005148 0.210687 0.500691 0.007975 0.324235 0.576733 0.011738 0.447379 0.401692 0.020323 0.334497 0.322395 0.016647 
-0.037855 0.581605 0.004760 0.092899 0.621520 0.004411 0.152589 0.412640 0.004831 0.019737 0.375302 0.005178 0.211250 0.500920 0.008439 0.324803 0.576933 0.012646 0.447872 0.401857 0.021612 0.334984 0.322589 0.017493 
-0.037856 0.581603 0.004774 0.092898 0.621518 0.004479 0.152587 0.412639 0.004837 0.019735 0.375300 0.005130 0.211797 0.501143 0.008936 0.325337 0.577149 0.013575 0.448368 0.402064 0.022867 0.335492 0.322803 0.018317 
-0.037858 0.581601 0.004784 0.092896 0.621516 0.004548 0.152586 0.412637 0.004844 0.019733 0.375298 0.005079 0.212265 0.501257 0.009380 0.325783 0.577270 0.014411 0.448799 0.402191 0.024016 0.335945 0.322923 0.019075 
-0.037858 0.581620 0.004812 0.092894 0.621542 0.004668 0.152594 0.412665 0.004806 0.019743 0.375319 0.004949 0.212667 0.501349 0.009777 0.326154 0.577386 0.015158 0.449181 0.402331 0.025045 0.336359 0.323039 0.019754 
-0.037858 0.581619 0.004826 0.092893 0.621541 0.004697 0.152593 0.412664 0.004820 0.019743 0.375319 0.004949 0.213106 0.501462 0.010151 0.326561 0.577523 0.015869 0.449602 0.402492 0.026005 0.336813 0.323177 0.020376 
-0.037712 0.581651 0.004632 0.093042 0.621566 0.004855 0.152731 0.412686 0.004850 0.019879 0.375347 0.004624 0.213467 0.501662 0.010436 0.326901 0.577730 0.016458 0.449934 0.402704 0.026793 0.337165 0.323382 0.020861 
-0.037504 0.581695 0.004430 0.093254 0.621594 0.005011 0.152918 0.412707 0.004765 0.020062 0.375385 0.004181 0.213620 0.502054 0.010671 0.327047 0.578110 0.016968 0.450047 0.403070 0.027426 0.337285 0.323759 0.021218 
-0.037309 0.581505 0.003988 0.093433 0.621448 0.004900 0.153167 0.412581 0.004955 0.020326 0.375214 0.004034 0.213716 0.502402 0.010915 0.327140 0.578443 0.017448 0.450106 0.403383 0.027997 0.337346 0.324087 0.021552 
-0.037183 0.581678 0.004151 0.093570 0.621581 0.005196 0.153245 0.412698 0.004740 0.020393 0.375371 0.003691 0.213871 0.502606 0.011170 0.327292 0.578631 0.017921 0.450224 0.403553 0.028558 0.337466 0.324272 0.021894 
-0.037009 0.581439 0.003712 0.093752 0.621318 0.004780 0.153383 0.412421 0.004935 0.020524 0.375120 0.003855 0.214027 0.502940 0.011365 0.327455 0.578937 0.018316 0.450336 0.403827 0.029012 0.337571 0.324574 0.022147 
-0.037020 0.581348 0.003755 0.093746 0.621213 0.004670 0.153355 0.412310 0.004834 0.020492 0.375023 0.003909 0.214128 0.503148 0.011562 0.327555 0.579132 0.018676 0.450409 0.404004 0.029406 0.337645 0.324765 0.022376 
-0.037018 0.581348 0.003870 0.093749 0.621214 0.004698 0.153359 0.412311 0.004846 0.020494 0.375023 0.004008 0.214288 0.503203 0.011764 0.327709 0.579184 0.019016 0.450552 0.404052 0.029798 0.337795 0.324816 0.022630 
-0.037015 0.581349 0.003973 0.093752 0.621214 0.004724 0.153361 0.412311 0.004857 0.020497 0.375023 0.004097 0.214415 0.503263 0.011927 0.327831 0.579241 0.019285 0.450666 0.404105 0.030095 0.337913 0.324872 0.022821 
-0.036861 0.581469 0.004027 0.093911 0.621313 0.005060 0.153490 0.412402 0.004758 0.020621 0.375135 0.003719 0.214506 0.503354 0.012006 0.327922 0.579324 0.019437 0.450744 0.404179 0.030252 0.337991 0.324954 0.022904 
-0.036737 0.581289 0.003702 0.094032 0.621141 0.004763 0.153620 0.412233 0.004963 0.020753 0.374958 0.003889 0.214568 0.503494 0.012029 0.327995 0.579443 0.019502 0.450786 0.404276 0.030292 0.338021 0.325070 0.022901 
-0.036734 0.581290 0.003822 0.094035 0.621142 0.004783 0.153624 0.412233 0.004963 0.020756 0.374959 0.003990 0.214628 0.503573 0.012099 0.328054 0.579521 0.019590 0.450845 0.404351 0.030342 0.338080 0.325147 0.022932 
-0.036689 0.581303 0.003896 0.094081 0.621156 0.004827 0.153669 0.412247 0.004988 0.020802 0.374973 0.004046 0.214673 0.503620 0.012125 0.328102 0.579566 0.019603 0.450893 0.404393 0.030310 0.338127 0.325192 0.022912 
-0.036698 0.581116 0.003786 0.094064 0.620997 0.004630 0.153698 0.412101 0.004904 0.020838 0.374798 0.004048 0.214626 0.503763 0.012017 0.328065 0.579699 0.019452 0.450848 0.404515 0.030066 0.338071 0.325324 0.022710 
-0.036893 0.581191 0.004322 0.093875 0.621056 0.004706 0.153485 0.412154 0.004401 0.020619 0.374866 0.004017 0.214636 0.503791 0.011952 0.328086 0.579716 0.019319 0.450859 0.404521 0.029866 0.338070 0.325339 0.022579 
-0.036858 0.581050 0.004165 0.093913 0.620908 0.004455 0.153511 0.412002 0.004493 0.020642 0.374721 0.004200 0.214558 0.503851 0.011846 0.328024 0.579761 0.019122 0.450782 0.404550 0.029567 0.337977 0.325384 0.022371 
-0.036842 0.581061 0.004239 0.093929 0.620919 0.004528 0.153525 0.412012 0.004454 0.020656 0.374732 0.004163 0.214461 0.503953 0.011764 0.327938 0.579856 0.018941 0.450694 0.404637 0.029272 0.337878 0.325478 0.022174 
-0.036848 0.581086 0.004372 0.093925 0.620937 0.004601 0.153513 0.412028 0.004366 0.020642 0.374755 0.004137 0.214327 0.504028 0.011666 0.327816 0.579925 0.018727 0.450574 0.404699 0.028920 0.337747 0.325546 0.021938 
-0.036847 0.581086 0.004428 0.093926 0.620938 0.004634 0.153514 0.412029 0.004421 0.020643 0.374755 0.004216 0.214210 0.504142 0.011590 0.327708 0.580035 0.018529 0.450473 0.404806 0.028588 0.337635 0.325656 0.021726 
-0.036843 0.581026 0.004369 0.093932 0.620870 0.004501 0.153507 0.411958 0.004504 0.020634 0.374691 0.004371 0.214073 0.504246 0.011473 0.327588 0.580128 0.018275 0.450345 0.404886 0.028203 0.337491 0.325748 0.021478 
-0.036851 0.581007 0.004383 0.093928 0.620841 0.004432 0.153488 0.411924 0.004545 0.020612 0.374668 0.004494 0.213945 0.504276 0.011341 0.327473 0.580151 0.017992 0.450231 0.404903 0.027797 0.337364 0.325771 0.021223 
-0.036851 0.581006 0.004440 0.093928 0.620841 0.004482 0.153488 0.411924 0.004582 0.020612 0.374667 0.004539 0.213822 0.504267 0.011208 0.327359 0.580144 0.017696 0.450128 0.404896 0.027386 0.337252 0.325764 0.020974 
-0.036819 0.581072 0.004545 0.093956 0.620917 0.004713 0.153533 0.412005 0.004442 0.020660 0.374738 0.004277 0.213675 0.504264 0.011024 0.327223 0.580138 0.017338 0.449998 0.404888 0.026908 0.337110 0.325759 0.020670 
-0.036819 0.581072 0.004587 0.093956 0.620917 0.004734 0.153533 0.412005 0.004489 0.020660 0.374738 0.004344 0.213451 0.504237 0.010876 0.327017 0.580099 0.017005 0.449785 0.404838 0.026444 0.336879 0.325720 0.020391 
-0.036644 0.580960 0.004277 0.094128 0.620816 0.004622 0.153722 0.411908 0.004726 0.020853 0.374630 0.004377 0.213163 0.504242 0.010694 0.326753 0.580083 0.016629 0.449500 0.404800 0.025940 0.336569 0.325702 0.020081 
-0.036684 0.580839 0.004299 0.094090 0.620690 0.004398 0.153676 0.411780 0.004650 0.020805 0.374507 0.004547 0.212894 0.504201 0.010516 0.326514 0.580014 0.016249 0.449229 0.404702 0.025435 0.336269 0.325632 0.019778 
-0.036682 0.580855 0.004403 0.094097 0.620690 0.004392 0.153656 0.411772 0.004403 0.020780 0.374516 0.004414 0.212602 0.504248 0.010274 0.326246 0.580038 0.015814 0.448939 0.404702 0.024837 0.335953 0.325655 0.019373 
-0.036935 0.580555 0.004467 0.093839 0.620398 0.003763 0.153415 0.411486 0.004151 0.020544 0.374221 0.004856 0.212425 0.504211 0.010034 0.326103 0.579965 0.015385 0.448750 0.404591 0.024295 0.335730 0.325580 0.019020 
-0.036967 0.580599 0.004640 0.093810 0.620430 0.003880 0.153366 0.411512 0.004017 0.020492 0.374259 0.004783 0.212245 0.504074 0.009802 0.325936 0.579821 0.014951 0.448582 0.404442 0.023753 0.335549 0.325437 0.018681 
-0.037031 0.580374 0.004498 0.093738 0.620231 0.003660 0.153338 0.411326 0.004048 0.020472 0.374046 0.004889 0.212063 0.504015 0.009551 0.325775 0.579743 0.014493 0.448403 0.404344 0.023173 0.335347 0.325359 0.018307 
-0.037064 0.580398 0.004640 0.093707 0.620248 0.003784 0.153294 0.411338 0.004010 0.020425 0.374066 0.004871 0.211832 0.503967 0.009368 0.325555 0.579694 0.014097 0.448193 0.404295 0.022625 0.335128 0.325311 0.017972 
-0.037127 0.580445 0.004866 0.093648 0.620278 0.003904 0.153207 0.411361 0.003848 0.020334 0.374106 0.004821 0.211601 0.503909 0.009163 0.325336 0.579632 0.013670 0.447978 0.404228 0.022043 0.334900 0.325249 0.017612 
-0.037011 0.580273 0.004541 0.093762 0.620120 0.003773 0.153345 0.411210 0.004132 0.020475 0.373940 0.004901 0.211362 0.503895 0.008942 0.325113 0.579606 0.013224 0.447750 0.404192 0.021449 0.334656 0.325224 0.017243 
-0.037013 0.580271 0.004585 0.093760 0.620119 0.003883 0.153343 0.411208 0.004205 0.020472 0.373939 0.004909 0.211139 0.503838 0.008756 0.324898 0.579549 0.012818 0.447549 0.404137 0.020880 0.334446 0.325168 0.016895 
-0.037133 0.580347 0.004935 0.093646 0.620167 0.003993 0.153183 0.411243 0.003876 0.020306 0.374002 0.004829 0.210919 0.503765 0.008523 0.324694 0.579464 0.012362 0.447336 0.404038 0.020262 0.334217 0.325082 0.016498 
-0.037239 0.580537 0.005401 0.093557 0.620298 0.004238 0.152993 0.411348 0.003351 0.020102 0.374166 0.004537 0.210658 0.503866 0.008292 0.324458 0.579539 0.011922 0.447074 0.404086 0.019632 0.333930 0.325156 0.016078 
-0.037244 0.580539 0.005351 0.093553 0.620299 0.004296 0.152990 0.411348 0.003504 0.020097 0.374167 0.004580 0.210381 0.503770 0.008085 0.324192 0.579435 0.011491 0.446808 0.403975 0.019029 0.333652 0.325053 0.015698 
-0.037249 0.580540 0.005307 0.093549 0.620300 0.004349 0.152987 0.411349 0.003642 0.020093 0.374168 0.004619 0.210087 0.503788 0.007908 0.323911 0.579443 0.011102 0.446525 0.403973 0.018452 0.333356 0.325060 0.015333 
-0.037253 0.580541 0.005268 0.093546 0.620301 0.004397 0.152984 0.411350 0.003766 0.020090 0.374169 0.004654 0.209720 0.503826 0.007748 0.323563 0.579463 0.010731 0.446159 0.403973 0.017884 0.332972 0.325079 0.014974 
-0.037256 0.580541 0.005234 0.093543 0.620301 0.004440 0.152981 0.411350 0.003878 0.020086 0.374170 0.004687 0.209277 0.503821 0.007599 0.323144 0.579428 0.010371 0.445708 0.403907 0.017331 0.332495 0.325042 0.014632 
-0.037259 0.580542 0.005204 0.093540 0.620302 0.004479 0.152978 0.411351 0.003979 0.020083 0.374170 0.004718 0.208806 0.503769 0.007462 0.322701 0.579342 0.010030 0.445222 0.403785 0.016811 0.331981 0.324954 0.014316 
-0.037262 0.580543 0.005180 0.093538 0.620303 0.004514 0.152976 0.411351 0.004070 0.020081 0.374171 0.004748 0.208373 0.503706 0.007343 0.322294 0.579246 0.009722 0.444774 0.403655 0.016347 0.331507 0.324857 0.014040 
-0.037264 0.580544 0.005168 0.093536 0.620303 0.004547 0.152975 0.411352 0.004150 0.020079 0.374172 0.004783 0.208019 0.503669 0.007247 0.321960 0.579183 0.009465 0.444408 0.403564 0.015956 0.331119 0.324792 0.013810 
-0.037276 0.580522 0.005116 0.093527 0.620270 0.004442 0.152949 0.411314 0.004221 0.020050 0.374145 0.004906 0.207764 0.503699 0.007159 0.321725 0.579185 0.009247 0.444138 0.403537 0.015622 0.330828 0.324792 0.013606 
-0.037316 0.580555 0.005230 0.093491 0.620291 0.004484 0.152892 0.411329 0.004128 0.019990 0.374173 0.004886 0.207701 0.503827 0.007103 0.321687 0.579279 0.009107 0.444051 0.403594 0.015379 0.330715 0.324883 0.013445 
-0.037318 0.580556 0.005214 0.093489 0.620292 0.004517 0.152890 0.411330 0.004203 0.019988 0.374173 0.004911 0.207629 0.503933 0.007068 0.321630 0.579364 0.009005 0.443966 0.403656 0.015188 0.330614 0.324966 0.013321 
-0.037320 0.580556 0.005202 0.093487 0.620292 0.004546 0.152889 0.411330 0.004271 0.019986 0.374174 0.004936 0.207542 0.503966 0.007039 0.321548 0.579391 0.008920 0.443877 0.403676 0.015046 0.330521 0.324993 0.013235 
-0.037321 0.580557 0.005192 0.093486 0.620292 0.004573 0.152887 0.411330 0.004332 0.019985 0.374174 0.004961 0.207469 0.503974 0.007031 0.321478 0.579395 0.008872 0.443804 0.403677 0.014965 0.330445 0.324997 0.013193 
-0.037323 0.580557 0.005185 0.093485 0.620293 0.004603 0.152886 0.411330 0.004388 0.019983 0.374175 0.004979 0.207397 0.503975 0.007048 0.321409 0.579393 0.008870 0.443730 0.403670 0.014949 0.330367 0.324994 0.013197 
-0.037324 0.580557 0.005179 0.093483 0.620293 0.004630 0.152885 0.411331 0.004438 0.019982 0.374175 0.004995 0.207330 0.503973 0.007091 0.321346 0.579384 0.008913 0.443657 0.403655 0.014998 0.330290 0.324985 0.013245 
-0.037326 0.580557 0.005167 0.093482 0.620293 0.004655 0.152883 0.411331 0.004485 0.019980 0.374175 0.005004 0.207300 0.503976 0.007152 0.321317 0.579385 0.009000 0.443622 0.403652 0.015113 0.330254 0.324985 0.013335 
-0.037328 0.580557 0.005145 0.093480 0.620293 0.004678 0.152882 0.411331 0.004529 0.019979 0.374175 0.005002 0.207296 0.503976 0.007218 0.321313 0.579384 0.009105 0.443616 0.403652 0.015261 0.330249 0.324985 0.013445 
-0.037329 0.580557 0.005124 0.093479 0.620293 0.004699 0.152880 0.411331 0.004570 0.019977 0.374175 0.005000 0.207299 0.503977 0.007287 0.321315 0.579385 0.009215 0.443616 0.403653 0.015416 0.330249 0.324986 0.013558 
-0.037331 0.580557 0.005106 0.093477 0.620293 0.004719 0.152879 0.411331 0.004607 0.019975 0.374175 0.004999 0.207308 0.503978 0.007359 0.321323 0.579387 0.009333 0.443621 0.403654 0.015579 0.330255 0.324987 0.013675 
-0.037332 0.580557 0.005095 0.093476 0.620293 0.004740 0.152878 0.411331 0.004639 0.019974 0.374175 0.004999 0.207325 0.503983 0.007435 0.321340 0.579391 0.009463 0.443635 0.403658 0.015750 0.330270 0.324991 0.013793 
-0.037333 0.580557 0.005086 0.093475 0.620293 0.004759 0.152877 0.411331 0.004668 0.019973 0.374175 0.004999 0.207348 0.503989 0.007515 0.321362 0.579397 0.009600 0.443654 0.403663 0.015930 0.330289 0.324997 0.013916 
-0.037334 0.580557 0.005077 0.093474 0.620293 0.004776 0.152876 0.411331 0.004695 0.019972 0.374175 0.005000 0.207376 0.503996 0.007598 0.321389 0.579404 0.009745 0.443678 0.403670 0.016119 0.330314 0.325004 0.014043 
-0.037335 0.580557 0.005069 0.093473 0.620293 0.004792 0.152875 0.411331 0.004719 0.019971 0.374175 0.005000 0.207409 0.504005 0.007685 0.321421 0.579412 0.009897 0.443707 0.403677 0.016318 0.330344 0.325012 0.014176 
-0.037336 0.580557 0.005062 0.093473 0.620293 0.004806 0.152874 0.411330 0.004740 0.019970 0.374175 0.004999 0.207447 0.504015 0.007774 0.321458 0.579422 0.010058 0.443740 0.403687 0.016525 0.330378 0.325021 0.014313 
-0.037337 0.580557 0.005055 0.093472 0.620293 0.004819 0.152874 0.411330 0.004760 0.019970 0.374175 0.004999 0.207490 0.504027 0.007867 0.321499 0.579433 0.010225 0.443777 0.403697 0.016741 0.330417 0.325032 0.014454 
-0.037337 0.580557 0.005049 0.093471 0.620293 0.004831 0.152873 0.411330 0.004778 0.019969 0.374175 0.004999 0.207536 0.504039 0.007963 0.321544 0.579445 0.010399 0.443818 0.403708 0.016966 0.330459 0.325043 0.014600 
-0.037338 0.580557 0.005044 0.093471 0.620292 0.004841 0.152872 0.411330 0.004794 0.019968 0.374175 0.004999 0.207586 0.504053 0.008061 0.321592 0.579458 0.010579 0.443862 0.403720 0.017197 0.330504 0.325056 0.014750 
-0.037338 0.580557 0.005038 0.093470 0.620292 0.004851 0.152872 0.411330 0.004809 0.019968 0.374175 0.004998 0.207639 0.504067 0.008162 0.321644 0.579472 0.010764 0.443909 0.403733 0.017434 0.330553 0.325069 0.014902 
-0.037339 0.580557 0.005033 0.093470 0.620292 0.004860 0.152871 0.411330 0.004822 0.019967 0.374175 0.004998 0.207694 0.504082 0.008264 0.321698 0.579487 0.010954 0.443958 0.403746 0.017676 0.330604 0.325083 0.015058 
-0.037339 0.580557 0.005029 0.093469 0.620292 0.004868 0.152871 0.411330 0.004834 0.019967 0.374174 0.004997 0.207752 0.504098 0.008368 0.321754 0.579502 0.011146 0.444010 0.403760 0.017923 0.330657 0.325097 0.015215 
-0.037442 0.580472 0.005066 0.093369 0.620197 0.004720 0.152756 0.411231 0.004750 0.019849 0.374085 0.005098 0.207818 0.504126 0.008459 0.321822 0.579523 0.011324 0.444063 0.403772 0.018157 0.330707 0.325117 0.015363 
-0.037380 0.580531 0.005088 0.093435 0.620245 0.004789 0.152802 0.411273 0.004677 0.019892 0.374139 0.004981 0.207967 0.504245 0.008553 0.321971 0.579638 0.011520 0.444203 0.403884 0.018403 0.330847 0.325231 0.015506 
-0.037381 0.580531 0.005073 0.093434 0.620245 0.004800 0.152801 0.411273 0.004704 0.019891 0.374139 0.004981 0.208017 0.504293 0.008657 0.322019 0.579684 0.011713 0.444244 0.403926 0.018642 0.330890 0.325276 0.015656 
-0.037423 0.580562 0.005181 0.093395 0.620264 0.004816 0.152743 0.411287 0.004571 0.019830 0.374165 0.004943 0.208090 0.504345 0.008747 0.322092 0.579735 0.011885 0.444311 0.403975 0.018865 0.330957 0.325326 0.015796 
-0.037424 0.580563 0.005156 0.093394 0.620264 0.004825 0.152741 0.411287 0.004609 0.019828 0.374165 0.004946 0.208128 0.504387 0.008843 0.322128 0.579777 0.012058 0.444343 0.404017 0.019085 0.330992 0.325368 0.015939 
-0.037426 0.580563 0.005133 0.093393 0.620265 0.004832 0.152740 0.411287 0.004643 0.019827 0.374166 0.004949 0.208154 0.504412 0.008932 0.322152 0.579801 0.012218 0.444363 0.404039 0.019296 0.331013 0.325391 0.016080 
-0.037427 0.580563 0.005113 0.093392 0.620265 0.004839 0.152739 0.411287 0.004674 0.019826 0.374166 0.004952 0.208182 0.504426 0.009015 0.322179 0.579814 0.012366 0.444385 0.404052 0.019500 0.331037 0.325404 0.016220 
-0.037428 0.580563 0.005093 0.093391 0.620265 0.004845 0.152738 0.411288 0.004702 0.019825 0.374166 0.004954 0.208209 0.504434 0.009094 0.322204 0.579822 0.012502 0.444407 0.404059 0.019693 0.331060 0.325412 0.016354 
-0.037429 0.580564 0.005076 0.093390 0.620265 0.004851 0.152737 0.411288 0.004727 0.019824 0.374166 0.004956 0.208234 0.504441 0.009167 0.322228 0.579829 0.012630 0.444427 0.404066 0.019871 0.331082 0.325419 0.016479 
-0.037430 0.580564 0.005060 0.093389 0.620265 0.004855 0.152736 0.411288 0.004750 0.019823 0.374167 0.004958 0.208258 0.504448 0.009235 0.322250 0.579836 0.012748 0.444446 0.404073 0.020037 0.331102 0.325426 0.016594 
-0.037481 0.580353 0.004874 0.093339 0.620049 0.004460 0.152679 0.411070 0.004774 0.019765 0.373954 0.005187 0.208303 0.504479 0.009248 0.322304 0.579852 0.012807 0.444472 0.404072 0.020170 0.331119 0.325441 0.016682 
-0.037482 0.580352 0.004883 0.093338 0.620048 0.004511 0.152678 0.411069 0.004786 0.019764 0.373952 0.005158 0.208385 0.504548 0.009319 0.322386 0.579917 0.012939 0.444547 0.404133 0.020322 0.331193 0.325505 0.016773 
-0.037483 0.580350 0.004891 0.093337 0.620047 0.004556 0.152677 0.411067 0.004794 0.019763 0.373951 0.005129 0.208400 0.504550 0.009369 0.322401 0.579917 0.013033 0.444557 0.404129 0.020419 0.331202 0.325504 0.016826 
-0.037516 0.580386 0.005042 0.093310 0.620065 0.004607 0.152621 0.411077 0.004576 0.019701 0.373979 0.005016 0.208414 0.504582 0.009387 0.322419 0.579941 0.013088 0.444564 0.404147 0.020460 0.331206 0.325528 0.016830 
-0.037517 0.580386 0.005037 0.093308 0.620064 0.004640 0.152619 0.411076 0.004612 0.019700 0.373978 0.005013 0.208412 0.504682 0.009455 0.322421 0.580032 0.013205 0.444552 0.404226 0.020544 0.331190 0.325617 0.016862 
-0.037518 0.580385 0.005031 0.093307 0.620064 0.004670 0.152618 0.411076 0.004645 0.019698 0.373978 0.005009 0.208399 0.504788 0.009521 0.322412 0.580130 0.013320 0.444531 0.404313 0.020627 0.331164 0.325712 0.016897 
-0.037520 0.580385 0.005025 0.093306 0.620064 0.004698 0.152617 0.411076 0.004675 0.019697 0.373978 0.005006 0.208379 0.504884 0.009584 0.322395 0.580220 0.013423 0.444505 0.404397 0.020705 0.331136 0.325801 0.016933 
-0.037521 0.580385 0.005020 0.093305 0.620063 0.004722 0.152616 0.411076 0.004702 0.019696 0.373978 0.005002 0.208352 0.504975 0.009645 0.322369 0.580308 0.013518 0.444475 0.404481 0.020780 0.331105 0.325888 0.016973 
-0.037522 0.580385 0.005015 0.093304 0.620063 0.004745 0.152615 0.411075 0.004726 0.019695 0.373977 0.004999 0.208328 0.505057 0.009702 0.322345 0.580388 0.013605 0.444447 0.404557 0.020853 0.331076 0.325967 0.017016 
-0.037523 0.580384 0.005011 0.093303 0.620063 0.004765 0.152614 0.411075 0.004748 0.019694 0.373977 0.004997 0.208315 0.505117 0.009753 0.322333 0.580445 0.013681 0.444430 0.404611 0.020924 0.331059 0.326024 0.017062 
-0.037586 0.580329 0.005006 0.093241 0.620004 0.004620 0.152546 0.411015 0.004684 0.019626 0.373921 0.005073 0.208346 0.505185 0.009771 0.322377 0.580492 0.013733 0.444440 0.404634 0.020989 0.331055 0.326069 0.017093 
-0.037587 0.580329 0.005004 0.093240 0.620004 0.004653 0.152545 0.411014 0.004708 0.019624 0.373920 0.005061 0.208368 0.505208 0.009823 0.322402 0.580506 0.013825 0.444452 0.404640 0.021087 0.331063 0.326082 0.017150 
-0.037588 0.580328 0.005002 0.093239 0.620003 0.004683 0.152544 0.411014 0.004729 0.019623 0.373920 0.005050 0.208369 0.505211 0.009868 0.322404 0.580508 0.013902 0.444450 0.404639 0.021171 0.331061 0.326083 0.017202 
-0.037589 0.580328 0.005000 0.093238 0.620003 0.004711 0.152543 0.411013 0.004749 0.019622 0.373919 0.005041 0.208366 0.505209 0.009908 0.322400 0.580505 0.013969 0.444445 0.404637 0.021246 0.331056 0.326081 0.017249 
-0.037607 0.580340 0.005052 0.093221 0.620011 0.004735 0.152519 0.411019 0.004698 0.019597 0.373929 0.005018 0.208367 0.505217 0.009940 0.322401 0.580513 0.014022 0.444445 0.404644 0.021304 0.331056 0.326088 0.017287 
-0.037608 0.580340 0.005045 0.093220 0.620011 0.004756 0.152518 0.411019 0.004722 0.019596 0.373929 0.005014 0.208363 0.505260 0.009985 0.322398 0.580553 0.014098 0.444436 0.404680 0.021377 0.331047 0.326128 0.017329 
-0.037609 0.580340 0.005038 0.093219 0.620010 0.004776 0.152517 0.411019 0.004745 0.019595 0.373929 0.005010 0.208348 0.505310 0.010032 0.322383 0.580601 0.014173 0.444418 0.404726 0.021451 0.331029 0.326175 0.017374 
-0.037610 0.580340 0.005031 0.093218 0.620010 0.004793 0.152516 0.411019 0.004765 0.019594 0.373929 0.005006 0.208336 0.505347 0.010075 0.322370 0.580638 0.014239 0.444404 0.404761 0.021519 0.331014 0.326211 0.017419 
-0.037611 0.580339 0.005026 0.093217 0.620010 0.004809 0.152515 0.411019 0.004783 0.019593 0.373929 0.005003 0.208328 0.505365 0.010110 0.322362 0.580655 0.014293 0.444394 0.404777 0.021581 0.331005 0.326228 0.017462 
-0.037612 0.580339 0.005020 0.093217 0.620010 0.004823 0.152515 0.411018 0.004800 0.019592 0.373929 0.005000 0.208324 0.505368 0.010139 0.322358 0.580657 0.014338 0.444388 0.404780 0.021637 0.331000 0.326231 0.017502 
-0.037627 0.580351 0.005059 0.093203 0.620018 0.004835 0.152494 0.411024 0.004757 0.019571 0.373939 0.004984 0.208323 0.505375 0.010160 0.322357 0.580664 0.014370 0.444386 0.404785 0.021681 0.330997 0.326237 0.017535 
-0.037607 0.580305 0.004995 0.093223 0.619971 0.004787 0.152514 0.410978 0.004774 0.019590 0.373892 0.004984 0.208355 0.505427 0.010184 0.322395 0.580705 0.014415 0.444406 0.404815 0.021735 0.331011 0.326277 0.017568 
-0.037610 0.580153 0.004848 0.093225 0.619797 0.004481 0.152482 0.410794 0.004671 0.019553 0.373731 0.005039 0.208459 0.505600 0.010138 0.322511 0.580857 0.014407 0.444489 0.404944 0.021754 0.331081 0.326427 0.017549 
-0.037611 0.580208 0.004953 0.093224 0.619854 0.004634 0.152483 0.410851 0.004486 0.019554 0.373786 0.004810 0.208555 0.505725 0.010156 0.322613 0.580972 0.014465 0.444574 0.405047 0.021800 0.331160 0.326541 0.017554 
-0.037701 0.580258 0.005142 0.093139 0.619885 0.004664 0.152366 0.410873 0.004279 0.019432 0.373828 0.004767 0.208590 0.505872 0.010204 0.322665 0.581091 0.014557 0.444584 0.405137 0.021871 0.331153 0.326658 0.017581 
-0.037703 0.580259 0.005117 0.093138 0.619885 0.004682 0.152364 0.410874 0.004343 0.019430 0.373829 0.004788 0.208558 0.505968 0.010273 0.322635 0.581181 0.014666 0.444544 0.405218 0.021956 0.331110 0.326746 0.017625 
-0.037698 0.580273 0.005116 0.093145 0.619893 0.004710 0.152360 0.410878 0.004320 0.019424 0.373840 0.004735 0.208559 0.506044 0.010325 0.322640 0.581248 0.014764 0.444535 0.405276 0.022043 0.331097 0.326812 0.017666 
-0.037700 0.580274 0.005095 0.093143 0.619893 0.004726 0.152359 0.410879 0.004381 0.019422 0.373841 0.004758 0.208546 0.506097 0.010391 0.322629 0.581296 0.014874 0.444517 0.405319 0.022140 0.331078 0.326859 0.017718 
-0.037702 0.580275 0.005081 0.093142 0.619894 0.004745 0.152357 0.410879 0.004436 0.019421 0.373841 0.004779 0.208537 0.506146 0.010452 0.322620 0.581342 0.014975 0.444503 0.405360 0.022230 0.331062 0.326904 0.017768 
-0.037736 0.580334 0.005197 0.093112 0.619937 0.004829 0.152301 0.410915 0.004287 0.019360 0.373894 0.004667 0.208535 0.506198 0.010485 0.322622 0.581385 0.015045 0.444491 0.405393 0.022298 0.331046 0.326946 0.017797 
-0.037738 0.580335 0.005166 0.093111 0.619938 0.004832 0.152299 0.410916 0.004352 0.019358 0.373895 0.004696 0.208520 0.506238 0.010541 0.322610 0.581419 0.015142 0.444470 0.405420 0.022381 0.331022 0.326979 0.017840 
-0.037740 0.580336 0.005137 0.093109 0.619939 0.004834 0.152298 0.410917 0.004411 0.019357 0.373896 0.004722 0.208502 0.506291 0.010595 0.322594 0.581467 0.015234 0.444446 0.405462 0.022455 0.330996 0.327026 0.017876 
-0.037741 0.580337 0.005111 0.093108 0.619940 0.004837 0.152297 0.410917 0.004464 0.019355 0.373897 0.004746 0.208481 0.506360 0.010648 0.322575 0.581530 0.015321 0.444419 0.405519 0.022522 0.330967 0.327088 0.017907 
-0.037742 0.580338 0.005089 0.093107 0.619940 0.004841 0.152296 0.410918 0.004512 0.019354 0.373897 0.004768 0.208460 0.506427 0.010697 0.322556 0.581592 0.015402 0.444393 0.405575 0.022583 0.330939 0.327150 0.017935 
-0.037743 0.580338 0.005072 0.093105 0.619941 0.004847 0.152295 0.410919 0.004556 0.019353 0.373898 0.004787 0.208443 0.506482 0.010742 0.322540 0.581643 0.015476 0.444371 0.405622 0.022641 0.330916 0.327200 0.017964 
-0.037744 0.580339 0.005056 0.093104 0.619941 0.004853 0.152294 0.410919 0.004595 0.019352 0.373898 0.004804 0.208428 0.506528 0.010782 0.322527 0.581686 0.015542 0.444353 0.405660 0.022695 0.330896 0.327242 0.017992 
-0.037753 0.580315 0.005069 0.093098 0.619909 0.004800 0.152273 0.410882 0.004517 0.019329 0.373870 0.004793 0.208440 0.506605 0.010798 0.322543 0.581754 0.015581 0.444355 0.405719 0.022732 0.330893 0.327309 0.018004 
-0.037739 0.580264 0.004987 0.093114 0.619852 0.004707 0.152280 0.410824 0.004556 0.019335 0.373817 0.004842 0.208457 0.506691 0.010826 0.322568 0.581826 0.015637 0.444359 0.405776 0.022784 0.330889 0.327380 0.018028 
-0.037740 0.580264 0.004986 0.093113 0.619853 0.004728 0.152280 0.410824 0.004594 0.019334 0.373818 0.004856 0.208460 0.506751 0.010879 0.322574 0.581880 0.015719 0.444354 0.405822 0.022859 0.330881 0.327433 0.018074 
-0.037741 0.580264 0.004985 0.093112 0.619853 0.004748 0.152279 0.410824 0.004627 0.019333 0.373818 0.004868 0.208458 0.506766 0.010920 0.322572 0.581893 0.015783 0.444350 0.405835 0.022927 0.330877 0.327446 0.018120 
-0.037742 0.580264 0.004983 0.093112 0.619853 0.004765 0.152278 0.410824 0.004657 0.019333 0.373818 0.004879 0.208457 0.506773 0.010956 0.322570 0.581899 0.015837 0.444347 0.405840 0.022992 0.330874 0.327452 0.018165 
-0.037716 0.580177 0.004894 0.093139 0.619759 0.004644 0.152295 0.410727 0.004638 0.019348 0.373727 0.004891 0.208541 0.506866 0.010971 0.322664 0.581977 0.015882 0.444415 0.405900 0.023047 0.330932 0.327529 0.018191 
-0.037726 0.580187 0.004931 0.093130 0.619768 0.004685 0.152285 0.410736 0.004625 0.019337 0.373737 0.004874 0.208551 0.506888 0.011009 0.322676 0.581995 0.015941 0.444420 0.405914 0.023111 0.330936 0.327546 0.018233 
-0.037711 0.580028 0.004723 0.093148 0.619595 0.004413 0.152282 0.410557 0.004712 0.019330 0.373572 0.005021 0.208570 0.506957 0.011008 0.322702 0.582052 0.015966 0.444426 0.405957 0.023156 0.330934 0.327602 0.018253 
-0.037734 0.580023 0.004835 0.093138 0.619546 0.004307 0.152201 0.410488 0.004236 0.019238 0.373548 0.004770 0.208658 0.507121 0.010920 0.322806 0.582189 0.015921 0.444487 0.406065 0.023131 0.330978 0.327737 0.018185 
-0.037668 0.580207 0.005042 0.093219 0.619685 0.004625 0.152206 0.410607 0.003961 0.019230 0.373713 0.004391 0.208785 0.507159 0.010919 0.322945 0.582206 0.015960 0.444594 0.406061 0.023167 0.331073 0.327753 0.018180 
-0.037669 0.580209 0.005034 0.093217 0.619686 0.004653 0.152205 0.410608 0.004055 0.019229 0.373714 0.004448 0.208795 0.507232 0.010993 0.322964 0.582262 0.016070 0.444588 0.406097 0.023241 0.331057 0.327807 0.018218 
-0.037657 0.580055 0.004817 0.093234 0.619518 0.004387 0.152200 0.410432 0.004196 0.019219 0.373554 0.004633 0.208790 0.507359 0.011024 0.322970 0.582369 0.016141 0.444565 0.406184 0.023284 0.331022 0.327912 0.018220 
-0.037658 0.580055 0.004832 0.093233 0.619518 0.004438 0.152198 0.410432 0.004267 0.019218 0.373554 0.004667 0.208745 0.507501 0.011117 0.322928 0.582505 0.016274 0.444515 0.406312 0.023369 0.330970 0.328047 0.018265 
-0.037446 0.580080 0.004578 0.093444 0.619546 0.004515 0.152415 0.410462 0.004447 0.019435 0.373580 0.004512 0.208728 0.507635 0.011163 0.322917 0.582626 0.016362 0.444485 0.406419 0.023422 0.330933 0.328167 0.018275 
-0.037497 0.580216 0.004818 0.093404 0.619645 0.004757 0.152316 0.410545 0.004199 0.019325 0.373700 0.004268 0.208769 0.507714 0.011187 0.322961 0.582698 0.016423 0.444519 0.406483 0.023460 0.330964 0.328237 0.018275 
-0.037623 0.580272 0.005092 0.093283 0.619684 0.004786 0.152166 0.410577 0.003935 0.019171 0.373750 0.004257 0.208817 0.507800 0.011211 0.323015 0.582773 0.016475 0.444558 0.406546 0.023471 0.330997 0.328311 0.018257 
-0.037661 0.580008 0.004834 0.093239 0.619439 0.004352 0.152155 0.410340 0.004100 0.019166 0.373493 0.004590 0.208830 0.507869 0.011200 0.323039 0.582824 0.016487 0.444556 0.406577 0.023450 0.330983 0.328360 0.018211 
-0.037662 0.580008 0.004847 0.093238 0.619440 0.004407 0.152154 0.410340 0.004180 0.019165 0.373493 0.004628 0.208771 0.507996 0.011273 0.322984 0.582943 0.016583 0.444492 0.406688 0.023478 0.330915 0.328479 0.018216 
-0.037664 0.580008 0.004859 0.093236 0.619440 0.004457 0.152153 0.410340 0.004253 0.019163 0.373493 0.004662 0.208717 0.508111 0.011343 0.322932 0.583052 0.016677 0.444434 0.406790 0.023511 0.330854 0.328587 0.018223 
-0.037665 0.580008 0.004871 0.093235 0.619440 0.004502 0.152151 0.410340 0.004317 0.019162 0.373493 0.004693 0.208683 0.508174 0.011404 0.322900 0.583111 0.016763 0.444396 0.406843 0.023552 0.330814 0.328645 0.018238 
-0.037671 0.580007 0.004889 0.093229 0.619438 0.004540 0.152144 0.410338 0.004365 0.019154 0.373492 0.004719 0.208667 0.508217 0.011460 0.322886 0.583148 0.016847 0.444376 0.406874 0.023600 0.330791 0.328681 0.018259 
-0.037739 0.579837 0.004773 0.093163 0.619263 0.004233 0.152072 0.410162 0.004429 0.019081 0.373320 0.004972 0.208663 0.508274 0.011485 0.322892 0.583189 0.016900 0.444358 0.406898 0.023637 0.330764 0.328721 0.018266 
-0.037855 0.579899 0.005076 0.093051 0.619306 0.004318 0.151927 0.410195 0.004121 0.018932 0.373373 0.004889 0.208713 0.508359 0.011521 0.322951 0.583259 0.016973 0.444394 0.406952 0.023677 0.330792 0.328790 0.018269 
-0.037908 0.579931 0.005211 0.093000 0.619328 0.004386 0.151859 0.410213 0.004015 0.018862 0.373401 0.004854 0.208764 0.508345 0.011543 0.323008 0.583232 0.017019 0.444434 0.406912 0.023705 0.330824 0.328762 0.018271 
-0.037912 0.579932 0.005187 0.092998 0.619328 0.004438 0.151857 0.410213 0.004104 0.018859 0.373401 0.004866 0.208694 0.508380 0.011586 0.322941 0.583263 0.017075 0.444361 0.406937 0.023719 0.330749 0.328792 0.018273 
-0.037979 0.579770 0.005101 0.092934 0.619149 0.004179 0.151767 0.410026 0.004030 0.018766 0.373232 0.004962 0.208678 0.508518 0.011573 0.322939 0.583376 0.017079 0.444324 0.407024 0.023687 0.330696 0.328904 0.018223 
-0.037984 0.579586 0.004880 0.092927 0.618971 0.003940 0.151773 0.409852 0.004195 0.018774 0.373052 0.005140 0.208681 0.508573 0.011566 0.322949 0.583421 0.017082 0.444319 0.407059 0.023660 0.330684 0.328948 0.018185 
-0.037873 0.579451 0.004599 0.093041 0.618830 0.003787 0.151878 0.409709 0.004272 0.018876 0.372915 0.005085 0.208675 0.508677 0.011512 0.322952 0.583511 0.017036 0.444302 0.407133 0.023571 0.330658 0.329037 0.018087 
-0.037898 0.579468 0.004712 0.093018 0.618841 0.003903 0.151843 0.409716 0.004236 0.018840 0.372929 0.005049 0.208696 0.508594 0.011510 0.322980 0.583418 0.017027 0.444316 0.407030 0.023530 0.330665 0.328943 0.018053 
-0.037924 0.579518 0.004886 0.092993 0.618886 0.004082 0.151808 0.409758 0.004048 0.018803 0.372975 0.004860 0.208642 0.508587 0.011491 0.322930 0.583406 0.016994 0.444261 0.407011 0.023444 0.330605 0.328930 0.017981 
-0.037927 0.579517 0.004895 0.092991 0.618885 0.004164 0.151806 0.409757 0.004134 0.018800 0.372975 0.004871 0.208570 0.508589 0.011497 0.322859 0.583407 0.016979 0.444192 0.407012 0.023369 0.330535 0.328932 0.017926 
-0.037929 0.579517 0.004903 0.092989 0.618884 0.004238 0.151804 0.409757 0.004210 0.018798 0.372974 0.004882 0.208468 0.508672 0.011523 0.322761 0.583486 0.016983 0.444091 0.407087 0.023301 0.330431 0.329010 0.017878 
-0.037931 0.579516 0.004911 0.092987 0.618884 0.004305 0.151802 0.409756 0.004279 0.018796 0.372974 0.004891 0.208376 0.508740 0.011542 0.322672 0.583551 0.016979 0.444000 0.407148 0.023233 0.330337 0.329075 0.017833 
-0.038102 0.579338 0.004952 0.092816 0.618697 0.003972 0.151620 0.409566 0.004108 0.018614 0.372792 0.005095 0.208348 0.508860 0.011489 0.322653 0.583659 0.016908 0.443965 0.407243 0.023111 0.330293 0.329181 0.017728 
