0.103136 0.514375 0.004550 0.072477 0.391654 0.004700 -0.011767 0.590042 0.003857 -0.023854 0.461973 0.004102 
0.103207 0.514210 0.004590 0.072524 0.391672 0.004725 -0.011725 0.590060 0.003963 -0.023785 0.461807 0.004186 
0.103424 0.513692 0.004624 0.072715 0.391748 0.004746 -0.011548 0.590135 0.004059 -0.023571 0.461289 0.004263 
0.103722 0.512978 0.004655 0.073039 0.391879 0.004765 -0.011242 0.590267 0.004147 -0.023278 0.460575 0.004333 
0.104022 0.512260 0.004682 0.073518 0.392074 0.004782 -0.010784 0.590466 0.004228 -0.022984 0.459859 0.004398 
0.103948 0.512525 0.004585 0.074133 0.392333 0.004569 -0.010111 0.590765 0.004324 -0.023074 0.460166 0.004345 
0.103972 0.512515 0.004577 0.075320 0.392844 0.004467 -0.008915 0.591312 0.004426 -0.023058 0.460177 0.004335 
0.103146 0.514430 0.004385 0.075345 0.393008 0.004055 -0.008754 0.591537 0.004782 -0.023899 0.462159 0.004410 
0.103318 0.513565 0.004140 0.075297 0.392921 0.004003 -0.008800 0.591453 0.004781 -0.023736 0.461303 0.004568 
0.104091 0.511596 0.004056 0.077698 0.393838 0.004050 -0.006440 0.592416 0.004639 -0.022986 0.459361 0.004572 
0.105110 0.509051 0.004050 0.080887 0.395095 0.004181 -0.003332 0.593723 0.004542 -0.021991 0.456833 0.004651 
0.105905 0.506970 0.003967 0.084055 0.396419 0.004168 -0.000222 0.595106 0.004588 -0.021221 0.454779 0.004800 
0.106640 0.504944 0.003893 0.086876 0.397591 0.004168 0.002551 0.596333 0.004645 -0.020510 0.452780 0.004986 
0.107569 0.502724 0.003978 0.089473 0.398656 0.004361 0.005071 0.597433 0.004801 -0.019598 0.450569 0.005333 
0.108473 0.500558 0.004064 0.094197 0.400605 0.004348 0.009700 0.599465 0.004784 -0.018720 0.448425 0.005275 
0.109534 0.498002 0.004140 0.098774 0.402488 0.004357 0.014169 0.601421 0.004761 -0.017686 0.445886 0.005230 
0.110672 0.495247 0.004210 0.103214 0.404306 0.004380 0.018506 0.603312 0.004741 -0.016576 0.443152 0.005199 
0.111803 0.492520 0.004273 0.107025 0.405866 0.004434 0.022220 0.604930 0.004759 -0.015472 0.440441 0.005271 
0.112806 0.490105 0.004330 0.110365 0.407234 0.004501 0.025475 0.606349 0.004800 -0.014490 0.438042 0.005423 
0.113585 0.488245 0.004385 0.113195 0.408392 0.004582 0.028238 0.607552 0.004863 -0.013729 0.436194 0.005658 
0.113786 0.488165 0.004530 0.114837 0.408860 0.004700 0.030630 0.608381 0.005224 -0.013726 0.436612 0.006137 
0.113787 0.488189 0.004570 0.117134 0.409793 0.004761 0.032914 0.609368 0.005260 -0.013730 0.436656 0.006386 
0.113737 0.488337 0.004602 0.118995 0.410547 0.004835 0.034760 0.610165 0.005292 -0.013779 0.436817 0.006711 
0.113791 0.488243 0.004635 0.119354 0.410710 0.004970 0.035027 0.610296 0.005411 -0.013695 0.436671 0.007298 
0.114095 0.487484 0.004663 0.118370 0.410303 0.005177 0.033919 0.609810 0.005588 -0.013347 0.435836 0.008094 
0.114529 0.486451 0.004685 0.118724 0.410445 0.005288 0.034225 0.609941 0.005674 -0.012903 0.434793 0.008587 
0.115101 0.485094 0.004704 0.119557 0.410784 0.005358 0.035020 0.610285 0.005721 -0.012332 0.433442 0.008967 
0.115641 0.483807 0.004720 0.120562 0.411193 0.005402 0.035988 0.610704 0.005747 -0.011792 0.432162 0.009290 
0.116174 0.482538 0.004736 0.121885 0.411731 0.005418 0.037274 0.611260 0.005747 -0.011264 0.430903 0.009556 
0.116518 0.482104 0.004795 0.121653 0.411680 0.005532 0.037435 0.611370 0.005991 -0.011006 0.430727 0.010137 
-0.012836 0.443626 0.013534 0.301564 0.598071 0.003845 0.291759 0.274358 0.013754 0.112562 0.357308 0.012527 0.030538 0.608169 0.009966 0.141449 0.608845 0.006891 
-0.005297 0.445897 0.012903 0.296392 0.605485 0.004296 0.285334 0.274967 0.009805 0.105948 0.357042 0.011141 0.040370 0.604772 0.009411 0.144632 0.607583 0.006567 
-0.003761 0.449887 0.012848 0.295073 0.608258 0.004663 0.281621 0.276830 0.007299 0.100689 0.358950 0.010505 0.045590 0.606064 0.009602 0.146026 0.608508 0.006772 
-0.003324 0.452388 0.012802 0.296647 0.606962 0.004721 0.279442 0.278205 0.006824 0.099260 0.360314 0.010402 0.048009 0.607366 0.009613 0.147002 0.609399 0.006804 
-0.002241 0.451550 0.012144 0.297795 0.606190 0.004760 0.275730 0.278625 0.006644 0.097974 0.361212 0.010160 0.050566 0.608447 0.008630 0.149534 0.609589 0.006169 
-0.000620 0.449318 0.010904 0.298942 0.605595 0.004833 0.271160 0.279260 0.006305 0.096438 0.362447 0.009598 0.054539 0.610161 0.006871 0.153839 0.609672 0.005078 
-0.000724 0.450097 0.009719 0.300023 0.604928 0.004840 0.265321 0.278896 0.006360 0.096448 0.362467 0.008777 0.059679 0.611735 0.006139 0.152518 0.610078 0.004906 
-0.001148 0.451460 0.008791 0.301046 0.603854 0.004772 0.261658 0.278207 0.006945 0.097661 0.362175 0.008203 0.063055 0.612778 0.005802 0.150153 0.610562 0.004907 
-0.001532 0.452700 0.008206 0.301969 0.602556 0.004663 0.260164 0.277469 0.007785 0.098949 0.361933 0.007976 0.064422 0.613197 0.005630 0.147791 0.611029 0.004907 
-0.001893 0.453836 0.007687 0.302770 0.601390 0.004566 0.258962 0.276628 0.008604 0.100048 0.361755 0.007806 0.065393 0.613466 0.005493 0.145412 0.611499 0.004906 
-0.002186 0.454782 0.007186 0.303215 0.600772 0.004572 0.258638 0.276129 0.009237 0.100889 0.361681 0.007623 0.066109 0.613685 0.005374 0.143241 0.611968 0.004926 
-0.002442 0.455620 0.006767 0.304152 0.600609 0.004849 0.259883 0.276719 0.009584 0.101519 0.361792 0.007479 0.066308 0.613746 0.005284 0.141716 0.612425 0.005000 
-0.002662 0.456350 0.006446 0.304818 0.601251 0.005410 0.261455 0.277416 0.009877 0.101876 0.361985 0.007401 0.065900 0.613622 0.005222 0.141060 0.612731 0.005130 
-0.002856 0.456990 0.006127 0.305274 0.601565 0.005932 0.262820 0.277636 0.010263 0.102111 0.362084 0.007340 0.065381 0.613464 0.005162 0.140436 0.612934 0.005249 
-0.003031 0.457560 0.005769 0.305496 0.601348 0.006367 0.263758 0.277314 0.010731 0.102187 0.362053 0.007258 0.064947 0.613332 0.005089 0.139715 0.613034 0.005348 
-0.003196 0.458086 0.005343 0.305534 0.600672 0.006730 0.264282 0.276570 0.011219 0.102060 0.361911 0.007124 0.064717 0.613262 0.005000 0.138869 0.613055 0.005429 
-0.003273 0.457805 0.005208 0.305579 0.600000 0.007154 0.264510 0.275695 0.011730 0.100953 0.361743 0.007247 0.061248 0.612025 0.004655 0.139369 0.612625 0.005229 
-0.003450 0.458430 0.005175 0.306254 0.599448 0.007873 0.265366 0.275041 0.012439 0.100569 0.361684 0.007452 0.058931 0.611317 0.004695 0.139484 0.612504 0.005427 
-0.003634 0.459080 0.005144 0.306905 0.599335 0.008739 0.266121 0.274871 0.013150 0.100474 0.361701 0.007668 0.056667 0.610625 0.004730 0.139872 0.612428 0.005656 
-0.003669 0.459255 0.005082 0.307493 0.599506 0.009664 0.266721 0.275003 0.013811 0.100408 0.361767 0.007888 0.054686 0.609988 0.004677 0.140582 0.612330 0.005846 
-0.003845 0.459878 0.005062 0.308076 0.599701 0.010612 0.267244 0.275151 0.014457 0.100416 0.361833 0.008095 0.052507 0.609322 0.004712 0.141202 0.612269 0.006100 
-0.003785 0.459559 0.005007 0.308717 0.599817 0.011474 0.267635 0.275298 0.015036 0.100224 0.361844 0.008322 0.050114 0.608459 0.004525 0.142358 0.612011 0.006167 
-0.003958 0.460172 0.004983 0.309241 0.600055 0.012360 0.268122 0.275496 0.015601 0.100290 0.361907 0.008494 0.048264 0.607893 0.004580 0.142881 0.611977 0.006435 
-0.004111 0.460714 0.004957 0.309683 0.600185 0.013154 0.268565 0.275596 0.016124 0.100314 0.361951 0.008645 0.046574 0.607376 0.004631 0.143297 0.611941 0.006682 
-0.004329 0.461536 0.004892 0.310050 0.600301 0.013864 0.268946 0.275661 0.016592 0.100504 0.361984 0.008725 0.045223 0.606987 0.004720 0.143443 0.611973 0.006941 
-0.004395 0.461768 0.004897 0.310450 0.600441 0.014542 0.269394 0.275766 0.017012 0.100431 0.362050 0.008875 0.043617 0.606496 0.004745 0.143929 0.611927 0.007137 
-0.004424 0.462407 0.004627 0.310825 0.600600 0.015108 0.269696 0.275923 0.017311 0.101052 0.362052 0.008778 0.044125 0.606633 0.004772 0.143784 0.612054 0.007373 
-0.004511 0.463452 0.004287 0.311054 0.600870 0.015608 0.269777 0.276277 0.017501 0.101893 0.362068 0.008576 0.044828 0.606818 0.004796 0.143513 0.612247 0.007582 
-0.004051 0.462466 0.004014 0.311198 0.601139 0.016081 0.269785 0.276576 0.017690 0.102119 0.362023 0.008554 0.045519 0.606810 0.004566 0.144110 0.612123 0.007621 
-0.004452 0.464396 0.003889 0.311377 0.601297 0.016544 0.269883 0.276754 0.017900 0.102857 0.362081 0.008425 0.045199 0.606820 0.004810 0.143682 0.612372 0.007925 
-0.003767 0.462230 0.003795 0.311597 0.601537 0.016935 0.269922 0.277029 0.018029 0.102375 0.362071 0.008577 0.044495 0.606296 0.004378 0.145235 0.611982 0.007762 
-0.003795 0.462151 0.003844 0.311701 0.601732 0.017292 0.269962 0.277205 0.018157 0.102168 0.362080 0.008665 0.042853 0.605698 0.004314 0.145904 0.611826 0.007794 
-0.003788 0.462136 0.003949 0.311855 0.601786 0.017625 0.270112 0.277255 0.018328 0.101993 0.362127 0.008791 0.041722 0.605353 0.004369 0.146323 0.611769 0.007916 
-0.003777 0.462107 0.004045 0.311978 0.601843 0.017890 0.270231 0.277311 0.018455 0.101848 0.362170 0.008896 0.040803 0.605072 0.004420 0.146677 0.611724 0.008017 
-0.004040 0.463659 0.003851 0.312090 0.601901 0.018043 0.270287 0.277382 0.018492 0.102782 0.362144 0.008686 0.042116 0.605532 0.004651 0.145854 0.611993 0.008251 
-0.003432 0.461757 0.003810 0.312193 0.601985 0.018114 0.270263 0.277478 0.018460 0.102359 0.362126 0.008779 0.042191 0.605343 0.004342 0.146844 0.611729 0.008090 
-0.003420 0.461727 0.003920 0.312248 0.602069 0.018206 0.270320 0.277554 0.018480 0.102267 0.362164 0.008856 0.041627 0.605171 0.004398 0.147081 0.611708 0.008139 
-0.003365 0.461707 0.003983 0.312297 0.602114 0.018225 0.270363 0.277598 0.018467 0.102301 0.362187 0.008891 0.041627 0.605170 0.004454 0.147168 0.611721 0.008179 
-0.003243 0.461149 0.003938 0.312274 0.602229 0.018088 0.270275 0.277718 0.018289 0.102239 0.362103 0.008837 0.041456 0.604952 0.004290 0.147507 0.611565 0.008015 
-0.003970 0.463079 0.004147 0.312328 0.602203 0.017965 0.270252 0.277729 0.018197 0.102436 0.362102 0.008801 0.039257 0.604406 0.004546 0.147238 0.611637 0.008036 
-0.003599 0.461703 0.004185 0.312286 0.602225 0.017783 0.270111 0.277755 0.018042 0.102067 0.362062 0.008863 0.039285 0.604258 0.004334 0.147885 0.611422 0.007837 
-0.003665 0.462008 0.004195 0.312211 0.602304 0.017618 0.269994 0.277846 0.017902 0.102315 0.362054 0.008800 0.039868 0.604441 0.004409 0.147619 0.611497 0.007835 
-0.003796 0.462463 0.004237 0.312077 0.602389 0.017420 0.269844 0.277909 0.017735 0.102500 0.362052 0.008732 0.040180 0.604559 0.004507 0.147333 0.611572 0.007827 
-0.003744 0.462278 0.004306 0.311973 0.602495 0.017240 0.269719 0.278016 0.017596 0.102554 0.362068 0.008741 0.040766 0.604738 0.004550 0.147252 0.611608 0.007803 
-0.003521 0.461405 0.004370 0.311873 0.602562 0.017004 0.269549 0.278103 0.017429 0.102372 0.362066 0.008784 0.041145 0.604788 0.004448 0.147556 0.611520 0.007662 
-0.003408 0.460920 0.004448 0.311763 0.602578 0.016737 0.269398 0.278119 0.017265 0.102261 0.362063 0.008807 0.041508 0.604874 0.004412 0.147648 0.611482 0.007551 
-0.003401 0.460893 0.004498 0.311648 0.602569 0.016456 0.269272 0.278106 0.017112 0.102389 0.362037 0.008783 0.042343 0.605128 0.004465 0.147366 0.611524 0.007507 
-0.003701 0.462186 0.004391 0.311523 0.602549 0.016114 0.269101 0.278087 0.016912 0.103178 0.361966 0.008552 0.043954 0.605682 0.004649 0.146340 0.611759 0.007548 
-0.003657 0.462032 0.004447 0.311320 0.602508 0.015799 0.268859 0.278055 0.016744 0.103213 0.361941 0.008533 0.044771 0.605931 0.004679 0.146113 0.611783 0.007480 
-0.003150 0.460765 0.004335 0.311101 0.602434 0.015442 0.268527 0.278045 0.016551 0.103314 0.361851 0.008479 0.046878 0.606415 0.004498 0.146177 0.611702 0.007309 
-0.003058 0.460154 0.004444 0.310894 0.602329 0.015080 0.268174 0.277968 0.016367 0.103049 0.361765 0.008517 0.046454 0.606174 0.004362 0.146565 0.611506 0.007073 
-0.003300 0.460984 0.004410 0.310627 0.602358 0.014665 0.267836 0.277998 0.016079 0.103318 0.361720 0.008332 0.046797 0.606282 0.004396 0.146080 0.611587 0.006950 
-0.003194 0.459433 0.004695 0.310540 0.602218 0.014254 0.267573 0.277933 0.015839 0.102296 0.361605 0.008530 0.043855 0.605169 0.004032 0.147537 0.611050 0.006450 
-0.003454 0.460251 0.004723 0.310393 0.602046 0.013835 0.267389 0.277797 0.015622 0.102564 0.361541 0.008403 0.044552 0.605427 0.004166 0.146772 0.611165 0.006406 
-0.003259 0.459195 0.004728 0.310276 0.601913 0.013396 0.267144 0.277710 0.015372 0.102416 0.361376 0.008381 0.045188 0.605434 0.003971 0.146922 0.610951 0.006143 
-0.003432 0.459690 0.004775 0.310046 0.601875 0.013019 0.266926 0.277667 0.015166 0.102673 0.361324 0.008295 0.046185 0.605766 0.004095 0.146286 0.611051 0.006123 
-0.003752 0.460597 0.004840 0.309829 0.601810 0.012611 0.266681 0.277602 0.014939 0.102973 0.361271 0.008181 0.046705 0.605980 0.004249 0.145601 0.611164 0.006093 
-0.003223 0.459000 0.004753 0.309652 0.601720 0.012188 0.266405 0.277567 0.014705 0.103021 0.361141 0.008144 0.049022 0.606487 0.004036 0.145641 0.611035 0.005893 
-0.003225 0.458995 0.004775 0.309437 0.601662 0.011801 0.266194 0.277514 0.014490 0.103252 0.361081 0.008069 0.050550 0.606952 0.004115 0.145080 0.611111 0.005867 
-0.003748 0.460415 0.004873 0.309241 0.601567 0.011367 0.265942 0.277427 0.014227 0.103544 0.361030 0.007923 0.050319 0.606975 0.004305 0.144361 0.611232 0.005830 
-0.004606 0.463091 0.004909 0.309041 0.601598 0.010953 0.265628 0.277507 0.013932 0.104336 0.361011 0.007635 0.050194 0.607116 0.004624 0.143197 0.611535 0.005890 
-0.004469 0.462582 0.004910 0.308768 0.601506 0.010543 0.265350 0.277415 0.013688 0.104359 0.360969 0.007568 0.051937 0.607648 0.004632 0.142741 0.611584 0.005831 
-0.004346 0.462123 0.004912 0.308491 0.601511 0.010178 0.265051 0.277431 0.013450 0.104441 0.360946 0.007504 0.053589 0.608152 0.004642 0.142358 0.611643 0.005780 
-0.004233 0.461703 0.004915 0.308150 0.601526 0.009832 0.264662 0.277466 0.013219 0.104497 0.360926 0.007439 0.055126 0.608622 0.004653 0.142003 0.611697 0.005731 
-0.004127 0.461313 0.004918 0.307742 0.601485 0.009497 0.264181 0.277454 0.013003 0.104501 0.360895 0.007374 0.056534 0.609051 0.004665 0.141664 0.611735 0.005683 
-0.004031 0.460955 0.004922 0.307312 0.601392 0.009178 0.263662 0.277395 0.012811 0.104470 0.360855 0.007315 0.057807 0.609440 0.004677 0.141345 0.611757 0.005637 
-0.003944 0.460635 0.004929 0.306921 0.601284 0.008891 0.263175 0.277320 0.012648 0.104445 0.360812 0.007266 0.058935 0.609784 0.004690 0.141062 0.611773 0.005596 
-0.003872 0.460367 0.004944 0.306605 0.601206 0.008651 0.262778 0.277273 0.012515 0.104441 0.360779 0.007231 0.059887 0.610075 0.004707 0.140833 0.611789 0.005566 
-0.003701 0.459650 0.004993 0.306392 0.601187 0.008449 0.262460 0.277280 0.012389 0.104207 0.360781 0.007262 0.060196 0.610142 0.004614 0.141052 0.611714 0.005442 
-0.003862 0.460074 0.005029 0.306373 0.601266 0.008322 0.262311 0.277377 0.012278 0.104405 0.360782 0.007211 0.060318 0.610214 0.004673 0.140907 0.611769 0.005444 
-0.003807 0.459870 0.005037 0.306324 0.601348 0.008231 0.262196 0.277470 0.012194 0.104480 0.360789 0.007199 0.061022 0.610429 0.004690 0.140818 0.611801 0.005448 
-0.003760 0.459695 0.005046 0.306244 0.601373 0.008153 0.262100 0.277499 0.012142 0.104505 0.360788 0.007195 0.061561 0.610594 0.004706 0.140715 0.611822 0.005452 
-0.003722 0.459554 0.005057 0.306175 0.601377 0.008110 0.262016 0.277502 0.012124 0.104510 0.360785 0.007202 0.061942 0.610710 0.004722 0.140638 0.611834 0.005462 
-0.003700 0.459468 0.005064 0.306108 0.601374 0.008109 0.261927 0.277495 0.012139 0.104511 0.360781 0.007217 0.062201 0.610789 0.004742 0.140577 0.611842 0.005484 
-0.003687 0.459415 0.005071 0.306047 0.601364 0.008152 0.261834 0.277480 0.012187 0.104494 0.360778 0.007242 0.062305 0.610822 0.004761 0.140554 0.611842 0.005515 
-0.003683 0.459395 0.005071 0.306020 0.601364 0.008235 0.261782 0.277472 0.012262 0.104483 0.360778 0.007273 0.062313 0.610825 0.004777 0.140552 0.611841 0.005553 
-0.003684 0.459395 0.005061 0.306016 0.601364 0.008335 0.261766 0.277464 0.012348 0.104481 0.360778 0.007302 0.062304 0.610822 0.004789 0.140550 0.611841 0.005593 
-0.003686 0.459395 0.005051 0.306019 0.601364 0.008440 0.261753 0.277456 0.012436 0.104475 0.360779 0.007331 0.062256 0.610808 0.004801 0.140561 0.611839 0.005633 
-0.003688 0.459395 0.005043 0.306027 0.601366 0.008552 0.261745 0.277447 0.012524 0.104462 0.360782 0.007361 0.062163 0.610781 0.004811 0.140587 0.611835 0.005673 
-0.003689 0.459395 0.005039 0.306044 0.601370 0.008676 0.261747 0.277442 0.012610 0.104441 0.360786 0.007393 0.062016 0.610736 0.004825 0.140637 0.611827 0.005717 
-0.003690 0.459394 0.005035 0.306066 0.601376 0.008808 0.261753 0.277438 0.012698 0.104414 0.360793 0.007426 0.061831 0.610680 0.004838 0.140701 0.611818 0.005762 
-0.003690 0.459393 0.005032 0.306094 0.601384 0.008947 0.261765 0.277436 0.012788 0.104383 0.360801 0.007459 0.061609 0.610613 0.004849 0.140779 0.611806 0.005807 
-0.003691 0.459392 0.005028 0.306126 0.601393 0.009094 0.261781 0.277434 0.012880 0.104346 0.360810 0.007494 0.061353 0.610536 0.004860 0.140870 0.611792 0.005853 
-0.003692 0.459391 0.005025 0.306163 0.601403 0.009249 0.261803 0.277434 0.012974 0.104304 0.360820 0.007530 0.061066 0.610448 0.004869 0.140974 0.611777 0.005900 
-0.003692 0.459390 0.005022 0.306205 0.601414 0.009410 0.261827 0.277435 0.013070 0.104258 0.360832 0.007566 0.060748 0.610352 0.004878 0.141089 0.611760 0.005948 
-0.003693 0.459389 0.005020 0.306250 0.601427 0.009578 0.261857 0.277437 0.013168 0.104208 0.360845 0.007604 0.060403 0.610247 0.004886 0.141215 0.611742 0.005996 
-0.003693 0.459388 0.005017 0.306299 0.601440 0.009751 0.261889 0.277440 0.013268 0.104154 0.360859 0.007642 0.060033 0.610135 0.004893 0.141350 0.611722 0.006046 
-0.003693 0.459387 0.005015 0.306351 0.601454 0.009930 0.261925 0.277444 0.013370 0.104096 0.360873 0.007681 0.059642 0.610017 0.004900 0.141493 0.611701 0.006096 
-0.003693 0.459385 0.005012 0.306405 0.601469 0.010113 0.261962 0.277449 0.013472 0.104036 0.360889 0.007720 0.059233 0.609892 0.004906 0.141643 0.611679 0.006146 
-0.003693 0.459384 0.005010 0.306461 0.601485 0.010299 0.262003 0.277454 0.013575 0.103974 0.360905 0.007760 0.058809 0.609764 0.004911 0.141798 0.611657 0.006197 
-0.003757 0.459124 0.005085 0.306547 0.601484 0.010470 0.262005 0.277446 0.013670 0.103641 0.360886 0.007865 0.057264 0.609233 0.004815 0.142357 0.611475 0.006136 
-0.003843 0.459676 0.005025 0.306717 0.601572 0.010661 0.262112 0.277539 0.013749 0.103901 0.360926 0.007825 0.057067 0.609204 0.004872 0.142317 0.611559 0.006228 
-0.003836 0.459644 0.005019 0.306766 0.601618 0.010848 0.262153 0.277584 0.013846 0.103851 0.360948 0.007863 0.056747 0.609107 0.004877 0.142466 0.611544 0.006283 
-0.004039 0.460213 0.005042 0.306843 0.601663 0.011015 0.262195 0.277617 0.013935 0.103884 0.360971 0.007875 0.055773 0.608846 0.004921 0.142545 0.611554 0.006335 
-0.004024 0.460154 0.005034 0.306880 0.601705 0.011182 0.262229 0.277657 0.014030 0.103836 0.360991 0.007914 0.055539 0.608776 0.004921 0.142668 0.611542 0.006383 
-0.004017 0.460123 0.005026 0.306906 0.601729 0.011335 0.262250 0.277681 0.014129 0.103790 0.361005 0.007952 0.055309 0.608707 0.004920 0.142773 0.611530 0.006427 
-0.004016 0.460116 0.005019 0.306933 0.601742 0.011475 0.262274 0.277693 0.014230 0.103753 0.361016 0.007991 0.055087 0.608640 0.004919 0.142858 0.611519 0.006467 
-0.004017 0.460116 0.005012 0.306958 0.601750 0.011605 0.262291 0.277696 0.014329 0.103721 0.361024 0.008027 0.054874 0.608576 0.004918 0.142934 0.611508 0.006503 
-0.004018 0.460115 0.005006 0.306982 0.601757 0.011726 0.262303 0.277696 0.014420 0.103690 0.361032 0.008061 0.054672 0.608515 0.004917 0.143004 0.611498 0.006537 
-0.004018 0.460115 0.005000 0.307005 0.601764 0.011839 0.262312 0.277694 0.014505 0.103662 0.361039 0.008092 0.054481 0.608457 0.004916 0.143070 0.611489 0.006569 
-0.003717 0.458615 0.005059 0.307143 0.601665 0.011893 0.262278 0.277687 0.014563 0.103058 0.360976 0.008262 0.053048 0.607824 0.004588 0.144186 0.611123 0.006314 
-0.003761 0.458773 0.005045 0.307218 0.601743 0.012022 0.262351 0.277753 0.014618 0.103144 0.360981 0.008268 0.053026 0.607816 0.004625 0.144169 0.611142 0.006381 
-0.003779 0.458831 0.005031 0.307234 0.601743 0.012115 0.262359 0.277752 0.014644 0.103169 0.360977 0.008262 0.053013 0.607811 0.004659 0.144154 0.611144 0.006436 
-0.004056 0.459683 0.005027 0.307270 0.601744 0.012173 0.262324 0.277754 0.014624 0.103345 0.360969 0.008188 0.052252 0.607612 0.004744 0.144030 0.611182 0.006485 
-0.004023 0.459557 0.005023 0.307276 0.601833 0.012295 0.262302 0.277847 0.014625 0.103325 0.360995 0.008194 0.052256 0.607613 0.004765 0.144132 0.611184 0.006540 
-0.003995 0.459451 0.005018 0.307272 0.601927 0.012414 0.262271 0.277946 0.014630 0.103312 0.361021 0.008200 0.052256 0.607613 0.004783 0.144226 0.611189 0.006593 
-0.003973 0.459368 0.005014 0.307258 0.602015 0.012521 0.262237 0.278035 0.014640 0.103309 0.361044 0.008208 0.052255 0.607613 0.004800 0.144307 0.611193 0.006640 
-0.003958 0.459309 0.005010 0.307236 0.602099 0.012618 0.262195 0.278117 0.014659 0.103321 0.361064 0.008217 0.052254 0.607613 0.004816 0.144376 0.611200 0.006684 
-0.003950 0.459275 0.005006 0.307216 0.602174 0.012707 0.262154 0.278189 0.014684 0.103342 0.361080 0.008227 0.052254 0.607613 0.004830 0.144433 0.611206 0.006723 
-0.003946 0.459258 0.005003 0.307207 0.602229 0.012783 0.262124 0.278240 0.014713 0.103363 0.361091 0.008239 0.052255 0.607613 0.004842 0.144474 0.611211 0.006757 
-0.003933 0.458917 0.005045 0.307299 0.602215 0.012837 0.262084 0.278278 0.014723 0.103138 0.361089 0.008296 0.051307 0.607287 0.004744 0.144937 0.611090 0.006676 
-0.003934 0.458913 0.005038 0.307328 0.602227 0.012928 0.262090 0.278297 0.014755 0.103155 0.361090 0.008303 0.051312 0.607289 0.004766 0.144965 0.611089 0.006724 
-0.003934 0.458912 0.005031 0.307331 0.602228 0.013004 0.262083 0.278295 0.014787 0.103156 0.361089 0.008310 0.051311 0.607288 0.004786 0.144967 0.611088 0.006764 
-0.003935 0.458911 0.005024 0.307327 0.602226 0.013071 0.262068 0.278286 0.014818 0.103156 0.361088 0.008315 0.051309 0.607287 0.004804 0.144961 0.611088 0.006800 
-0.004022 0.459153 0.005032 0.307332 0.602229 0.013123 0.262033 0.278269 0.014842 0.103183 0.361090 0.008310 0.051005 0.607210 0.004838 0.144928 0.611099 0.006831 
-0.004012 0.459112 0.005027 0.307330 0.602267 0.013199 0.262021 0.278309 0.014864 0.103181 0.361101 0.008319 0.051006 0.607210 0.004850 0.144966 0.611101 0.006866 
-0.004007 0.459090 0.005022 0.307317 0.602313 0.013275 0.262002 0.278356 0.014892 0.103191 0.361111 0.008329 0.051005 0.607210 0.004860 0.145002 0.611105 0.006899 
-0.004004 0.459079 0.005017 0.307306 0.602348 0.013340 0.261979 0.278387 0.014923 0.103203 0.361118 0.008339 0.051004 0.607210 0.004870 0.145025 0.611109 0.006928 
-0.004004 0.459073 0.005012 0.307299 0.602363 0.013393 0.261961 0.278398 0.014954 0.103209 0.361121 0.008348 0.051003 0.607210 0.004879 0.145034 0.611111 0.006953 
-0.004004 0.459071 0.005008 0.307295 0.602366 0.013437 0.261945 0.278393 0.014983 0.103211 0.361121 0.008357 0.051002 0.607209 0.004886 0.145031 0.611111 0.006974 
-0.004077 0.459277 0.005015 0.307302 0.602363 0.013468 0.261909 0.278378 0.015009 0.103237 0.361123 0.008356 0.050747 0.607145 0.004908 0.145002 0.611122 0.006990 
-0.004003 0.459036 0.004989 0.307364 0.602373 0.013514 0.261889 0.278403 0.015028 0.103258 0.361100 0.008365 0.050752 0.607094 0.004855 0.145177 0.611069 0.006970 
-0.003863 0.458288 0.004960 0.307585 0.602383 0.013508 0.261907 0.278536 0.014984 0.103092 0.361046 0.008393 0.049821 0.606645 0.004603 0.145925 0.610847 0.006762 
-0.004176 0.459473 0.004869 0.307708 0.602472 0.013568 0.261959 0.278640 0.014964 0.103657 0.361035 0.008250 0.049981 0.606750 0.004740 0.145473 0.610998 0.006873 
-0.004489 0.460256 0.004924 0.307799 0.602546 0.013665 0.261919 0.278757 0.014963 0.103758 0.361068 0.008233 0.048918 0.606492 0.004826 0.145507 0.611034 0.006921 
-0.004426 0.460022 0.004925 0.307773 0.602633 0.013778 0.261873 0.278849 0.014981 0.103697 0.361099 0.008258 0.048965 0.606507 0.004829 0.145631 0.611032 0.006966 
-0.004458 0.460147 0.004895 0.307791 0.602684 0.013877 0.261840 0.278908 0.014993 0.103782 0.361111 0.008235 0.048912 0.606499 0.004847 0.145664 0.611049 0.007011 
-0.004394 0.459909 0.004899 0.307782 0.602731 0.013988 0.261819 0.278957 0.015019 0.103700 0.361136 0.008263 0.048902 0.606497 0.004851 0.145793 0.611038 0.007054 
-0.004341 0.459714 0.004905 0.307775 0.602776 0.014091 0.261802 0.279003 0.015043 0.103635 0.361158 0.008289 0.048893 0.606495 0.004859 0.145901 0.611030 0.007097 
-0.004590 0.460487 0.004889 0.307807 0.602779 0.014164 0.261767 0.279040 0.015049 0.103853 0.361167 0.008226 0.048511 0.606438 0.004954 0.145704 0.611103 0.007170 
-0.004507 0.460182 0.004892 0.307797 0.602813 0.014262 0.261742 0.279076 0.015066 0.103741 0.361192 0.008255 0.048502 0.606437 0.004945 0.145860 0.611084 0.007201 
-0.004431 0.459903 0.004895 0.307783 0.602860 0.014356 0.261713 0.279126 0.015079 0.103643 0.361219 0.008280 0.048495 0.606436 0.004937 0.146007 0.611071 0.007231 
-0.004362 0.459651 0.004898 0.307766 0.602922 0.014446 0.261681 0.279190 0.015088 0.103558 0.361248 0.008302 0.048488 0.606435 0.004930 0.146147 0.611062 0.007260 
-0.004302 0.459429 0.004901 0.307750 0.602982 0.014529 0.261650 0.279253 0.015097 0.103486 0.361275 0.008323 0.048481 0.606434 0.004925 0.146271 0.611055 0.007288 
-0.004250 0.459239 0.004905 0.307736 0.603032 0.014605 0.261625 0.279305 0.015108 0.103422 0.361297 0.008343 0.048476 0.606433 0.004924 0.146377 0.611049 0.007315 
-0.004205 0.459071 0.004908 0.307724 0.603074 0.014673 0.261603 0.279349 0.015119 0.103366 0.361317 0.008361 0.048471 0.606433 0.004922 0.146470 0.611043 0.007339 
-0.004244 0.459126 0.004907 0.307772 0.603100 0.014714 0.261569 0.279401 0.015116 0.103373 0.361311 0.008357 0.047997 0.606262 0.004892 0.146642 0.611005 0.007316 
-0.004108 0.458616 0.004902 0.307826 0.603135 0.014772 0.261535 0.279464 0.015121 0.103251 0.361310 0.008394 0.047831 0.606152 0.004804 0.146986 0.610925 0.007273 
-0.004088 0.458539 0.004909 0.307836 0.603187 0.014855 0.261523 0.279520 0.015149 0.103241 0.361325 0.008416 0.047832 0.606153 0.004817 0.147053 0.610926 0.007312 
-0.004072 0.458478 0.004916 0.307834 0.603200 0.014918 0.261519 0.279533 0.015181 0.103220 0.361332 0.008436 0.047828 0.606152 0.004830 0.147086 0.610924 0.007343 
-0.004061 0.458435 0.004922 0.307833 0.603206 0.014972 0.261516 0.279539 0.015215 0.103205 0.361335 0.008456 0.047825 0.606152 0.004841 0.147108 0.610922 0.007371 
-0.003965 0.458070 0.004892 0.307958 0.603246 0.015016 0.261521 0.279594 0.015222 0.103198 0.361295 0.008470 0.047572 0.605975 0.004731 0.147470 0.610815 0.007304 
-0.004026 0.458263 0.004897 0.307969 0.603265 0.015075 0.261521 0.279611 0.015250 0.103253 0.361298 0.008471 0.047484 0.605961 0.004771 0.147424 0.610834 0.007348 
-0.003704 0.456940 0.004901 0.308057 0.603238 0.015101 0.261499 0.279664 0.015253 0.102883 0.361246 0.008569 0.047060 0.605660 0.004522 0.148216 0.610589 0.007184 
-0.004131 0.458240 0.004797 0.308284 0.603208 0.015060 0.261490 0.279786 0.015157 0.103332 0.361190 0.008389 0.045748 0.605234 0.004498 0.148214 0.610588 0.007092 
-0.004642 0.460351 0.004664 0.308447 0.603198 0.015101 0.261559 0.279801 0.015126 0.104211 0.361188 0.008149 0.046297 0.605533 0.004775 0.147261 0.610868 0.007292 
-0.004546 0.459996 0.004693 0.308471 0.603254 0.015216 0.261533 0.279863 0.015142 0.104115 0.361217 0.008196 0.046373 0.605557 0.004789 0.147447 0.610852 0.007348 
-0.004149 0.458396 0.004709 0.308525 0.603300 0.015292 0.261480 0.279972 0.015118 0.103636 0.361197 0.008312 0.046000 0.605277 0.004542 0.148372 0.610602 0.007208 
-0.004104 0.458228 0.004735 0.308488 0.603431 0.015431 0.261423 0.280110 0.015138 0.103609 0.361235 0.008348 0.046043 0.605290 0.004580 0.148483 0.610615 0.007285 
-0.003767 0.457814 0.004539 0.308502 0.603519 0.015525 0.261374 0.280231 0.015121 0.103988 0.361253 0.008247 0.047788 0.605780 0.004537 0.148432 0.610699 0.007354 
-0.004276 0.459475 0.004496 0.308580 0.603546 0.015590 0.261389 0.280297 0.015097 0.104558 0.361266 0.008099 0.047684 0.605873 0.004778 0.147753 0.610897 0.007519 
-0.004648 0.460363 0.004607 0.308653 0.603598 0.015648 0.261401 0.280365 0.015061 0.104563 0.361307 0.008090 0.046209 0.605512 0.004896 0.147790 0.610927 0.007559 
-0.004079 0.457968 0.004690 0.308727 0.603581 0.015667 0.261363 0.280414 0.015000 0.103692 0.361259 0.008282 0.045193 0.604966 0.004529 0.149167 0.610528 0.007305 
-0.004015 0.457732 0.004717 0.308676 0.603697 0.015771 0.261291 0.280535 0.014990 0.103657 0.361293 0.008310 0.045363 0.605018 0.004568 0.149261 0.610540 0.007376 
-0.003956 0.457510 0.004742 0.308629 0.603802 0.015873 0.261226 0.280646 0.014982 0.103618 0.361326 0.008336 0.045492 0.605057 0.004604 0.149356 0.610550 0.007443 
-0.003900 0.457302 0.004765 0.308599 0.603859 0.015964 0.261184 0.280707 0.014981 0.103565 0.361347 0.008361 0.045581 0.605085 0.004636 0.149441 0.610549 0.007502 
-0.003863 0.457142 0.004788 0.308587 0.603896 0.016052 0.261158 0.280745 0.014984 0.103511 0.361362 0.008384 0.045583 0.605085 0.004667 0.149523 0.610542 0.007557 
-0.003567 0.455639 0.004893 0.308633 0.603885 0.016110 0.261103 0.280780 0.014972 0.102858 0.361333 0.008545 0.044395 0.604575 0.004434 0.150559 0.610251 0.007398 
-0.004045 0.456938 0.004965 0.308694 0.603956 0.016186 0.261107 0.280845 0.014952 0.103021 0.361352 0.008497 0.043020 0.604245 0.004607 0.150395 0.610314 0.007474 
-0.004236 0.457432 0.004999 0.308752 0.603932 0.016234 0.261123 0.280816 0.014938 0.103065 0.361353 0.008475 0.042543 0.604143 0.004704 0.150290 0.610337 0.007532 
-0.004171 0.457185 0.004996 0.308687 0.603962 0.016295 0.261046 0.280849 0.014932 0.103035 0.361362 0.008484 0.042907 0.604254 0.004724 0.150284 0.610343 0.007586 
-0.004082 0.456391 0.005018 0.308740 0.604006 0.016306 0.260952 0.280955 0.014869 0.102742 0.361298 0.008532 0.041927 0.603806 0.004538 0.151014 0.610116 0.007436 
-0.003689 0.454791 0.005037 0.308776 0.604016 0.016314 0.260921 0.280994 0.014824 0.102293 0.361242 0.008633 0.041857 0.603607 0.004307 0.151755 0.609879 0.007301 
-0.003366 0.453862 0.004895 0.308816 0.604058 0.016275 0.260874 0.281082 0.014720 0.102339 0.361169 0.008566 0.042669 0.603678 0.004100 0.152103 0.609757 0.007191 
-0.003500 0.454252 0.004916 0.308838 0.603976 0.016269 0.260876 0.280994 0.014690 0.102432 0.361137 0.008535 0.042752 0.603724 0.004213 0.151836 0.609781 0.007259 
-0.003846 0.455440 0.004870 0.308794 0.603957 0.016242 0.260815 0.280984 0.014626 0.102864 0.361101 0.008397 0.042861 0.603810 0.004390 0.151278 0.609892 0.007355 
-0.003807 0.455287 0.004881 0.308718 0.603965 0.016234 0.260747 0.280988 0.014584 0.102866 0.361098 0.008392 0.043393 0.603970 0.004441 0.151125 0.609913 0.007405 
-0.003777 0.455168 0.004890 0.308623 0.604041 0.016247 0.260640 0.281069 0.014548 0.102919 0.361107 0.008390 0.043891 0.604120 0.004487 0.151031 0.609943 0.007458 
-0.003751 0.455067 0.004899 0.308537 0.604102 0.016251 0.260543 0.281135 0.014517 0.102971 0.361113 0.008388 0.044356 0.604260 0.004530 0.150936 0.609970 0.007502 
-0.003778 0.454336 0.005038 0.308550 0.604168 0.016187 0.260464 0.281229 0.014421 0.102420 0.361066 0.008492 0.042388 0.603537 0.004349 0.151800 0.609705 0.007292 
