0.007217 0.000506 0.999974 0.000149 -0.002269 0.999997 0.000214 -0.002426 0.999997 0.007234 0.000463 0.999974 
0.006514 0.000457 0.999979 0.000132 -0.002007 0.999998 0.000190 -0.002148 0.999998 0.006529 0.000418 0.999979 
0.005888 0.000413 0.999983 0.000119 -0.001803 0.999998 0.000170 -0.001931 0.999998 0.005902 0.000378 0.999983 
0.005331 0.000374 0.999986 0.000106 -0.001618 0.999999 0.000153 -0.001733 0.999998 0.005343 0.000342 0.999986 
0.004264 0.000299 0.999991 0.000092 -0.001404 0.999999 0.000132 -0.001496 0.999999 0.004274 0.000273 0.999991 
0.003875 0.000272 0.999992 0.000048 -0.000728 1.000000 0.000072 -0.000813 1.000000 0.003881 0.000248 0.999992 
0.003890 0.000272 0.999992 0.000043 -0.000654 1.000000 0.000065 -0.000739 1.000000 0.003896 0.000249 0.999992 
0.003531 0.000247 0.999994 0.000037 -0.000566 1.000000 0.000057 -0.000644 1.000000 0.003536 0.000226 0.999994 
0.004297 0.000301 0.999991 -0.000066 0.001006 0.999999 -0.000080 0.000908 1.000000 0.004292 0.000274 0.999991 
0.004668 0.000327 0.999989 -0.000045 0.000684 1.000000 -0.000051 0.000579 1.000000 0.004666 0.000298 0.999989 
0.005838 0.000409 0.999983 0.000020 -0.000303 1.000000 0.000038 -0.000433 1.000000 0.005843 0.000374 0.999983 
0.005151 0.000387 0.999987 0.000014 -0.000199 1.000000 0.000029 -0.000314 1.000000 0.005154 0.000356 0.999987 
0.002644 0.000197 0.999996 -0.000412 0.005882 0.999983 -0.000538 0.005811 0.999983 0.002609 0.000178 0.999997 
0.005654 0.000420 0.999984 -0.000474 0.006789 0.999977 -0.000614 0.006650 0.999978 0.005615 0.000382 0.999984 
0.006458 0.000484 0.999979 -0.000306 0.004328 0.999991 -0.000389 0.004176 0.999991 0.006435 0.000443 0.999979 
0.009765 0.000728 0.999952 -0.000395 0.005624 0.999984 -0.000500 0.005395 0.999985 0.009735 0.000666 0.999952 
0.032681 0.003316 0.999460 -0.000547 0.005620 0.999984 -0.000584 0.004879 0.999988 0.032666 0.003112 0.999461 
0.029151 0.002784 0.999571 -0.000682 0.007465 0.999972 -0.000774 0.006798 0.999977 0.029122 0.002601 0.999572 
0.006370 0.000439 0.999980 -0.000385 0.005948 0.999982 -0.000505 0.005795 0.999983 0.006336 0.000398 0.999980 
-0.000317 -0.000020 1.000000 0.000185 -0.003126 0.999995 0.000254 -0.003113 0.999995 -0.000298 -0.000017 1.000000 
-0.000268 -0.000017 1.000000 0.000174 -0.002941 0.999996 0.000239 -0.002930 0.999996 -0.000250 -0.000014 1.000000 
0.003578 0.000261 0.999994 -0.000038 0.000560 1.000000 -0.000044 0.000479 1.000000 0.003576 0.000239 0.999994 
0.002991 0.000234 0.999996 -0.000381 0.005156 0.999987 -0.000490 0.005079 0.999987 0.002960 0.000214 0.999996 
0.000115 0.000009 1.000000 -0.000418 0.005634 0.999984 -0.000543 0.005619 0.999984 0.000081 0.000006 1.000000 
0.003008 0.000229 0.999995 -0.000277 0.003860 0.999993 -0.000356 0.003785 0.999993 0.002986 0.000209 0.999996 
0.019237 0.001124 0.999814 0.000139 -0.002569 0.999997 0.000229 -0.002993 0.999995 0.019260 0.001007 0.999814 
0.045779 0.001816 0.998950 0.000214 -0.006112 0.999981 0.000409 -0.007124 0.999975 0.045827 0.001537 0.998948 
0.063952 0.002058 0.997951 0.000125 -0.004548 0.999990 0.000297 -0.005969 0.999982 0.063991 0.001666 0.997949 
0.002060 -0.004403 0.999988 0.000020 -0.000382 1.000000 0.065521 0.002316 0.997849 -0.055884 0.012296 0.998362 0.011062 0.005152 0.999926 0.000242 -0.000095 1.000000 
0.026209 -0.056869 0.998038 -0.000050 0.001008 0.999999 0.057714 0.001799 0.998332 -0.056704 0.011484 0.998325 0.012349 0.005678 0.999908 0.023539 -0.009070 0.999682 
0.024105 -0.051857 0.998364 -0.000005 0.000101 1.000000 0.060210 0.001865 0.998184 -0.050848 0.012368 0.998630 0.022015 0.010223 0.999705 0.020980 -0.008566 0.999743 
0.020624 -0.044378 0.998802 0.000030 -0.000613 1.000000 0.073240 0.002259 0.997312 -0.042054 0.012642 0.999035 0.039081 0.018178 0.999071 0.020876 -0.009208 0.999740 
0.016720 -0.036310 0.999201 0.000129 -0.002856 0.999996 0.088004 0.002397 0.996117 -0.032231 0.011577 0.999413 0.056034 0.025850 0.998094 0.021430 -0.010205 0.999718 
0.013413 -0.029143 0.999485 0.000252 -0.005676 0.999984 0.103059 0.002768 0.994671 -0.023740 0.009552 0.999673 0.072209 0.033303 0.996833 0.022463 -0.011250 0.999684 
0.011855 -0.025270 0.999610 0.000316 -0.006190 0.999981 0.119128 0.004010 0.992871 -0.019991 0.008348 0.999765 0.086589 0.040719 0.995412 0.024861 -0.012573 0.999612 
0.011158 -0.023259 0.999667 0.000270 -0.004637 0.999989 0.136049 0.005526 0.990687 -0.018949 0.008004 0.999788 0.100098 0.048158 0.993811 0.028062 -0.014156 0.999506 
0.009964 -0.020388 0.999742 0.000248 -0.003873 0.999992 0.153041 0.007119 0.988194 -0.016580 0.007066 0.999838 0.111342 0.054564 0.992283 0.032049 -0.016130 0.999356 
0.008630 -0.017401 0.999811 0.000208 -0.003006 0.999995 0.169904 0.008735 0.985422 -0.013767 0.005908 0.999888 0.121410 0.060348 0.990766 0.036528 -0.018351 0.999164 
0.007026 -0.014014 0.999877 0.000055 -0.000762 1.000000 0.187585 0.010226 0.982195 -0.010561 0.004547 0.999934 0.131905 0.066229 0.989047 0.041522 -0.020820 0.998921 
0.005026 -0.009924 0.999938 0.000081 -0.001049 0.999999 0.217607 0.012897 0.975951 -0.005574 0.002395 0.999982 0.141988 0.071906 0.987253 0.051271 -0.025562 0.998358 
0.001600 -0.003128 0.999994 0.000233 -0.002922 0.999996 0.244841 0.015125 0.969445 0.006222 -0.002706 0.999977 0.151516 0.077270 0.985430 0.061299 -0.030603 0.997650 
-0.000002 0.000003 1.000000 0.000208 -0.002596 0.999997 0.267592 0.016573 0.963390 0.013064 -0.005731 0.999898 0.157692 0.080580 0.984195 0.069979 -0.035047 0.996933 
-0.000002 0.000003 1.000000 -0.000056 0.000700 1.000000 0.285088 0.017186 0.958347 0.015210 -0.006738 0.999862 0.164623 0.084120 0.982763 0.076039 -0.038328 0.996368 
-0.000007 0.000013 1.000000 -0.000642 0.008037 0.999967 0.294924 0.017266 0.955365 0.014082 -0.006280 0.999881 0.173510 0.088660 0.980833 0.078236 -0.039646 0.996146 
-0.000015 0.000030 1.000000 -0.001737 0.020880 0.999780 0.299561 0.017264 0.953921 0.010394 -0.004585 0.999935 0.183976 0.094006 0.978425 0.078639 -0.039700 0.996112 
-0.005576 0.010996 0.999924 -0.001944 0.024655 0.999694 0.307920 0.015962 0.951278 -0.026567 0.009773 0.999599 0.065548 0.033021 0.997303 0.091784 -0.042860 0.994856 
-0.000341 0.000669 1.000000 -0.000784 0.013990 0.999902 0.308403 0.010056 0.951203 -0.017181 0.004560 0.999842 0.039553 0.020082 0.999016 0.109062 -0.044478 0.993039 
0.009321 -0.015845 0.999831 -0.000254 0.009441 0.999955 0.305584 0.001530 0.952164 -0.007550 0.001185 0.999971 0.036762 0.021579 0.999091 0.121448 -0.041639 0.991724 
0.017481 -0.025167 0.999530 0.000390 0.013355 0.999911 0.302091 -0.015814 0.953148 -0.019566 0.001734 0.999807 0.051691 0.035917 0.998017 0.113495 -0.035885 0.992890 
0.118169 -0.007012 0.992969 0.014668 -0.019786 0.999697 0.000833 0.019763 0.999804 0.058963 0.043716 0.997302 0.100083 -0.029682 0.994536 
0.227366 0.201034 0.952833 0.002259 0.022383 0.999747 0.042668 -0.012205 0.999015 0.126574 -0.009732 0.991909 0.011514 -0.013120 0.999848 
0.283646 0.318545 0.904475 0.009699 0.047036 0.998846 0.010550 -0.002805 0.999940 0.132295 -0.014459 0.991105 -0.012574 0.010977 0.999861 
0.013934 -0.019673 0.999709 0.011860 0.051759 0.998589 0.108336 -0.005052 0.994101 0.091072 0.064633 0.993745 0.276278 -0.075364 0.958118 -0.024379 0.006311 0.999683 
0.004361 -0.009972 0.999941 0.016926 0.070321 0.997381 0.105947 -0.008428 0.994336 0.111969 -0.034885 0.993099 0.031069 0.013536 0.999426 
-0.009467 0.026625 0.999601 0.032570 0.109435 0.993460 0.115796 -0.017808 0.993113 0.108572 -0.042836 0.993165 0.057391 0.020181 0.998148 
0.116831 -0.024465 0.992850 -0.013704 0.044376 0.998921 0.050015 0.143469 0.988390 0.069335 0.021021 0.997372 0.107127 -0.049143 0.993030 
0.122293 -0.027271 0.992119 -0.012836 0.045394 0.998887 0.064770 0.176082 0.982242 0.088204 0.024360 0.995804 0.115419 -0.055163 0.991784 
0.131505 -0.030951 0.990832 -0.014124 0.054006 0.998441 0.082144 0.216614 0.972795 0.117250 0.029590 0.992662 0.285112 -0.144506 0.947539 0.014472 -0.007091 0.999870 
0.143517 -0.037550 0.988935 -0.015699 0.065353 0.997739 0.095768 0.242516 0.965409 0.150123 0.034118 0.988078 0.302021 -0.165820 0.938769 0.009189 -0.004765 0.999946 
0.153954 -0.046906 0.986964 -0.018885 0.084354 0.996257 0.107638 0.258877 0.959894 0.185539 0.037942 0.981904 0.308212 -0.181951 0.933756 0.000596 -0.000343 1.000000 
0.163738 -0.057866 0.984805 -0.022270 0.109789 0.993705 0.124669 0.280928 0.951597 0.219868 0.038306 0.974777 0.308133 -0.198700 0.930362 -0.004455 0.002829 0.999986 
0.174153 -0.070011 0.982227 -0.025684 0.140097 0.989805 0.144991 0.307297 0.940503 0.253307 0.036053 0.966714 0.305828 -0.216146 0.927227 -0.006365 0.004381 0.999970 
0.186102 -0.083363 0.978988 -0.028842 0.170536 0.984929 0.166159 0.335879 0.927134 0.288164 0.032537 0.957028 0.303928 -0.234299 0.923435 -0.005086 0.003732 0.999980 
0.195979 -0.095761 0.975921 -0.030079 0.194041 0.980532 0.185491 0.364383 0.912589 0.320791 0.026927 0.946767 0.307830 -0.258364 0.915690 -0.006612 0.005091 0.999965 
0.195801 -0.101329 0.975394 -0.032473 0.214900 0.976096 0.200301 0.390482 0.898556 0.353457 0.022513 0.935180 0.304569 -0.268696 0.913805 -0.017910 0.014287 0.999738 
0.195204 -0.104871 0.975140 -0.035409 0.236257 0.971045 0.216412 0.421449 0.880651 0.387762 0.016682 0.921609 0.296985 -0.274025 0.914719 -0.027933 0.022640 0.999353 
0.200281 -0.110649 0.973470 -0.038576 0.257675 0.965461 0.232478 0.456491 0.858819 0.289048 -0.278938 0.915776 0.421127 0.008808 0.906959 -0.029227 0.023826 0.999289 
0.209559 -0.119505 0.970466 -0.041405 0.285614 0.957450 0.255195 0.499049 0.828146 0.274273 -0.282370 0.919261 0.451510 -0.005085 0.892252 -0.020437 0.016679 0.999652 
0.212831 -0.127264 0.968766 -0.038319 0.329065 0.943529 0.296274 0.549455 0.781231 0.241337 -0.273644 0.931062 0.468709 -0.034888 0.882663 -0.006748 0.005574 0.999962 
0.202972 -0.132188 0.970221 -0.033726 0.390873 0.919827 0.353719 0.590759 0.725180 0.197796 -0.250269 0.947756 0.470994 -0.070853 0.879286 -0.003825 0.003310 0.999987 
0.174380 -0.133472 0.975590 -0.044502 0.450116 0.891860 0.416848 0.613868 0.670376 0.158436 -0.226281 0.961090 0.503144 -0.108997 0.857302 -0.038374 0.037287 0.998568 
0.151778 -0.134026 0.979286 -0.054888 0.523347 0.850350 0.483732 0.644371 0.592274 0.122416 -0.201611 0.971786 0.521116 -0.170342 0.836315 -0.063855 0.066944 0.995711 
0.137514 -0.138110 0.980824 -0.072215 0.591023 0.803415 0.547854 0.674587 0.494762 0.089689 -0.172131 0.980983 0.522296 -0.238214 0.818817 -0.069919 0.077648 0.994526 
0.125102 -0.139979 0.982220 -0.108034 0.653347 0.749311 0.596743 0.703935 0.385194 0.062115 -0.137020 0.988619 0.505203 -0.302371 0.808296 -0.071596 0.082029 0.994055 
0.107277 -0.131302 0.985521 -0.170091 0.706082 0.687399 0.649185 0.712883 0.265248 0.035102 -0.086485 0.995635 0.469931 -0.354253 0.808499 -0.077675 0.090111 0.992898 
0.013049 -0.035633 0.999280 0.005014 0.738231 0.674529 0.288588 0.272350 0.917901 0.425448 -0.390323 0.816481 -0.090103 0.106008 0.990275 0.124918 -0.018440 0.991996 0.272894 -0.001780 0.962043 
-0.007403 0.022658 0.999716 0.297114 -0.035415 0.954185 -0.111266 0.659284 0.743616 0.323518 0.298202 0.898004 0.374119 -0.416339 0.828672 -0.099427 0.124321 0.987248 0.275587 -0.011512 0.961207 
0.350567 0.328824 0.876914 -0.015777 0.055121 0.998355 0.017133 -0.021540 0.999621 0.419836 -0.031405 0.907057 -0.125156 0.613799 0.779479 0.410206 -0.072979 0.909068 
-0.015559 0.064740 0.997781 0.412278 -0.030164 0.910559 0.446723 -0.132118 0.884863 -0.056202 0.577585 0.814394 0.338496 0.336037 0.878919 0.329447 -0.432967 0.839050 -0.126253 0.173669 0.976678 
-0.010338 0.051018 0.998644 -0.117571 0.177063 0.977152 0.320363 -0.449035 0.834107 0.013962 0.517183 0.855761 0.321047 0.333089 0.886555 0.474166 -0.199409 0.857556 0.416402 -0.021547 0.908925 
-0.003565 0.020761 0.999778 -0.101446 0.164143 0.981206 0.321428 -0.474692 0.819360 0.069621 0.454384 0.888081 0.300769 0.327663 0.895642 0.486645 -0.269616 0.830953 0.274836 -0.006965 0.961466 
-0.077543 0.135768 0.987701 0.323664 -0.497629 0.804740 0.104697 0.383001 0.917796 0.282653 0.315015 0.906020 0.001250 -0.008732 0.999961 0.490020 -0.326209 0.808373 0.286943 -0.000694 0.957947 
-0.056659 0.107421 0.992598 0.321418 -0.515233 0.794497 0.121228 0.312437 0.942171 0.270516 0.300893 0.914486 0.003644 -0.031531 0.999496 0.487824 -0.370333 0.790494 0.296363 0.004172 0.955066 
0.316409 -0.532037 0.785380 -0.042397 0.086951 0.995310 0.484531 -0.413992 0.770610 0.297218 0.004807 0.954797 0.128727 0.270135 0.954179 0.261482 0.285457 0.922031 0.004421 -0.050470 0.998716 
0.314899 -0.550870 0.772904 -0.032896 0.072842 0.996801 0.494149 -0.434795 0.752841 0.290644 0.001195 0.956831 0.120760 0.229240 0.965850 0.252120 0.265759 0.930488 0.004454 -0.074785 0.997190 
0.313294 -0.579375 0.752444 -0.024137 0.057313 0.998064 0.506246 -0.451274 0.734892 0.284905 -0.004951 0.958543 0.112525 0.203102 0.972670 0.241994 0.245131 0.938802 0.003181 -0.106315 0.994327 
0.317131 -0.608142 0.727730 -0.013169 0.033983 0.999336 0.519595 -0.456413 0.722294 0.286112 -0.011980 0.958121 0.099577 0.171657 0.980111 0.231856 0.224310 0.946535 0.441550 0.877237 0.188386 -0.000140 -0.145110 0.989416 
0.322218 -0.637173 0.700133 0.000409 -0.001153 0.999999 0.536729 -0.447409 0.715365 0.296331 -0.019067 0.954895 0.079254 0.131447 0.988150 0.222755 0.204992 0.953079 0.383996 0.895360 0.225561 -0.005783 -0.186917 0.982359 
0.344736 -0.670098 0.657363 0.014463 -0.044568 0.998902 0.555422 -0.435407 0.708468 0.310573 -0.024779 0.950227 0.046879 0.071691 0.996325 0.203816 0.180112 0.962299 0.349711 0.890037 0.292467 -0.019487 -0.256567 0.966330 
0.403440 -0.695058 0.595089 0.031535 -0.105709 0.993897 0.569164 -0.435670 0.697312 0.318504 -0.027192 0.947531 0.018221 0.025463 0.999510 0.166649 0.142968 0.975596 0.342697 0.857050 0.384740 -0.037501 -0.347926 0.936772 
0.499907 -0.687851 0.526265 0.055217 -0.198148 0.978616 0.584014 -0.432742 0.686777 0.324468 -0.026844 0.945516 -0.009280 -0.012111 0.999884 0.113702 0.093731 0.989084 0.325155 0.808166 0.491062 -0.059222 -0.453816 0.889125 
0.083902 -0.305419 0.948515 0.650756 -0.609949 0.452194 0.601847 -0.431137 0.672236 0.330233 -0.023646 0.943603 0.296404 0.735999 0.608646 -0.078990 -0.571832 0.816559 -0.029861 -0.037355 0.998856 0.049332 0.038686 0.998033 
0.108829 -0.395039 0.912195 0.720769 -0.533149 0.442995 0.625397 -0.432222 0.649664 0.316288 -0.016981 0.948511 0.282486 0.700625 0.655230 -0.077717 -0.618803 0.781693 -0.046327 -0.056107 0.997349 0.001967 0.001473 0.999997 
0.120558 -0.420757 0.899127 0.755120 -0.487475 0.438362 0.660390 -0.418147 0.623729 0.286886 -0.011800 0.957892 0.274286 0.672017 0.687867 -0.080704 -0.651740 0.754136 -0.081243 -0.092523 0.992391 -0.035603 -0.026348 0.999019 
0.112113 -0.398112 0.910460 0.795927 -0.428942 0.427210 0.690024 -0.415025 0.592976 0.245442 -0.012539 0.969330 0.288560 0.624878 0.725438 -0.093262 -0.685937 0.721659 -0.099688 -0.108129 0.989126 -0.076014 -0.056226 0.995520 
0.100340 -0.358487 0.928126 0.843522 -0.354215 0.403735 0.720738 -0.401630 0.565005 0.205600 -0.012296 0.978559 0.292417 0.577023 0.762586 -0.089960 -0.720305 0.687800 -0.108719 -0.117336 0.987123 -0.108104 -0.079915 0.990922 
0.108294 -0.368790 0.923183 0.875226 -0.280801 0.393865 0.742751 -0.383607 0.548787 0.188178 -0.009823 0.982086 0.278703 0.556288 0.782859 -0.072749 -0.741378 0.667133 -0.112728 -0.123839 0.985878 -0.130359 -0.095327 0.986873 
0.133154 -0.420281 0.897571 0.895396 -0.214485 0.390208 0.751173 -0.369217 0.547191 0.205653 -0.006960 0.978600 0.251750 0.545191 0.799618 -0.067755 -0.762903 0.642953 -0.113456 -0.127927 0.985273 -0.140959 -0.101660 0.984782 
0.150649 -0.453713 0.878322 0.906535 -0.166483 0.387915 0.750719 -0.358014 0.555200 0.227479 -0.004198 0.973774 0.231387 0.532314 0.814310 -0.076746 -0.781488 0.619182 -0.113837 -0.131652 0.984738 -0.142402 -0.101734 0.984567 
0.149970 -0.442507 0.884136 0.909503 -0.156304 0.385192 0.751331 -0.342955 0.563811 0.227937 -0.002138 0.973674 0.228425 0.529040 0.817275 -0.066567 -0.784556 0.616474 -0.117398 -0.138718 0.983349 -0.137798 -0.099694 0.985430 
0.138306 -0.402235 0.905029 0.902678 -0.193479 0.384369 0.754084 -0.334379 0.565286 0.206438 -0.001408 0.978459 0.238221 0.539365 0.807673 -0.046764 -0.771934 0.633980 -0.118556 -0.142009 0.982740 -0.132538 -0.097793 0.986342 
0.118867 -0.349440 0.929388 0.880511 -0.270755 0.389091 0.759391 -0.328100 0.561851 0.172432 -0.001882 0.985020 0.259846 0.559893 0.786766 -0.030198 -0.744878 0.666517 -0.120870 -0.145023 0.982018 -0.126997 -0.095299 0.987314 
0.096509 -0.295810 0.950359 0.835605 -0.373894 0.402451 0.764989 -0.320847 0.558434 0.136591 -0.003096 0.990623 0.292065 0.585754 0.756036 -0.026928 -0.706800 0.706901 -0.127023 -0.150689 0.980387 -0.119772 -0.090764 0.988644 
0.074411 -0.244691 0.966742 0.775047 -0.472867 0.419165 0.768405 -0.312418 0.558524 0.102933 -0.004154 0.994680 0.334253 0.610950 0.717646 -0.040571 -0.662094 0.748322 -0.136187 -0.158663 0.977895 -0.110891 -0.083369 0.990330 
0.051481 -0.182476 0.981862 0.734920 -0.530412 0.422559 0.766779 -0.302538 0.566146 0.078418 -0.004175 0.996912 0.367995 0.615116 0.697289 -0.040967 -0.633608 0.772569 -0.149199 -0.169913 0.974099 -0.099405 -0.073068 0.992361 
0.039331 -0.147568 0.988270 0.693335 -0.577942 0.430429 0.763805 -0.291467 0.575889 0.067629 -0.004298 0.997701 0.392823 0.621639 0.677684 -0.046056 -0.609643 0.791337 -0.166512 -0.183700 0.968777 -0.088248 -0.063587 0.994067 
0.034296 -0.137746 0.989874 0.647364 -0.621360 0.441398 0.762713 -0.278584 0.583661 0.065167 -0.004986 0.997862 0.413231 0.632473 0.655147 -0.058264 -0.586648 0.807744 -0.186098 -0.198140 0.962345 -0.079002 -0.055682 0.995318 
0.030618 -0.133162 0.990621 0.597180 -0.661760 0.453265 0.761610 -0.265069 0.591345 0.065687 -0.006037 0.997822 0.431413 0.643710 0.632076 -0.072877 -0.564564 0.822166 -0.207611 -0.212684 0.954811 -0.069757 -0.047981 0.996409 
0.023431 -0.112488 0.993377 0.545874 -0.698601 0.462578 0.753862 -0.270955 0.598561 0.061778 -0.006726 0.998067 0.458207 0.651059 0.605119 -0.088203 -0.536761 0.839111 -0.213964 -0.214391 0.953025 -0.058302 -0.038796 0.997545 
0.010064 -0.051208 0.998637 0.489248 -0.732748 0.472986 0.734772 -0.284991 0.615540 0.058007 -0.006778 0.998293 0.492714 0.649000 0.579683 -0.086279 -0.505019 0.858785 -0.217125 -0.214104 0.952374 -0.033903 -0.021921 0.999185 
-0.003436 0.018051 0.999831 0.432792 -0.758873 0.486624 0.719489 -0.289051 0.631494 0.052693 -0.006391 0.998590 0.531156 0.642496 0.552334 -0.080914 -0.469654 0.879135 -0.227383 -0.219397 0.948769 -0.007396 -0.004669 0.999962 
0.381979 -0.773573 0.505645 -0.013117 0.072463 0.997285 0.704978 -0.287980 0.648131 0.043459 -0.005627 0.999039 -0.243830 -0.228613 0.942488 0.011855 0.007316 0.999903 0.571007 0.630844 0.525344 -0.078794 -0.434920 0.897015 
0.337298 -0.782968 0.522677 -0.018348 0.110126 0.993748 0.703700 -0.283733 0.651385 0.027161 -0.003936 0.999623 -0.263041 -0.236200 0.935424 0.021637 0.013100 0.999680 0.610765 0.615331 0.498332 -0.081297 -0.401989 0.912028 
0.319010 -0.790002 0.523573 -0.018179 0.126021 0.991861 0.704959 -0.278582 0.652246 0.016734 -0.002753 0.999856 -0.284512 -0.242858 0.927401 0.019532 0.011437 0.999744 0.626691 0.598428 0.499141 -0.092849 -0.400610 0.911532 
-0.010639 0.087771 0.996084 0.349606 -0.797927 0.491007 0.695096 -0.267678 0.667226 0.027302 -0.004917 0.999615 0.599758 0.594068 0.536072 -0.110264 -0.441399 0.890510 -0.318672 -0.256954 0.912372 0.001099 0.000606 0.999999 
-0.000177 0.001834 0.999998 0.435873 -0.782738 0.444225 0.680280 -0.265375 0.683224 0.047611 -0.009454 0.998821 0.551049 0.580435 0.599533 -0.136209 -0.510575 0.848976 -0.348224 -0.265472 0.899035 -0.034162 -0.017359 0.999266 
0.008419 -0.111554 0.993723 0.597068 -0.698484 0.394501 0.669708 -0.264834 0.693797 0.067965 -0.014825 0.997578 0.489844 0.539267 0.685014 -0.166223 -0.600765 0.781954 -0.371278 -0.269752 0.888474 -0.086376 -0.039921 0.995462 
0.016434 -0.241691 0.970214 0.772672 -0.511288 0.376247 0.660565 -0.262317 0.703452 0.086224 -0.020209 0.996071 0.430089 0.479081 0.765183 -0.191690 -0.685157 0.702720 -0.382130 -0.274829 0.882296 -0.147041 -0.061339 0.987227 
0.013796 -0.203613 0.978954 0.738735 -0.562225 0.371719 0.642566 -0.270069 0.717058 0.081313 -0.019493 0.996498 0.437112 0.478547 0.761529 -0.192357 -0.679732 0.707788 -0.376891 -0.276555 0.884008 -0.137866 -0.056146 0.988858 
0.008342 -0.127398 0.991817 0.669205 -0.637204 0.382277 0.613876 -0.269560 0.741953 0.064760 -0.015437 0.997781 0.469612 0.488394 0.735483 -0.172912 -0.647219 0.742435 -0.383599 -0.286591 0.877905 -0.114405 -0.045909 0.992373 
0.002039 -0.039701 0.999210 0.637550 -0.668800 0.382408 0.597752 -0.271562 0.754285 0.045643 -0.010860 0.998899 0.505367 0.484287 0.714192 -0.154475 -0.614855 0.773363 -0.390909 -0.289892 0.873586 -0.093289 -0.037315 0.994940 
-0.000144 0.003537 0.999994 0.599130 -0.702557 0.384001 0.612322 -0.280188 0.739295 0.033479 -0.008212 0.999406 0.527186 0.483251 0.698959 -0.153795 -0.594112 0.789543 -0.388383 -0.278914 0.878274 -0.083173 -0.033390 0.995976 
-0.000109 0.003738 0.999993 0.559300 -0.730907 0.391099 0.645158 -0.300843 0.702328 0.025621 -0.006782 0.999649 0.543004 0.485043 0.685477 -0.165051 -0.579099 0.798375 -0.364659 -0.253717 0.895908 -0.083696 -0.033505 0.995928 
-0.000096 0.006963 0.999976 0.516620 -0.755609 0.402691 0.656023 -0.307056 0.689457 0.018874 -0.005338 0.999808 0.563715 0.482967 0.670051 -0.179530 -0.560649 0.808357 -0.356566 -0.245925 0.901322 -0.082353 -0.032152 0.996084 
-0.000170 0.062207 0.998063 0.465432 -0.781934 0.414672 0.653909 -0.309669 0.690296 -0.001198 0.000348 0.999999 0.592696 0.470959 0.653383 -0.172033 -0.535093 0.827091 -0.361924 -0.244669 0.899527 -0.073695 -0.027956 0.996889 
0.001375 0.134432 0.990922 0.405002 -0.808295 0.427356 0.649841 -0.308715 0.694552 -0.027721 0.008230 0.999582 0.628251 0.451996 0.633246 -0.162237 -0.502706 0.849097 -0.376415 -0.245942 0.893210 -0.063796 -0.023398 0.997689 
0.004801 0.193428 0.981103 0.337882 -0.831108 0.441697 0.649535 -0.305329 0.696332 -0.051250 0.015824 0.998561 0.664188 0.432262 0.609921 -0.158142 -0.468649 0.869114 -0.392653 -0.246916 0.885921 -0.054694 -0.019364 0.998315 
0.008969 0.226080 0.974067 0.276752 -0.843995 0.459435 0.650358 -0.304378 0.695980 -0.065725 0.021330 0.997610 0.691986 0.416204 0.589856 -0.159513 -0.442312 0.882562 -0.407649 -0.245052 0.879643 -0.048081 -0.016336 0.998710 
0.011781 0.207275 0.978212 0.280165 -0.845858 0.453907 0.652583 -0.305739 0.693296 -0.065579 0.022523 0.997593 0.688756 0.410859 0.597336 -0.175473 -0.451145 0.875030 -0.412181 -0.242210 0.878317 -0.056908 -0.018630 0.998206 
0.014150 0.209050 0.977803 0.292073 -0.847130 0.443918 0.641246 -0.302483 0.705200 -0.064182 0.022371 0.997687 0.687089 0.402772 0.604718 -0.181233 -0.456524 0.871057 -0.425212 -0.246983 0.870743 -0.058073 -0.018637 0.998138 
0.015649 0.226594 0.973864 0.299509 -0.849254 0.434813 0.626394 -0.298984 0.719888 -0.063778 0.022012 0.997721 0.684857 0.396361 0.611448 -0.180066 -0.460614 0.869144 -0.438581 -0.253171 0.862294 -0.055530 -0.017539 0.998303 
0.016140 0.241585 0.970245 0.304982 -0.850289 0.428945 0.618899 -0.295034 0.727956 -0.066035 0.022435 0.997565 0.682924 0.393826 0.615236 -0.176329 -0.462697 0.868804 -0.445995 -0.257840 0.857092 -0.055257 -0.017260 0.998323 
0.015680 0.244672 0.969479 0.313043 -0.849097 0.425485 0.619113 -0.290888 0.729440 -0.068820 0.023111 0.997361 0.679725 0.395104 0.617953 -0.173408 -0.465351 0.867974 -0.448614 -0.260560 0.854900 -0.058540 -0.018222 0.998119 
0.016027 0.242897 0.969920 0.323589 -0.848253 0.419234 0.618027 -0.285787 0.732372 -0.070366 0.023579 0.997242 0.676269 0.394923 0.621849 -0.177829 -0.470217 0.864449 -0.451564 -0.264539 0.852120 -0.063044 -0.019429 0.997822 
0.018098 0.257802 0.966028 0.331588 -0.847013 0.415474 0.614074 -0.281802 0.737225 -0.075369 0.025148 0.996839 0.675908 0.388225 0.626442 -0.175776 -0.471772 0.864022 -0.454873 -0.268772 0.849030 -0.064133 -0.019642 0.997748 
0.019207 0.271727 0.962183 0.332448 -0.847525 0.413739 0.611571 -0.279889 0.740029 -0.079067 0.026282 0.996523 0.676654 0.383990 0.628245 -0.173376 -0.471315 0.864756 -0.456545 -0.271043 0.847409 -0.063338 -0.019365 0.997804 
0.019391 0.275755 0.961032 0.329674 -0.848515 0.413929 0.611086 -0.280633 0.740148 -0.079341 0.026353 0.996499 0.677863 0.383222 0.627410 -0.172720 -0.469976 0.865616 -0.455570 -0.270866 0.847990 -0.061865 -0.018934 0.997905 
0.019452 0.277561 0.960511 0.322963 -0.850120 0.415921 0.610611 -0.283099 0.739601 -0.077658 0.025804 0.996646 0.680633 0.383123 0.624464 -0.172330 -0.466818 0.867400 -0.452569 -0.269683 0.849972 -0.058739 -0.017988 0.998111 
0.020074 0.281363 0.959391 0.315405 -0.851933 0.418007 0.607472 -0.287488 0.740492 -0.075336 0.025058 0.996843 0.685151 0.381625 0.620428 -0.174494 -0.462600 0.869225 -0.449583 -0.267944 0.852104 -0.054433 -0.016563 0.998380 
0.023156 0.302575 0.952844 0.301085 -0.856355 0.419529 0.600509 -0.291107 0.744746 -0.074934 0.024869 0.996878 0.691466 0.374531 0.617739 -0.172973 -0.456608 0.872691 -0.447012 -0.268112 0.853403 -0.046582 -0.014001 0.998816 
0.025065 0.326235 0.944956 0.286942 -0.860380 0.421201 0.595896 -0.294851 0.746975 -0.076400 0.025203 0.996759 0.699073 0.367407 0.613440 -0.168608 -0.448283 0.877846 -0.441659 -0.267599 0.856346 -0.038361 -0.011501 0.999198 
0.025531 0.343200 0.938915 0.272194 -0.863302 0.424994 0.592695 -0.299695 0.747593 -0.076340 0.025004 0.996768 0.706811 0.363174 0.607061 -0.164307 -0.439133 0.883270 -0.435296 -0.265659 0.860199 -0.030629 -0.009165 0.999489 
0.025421 0.350745 0.936126 0.259562 -0.864912 0.429598 0.590572 -0.304270 0.747425 -0.073987 0.024151 0.996967 0.712635 0.361487 0.601231 -0.162019 -0.432202 0.887103 -0.429473 -0.263365 0.863824 -0.024168 -0.007232 0.999682 
0.027011 0.358351 0.933196 0.251193 -0.865933 0.432507 0.584971 -0.307243 0.750607 -0.071526 0.023359 0.997165 0.716833 0.357868 0.598399 -0.163910 -0.428621 0.888492 -0.428140 -0.262722 0.864681 -0.018877 -0.005599 0.999806 
0.030728 0.373994 0.926922 0.244162 -0.867979 0.432432 0.577343 -0.307220 0.756499 -0.071461 0.023398 0.997169 0.719864 0.349433 0.599744 -0.164190 -0.426541 0.889440 -0.429622 -0.264645 0.863359 -0.013682 -0.004018 0.999898 
0.032616 0.386790 0.921591 0.241880 -0.869562 0.430530 0.574920 -0.307095 0.758393 -0.074429 0.024339 0.996929 0.722237 0.343263 0.600454 -0.162645 -0.424201 0.890842 -0.428824 -0.265468 0.863503 -0.011530 -0.003380 0.999928 
0.032496 0.393915 0.918572 0.242391 -0.870174 0.429004 0.575231 -0.307314 0.758068 -0.077096 0.025037 0.996709 0.723556 0.341567 0.599833 -0.160327 -0.422186 0.892219 -0.427297 -0.265369 0.864290 -0.011352 -0.003331 0.999930 
0.032001 0.396804 0.917346 0.242437 -0.870405 0.428508 0.575345 -0.307244 0.758010 -0.077641 0.025055 0.996666 0.723788 0.342115 0.599240 -0.158981 -0.421423 0.892820 -0.426567 -0.265474 0.864618 -0.011328 -0.003321 0.999930 
0.033045 0.395952 0.917676 0.244559 -0.870645 0.426812 0.573451 -0.305649 0.760087 -0.076267 0.024543 0.996785 0.723049 0.342578 0.599867 -0.161972 -0.423164 0.891458 -0.427518 -0.267184 0.863621 -0.011704 -0.003410 0.999926 
0.034890 0.403428 0.914346 0.247407 -0.871295 0.423834 0.564911 -0.301908 0.767937 -0.074067 0.023559 0.996975 0.721298 0.341285 0.602706 -0.161881 -0.425226 0.890493 -0.433183 -0.271896 0.859317 -0.009324 -0.002702 0.999953 
0.035092 0.407761 0.912414 0.250108 -0.871370 0.422091 0.558918 -0.299731 0.773157 -0.072776 0.022988 0.997083 0.720635 0.340137 0.604146 -0.161004 -0.425799 0.890378 -0.437167 -0.274798 0.856371 -0.007649 -0.002213 0.999968 
0.034971 0.405488 0.913431 0.253144 -0.870910 0.421230 0.558169 -0.298787 0.774063 -0.072482 0.022909 0.997107 0.719688 0.340580 0.605024 -0.161424 -0.426937 0.889757 -0.438683 -0.275636 0.855325 -0.008429 -0.002438 0.999962 
0.034845 0.402517 0.914749 0.257205 -0.870279 0.420072 0.558428 -0.297848 0.774238 -0.072955 0.023081 0.997068 0.718288 0.341222 0.606325 -0.162027 -0.428613 0.888841 -0.440384 -0.276211 0.854266 -0.010147 -0.002938 0.999944 
0.035695 0.396227 0.917458 0.263118 -0.870111 0.416744 0.558396 -0.295884 0.775014 -0.071704 0.022680 0.997168 0.717276 0.342880 0.606587 -0.164555 -0.430351 0.887536 -0.439716 -0.277982 0.854035 -0.012393 -0.003564 0.999917 
0.035471 0.395065 0.917968 0.264304 -0.870656 0.414850 0.555837 -0.292114 0.778277 -0.067739 0.021349 0.997475 0.715542 0.345087 0.607383 -0.167042 -0.432772 0.885892 -0.438605 -0.281977 0.853297 -0.011142 -0.003192 0.999933 
0.034911 0.395644 0.917740 0.263732 -0.870733 0.415055 0.552975 -0.290645 0.780861 -0.065101 0.020464 0.997669 0.715570 0.345696 0.607004 -0.167380 -0.432765 0.885832 -0.438227 -0.283966 0.852831 -0.008883 -0.002548 0.999957 
0.034683 0.398717 0.916418 0.259145 -0.871481 0.416371 0.551779 -0.291597 0.781352 -0.064055 0.020092 0.997744 0.717518 0.345081 0.605051 -0.166929 -0.430542 0.887000 -0.436590 -0.283542 0.853811 -0.006317 -0.001814 0.999978 
0.034577 0.403385 0.914377 0.252228 -0.872435 0.418615 0.550960 -0.293406 0.781253 -0.063194 0.019789 0.997805 0.720502 0.343800 0.602229 -0.165957 -0.427089 0.888849 -0.433699 -0.282355 0.855676 -0.003050 -0.000876 0.999995 
0.035695 0.406438 0.912981 0.246462 -0.872913 0.421045 0.548307 -0.295101 0.782480 -0.061214 0.019120 0.997942 0.723409 0.343016 0.599182 -0.165071 -0.423677 0.890645 -0.431593 -0.281594 0.856991 0.000124 0.000035 1.000000 
0.036974 0.407639 0.912394 0.243452 -0.873233 0.422132 0.542146 -0.294825 0.786864 -0.056974 0.017719 0.998218 0.725011 0.342362 0.597618 -0.164990 -0.421945 0.891482 -0.432130 -0.283038 0.856244 0.003566 0.001010 0.999993 
0.036888 0.407635 0.912400 0.242972 -0.873390 0.422083 0.537993 -0.294272 0.789917 -0.054161 0.016798 0.998391 0.725635 0.342256 0.596920 -0.165219 -0.421331 0.891730 -0.432957 -0.284251 0.855424 0.005716 0.001616 0.999982 
0.036720 0.407249 0.912579 0.243336 -0.873443 0.421764 0.537426 -0.294133 0.790354 -0.053715 0.016654 0.998417 0.725693 0.342343 0.596800 -0.165377 -0.421303 0.891714 -0.433020 -0.284471 0.855319 0.005939 0.001679 0.999981 
0.036595 0.406607 0.912870 0.244253 -0.873456 0.421207 0.537594 -0.293769 0.790375 -0.053818 0.016688 0.998411 0.725118 0.342855 0.597205 -0.165743 -0.421993 0.891320 -0.433516 -0.284743 0.854977 0.005415 0.001530 0.999984 
0.037717 0.402170 0.914788 0.247991 -0.873393 0.419147 0.536478 -0.292798 0.791493 -0.052512 0.016272 0.998488 0.724626 0.343941 0.597179 -0.167492 -0.422923 0.890552 -0.433760 -0.285793 0.854503 0.004055 0.001137 0.999991 
0.038508 0.400971 0.915281 0.248995 -0.873270 0.418808 0.531912 -0.290914 0.795260 -0.049476 0.015305 0.998658 0.723925 0.344499 0.597707 -0.168391 -0.423896 0.889920 -0.435923 -0.288188 0.852595 0.005075 0.001412 0.999986 
0.038521 0.401043 0.915249 0.248837 -0.873288 0.418865 0.529225 -0.290102 0.797347 -0.047725 0.014748 0.998752 0.723912 0.344574 0.597679 -0.168576 -0.423954 0.889857 -0.436799 -0.289343 0.851755 0.006251 0.001735 0.999979 
0.038340 0.402223 0.914739 0.246940 -0.873489 0.419568 0.528809 -0.290566 0.797454 -0.047257 0.014600 0.998776 0.724779 0.344202 0.596842 -0.168736 -0.423076 0.890244 -0.435970 -0.289032 0.852286 0.007260 0.002015 0.999972 
0.038334 0.404344 0.913803 0.243798 -0.873782 0.420794 0.528476 -0.291465 0.797347 -0.046853 0.014469 0.998797 0.726268 0.343413 0.595486 -0.168232 -0.421368 0.891149 -0.434462 -0.288342 0.853289 0.008779 0.002437 0.999958 
0.039466 0.405030 0.913451 0.241552 -0.873861 0.421925 0.526299 -0.291903 0.798625 -0.045404 0.013999 0.998871 0.727401 0.343487 0.594057 -0.168027 -0.420028 0.891820 -0.434157 -0.288316 0.853453 0.010114 0.002790 0.999945 
0.040510 0.403694 0.913997 0.242320 -0.873880 0.421443 0.520923 -0.290305 0.802722 -0.041973 0.012895 0.999036 0.727102 0.344033 0.594108 -0.168702 -0.420485 0.891478 -0.436364 -0.290517 0.851579 0.011460 0.003136 0.999929 
0.040266 0.401000 0.915193 0.245754 -0.873657 0.419914 0.517687 -0.288703 0.805389 -0.039979 0.012257 0.999125 0.726011 0.344855 0.594965 -0.169634 -0.421862 0.890650 -0.438607 -0.292388 0.849784 0.011508 0.003142 0.999929 
0.039960 0.398268 0.916398 0.249538 -0.873333 0.418353 0.517656 -0.287715 0.805762 -0.040022 0.012270 0.999123 0.724576 0.345774 0.596179 -0.170469 -0.423579 0.889675 -0.440038 -0.293252 0.848746 0.010059 0.002746 0.999946 
0.039715 0.395882 0.917442 0.253008 -0.873067 0.416823 0.518050 -0.286657 0.805886 -0.040375 0.012380 0.999108 0.722773 0.347161 0.597561 -0.171422 -0.425671 0.888492 -0.441699 -0.294099 0.847589 0.008326 0.002272 0.999963 
0.040243 0.389358 0.920207 0.260465 -0.871814 0.414848 0.516569 -0.284524 0.807591 -0.039803 0.012201 0.999133 0.719768 0.349429 0.599862 -0.173986 -0.429401 0.886196 -0.445989 -0.296128 0.844631 0.004967 0.001344 0.999987 
0.039421 0.375129 0.926134 0.281112 -0.868042 0.409242 0.511746 -0.278730 0.812666 -0.038943 0.011894 0.999171 0.711698 0.353366 0.607139 -0.178489 -0.438991 0.880584 -0.458245 -0.301649 0.836073 -0.002853 -0.000763 0.999996 
0.038586 0.355811 0.933761 0.309118 -0.862598 0.400464 0.513255 -0.271819 0.814054 -0.041176 0.012613 0.999072 0.700297 0.357778 0.617720 -0.184397 -0.452400 0.872544 -0.469231 -0.307057 0.827972 -0.015254 -0.004051 0.999875 
0.037643 0.335401 0.941323 0.339408 -0.855469 0.391120 0.519239 -0.265289 0.812412 -0.045270 0.013967 0.998877 0.688651 0.361764 0.628400 -0.189889 -0.465833 0.864258 -0.476890 -0.311168 0.822040 -0.028664 -0.007617 0.999560 
0.036451 0.320906 0.946409 0.362028 -0.848650 0.385654 0.524274 -0.260111 0.810851 -0.049315 0.015331 0.998666 0.680228 0.364510 0.635942 -0.193298 -0.475326 0.858313 -0.481881 -0.314213 0.817961 -0.039070 -0.010380 0.999183 
0.036172 0.312366 0.949273 0.372791 -0.845450 0.382415 0.521937 -0.258488 0.812875 -0.049421 0.015398 0.998659 0.678275 0.365749 0.637315 -0.196350 -0.477800 0.856244 -0.483619 -0.316151 0.816187 -0.042841 -0.011297 0.999018 
0.036255 0.311002 0.949718 0.372273 -0.845808 0.382128 0.503146 -0.257794 0.824855 -0.039801 0.012353 0.999131 0.680377 0.365826 0.635026 -0.197815 -0.475707 0.857072 -0.482374 -0.321539 0.814818 -0.036459 -0.009409 0.999291 
0.036900 0.320789 0.946432 0.356421 -0.851022 0.385649 0.481471 -0.260157 0.836961 -0.027701 0.008589 0.999579 0.686322 0.363996 0.629658 -0.195795 -0.469111 0.861161 -0.477414 -0.323542 0.816943 -0.023199 -0.005848 0.999714 
0.039068 0.342381 0.938749 0.321867 -0.861864 0.391909 0.470816 -0.264821 0.841547 -0.021560 0.006686 0.999745 0.700581 0.358098 0.617214 -0.191699 -0.453517 0.870387 -0.478128 -0.320073 0.817892 -0.008310 -0.002040 0.999963 
0.042601 0.367325 0.929117 0.286889 -0.871715 0.397251 0.480951 -0.272044 0.833473 -0.024571 0.007666 0.999669 0.708180 0.354546 0.610556 -0.189893 -0.445249 0.875040 -0.479979 -0.311273 0.820201 -0.002462 -0.000589 0.999997 
0.041661 0.345173 0.937614 0.314993 -0.863219 0.394503 0.486728 -0.272115 0.830090 -0.029853 0.009422 0.999510 0.703173 0.355921 0.615522 -0.192425 -0.451127 0.871469 -0.484775 -0.309908 0.817894 -0.016781 -0.003877 0.999852 
0.040679 0.316453 0.947736 0.351654 -0.852177 0.387471 0.490713 -0.269396 0.828629 -0.035293 0.011268 0.999313 0.692703 0.357827 0.626197 -0.198679 -0.463618 0.863473 -0.497329 -0.310385 0.810139 -0.033912 -0.007647 0.999396 
0.039251 0.291969 0.955622 0.384896 -0.842664 0.376527 0.492189 -0.262992 0.829810 -0.038126 0.012329 0.999197 0.679269 0.360307 0.639353 -0.209270 -0.479667 0.852130 -0.511409 -0.314265 0.799812 -0.047875 -0.010700 0.998796 
0.036940 0.267028 0.962981 0.421396 -0.828524 0.368746 0.495380 -0.256202 0.830036 -0.040909 0.013353 0.999074 0.666687 0.362452 0.651273 -0.215930 -0.493915 0.842272 -0.519654 -0.318865 0.792644 -0.061377 -0.013690 0.998021 
0.034959 0.248974 0.967879 0.448108 -0.816612 0.363790 0.498765 -0.250366 0.829790 -0.043765 0.014446 0.998937 0.657717 0.363629 0.659683 -0.220938 -0.503989 0.834974 -0.525092 -0.322791 0.787455 -0.071768 -0.015962 0.997294 
0.033567 0.235044 0.971405 0.466999 -0.807188 0.361053 0.500777 -0.245649 0.829987 -0.045314 0.015023 0.998860 0.651141 0.364945 0.665455 -0.225380 -0.511246 0.829356 -0.529119 -0.326133 0.783371 -0.079238 -0.017563 0.996701 
0.032347 0.223983 0.974056 0.481827 -0.799256 0.359211 0.498650 -0.241758 0.832407 -0.044813 0.014831 0.998885 0.645600 0.365844 0.670342 -0.229456 -0.517339 0.824446 -0.534515 -0.329462 0.778299 -0.084044 -0.018546 0.996289 
0.030488 0.213278 0.976516 0.497341 -0.790462 0.357522 0.497098 -0.238565 0.834254 -0.044669 0.014757 0.998893 0.640120 0.366568 0.675185 -0.233767 -0.523329 0.819439 -0.540349 -0.331743 0.773285 -0.088932 -0.019588 0.995845 
0.028428 0.200380 0.979306 0.515509 -0.779270 0.356355 0.496472 -0.235547 0.835484 -0.045864 0.015144 0.998833 0.634001 0.367121 0.680636 -0.237198 -0.529911 0.814206 -0.547106 -0.333201 0.767888 -0.095722 -0.020976 0.995187 
0.026359 0.185078 0.982370 0.535418 -0.765798 0.356204 0.497067 -0.232649 0.835942 -0.048473 0.016027 0.998696 0.627664 0.366829 0.686640 -0.239594 -0.536793 0.808980 -0.554224 -0.333840 0.762487 -0.104199 -0.022717 0.994297 
0.026431 0.184031 0.982565 0.540438 -0.763829 0.352835 0.496779 -0.228436 0.837274 -0.048926 0.016219 0.998671 0.622675 0.367421 0.690853 -0.245108 -0.542071 0.803792 -0.556443 -0.337714 0.759158 -0.107226 -0.023194 0.993964 
0.026531 0.185209 0.982341 0.538282 -0.765913 0.351610 0.495288 -0.224768 0.839148 -0.046467 0.015430 0.998801 0.620334 0.368564 0.692348 -0.248743 -0.544320 0.801151 -0.553885 -0.343014 0.758652 -0.106330 -0.022868 0.994068 
0.026492 0.184753 0.982428 0.539914 -0.765166 0.350733 0.492188 -0.222900 0.841467 -0.044339 0.014768 0.998907 0.619613 0.368581 0.692985 -0.249685 -0.545075 0.800344 -0.553917 -0.346149 0.757203 -0.105281 -0.022487 0.994188 
0.026518 0.184894 0.982401 0.539333 -0.765510 0.350877 0.490289 -0.222796 0.842602 -0.043250 0.014391 0.998961 0.619828 0.368604 0.692781 -0.249610 -0.544845 0.800524 -0.554118 -0.346876 0.756723 -0.104321 -0.022256 0.994295 
0.026616 0.184946 0.982388 0.536742 -0.766977 0.351646 0.490366 -0.223752 0.842304 -0.042492 0.014132 0.998997 0.621856 0.368585 0.690971 -0.249177 -0.542714 0.802105 -0.551941 -0.346498 0.758486 -0.102907 -0.021982 0.994448 
0.027022 0.185962 0.982185 0.530362 -0.770189 0.354295 0.489731 -0.224764 0.842404 -0.040893 0.013584 0.999071 0.624233 0.368179 0.689041 -0.251043 -0.540294 0.803156 -0.550122 -0.346170 0.759955 -0.100638 -0.021445 0.994692 
0.027470 0.187140 0.981949 0.526844 -0.771890 0.355840 0.486028 -0.224407 0.844641 -0.038531 0.012761 0.999176 0.624660 0.367964 0.688769 -0.251656 -0.539887 0.803238 -0.550456 -0.347732 0.759000 -0.098480 -0.020875 0.994920 
