0.999827 0.018462 -0.002458 -0.022815 0.999740 0.000379 0.000516 -1.000000 -0.000324 -0.999695 -0.024576 0.002455 
0.999826 0.018440 -0.002688 -0.022792 0.999740 0.000743 0.000493 -1.000000 -0.000683 -0.999695 -0.024555 0.002683 
0.999821 0.018894 0.000345 -0.023249 0.999728 0.001741 0.000949 -0.999998 -0.001748 -0.999687 -0.025008 -0.000356 
0.999821 0.018894 0.000317 -0.023249 0.999728 0.001560 0.000949 -0.999998 -0.001567 -0.999687 -0.025009 -0.000326 
0.999815 0.019139 0.001972 -0.023498 0.999721 0.002442 0.001199 -0.999996 -0.002486 -0.999679 -0.025253 -0.001987 
0.999815 0.019139 0.001786 -0.023497 0.999721 0.002224 0.001198 -0.999997 -0.002263 -0.999679 -0.025253 -0.001800 
0.999817 0.019145 0.000026 -0.023500 0.999720 0.002735 0.001201 -0.999996 -0.002735 -0.999681 -0.025260 -0.000043 
0.999817 0.019145 0.000023 -0.023499 0.999721 0.002500 0.001200 -0.999996 -0.002500 -0.999681 -0.025260 -0.000038 
0.999813 0.019203 -0.002101 -0.023553 0.999721 0.001660 0.001254 -0.999998 -0.001613 -0.999677 -0.025317 0.002091 
0.999812 0.019381 0.001089 -0.023740 0.999709 0.004382 0.001441 -0.999989 -0.004405 -0.999674 -0.025496 -0.001116 
0.999806 0.019684 0.000441 -0.024041 0.999681 0.007687 0.001742 -0.999969 -0.007696 -0.999667 -0.025798 -0.000488 
0.999806 0.019690 0.000357 -0.024047 0.999686 0.007039 0.001748 -0.999974 -0.007046 -0.999667 -0.025805 -0.000400 
0.999791 0.020158 0.003367 -0.024549 0.999635 0.011281 0.002250 -0.999933 -0.011354 -0.999649 -0.026272 -0.003436 
0.999784 0.020564 0.003086 -0.024956 0.999607 0.012792 0.002658 -0.999914 -0.012859 -0.999639 -0.026678 -0.003164 
0.999785 0.020591 0.002610 -0.024974 0.999620 0.011670 0.002675 -0.999928 -0.011726 -0.999640 -0.026705 -0.002682 
0.999771 0.021086 0.003680 -0.025498 0.999535 0.016741 0.003200 -0.999853 -0.016821 -0.999623 -0.027199 -0.003782 
0.999770 0.021341 0.002267 -0.025729 0.999543 0.015853 0.003430 -0.999868 -0.015901 -0.999620 -0.027455 -0.002364 
0.999749 0.021805 0.005073 -0.026257 0.999454 0.020050 0.003959 -0.999789 -0.020160 -0.999597 -0.027918 -0.005195 
0.999835 0.017500 0.004938 -0.021941 0.999594 0.018185 -0.000358 -0.999833 -0.018292 -0.999708 -0.023614 -0.005050 
0.999838 0.017433 0.004427 -0.021858 0.999626 0.016414 -0.000442 -0.999864 -0.016510 -0.999712 -0.023547 -0.004527 
0.999840 0.017410 0.003986 -0.021822 0.999652 0.014839 -0.000477 -0.999888 -0.014925 -0.999715 -0.023524 -0.004077 
0.999842 0.017414 0.003591 -0.021816 0.999672 0.013447 -0.000484 -0.999908 -0.013525 -0.999716 -0.023529 -0.003674 
0.999840 0.017733 0.002227 -0.022115 0.999670 0.013099 -0.000184 -0.999914 -0.013147 -0.999713 -0.023847 -0.002307 
0.999987 -0.005166 -0.000010 0.000811 0.999833 0.018240 -0.023110 -0.999567 -0.018237 -1.000000 -0.000949 -0.000102 
0.998945 -0.044115 -0.012726 0.039930 0.999116 0.013137 -0.062200 -0.997981 -0.012851 -0.999198 0.038005 0.012646 
0.998016 -0.062792 -0.004680 0.058494 0.998225 0.011171 -0.080740 -0.996674 -0.011065 -0.998381 0.056687 0.004612 
0.999100 -0.042414 -0.000284 0.038063 0.999274 0.001529 -0.060337 -0.998177 -0.001522 -0.999341 0.036303 0.000275 
0.999718 -0.023673 0.001954 0.019308 0.999800 0.005187 -0.041599 -0.999121 -0.005230 -0.999844 0.017558 -0.001986 
0.999882 -0.015237 0.001942 0.010873 0.999931 0.004550 -0.033169 -0.999439 -0.004593 -0.999956 0.009121 -0.001970 
0.999656 -0.025422 0.006474 0.021007 0.999736 0.009324 -0.043295 -0.999017 -0.009467 -0.999792 0.019307 -0.006531 
0.999660 -0.025420 0.005794 0.021017 0.999744 0.008423 -0.043306 -0.999025 -0.008550 -0.999797 0.019306 -0.005846 
0.999758 -0.021986 -0.000784 0.017641 0.999722 0.015656 -0.039932 -0.999080 -0.015636 -0.999874 0.015871 0.000688 
0.999771 -0.021377 -0.000683 0.017031 0.999679 0.018742 -0.039323 -0.999051 -0.018724 -0.999883 0.015263 0.000569 
0.999777 -0.021107 -0.000638 0.016762 0.999579 0.023697 -0.039054 -0.998956 -0.023679 -0.999887 0.014994 0.000493 
0.999827 -0.018557 -0.000932 0.014222 0.999419 0.030959 -0.036516 -0.998854 -0.030933 -0.999922 0.012444 0.000743 
0.917586 0.227985 0.325668 -0.999702 0.024114 0.003814 -0.064179 0.959020 -0.275973 0.266964 -0.963699 -0.003666 -0.048274 -0.998272 -0.033520 0.091165 -0.969139 0.229038 
-0.999722 0.023319 0.003458 -0.087310 0.973750 -0.210209 0.955328 0.259108 0.142168 0.286836 -0.957899 -0.012407 -0.047448 -0.998537 -0.025937 0.024702 -0.905908 0.422753 
-0.999743 0.022467 0.003123 -0.082709 0.980970 -0.175659 0.964987 0.260454 0.031040 0.284716 -0.957800 -0.039455 -0.046580 -0.998644 -0.023255 -0.030228 -0.783250 0.620972 
-0.999744 0.022463 0.002829 0.966754 0.255242 -0.015435 -0.058728 0.987343 -0.147328 0.277014 -0.958780 -0.063273 -0.078312 -0.963415 0.256317 
-0.999744 0.022463 0.002563 0.968448 0.246126 -0.039130 -0.027760 0.991745 -0.125182 0.265949 -0.960916 -0.076891 -0.116337 -0.957377 0.264376 
-0.999743 0.022533 0.002307 0.969457 0.238646 -0.056587 -0.000607 0.994351 -0.106142 0.256863 -0.962728 -0.084709 -0.146463 -0.953684 0.262748 
-0.999740 0.022728 0.002053 0.969845 0.233841 -0.068691 0.016773 0.995672 -0.091410 0.250848 -0.963856 -0.089755 -0.162921 -0.952704 0.256538 
-0.999718 0.023668 0.001816 0.969334 0.233137 -0.077717 0.249111 -0.963899 -0.094039 -0.168862 -0.953859 0.248271 0.025486 0.998697 0.044217 0.025198 0.978911 -0.202729 
-0.999700 0.024426 0.001663 0.968065 0.235939 -0.084752 0.250862 -0.962933 -0.099140 -0.168645 -0.956138 0.239496 0.026241 0.998120 0.055395 0.030123 0.981734 -0.187858 
-0.999745 0.022216 0.004072 0.966708 0.239164 -0.090970 0.252784 -0.961649 -0.106448 -0.166717 -0.958591 0.230888 0.024197 0.997524 0.066034 0.032920 0.984137 -0.174327 
-0.999790 0.018477 0.008842 0.965233 0.243092 -0.096076 0.255056 -0.959864 -0.116648 -0.163756 -0.961155 0.222180 0.020863 0.996824 0.076858 0.033035 0.986206 -0.162195 
-0.999779 0.014769 0.014985 0.963656 0.247650 -0.100179 0.257667 -0.957604 -0.128848 -0.159672 -0.963890 0.213123 0.017789 0.995989 0.087686 0.029859 0.988116 -0.150781 
-0.999696 0.011186 0.021990 0.961962 0.252775 -0.103608 0.260593 -0.954891 -0.142390 -0.154516 -0.966872 0.203181 0.015073 0.994967 0.099064 0.024080 0.989937 -0.139447 
-0.999544 0.007387 0.029284 0.960148 0.258329 -0.106683 0.263688 -0.951751 -0.156965 -0.148692 -0.969992 0.192370 0.012366 0.993713 0.111275 0.017054 0.991691 -0.127508 
-0.999376 -0.000418 0.035315 -0.032027 0.999340 -0.017130 0.964698 0.261072 -0.034627 0.279332 -0.954211 -0.107032 -0.093754 -0.991808 0.086762 
0.983411 0.181389 -0.000810 -0.999729 -0.001257 0.023239 -0.067596 0.997078 -0.035586 0.203645 -0.971956 -0.117602 -0.025304 -0.993938 -0.106994 0.022962 -0.952746 0.302900 
0.983998 0.178158 0.002742 -0.999942 0.010082 0.003893 -0.058708 0.997486 -0.039697 0.201775 -0.978897 -0.032361 -0.034477 -0.994351 -0.100388 0.025879 -0.983649 0.178225 
-0.009072 0.999943 -0.005700 0.984009 0.174902 -0.033705 -0.999913 0.013117 -0.001363 0.198950 -0.979966 0.009242 -0.055197 -0.998170 0.024683 
-0.999913 0.013104 -0.001388 0.981973 0.168560 -0.085531 0.191940 -0.981338 -0.011626 -0.123254 -0.992336 0.008811 0.014597 0.992377 0.122372 0.064042 0.997947 0.000326 
-0.999758 0.020212 0.008667 0.983283 0.170077 -0.065031 0.193098 -0.981048 -0.016050 -0.111036 -0.993722 -0.013722 0.022989 0.989839 0.140323 0.045551 0.998962 -0.000226 
0.027093 0.998556 0.046395 0.984590 0.166128 -0.054618 -0.999123 0.033779 0.024732 0.188913 -0.981765 -0.021181 -0.095572 -0.994893 -0.032477 
0.030016 0.998302 0.049928 0.987584 0.156448 -0.014215 -0.998536 0.046823 0.027073 0.179982 -0.983578 -0.013472 -0.097820 -0.993111 -0.064514 
0.034955 0.997948 0.053644 0.988936 0.148338 0.001190 -0.997438 0.063182 0.033539 0.172091 -0.984988 -0.013570 -0.101925 -0.991456 -0.081398 
0.040524 0.997554 0.056956 0.990955 0.134189 0.001005 -0.994946 0.083743 0.055403 0.157985 -0.987229 -0.020502 -0.116719 -0.975274 -0.187662 -0.099083 -0.994237 -0.040920 
0.994336 0.106272 -0.001255 -0.990515 0.106940 0.086279 0.049537 0.997000 0.059470 0.130070 -0.990982 -0.032192 -0.145987 -0.969879 -0.194995 -0.090884 -0.993986 -0.061084 
0.996842 0.078313 -0.013139 -0.983395 0.132898 0.123583 0.060238 0.996305 0.061222 0.101638 -0.993858 -0.043762 -0.179731 -0.963242 -0.199652 -0.084288 -0.993354 -0.078377 
0.998293 0.048890 -0.031939 -0.972718 0.160352 0.167653 0.071993 0.995459 0.062276 0.071107 -0.995936 -0.055277 -0.216957 -0.955103 -0.201763 -0.078589 -0.992308 -0.095654 
0.998293 0.019303 -0.055116 -0.958643 0.186907 0.214637 0.083873 0.994457 0.063412 -0.254755 -0.945611 -0.202285 0.039734 -0.997027 -0.066025 -0.073976 -0.990825 -0.113111 
-0.941553 0.210621 0.262900 0.996692 -0.009262 -0.080745 0.096001 0.993298 0.064365 -0.290972 -0.935328 -0.201237 0.008732 -0.997084 -0.075809 -0.072256 -0.988786 -0.130693 
-0.922472 0.235250 0.306109 0.993220 -0.037641 -0.109990 0.113921 0.991404 0.064341 -0.326468 -0.925015 -0.194334 -0.022803 -0.996228 -0.083726 -0.081736 -0.986281 -0.143421 
-0.902825 0.261911 0.341042 0.987545 -0.066712 -0.142496 0.141402 0.987921 0.063378 -0.361389 -0.914043 -0.184182 -0.055720 -0.994432 -0.089440 -0.107712 -0.983210 -0.147295 
-0.881247 0.287372 0.375261 0.979368 -0.095872 -0.177895 0.173744 0.982894 0.061096 -0.395423 -0.901904 -0.173810 -0.089446 -0.991615 -0.093274 -0.143143 -0.978851 -0.146155 
-0.854199 0.311187 0.416542 0.969222 -0.122665 -0.213454 0.201826 0.977687 0.058260 -0.430731 -0.887765 -0.162310 -0.119942 -0.988773 -0.089113 -0.174366 -0.972503 -0.154381 
-0.820604 0.328803 0.467437 0.957052 -0.147586 -0.249539 0.217690 0.974325 0.057463 -0.465324 -0.871982 -0.152056 -0.148439 -0.985441 -0.082897 -0.187785 -0.966823 -0.173175 
-0.781076 0.345337 0.520252 0.941674 -0.171924 -0.289296 0.230789 0.971421 0.055477 -0.499799 -0.855340 -0.136358 -0.177240 -0.981150 -0.077010 -0.197907 -0.961573 -0.190292 
-0.736822 0.361475 0.571339 0.921901 -0.196322 -0.334000 0.245572 0.968073 0.050284 -0.531580 -0.839533 -0.112280 -0.207315 -0.975712 -0.070750 -0.212027 -0.956186 -0.201874 
-0.688418 0.379464 0.618133 0.896569 -0.221376 -0.383610 0.266677 0.962948 0.040167 -0.561520 -0.823498 -0.080909 -0.239038 -0.969017 -0.062190 -0.236728 -0.950104 -0.203130 
-0.635413 0.396782 0.662431 0.864270 -0.244043 -0.439864 0.293129 0.955745 0.025025 -0.588419 -0.807329 -0.044527 -0.269653 -0.961605 -0.051017 -0.271887 -0.942984 -0.191987 
-0.564726 0.411979 0.715093 0.823002 -0.265832 -0.501996 0.319091 0.947395 0.024953 0.304003 0.952663 0.003929 -0.614591 -0.788841 0.002756 -0.296463 -0.945428 -0.135185 
0.767633 -0.283404 -0.574823 -0.481925 0.415448 0.771461 -0.632906 -0.772492 0.051820 -0.314497 -0.939139 -0.138240 0.348242 0.937386 0.005956 0.302359 0.953177 0.005794 
-0.341247 -0.930222 -0.135050 -0.638749 -0.762792 0.100740 0.690183 0.600024 -0.404497 0.911163 -0.386412 -0.143064 -0.636095 0.771572 0.007690 -0.392414 0.406054 0.825307 
-0.636365 -0.759295 0.136053 -0.313393 0.386401 0.867456 -0.594332 0.804182 0.007806 0.631517 0.594881 -0.497294 0.884296 -0.438605 -0.160143 -0.362394 -0.931946 0.012118 -0.366109 -0.907903 -0.204148 
0.864046 -0.472588 -0.173450 -0.633712 -0.755612 0.165709 -0.550698 0.814477 0.182645 0.506270 0.574739 -0.642936 -0.369672 -0.928906 0.021809 -0.387477 -0.899953 -0.199865 
0.860428 -0.474154 -0.186659 -0.623396 -0.767547 0.149165 0.454497 0.617938 -0.641549 -0.361565 -0.932347 -0.000036 -0.418418 -0.892700 -0.167374 -0.217289 0.324071 0.920741 -0.543836 0.839148 0.008530 
0.858739 -0.472612 -0.198003 -0.615998 -0.782044 0.094621 -0.242967 0.273229 0.930759 -0.346736 -0.936749 -0.047705 -0.448308 -0.888193 -0.100661 0.394279 0.675770 -0.622799 -0.517265 0.855773 0.009496 
0.856904 -0.471608 -0.208090 -0.285455 0.235191 0.929086 -0.612723 -0.789409 0.037474 0.328481 0.744055 -0.581793 -0.487584 0.873000 0.011500 -0.334686 -0.936546 -0.104247 -0.472456 -0.880861 -0.029495 
0.859612 -0.461926 -0.218384 -0.302307 0.194189 0.933221 -0.328854 -0.930657 -0.160412 0.243232 0.817167 -0.522567 -0.465706 0.884592 0.024805 -0.616221 -0.787510 -0.009968 -0.484224 -0.874824 -0.014472 
0.863632 -0.454155 -0.218820 -0.322922 0.153000 0.933977 -0.325087 -0.923312 -0.204485 0.226450 0.819163 -0.526965 -0.455827 0.889039 0.042786 -0.617538 -0.784304 -0.059272 -0.491523 -0.870319 -0.030809 
0.864563 -0.452703 -0.218153 -0.330058 0.125901 0.935527 -0.324733 -0.915839 -0.236192 0.220011 0.829941 -0.512633 -0.452903 0.889209 0.064705 -0.616456 -0.782630 -0.086446 -0.484454 -0.870533 -0.086466 
0.862989 -0.456173 -0.217156 -0.327375 0.103210 0.939241 -0.613722 -0.782870 -0.102271 0.217193 0.836906 -0.502410 -0.452630 0.887063 0.090799 -0.325510 -0.908916 -0.260607 -0.461974 -0.869235 -0.176097 
0.861332 -0.459927 -0.215810 -0.319575 0.075981 0.944510 -0.610656 -0.783032 -0.118152 0.215402 0.842173 -0.494314 -0.454374 0.882669 0.120162 -0.326442 -0.900939 -0.285911 -0.429777 -0.857444 -0.282987 
0.860620 -0.462217 -0.213747 -0.316732 0.044501 0.947471 -0.608990 -0.780449 -0.141530 0.210869 0.847579 -0.486974 -0.453987 0.878569 0.148366 -0.325623 -0.890999 -0.316371 -0.400124 -0.835726 -0.376116 
0.005259 0.999935 -0.010158 -0.607118 -0.775443 -0.173479 0.842240 0.103141 -0.529144 0.592296 -0.795354 -0.128832 -0.321949 0.009242 0.946712 -0.455062 0.873423 0.173352 -0.320004 -0.877701 -0.356706 -0.380790 -0.815756 -0.435363 
0.070933 0.997347 -0.016360 -0.598118 -0.776708 -0.197432 0.853860 0.137620 -0.501980 0.569763 -0.811510 -0.129700 -0.318480 -0.026585 0.947557 -0.464724 0.864041 0.193557 -0.309275 -0.869762 -0.384530 -0.365352 -0.800394 -0.475277 
0.042396 0.999032 -0.011770 -0.589998 -0.784488 -0.190999 0.885972 0.199430 -0.418665 0.575217 -0.806239 -0.138216 -0.294189 -0.041889 0.954829 -0.483452 0.851760 0.201939 -0.302432 -0.872018 -0.384862 -0.355455 -0.794804 -0.491873 
0.013211 0.999913 -0.000327 -0.579077 -0.796686 -0.173093 0.908716 0.215993 -0.357187 0.590959 -0.792548 -0.150451 -0.274163 -0.039686 0.960864 -0.505451 0.840165 0.196576 -0.292304 -0.880882 -0.372298 -0.353818 -0.808690 -0.469928 
0.014490 0.999895 -0.000430 -0.561112 -0.813725 -0.151678 0.914662 0.208416 -0.346347 0.606566 -0.780206 -0.152827 -0.270073 -0.022759 0.962571 -0.529341 0.829287 0.179111 -0.271564 -0.897269 -0.348083 -0.345251 -0.835021 -0.428417 
0.015032 0.999887 -0.000386 -0.537965 -0.834616 -0.118362 0.919733 0.202988 -0.335986 0.622184 -0.767300 -0.155363 -0.267782 0.007143 0.963453 -0.558996 0.814958 0.152860 -0.252106 -0.914193 -0.317321 -0.333062 -0.865769 -0.373516 
0.015387 0.999882 -0.000446 -0.512354 -0.854912 -0.081361 0.925099 0.198823 -0.323514 0.637463 -0.753541 -0.160679 -0.267253 0.040397 0.962779 -0.589472 0.798004 0.125353 -0.231980 -0.931833 -0.279056 -0.322270 -0.894928 -0.308619 
0.015471 0.999880 -0.000404 -0.490669 -0.869653 -0.054296 0.930722 0.194454 -0.309748 0.650372 -0.741424 -0.165250 -0.269337 0.064304 0.960897 -0.613682 0.782916 0.102155 -0.214260 -0.944477 -0.249109 -0.316740 -0.915497 -0.248076 
0.015493 0.999880 -0.000366 -0.479095 -0.876658 -0.044042 0.934802 0.192364 -0.298564 0.658228 -0.733905 -0.167689 -0.276625 0.075603 0.957999 -0.626272 0.774806 0.086366 -0.205172 -0.950118 -0.234903 -0.319551 -0.926650 -0.198009 
0.015508 0.999880 -0.000332 -0.478286 -0.876913 -0.047605 0.938186 0.191875 -0.288081 0.660967 -0.731279 -0.168386 -0.284204 0.075687 0.955772 -0.627525 0.774402 0.080708 -0.204026 -0.950801 -0.233134 -0.326000 -0.929468 -0.172666 
0.015571 0.999879 -0.000298 -0.484665 -0.873078 -0.053242 0.942397 0.189745 -0.275471 0.662357 -0.729868 -0.169045 -0.282967 0.071195 0.956484 -0.623153 0.777605 0.083731 -0.202157 -0.951323 -0.232632 -0.327674 -0.928042 -0.177111 
0.015726 0.999876 -0.000285 -0.493028 -0.868095 -0.057739 0.946176 0.187415 -0.263869 0.663246 -0.728925 -0.169623 -0.276885 0.065777 0.958649 -0.617524 0.781341 0.090390 -0.197575 -0.952131 -0.233259 -0.326425 -0.924963 -0.194654 
0.015681 0.999877 -0.000409 -0.498434 -0.864782 -0.060960 0.948605 0.187455 -0.254968 0.663008 -0.729127 -0.169685 -0.270685 0.060467 0.960767 -0.613911 0.783423 0.096762 -0.195803 -0.951809 -0.236052 -0.324410 -0.921543 -0.213348 
0.015747 0.999876 -0.000532 -0.500449 -0.863419 -0.063704 0.950378 0.187095 -0.248549 0.661533 -0.730556 -0.169298 -0.267494 0.056206 0.961919 -0.612364 0.784090 0.101065 -0.198465 -0.950113 -0.240620 -0.323753 -0.918413 -0.227381 
0.000259 1.000000 -0.000261 -0.503704 -0.861027 -0.070102 0.956862 0.190287 -0.219559 0.665542 -0.726684 -0.170245 -0.266224 0.049424 0.962643 -0.609526 0.785995 0.103394 -0.201296 -0.947846 -0.247118 -0.332350 -0.915399 -0.227132 
-0.074751 0.997202 -0.000242 -0.510722 -0.857140 -0.066895 0.950916 0.277624 -0.136688 0.683937 -0.709187 -0.171126 -0.261062 0.052255 0.963907 -0.605620 0.789575 0.098972 -0.204097 -0.949807 -0.237090 -0.346650 -0.914429 -0.208935 
-0.201931 0.979399 -0.000855 -0.518767 -0.853516 -0.048893 0.913463 0.406752 0.011782 0.712132 -0.680717 -0.171733 -0.256440 0.072462 0.963840 -0.602595 0.793617 0.083974 -0.209753 -0.954456 -0.212173 -0.364038 -0.915957 -0.168816 
-0.335510 0.941975 -0.010794 -0.223485 -0.960434 -0.166197 0.819587 0.551173 0.156477 0.738690 -0.654153 -0.162545 -0.249233 0.112944 0.961835 -0.531947 -0.846672 -0.013403 -0.388309 -0.915070 -0.108923 -0.379001 0.520985 0.764809 -0.596569 0.802512 -0.008931 
-0.239555 -0.962913 -0.124147 0.733544 0.604977 0.309703 0.763472 -0.626489 -0.156912 -0.260828 0.158280 0.952321 -0.581473 0.810784 -0.067213 -0.442822 0.896570 -0.008381 -0.307751 0.524310 0.793970 -0.548116 -0.836283 0.014137 -0.416050 -0.909148 -0.018777 
0.770606 -0.618343 -0.154331 -0.245203 -0.964401 -0.099029 -0.252834 0.172156 0.952070 -0.587634 0.805474 -0.076793 0.632382 0.704315 0.322542 -0.552367 -0.833088 0.029225 -0.428543 -0.903514 0.003669 -0.289315 0.528390 0.798186 -0.463900 0.885734 -0.016492 
0.789902 -0.597381 -0.138528 -0.248865 -0.965059 -0.082017 -0.233954 0.176385 0.956114 -0.603037 0.795244 -0.062716 0.523199 0.757867 0.389744 -0.510927 0.859490 0.015156 -0.553638 -0.831641 0.043115 -0.431047 -0.902279 -0.009577 
0.814786 -0.573207 -0.086932 -0.253699 -0.964755 -0.069889 -0.218697 0.174330 0.960094 -0.613960 0.787238 -0.057520 0.331830 0.852944 0.402958 -0.564530 0.821255 -0.082745 -0.555037 -0.830357 0.049403 -0.438450 -0.898595 -0.016987 
0.825104 -0.564980 -0.000972 0.172539 0.941613 0.289129 -0.258909 -0.963619 -0.066370 -0.576596 0.786242 -0.222174 -0.557632 -0.828700 0.047986 -0.447968 -0.893903 -0.016160 -0.211709 0.169164 0.962581 -0.618743 0.783428 -0.058288 
0.823765 -0.560745 0.083522 -0.263173 -0.962298 -0.068713 -0.560126 0.758053 -0.334087 0.098498 0.983711 0.150372 -0.087348 0.159070 -0.983396 -0.559694 -0.827839 0.037755 -0.459463 -0.888164 -0.007678 -0.210632 0.157345 0.964820 -0.620272 0.782198 -0.058561 
0.822779 -0.556325 0.116348 -0.265323 -0.961260 -0.074714 -0.551960 0.743406 -0.377741 0.087841 0.995480 0.036109 -0.560495 -0.827764 0.025522 -0.468567 -0.883425 0.002256 -0.212840 0.144846 0.966291 -0.619409 0.782901 -0.058288 
0.829259 -0.550512 0.096256 0.069956 0.990824 0.115646 -0.266781 -0.960554 -0.078515 -0.209047 0.129293 0.969321 -0.558233 -0.829547 0.015080 -0.475680 -0.879582 0.007979 -0.563483 0.738666 -0.369946 -0.621148 0.781615 -0.057038 
0.835430 -0.546071 0.062154 -0.267160 -0.960122 -0.082411 -0.207023 0.115674 0.971474 0.081561 0.931233 0.355179 -0.249252 0.364097 -0.897389 -0.555494 -0.831503 0.005396 -0.480590 -0.876845 0.013278 -0.582682 0.747786 -0.318272 -0.622563 0.780582 -0.055738 
0.828549 -0.559269 0.026929 -0.269078 -0.957972 -0.099428 -0.220427 0.112642 0.968878 0.196853 0.864606 0.462282 -0.369385 0.502177 -0.781903 -0.559405 -0.828872 -0.006072 -0.471373 -0.881640 0.022790 -0.584271 0.769470 -0.257959 -0.611893 0.788615 -0.060612 
0.811267 -0.583987 0.028370 0.283595 0.936360 0.206891 -0.265254 -0.957352 -0.114529 -0.233266 0.102931 0.966950 -0.561068 -0.827467 -0.022386 -0.472579 -0.880963 0.023953 -0.564939 0.790766 -0.235654 -0.597928 0.798834 -0.065931 
0.820744 -0.570619 0.027804 0.234651 0.944871 0.228382 -0.264179 -0.957090 -0.119112 -0.241240 0.087642 0.966500 -0.563387 -0.825180 -0.040902 -0.481044 -0.876200 0.029493 -0.577874 0.778446 -0.245120 -0.596542 0.800675 -0.055285 
0.820885 -0.571073 0.004888 0.297687 0.850430 0.433763 -0.263481 -0.955229 -0.134591 -0.261644 0.095567 0.960421 -0.584051 0.798613 -0.145265 -0.569526 -0.820544 -0.048454 -0.479253 -0.876667 0.042087 
0.799624 -0.600454 0.007499 -0.259341 -0.953296 -0.154818 -0.286208 0.096403 0.953306 -0.559928 0.817092 -0.137264 0.437032 0.767431 0.469098 -0.393466 0.632116 -0.667543 -0.571097 -0.818426 -0.063457 -0.481192 -0.875387 0.046391 
0.789820 -0.613321 -0.004668 0.524366 0.706554 0.475207 -0.256408 -0.951496 -0.170028 -0.327304 0.105462 0.939016 -0.540715 0.830669 -0.132723 -0.572943 -0.815432 -0.082501 -0.487881 -0.870578 0.063766 
0.739997 0.478691 0.472504 0.744962 -0.667010 0.011332 -0.349224 0.098753 0.931821 -0.253725 -0.946797 -0.197987 -0.510966 0.851687 -0.116375 -0.574068 -0.812273 -0.103243 -0.494192 -0.866512 0.070219 -0.254150 0.849404 -0.462516 -0.474033 0.867597 -0.150225 
-0.254881 -0.944418 -0.207630 0.688793 0.313085 0.653867 0.720472 -0.690802 0.060923 -0.350136 0.075468 0.933654 -0.507964 0.856917 -0.087553 0.196769 0.787342 -0.584273 -0.431202 0.870414 -0.237581 -0.578648 -0.805770 -0.126102 -0.503911 -0.861574 0.061350 
0.757725 -0.647702 0.079596 -0.365162 0.104651 0.925043 -0.263133 -0.943854 -0.199754 -0.502758 0.840878 -0.200396 -0.589796 -0.799118 -0.116409 -0.509979 -0.856143 0.083307 0.521181 0.505155 0.687887 -0.091066 0.834324 -0.543700 
0.749084 -0.653391 0.109332 -0.271200 -0.941036 -0.202243 -0.355063 0.112872 0.928003 -0.503196 0.835330 -0.221400 0.522977 0.538388 0.660782 0.034928 0.761063 -0.647737 -0.600381 -0.792470 -0.107398 -0.518871 -0.850991 0.081158 
0.750836 -0.648199 0.126821 -0.292935 -0.934440 -0.202511 -0.340758 0.106008 0.934156 -0.513308 0.825846 -0.233437 0.495757 0.568334 0.656675 0.179768 0.672609 -0.717830 -0.620594 -0.776011 -0.112561 -0.541159 -0.837157 0.079470 
0.797856 -0.592252 0.112528 -0.318575 0.109280 0.941577 -0.316017 -0.929312 -0.191084 -0.556458 0.795457 -0.240006 -0.641266 -0.760351 -0.103168 -0.559873 -0.824999 0.076927 0.091401 0.274055 0.957361 0.110572 0.952647 -0.283262 
0.834935 -0.533126 0.136603 -0.304596 0.108782 0.946249 -0.333711 -0.924015 -0.186637 -0.613118 0.762498 -0.206596 -0.655230 -0.748862 -0.099401 -0.573635 -0.815659 0.075118 0.219602 0.266895 -0.938372 -0.223123 0.950098 0.218015 
0.875390 -0.475351 0.087943 -0.580984 -0.809821 0.081536 -0.339109 -0.919896 -0.196965 -0.656477 -0.745503 -0.115165 -0.308948 0.093572 0.946465 -0.665587 0.726893 -0.169178 0.096545 0.495917 -0.862986 -0.448308 0.795776 0.407137 
-0.337558 -0.916113 -0.216313 0.907576 -0.418443 0.034804 -0.325069 0.069153 0.943159 -0.705473 0.698379 -0.120722 -0.585268 -0.805563 0.092354 -0.651985 -0.744311 -0.144630 -0.111099 0.553475 -0.825423 -0.552980 0.655686 0.514090 
-0.333022 -0.910564 -0.244885 0.922751 -0.385395 -0.000867 -0.351997 0.038508 0.935209 -0.721103 0.687937 -0.082179 -0.588802 -0.800970 0.108436 -0.642897 -0.743113 -0.185650 -0.253693 0.492179 -0.832706 -0.599533 0.595562 0.534665 
-0.328225 -0.903990 -0.273990 0.923901 -0.382272 -0.016590 -0.382666 0.012240 0.923805 -0.721216 0.690193 -0.059003 -0.592647 -0.795663 0.125261 -0.631314 -0.741978 -0.225633 -0.279887 0.413385 -0.866473 -0.571909 0.653124 0.496336 
-0.323829 -0.896893 -0.301193 0.922123 -0.386298 -0.021504 -0.411195 -0.015318 0.911419 -0.717485 0.695038 -0.046227 -0.595816 -0.790557 0.141501 -0.619644 -0.738588 -0.265573 -0.519703 0.742466 0.422674 -0.273889 0.323837 -0.905602 
-0.320236 -0.888767 -0.327936 0.921472 -0.387965 -0.019303 -0.440341 -0.040443 0.896919 -0.715594 0.697169 -0.043363 -0.597402 -0.786294 0.157648 -0.607087 -0.734053 -0.304322 -0.470768 0.787294 0.398179 -0.261164 0.306735 -0.915263 
-0.315508 -0.880375 -0.354110 0.923283 -0.383589 -0.020216 -0.468183 -0.066752 0.881107 -0.716787 0.696254 -0.038050 -0.598332 -0.782297 0.173234 -0.592493 -0.729023 -0.342750 -0.436423 0.811199 0.389219 -0.266588 0.296578 -0.917045 
-0.309874 -0.871103 -0.380996 0.926827 -0.374530 -0.026803 -0.497093 -0.091703 0.862838 -0.719653 0.693793 -0.027406 -0.224797 -0.304297 0.925673 -0.414967 0.817578 0.399210 -0.293193 0.295202 -0.909337 -0.576418 -0.722884 -0.381027 -0.537735 -0.692074 -0.481534 
0.930536 -0.364417 -0.036091 -0.562758 -0.695929 -0.446079 -0.524545 -0.119195 0.842998 -0.724785 0.688785 -0.016174 -0.209503 -0.339900 0.916830 -0.304260 -0.860702 -0.408190 -0.373152 0.784599 0.495139 -0.329249 0.386955 -0.861313 
0.930467 -0.363157 -0.048459 -0.570424 -0.690620 -0.444591 -0.539961 -0.140357 0.829905 -0.731559 0.681623 -0.014559 -0.191566 -0.365904 0.910723 -0.307894 -0.850610 -0.426220 -0.173157 0.555796 0.813085 -0.327422 0.746122 -0.579739 
0.931324 -0.359587 -0.057731 -0.574262 -0.685308 -0.447857 -0.541993 -0.162816 0.824460 -0.735353 0.677554 -0.013276 -0.174791 -0.382487 0.907277 -0.309879 -0.845051 -0.435733 -0.100293 0.344093 0.933564 -0.311324 0.880326 -0.357916 
0.930244 -0.360444 -0.068751 -0.577496 -0.680918 -0.450388 -0.543401 -0.179139 0.820137 -0.735038 0.678007 -0.004991 -0.155999 -0.395756 0.905009 -0.316900 -0.839421 -0.441528 -0.032037 0.247252 0.968421 -0.294397 0.923601 -0.245544 
0.940806 -0.335900 -0.045336 -0.572076 -0.687286 -0.447623 -0.542414 -0.159014 0.824925 -0.465189 0.472793 -0.748375 -0.729476 0.684005 -0.001596 -0.198418 -0.397814 0.895753 -0.309028 -0.833219 -0.458528 
0.930882 -0.364425 -0.025559 -0.574736 -0.689385 -0.440939 -0.524629 -0.117751 0.843148 -0.387545 0.598038 -0.701540 -0.719694 0.693503 -0.033084 -0.209841 -0.365730 0.906757 -0.322408 -0.841372 -0.433759 
0.916338 -0.399150 -0.031675 -0.589893 -0.681368 -0.433317 -0.512532 -0.109243 0.851691 -0.708186 0.704340 -0.048763 -0.192504 -0.353474 0.915423 -0.342013 -0.842233 -0.416738 -0.272779 0.832069 -0.482962 -0.339231 0.386571 0.857604 
0.911323 -0.408428 -0.051734 -0.581130 -0.672688 -0.458017 -0.506023 -0.104867 0.856121 -0.700115 0.713828 -0.016977 -0.205414 -0.345827 0.915537 -0.350056 -0.839636 -0.415298 -0.331561 0.734697 -0.591851 -0.263432 0.530288 0.805852 
-0.688390 0.725064 -0.020012 -0.352105 -0.842871 -0.406928 -0.511791 -0.071215 0.856153 0.492969 -0.150870 0.856866 0.914911 -0.389495 -0.105978 -0.232885 -0.324097 0.916911 -0.577841 -0.674921 -0.458891 
-0.673211 0.739204 -0.019088 -0.367264 -0.848343 -0.381354 -0.493391 -0.026281 0.869410 0.443229 0.002662 0.896404 0.901314 -0.417559 -0.115229 -0.244396 -0.289113 0.925572 -0.614788 -0.710351 -0.342692 -0.567131 -0.655815 -0.498266 
-0.392849 -0.845505 -0.361650 -0.474571 -0.008987 0.880171 -0.534863 0.776036 0.334199 -0.659405 0.751626 -0.015606 0.434767 -0.086385 0.896390 0.887685 -0.442747 -0.126454 -0.227365 -0.272966 0.934770 -0.606789 -0.666988 -0.432359 
-0.412085 -0.838093 -0.357471 -0.460224 0.000569 0.887803 -0.478793 0.805060 0.350193 -0.649259 0.760525 -0.008052 0.438192 -0.126499 0.889936 0.879700 -0.456377 -0.133595 -0.226477 -0.266789 0.936767 -0.654118 -0.689254 -0.311543 -0.592990 -0.632034 -0.498894 
-0.643227 0.765671 -0.002450 -0.413997 -0.825903 -0.382741 -0.474340 -0.012993 0.880246 0.415751 0.181659 0.891152 0.875870 -0.465646 -0.126595 -0.240487 -0.287379 0.927135 -0.618184 -0.633596 -0.465193 
0.870370 -0.476394 -0.124518 -0.641246 -0.613233 -0.461247 -0.503802 -0.026972 0.863398 0.349908 0.485363 0.801241 -0.631198 0.775601 0.005567 -0.248753 -0.321094 0.913794 -0.417104 -0.807574 -0.416952 
0.864467 -0.488133 -0.120096 -0.656030 -0.593151 -0.466687 -0.527837 -0.047210 0.848033 0.321706 0.600562 0.732004 -0.616978 0.786827 0.015510 -0.256384 -0.354902 0.899062 -0.416850 -0.789494 -0.450483 
0.859163 -0.499217 -0.112343 -0.657875 -0.574373 -0.487130 -0.540671 -0.070947 0.838237 0.315005 0.644230 0.696950 -0.606956 0.794417 0.022520 -0.265416 -0.383234 0.884696 -0.415159 -0.773009 -0.479688 
0.855818 -0.507380 -0.100709 -0.650283 -0.554444 -0.519348 -0.548170 -0.097786 0.830631 0.303222 0.663729 0.683755 -0.603139 0.797221 0.025722 -0.278307 -0.409332 0.868903 -0.413338 -0.755168 -0.508796 
0.855268 -0.510688 -0.087834 -0.637687 -0.533088 -0.556032 -0.551319 -0.128130 0.824397 0.279246 0.673763 0.684153 -0.604477 0.796183 0.026468 -0.289121 -0.431318 0.854619 -0.414132 -0.737584 -0.533352 
0.856561 -0.510269 -0.076995 -0.628704 -0.513868 -0.583670 -0.557377 -0.151943 0.816238 0.248264 0.680558 0.689352 -0.607848 0.793640 0.025627 -0.299224 -0.450647 0.841060 -0.414966 -0.720813 -0.555186 
0.858769 -0.507524 -0.070248 -0.626043 -0.500663 -0.597834 -0.568098 -0.165108 0.806228 0.221274 0.680091 0.698938 -0.610622 0.791522 0.025190 -0.308667 -0.466174 0.829100 -0.413422 -0.707395 -0.573301 
0.861080 -0.503756 -0.069070 -0.626808 -0.493493 -0.602973 -0.579577 -0.172472 0.796457 0.206427 0.672841 0.710403 -0.611804 0.790494 0.028543 -0.314636 -0.479404 0.819253 -0.409303 -0.698026 -0.587563 
0.862361 -0.501147 -0.072014 -0.628435 -0.487115 -0.606456 -0.592776 -0.179913 0.785015 0.204099 0.660211 0.722817 -0.611546 0.790391 0.035965 -0.316137 -0.495299 0.809158 -0.405930 -0.687802 -0.601789 
0.862672 -0.499890 -0.076859 -0.629762 -0.480246 -0.610543 -0.606799 -0.188568 0.772164 0.209241 0.644295 0.735596 -0.610141 0.790972 0.045729 -0.316688 -0.511420 0.798848 -0.403358 -0.676901 -0.615717 
0.862647 -0.499173 -0.081647 -0.630320 -0.472908 -0.615674 -0.619784 -0.196787 0.759699 0.215187 0.628760 0.747232 -0.608188 0.791803 0.056164 -0.319638 -0.526739 0.787640 -0.399367 -0.665881 -0.630165 
0.862683 -0.498629 -0.084542 -0.627659 -0.464335 -0.624849 -0.629562 -0.205967 0.749152 0.216506 0.614116 0.758938 -0.606812 0.792136 0.065572 -0.326444 -0.539223 0.776320 -0.393768 -0.655741 -0.644166 
0.863099 -0.497864 -0.084800 -0.621325 -0.453725 -0.638818 -0.637516 -0.218245 0.738879 0.211441 0.600454 0.771199 -0.606663 0.791548 0.073563 -0.334489 -0.551919 0.763874 -0.386905 -0.645034 -0.658966 
0.863862 -0.496785 -0.083347 -0.613576 -0.441598 -0.654612 -0.645819 -0.232090 0.727360 0.201908 0.586865 0.784106 -0.607384 0.790311 0.080576 -0.343203 -0.565951 0.749608 -0.379207 -0.632674 -0.675223 
0.864753 -0.495573 -0.081296 -0.604102 -0.428606 -0.671832 -0.655377 -0.246651 0.713893 0.192387 0.571984 0.797384 -0.608566 0.788638 0.087740 -0.353281 -0.580706 0.733466 -0.370402 -0.618768 -0.692769 
0.865853 -0.494092 -0.078556 -0.592427 -0.414658 -0.690716 -0.665810 -0.262690 0.698349 0.183976 0.559559 0.808113 -0.610628 0.786173 0.095218 -0.364172 -0.596558 0.715191 -0.359308 -0.603723 -0.711629 
0.867318 -0.491938 -0.075878 -0.576966 -0.400133 -0.712042 -0.676344 -0.279996 0.681294 0.178846 0.551598 0.814711 -0.614243 0.782279 0.103661 -0.376336 -0.612413 0.695213 -0.345759 -0.588171 -0.731099 
0.869713 -0.488102 -0.073182 -0.556409 -0.383528 -0.737099 -0.684557 -0.299802 0.664455 0.173961 0.549988 0.816854 -0.620438 0.776018 0.113371 -0.389302 -0.627942 0.673894 -0.330282 -0.572232 -0.750642 
0.873795 -0.481162 -0.070475 -0.535516 -0.366130 -0.761033 -0.693563 -0.321814 0.644520 0.166714 0.554184 0.815528 -0.628882 0.767529 0.124125 -0.399779 -0.645786 0.650490 -0.312540 -0.555146 -0.770800 
0.879373 -0.471300 -0.067671 -0.514574 -0.348553 -0.783406 -0.702621 -0.343607 0.623103 0.155557 0.562917 0.811743 -0.639399 0.756903 0.135159 -0.409967 -0.663867 0.625466 -0.293091 -0.537150 -0.790928 
0.885759 -0.459575 -0.064980 -0.492006 -0.330076 -0.805593 -0.710662 -0.365832 0.600938 0.142674 0.575742 0.805087 -0.651530 0.744291 0.146762 -0.420635 -0.681524 0.598825 -0.272299 -0.518060 -0.810844 
0.892833 -0.446262 -0.060817 -0.468948 -0.309992 -0.827039 -0.718625 -0.388831 0.576532 0.123255 0.591301 0.796976 -0.664918 0.730177 0.157242 -0.429141 -0.699978 0.570849 -0.250945 -0.497638 -0.830291 
0.899996 -0.432393 -0.055164 -0.446716 -0.289202 -0.846644 -0.727479 -0.410636 0.549684 0.098498 0.605483 0.789740 -0.678384 0.715596 0.166486 -0.437119 -0.718513 0.540987 -0.228575 -0.475556 -0.849471 
-0.424734 -0.267498 -0.864896 -0.736460 -0.431947 0.520623 0.073621 0.618263 0.782516 -0.691187 0.700979 0.175754 -0.443980 -0.737106 0.509466 -0.205219 -0.452032 -0.868074 0.888361 -0.397227 0.230274 0.906442 -0.419120 -0.051985 
-0.714128 -0.434030 -0.549216 0.046609 0.625129 0.779129 -0.703695 0.686356 0.183656 -0.450525 -0.755093 0.476301 -0.181436 -0.426823 -0.885947 0.899917 -0.364814 0.238872 0.912430 -0.406789 -0.044655 
-0.696933 -0.421371 -0.580285 0.023080 0.628999 0.777064 -0.714949 0.672324 0.191906 -0.459479 -0.770632 0.441594 -0.157140 -0.400346 -0.902790 0.908890 -0.336941 0.245743 0.917238 -0.396555 -0.037659 
-0.675361 -0.406073 -0.615624 0.004366 0.631887 0.775048 -0.726210 0.657318 0.201373 -0.470010 -0.784603 0.404336 -0.131246 -0.372045 -0.918889 0.907936 -0.402947 -0.115261 0.916067 -0.313326 0.250295 0.927012 -0.372867 0.040225 
-0.651728 -0.387693 -0.651878 -0.013312 0.634058 0.773171 -0.737694 0.641146 0.211518 -0.478050 -0.800440 0.361614 -0.101421 -0.339473 -0.935132 0.900820 -0.421984 -0.102236 0.922250 -0.290998 0.254509 0.939384 -0.340213 0.042584 
-0.625154 -0.366108 -0.689309 -0.031504 0.636429 0.770692 -0.749849 0.623259 0.221979 -0.485323 -0.815720 0.314742 -0.069172 -0.303520 -0.950311 0.891892 -0.443542 -0.088308 0.928051 -0.267675 0.258981 0.951529 -0.304266 0.044892 
-0.490268 -0.830288 0.265066 -0.595435 -0.341416 -0.727250 -0.052839 0.639357 0.767092 -0.762906 0.603409 0.232104 -0.034908 -0.265373 -0.963514 0.885245 -0.459231 -0.073805 0.933461 -0.241275 0.265398 0.961236 -0.271497 0.048111 
-0.501259 -0.835686 0.224432 -0.079877 0.637335 0.766436 -0.777017 0.583076 0.237206 -0.008684 -0.234386 -0.972105 0.875220 -0.479774 -0.061705 0.936964 -0.214388 0.275928 0.970661 -0.234305 0.054025 -0.241116 -0.132582 -0.961398 -0.670415 -0.381674 -0.636293 
-0.511367 -0.837007 0.194736 -0.109628 0.628107 0.770366 -0.790540 0.565106 0.236013 0.008909 -0.211394 -0.977360 0.938058 -0.190904 0.289142 0.978005 -0.199057 0.062315 -0.227883 -0.121084 -0.966131 -0.638961 -0.366287 -0.676433 0.395614 -0.211270 -0.893786 0.866268 -0.498960 0.024874 
0.981881 -0.173778 0.075569 -0.518394 -0.838716 0.166801 -0.135656 0.612826 0.778487 -0.801055 0.551788 0.232037 0.024467 -0.188960 -0.981680 -0.211148 -0.110350 -0.971205 -0.619821 -0.353170 -0.700780 0.408452 -0.196689 -0.891336 0.858609 -0.511600 0.032491 
0.982039 -0.168741 0.084416 -0.523434 -0.841327 0.134853 -0.151828 0.593200 0.790609 -0.808000 0.543305 0.227937 -0.188614 -0.093132 -0.977625 -0.609435 -0.338656 -0.716869 0.418455 -0.176894 -0.890844 0.856788 -0.514041 0.040945 
-0.526949 -0.843501 0.104071 -0.164370 0.572449 0.803296 -0.812510 0.538373 0.223568 0.855546 -0.515407 0.048953 0.980481 -0.172045 0.095173 0.431922 -0.156157 -0.888290 -0.167060 -0.072655 -0.983266 -0.599126 -0.322563 -0.732803 
-0.528921 -0.845531 0.072935 -0.173556 0.550623 0.816513 -0.815054 0.535993 0.219996 0.853811 -0.517468 0.056868 0.977862 -0.179702 0.107209 0.446448 -0.133763 -0.884755 -0.587582 -0.305415 -0.749312 
-0.529823 -0.847056 0.042231 -0.181597 0.533018 0.826386 -0.816908 0.534645 0.216367 0.852466 -0.518785 0.064522 0.974210 -0.191072 0.120024 0.463062 -0.112612 -0.879143 -0.574195 -0.287826 -0.766457 
0.848780 -0.518095 -0.105592 0.976889 -0.202703 0.067815 -0.530102 -0.847834 0.013008 -0.192700 0.514536 0.835535 -0.819126 0.533096 0.211758 -0.558002 -0.269494 -0.784861 
0.851172 -0.515053 -0.101130 -0.521575 -0.852961 -0.020423 -0.329458 0.555103 0.763753 -0.819538 0.533855 0.208223 0.881327 -0.109385 0.459671 0.973245 -0.213788 0.084190 -0.550483 -0.251344 -0.796113 
0.854680 -0.509207 -0.101150 -0.504047 -0.860570 -0.073188 -0.559608 -0.233194 -0.795273 -0.444861 0.626572 0.639927 -0.831665 0.544410 0.109320 0.823478 0.005248 0.567324 0.964679 -0.239371 0.109982 
0.858450 -0.502959 -0.100482 -0.488432 -0.863449 -0.126059 -0.550128 -0.207073 -0.808999 -0.454080 0.761049 0.463267 -0.829260 0.544664 0.125175 0.804226 0.126324 0.580743 0.954802 -0.280673 0.097851 
-0.475505 -0.861946 -0.175911 0.861880 -0.497321 -0.099175 0.872075 0.230097 0.431904 0.940695 -0.334398 0.057190 -0.187426 -0.091155 0.978040 -0.305562 -0.087031 -0.948186 -0.364913 0.893816 0.260635 -0.821363 0.547314 0.160654 
-0.472631 -0.853329 -0.220112 0.864887 -0.492520 -0.096925 0.905919 0.272315 0.324276 0.932523 -0.359314 0.035973 -0.197504 -0.135927 0.970833 -0.276923 -0.042963 -0.959931 -0.328356 0.935302 0.131877 -0.819364 0.543694 0.181769 
-0.478062 -0.844174 -0.242540 0.865745 -0.491128 -0.096329 -0.200252 -0.159187 0.966726 -0.238591 -0.012468 -0.971040 -0.263135 0.963041 0.057548 -0.820194 0.541854 0.183508 0.930779 0.237724 0.277736 0.924087 -0.381425 0.024053 
-0.487502 -0.834424 -0.257056 0.865866 -0.490954 -0.096124 -0.198839 -0.175636 0.964165 -0.190039 0.016594 -0.981636 -0.127767 0.991496 -0.024713 -0.811746 0.556903 0.175862 0.959737 0.129881 0.249070 0.899608 -0.436574 0.010404 
-0.495753 -0.826140 -0.267809 0.067422 0.995770 -0.062426 0.972624 -0.051655 0.226572 0.863178 -0.503206 -0.041314 -0.794060 0.585402 0.163625 -0.193524 -0.190580 0.962407 
0.295402 0.953230 -0.063952 -0.489538 -0.749119 0.446288 0.937729 -0.276491 0.210280 0.832037 -0.552718 -0.047096 -0.187247 -0.200733 0.961584 -0.774797 0.632170 0.007098 
-0.423993 -0.611020 0.668494 0.490246 0.869837 -0.055152 0.859808 -0.472290 0.194094 0.791298 -0.580442 -0.192183 -0.182763 -0.218109 0.958658 -0.740090 0.672357 0.014282 
-0.715390 0.698329 0.023538 0.609474 0.791868 -0.038538 -0.185907 -0.245082 0.951511 -0.469034 -0.655386 0.592010 0.784743 -0.595644 0.171423 0.775537 -0.602994 -0.186923 
-0.424616 -0.589530 0.687136 0.771640 -0.610081 -0.179924 -0.705033 0.708296 0.035286 0.652211 0.757549 -0.027210 
-0.453235 -0.634100 0.626495 0.779456 -0.602465 -0.171709 -0.708773 0.704068 0.043909 0.642258 0.766406 -0.011292 
-0.482987 -0.675155 0.557574 0.790776 -0.590368 -0.161677 -0.715707 0.696629 0.049711 0.634808 0.772611 0.009516 
