-0.708098 -0.706114 -0.000000 0.709165 -0.705042 0.000000 -0.704840 0.709367 0.000000 0.692177 0.721728 0.000000 
-0.708008 -0.706205 -0.000000 0.709269 -0.704938 0.000000 -0.704944 0.709263 0.000000 0.692084 0.721817 0.000000 
-0.707991 -0.706221 -0.000000 0.709299 -0.704907 0.000000 -0.704975 0.709232 0.000000 0.692068 0.721833 0.000000 
-0.707699 -0.706514 -0.000000 0.709593 -0.704612 0.000000 -0.705270 0.708939 0.000000 0.691769 0.722119 0.000000 
-0.707698 -0.706516 -0.000000 0.709594 -0.704611 0.000000 -0.705271 0.708938 0.000000 0.691767 0.722120 0.000000 
-0.707696 -0.706517 -0.000000 0.709595 -0.704610 0.000000 -0.705272 0.708937 0.000000 0.691766 0.722122 0.000000 
-0.707695 -0.706518 -0.000000 0.709595 -0.704609 0.000000 -0.705273 0.708936 0.000000 0.691765 0.722123 0.000000 
-0.707803 -0.706410 -0.000000 0.709494 -0.704711 0.000000 -0.705171 0.709038 0.000000 0.691875 0.722017 0.000000 
-0.707000 -0.707213 -0.000000 0.710318 -0.703881 0.000000 -0.705999 0.708212 0.000000 0.691054 0.722803 0.000000 
-0.707002 -0.707211 -0.000000 0.710315 -0.703883 0.000000 -0.705997 0.708215 0.000000 0.691056 0.722801 0.000000 
-0.707476 -0.706737 -0.000000 0.709811 -0.704392 0.000000 -0.705490 0.708720 0.000000 0.691539 0.722339 0.000000 
-0.707355 -0.706859 -0.000000 0.709930 -0.704272 0.000000 -0.705610 0.708601 0.000000 0.691415 0.722458 0.000000 
-0.707421 -0.706792 -0.000000 0.709884 -0.704318 0.000000 -0.705564 0.708646 0.000000 0.691482 0.722393 0.000000 
-0.708401 -0.705810 -0.000000 0.708895 -0.705315 0.000000 -0.704568 0.709636 0.000000 0.692484 0.721433 0.000000 
-0.708611 -0.705599 -0.000000 0.708687 -0.705523 0.000000 -0.704359 0.709844 0.000000 0.692697 0.721229 0.000000 
-0.708659 -0.705551 -0.000000 0.708609 -0.705601 0.000000 -0.704281 0.709921 0.000000 0.692746 0.721181 0.000000 
-0.708368 -0.705843 -0.000000 0.708924 -0.705285 0.000000 -0.704598 0.709606 0.000000 0.692449 0.721467 0.000000 
-0.708365 -0.705846 -0.000000 0.708927 -0.705282 0.000000 -0.704602 0.709603 0.000000 0.692444 0.721471 0.000000 
-0.716020 -0.698080 -0.000000 0.701188 -0.712976 0.000000 -0.696815 0.717251 0.000000 0.700272 0.713877 0.000000 
-0.741277 -0.671199 -0.000000 0.674448 -0.738322 0.000000 -0.669920 0.742433 0.000000 0.726126 0.687562 0.000000 
-0.754937 -0.655797 -0.000000 0.659072 -0.752080 0.000000 -0.654460 0.756097 0.000000 0.740126 0.672468 0.000000 
-0.755569 -0.655070 -0.000000 0.658354 -0.752709 0.000000 -0.653738 0.756721 0.000000 0.740773 0.671755 0.000000 
-0.755589 -0.655046 -0.000000 0.658331 -0.752729 0.000000 -0.653714 0.756741 0.000000 0.740794 0.671733 0.000000 
-0.749744 -0.661728 -0.000000 0.664992 -0.746851 0.000000 -0.660411 0.750904 0.000000 0.734801 0.678282 0.000000 
-0.748550 -0.663078 -0.000000 0.666346 -0.745643 0.000000 -0.661773 0.749704 0.000000 0.733578 0.679606 0.000000 
-0.749375 -0.662146 -0.000000 0.665408 -0.746480 0.000000 -0.660830 0.750536 0.000000 0.734423 0.678692 0.000000 
-0.660162 0.751123 0.000000 0.255465 -0.966818 0.000000 -0.902875 -0.429904 -0.000000 0.735024 0.678041 0.000000 0.972684 0.232134 0.000000 0.914955 0.403556 0.000000 
-0.660221 0.751071 0.000000 0.254324 -0.967119 0.000000 -0.903052 -0.429532 -0.000000 0.734970 0.678099 0.000000 0.972958 0.230981 0.000000 0.915045 0.403351 0.000000 
-0.661794 0.749686 0.000000 0.254325 -0.967119 0.000000 -0.902924 -0.429800 -0.000000 0.733547 0.679639 0.000000 0.972958 0.230981 0.000000 0.915082 0.403268 0.000000 
-0.662474 0.749085 0.000000 0.254327 -0.967118 0.000000 -0.902888 -0.429875 -0.000000 0.732929 0.680306 0.000000 0.972958 0.230983 0.000000 0.915125 0.403171 0.000000 
-0.662695 0.748890 0.000000 0.254330 -0.967118 0.000000 -0.902856 -0.429942 -0.000000 0.732728 0.680522 0.000000 0.972957 0.230987 0.000000 0.915108 0.403209 0.000000 
-0.662751 0.748840 0.000000 0.254868 -0.966976 0.000000 -0.902839 -0.429979 -0.000000 0.732677 0.680577 0.000000 0.972828 0.231530 0.000000 0.915178 0.403050 0.000000 
-0.662757 0.748835 0.000000 0.255155 -0.966900 0.000000 -0.902838 -0.429981 -0.000000 0.732672 0.680582 0.000000 0.972759 0.231818 0.000000 0.915229 0.402933 0.000000 
-0.662758 0.748834 0.000000 0.255664 -0.966766 0.000000 -0.902811 -0.430037 -0.000000 0.732671 0.680583 0.000000 0.972638 0.232326 0.000000 0.915284 0.402810 0.000000 
-0.663047 0.748578 0.000000 0.256957 -0.966423 0.000000 -0.902621 -0.430436 -0.000000 0.732408 0.680866 0.000000 0.972334 0.233597 0.000000 0.915258 0.402869 0.000000 
-0.662966 0.748650 0.000000 0.257758 -0.966210 0.000000 -0.902685 -0.430303 -0.000000 0.732486 0.680782 0.000000 0.972162 0.234308 0.000000 0.915484 0.402354 0.000000 
-0.663031 0.748592 0.000000 0.258692 -0.965960 0.000000 -0.902448 -0.430800 -0.000000 0.732419 0.680854 0.000000 0.971968 0.235111 0.000000 0.915297 0.402779 0.000000 
-0.662935 0.748677 0.000000 0.258998 -0.965878 0.000000 -0.901712 -0.432337 -0.000000 0.732500 0.680767 0.000000 0.971938 0.235239 0.000000 0.914217 0.405225 0.000000 
-0.662699 0.748886 0.000000 0.258697 -0.965958 0.000000 -0.900136 -0.435610 -0.000000 0.732679 0.680574 0.000000 0.972062 0.234725 0.000000 0.911739 0.410771 0.000000 
-0.662862 0.748741 0.000000 0.257505 -0.966277 0.000000 -0.898014 -0.439966 -0.000000 0.732484 0.680785 0.000000 0.972404 0.233305 0.000000 0.908337 0.418239 0.000000 
-0.662666 0.748915 0.000000 0.256131 -0.966642 0.000000 -0.896193 -0.443664 -0.000000 0.732682 0.680571 0.000000 0.972786 0.231707 0.000000 0.905284 0.424808 0.000000 
-0.662664 0.748917 0.000000 0.255170 -0.966896 0.000000 -0.893872 -0.448323 -0.000000 0.732693 0.680559 0.000000 0.973067 0.230523 0.000000 0.901518 0.432741 0.000000 
-0.662659 0.748921 0.000000 0.254849 -0.966981 0.000000 -0.891497 -0.453026 -0.000000 0.732700 0.680552 0.000000 0.973191 0.230000 0.000000 0.897744 0.440518 0.000000 
-0.662656 0.748924 0.000000 0.254802 -0.966993 0.000000 -0.889450 -0.457033 -0.000000 0.732704 0.680547 0.000000 0.973238 0.229800 0.000000 0.894514 0.447040 0.000000 
-0.662654 0.748926 0.000000 0.254871 -0.966975 0.000000 -0.888062 -0.459723 -0.000000 0.732708 0.680544 0.000000 0.973245 0.229771 0.000000 0.892341 0.451362 0.000000 
-0.662653 0.748926 0.000000 0.254987 -0.966945 0.000000 -0.887662 -0.460495 -0.000000 0.732711 0.680540 0.000000 0.973229 0.229838 0.000000 0.891733 0.452561 0.000000 
-0.662653 0.748926 0.000000 0.254953 -0.966953 0.000000 -0.887593 -0.460629 -0.000000 0.732715 0.680535 0.000000 0.973240 0.229793 0.000000 0.891627 0.452771 0.000000 
-0.662654 0.748926 0.000000 0.254853 -0.966980 0.000000 -0.887490 -0.460826 -0.000000 0.732720 0.680530 0.000000 0.973257 0.229719 0.000000 0.891460 0.453099 0.000000 
-0.662655 0.748924 0.000000 0.254798 -0.966994 0.000000 -0.887489 -0.460829 -0.000000 0.732724 0.680526 0.000000 0.973254 0.229730 0.000000 0.891455 0.453108 0.000000 
-0.662657 0.748923 0.000000 0.254862 -0.966977 0.000000 -0.887464 -0.460877 -0.000000 0.732728 0.680522 0.000000 0.973215 0.229896 0.000000 0.891435 0.453148 0.000000 
-0.662659 0.748921 0.000000 0.254923 -0.966961 0.000000 -0.887436 -0.460931 -0.000000 0.732731 0.680518 0.000000 0.973171 0.230081 0.000000 0.891411 0.453196 0.000000 
-0.662667 0.748915 0.000000 0.254944 -0.966956 0.000000 -0.887416 -0.460969 -0.000000 0.732729 0.680520 0.000000 0.973134 0.230241 0.000000 0.891393 0.453231 0.000000 
-0.662670 0.748912 0.000000 0.254915 -0.966964 0.000000 -0.887398 -0.461004 -0.000000 0.732731 0.680518 0.000000 0.973107 0.230355 0.000000 0.891366 0.453284 0.000000 
-0.662673 0.748909 0.000000 0.254840 -0.966983 0.000000 -0.887387 -0.461026 -0.000000 0.732733 0.680517 0.000000 0.973092 0.230417 0.000000 0.891339 0.453338 0.000000 
-0.662675 0.748907 0.000000 0.254668 -0.967029 0.000000 -0.887392 -0.461016 -0.000000 0.732733 0.680516 0.000000 0.973103 0.230369 0.000000 0.891320 0.453375 0.000000 
-0.662690 0.748894 0.000000 0.254543 -0.967062 0.000000 -0.887427 -0.460948 -0.000000 0.732723 0.680527 0.000000 0.973105 0.230362 0.000000 0.891358 0.453300 0.000000 
-0.662692 0.748892 0.000000 0.254342 -0.967114 0.000000 -0.887438 -0.460927 -0.000000 0.732723 0.680527 0.000000 0.973127 0.230270 0.000000 0.891340 0.453335 0.000000 
-0.662694 0.748890 0.000000 0.254279 -0.967131 0.000000 -0.887427 -0.460949 -0.000000 0.732722 0.680528 0.000000 0.973116 0.230316 0.000000 0.891306 0.453402 0.000000 
-0.662697 0.748888 0.000000 0.254357 -0.967110 0.000000 -0.887394 -0.461012 -0.000000 0.732721 0.680529 0.000000 0.973073 0.230497 0.000000 0.891256 0.453501 0.000000 
-0.662721 0.748866 0.000000 0.254548 -0.967060 0.000000 -0.887407 -0.460988 -0.000000 0.732700 0.680552 0.000000 0.973007 0.230774 0.000000 0.891295 0.453424 0.000000 
-0.662763 0.748829 0.000000 0.254853 -0.966980 0.000000 -0.887421 -0.460960 -0.000000 0.732663 0.680591 0.000000 0.972918 0.231148 0.000000 0.891354 0.453308 0.000000 
-0.662802 0.748795 0.000000 0.255083 -0.966919 0.000000 -0.887390 -0.461020 -0.000000 0.732628 0.680629 0.000000 0.972846 0.231453 0.000000 0.891331 0.453352 0.000000 
-0.662883 0.748723 0.000000 0.255319 -0.966857 0.000000 -0.887420 -0.460962 -0.000000 0.732555 0.680708 0.000000 0.972777 0.231744 0.000000 0.891413 0.453192 0.000000 
-0.662941 0.748672 0.000000 0.255595 -0.966784 0.000000 -0.887408 -0.460985 -0.000000 0.732503 0.680763 0.000000 0.972701 0.232062 0.000000 0.891427 0.453163 0.000000 
-0.663034 0.748589 0.000000 0.255854 -0.966715 0.000000 -0.887401 -0.460998 -0.000000 0.732419 0.680854 0.000000 0.972631 0.232356 0.000000 0.891455 0.453110 0.000000 
-0.663069 0.748558 0.000000 0.256144 -0.966639 0.000000 -0.887376 -0.461047 -0.000000 0.732387 0.680888 0.000000 0.972556 0.232667 0.000000 0.891445 0.453130 0.000000 
-0.663177 0.748462 0.000000 0.256410 -0.966568 0.000000 -0.887400 -0.461001 -0.000000 0.732289 0.680994 0.000000 0.972488 0.232953 0.000000 0.891524 0.452973 0.000000 
-0.663474 0.748199 0.000000 0.256771 -0.966472 0.000000 -0.887323 -0.461149 -0.000000 0.732019 0.681285 0.000000 0.972397 0.233331 0.000000 0.891493 0.453034 0.000000 
-0.663520 0.748158 0.000000 0.257123 -0.966379 0.000000 -0.887307 -0.461180 -0.000000 0.731977 0.681330 0.000000 0.972310 0.233693 0.000000 0.891512 0.452996 0.000000 
-0.663601 0.748086 0.000000 0.257349 -0.966318 0.000000 -0.887322 -0.461150 -0.000000 0.731903 0.681409 0.000000 0.972253 0.233931 0.000000 0.891572 0.452879 0.000000 
-0.663604 0.748084 0.000000 0.257571 -0.966259 0.000000 -0.887280 -0.461230 -0.000000 0.731901 0.681411 0.000000 0.972197 0.234163 0.000000 0.891526 0.452969 0.000000 
-0.663753 0.747952 0.000000 0.257794 -0.966200 0.000000 -0.887360 -0.461078 -0.000000 0.731765 0.681557 0.000000 0.972142 0.234391 0.000000 0.891704 0.452619 0.000000 
-0.663815 0.747897 0.000000 0.258006 -0.966143 0.000000 -0.887364 -0.461069 -0.000000 0.731709 0.681617 0.000000 0.972088 0.234615 0.000000 0.891748 0.452533 0.000000 
-0.663798 0.747912 0.000000 0.258214 -0.966088 0.000000 -0.887445 -0.460914 -0.000000 0.731725 0.681600 0.000000 0.972036 0.234831 0.000000 0.891901 0.452231 0.000000 
-0.663869 0.747849 0.000000 0.258343 -0.966053 0.000000 -0.887505 -0.460798 -0.000000 0.731659 0.681670 0.000000 0.972003 0.234969 0.000000 0.892025 0.451987 0.000000 
-0.663889 0.747831 0.000000 0.258455 -0.966023 0.000000 -0.887548 -0.460716 -0.000000 0.731642 0.681689 0.000000 0.971974 0.235090 0.000000 0.892111 0.451817 0.000000 
-0.663906 0.747816 0.000000 0.258599 -0.965985 0.000000 -0.887628 -0.460561 -0.000000 0.731626 0.681706 0.000000 0.971940 0.235230 0.000000 0.892259 0.451524 0.000000 
-0.663929 0.747795 0.000000 0.258672 -0.965965 0.000000 -0.887726 -0.460373 -0.000000 0.731605 0.681729 0.000000 0.971921 0.235305 0.000000 0.892429 0.451188 0.000000 
-0.663967 0.747762 0.000000 0.258726 -0.965951 0.000000 -0.887832 -0.460168 -0.000000 0.731570 0.681767 0.000000 0.971907 0.235365 0.000000 0.892616 0.450819 0.000000 
-0.664397 0.747379 0.000000 0.259078 -0.965856 0.000000 -0.888143 -0.459568 -0.000000 0.731160 0.682206 0.000000 0.971824 0.235708 0.000000 0.893252 0.449556 0.000000 
-0.664573 0.747223 0.000000 0.259399 -0.965770 0.000000 -0.888516 -0.458846 -0.000000 0.731001 0.682376 0.000000 0.971747 0.236026 0.000000 0.893932 0.448203 0.000000 
-0.664723 0.747090 0.000000 0.259829 -0.965655 0.000000 -0.888793 -0.458310 -0.000000 0.730869 0.682517 0.000000 0.971643 0.236453 0.000000 0.894467 0.447134 0.000000 
-0.664794 0.747027 0.000000 0.259827 -0.965655 0.000000 -0.888799 -0.458298 -0.000000 0.730802 0.682590 0.000000 0.971642 0.236457 0.000000 0.894490 0.447087 0.000000 
-0.664751 0.747065 0.000000 0.259872 -0.965643 0.000000 -0.888867 -0.458165 -0.000000 0.730842 0.682546 0.000000 0.971629 0.236510 0.000000 0.894600 0.446867 0.000000 
-0.664763 0.747054 0.000000 0.259898 -0.965636 0.000000 -0.888913 -0.458076 -0.000000 0.730834 0.682555 0.000000 0.971620 0.236545 0.000000 0.894682 0.446704 0.000000 
-0.665280 0.746594 0.000000 0.259953 -0.965621 0.000000 -0.888788 -0.458319 -0.000000 0.730340 0.683084 0.000000 0.971607 0.236602 0.000000 0.894586 0.446897 0.000000 
-0.665149 0.746711 0.000000 0.260083 -0.965586 0.000000 -0.889194 -0.457531 -0.000000 0.730466 0.682949 0.000000 0.971577 0.236722 0.000000 0.895234 0.445597 0.000000 
-0.665151 0.746709 0.000000 0.260147 -0.965569 0.000000 -0.889184 -0.457549 -0.000000 0.730468 0.682947 0.000000 0.971560 0.236792 0.000000 0.895231 0.445603 0.000000 
-0.665116 0.746740 0.000000 0.260220 -0.965549 0.000000 -0.889379 -0.457170 -0.000000 0.730507 0.682905 0.000000 0.971542 0.236869 0.000000 0.895551 0.444960 0.000000 
-0.665150 0.746709 0.000000 0.260252 -0.965541 0.000000 -0.889403 -0.457125 -0.000000 0.730478 0.682937 0.000000 0.971533 0.236904 0.000000 0.895600 0.444860 0.000000 
-0.665185 0.746678 0.000000 0.260271 -0.965536 0.000000 -0.889474 -0.456986 -0.000000 0.730448 0.682968 0.000000 0.971528 0.236926 0.000000 0.895723 0.444612 0.000000 
-0.665197 0.746668 0.000000 0.260268 -0.965536 0.000000 -0.889491 -0.456953 -0.000000 0.730439 0.682978 0.000000 0.971527 0.236928 0.000000 0.895753 0.444551 0.000000 
-0.665206 0.746660 0.000000 0.260283 -0.965532 0.000000 -0.889500 -0.456934 -0.000000 0.730432 0.682985 0.000000 0.971523 0.236947 0.000000 0.895774 0.444509 0.000000 
-0.665407 0.746481 0.000000 0.260335 -0.965518 0.000000 -0.889531 -0.456876 -0.000000 0.730243 0.683188 0.000000 0.971510 0.236997 0.000000 0.895866 0.444324 0.000000 
-0.665416 0.746473 0.000000 0.260375 -0.965508 0.000000 -0.889557 -0.456824 -0.000000 0.730236 0.683195 0.000000 0.971499 0.237042 0.000000 0.895917 0.444221 0.000000 
-0.665607 0.746303 0.000000 0.260612 -0.965444 0.000000 -0.889853 -0.456247 -0.000000 0.730060 0.683383 0.000000 0.971442 0.237279 0.000000 0.896471 0.443102 0.000000 
-0.666054 0.745903 0.000000 0.260754 -0.965405 0.000000 -0.889653 -0.456637 -0.000000 0.729623 0.683850 0.000000 0.971409 0.237413 0.000000 0.896247 0.443555 0.000000 
-0.666142 0.745825 0.000000 0.260885 -0.965370 0.000000 -0.889768 -0.456412 -0.000000 0.729542 0.683936 0.000000 0.971376 0.237547 0.000000 0.896473 0.443097 0.000000 
-0.666371 0.745621 0.000000 0.261164 -0.965294 0.000000 -0.889956 -0.456046 -0.000000 0.729349 0.684142 0.000000 0.971310 0.237817 0.000000 0.896849 0.442337 0.000000 
-0.666386 0.745607 0.000000 0.261344 -0.965246 0.000000 -0.890027 -0.455907 -0.000000 0.729339 0.684153 0.000000 0.971267 0.237992 0.000000 0.896990 0.442050 0.000000 
-0.666388 0.745605 0.000000 0.261380 -0.965236 0.000000 -0.890021 -0.455919 -0.000000 0.729340 0.684151 0.000000 0.971257 0.238033 0.000000 0.896988 0.442054 0.000000 
-0.666390 0.745603 0.000000 0.261381 -0.965236 0.000000 -0.890021 -0.455919 -0.000000 0.729341 0.684151 0.000000 0.971256 0.238038 0.000000 0.896989 0.442052 0.000000 
-0.666414 0.745582 0.000000 0.261400 -0.965231 0.000000 -0.890088 -0.455788 -0.000000 0.729323 0.684169 0.000000 0.971250 0.238061 0.000000 0.897104 0.441819 0.000000 
-0.666651 0.745370 0.000000 0.261530 -0.965195 0.000000 -0.890205 -0.455560 -0.000000 0.729098 0.684410 0.000000 0.971219 0.238187 0.000000 0.897354 0.441312 0.000000 
-0.666665 0.745357 0.000000 0.261574 -0.965183 0.000000 -0.890270 -0.455434 -0.000000 0.729087 0.684421 0.000000 0.971208 0.238232 0.000000 0.897465 0.441086 0.000000 
-0.666673 0.745350 0.000000 0.261592 -0.965178 0.000000 -0.890320 -0.455336 -0.000000 0.729082 0.684426 0.000000 0.971203 0.238255 0.000000 0.897549 0.440914 0.000000 
-0.666764 0.745269 0.000000 0.261699 -0.965149 0.000000 -0.890488 -0.455008 -0.000000 0.729005 0.684508 0.000000 0.971177 0.238360 0.000000 0.897846 0.440309 0.000000 
-0.666766 0.745268 0.000000 0.261699 -0.965150 0.000000 -0.890488 -0.455007 -0.000000 0.729005 0.684509 0.000000 0.971176 0.238365 0.000000 0.897847 0.440307 0.000000 
-0.666662 0.745360 0.000000 0.261728 -0.965142 0.000000 -0.890718 -0.454557 -0.000000 0.729104 0.684403 0.000000 0.971169 0.238393 0.000000 0.898199 0.439589 0.000000 
-0.666665 0.745357 0.000000 0.261750 -0.965136 0.000000 -0.890750 -0.454494 -0.000000 0.729101 0.684406 0.000000 0.971162 0.238420 0.000000 0.898255 0.439475 0.000000 
-0.666670 0.745353 0.000000 0.261794 -0.965124 0.000000 -0.890794 -0.454407 -0.000000 0.729096 0.684411 0.000000 0.971150 0.238471 0.000000 0.898333 0.439314 0.000000 
-0.666680 0.745344 0.000000 0.261906 -0.965093 0.000000 -0.890874 -0.454250 -0.000000 0.729088 0.684420 0.000000 0.971122 0.238582 0.000000 0.898478 0.439019 0.000000 
-0.666902 0.745145 0.000000 0.261922 -0.965089 0.000000 -0.890815 -0.454365 -0.000000 0.728875 0.684646 0.000000 0.971118 0.238599 0.000000 0.898427 0.439123 0.000000 
-0.666904 0.745144 0.000000 0.261916 -0.965091 0.000000 -0.890815 -0.454366 -0.000000 0.728875 0.684646 0.000000 0.971119 0.238597 0.000000 0.898425 0.439127 0.000000 
-0.666915 0.745134 0.000000 0.261906 -0.965093 0.000000 -0.890879 -0.454240 -0.000000 0.728867 0.684655 0.000000 0.971120 0.238591 0.000000 0.898526 0.438921 0.000000 
-0.666922 0.745127 0.000000 0.261899 -0.965095 0.000000 -0.890913 -0.454175 -0.000000 0.728861 0.684661 0.000000 0.971121 0.238588 0.000000 0.898578 0.438814 0.000000 
-0.667022 0.745038 0.000000 0.262079 -0.965047 0.000000 -0.891148 -0.453713 -0.000000 0.728774 0.684754 0.000000 0.971078 0.238763 0.000000 0.898992 0.437965 0.000000 
-0.667205 0.744874 0.000000 0.262166 -0.965023 0.000000 -0.891168 -0.453673 -0.000000 0.728597 0.684943 0.000000 0.971056 0.238853 0.000000 0.899071 0.437803 0.000000 
-0.667501 0.744609 0.000000 0.262394 -0.964961 0.000000 -0.891120 -0.453767 -0.000000 0.728296 0.685263 0.000000 0.971000 0.239080 0.000000 0.899087 0.437770 0.000000 
-0.667504 0.744606 0.000000 0.262541 -0.964921 0.000000 -0.891095 -0.453817 -0.000000 0.728299 0.685259 0.000000 0.970963 0.239230 0.000000 0.899068 0.437808 0.000000 
-0.667760 0.744377 0.000000 0.262700 -0.964877 0.000000 -0.890980 -0.454042 -0.000000 0.728039 0.685536 0.000000 0.970923 0.239393 0.000000 0.898964 0.438022 0.000000 
-0.667764 0.744373 0.000000 0.262911 -0.964820 0.000000 -0.890944 -0.454114 -0.000000 0.728044 0.685530 0.000000 0.970870 0.239606 0.000000 0.898938 0.438075 0.000000 
-0.667768 0.744369 0.000000 0.263118 -0.964764 0.000000 -0.890908 -0.454183 -0.000000 0.728049 0.685525 0.000000 0.970818 0.239816 0.000000 0.898914 0.438126 0.000000 
-0.667823 0.744320 0.000000 0.263481 -0.964664 0.000000 -0.891050 -0.453904 -0.000000 0.728005 0.685572 0.000000 0.970731 0.240168 0.000000 0.899198 0.437542 0.000000 
-0.667851 0.744295 0.000000 0.263614 -0.964628 0.000000 -0.891110 -0.453787 -0.000000 0.727985 0.685593 0.000000 0.970699 0.240300 0.000000 0.899315 0.437302 0.000000 
-0.667854 0.744293 0.000000 0.263602 -0.964632 0.000000 -0.891109 -0.453790 -0.000000 0.727987 0.685591 0.000000 0.970700 0.240296 0.000000 0.899311 0.437311 0.000000 
-0.667895 0.744255 0.000000 0.263681 -0.964610 0.000000 -0.891170 -0.453669 -0.000000 0.727952 0.685628 0.000000 0.970679 0.240379 0.000000 0.899425 0.437075 0.000000 
-0.667928 0.744226 0.000000 0.263657 -0.964616 0.000000 -0.891198 -0.453615 -0.000000 0.727925 0.685656 0.000000 0.970685 0.240357 0.000000 0.899469 0.436985 0.000000 
-0.667983 0.744176 0.000000 0.263819 -0.964572 0.000000 -0.891330 -0.453356 -0.000000 0.727879 0.685706 0.000000 0.970643 0.240526 0.000000 0.899713 0.436482 0.000000 
-0.668069 0.744099 0.000000 0.263923 -0.964544 0.000000 -0.891438 -0.453143 -0.000000 0.727804 0.685785 0.000000 0.970616 0.240634 0.000000 0.899915 0.436066 0.000000 
-0.668178 0.744001 0.000000 0.263947 -0.964537 0.000000 -0.891457 -0.453105 -0.000000 0.727705 0.685891 0.000000 0.970609 0.240661 0.000000 0.899966 0.435960 0.000000 
-0.668179 0.744000 0.000000 0.263960 -0.964534 0.000000 -0.891478 -0.453065 -0.000000 0.727704 0.685891 0.000000 0.970605 0.240677 0.000000 0.900000 0.435890 0.000000 
-0.668402 0.743800 0.000000 0.263967 -0.964532 0.000000 -0.891387 -0.453243 -0.000000 0.727491 0.686117 0.000000 0.970603 0.240685 0.000000 0.899897 0.436103 0.000000 
-0.668403 0.743799 0.000000 0.264047 -0.964510 0.000000 -0.891377 -0.453262 -0.000000 0.727492 0.686116 0.000000 0.970583 0.240766 0.000000 0.899895 0.436107 0.000000 
-0.668419 0.743785 0.000000 0.264151 -0.964481 0.000000 -0.891442 -0.453135 -0.000000 0.727480 0.686129 0.000000 0.970557 0.240873 0.000000 0.900016 0.435856 0.000000 
-0.668425 0.743780 0.000000 0.264213 -0.964464 0.000000 -0.891515 -0.452990 -0.000000 0.727473 0.686136 0.000000 0.970541 0.240936 0.000000 0.900148 0.435583 0.000000 
-0.668671 0.743558 0.000000 0.264354 -0.964426 0.000000 -0.891517 -0.452987 -0.000000 0.727244 0.686379 0.000000 0.970506 0.241077 0.000000 0.900211 0.435455 0.000000 
-0.668696 0.743536 0.000000 0.264504 -0.964385 0.000000 -0.891596 -0.452831 -0.000000 0.727224 0.686400 0.000000 0.970469 0.241228 0.000000 0.900363 0.435141 0.000000 
-0.668697 0.743535 0.000000 0.264538 -0.964375 0.000000 -0.891599 -0.452825 -0.000000 0.727224 0.686400 0.000000 0.970460 0.241264 0.000000 0.900374 0.435117 0.000000 
-0.668969 0.743290 0.000000 0.264631 -0.964350 0.000000 -0.891530 -0.452963 -0.000000 0.726954 0.686686 0.000000 0.970437 0.241356 0.000000 0.900330 0.435208 0.000000 
-0.669008 0.743255 0.000000 0.264758 -0.964315 0.000000 -0.891559 -0.452905 -0.000000 0.726923 0.686719 0.000000 0.970405 0.241482 0.000000 0.900401 0.435061 0.000000 
-0.669161 0.743118 0.000000 0.264856 -0.964288 0.000000 -0.891389 -0.453239 -0.000000 0.726757 0.686894 0.000000 0.970381 0.241579 0.000000 0.900177 0.435525 0.000000 
-0.669247 0.743040 0.000000 0.265082 -0.964226 0.000000 -0.891505 -0.453011 -0.000000 0.726685 0.686971 0.000000 0.970325 0.241806 0.000000 0.900415 0.435031 0.000000 
-0.669330 0.742966 0.000000 0.265294 -0.964167 0.000000 -0.891581 -0.452861 -0.000000 0.726619 0.687041 0.000000 0.970271 0.242019 0.000000 0.900585 0.434681 0.000000 
-0.669465 0.742844 0.000000 0.265368 -0.964147 0.000000 -0.891419 -0.453180 -0.000000 0.726469 0.687199 0.000000 0.970253 0.242093 0.000000 0.900365 0.435136 0.000000 
-0.669511 0.742802 0.000000 0.265503 -0.964110 0.000000 -0.891425 -0.453169 -0.000000 0.726437 0.687234 0.000000 0.970220 0.242227 0.000000 0.900402 0.435058 0.000000 
-0.669534 0.742782 0.000000 0.265607 -0.964081 0.000000 -0.891430 -0.453158 -0.000000 0.726423 0.687248 0.000000 0.970194 0.242331 0.000000 0.900431 0.435000 0.000000 
-0.669236 0.743050 0.000000 0.265531 -0.964102 0.000000 -0.891692 -0.452642 -0.000000 0.726708 0.686946 0.000000 0.970212 0.242257 0.000000 0.900785 0.434265 0.000000 
-0.669383 0.742918 0.000000 0.265524 -0.964104 0.000000 -0.891696 -0.452634 -0.000000 0.726577 0.687085 0.000000 0.970214 0.242251 0.000000 0.900815 0.434204 0.000000 
-0.669385 0.742916 0.000000 0.265459 -0.964122 0.000000 -0.891713 -0.452602 -0.000000 0.726579 0.687083 0.000000 0.970229 0.242187 0.000000 0.900829 0.434174 0.000000 
-0.669417 0.742887 0.000000 0.265479 -0.964117 0.000000 -0.891738 -0.452552 -0.000000 0.726549 0.687115 0.000000 0.970224 0.242209 0.000000 0.900877 0.434074 0.000000 
-0.669750 0.742586 0.000000 0.265680 -0.964061 0.000000 -0.891809 -0.452413 -0.000000 0.726235 0.687446 0.000000 0.970174 0.242411 0.000000 0.901077 0.433658 0.000000 
-0.669964 0.742394 0.000000 0.265815 -0.964024 0.000000 -0.891758 -0.452512 -0.000000 0.726030 0.687663 0.000000 0.970140 0.242547 0.000000 0.901057 0.433700 0.000000 
-0.669966 0.742391 0.000000 0.265941 -0.963989 0.000000 -0.891751 -0.452527 -0.000000 0.726033 0.687660 0.000000 0.970108 0.242674 0.000000 0.901066 0.433682 0.000000 
-0.670094 0.742276 0.000000 0.266225 -0.963911 0.000000 -0.891862 -0.452307 -0.000000 0.725913 0.687786 0.000000 0.970036 0.242960 0.000000 0.901311 0.433172 0.000000 
-0.670356 0.742039 0.000000 0.266370 -0.963871 0.000000 -0.891763 -0.452504 -0.000000 0.725663 0.688050 0.000000 0.970000 0.243106 0.000000 0.901223 0.433355 0.000000 
-0.670397 0.742002 0.000000 0.266525 -0.963828 0.000000 -0.891873 -0.452287 -0.000000 0.725633 0.688081 0.000000 0.969960 0.243263 0.000000 0.901426 0.432934 0.000000 
-0.670399 0.742001 0.000000 0.266569 -0.963816 0.000000 -0.891896 -0.452240 -0.000000 0.725636 0.688079 0.000000 0.969949 0.243308 0.000000 0.901469 0.432843 0.000000 
-0.670401 0.741999 0.000000 0.266598 -0.963808 0.000000 -0.891926 -0.452182 -0.000000 0.725637 0.688077 0.000000 0.969941 0.243339 0.000000 0.901519 0.432740 0.000000 
-0.670429 0.741974 0.000000 0.266644 -0.963795 0.000000 -0.891966 -0.452103 -0.000000 0.725612 0.688104 0.000000 0.969929 0.243386 0.000000 0.901592 0.432587 0.000000 
-0.670431 0.741972 0.000000 0.266674 -0.963787 0.000000 -0.891996 -0.452043 -0.000000 0.725613 0.688103 0.000000 0.969922 0.243417 0.000000 0.901643 0.432481 0.000000 
-0.670942 0.741510 0.000000 0.266776 -0.963759 0.000000 -0.891930 -0.452173 -0.000000 0.725130 0.688612 0.000000 0.969897 0.243515 0.000000 0.901628 0.432513 0.000000 
-0.670944 0.741508 0.000000 0.266868 -0.963733 0.000000 -0.891940 -0.452155 -0.000000 0.725133 0.688609 0.000000 0.969874 0.243609 0.000000 0.901658 0.432450 0.000000 
-0.670945 0.741507 0.000000 0.266962 -0.963707 0.000000 -0.891949 -0.452136 -0.000000 0.725134 0.688608 0.000000 0.969849 0.243705 0.000000 0.901687 0.432389 0.000000 
-0.670947 0.741506 0.000000 0.267047 -0.963684 0.000000 -0.891966 -0.452103 -0.000000 0.725135 0.688606 0.000000 0.969828 0.243791 0.000000 0.901727 0.432306 0.000000 
-0.670977 0.741479 0.000000 0.267214 -0.963637 0.000000 -0.892055 -0.451926 -0.000000 0.725111 0.688633 0.000000 0.969785 0.243960 0.000000 0.901899 0.431947 0.000000 
-0.670998 0.741459 0.000000 0.267355 -0.963598 0.000000 -0.892138 -0.451763 -0.000000 0.725093 0.688651 0.000000 0.969750 0.244102 0.000000 0.902054 0.431624 0.000000 
-0.671019 0.741440 0.000000 0.267433 -0.963576 0.000000 -0.892162 -0.451716 -0.000000 0.725074 0.688671 0.000000 0.969730 0.244181 0.000000 0.902105 0.431516 0.000000 
-0.671020 0.741439 0.000000 0.267481 -0.963563 0.000000 -0.892175 -0.451691 -0.000000 0.725074 0.688671 0.000000 0.969717 0.244231 0.000000 0.902133 0.431459 0.000000 
-0.671021 0.741438 0.000000 0.267526 -0.963551 0.000000 -0.892186 -0.451669 -0.000000 0.725074 0.688671 0.000000 0.969705 0.244277 0.000000 0.902157 0.431408 0.000000 
-0.671241 0.741239 0.000000 0.267608 -0.963528 0.000000 -0.892114 -0.451810 -0.000000 0.724864 0.688892 0.000000 0.969685 0.244359 0.000000 0.902094 0.431539 0.000000 
-0.671242 0.741238 0.000000 0.267685 -0.963507 0.000000 -0.892126 -0.451788 -0.000000 0.724865 0.688891 0.000000 0.969665 0.244437 0.000000 0.902124 0.431478 0.000000 
-0.671450 0.741049 0.000000 0.267778 -0.963481 0.000000 -0.892072 -0.451893 -0.000000 0.724666 0.689101 0.000000 0.969642 0.244530 0.000000 0.902088 0.431552 0.000000 
-0.671452 0.741048 0.000000 0.267887 -0.963450 0.000000 -0.892088 -0.451862 -0.000000 0.724667 0.689099 0.000000 0.969614 0.244639 0.000000 0.902129 0.431466 0.000000 
-0.671453 0.741047 0.000000 0.267993 -0.963421 0.000000 -0.892105 -0.451829 -0.000000 0.724668 0.689098 0.000000 0.969587 0.244746 0.000000 0.902172 0.431377 0.000000 
-0.671454 0.741046 0.000000 0.268095 -0.963392 0.000000 -0.892122 -0.451794 -0.000000 0.724668 0.689098 0.000000 0.969561 0.244850 0.000000 0.902215 0.431287 0.000000 
-0.671455 0.741045 0.000000 0.268192 -0.963366 0.000000 -0.892138 -0.451763 -0.000000 0.724668 0.689098 0.000000 0.969536 0.244948 0.000000 0.902254 0.431204 0.000000 
-0.671456 0.741044 0.000000 0.268281 -0.963341 0.000000 -0.892153 -0.451734 -0.000000 0.724669 0.689098 0.000000 0.969514 0.245037 0.000000 0.902291 0.431128 0.000000 
-0.671495 0.741009 0.000000 0.268402 -0.963307 0.000000 -0.892172 -0.451697 -0.000000 0.724632 0.689136 0.000000 0.969483 0.245159 0.000000 0.902345 0.431014 0.000000 
-0.671496 0.741009 0.000000 0.268499 -0.963280 0.000000 -0.892197 -0.451646 -0.000000 0.724632 0.689136 0.000000 0.969458 0.245256 0.000000 0.902400 0.430899 0.000000 
-0.671497 0.741007 0.000000 0.268571 -0.963260 0.000000 -0.892211 -0.451619 -0.000000 0.724632 0.689136 0.000000 0.969440 0.245329 0.000000 0.902432 0.430831 0.000000 
-0.671498 0.741006 0.000000 0.268634 -0.963242 0.000000 -0.892223 -0.451595 -0.000000 0.724632 0.689136 0.000000 0.969424 0.245393 0.000000 0.902461 0.430771 0.000000 
-0.671499 0.741005 0.000000 0.268688 -0.963227 0.000000 -0.892235 -0.451571 -0.000000 0.724631 0.689137 0.000000 0.969410 0.245447 0.000000 0.902489 0.430714 0.000000 
-0.671529 0.740978 0.000000 0.268915 -0.963164 0.000000 -0.892382 -0.451281 -0.000000 0.724604 0.689165 0.000000 0.969352 0.245675 0.000000 0.902760 0.430145 0.000000 
-0.671530 0.740977 0.000000 0.268975 -0.963147 0.000000 -0.892423 -0.451200 -0.000000 0.724604 0.689166 0.000000 0.969337 0.245735 0.000000 0.902832 0.429994 0.000000 
-0.671639 0.740878 0.000000 0.269041 -0.963129 0.000000 -0.892427 -0.451192 -0.000000 0.724499 0.689276 0.000000 0.969320 0.245801 0.000000 0.902866 0.429922 0.000000 
-0.671641 0.740877 0.000000 0.269058 -0.963124 0.000000 -0.892462 -0.451123 -0.000000 0.724498 0.689276 0.000000 0.969316 0.245819 0.000000 0.902922 0.429805 0.000000 
-0.671641 0.740876 0.000000 0.269076 -0.963119 0.000000 -0.892485 -0.451077 -0.000000 0.724498 0.689276 0.000000 0.969311 0.245837 0.000000 0.902959 0.429726 0.000000 
-0.671642 0.740875 0.000000 0.269087 -0.963116 0.000000 -0.892506 -0.451035 -0.000000 0.724498 0.689277 0.000000 0.969308 0.245848 0.000000 0.902994 0.429654 0.000000 
-0.671661 0.740858 0.000000 0.269179 -0.963090 0.000000 -0.892599 -0.450851 -0.000000 0.724482 0.689294 0.000000 0.969285 0.245941 0.000000 0.903155 0.429314 0.000000 
-0.671662 0.740858 0.000000 0.269181 -0.963090 0.000000 -0.892612 -0.450825 -0.000000 0.724481 0.689294 0.000000 0.969284 0.245943 0.000000 0.903175 0.429272 0.000000 
-0.671663 0.740857 0.000000 0.269187 -0.963088 0.000000 -0.892625 -0.450799 -0.000000 0.724481 0.689295 0.000000 0.969283 0.245950 0.000000 0.903197 0.429227 0.000000 
-0.671663 0.740857 0.000000 0.269193 -0.963086 0.000000 -0.892638 -0.450774 -0.000000 0.724481 0.689295 0.000000 0.969281 0.245956 0.000000 0.903217 0.429184 0.000000 
-0.671676 0.740845 0.000000 0.269264 -0.963066 0.000000 -0.892718 -0.450616 -0.000000 0.724470 0.689307 0.000000 0.969263 0.246027 0.000000 0.903353 0.428899 0.000000 
-0.671732 0.740794 0.000000 0.269310 -0.963053 0.000000 -0.892726 -0.450599 -0.000000 0.724416 0.689363 0.000000 0.969251 0.246073 0.000000 0.903382 0.428837 0.000000 
-0.671733 0.740794 0.000000 0.269324 -0.963050 0.000000 -0.892741 -0.450569 -0.000000 0.724415 0.689364 0.000000 0.969248 0.246087 0.000000 0.903407 0.428784 0.000000 
-0.671739 0.740788 0.000000 0.269355 -0.963041 0.000000 -0.892767 -0.450519 -0.000000 0.724410 0.689370 0.000000 0.969240 0.246119 0.000000 0.903452 0.428690 0.000000 
-0.671740 0.740787 0.000000 0.269362 -0.963039 0.000000 -0.892781 -0.450491 -0.000000 0.724409 0.689370 0.000000 0.969238 0.246126 0.000000 0.903474 0.428643 0.000000 
-0.671740 0.740787 0.000000 0.269369 -0.963037 0.000000 -0.892793 -0.450467 -0.000000 0.724409 0.689370 0.000000 0.969236 0.246133 0.000000 0.903494 0.428602 0.000000 
-0.671765 0.740765 0.000000 0.269405 -0.963027 0.000000 -0.892797 -0.450459 -0.000000 0.724385 0.689396 0.000000 0.969227 0.246169 0.000000 0.903508 0.428572 0.000000 
