0.706108 -0.708093 0.004081 0.705014 0.709137 -0.008940 -0.709338 -0.704812 0.008915 -0.721722 0.692172 -0.003881 
0.706203 -0.708006 0.002104 0.704912 0.709243 -0.008506 -0.709237 -0.704919 0.008493 -0.721815 0.692083 -0.001914 
0.706221 -0.707991 -0.000211 0.704876 0.709268 -0.009415 -0.709201 -0.704943 0.009417 -0.721833 0.692068 0.000421 
0.706514 -0.707699 -0.000408 0.704574 0.709554 -0.010402 -0.708901 -0.705232 0.010404 -0.722119 0.691769 0.000640 
0.706516 -0.707697 -0.000388 0.704580 0.709562 -0.009403 -0.708907 -0.705240 0.009405 -0.722120 0.691767 0.000598 
0.706517 -0.707696 -0.000369 0.704584 0.709569 -0.008494 -0.708911 -0.705246 0.008497 -0.722122 0.691766 0.000558 
0.706518 -0.707695 -0.000356 0.704589 0.709575 -0.007664 -0.708915 -0.705252 0.007666 -0.722123 0.691765 0.000527 
0.706408 -0.707802 -0.002253 0.704701 0.709484 -0.005394 -0.709027 -0.705160 0.005408 -0.722015 0.691873 0.002373 
0.707201 -0.706989 -0.005804 0.703860 0.710296 -0.007826 -0.708191 -0.705978 0.007862 -0.722790 0.691042 0.005978 
0.707196 -0.706988 -0.006419 0.703866 0.710298 -0.007047 -0.708197 -0.705979 0.007087 -0.722785 0.691041 0.006575 
0.706689 -0.707428 -0.011682 0.704392 0.709811 0.000093 -0.708720 -0.705490 -0.000022 -0.722290 0.691492 0.011678 
0.706790 -0.707286 -0.013912 0.704272 0.709930 0.000297 -0.708601 -0.705610 -0.000212 -0.722388 0.691348 0.013904 
0.706704 -0.707333 -0.015807 0.704317 0.709883 -0.001595 -0.708645 -0.705563 0.001691 -0.722303 0.691396 0.015840 
0.705710 -0.708302 -0.016797 0.705314 0.708894 -0.000495 -0.709636 -0.704568 0.000597 -0.721331 0.692386 0.016806 
0.705463 -0.708474 -0.019640 0.705523 0.708687 -0.000512 -0.709844 -0.704359 0.000632 -0.721089 0.692563 0.019648 
0.705421 -0.708528 -0.019239 0.705601 0.708608 0.001667 -0.709921 -0.704280 -0.001550 -0.721048 0.692619 0.019199 
0.705704 -0.708227 -0.019904 0.705284 0.708924 -0.000128 -0.709606 -0.704598 0.000249 -0.721324 0.692311 0.019904 
0.705634 -0.708152 -0.024518 0.705282 0.708927 -0.000098 -0.709603 -0.704602 0.000248 -0.721255 0.692236 0.024516 
0.697942 -0.715878 -0.019880 0.712976 0.701188 0.000311 -0.717251 -0.696815 -0.000189 -0.713736 0.700133 0.019870 
0.671187 -0.741264 -0.005927 0.738308 0.674435 -0.006203 -0.742419 -0.669907 0.006239 -0.687550 0.726112 0.006065 
0.655796 -0.754936 0.002028 0.752072 0.659065 -0.004480 -0.756089 -0.654453 0.004468 -0.672467 0.740125 -0.001927 
0.655069 -0.755568 0.001341 0.752709 0.658354 -0.000224 -0.756721 -0.653738 0.000216 -0.671755 0.740772 -0.001336 
0.655046 -0.755588 0.001213 0.752729 0.658331 -0.000255 -0.756741 -0.653714 0.000247 -0.671732 0.740793 -0.001207 
0.661728 -0.749743 -0.000887 0.746836 0.664979 -0.006253 -0.750889 -0.660398 0.006259 -0.678282 0.734801 0.001026 
0.663075 -0.748546 -0.003360 0.745632 0.666336 -0.005433 -0.749693 -0.661763 0.005453 -0.679601 0.733573 0.003480 
0.662140 -0.749368 -0.004216 0.746479 0.665407 -0.001286 -0.750535 -0.660829 0.001311 -0.678686 0.734416 0.004244 
-0.751123 -0.660162 0.000316 0.966797 0.255459 0.006701 0.429904 -0.902874 -0.000835 -0.678014 0.734994 0.008962 -0.232134 0.972683 0.000848 -0.403538 0.914913 -0.009572 
-0.751071 -0.660221 0.000306 0.967119 0.254324 -0.000414 0.429531 -0.903049 -0.002385 -0.678041 0.734907 0.013117 -0.230980 0.972956 0.002258 -0.403348 0.915038 -0.004086 
-0.749686 -0.661794 0.000203 0.967119 0.254325 -0.000360 0.429798 -0.902920 -0.002964 -0.679569 0.733471 0.014320 -0.230980 0.972954 0.003059 -0.403264 0.915074 -0.004158 
-0.749085 -0.662474 0.000162 0.967118 0.254327 -0.000290 0.429873 -0.902885 -0.002879 -0.680243 0.732862 0.013530 -0.230982 0.972951 0.003777 -0.403167 0.915116 -0.004282 
-0.748890 -0.662695 0.000060 0.967117 0.254330 -0.000208 0.429941 -0.902854 -0.002382 -0.680478 0.732680 0.011362 -0.230986 0.972953 0.002845 -0.403207 0.915102 -0.003448 
-0.748840 -0.662751 0.000019 0.966975 0.254868 0.001409 0.429979 -0.902838 -0.001472 -0.680557 0.732656 0.007568 -0.231530 0.972828 0.000546 -0.403048 0.915174 -0.003033 
-0.748835 -0.662757 0.000006 0.966885 0.255151 0.005652 0.429981 -0.902838 -0.000234 -0.680580 0.732670 0.002474 -0.231818 0.972759 0.000163 -0.402927 0.915215 -0.005662 
-0.748834 -0.662758 0.000001 0.966709 0.255649 0.010786 0.430037 -0.902811 0.000001 -0.680582 0.732670 0.001959 -0.232326 0.972638 -0.000235 -0.402791 0.915240 -0.009794 
-0.748578 -0.663047 0.000123 0.966312 0.256927 0.015185 0.430436 -0.902621 0.000745 -0.680865 0.732408 0.000851 -0.233596 0.972331 -0.002085 -0.402834 0.915178 -0.013194 
-0.748648 -0.662964 -0.002158 0.966033 0.257711 0.019110 0.430300 -0.902679 0.003565 -0.680780 0.732483 -0.002670 -0.234303 0.972141 -0.006654 -0.402309 0.915382 -0.014929 
-0.748591 -0.663031 0.000715 0.965696 0.258621 0.023361 0.430794 -0.902436 0.005130 -0.680843 0.732408 -0.005631 -0.235096 0.971906 -0.011296 -0.402703 0.915125 -0.019397 
-0.748676 -0.662934 0.001567 0.965492 0.258895 0.028276 0.432326 -0.901690 0.007052 -0.680742 0.732473 -0.008597 -0.235210 0.971817 -0.015744 -0.405114 0.913966 -0.023422 
-0.748876 -0.662690 0.005185 0.965406 0.258549 0.033820 0.435594 -0.900104 0.008331 -0.680521 0.732622 -0.012499 -0.234681 0.971879 -0.019417 -0.410596 0.911352 -0.029139 
-0.748718 -0.662842 0.007871 0.965530 0.257306 0.039309 0.439946 -0.897974 0.009520 -0.680689 0.732381 -0.016735 -0.233247 0.972162 -0.022299 -0.417995 0.907807 -0.034161 
-0.748902 -0.662655 0.005833 0.965673 0.255874 0.044777 0.443638 -0.896141 0.010816 -0.680467 0.732571 -0.017424 -0.231638 0.972497 -0.024343 -0.424505 0.904639 -0.037727 
-0.748907 -0.662655 0.005199 0.965666 0.254846 0.050428 0.448295 -0.893816 0.011197 -0.680459 0.732586 -0.017121 -0.230446 0.972741 -0.025878 -0.432361 0.900727 -0.041896 
-0.748913 -0.662652 0.004637 0.965483 0.254454 0.055643 0.452996 -0.891439 0.011446 -0.680439 0.732579 -0.018217 -0.229916 0.972836 -0.026997 -0.440071 0.896833 -0.045032 
-0.748918 -0.662650 0.004170 0.965248 0.254342 0.060050 0.457003 -0.889391 0.011488 -0.680414 0.732561 -0.019758 -0.229712 0.972869 -0.027517 -0.446539 0.893511 -0.047336 
-0.748921 -0.662649 0.003780 0.965038 0.254360 0.063267 0.459693 -0.888004 0.011443 -0.680392 0.732545 -0.021082 -0.229683 0.972873 -0.027625 -0.450822 0.891273 -0.048911 
-0.748922 -0.662650 0.003433 0.964922 0.254453 0.064638 0.460464 -0.887602 0.011660 -0.680377 0.732536 -0.021855 -0.229749 0.972853 -0.027774 -0.452003 0.890633 -0.049658 
-0.748923 -0.662650 0.003113 0.964893 0.254410 0.065246 0.460598 -0.887534 0.011543 -0.680370 0.732537 -0.022075 -0.229705 0.972866 -0.027689 -0.452213 0.890528 -0.049636 
-0.748923 -0.662651 0.002820 0.964892 0.254302 0.065673 0.460799 -0.887439 0.010801 -0.680369 0.732547 -0.021743 -0.229635 0.972900 -0.027074 -0.452553 0.890388 -0.049039 
-0.748922 -0.662653 0.002551 0.964926 0.254254 0.065363 0.460805 -0.887441 0.010389 -0.680376 0.732563 -0.020995 -0.229651 0.972920 -0.026196 -0.452570 0.890396 -0.048744 
-0.748921 -0.662656 0.002307 0.964943 0.254326 0.064837 0.460855 -0.887421 0.009827 -0.680386 0.732582 -0.019978 -0.229825 0.972915 -0.024829 -0.452616 0.890388 -0.048451 
-0.748919 -0.662658 0.002086 0.964971 0.254399 0.064128 0.460911 -0.887399 0.009173 -0.680399 0.732603 -0.018715 -0.230019 0.972910 -0.023159 -0.452670 0.890376 -0.048168 
-0.748913 -0.662665 0.001886 0.965022 0.254435 0.063205 0.460952 -0.887385 0.008463 -0.680419 0.732621 -0.017242 -0.230189 0.972913 -0.021287 -0.452712 0.890372 -0.047849 
-0.748911 -0.662669 0.001693 0.965098 0.254423 0.062081 0.460990 -0.887372 0.007730 -0.680435 0.732642 -0.015625 -0.230312 0.972925 -0.019335 -0.452774 0.890362 -0.047447 
-0.748908 -0.662672 0.001512 0.965193 0.254368 0.060818 0.461014 -0.887365 0.007034 -0.680449 0.732660 -0.014061 -0.230382 0.972943 -0.017477 -0.452839 0.890357 -0.046919 
-0.748906 -0.662675 0.001353 0.965312 0.254216 0.059555 0.461007 -0.887374 0.006379 -0.680461 0.732675 -0.012660 -0.230341 0.972983 -0.015726 -0.452888 0.890363 -0.046329 
-0.748894 -0.662689 0.001213 0.965422 0.254111 0.058199 0.460940 -0.887413 0.005754 -0.680483 0.732675 -0.011400 -0.230339 0.973009 -0.014058 -0.452829 0.890430 -0.045608 
-0.748892 -0.662692 0.001091 0.965549 0.253930 0.056867 0.460921 -0.887426 0.005149 -0.680492 0.732684 -0.010262 -0.230252 0.973052 -0.012431 -0.452878 0.890443 -0.044865 
-0.748890 -0.662694 0.000981 0.965648 0.253889 0.055362 0.460944 -0.887417 0.004551 -0.680499 0.732691 -0.009229 -0.230302 0.973059 -0.010813 -0.452964 0.890445 -0.043944 
-0.748887 -0.662697 0.000880 0.965716 0.253990 0.053677 0.461009 -0.887387 0.003969 -0.680506 0.732696 -0.008266 -0.230487 0.973032 -0.009235 -0.453085 0.890437 -0.042853 
-0.748866 -0.662721 0.000787 0.965761 0.254206 0.051825 0.460985 -0.887401 0.003485 -0.680533 0.732680 -0.007353 -0.230767 0.972977 -0.007930 -0.453031 0.890523 -0.041618 
-0.748829 -0.662763 0.000703 0.965775 0.254535 0.049906 0.460958 -0.887417 0.003056 -0.680577 0.732648 -0.006512 -0.231143 0.972895 -0.006895 -0.452941 0.890632 -0.040242 
-0.748795 -0.662802 0.000626 0.965800 0.254788 0.048088 0.461019 -0.887387 0.002612 -0.680618 0.732616 -0.005730 -0.231449 0.972831 -0.005669 -0.453007 0.890653 -0.039007 
-0.748723 -0.662883 0.000556 0.965825 0.255047 0.046190 0.460961 -0.887417 0.002298 -0.680699 0.732546 -0.005005 -0.231741 0.972766 -0.004749 -0.452869 0.890778 -0.037729 
-0.748672 -0.662941 0.000494 0.965833 0.255344 0.044335 0.460984 -0.887406 0.002045 -0.680757 0.732496 -0.004340 -0.232060 0.972693 -0.004058 -0.452862 0.890835 -0.036442 
-0.748589 -0.663034 0.000441 0.965839 0.255622 0.042581 0.460998 -0.887400 0.001760 -0.680849 0.732414 -0.003734 -0.232354 0.972625 -0.003468 -0.452831 0.890905 -0.035103 
-0.748558 -0.663069 0.000412 0.965833 0.255930 0.040809 0.461046 -0.887375 0.001612 -0.680885 0.732383 -0.003284 -0.232666 0.972552 -0.003151 -0.452871 0.890936 -0.033768 
-0.748462 -0.663177 0.000381 0.965831 0.256215 0.039040 0.461000 -0.887399 0.001503 -0.680992 0.732286 -0.002865 -0.232952 0.972484 -0.002880 -0.452734 0.891055 -0.032457 
-0.748199 -0.663474 0.000481 0.965799 0.256592 0.037317 0.461148 -0.887322 0.001432 -0.681282 0.732016 -0.002838 -0.233330 0.972394 -0.002656 -0.452814 0.891062 -0.031124 
-0.748158 -0.663520 0.000449 0.965763 0.256959 0.035696 0.461179 -0.887306 0.001351 -0.681328 0.731975 -0.002430 -0.233692 0.972307 -0.002591 -0.452794 0.891115 -0.029864 
-0.748086 -0.663601 0.000418 0.965753 0.257199 0.034203 0.461150 -0.887321 0.001275 -0.681407 0.731901 -0.002075 -0.233930 0.972250 -0.002426 -0.452692 0.891204 -0.028741 
-0.748084 -0.663604 0.000388 0.965737 0.257431 0.032870 0.461230 -0.887280 0.001184 -0.681410 0.731900 -0.001864 -0.234163 0.972195 -0.002247 -0.452796 0.891185 -0.027663 
-0.747952 -0.663753 0.000361 0.965717 0.257665 0.031626 0.461077 -0.887359 0.001159 -0.681556 0.731764 -0.001718 -0.234390 0.972140 -0.002277 -0.452459 0.891388 -0.026617 
-0.747897 -0.663815 0.000337 0.965691 0.257885 0.030584 0.461069 -0.887364 0.001073 -0.681616 0.731708 -0.001581 -0.234614 0.972086 -0.002029 -0.452383 0.891451 -0.025791 
-0.747912 -0.663798 -0.000060 0.965662 0.258100 0.029677 0.460914 -0.887444 0.001212 -0.681599 0.731723 -0.002054 -0.234831 0.972035 -0.001861 -0.452092 0.891627 -0.024771 
-0.747849 -0.663869 -0.000003 0.965652 0.258236 0.028818 0.460798 -0.887504 0.001080 -0.681670 0.731659 -0.001551 -0.234969 0.972001 -0.001659 -0.451854 0.891762 -0.024257 
-0.747831 -0.663889 0.000022 0.965640 0.258352 0.028153 0.460716 -0.887547 0.000943 -0.681689 0.731641 -0.001437 -0.235090 0.971973 -0.001408 -0.451690 0.891860 -0.023693 
-0.747816 -0.663906 0.000038 0.965618 0.258501 0.027557 0.460561 -0.887628 0.000960 -0.681706 0.731625 -0.001329 -0.235230 0.971938 -0.001649 -0.451402 0.892020 -0.023160 
-0.747795 -0.663929 0.000052 0.965611 0.258577 0.027081 0.460372 -0.887725 0.000951 -0.681728 0.731604 -0.001232 -0.235305 0.971920 -0.001590 -0.451070 0.892196 -0.022843 
-0.747762 -0.663967 0.000555 0.965605 0.258634 0.026752 0.460168 -0.887831 0.000952 -0.681766 0.731568 -0.001760 -0.235365 0.971906 -0.001429 -0.450701 0.892384 -0.022798 
-0.747374 -0.664392 0.003899 0.965535 0.258992 0.025809 0.459567 -0.888142 0.001533 -0.682192 0.731145 -0.006410 -0.235708 0.971822 -0.001952 -0.449436 0.893015 -0.023035 
-0.747219 -0.664570 0.003218 0.965465 0.259317 0.025134 0.458845 -0.888514 0.001998 -0.682360 0.730983 -0.007033 -0.236026 0.971744 -0.002177 -0.448092 0.893712 -0.022210 
-0.747088 -0.664722 0.002137 0.965361 0.259750 0.024641 0.458308 -0.888790 0.002391 -0.682500 0.730850 -0.007225 -0.236452 0.971640 -0.002523 -0.447033 0.894265 -0.021245 
-0.747024 -0.664791 0.002753 0.965367 0.259749 0.024445 0.458297 -0.888796 0.002230 -0.682571 0.730781 -0.007459 -0.236456 0.971639 -0.002276 -0.446986 0.894287 -0.021342 
-0.747062 -0.664749 0.002463 0.965358 0.259796 0.024283 0.458164 -0.888865 0.002089 -0.682530 0.730825 -0.006877 -0.236509 0.971627 -0.002001 -0.446767 0.894399 -0.021190 
-0.747052 -0.664762 0.002250 0.965354 0.259822 0.024174 0.458075 -0.888912 0.001873 -0.682542 0.730819 -0.006301 -0.236545 0.971619 -0.001576 -0.446604 0.894483 -0.021100 
-0.746581 -0.665268 0.005977 0.965347 0.259879 0.023813 0.458318 -0.888787 0.001492 -0.683065 0.730319 -0.007576 -0.236602 0.971605 -0.001594 -0.446782 0.894357 -0.022620 
-0.746706 -0.665144 0.003820 0.965318 0.260011 0.023585 0.457530 -0.889191 0.002434 -0.682919 0.730435 -0.009317 -0.236722 0.971575 -0.002057 -0.445498 0.895037 -0.020990 
-0.746704 -0.665147 0.003471 0.965301 0.260074 0.023555 0.457548 -0.889182 0.002217 -0.682922 0.730442 -0.008493 -0.236792 0.971559 -0.001808 -0.445506 0.895035 -0.020892 
-0.746739 -0.665114 0.002272 0.965283 0.260148 0.023494 0.457168 -0.889377 0.002556 -0.682878 0.730478 -0.008920 -0.236868 0.971540 -0.001710 -0.444869 0.895368 -0.020219 
-0.746708 -0.665149 0.002040 0.965274 0.260180 0.023506 0.457123 -0.889400 0.002348 -0.682914 0.730454 -0.008132 -0.236904 0.971532 -0.001514 -0.444769 0.895417 -0.020219 
-0.746677 -0.665184 0.001856 0.965270 0.260199 0.023468 0.456985 -0.889472 0.002200 -0.682950 0.730428 -0.007415 -0.236926 0.971527 -0.001423 -0.444521 0.895540 -0.020219 
-0.746667 -0.665196 0.001695 0.965270 0.260196 0.023505 0.456952 -0.889489 0.002013 -0.682962 0.730422 -0.006788 -0.236928 0.971527 -0.001212 -0.444460 0.895570 -0.020256 
-0.746659 -0.665205 0.001551 0.965265 0.260211 0.023536 0.456934 -0.889499 0.001839 -0.682972 0.730418 -0.006226 -0.236947 0.971522 -0.001021 -0.444418 0.895590 -0.020278 
-0.746479 -0.665404 0.002608 0.965255 0.260264 0.023370 0.456875 -0.889529 0.001794 -0.683171 0.730225 -0.006956 -0.236997 0.971510 -0.001127 -0.444231 0.895678 -0.020505 
-0.746471 -0.665414 0.002374 0.965245 0.260304 0.023324 0.456823 -0.889556 0.001657 -0.683181 0.730221 -0.006370 -0.237042 0.971499 -0.000942 -0.444128 0.895730 -0.020457 
-0.746301 -0.665606 0.001638 0.965184 0.260542 0.023187 0.456245 -0.889850 0.002676 -0.683349 0.730023 -0.010059 -0.237278 0.971441 -0.001053 -0.443019 0.896303 -0.019383 
-0.745892 -0.666044 0.005469 0.965155 0.260687 0.022743 0.456636 -0.889651 0.002111 -0.683815 0.729586 -0.010091 -0.237413 0.971408 -0.001439 -0.443456 0.896048 -0.021067 
-0.745816 -0.666134 0.004912 0.965125 0.260818 0.022520 0.456411 -0.889766 0.002379 -0.683892 0.729496 -0.011277 -0.237546 0.971375 -0.001366 -0.443006 0.896289 -0.020268 
-0.745617 -0.666367 0.003176 0.965055 0.261099 0.022276 0.456045 -0.889953 0.002709 -0.684106 0.729310 -0.010298 -0.237817 0.971308 -0.001882 -0.442254 0.896680 -0.019381 
-0.745604 -0.666383 0.002887 0.965010 0.261280 0.022125 0.455906 -0.890024 0.002589 -0.684123 0.729307 -0.009372 -0.237991 0.971265 -0.002184 -0.441969 0.896826 -0.019145 
-0.745602 -0.666386 0.002624 0.965000 0.261316 0.022118 0.455917 -0.890019 0.002367 -0.684127 0.729313 -0.008534 -0.238033 0.971255 -0.001966 -0.441973 0.896824 -0.019120 
-0.745601 -0.666389 0.002392 0.964999 0.261317 0.022129 0.455918 -0.890019 0.002167 -0.684130 0.729319 -0.007794 -0.238038 0.971254 -0.001769 -0.441971 0.896826 -0.019107 
-0.745581 -0.666413 0.001758 0.964994 0.261336 0.022118 0.455787 -0.890086 0.002189 -0.684151 0.729304 -0.007223 -0.238061 0.971249 -0.001580 -0.441740 0.896942 -0.019009 
-0.745367 -0.666649 0.002678 0.964965 0.261468 0.021865 0.455559 -0.890202 0.002485 -0.684383 0.729069 -0.008823 -0.238187 0.971218 -0.001846 -0.441232 0.897191 -0.019060 
-0.745355 -0.666663 0.002434 0.964956 0.261512 0.021721 0.455433 -0.890267 0.002330 -0.684399 0.729064 -0.008037 -0.238232 0.971207 -0.001806 -0.441007 0.897304 -0.018920 
-0.745348 -0.666672 0.002214 0.964953 0.261531 0.021604 0.455335 -0.890318 0.002158 -0.684408 0.729063 -0.007337 -0.238255 0.971201 -0.001617 -0.440836 0.897390 -0.018828 
-0.745268 -0.666764 0.001067 0.964928 0.261639 0.021419 0.455006 -0.890485 0.002467 -0.684490 0.728986 -0.007284 -0.238360 0.971175 -0.001761 -0.440237 0.897698 -0.018163 
-0.745267 -0.666765 0.000996 0.964930 0.261639 0.021347 0.455006 -0.890485 0.002236 -0.684494 0.728988 -0.006673 -0.238365 0.971175 -0.001523 -0.440235 0.897700 -0.018119 
-0.745360 -0.666662 0.000008 0.964925 0.261670 0.021171 0.454555 -0.890715 0.002576 -0.684385 0.729085 -0.007187 -0.238393 0.971168 -0.001598 -0.439522 0.898063 -0.017386 
-0.745357 -0.666665 0.000027 0.964923 0.261693 0.020987 0.454492 -0.890747 0.002369 -0.684391 0.729085 -0.006574 -0.238420 0.971161 -0.001385 -0.439409 0.898120 -0.017348 
-0.745353 -0.666670 0.000047 0.964916 0.261738 0.020761 0.454406 -0.890792 0.002172 -0.684399 0.729083 -0.006018 -0.238470 0.971149 -0.001106 -0.439248 0.898199 -0.017299 
-0.745344 -0.666680 0.000061 0.964889 0.261851 0.020569 0.454249 -0.890873 0.001957 -0.684410 0.729077 -0.005514 -0.238582 0.971122 -0.001169 -0.438955 0.898347 -0.017028 
-0.745144 -0.666901 0.001929 0.964891 0.261869 0.020260 0.454364 -0.890814 0.001921 -0.684633 0.728861 -0.006316 -0.238599 0.971118 -0.001170 -0.439053 0.898284 -0.017854 
-0.745143 -0.666903 0.001759 0.964897 0.261863 0.020022 0.454365 -0.890814 0.001740 -0.684635 0.728863 -0.005789 -0.238597 0.971118 -0.000976 -0.439059 0.898286 -0.017599 
-0.745133 -0.666914 0.001294 0.964905 0.261855 0.019764 0.454240 -0.890878 0.001733 -0.684645 0.728857 -0.005318 -0.238591 0.971120 -0.000774 -0.438855 0.898391 -0.017338 
-0.745127 -0.666922 0.001193 0.964912 0.261850 0.019485 0.454174 -0.890912 0.001577 -0.684653 0.728853 -0.004901 -0.238588 0.971121 -0.000571 -0.438750 0.898447 -0.017093 
-0.745038 -0.667022 -0.000002 0.964871 0.262031 0.019058 0.453712 -0.891146 0.002031 -0.684745 0.728764 -0.005212 -0.238763 0.971077 -0.000884 -0.437908 0.898875 -0.016137 
-0.744873 -0.667204 0.001944 0.964856 0.262120 0.018600 0.453672 -0.891167 0.001879 -0.684929 0.728582 -0.006415 -0.238853 0.971055 -0.000773 -0.437743 0.898948 -0.016553 
-0.744598 -0.667491 0.005354 0.964805 0.262352 0.017954 0.453766 -0.891118 0.002123 -0.685229 0.728259 -0.010004 -0.239080 0.970999 -0.001002 -0.437705 0.898953 -0.017242 
-0.744597 -0.667496 0.004853 0.964773 0.262500 0.017529 0.453816 -0.891093 0.001931 -0.685231 0.728269 -0.009086 -0.239230 0.970962 -0.000873 -0.437747 0.898943 -0.016709 
-0.744359 -0.667743 0.007041 0.964739 0.262663 0.016952 0.454041 -0.890978 0.002074 -0.685491 0.727991 -0.011450 -0.239393 0.970923 -0.000814 -0.437958 0.898833 -0.017080 
-0.744358 -0.667750 0.006379 0.964690 0.262876 0.016426 0.454113 -0.890942 0.001900 -0.685493 0.728005 -0.010388 -0.239606 0.970870 -0.000758 -0.438016 0.898817 -0.016395 
-0.744357 -0.667757 0.005784 0.964641 0.263085 0.015943 0.454183 -0.890907 0.001739 -0.685495 0.728017 -0.009437 -0.239816 0.970818 -0.000693 -0.438071 0.898802 -0.015768 
-0.744310 -0.667814 0.005246 0.964551 0.263450 0.015367 0.453903 -0.891049 0.001817 -0.685547 0.727978 -0.008582 -0.240168 0.970730 -0.001637 -0.437493 0.899098 -0.014904 
-0.744287 -0.667843 0.004763 0.964521 0.263585 0.014922 0.453786 -0.891109 0.001726 -0.685572 0.727963 -0.007822 -0.240300 0.970697 -0.001785 -0.437258 0.899223 -0.014297 
-0.744286 -0.667847 0.004324 0.964529 0.263574 0.014580 0.453789 -0.891108 0.001493 -0.685573 0.727969 -0.007122 -0.240296 0.970699 -0.001265 -0.437268 0.899223 -0.013911 
-0.744249 -0.667890 0.003929 0.964513 0.263655 0.014194 0.453669 -0.891169 0.001373 -0.685613 0.727937 -0.006493 -0.240379 0.970678 -0.001096 -0.437035 0.899344 -0.013482 
-0.744221 -0.667924 0.003569 0.964523 0.263632 0.013937 0.453614 -0.891197 0.001238 -0.685644 0.727913 -0.005929 -0.240357 0.970684 -0.000962 -0.436947 0.899392 -0.013112 
-0.744174 -0.667981 0.002554 0.964482 0.263795 0.013641 0.453356 -0.891329 0.001384 -0.685694 0.727867 -0.005770 -0.240526 0.970643 -0.000553 -0.436448 0.899642 -0.012550 
-0.744098 -0.668068 0.001560 0.964457 0.263899 0.013440 0.453142 -0.891437 0.001526 -0.685775 0.727793 -0.005589 -0.240634 0.970616 -0.000216 -0.436034 0.899849 -0.012053 
-0.744000 -0.668178 0.001369 0.964452 0.263923 0.013322 0.453105 -0.891456 0.001387 -0.685882 0.727695 -0.005128 -0.240661 0.970609 -0.000011 -0.435929 0.899902 -0.011919 
-0.744000 -0.668179 0.001257 0.964449 0.263937 0.013263 0.453064 -0.891477 0.001257 -0.685883 0.727696 -0.004710 -0.240677 0.970605 0.000124 -0.435859 0.899937 -0.011856 
-0.743796 -0.668398 0.003448 0.964448 0.263944 0.013146 0.453243 -0.891386 0.001073 -0.686108 0.727482 -0.004978 -0.240685 0.970603 0.000185 -0.436065 0.899818 -0.013190 
-0.743796 -0.668400 0.003136 0.964428 0.264024 0.013058 0.453262 -0.891377 0.000973 -0.686109 0.727484 -0.004570 -0.240766 0.970583 0.000306 -0.436070 0.899819 -0.012974 
-0.743782 -0.668417 0.002526 0.964400 0.264129 0.012991 0.453135 -0.891441 0.001055 -0.686123 0.727473 -0.004252 -0.240873 0.970557 0.000407 -0.435821 0.899943 -0.012764 
-0.743778 -0.668423 0.002298 0.964384 0.264191 0.012946 0.452990 -0.891515 0.001255 -0.686126 0.727462 -0.005490 -0.240936 0.970541 0.000492 -0.435551 0.900081 -0.012247 
-0.743556 -0.668668 0.002801 0.964347 0.264333 0.012796 0.452986 -0.891516 0.001285 -0.686369 0.727233 -0.005481 -0.241077 0.970506 0.000446 -0.435420 0.900140 -0.012568 
-0.743534 -0.668694 0.002205 0.964306 0.264482 0.012739 0.452831 -0.891595 0.001372 -0.686391 0.727215 -0.005134 -0.241228 0.970468 0.000430 -0.435107 0.900294 -0.012338 
-0.743534 -0.668695 0.002010 0.964297 0.264516 0.012754 0.452825 -0.891599 0.001239 -0.686392 0.727216 -0.004701 -0.241264 0.970459 0.000570 -0.435085 0.900306 -0.012275 
-0.743282 -0.668962 0.004715 0.964273 0.264610 0.012625 0.452962 -0.891529 0.001446 -0.686666 0.726932 -0.007729 -0.241356 0.970437 0.000463 -0.435171 0.900253 -0.013108 
-0.743249 -0.669002 0.004278 0.964239 0.264737 0.012572 0.452905 -0.891558 0.001366 -0.686702 0.726905 -0.007030 -0.241482 0.970405 0.000265 -0.435025 0.900327 -0.012829 
-0.743095 -0.669140 0.007876 0.964213 0.264835 0.012454 0.453239 -0.891389 0.000982 -0.686871 0.726733 -0.008178 -0.241579 0.970381 0.000249 -0.435479 0.900082 -0.014508 
-0.743026 -0.669235 0.006079 0.964153 0.265062 0.012318 0.453010 -0.891504 0.001517 -0.686944 0.726657 -0.008783 -0.241806 0.970325 0.000163 -0.434992 0.900335 -0.013394 
-0.742958 -0.669323 0.004574 0.964095 0.265275 0.012234 0.452860 -0.891580 0.001811 -0.687016 0.726592 -0.008528 -0.242019 0.970271 0.000141 -0.434646 0.900512 -0.012665 
-0.742820 -0.669444 0.007923 0.964077 0.265348 0.012045 0.453180 -0.891418 0.001426 -0.687169 0.726438 -0.009312 -0.242093 0.970253 0.000085 -0.435092 0.900273 -0.014247 
-0.742783 -0.669493 0.007177 0.964042 0.265484 0.011849 0.453168 -0.891424 0.001345 -0.687209 0.726411 -0.008451 -0.242227 0.970220 -0.000095 -0.435018 0.900318 -0.013686 
-0.742766 -0.669519 0.006505 0.964015 0.265588 0.011707 0.453158 -0.891430 0.001254 -0.687228 0.726401 -0.007686 -0.242331 0.970194 -0.000179 -0.434962 0.900352 -0.013216 
-0.743043 -0.669229 0.004479 0.964036 0.265513 0.011704 0.452641 -0.891691 0.001759 -0.686925 0.726686 -0.007842 -0.242257 0.970212 0.000017 -0.434232 0.900716 -0.012361 
-0.742912 -0.669378 0.003980 0.964039 0.265506 0.011674 0.452633 -0.891695 0.001613 -0.687067 0.726559 -0.007147 -0.242251 0.970214 0.000173 -0.434172 0.900748 -0.012129 
-0.742911 -0.669381 0.003616 0.964057 0.265441 0.011671 0.452602 -0.891712 0.001459 -0.687068 0.726564 -0.006516 -0.242187 0.970229 0.000312 -0.434143 0.900764 -0.011978 
-0.742882 -0.669412 0.003689 0.964051 0.265461 0.011652 0.452551 -0.891737 0.001347 -0.687101 0.726534 -0.006384 -0.242209 0.970224 0.000386 -0.434043 0.900813 -0.011948 
-0.742580 -0.669745 0.004117 0.963998 0.265663 0.011423 0.452412 -0.891807 0.001854 -0.687427 0.726215 -0.007518 -0.242411 0.970174 0.000367 -0.433625 0.901009 -0.012331 
-0.742384 -0.669955 0.005084 0.963963 0.265798 0.011258 0.452511 -0.891757 0.001748 -0.687640 0.726005 -0.008233 -0.242547 0.970140 0.000408 -0.433666 0.900987 -0.012472 
-0.742384 -0.669959 0.004609 0.963929 0.265924 0.011165 0.452527 -0.891749 0.001582 -0.687641 0.726013 -0.007480 -0.242674 0.970108 0.000509 -0.433649 0.900999 -0.012180 
-0.742270 -0.670088 0.004139 0.963852 0.266209 0.011076 0.452307 -0.891860 0.001968 -0.687760 0.725886 -0.008675 -0.242960 0.970036 0.000444 -0.433143 0.901250 -0.011667 
-0.742028 -0.670346 0.005537 0.963812 0.266354 0.011068 0.452503 -0.891761 0.001773 -0.688026 0.725638 -0.008380 -0.243106 0.969999 0.000536 -0.433320 0.901150 -0.012727 
-0.741995 -0.670391 0.004452 0.963769 0.266509 0.011035 0.452286 -0.891871 0.001873 -0.688060 0.725611 -0.007808 -0.243263 0.969960 0.000552 -0.432901 0.901358 -0.012262 
-0.741995 -0.670394 0.004039 0.963757 0.266553 0.011024 0.452239 -0.891895 0.001696 -0.688062 0.725617 -0.007109 -0.243308 0.969949 0.000675 -0.432812 0.901404 -0.012053 
-0.741994 -0.670397 0.003666 0.963749 0.266582 0.011033 0.452182 -0.891925 0.001540 -0.688063 0.725622 -0.006483 -0.243339 0.969941 0.000794 -0.432709 0.901455 -0.011888 
-0.741969 -0.670425 0.003673 0.963736 0.266628 0.011050 0.452103 -0.891965 0.001422 -0.688091 0.725598 -0.006275 -0.243386 0.969929 0.000854 -0.432557 0.901529 -0.011853 
-0.741968 -0.670427 0.003334 0.963728 0.266657 0.011074 0.452043 -0.891995 0.001291 -0.688091 0.725601 -0.005722 -0.243417 0.969921 0.000961 -0.432451 0.901581 -0.011725 
-0.741495 -0.670929 0.006220 0.963701 0.266760 0.010894 0.452173 -0.891930 0.000944 -0.688603 0.725121 -0.004994 -0.243515 0.969897 0.000579 -0.432473 0.901544 -0.013604 
-0.741496 -0.670933 0.005637 0.963677 0.266852 0.010812 0.452154 -0.891939 0.000857 -0.688602 0.725125 -0.004564 -0.243609 0.969873 0.000645 -0.432413 0.901580 -0.013167 
-0.741497 -0.670937 0.005113 0.963652 0.266947 0.010703 0.452136 -0.891949 0.000777 -0.688602 0.725128 -0.004183 -0.243705 0.969849 0.000754 -0.432353 0.901614 -0.012766 
-0.741498 -0.670940 0.004637 0.963630 0.267032 0.010569 0.452103 -0.891965 0.000710 -0.688601 0.725130 -0.003842 -0.243791 0.969827 0.000870 -0.432273 0.901658 -0.012386 
-0.741474 -0.670972 0.003629 0.963585 0.267199 0.010405 0.451926 -0.892055 0.000925 -0.688628 0.725105 -0.003761 -0.243960 0.969785 0.000926 -0.431917 0.901836 -0.011825 
-0.741456 -0.670995 0.002814 0.963548 0.267340 0.010253 0.451762 -0.892138 0.001074 -0.688646 0.725089 -0.003600 -0.244102 0.969749 0.000995 -0.431596 0.901995 -0.011379 
-0.741437 -0.671016 0.002799 0.963527 0.267419 0.010128 0.451716 -0.892161 0.000988 -0.688667 0.725069 -0.003552 -0.244181 0.969729 0.001068 -0.431489 0.902049 -0.011181 
-0.741437 -0.671018 0.002547 0.963515 0.267468 0.010014 0.451691 -0.892174 0.000895 -0.688667 0.725070 -0.003272 -0.244231 0.969716 0.001182 -0.431433 0.902079 -0.010931 
-0.741436 -0.671019 0.002319 0.963503 0.267513 0.009908 0.451668 -0.892186 0.000815 -0.688668 0.725071 -0.003024 -0.244277 0.969705 0.001281 -0.431383 0.902105 -0.010704 
-0.741233 -0.671236 0.003934 0.963482 0.267596 0.009695 0.451810 -0.892114 0.000813 -0.688887 0.724859 -0.003802 -0.244359 0.969684 0.001243 -0.431511 0.902035 -0.011444 
-0.741234 -0.671238 0.003572 0.963463 0.267673 0.009496 0.451787 -0.892125 0.000738 -0.688887 0.724861 -0.003488 -0.244436 0.969664 0.001326 -0.431451 0.902068 -0.011060 
-0.741040 -0.671442 0.005018 0.963439 0.267767 0.009244 0.451893 -0.892072 0.000738 -0.689095 0.724659 -0.004094 -0.244530 0.969641 0.001311 -0.431523 0.902026 -0.011730 
-0.741041 -0.671445 0.004548 0.963412 0.267876 0.008942 0.451862 -0.892088 0.000671 -0.689094 0.724662 -0.003742 -0.244639 0.969613 0.001338 -0.431439 0.902073 -0.011174 
-0.741041 -0.671447 0.004126 0.963385 0.267983 0.008633 0.451828 -0.892105 0.000612 -0.689094 0.724664 -0.003426 -0.244746 0.969586 0.001414 -0.431353 0.902120 -0.010673 
-0.741041 -0.671449 0.003744 0.963359 0.268086 0.008334 0.451794 -0.892122 0.000558 -0.689094 0.724665 -0.003140 -0.244850 0.969560 0.001518 -0.431265 0.902168 -0.010219 
-0.741041 -0.671451 0.003398 0.963334 0.268183 0.008048 0.451763 -0.892138 0.000510 -0.689095 0.724665 -0.002881 -0.244947 0.969535 0.001611 -0.431183 0.902211 -0.009795 
-0.741041 -0.671453 0.003086 0.963312 0.268272 0.007779 0.451734 -0.892153 0.000464 -0.689095 0.724666 -0.002641 -0.245037 0.969512 0.001697 -0.431109 0.902251 -0.009406 
-0.741005 -0.671491 0.003263 0.963280 0.268394 0.007526 0.451697 -0.892171 0.000446 -0.689133 0.724629 -0.002896 -0.245158 0.969482 0.001702 -0.430996 0.902307 -0.009176 
-0.741005 -0.671493 0.002962 0.963254 0.268492 0.007319 0.451646 -0.892197 0.000406 -0.689133 0.724630 -0.002652 -0.245256 0.969457 0.001748 -0.430883 0.902365 -0.008839 
-0.741005 -0.671494 0.002689 0.963235 0.268564 0.007117 0.451619 -0.892211 0.000372 -0.689134 0.724630 -0.002435 -0.245329 0.969438 0.001818 -0.430816 0.902400 -0.008536 
-0.741004 -0.671496 0.002443 0.963219 0.268628 0.006950 0.451595 -0.892223 0.000340 -0.689135 0.724630 -0.002241 -0.245393 0.969422 0.001883 -0.430756 0.902430 -0.008275 
-0.741004 -0.671497 0.002221 0.963205 0.268681 0.006824 0.451571 -0.892235 0.000311 -0.689135 0.724630 -0.002061 -0.245447 0.969408 0.001939 -0.430700 0.902459 -0.008060 
-0.740977 -0.671529 0.001254 0.963142 0.268909 0.006761 0.451281 -0.892382 0.000713 -0.689162 0.724601 -0.002974 -0.245674 0.969351 0.001822 -0.430133 0.902736 -0.007303 
-0.740977 -0.671530 0.001148 0.963125 0.268969 0.006792 0.451200 -0.892423 0.000649 -0.689163 0.724601 -0.002731 -0.245735 0.969335 0.001809 -0.429983 0.902808 -0.007257 
-0.740876 -0.671638 0.002137 0.963107 0.269034 0.006801 0.451192 -0.892427 0.000641 -0.689272 0.724494 -0.003632 -0.245801 0.969319 0.001731 -0.429910 0.902840 -0.007556 
-0.740876 -0.671639 0.001947 0.963102 0.269052 0.006818 0.451123 -0.892462 0.000586 -0.689273 0.724494 -0.003322 -0.245818 0.969314 0.001718 -0.429793 0.902896 -0.007477 
-0.740875 -0.671640 0.001771 0.963096 0.269070 0.006882 0.451077 -0.892485 0.000534 -0.689273 0.724495 -0.003039 -0.245837 0.969310 0.001764 -0.429714 0.902934 -0.007472 
-0.740874 -0.671642 0.001612 0.963092 0.269081 0.006976 0.451035 -0.892506 0.000486 -0.689274 0.724495 -0.002785 -0.245848 0.969307 0.001803 -0.429642 0.902968 -0.007497 
-0.740858 -0.671661 0.001025 0.963066 0.269172 0.007028 0.450851 -0.892599 0.000664 -0.689292 0.724479 -0.002697 -0.245941 0.969283 0.001780 -0.429302 0.903131 -0.007373 
-0.740857 -0.671662 0.000936 0.963065 0.269174 0.007072 0.450825 -0.892612 0.000607 -0.689292 0.724479 -0.002487 -0.245943 0.969283 0.001823 -0.429260 0.903151 -0.007376 
-0.740857 -0.671662 0.000860 0.963064 0.269181 0.007098 0.450799 -0.892625 0.000554 -0.689293 0.724479 -0.002296 -0.245950 0.969281 0.001863 -0.429215 0.903172 -0.007371 
-0.740856 -0.671663 0.000788 0.963062 0.269187 0.007123 0.450774 -0.892638 0.000506 -0.689293 0.724479 -0.002117 -0.245956 0.969279 0.001900 -0.429172 0.903193 -0.007367 
-0.740845 -0.671675 0.000625 0.963042 0.269257 0.007126 0.450616 -0.892718 0.000611 -0.689305 0.724468 -0.002075 -0.246027 0.969261 0.001850 -0.428887 0.903328 -0.007399 
-0.740794 -0.671731 0.001294 0.963029 0.269303 0.007091 0.450599 -0.892726 0.000585 -0.689361 0.724413 -0.002638 -0.246072 0.969250 0.001789 -0.428825 0.903356 -0.007554 
-0.740793 -0.671732 0.001186 0.963025 0.269317 0.007109 0.450569 -0.892741 0.000534 -0.689362 0.724413 -0.002440 -0.246087 0.969246 0.001835 -0.428772 0.903381 -0.007524 
-0.740787 -0.671739 0.001128 0.963016 0.269348 0.007148 0.450519 -0.892767 0.000491 -0.689368 0.724408 -0.002291 -0.246118 0.969238 0.001840 -0.428678 0.903426 -0.007518 
-0.740787 -0.671739 0.001030 0.963014 0.269355 0.007196 0.450491 -0.892781 0.000448 -0.689369 0.724408 -0.002110 -0.246125 0.969236 0.001876 -0.428631 0.903448 -0.007522 
-0.740786 -0.671740 0.000943 0.963012 0.269361 0.007240 0.450467 -0.892793 0.000410 -0.689369 0.724408 -0.001950 -0.246132 0.969234 0.001908 -0.428589 0.903468 -0.007523 
-0.740763 -0.671764 0.001836 0.963001 0.269398 0.007263 0.450459 -0.892797 0.000317 -0.689394 0.724383 -0.002249 -0.246169 0.969225 0.001838 -0.428558 0.903479 -0.007941 
