-0.160136 -0.987095 -0.000000 0.987783 -0.155834 0.000000 -0.984063 0.177822 0.000000 0.154096 0.988056 0.000000 
-0.160136 -0.987095 -0.000000 0.987783 -0.155834 0.000000 -0.984063 0.177822 0.000000 0.154096 0.988056 0.000000 
-0.160158 -0.987091 -0.000000 0.987775 -0.155883 0.000000 -0.984054 0.177871 0.000000 0.154118 0.988053 0.000000 
-0.160156 -0.987092 -0.000000 0.987776 -0.155877 0.000000 -0.984055 0.177865 0.000000 0.154116 0.988053 0.000000 
-0.160158 -0.987091 -0.000000 0.987777 -0.155875 0.000000 -0.984055 0.177862 0.000000 0.154118 0.988052 0.000000 
-0.160148 -0.987093 -0.000000 0.987779 -0.155858 0.000000 -0.984058 0.177846 0.000000 0.154108 0.988054 0.000000 
-0.160171 -0.987089 -0.000000 0.987777 -0.155876 0.000000 -0.984055 0.177864 0.000000 0.154130 0.988051 0.000000 
-0.159487 -0.987200 -0.000000 0.987885 -0.155186 0.000000 -0.984179 0.177176 0.000000 0.153446 0.988157 0.000000 
-0.159407 -0.987213 -0.000000 0.987899 -0.155101 0.000000 -0.984194 0.177092 0.000000 0.153366 0.988169 0.000000 
-0.159399 -0.987214 -0.000000 0.987899 -0.155096 0.000000 -0.984195 0.177087 0.000000 0.153358 0.988171 0.000000 
-0.159399 -0.987214 -0.000000 0.987899 -0.155097 0.000000 -0.984195 0.177088 0.000000 0.153358 0.988171 0.000000 
-0.159402 -0.987214 -0.000000 0.987899 -0.155099 0.000000 -0.984195 0.177091 0.000000 0.153361 0.988170 0.000000 
-0.159402 -0.987214 -0.000000 0.987899 -0.155101 0.000000 -0.984194 0.177093 0.000000 0.153362 0.988170 0.000000 
-0.159403 -0.987214 -0.000000 0.987898 -0.155102 0.000000 -0.984194 0.177094 0.000000 0.153363 0.988170 0.000000 
-0.159404 -0.987213 -0.000000 0.987898 -0.155103 0.000000 -0.984193 0.177097 0.000000 0.153364 0.988170 0.000000 
-0.159404 -0.987213 -0.000000 0.987898 -0.155104 0.000000 -0.984193 0.177100 0.000000 0.153364 0.988170 0.000000 
-0.159404 -0.987213 -0.000000 0.987898 -0.155105 0.000000 -0.984192 0.177103 0.000000 0.153365 0.988170 0.000000 
-0.159405 -0.987213 -0.000000 0.987898 -0.155108 0.000000 -0.984191 0.177109 0.000000 0.153366 0.988169 0.000000 
-0.159416 -0.987212 -0.000000 0.987893 -0.155138 0.000000 -0.984186 0.177140 0.000000 0.153378 0.988168 0.000000 
-0.159333 -0.987225 -0.000000 0.987902 -0.155081 0.000000 -0.984195 0.177087 0.000000 0.153296 0.988180 0.000000 
-0.159210 -0.987245 -0.000000 0.987917 -0.154983 0.000000 -0.984212 0.176992 0.000000 0.153174 0.988199 0.000000 
-0.159176 -0.987250 -0.000000 0.987920 -0.154963 0.000000 -0.984215 0.176976 0.000000 0.153141 0.988204 0.000000 
-0.159183 -0.987249 -0.000000 0.987919 -0.154969 0.000000 -0.984214 0.176985 0.000000 0.153149 0.988203 0.000000 
-0.159181 -0.987249 -0.000000 0.987920 -0.154965 0.000000 -0.984214 0.176983 0.000000 0.153147 0.988203 0.000000 
-0.159179 -0.987250 -0.000000 0.987921 -0.154961 0.000000 -0.984214 0.176982 0.000000 0.153146 0.988204 0.000000 
-0.159177 -0.987250 -0.000000 0.987921 -0.154957 0.000000 -0.984214 0.176980 0.000000 0.153145 0.988204 0.000000 
-0.158996 -0.987279 -0.000000 0.987952 -0.154760 0.000000 -0.984251 0.176778 0.000000 0.152962 0.988232 0.000000 
-0.158946 -0.987287 -0.000000 0.987962 -0.154696 0.000000 -0.984264 0.176706 0.000000 0.152910 0.988240 0.000000 
-0.158947 -0.987287 -0.000000 0.987964 -0.154685 0.000000 -0.984266 0.176693 0.000000 0.152910 0.988240 0.000000 
-0.158953 -0.987286 -0.000000 0.987964 -0.154684 0.000000 -0.984266 0.176691 0.000000 0.152915 0.988239 0.000000 
-0.159106 -0.987262 -0.000000 0.987940 -0.154835 0.000000 -0.984239 0.176843 0.000000 0.153069 0.988216 0.000000 
-0.161756 -0.986831 -0.000000 0.987521 -0.157488 0.000000 -0.983760 0.179491 0.000000 0.155723 0.987801 0.000000 
-0.146098 -0.989270 -0.000000 0.989879 -0.141917 0.000000 -0.986461 0.163994 0.000000 0.140056 0.990144 0.000000 
-0.139697 -0.990194 -0.000000 0.990644 -0.136472 0.000000 -0.987348 0.158569 0.000000 0.133649 0.991029 0.000000 
-0.136427 -0.990650 -0.000000 0.990967 -0.134109 0.000000 -0.987725 0.156201 0.000000 0.130373 0.991465 0.000000 
-0.135373 -0.990795 -0.000000 0.991182 -0.132508 0.000000 -0.987979 0.154591 0.000000 0.129315 0.991604 0.000000 
-0.134788 -0.990874 -0.000000 0.991363 -0.131147 0.000000 -0.988191 0.153229 0.000000 0.128728 0.991680 0.000000 
-0.130427 -0.991458 -0.000000 0.991986 -0.126348 0.000000 -0.988921 0.148446 0.000000 0.124363 0.992237 0.000000 
-0.135759 -0.990742 -0.000000 0.991322 -0.131456 0.000000 -0.988142 0.153542 0.000000 0.129701 0.991553 0.000000 
-0.135782 -0.990739 -0.000000 0.991319 -0.131480 0.000000 -0.988138 0.153572 0.000000 0.129725 0.991550 0.000000 
-0.149879 -0.988704 -0.000000 0.989345 -0.145587 0.000000 -0.985848 0.167642 0.000000 0.143838 0.989601 0.000000 
-0.166013 -0.986124 -0.000000 0.986829 -0.161768 0.000000 -0.982970 0.183765 0.000000 0.159988 0.987119 0.000000 
-0.191072 -0.981576 -0.000000 0.982319 -0.187217 0.000000 -0.977893 0.209105 0.000000 0.185073 0.982725 0.000000 
-0.206967 -0.978348 -0.000000 0.979037 -0.203683 0.000000 -0.974248 0.225480 0.000000 0.200984 0.979595 0.000000 
-0.024315 -0.999704 -0.000000 0.207731 0.978186 0.000000 -0.972597 0.232499 0.000000 -0.905709 -0.423901 -0.000000 0.999745 -0.022581 0.000000 0.908055 0.418851 0.000000 
-0.040210 -0.999191 -0.000000 0.205201 0.978720 0.000000 -0.973267 0.229677 0.000000 -0.905898 -0.423495 -0.000000 0.999264 -0.038356 0.000000 0.907793 0.419419 0.000000 
-0.057568 -0.998342 -0.000000 0.198663 0.980068 0.000000 -0.975029 0.222077 0.000000 -0.905873 -0.423550 -0.000000 0.998476 -0.055195 0.000000 0.907311 0.420460 0.000000 
-0.067550 -0.997716 -0.000000 0.184474 0.982837 0.000000 -0.978286 0.207259 0.000000 -0.907025 -0.421077 -0.000000 0.997978 -0.063561 0.000000 0.908646 0.417568 0.000000 
-0.073135 -0.997322 -0.000000 0.177028 0.984206 0.000000 -0.979974 0.199123 0.000000 -0.912739 -0.408544 -0.000000 0.997823 -0.065953 0.000000 0.915076 0.403282 0.000000 
-0.081358 -0.996685 -0.000000 0.181031 0.983477 0.000000 -0.979238 0.202716 0.000000 -0.920250 -0.391332 -0.000000 0.997514 -0.070470 0.000000 0.923327 0.384015 0.000000 
-0.094599 -0.995515 -0.000000 0.193540 0.981092 0.000000 -0.976711 0.214559 0.000000 -0.928570 -0.371158 -0.000000 0.996790 -0.080062 0.000000 0.932284 0.361727 0.000000 
-0.113347 -0.993555 -0.000000 0.213339 0.976978 0.000000 -0.972378 0.233413 0.000000 -0.938319 -0.345770 -0.000000 0.995443 -0.095363 0.000000 0.942584 0.333968 0.000000 
-0.130503 -0.991448 -0.000000 0.235012 0.971993 0.000000 -0.967205 0.253999 0.000000 -0.949406 -0.314050 -0.000000 0.994158 -0.107931 0.000000 0.954446 0.298385 0.000000 
-0.147273 -0.989096 -0.000000 0.251850 0.967766 0.000000 -0.962957 0.269654 0.000000 -0.958761 -0.284213 -0.000000 0.992812 -0.119688 0.000000 0.964376 0.264536 0.000000 
-0.161304 -0.986905 -0.000000 0.247519 0.968883 0.000000 -0.962986 0.269550 0.000000 -0.962628 -0.270828 -0.000000 0.991062 -0.133401 0.000000 0.968419 0.249328 0.000000 
-0.167908 -0.985803 -0.000000 0.188696 0.982036 0.000000 -0.977488 0.210990 0.000000 -0.963229 -0.268683 -0.000000 0.989785 -0.142571 0.000000 0.967679 0.252186 0.000000 
0.141944 0.989875 0.000000 -0.171143 -0.985246 -0.000000 0.988775 -0.149411 0.000000 0.966063 0.258307 0.000000 -0.986509 0.163709 0.000000 -0.963279 -0.268501 -0.000000 
0.112083 0.993699 0.000000 -0.168622 -0.985681 -0.000000 0.988700 -0.149907 0.000000 0.964683 0.263412 0.000000 -0.991148 0.132765 0.000000 -0.963246 -0.268622 -0.000000 
0.024790 0.999693 0.000000 -0.160587 -0.987022 -0.000000 0.989290 -0.145966 0.000000 0.965205 0.261493 0.000000 -0.999019 0.044287 0.000000 -0.967268 -0.253756 -0.000000 
-0.020691 0.999786 0.000000 -0.142656 -0.989772 -0.000000 0.991333 -0.131371 0.000000 0.969677 0.244390 0.000000 -0.999996 -0.002668 -0.000000 -0.973759 -0.227582 -0.000000 
-0.014451 0.999896 0.000000 -0.117509 -0.993072 -0.000000 0.993922 -0.110084 0.000000 0.977334 0.211703 0.000000 -0.999909 0.013513 0.000000 -0.980698 -0.195528 -0.000000 
-0.000993 1.000000 0.000000 -0.088669 -0.996061 -0.000000 0.996463 -0.084031 0.000000 0.987805 0.155696 0.000000 -0.998867 0.047589 0.000000 -0.989173 -0.146753 -0.000000 
0.014862 0.999890 0.000000 -0.052620 -0.998615 -0.000000 0.998693 -0.051116 0.000000 0.997914 0.064556 0.000000 -0.998372 0.057043 0.000000 -0.997833 -0.065794 -0.000000 
0.013149 0.999914 0.000000 -0.999557 0.029751 0.000000 1.000000 0.000302 0.000000 -0.047266 -0.998882 -0.000000 -0.999741 0.022755 0.000000 0.998929 -0.046260 0.000000 0.999542 -0.030278 0.000000 
-0.047874 -0.998853 -0.000000 -0.007359 0.999973 0.000000 0.997694 0.067868 0.000000 0.991896 -0.127054 0.000000 -0.999730 0.023251 0.000000 -0.992524 0.122052 0.000000 
-0.072261 -0.997386 -0.000000 -0.015962 0.999873 0.000000 0.997982 0.063504 0.000000 0.988995 -0.147946 0.000000 -0.998094 0.061708 0.000000 -0.989696 0.143184 0.000000 
-0.076196 -0.997093 -0.000000 -0.009292 0.999957 0.000000 0.998891 0.047076 0.000000 0.984384 -0.176036 0.000000 -0.997752 0.067007 0.000000 -0.984530 0.175216 0.000000 
-0.103957 -0.994582 -0.000000 0.011244 0.999937 0.000000 0.999722 0.023591 0.000000 0.974090 -0.226159 0.000000 -0.995893 0.090535 0.000000 -0.973834 0.227260 0.000000 
-0.142538 -0.989789 -0.000000 0.030338 0.999540 0.000000 0.999993 0.003818 0.000000 0.962377 -0.271717 0.000000 -0.991540 0.129800 0.000000 -0.962280 0.272062 0.000000 
-0.166373 -0.986063 -0.000000 0.037803 0.999285 0.000000 0.999988 0.004884 0.000000 0.955634 -0.294558 0.000000 -0.987969 0.154653 0.000000 -0.956663 0.291197 0.000000 
-0.166425 -0.986054 -0.000000 0.044841 0.998994 0.000000 0.999979 0.006493 0.000000 0.956509 -0.291702 0.000000 -0.987335 0.158646 0.000000 -0.957886 0.287147 0.000000 
-0.153733 -0.988112 -0.000000 0.040078 0.999197 0.000000 0.999915 0.013055 0.000000 0.961354 -0.275316 0.000000 -0.988597 0.150586 0.000000 -0.962767 0.270332 0.000000 
-0.133328 -0.991072 -0.000000 0.034172 0.999416 0.000000 0.999831 0.018378 0.000000 0.967530 -0.252755 0.000000 -0.991066 0.133370 0.000000 -0.968486 0.249068 0.000000 
-0.111523 -0.993762 -0.000000 0.022340 0.999750 0.000000 0.999591 0.028589 0.000000 0.973129 -0.230259 0.000000 -0.993692 0.112140 0.000000 -0.973633 0.228121 0.000000 
-0.093945 -0.995577 -0.000000 0.005133 0.999987 0.000000 0.999032 0.043999 0.000000 0.977182 -0.212402 0.000000 -0.995688 0.092763 0.000000 -0.977466 0.211094 0.000000 
-0.084881 -0.996391 -0.000000 -0.003268 0.999995 0.000000 0.998588 0.053126 0.000000 0.979559 -0.201155 0.000000 -0.996508 0.083503 0.000000 -0.979804 0.199960 0.000000 
-0.086857 -0.996221 -0.000000 -0.002640 0.999997 0.000000 0.998586 0.053160 0.000000 0.979384 -0.202008 0.000000 -0.996371 0.085119 0.000000 -0.979664 0.200644 0.000000 
-0.095085 -0.995469 -0.000000 0.001297 0.999999 0.000000 0.998708 0.050817 0.000000 0.977664 -0.210176 0.000000 -0.995720 0.092425 0.000000 -0.978088 0.208191 0.000000 
-0.108334 -0.994115 -0.000000 0.009304 0.999957 0.000000 0.998988 0.044979 0.000000 0.974652 -0.223725 0.000000 -0.994504 0.104694 0.000000 -0.975286 0.220947 0.000000 
-0.123361 -0.992362 -0.000000 0.023169 0.999732 0.000000 0.999455 0.033018 0.000000 0.970942 -0.239315 0.000000 -0.992911 0.118863 0.000000 -0.971666 0.236360 0.000000 
-0.140848 -0.990031 -0.000000 0.042259 0.999107 0.000000 0.999883 0.015327 0.000000 0.966285 -0.257476 0.000000 -0.990786 0.135434 0.000000 -0.966979 0.254858 0.000000 
-0.158570 -0.987348 -0.000000 0.056883 0.998381 0.000000 1.000000 0.000395 0.000000 0.961231 -0.275743 0.000000 -0.988360 0.152133 0.000000 -0.962035 0.272925 0.000000 
-0.177559 -0.984110 -0.000000 0.074716 0.997205 0.000000 0.999821 -0.018945 0.000000 0.955596 -0.294681 0.000000 -0.985326 0.170683 0.000000 -0.956449 0.291900 0.000000 
-0.189991 -0.981786 -0.000000 0.090149 0.995928 0.000000 0.999284 -0.037834 0.000000 0.949649 -0.313317 0.000000 -0.984179 0.177175 0.000000 -0.949826 0.312779 0.000000 
-0.199556 -0.979886 -0.000000 0.099255 0.995062 0.000000 0.998829 -0.048377 0.000000 0.944411 -0.328767 0.000000 -0.983796 0.179292 0.000000 -0.944064 0.329763 0.000000 
-0.202162 -0.979352 -0.000000 0.099001 0.995087 0.000000 0.998844 -0.048062 0.000000 0.942437 -0.334384 0.000000 -0.984385 0.176028 0.000000 -0.941867 0.335986 0.000000 
-0.197849 -0.980232 -0.000000 0.097399 0.995245 0.000000 0.998968 -0.045430 0.000000 0.943271 -0.332024 0.000000 -0.985528 0.169515 0.000000 -0.942552 0.334059 0.000000 
-0.196837 -0.980436 -0.000000 0.100356 0.994952 0.000000 0.998905 -0.046777 0.000000 0.944079 -0.329720 0.000000 -0.986007 0.166705 0.000000 -0.943416 0.331612 0.000000 
-0.195882 -0.980627 -0.000000 0.102996 0.994682 0.000000 0.998805 -0.048877 0.000000 0.944952 -0.327210 0.000000 -0.986387 0.164440 0.000000 -0.944408 0.328776 0.000000 
-0.195839 -0.980636 -0.000000 0.106962 0.994263 0.000000 0.998585 -0.053177 0.000000 0.945206 -0.326473 0.000000 -0.986674 0.162710 0.000000 -0.944776 0.327718 0.000000 
-0.199369 -0.979924 -0.000000 0.117873 0.993029 0.000000 0.997885 -0.064999 0.000000 0.944235 -0.329272 0.000000 -0.986311 0.164896 0.000000 -0.943858 0.330352 0.000000 
-0.204586 -0.978849 -0.000000 0.124929 0.992166 0.000000 0.997306 -0.073353 0.000000 0.943411 -0.331625 0.000000 -0.985813 0.167849 0.000000 -0.943364 0.331759 0.000000 
-0.210561 -0.977581 -0.000000 0.133517 0.991047 0.000000 0.996478 -0.083853 0.000000 0.942408 -0.334466 0.000000 -0.985034 0.172360 0.000000 -0.942608 0.333903 0.000000 
-0.214086 -0.976815 -0.000000 0.138821 0.990317 0.000000 0.995869 -0.090800 0.000000 0.941734 -0.336358 0.000000 -0.984686 0.174339 0.000000 -0.942090 0.335361 0.000000 
-0.219830 -0.975538 -0.000000 0.149828 0.988712 0.000000 0.994619 -0.103601 0.000000 0.940733 -0.339149 0.000000 -0.983616 0.180274 0.000000 -0.941061 0.338237 0.000000 
-0.224837 -0.974396 -0.000000 0.159004 0.987278 0.000000 0.993429 -0.114453 0.000000 0.939856 -0.341571 0.000000 -0.982647 0.185486 0.000000 -0.940140 0.340788 0.000000 
-0.232266 -0.972652 -0.000000 0.171007 0.985270 0.000000 0.991678 -0.128740 0.000000 0.938676 -0.344800 0.000000 -0.981047 0.193771 0.000000 -0.938889 0.344221 0.000000 
-0.238294 -0.971193 -0.000000 0.179512 0.983756 0.000000 0.990236 -0.139402 0.000000 0.937689 -0.347476 0.000000 -0.979772 0.200116 0.000000 -0.937933 0.346817 0.000000 
-0.244426 -0.969668 -0.000000 0.187689 0.982229 0.000000 0.988660 -0.150173 0.000000 0.936592 -0.350423 0.000000 -0.978457 0.206448 0.000000 -0.936922 0.349539 0.000000 
-0.249713 -0.968320 -0.000000 0.194542 0.980894 0.000000 0.987277 -0.159012 0.000000 0.935423 -0.353529 0.000000 -0.977559 0.210664 0.000000 -0.935844 0.352415 0.000000 
-0.254382 -0.967104 -0.000000 0.202251 0.979334 0.000000 0.985720 -0.168390 0.000000 0.934040 -0.357168 0.000000 -0.976768 0.214299 0.000000 -0.934450 0.356095 0.000000 
-0.258082 -0.966123 -0.000000 0.209732 0.977759 0.000000 0.984217 -0.176967 0.000000 0.932623 -0.360852 0.000000 -0.976052 0.217537 0.000000 -0.932929 0.360060 0.000000 
-0.263393 -0.964689 -0.000000 0.218057 0.975936 0.000000 0.982539 -0.186056 0.000000 0.930516 -0.366252 0.000000 -0.974925 0.222532 0.000000 -0.930718 0.365738 0.000000 
-0.268863 -0.963179 -0.000000 0.226420 0.974030 0.000000 0.980819 -0.194920 0.000000 0.928134 -0.372247 0.000000 -0.973633 0.228119 0.000000 -0.928206 0.372068 0.000000 
-0.275905 -0.961185 -0.000000 0.234901 0.972019 0.000000 0.979002 -0.203852 0.000000 0.925263 -0.379326 0.000000 -0.971986 0.235037 0.000000 -0.925264 0.379324 0.000000 
-0.283618 -0.958937 -0.000000 0.243008 0.970024 0.000000 0.977190 -0.212367 0.000000 0.922170 -0.386785 0.000000 -0.970158 0.242475 0.000000 -0.922145 0.386844 0.000000 
-0.291725 -0.956502 -0.000000 0.251303 0.967908 0.000000 0.975255 -0.221084 0.000000 0.918850 -0.394606 0.000000 -0.968192 0.250207 0.000000 -0.918806 0.394710 0.000000 
-0.300104 -0.953907 -0.000000 0.251736 0.967796 0.000000 0.258947 0.965891 0.000000 0.915339 -0.402684 0.000000 0.973421 -0.229024 0.000000 -0.478221 0.878240 0.000000 -0.983867 -0.178899 -0.000000 
-0.307575 -0.951524 -0.000000 0.234315 0.972161 0.000000 0.265702 0.964055 0.000000 0.912094 -0.409982 0.000000 0.971766 -0.235945 0.000000 -0.464995 0.885313 0.000000 -0.985087 -0.172059 -0.000000 
-0.310532 -0.950563 -0.000000 0.210510 0.977592 0.000000 0.269881 0.962894 0.000000 0.910607 -0.413273 0.000000 0.970688 -0.240344 0.000000 -0.985540 -0.169444 -0.000000 -0.472391 0.881389 0.000000 
-0.310096 -0.950705 -0.000000 0.189770 0.981829 0.000000 0.272293 0.962214 0.000000 0.910290 -0.413971 0.000000 0.970154 -0.242489 0.000000 -0.986163 -0.165780 -0.000000 -0.481783 0.876291 0.000000 
-0.308703 -0.951159 -0.000000 0.179466 0.983764 0.000000 0.274327 0.961636 0.000000 0.910276 -0.414002 0.000000 0.969579 -0.244778 0.000000 -0.986925 -0.161180 -0.000000 -0.484973 0.874529 0.000000 
-0.308011 -0.951383 -0.000000 0.177148 0.984184 0.000000 0.275892 0.961189 0.000000 0.910219 -0.414127 0.000000 0.969041 -0.246899 0.000000 -0.987787 -0.155809 -0.000000 -0.483049 0.875593 0.000000 
-0.308893 -0.951097 -0.000000 0.178736 0.983897 0.000000 0.277192 0.960815 0.000000 0.909748 -0.415162 0.000000 0.968680 -0.248313 0.000000 -0.988785 -0.149344 -0.000000 -0.478890 0.877875 0.000000 
-0.308861 -0.951107 -0.000000 0.183389 0.983041 0.000000 0.278866 0.960330 0.000000 0.909388 -0.415948 0.000000 0.968214 -0.250122 0.000000 -0.472898 0.881117 0.000000 -0.989641 -0.143563 -0.000000 
-0.309095 -0.951031 -0.000000 0.188447 0.982083 0.000000 0.280037 0.959989 0.000000 0.909255 -0.416239 0.000000 0.967749 -0.251915 0.000000 -0.467517 0.883984 0.000000 -0.990350 -0.138589 -0.000000 
-0.309598 -0.950868 -0.000000 0.190734 0.981642 0.000000 0.280819 0.959761 0.000000 0.908847 -0.417130 0.000000 0.967513 -0.252822 0.000000 -0.464037 0.885816 0.000000 -0.991012 -0.133773 -0.000000 
-0.302390 -0.953184 -0.000000 0.195529 0.980698 0.000000 0.275259 0.961370 0.000000 0.909750 -0.415156 0.000000 0.968998 -0.247069 0.000000 -0.454077 0.890962 0.000000 -0.992132 -0.125198 -0.000000 
-0.292403 -0.956295 -0.000000 0.213369 0.976972 0.000000 0.264009 0.964520 0.000000 0.912141 -0.409877 0.000000 0.972116 -0.234502 0.000000 -0.444941 0.895560 0.000000 -0.993411 -0.114606 -0.000000 
0.254124 0.967172 0.000000 -0.283591 -0.958945 -0.000000 0.914922 -0.403630 0.000000 0.974940 -0.222466 0.000000 -0.425376 0.905017 0.000000 -0.994816 -0.101692 -0.000000 
0.290736 0.956803 0.000000 -0.275160 -0.961399 -0.000000 0.917827 -0.396980 0.000000 0.977204 -0.212302 0.000000 -0.393200 0.919453 0.000000 -0.996329 -0.085603 -0.000000 
0.337559 0.941304 0.000000 -0.266440 -0.963851 -0.000000 0.921565 -0.388225 0.000000 0.979083 -0.203463 0.000000 -0.353334 0.935497 0.000000 -0.997830 -0.065848 -0.000000 
0.391129 0.920336 0.000000 -0.259258 -0.965808 -0.000000 0.924707 -0.380679 0.000000 0.980898 -0.194521 0.000000 -0.305855 0.952078 0.000000 -0.999099 -0.042431 -0.000000 
0.448650 0.893708 0.000000 -0.252988 -0.967469 -0.000000 0.927268 -0.374398 0.000000 0.982570 -0.185893 0.000000 -0.253810 0.967254 0.000000 -0.999879 -0.015579 -0.000000 
0.508770 0.860903 0.000000 -0.248591 -0.968609 -0.000000 0.928916 -0.370292 0.000000 0.983999 -0.178175 0.000000 -0.199263 0.979946 0.000000 -0.999893 0.014631 0.000000 
0.571261 0.820768 0.000000 -0.248328 -0.968676 -0.000000 0.930060 -0.367409 0.000000 0.984908 -0.173078 0.000000 -0.141698 0.989910 0.000000 -0.998904 0.046811 0.000000 
0.641158 0.767409 0.000000 -0.244891 -0.969551 -0.000000 0.931818 -0.362926 0.000000 0.985829 -0.167754 0.000000 -0.079402 0.996843 0.000000 -0.996480 0.083836 0.000000 
0.716096 0.698001 0.000000 -0.242800 -0.970076 -0.000000 0.932622 -0.360856 0.000000 0.985114 -0.171903 0.000000 -0.009409 0.999956 0.000000 -0.991882 0.127159 0.000000 
-0.252780 -0.967524 -0.000000 0.765439 0.643509 0.000000 0.771804 0.635861 0.000000 0.929932 -0.367732 0.000000 0.981546 -0.191225 0.000000 0.041494 0.999139 0.000000 -0.985575 0.169240 0.000000 
-0.265371 -0.964146 -0.000000 0.752763 0.658291 0.000000 0.787700 0.616059 0.000000 0.927181 -0.374613 0.000000 0.978437 -0.206547 0.000000 0.046069 0.998938 0.000000 -0.981120 0.193401 0.000000 
-0.276051 -0.961143 -0.000000 0.738636 0.674104 0.000000 0.752841 0.658202 0.000000 0.925696 -0.378269 0.000000 0.975289 -0.220931 0.000000 -0.002612 0.999997 0.000000 -0.980962 0.194201 0.000000 
0.682953 0.730462 0.000000 -0.288558 -0.957462 -0.000000 0.924283 -0.381708 0.000000 0.971764 -0.235955 0.000000 -0.076456 0.997073 0.000000 -0.982912 0.184076 0.000000 
0.593712 0.804677 0.000000 -0.299314 -0.954155 -0.000000 0.923098 -0.384564 0.000000 0.968353 -0.249586 0.000000 -0.156553 0.987670 0.000000 -0.984910 0.173069 0.000000 
0.508540 0.861038 0.000000 -0.310157 -0.950685 -0.000000 0.921180 -0.389137 0.000000 0.963818 -0.266562 0.000000 -0.216132 0.976364 0.000000 -0.985251 0.171113 0.000000 
0.439315 0.898333 0.000000 -0.318681 -0.947862 -0.000000 0.917551 -0.397618 0.000000 0.958729 -0.284320 0.000000 -0.255579 0.966788 0.000000 -0.984059 0.177840 0.000000 
0.400478 0.916307 0.000000 -0.325686 -0.945478 -0.000000 0.912850 -0.408296 0.000000 0.952029 -0.306007 0.000000 -0.267920 0.963441 0.000000 -0.981105 0.193476 0.000000 
0.372970 0.927843 0.000000 -0.330240 -0.943897 -0.000000 0.907363 -0.420348 0.000000 0.946087 -0.323913 0.000000 -0.271532 0.962429 0.000000 -0.977231 0.212176 0.000000 
0.354079 0.935215 0.000000 -0.347412 -0.937713 -0.000000 0.898360 -0.439261 0.000000 0.938615 -0.344967 0.000000 -0.267171 0.963649 0.000000 -0.972349 0.233533 0.000000 
-0.370668 -0.928765 -0.000000 0.365708 0.930730 0.000000 0.887246 -0.461296 0.000000 0.930269 -0.366878 0.000000 -0.260885 0.965370 0.000000 -0.966987 0.254827 0.000000 
0.391097 0.920349 0.000000 -0.397204 -0.917730 -0.000000 0.874408 -0.485191 0.000000 0.919990 -0.391941 0.000000 -0.962253 0.272158 0.000000 -0.251849 0.967767 0.000000 
0.419814 0.907610 0.000000 -0.427028 -0.904238 -0.000000 0.859366 -0.511362 0.000000 0.907419 -0.420226 0.000000 -0.958421 0.285358 0.000000 -0.235410 0.971896 0.000000 
0.453438 0.891288 0.000000 -0.456663 -0.889640 -0.000000 0.841846 -0.539717 0.000000 0.891421 -0.453176 0.000000 -0.956568 0.291508 0.000000 -0.212750 0.977107 0.000000 
-0.489344 -0.872091 -0.000000 0.365539 0.930796 0.000000 0.490621 0.871373 0.000000 0.820045 -0.572299 0.000000 0.872353 -0.488876 0.000000 -0.180435 0.983587 0.000000 -0.956261 0.292515 0.000000 
-0.522481 -0.852651 -0.000000 0.490676 0.871342 0.000000 0.527062 0.849827 0.000000 0.794204 -0.607651 0.000000 0.852177 -0.523254 0.000000 -0.144345 0.989527 0.000000 -0.956719 0.291013 0.000000 
0.608893 0.793252 0.000000 -0.553703 -0.832714 -0.000000 0.764873 -0.644181 0.000000 0.835395 -0.549650 0.000000 -0.098757 0.995112 0.000000 -0.955582 0.294726 0.000000 
-0.580118 -0.814533 -0.000000 0.717942 0.696103 0.000000 0.739349 -0.673323 0.000000 0.821052 -0.570853 0.000000 -0.033997 0.999422 0.000000 -0.951906 0.306390 0.000000 
0.813850 0.581075 0.000000 -0.595264 -0.803530 -0.000000 0.728370 -0.685184 0.000000 0.813797 -0.581150 0.000000 -0.944196 0.329384 0.000000 0.058573 0.998283 0.000000 
0.886271 0.463167 0.000000 -0.599521 -0.800359 -0.000000 0.729335 -0.684157 0.000000 0.813304 -0.581839 0.000000 -0.933772 0.357869 0.000000 0.160750 0.986995 0.000000 -0.696150 0.717897 0.000000 
0.931431 0.363918 0.000000 -0.600384 -0.799711 -0.000000 0.729983 -0.683466 0.000000 0.817881 -0.575388 0.000000 -0.923640 0.383262 0.000000 0.234656 0.972079 0.000000 -0.742104 0.670285 0.000000 
0.955080 0.296348 0.000000 -0.605407 -0.795916 -0.000000 0.723123 -0.690720 0.000000 0.822806 -0.568323 0.000000 -0.914993 0.403469 0.000000 0.265186 0.964197 0.000000 -0.749529 0.661972 0.000000 
-0.118358 0.992971 0.000000 -0.616606 -0.787272 -0.000000 -0.908702 0.417445 0.000000 -0.767667 0.640849 0.000000 0.713602 -0.700552 0.000000 0.837064 -0.547105 0.000000 0.753860 -0.657035 0.000000 
-0.069114 0.997609 0.000000 -0.638598 -0.769541 -0.000000 -0.902023 0.431688 0.000000 -0.796420 0.604744 0.000000 0.737547 -0.675296 0.000000 0.702139 -0.712040 0.000000 
-0.036077 0.999349 0.000000 -0.667888 -0.744262 -0.000000 -0.807198 0.590281 0.000000 0.734917 -0.678157 0.000000 0.689209 -0.724562 0.000000 -0.897024 0.441983 0.000000 -0.889747 0.456454 0.000000 
0.002149 0.999998 0.000000 -0.693044 -0.720895 -0.000000 0.734805 -0.678279 0.000000 0.678042 -0.735023 0.000000 -0.898820 0.438318 0.000000 -0.791258 0.611483 0.000000 -0.870994 0.491294 0.000000 
0.025948 0.999663 0.000000 -0.713436 -0.700721 -0.000000 0.730076 -0.683366 0.000000 0.668426 -0.743779 0.000000 -0.893405 0.449252 0.000000 -0.759756 0.650208 0.000000 -0.851079 0.525037 0.000000 
-0.726264 -0.687416 -0.000000 0.727949 -0.685632 0.000000 0.655733 -0.754993 0.000000 0.035025 0.999386 0.000000 -0.704838 0.709368 0.000000 -0.833899 0.551917 0.000000 -0.885793 0.464081 0.000000 
-0.735614 -0.677401 -0.000000 0.725171 -0.688569 0.000000 0.640244 -0.768172 0.000000 0.025590 0.999673 0.000000 -0.629494 0.777005 0.000000 -0.820116 0.572198 0.000000 -0.878001 0.478660 0.000000 
-0.744020 -0.668158 -0.000000 0.623941 -0.781472 0.000000 0.722148 -0.691739 0.000000 -0.006432 0.999979 0.000000 -0.547667 0.836696 0.000000 -0.808652 0.588287 0.000000 -0.870630 0.491939 0.000000 
-0.753283 -0.657697 -0.000000 0.608752 -0.793361 0.000000 0.719019 -0.694990 0.000000 -0.059615 0.998221 0.000000 -0.481433 0.876483 0.000000 -0.798803 0.601593 0.000000 -0.863648 0.504096 0.000000 
-0.760160 -0.649736 -0.000000 0.598672 -0.800994 0.000000 0.716585 -0.697500 0.000000 -0.458135 0.888882 0.000000 -0.789774 0.613398 0.000000 -0.859864 0.510524 0.000000 -0.109368 0.994001 0.000000 -0.125700 0.992068 0.000000 
-0.604628 -0.796508 -0.000000 -0.900587 0.434676 0.000000 -0.778173 0.628050 0.000000 -0.461892 0.886936 0.000000 0.715136 -0.698986 0.000000 0.613337 -0.789821 0.000000 -0.020955 0.999780 0.000000 -0.189241 0.981931 0.000000 
0.711440 -0.702747 0.000000 -0.989841 0.142178 0.000000 -0.756724 0.653734 0.000000 -0.461643 0.887066 0.000000 -0.195657 -0.980672 -0.000000 0.591437 -0.806351 0.000000 0.141165 0.989986 0.000000 -0.230306 0.973118 0.000000 
0.707664 -0.706549 0.000000 -0.998973 -0.045303 -0.000000 -0.752777 0.658275 0.000000 0.275800 0.961215 0.000000 0.033483 -0.999439 0.000000 0.606882 -0.794792 0.000000 -0.431981 0.901882 0.000000 -0.262604 0.964904 0.000000 
0.196193 -0.980565 0.000000 -0.977175 -0.212436 -0.000000 -0.760610 0.649209 0.000000 0.403166 0.915127 0.000000 0.705864 -0.708347 0.000000 0.642757 -0.766070 0.000000 -0.388115 0.921611 0.000000 -0.292247 0.956343 0.000000 
-0.960431 -0.278519 -0.000000 -0.762271 0.647258 0.000000 0.261376 -0.965237 0.000000 0.535066 0.844810 0.000000 0.702212 -0.711968 0.000000 0.670578 -0.741839 0.000000 -0.328203 0.944607 0.000000 -0.307526 0.951540 0.000000 -0.320865 0.947125 0.000000 
-0.950926 -0.309417 -0.000000 -0.764746 0.644332 0.000000 0.293321 -0.956014 0.000000 0.695213 -0.718804 0.000000 -0.335912 0.941893 0.000000 0.583926 0.811807 0.000000 -0.295328 0.955396 0.000000 
-0.944682 -0.327989 -0.000000 -0.774200 0.632941 0.000000 0.311801 -0.950147 0.000000 0.699970 -0.714172 0.000000 -0.344447 0.938806 0.000000 0.617116 0.786872 0.000000 -0.271365 0.962476 0.000000 
-0.926164 -0.377121 -0.000000 -0.795961 0.605348 0.000000 0.358661 -0.933468 0.000000 0.710153 -0.704047 0.000000 -0.346332 0.938112 0.000000 0.656982 0.753906 0.000000 -0.247379 0.968919 0.000000 
-0.897472 -0.441071 -0.000000 0.414394 -0.910098 0.000000 0.726684 -0.686972 0.000000 -0.344851 0.938657 0.000000 -0.803637 0.595119 0.000000 -0.841063 0.540938 0.000000 0.697967 0.716130 0.000000 -0.216993 0.976173 0.000000 
-0.808374 -0.588669 -0.000000 0.548810 -0.835947 0.000000 -0.188837 0.982008 0.000000 -0.337762 0.941232 0.000000 -0.776049 0.630672 0.000000 -0.924467 0.381262 0.000000 0.742858 0.669449 0.000000 0.757307 -0.653059 0.000000 
-0.756964 0.653456 0.000000 0.637159 -0.770732 0.000000 -0.146126 0.989266 0.000000 -0.319380 0.947627 0.000000 -0.694088 -0.719890 -0.000000 -0.977460 0.211119 0.000000 0.795760 0.605612 0.000000 0.780940 -0.624605 0.000000 
-0.995616 0.093540 0.000000 -0.760082 0.649827 0.000000 -0.101675 0.994818 0.000000 -0.303149 0.952943 0.000000 0.813718 0.581260 0.000000 0.783600 -0.621266 0.000000 -0.648236 -0.761440 -0.000000 0.653534 -0.756897 0.000000 
-0.762554 0.646925 0.000000 0.803264 0.595624 0.000000 -0.059242 0.998244 0.000000 -0.296755 0.954954 0.000000 -0.729948 -0.683503 -0.000000 -0.999764 -0.021711 -0.000000 0.706388 -0.707825 0.000000 0.774508 -0.632564 0.000000 
-0.757133 0.653261 0.000000 0.795996 0.605302 0.000000 -0.033395 0.999442 0.000000 -0.297439 0.954741 0.000000 -0.769848 -0.638228 -0.000000 -0.997759 -0.066903 -0.000000 0.724039 -0.689759 0.000000 0.768464 -0.639893 0.000000 
-0.740171 0.672418 0.000000 0.788509 0.615023 0.000000 -0.026086 0.999660 0.000000 -0.306101 0.951999 0.000000 -0.775728 -0.631067 -0.000000 -0.997709 -0.067655 -0.000000 0.727109 -0.686522 0.000000 0.765588 -0.643331 0.000000 
-0.719965 0.694010 0.000000 0.789680 0.613519 0.000000 -0.028063 0.999606 0.000000 -0.316236 0.948681 0.000000 -0.778427 -0.627735 -0.000000 -0.997809 -0.066168 -0.000000 0.727063 -0.686570 0.000000 0.763719 -0.645549 0.000000 
-0.710125 0.704076 0.000000 0.796147 0.605103 0.000000 -0.689592 0.724198 0.000000 -0.779938 -0.625856 -0.000000 -0.997804 -0.066240 -0.000000 0.726669 -0.686988 0.000000 0.761411 -0.648270 0.000000 -0.030593 0.999532 0.000000 -0.325148 0.945663 0.000000 
-0.707337 0.706877 0.000000 0.800878 0.598827 0.000000 -0.652958 0.757394 0.000000 -0.780986 -0.624548 -0.000000 -0.997746 -0.067098 -0.000000 0.726539 -0.687125 0.000000 0.759000 -0.651091 0.000000 -0.031448 0.999505 0.000000 -0.332789 0.943001 0.000000 
-0.705279 0.708929 0.000000 0.804266 0.594269 0.000000 -0.621302 0.783571 0.000000 -0.781648 -0.623720 -0.000000 -0.997683 -0.068040 -0.000000 0.726266 -0.687414 0.000000 0.756954 -0.653468 0.000000 -0.031348 0.999509 0.000000 -0.338647 0.940914 0.000000 
-0.703642 0.710554 0.000000 0.806722 0.590931 0.000000 -0.597582 0.801808 0.000000 -0.782049 -0.623217 -0.000000 -0.997614 -0.069043 -0.000000 0.725911 -0.687789 0.000000 0.755363 -0.655306 0.000000 -0.031177 0.999514 0.000000 -0.342332 0.939579 0.000000 
-0.702244 0.711936 0.000000 0.808517 0.588473 0.000000 -0.582292 0.812979 0.000000 -0.782358 -0.622830 -0.000000 -0.997555 -0.069888 -0.000000 0.725638 -0.688076 0.000000 0.754202 -0.656642 0.000000 -0.031148 0.999515 0.000000 -0.344446 0.938806 0.000000 
-0.701606 0.712565 0.000000 0.809837 0.586655 0.000000 -0.574233 0.818692 0.000000 -0.782637 -0.622478 -0.000000 -0.997510 -0.070521 -0.000000 0.725528 -0.688192 0.000000 0.753447 -0.657508 0.000000 -0.031119 0.999516 0.000000 -0.345579 0.938390 0.000000 
-0.701382 0.712785 0.000000 0.810778 0.585354 0.000000 -0.571854 0.820356 0.000000 -0.782902 -0.622145 -0.000000 -0.997487 -0.070849 -0.000000 0.725592 -0.688125 0.000000 0.753008 -0.658011 0.000000 -0.030874 0.999523 0.000000 -0.345732 0.938333 0.000000 
-0.701364 0.712803 0.000000 0.811071 0.584948 0.000000 -0.574506 0.818501 0.000000 -0.783041 -0.621970 -0.000000 -0.997479 -0.070956 -0.000000 0.725807 -0.687898 0.000000 0.752924 -0.658107 0.000000 -0.030340 0.999540 0.000000 -0.344935 0.938627 0.000000 
-0.701459 0.712710 0.000000 0.811141 0.584851 0.000000 -0.581324 0.813672 0.000000 -0.783075 -0.621927 -0.000000 -0.997470 -0.071092 -0.000000 0.726122 -0.687566 0.000000 0.753008 -0.658011 0.000000 -0.029534 0.999564 0.000000 -0.343180 0.939270 0.000000 
-0.701780 0.712394 0.000000 0.811153 0.584834 0.000000 -0.591414 0.806368 0.000000 -0.783149 -0.621834 -0.000000 -0.997448 -0.071391 -0.000000 0.726658 -0.687000 0.000000 0.753207 -0.657784 0.000000 -0.028684 0.999589 0.000000 -0.340609 0.940205 0.000000 
-0.702251 0.711929 0.000000 0.811108 0.584897 0.000000 -0.604030 0.796962 0.000000 -0.783240 -0.621719 -0.000000 -0.997425 -0.071724 -0.000000 0.727335 -0.686282 0.000000 0.753543 -0.657398 0.000000 -0.027951 0.999609 0.000000 -0.337431 0.941350 0.000000 
-0.702748 0.711439 0.000000 0.810861 0.585239 0.000000 -0.618296 0.785945 0.000000 -0.783421 -0.621491 -0.000000 -0.997399 -0.072077 -0.000000 0.728126 -0.685444 0.000000 0.754080 -0.656783 0.000000 -0.027636 0.999618 0.000000 -0.334041 0.942559 0.000000 
-0.703172 0.711020 0.000000 0.810169 0.586196 0.000000 -0.633498 0.773744 0.000000 -0.783661 -0.621188 -0.000000 -0.997376 -0.072391 -0.000000 0.728913 -0.684607 0.000000 0.754904 -0.655836 0.000000 -0.027932 0.999610 0.000000 -0.330873 0.943675 0.000000 
-0.703977 0.710222 0.000000 0.808947 0.587881 0.000000 -0.648874 0.760896 0.000000 -0.783844 -0.620957 -0.000000 -0.997345 -0.072827 -0.000000 0.729678 -0.683791 0.000000 0.756056 -0.654507 0.000000 -0.028903 0.999582 0.000000 -0.328165 0.944620 0.000000 
-0.705004 0.709203 0.000000 0.807138 0.590363 0.000000 -0.663979 0.747751 0.000000 -0.784047 -0.620702 -0.000000 -0.997307 -0.073344 -0.000000 0.730409 -0.683010 0.000000 0.757522 -0.652810 0.000000 -0.030631 0.999531 0.000000 -0.326077 0.945343 0.000000 
-0.705962 0.708250 0.000000 0.804917 0.593388 0.000000 -0.678569 0.734537 0.000000 -0.784431 -0.620216 -0.000000 -0.997277 -0.073751 -0.000000 0.730934 -0.682448 0.000000 0.759118 -0.650953 0.000000 -0.032948 0.999457 0.000000 -0.324495 0.945888 0.000000 
-0.706704 0.707510 0.000000 0.802435 0.596740 0.000000 -0.692171 0.721734 0.000000 -0.785199 -0.619244 -0.000000 -0.997245 -0.074173 -0.000000 0.731316 -0.682038 0.000000 0.760616 -0.649202 0.000000 -0.035265 0.999378 0.000000 -0.323180 0.946337 0.000000 
-0.707274 0.706940 0.000000 0.800456 0.599391 0.000000 -0.704877 0.709330 0.000000 -0.786255 -0.617902 -0.000000 -0.997206 -0.074703 -0.000000 0.731759 -0.681563 0.000000 0.761736 -0.647887 0.000000 -0.036902 0.999319 0.000000 -0.321438 0.946931 0.000000 
-0.713501 0.700654 0.000000 0.799123 0.601168 0.000000 -0.036633 0.999329 0.000000 -0.318564 0.947901 0.000000 -0.787499 -0.616316 -0.000000 -0.997176 -0.075099 -0.000000 0.732076 -0.681223 0.000000 0.762205 -0.647336 0.000000 
-0.721096 0.692835 0.000000 0.798547 0.601933 0.000000 -0.034657 0.999399 0.000000 -0.314555 0.949239 0.000000 -0.788947 -0.614462 -0.000000 -0.997140 -0.075576 -0.000000 0.732420 -0.680853 0.000000 0.762093 -0.647467 0.000000 
-0.728488 0.685058 0.000000 0.798396 0.602132 0.000000 -0.032113 0.999484 0.000000 -0.310107 0.950702 0.000000 -0.790162 -0.612897 -0.000000 -0.997116 -0.075894 -0.000000 0.732698 -0.680554 0.000000 0.761823 -0.647785 0.000000 
-0.735624 0.677390 0.000000 0.798543 0.601938 0.000000 -0.029448 0.999566 0.000000 -0.305594 0.952162 0.000000 -0.791551 -0.611104 -0.000000 -0.997104 -0.076048 -0.000000 0.732998 -0.680230 0.000000 0.761405 -0.648277 0.000000 
-0.742435 0.669918 0.000000 0.798829 0.601558 0.000000 -0.026780 0.999641 0.000000 -0.301178 0.953568 0.000000 -0.793012 -0.609206 -0.000000 -0.997091 -0.076216 -0.000000 0.733351 -0.679850 0.000000 0.760934 -0.648829 0.000000 
-0.748977 0.662596 0.000000 0.798990 0.601345 0.000000 -0.024254 0.999706 0.000000 -0.296966 0.954888 0.000000 -0.794481 -0.607289 -0.000000 -0.997078 -0.076389 -0.000000 0.733692 -0.679482 0.000000 0.760491 -0.649349 0.000000 
