2.561152 2.703821 0.003635 2.625757 2.583338 0.003863 2.439483 2.477610 0.005068 2.371574 2.597745 0.004855 
2.561165 2.703821 0.003583 2.625777 2.583343 0.003816 2.439510 2.477603 0.004975 2.371593 2.597732 0.004756 
2.561163 2.703820 0.003711 2.625776 2.583341 0.003925 2.439508 2.477601 0.004975 2.371591 2.597731 0.004773 
2.561162 2.703818 0.003825 2.625774 2.583340 0.004024 2.439506 2.477599 0.004976 2.371589 2.597729 0.004790 
2.561146 2.703548 0.003296 2.625699 2.583039 0.003847 2.439381 2.477394 0.005344 2.371522 2.597557 0.004810 
2.561332 2.703553 0.003317 2.625921 2.583065 0.004234 2.439632 2.477361 0.005100 2.371738 2.597501 0.004187 
2.561384 2.703607 0.003543 2.625979 2.583122 0.004327 2.439694 2.477407 0.004930 2.371795 2.597545 0.004147 
2.561239 2.703547 0.003259 2.625801 2.583043 0.003873 2.439488 2.477382 0.004966 2.371621 2.597540 0.004362 
2.561231 2.703553 0.003418 2.625800 2.583053 0.003979 2.439494 2.477380 0.004968 2.371619 2.597533 0.004416 
2.561335 2.703558 0.003544 2.625917 2.583065 0.004228 2.439622 2.477370 0.004805 2.371735 2.597515 0.004122 
2.561356 2.703562 0.003678 2.625982 2.583094 0.004489 2.439726 2.477328 0.004769 2.371794 2.597448 0.003954 
2.561616 2.703519 0.003885 2.626257 2.583061 0.004990 2.440017 2.477268 0.004633 2.372071 2.597376 0.003512 
2.561618 2.703517 0.003985 2.626260 2.583058 0.004989 2.440020 2.477265 0.004665 2.372073 2.597374 0.003647 
2.561768 2.703460 0.004077 2.626423 2.583010 0.005304 2.440197 2.477193 0.004618 2.372238 2.597293 0.003369 
2.561760 2.703218 0.003577 2.626357 2.582740 0.005042 2.440079 2.477014 0.004996 2.372176 2.597143 0.003516 
2.561807 2.702852 0.003103 2.626349 2.582349 0.004916 2.440021 2.476712 0.005417 2.372174 2.596868 0.003593 
2.561824 2.703030 0.003470 2.626386 2.582534 0.005029 2.440075 2.476863 0.005065 2.372209 2.597012 0.003492 
2.561974 2.702978 0.003635 2.626544 2.582488 0.005350 2.440245 2.476799 0.004965 2.372370 2.596941 0.003228 
2.562098 2.702951 0.003780 2.626692 2.582476 0.005614 2.440419 2.476744 0.004881 2.372520 2.596870 0.003019 
2.562102 2.702947 0.003891 2.626698 2.582471 0.005558 2.440423 2.476739 0.004892 2.372523 2.596867 0.003199 
2.562110 2.702940 0.003993 2.626709 2.582464 0.005535 2.440436 2.476730 0.004894 2.372532 2.596858 0.003328 
2.562105 2.702822 0.003865 2.626677 2.582331 0.005394 2.440378 2.476642 0.005037 2.372501 2.596785 0.003489 
2.562108 2.702818 0.003970 2.626680 2.582326 0.005359 2.440381 2.476637 0.005033 2.372504 2.596782 0.003626 
2.562111 2.702815 0.004064 2.626684 2.582322 0.005327 2.440384 2.476633 0.005029 2.372506 2.596779 0.003750 
2.562113 2.702812 0.004149 2.626687 2.582318 0.005298 2.440387 2.476630 0.005027 2.372508 2.596776 0.003862 
2.562115 2.702810 0.004226 2.626689 2.582315 0.005272 2.440389 2.476626 0.005024 2.372510 2.596774 0.003964 
2.562117 2.702807 0.004295 2.626691 2.582312 0.005249 2.440392 2.476624 0.005023 2.372512 2.596771 0.004056 
2.562119 2.702805 0.004357 2.626694 2.582309 0.005228 2.440394 2.476621 0.005021 2.372514 2.596769 0.004139 
2.562121 2.702803 0.004414 2.626696 2.582307 0.005207 2.440396 2.476619 0.005018 2.372515 2.596767 0.004215 
2.562122 2.702801 0.004466 2.626697 2.582304 0.005185 2.440397 2.476616 0.005013 2.372517 2.596765 0.004285 
2.562124 2.702799 0.004513 2.626699 2.582302 0.005165 2.440399 2.476614 0.005008 2.372518 2.596763 0.004348 
2.562125 2.702797 0.004556 2.626701 2.582300 0.005146 2.440400 2.476612 0.005004 2.372520 2.596762 0.004406 
2.562126 2.702796 0.004595 2.626702 2.582299 0.005129 2.440402 2.476611 0.005000 2.372521 2.596760 0.004458 
2.562127 2.702794 0.004629 2.626703 2.582297 0.005114 2.440403 2.476609 0.004996 2.372522 2.596759 0.004505 
2.562396 2.702606 0.004401 2.626942 2.582096 0.005331 2.440617 2.476451 0.005001 2.372766 2.596616 0.004057 
2.562398 2.702604 0.004453 2.626944 2.582093 0.005292 2.440619 2.476449 0.004995 2.372768 2.596613 0.004144 
2.562563 2.702646 0.004587 2.627106 2.582133 0.005389 2.440780 2.476493 0.004747 2.372931 2.596659 0.003928 
2.562496 2.702768 0.004698 2.627040 2.582254 0.005240 2.440713 2.476614 0.004659 2.372864 2.596782 0.004104 
2.562577 2.702791 0.004873 2.627168 2.582302 0.005365 2.440884 2.476589 0.004464 2.372988 2.596730 0.003954 
2.562593 2.702777 0.004847 2.627175 2.582283 0.005320 2.440883 2.476584 0.004531 2.372996 2.596731 0.004042 
2.562596 2.702776 0.004857 2.627178 2.582282 0.005287 2.440885 2.476584 0.004572 2.372998 2.596730 0.004129 
2.562725 2.702790 0.004800 2.627304 2.582295 0.005308 2.441010 2.476600 0.004394 2.373126 2.596747 0.003868 
2.563679 2.702730 0.004398 2.627482 2.581822 0.004885 2.440509 2.477329 0.004691 2.373399 2.597911 0.004197 
2.563672 2.702681 0.004201 2.627473 2.581772 0.004669 2.440498 2.477283 0.004754 2.373390 2.597866 0.004283 
2.563669 2.702678 0.004277 2.627475 2.581771 0.004693 2.440503 2.477275 0.004769 2.373390 2.597856 0.004349 
2.563663 2.702638 0.004168 2.627593 2.581796 0.004520 2.440729 2.477108 0.004677 2.373492 2.597620 0.004325 
2.563661 2.702621 0.004080 2.627548 2.581757 0.004388 2.440647 2.477135 0.004680 2.373453 2.597671 0.004373 
2.566481 2.704968 0.004668 2.627948 2.582855 0.004606 2.439001 2.481977 0.003986 2.374221 2.603827 0.004040 
2.568968 2.706120 0.004652 2.628291 2.582951 0.004620 2.437610 2.485391 0.003902 2.374970 2.608355 0.003924 
2.569518 2.706093 0.004378 2.628235 2.582634 0.004312 2.437075 2.486013 0.003992 2.375041 2.609284 0.004054 
2.201633 2.760986 0.004791 2.338211 2.755141 0.006287 2.324991 2.538333 0.009880 2.187292 2.547305 0.008319 2.569480 2.706129 0.004410 2.628289 2.582714 0.004451 2.437202 2.485950 0.004092 2.375075 2.609174 0.004046 
2.201583 2.760893 0.004800 2.338212 2.756687 0.006980 2.327631 2.539704 0.007077 2.189842 2.547024 0.004875 2.569481 2.706129 0.004464 2.628290 2.582714 0.004500 2.437203 2.485950 0.004175 2.375076 2.609175 0.004134 
2.201555 2.760893 0.004814 2.338169 2.756687 0.007772 2.327586 2.539704 0.007842 2.189813 2.547024 0.004855 2.569842 2.705829 0.004956 2.628405 2.582296 0.004983 2.437126 2.485914 0.004254 2.375245 2.609262 0.004216 
2.202020 2.761007 0.004826 2.338601 2.756391 0.008564 2.327367 2.539441 0.008549 2.189636 2.547175 0.004776 2.571019 2.705272 0.006998 2.628817 2.581381 0.006614 2.436956 2.486195 0.004007 2.375839 2.609923 0.004356 
2.203322 2.760924 0.005011 2.339844 2.755453 0.009662 2.327255 2.538577 0.009482 2.189603 2.547173 0.004789 2.572657 2.704156 0.009701 2.629483 2.579816 0.009086 2.436914 2.486167 0.004094 2.376769 2.610369 0.004643 
2.204737 2.760802 0.006031 2.341189 2.754383 0.011479 2.327134 2.537601 0.010285 2.189574 2.547152 0.004802 2.574498 2.702824 0.013010 2.630223 2.577994 0.011613 2.436879 2.486122 0.004174 2.377833 2.610846 0.005477 
2.206059 2.760655 0.007575 2.342432 2.753327 0.013776 2.327007 2.536652 0.011036 2.189545 2.547119 0.004814 2.576143 2.701526 0.016553 2.630865 2.576267 0.014165 2.436845 2.486071 0.004246 2.378803 2.611251 0.006514 
2.207030 2.760502 0.009454 2.343329 2.752469 0.016373 2.326889 2.535900 0.011745 2.189517 2.547079 0.004825 2.577298 2.700476 0.020058 2.631287 2.574924 0.016663 2.436811 2.486019 0.004311 2.379502 2.611514 0.007562 
2.207698 2.760347 0.011479 2.343927 2.751784 0.019099 2.326781 2.535323 0.012434 2.189489 2.547035 0.004835 2.577960 2.699694 0.023481 2.631498 2.573979 0.019068 2.436779 2.485967 0.004371 2.379922 2.611639 0.008615 
2.208197 2.760181 0.013571 2.344360 2.751181 0.021848 2.326679 2.534839 0.013076 2.189462 2.546990 0.004844 2.578406 2.699005 0.026836 2.631616 2.573194 0.021364 2.436748 2.485915 0.004425 2.380221 2.611696 0.009706 
2.208606 2.759998 0.015707 2.344705 2.750608 0.024586 2.326583 2.534399 0.013661 2.189437 2.546943 0.004852 2.578749 2.698333 0.030132 2.631692 2.572462 0.023545 2.436722 2.485856 0.004475 2.380462 2.611705 0.010853 
2.193242 2.752378 0.014405 2.329808 2.754700 0.020248 2.329942 2.537609 0.012192 2.192065 2.538340 0.006407 2.580864 2.696798 0.031479 2.632574 2.570472 0.023889 2.436743 2.485897 0.004522 2.381716 2.612236 0.011907 
2.160992 2.734927 0.011710 2.296179 2.754586 0.016985 2.323677 2.539109 0.014285 2.186805 2.522314 0.008998 2.585237 2.694054 0.029525 2.634482 2.566797 0.021130 2.436858 2.485879 0.004560 2.384294 2.613210 0.012798 
2.135232 2.730665 0.030522 2.270707 2.748472 0.026150 2.294873 2.532727 0.018160 2.157757 2.517806 0.022687 2.587093 2.693319 0.025621 2.635486 2.565768 0.016749 2.437140 2.485839 0.004587 2.385426 2.613481 0.013370 
2.117754 2.738412 0.046793 2.253919 2.750238 0.043800 2.268536 2.533827 0.031715 2.130858 2.524953 0.034908 2.589173 2.692548 0.020718 2.636611 2.564605 0.012360 2.437590 2.485809 0.004650 2.386830 2.613864 0.012978 
2.108892 2.745818 0.051360 2.245186 2.755737 0.047421 2.256656 2.539194 0.034328 2.118894 2.532248 0.038491 2.588361 2.693591 0.015874 2.636357 2.565772 0.008909 2.437667 2.485884 0.004670 2.386349 2.613798 0.011641 
2.111932 2.754794 0.042964 2.248263 2.764821 0.041218 2.260012 2.548698 0.022606 2.122208 2.541636 0.024633 2.587260 2.694825 0.011233 2.636051 2.567245 0.005531 2.437879 2.485973 0.004695 2.385766 2.613625 0.010440 
2.121374 2.762014 0.031577 2.257658 2.772601 0.033695 2.270860 2.557094 0.009690 2.133083 2.549459 0.007891 2.586322 2.695501 0.009138 2.635819 2.568134 0.004954 2.438099 2.485766 0.004894 2.385279 2.613188 0.009118 
2.132492 2.762246 0.011378 2.268785 2.772211 0.015251 2.280917 2.555414 0.008504 2.143146 2.548425 0.004691 2.586180 2.695655 0.008226 2.635787 2.568305 0.004938 2.438132 2.485781 0.004905 2.385202 2.613184 0.008224 
2.132271 2.761469 0.006481 2.268535 2.771984 0.009882 2.281401 2.555132 0.008122 2.143650 2.547588 0.004713 2.586205 2.695663 0.007888 2.635795 2.568298 0.004929 2.438127 2.485804 0.004908 2.385214 2.613222 0.007896 
2.132655 2.761512 0.004968 2.268922 2.771745 0.009036 2.281304 2.554857 0.008831 2.143556 2.547599 0.004727 2.587409 2.694809 0.009760 2.636210 2.567170 0.005705 2.438034 2.485909 0.004816 2.385910 2.613621 0.008898 
2.134673 2.761571 0.006831 2.270992 2.770433 0.012167 2.281269 2.553445 0.010101 2.143498 2.547572 0.004742 2.590487 2.692211 0.015777 2.637365 2.563958 0.009184 2.437985 2.485814 0.004816 2.387786 2.614191 0.011410 
2.137837 2.761472 0.011605 2.274200 2.768107 0.018736 2.281211 2.551088 0.011861 2.143442 2.547464 0.004759 2.594205 2.688488 0.025003 2.638677 2.559610 0.014883 2.437910 2.485655 0.004827 2.390121 2.614724 0.014900 
2.140997 2.761064 0.018296 2.277328 2.765291 0.027553 2.281065 2.548510 0.013930 2.143374 2.547314 0.004777 2.597742 2.684007 0.036151 2.639795 2.554729 0.021713 2.437817 2.485463 0.004838 2.392453 2.615003 0.019174 
2.144114 2.760285 0.026214 2.280282 2.761832 0.038288 2.280741 2.545670 0.016668 2.143261 2.547171 0.004784 2.600358 2.679117 0.048837 2.640436 2.549863 0.029421 2.437709 2.485243 0.004852 2.394327 2.614824 0.024104 
2.147026 2.759256 0.034706 2.282896 2.757854 0.049785 2.280103 2.542739 0.019599 2.142971 2.547202 0.004804 2.602240 2.673527 0.062656 2.640695 2.544677 0.037978 2.437680 2.484966 0.004853 2.395935 2.614209 0.029294 
2.149941 2.757752 0.042822 2.285427 2.753415 0.060558 2.279658 2.539645 0.022313 2.142955 2.547051 0.004949 2.603558 2.667303 0.076341 2.640619 2.539227 0.046127 2.437630 2.484721 0.004869 2.397292 2.613259 0.034784 
2.153183 2.755992 0.050840 2.288230 2.748433 0.070720 2.279197 2.536331 0.024621 2.142984 2.546968 0.005203 2.604797 2.660053 0.089632 2.640568 2.533062 0.053806 2.437826 2.484178 0.004984 2.398793 2.611702 0.040457 
2.156044 2.753902 0.058644 2.290557 2.743218 0.080596 2.278675 2.533065 0.026854 2.143041 2.546829 0.005452 2.607588 2.646260 0.102457 2.642469 2.519997 0.063332 2.440551 2.476113 0.006929 2.402429 2.602973 0.045624 
2.157784 2.751599 0.066239 2.291647 2.738224 0.090563 2.278000 2.530224 0.029378 2.143047 2.546675 0.005689 2.612934 2.627024 0.116521 2.647190 2.500918 0.076349 2.446598 2.461134 0.012648 2.409126 2.587893 0.052295 
2.158435 2.748967 0.074086 2.291538 2.733234 0.101030 2.277180 2.527700 0.032158 2.143005 2.546496 0.005932 2.619184 2.608441 0.133142 2.653436 2.482554 0.092288 2.455079 2.446453 0.019977 2.417643 2.573045 0.060189 
2.158313 2.745935 0.082242 2.290524 2.727935 0.112009 2.276202 2.525249 0.035151 2.142927 2.546294 0.006187 2.622915 2.593707 0.151611 2.657442 2.468421 0.109173 2.461873 2.436436 0.027887 2.424200 2.562481 0.069570 
2.157339 2.742648 0.090209 2.288443 2.722485 0.123300 2.275058 2.522882 0.038604 2.142887 2.546066 0.006396 2.621157 2.581784 0.169299 2.656159 2.457435 0.124556 2.463419 2.429608 0.035366 2.425307 2.554766 0.079263 
2.155098 2.739225 0.097838 2.284861 2.717171 0.134784 2.273630 2.520788 0.042582 2.142782 2.545835 0.006589 2.614158 2.571990 0.186022 2.650074 2.448881 0.138650 2.460231 2.424795 0.042436 2.421237 2.548755 0.088885 
2.151436 2.735611 0.105268 2.279583 2.711908 0.146576 2.271798 2.518940 0.047093 2.142533 2.545604 0.006800 2.603869 2.564009 0.203454 2.641311 2.442444 0.153356 2.454865 2.421833 0.049960 2.414379 2.544284 0.099059 
2.147445 2.725520 0.100882 2.279214 2.692519 0.116299 2.233184 2.492122 0.046186 2.100804 2.528278 0.031615 2.595098 2.557073 0.220991 2.636114 2.436988 0.170127 2.456526 2.418608 0.054853 2.412530 2.539596 0.104556 
2.145710 2.702476 0.091350 2.276046 2.661593 0.096905 2.210410 2.459338 0.052420 2.079755 2.503479 0.047441 2.585673 2.552677 0.237001 2.629692 2.434541 0.184123 2.457620 2.421242 0.057269 2.410701 2.540335 0.108837 
2.137016 2.666515 0.084129 2.266507 2.623022 0.089612 2.196588 2.421759 0.047209 2.066846 2.468520 0.042274 2.574478 2.547804 0.252468 2.621383 2.431909 0.197169 2.457055 2.424788 0.059971 2.407332 2.541708 0.113836 
2.129589 2.625565 0.073957 2.257855 2.578702 0.080394 2.183188 2.379599 0.035939 2.054750 2.429731 0.030070 2.561826 2.541794 0.264810 2.612406 2.427988 0.208421 2.457926 2.426651 0.060058 2.404633 2.541544 0.114863 
2.118534 2.579752 0.047860 2.245334 2.530409 0.061155 2.167000 2.330691 0.026945 2.040094 2.383337 0.014008 2.545210 2.530612 0.271469 2.599622 2.418274 0.215707 2.454840 2.420221 0.057871 2.397818 2.533679 0.111907 
2.154444 2.552883 0.055904 2.259598 2.472387 0.089855 2.138706 2.299381 0.038396 2.034257 2.383100 0.004850 2.526962 2.517237 0.275813 2.586065 2.405311 0.224148 2.456118 2.408973 0.053919 2.394572 2.522040 0.103640 
2.201515 2.513282 0.068843 2.271603 2.404980 0.114101 2.107902 2.277259 0.050201 2.039462 2.388409 0.005415 2.502090 2.511450 0.284556 2.566809 2.401403 0.235659 2.452778 2.408440 0.054482 2.385791 2.519659 0.101250 
2.196796 2.493547 0.045312 2.287974 2.395151 0.071669 2.129977 2.247897 0.048283 2.040164 2.349322 0.022004 2.480827 2.505743 0.270335 2.547459 2.393793 0.228898 2.441421 2.393269 0.042797 2.372617 2.506300 0.081962 
2.184217 2.474908 0.020718 2.279682 2.380332 0.045852 2.124544 2.228312 0.041868 2.030362 2.325949 0.016550 2.464069 2.500021 0.259245 2.532320 2.385611 0.228551 2.433773 2.371547 0.038897 2.363442 2.486866 0.067165 
2.176559 2.467214 0.004023 2.271304 2.373587 0.034798 2.115663 2.222032 0.035569 2.022215 2.318703 0.004489 2.455535 2.496725 0.258034 2.524138 2.380299 0.237334 2.437432 2.357746 0.042781 2.366916 2.474980 0.060885 
2.176111 2.467605 0.005171 2.270027 2.374926 0.040953 2.114641 2.223108 0.040675 2.022026 2.318826 0.004554 2.444867 2.502068 0.263397 2.514191 2.385272 0.247819 2.432747 2.357053 0.051736 2.361579 2.474579 0.064648 
2.174513 2.466770 0.005455 2.267209 2.374144 0.044414 2.110906 2.223270 0.043920 2.019537 2.318921 0.004594 2.436958 2.510427 0.276931 2.507130 2.393791 0.264214 2.431210 2.363662 0.066209 2.359264 2.480999 0.076204 
2.174547 2.466022 0.005431 2.266002 2.373676 0.047833 2.108878 2.223657 0.047434 2.018773 2.319014 0.004631 2.433062 2.515894 0.289710 2.503333 2.398960 0.280860 2.433869 2.366325 0.080891 2.361916 2.483926 0.086953 
2.175267 2.465270 0.005074 2.265476 2.373323 0.050879 2.107529 2.224171 0.050906 2.018693 2.319112 0.004663 2.431150 2.519130 0.298861 2.500866 2.401628 0.294084 2.436953 2.365897 0.092797 2.365641 2.484027 0.094729 
2.175613 2.465071 0.004977 2.264786 2.373762 0.053972 2.106432 2.225041 0.054142 2.018648 2.319333 0.004675 2.428685 2.523032 0.304480 2.497896 2.405144 0.302943 2.438000 2.366638 0.100934 2.367256 2.485118 0.099583 
2.175858 2.464871 0.004975 2.264049 2.374270 0.056971 2.105404 2.225860 0.057200 2.018616 2.319433 0.004702 2.424121 2.528704 0.307444 2.493346 2.410823 0.308843 2.436722 2.369194 0.106510 2.366010 2.487622 0.102191 
2.175879 2.464985 0.004978 2.263233 2.375290 0.059879 2.104579 2.226890 0.060157 2.018636 2.319547 0.004727 2.418554 2.535034 0.308863 2.488033 2.417366 0.312963 2.434223 2.372554 0.110542 2.363296 2.490722 0.103493 
2.175560 2.465347 0.005041 2.262214 2.376710 0.062697 2.103815 2.228037 0.062961 2.018574 2.319630 0.004748 2.412620 2.541627 0.309559 2.482491 2.424304 0.316140 2.431240 2.376425 0.113758 2.359953 2.494200 0.104204 
2.174829 2.466105 0.005235 2.260951 2.378742 0.065571 2.103187 2.229397 0.065684 2.018474 2.319713 0.004769 2.407435 2.549839 0.310575 2.477993 2.433040 0.318893 2.430629 2.383936 0.115858 2.358704 2.501165 0.104542 
2.173767 2.467155 0.005885 2.259524 2.381020 0.068465 2.102685 2.230703 0.067979 2.018328 2.319794 0.004805 2.400209 2.557176 0.306316 2.471762 2.441101 0.316144 2.425912 2.389598 0.113356 2.353005 2.506061 0.100518 
2.172611 2.468305 0.006762 2.258154 2.383257 0.071096 2.102378 2.231845 0.069780 2.018221 2.319854 0.004848 2.393470 2.561510 0.300356 2.465703 2.445962 0.311348 2.419715 2.391891 0.109261 2.346119 2.507785 0.095257 
2.171600 2.469250 0.007420 2.257020 2.385026 0.072991 2.102083 2.232760 0.071118 2.018040 2.319949 0.004945 2.388855 2.563810 0.296389 2.461433 2.448556 0.308171 2.415157 2.392700 0.106636 2.341209 2.508272 0.091843 
2.171352 2.469456 0.007626 2.256553 2.385545 0.073879 2.101767 2.233129 0.071851 2.017942 2.320003 0.004991 2.387090 2.564816 0.296066 2.459678 2.449631 0.308450 2.413792 2.392946 0.107057 2.339839 2.508436 0.091659 
2.172552 2.469221 0.007491 2.257013 2.384561 0.073740 2.100845 2.233559 0.071828 2.017787 2.321170 0.004971 2.389267 2.569245 0.299594 2.461994 2.453910 0.309521 2.417265 2.402126 0.106555 2.343188 2.517837 0.093614 
2.175026 2.466643 0.006429 2.258249 2.380860 0.072799 2.099575 2.232483 0.071959 2.017802 2.321191 0.004965 2.388850 2.575534 0.297309 2.462623 2.460824 0.306734 2.419426 2.410173 0.103150 2.344315 2.525271 0.090708 
2.176211 2.465389 0.005551 2.259029 2.379032 0.071684 2.099170 2.231930 0.071727 2.017824 2.321199 0.004960 2.389527 2.576501 0.291087 2.463455 2.461806 0.299421 2.417950 2.411567 0.096239 2.342649 2.526655 0.084903 
2.176794 2.464838 0.005224 2.259700 2.377790 0.070332 2.099232 2.231353 0.070695 2.017805 2.321310 0.004958 2.391946 2.573480 0.287023 2.465507 2.458406 0.293073 2.416333 2.410187 0.090256 2.341351 2.525687 0.081233 
2.178054 2.463673 0.005098 2.261026 2.375005 0.067894 2.099271 2.229992 0.068373 2.017795 2.321564 0.004969 2.397778 2.566840 0.286498 2.470359 2.451033 0.289752 2.417882 2.406361 0.086950 2.343842 2.522652 0.080750 
2.179576 2.461953 0.004954 2.262579 2.371480 0.065078 2.099404 2.228067 0.065678 2.017917 2.321439 0.004969 2.406643 2.557850 0.285786 2.477877 2.441165 0.286155 2.424223 2.401727 0.082578 2.351525 2.518980 0.079279 
2.180128 2.460121 0.005492 2.263220 2.367847 0.062686 2.098938 2.225702 0.062706 2.017377 2.320874 0.004964 2.411449 2.544882 0.275219 2.481033 2.427236 0.272475 2.421948 2.391027 0.069804 2.350839 2.509296 0.069661 
2.177109 2.455256 0.005016 2.260351 2.361178 0.058960 2.094744 2.220580 0.059432 2.013051 2.317552 0.004964 2.412724 2.530736 0.260396 2.480579 2.412224 0.254033 2.413763 2.378802 0.053293 2.344289 2.497986 0.056833 
2.172765 2.454047 0.004990 2.256895 2.358611 0.055029 2.091078 2.218262 0.055489 2.008490 2.316600 0.004964 2.412147 2.518366 0.246279 2.478562 2.399348 0.235610 2.403675 2.369429 0.037180 2.335539 2.489173 0.045101 
2.167515 2.453714 0.004961 2.252623 2.356671 0.050006 2.086498 2.216685 0.050469 2.002928 2.316642 0.004986 2.412549 2.508757 0.235237 2.477624 2.389579 0.219378 2.395095 2.364697 0.023297 2.328201 2.484677 0.036493 
2.165732 2.453559 0.004963 2.251057 2.354516 0.044963 2.083723 2.215978 0.045551 1.999952 2.317932 0.005159 2.417317 2.500847 0.228103 2.480751 2.381552 0.207252 2.393014 2.362991 0.012739 2.327702 2.483179 0.030997 
2.165941 2.453464 0.004971 2.251459 2.353708 0.042724 2.083849 2.215503 0.043091 1.999886 2.318173 0.004971 2.422991 2.494959 0.229973 2.485852 2.375558 0.208023 2.399253 2.359966 0.012740 2.334537 2.480304 0.032098 
2.166614 2.452622 0.004945 2.251943 2.352123 0.041122 2.083689 2.214704 0.041496 1.999926 2.318113 0.004967 2.425987 2.488643 0.231101 2.488270 2.369084 0.208382 2.402172 2.355517 0.012727 2.338047 2.476044 0.032855 
2.168412 2.450229 0.005947 2.252634 2.348068 0.040001 2.082589 2.212873 0.039327 1.999968 2.317927 0.004957 2.427521 2.481434 0.232767 2.488996 2.361752 0.208540 2.403002 2.351349 0.012646 2.339693 2.472045 0.034293 
2.168542 2.448775 0.007429 2.252689 2.346132 0.040190 2.082515 2.211115 0.038001 1.999971 2.316655 0.004957 2.427727 2.474683 0.233600 2.488831 2.354955 0.208676 2.403039 2.346100 0.012618 2.340108 2.466865 0.034966 
2.164960 2.447361 0.006500 2.250084 2.344827 0.037004 2.080595 2.208939 0.035744 1.997056 2.314381 0.004965 2.430198 2.469993 0.235511 2.491204 2.350597 0.208816 2.405699 2.344896 0.012515 2.342871 2.465371 0.036648 
2.155819 2.447277 0.004953 2.241906 2.344183 0.030460 2.072524 2.208160 0.031456 1.988012 2.314168 0.005690 2.433260 2.464415 0.238526 2.493472 2.345600 0.207749 2.406193 2.346107 0.012148 2.344141 2.466085 0.040413 
2.152891 2.447073 0.004962 2.239920 2.344184 0.027975 2.071374 2.207132 0.029473 1.985898 2.312948 0.006219 2.434558 2.462712 0.239750 2.495188 2.344572 0.207245 2.407160 2.347153 0.011996 2.344675 2.466479 0.042011 
2.149034 2.446608 0.004966 2.236991 2.344143 0.026284 2.069319 2.206047 0.029330 1.982895 2.311450 0.007765 2.435518 2.461463 0.240154 2.496392 2.343740 0.206605 2.407260 2.347161 0.011871 2.344514 2.466078 0.042947 
2.146250 2.446302 0.004969 2.234887 2.344158 0.024966 2.067893 2.205270 0.029077 1.980773 2.310360 0.008830 2.436289 2.460417 0.240483 2.497338 2.343027 0.206097 2.407337 2.347140 0.011777 2.344400 2.465730 0.043704 
2.145362 2.445753 0.004970 2.234207 2.343584 0.023888 2.067388 2.204484 0.027923 1.980055 2.309604 0.008767 2.438009 2.459748 0.241843 2.499109 2.342736 0.206280 2.409754 2.349187 0.011725 2.346775 2.467429 0.044838 
2.145352 2.445716 0.004969 2.234698 2.343868 0.023247 2.068611 2.203860 0.025805 1.980762 2.308667 0.007315 2.437891 2.460666 0.243047 2.499882 2.344327 0.206824 2.411800 2.352080 0.011736 2.347941 2.469662 0.045508 
2.145308 2.445670 0.004970 2.235284 2.344269 0.022635 2.070151 2.203116 0.023319 1.981652 2.307488 0.005475 2.436548 2.459560 0.243736 2.499261 2.343724 0.207142 2.411922 2.352086 0.011746 2.347345 2.469168 0.045888 
2.144785 2.445546 0.004980 2.234757 2.343868 0.020999 2.069472 2.202892 0.021238 1.980980 2.307541 0.005062 2.437447 2.456795 0.244740 2.499986 2.341333 0.206697 2.412179 2.351945 0.011620 2.347771 2.468682 0.047229 
2.142228 2.445497 0.004981 2.231987 2.343294 0.018686 2.066121 2.203006 0.019931 1.977852 2.308175 0.006077 2.439412 2.453598 0.245662 2.501212 2.338353 0.205798 2.412216 2.351748 0.011432 2.348536 2.468306 0.048890 
2.140558 2.446052 0.004981 2.229830 2.343071 0.015717 2.063050 2.203881 0.017751 1.975285 2.309821 0.006884 2.443987 2.449750 0.247598 2.504732 2.334900 0.205062 2.415514 2.353371 0.011215 2.352896 2.469603 0.051379 
2.140624 2.445993 0.004982 2.229432 2.342384 0.013234 2.061888 2.204123 0.015829 1.974602 2.310684 0.007461 2.448441 2.445764 0.248787 2.508440 2.331237 0.204363 2.418843 2.353132 0.011048 2.356973 2.469087 0.053126 
2.140864 2.445915 0.004983 2.229518 2.342067 0.011770 2.061712 2.204130 0.014609 1.974586 2.310926 0.007717 2.451241 2.443330 0.249470 2.510948 2.329095 0.203916 2.421073 2.352900 0.010956 2.359494 2.468589 0.054180 
2.140957 2.445892 0.004984 2.229584 2.342015 0.011672 2.061739 2.204126 0.014534 1.974641 2.310952 0.007742 2.451566 2.443131 0.249553 2.511283 2.328927 0.203933 2.421472 2.352880 0.010961 2.359885 2.468539 0.054251 
2.140971 2.445964 0.004995 2.229713 2.342238 0.012449 2.062049 2.204124 0.015111 1.974832 2.310801 0.007549 2.450886 2.443938 0.249398 2.510735 2.329588 0.204320 2.421443 2.352892 0.011028 2.359729 2.468688 0.053767 
2.141041 2.446009 0.004986 2.229862 2.342384 0.012879 2.062322 2.204117 0.015435 1.975023 2.310695 0.007430 2.450506 2.444539 0.249266 2.510467 2.330110 0.204538 2.421432 2.352922 0.011069 2.359609 2.468791 0.053451 
2.141048 2.446029 0.004985 2.229874 2.342410 0.012908 2.062343 2.204133 0.015455 1.975039 2.310704 0.007420 2.450488 2.444573 0.249258 2.510452 2.330137 0.204554 2.421436 2.352920 0.011073 2.359610 2.468796 0.053431 
2.141048 2.446029 0.004984 2.229874 2.342410 0.012908 2.062343 2.204133 0.015454 1.975039 2.310704 0.007418 2.450486 2.444574 0.249259 2.510451 2.330137 0.204556 2.421436 2.352920 0.011074 2.359610 2.468796 0.053432 
2.141051 2.446032 0.004983 2.229878 2.342414 0.012908 2.062348 2.204136 0.015451 1.975043 2.310707 0.007414 2.450487 2.444574 0.249262 2.510453 2.330138 0.204559 2.421442 2.352920 0.011076 2.359614 2.468796 0.053432 
2.141055 2.446036 0.004982 2.229882 2.342418 0.012908 2.062352 2.204139 0.015448 1.975047 2.310710 0.007410 2.450487 2.444575 0.249264 2.510455 2.330139 0.204563 2.421449 2.352921 0.011077 2.359619 2.468796 0.053433 
2.141050 2.446210 0.004988 2.229709 2.342406 0.012336 2.061950 2.204395 0.014272 1.974818 2.311150 0.006826 2.451793 2.444300 0.250310 2.511618 2.330070 0.204897 2.423943 2.355041 0.011074 2.362276 2.470740 0.054143 
2.140582 2.446194 0.004987 2.229160 2.342243 0.011139 2.061262 2.204398 0.012771 1.974213 2.311299 0.006537 2.452643 2.442405 0.250968 2.512229 2.328437 0.204593 2.424589 2.355212 0.010995 2.363164 2.470673 0.055039 
2.138733 2.446172 0.004986 2.227255 2.342099 0.009742 2.059239 2.204404 0.011817 1.972249 2.311425 0.006987 2.453432 2.440383 0.251515 2.512703 2.326677 0.204106 2.424640 2.355117 0.010938 2.363527 2.470338 0.056033 
2.136785 2.446156 0.004985 2.225201 2.341943 0.008432 2.057021 2.204460 0.011146 1.970140 2.311620 0.007628 2.454341 2.438542 0.251984 2.513239 2.325050 0.203607 2.424687 2.355031 0.010897 2.363943 2.470057 0.056975 
2.135519 2.446148 0.004985 2.223852 2.341837 0.007515 2.055556 2.204505 0.010667 1.968760 2.311761 0.008068 2.454966 2.437317 0.252284 2.513631 2.323984 0.203254 2.424723 2.354977 0.010867 2.364210 2.469857 0.057610 
2.135132 2.446147 0.004984 2.223292 2.341673 0.006584 2.054771 2.204611 0.009433 1.968152 2.312029 0.007778 2.456432 2.435706 0.253171 2.514851 2.322600 0.203331 2.426912 2.355763 0.010861 2.366661 2.470445 0.058420 
2.134055 2.446079 0.005614 2.221984 2.341399 0.004980 2.053172 2.204679 0.006993 1.966792 2.312300 0.007605 2.457640 2.431328 0.254372 2.515514 2.318812 0.202595 2.427529 2.355555 0.010797 2.367829 2.469693 0.060321 
2.131240 2.446279 0.008397 2.218777 2.341324 0.004981 2.049518 2.205161 0.007132 1.963539 2.313050 0.010551 2.459149 2.425862 0.255644 2.516143 2.314110 0.201305 2.427541 2.355300 0.010699 2.368719 2.468731 0.062827 
2.128156 2.446175 0.010290 2.215629 2.341247 0.004981 2.046374 2.205089 0.007710 1.960460 2.312952 0.013031 2.460475 2.422165 0.256389 2.516852 2.310989 0.200251 2.427574 2.355132 0.010623 2.369367 2.468023 0.064582 
2.127308 2.445932 0.011211 2.215017 2.341252 0.004983 2.046130 2.204647 0.008144 1.959972 2.312267 0.014387 2.461657 2.420985 0.256501 2.517944 2.310182 0.199543 2.427653 2.355093 0.010577 2.369520 2.467619 0.065373 
2.130675 2.446199 0.011254 2.218130 2.341308 0.004983 2.048898 2.205122 0.007788 1.963003 2.312948 0.014079 2.466844 2.420077 0.257988 2.522830 2.309390 0.200510 2.433758 2.356163 0.011417 2.375948 2.468599 0.066736 
2.142673 2.446627 0.007215 2.230232 2.341660 0.004983 2.060938 2.205523 0.004847 1.974938 2.313426 0.007101 2.471897 2.424234 0.264059 2.529842 2.312983 0.209697 2.447376 2.357778 0.017160 2.387682 2.470755 0.069284 
2.146469 2.446646 0.004971 2.234006 2.341638 0.005513 2.064672 2.205551 0.005512 1.978694 2.313494 0.004964 2.471686 2.430181 0.271431 2.532169 2.318052 0.221845 2.457631 2.358540 0.025166 2.395489 2.472341 0.072408 
2.145823 2.447467 0.005471 2.233833 2.342880 0.007858 2.065136 2.206005 0.007344 1.978673 2.313533 0.004941 2.464648 2.438509 0.282823 2.527877 2.326691 0.236039 2.458566 2.364502 0.036931 2.393726 2.477951 0.081308 
2.144651 2.448781 0.008191 2.233385 2.344892 0.012998 2.065780 2.206718 0.009747 1.978571 2.313561 0.004940 2.455412 2.446058 0.294676 2.521087 2.334706 0.250206 2.456193 2.370371 0.049222 2.388948 2.483317 0.091235 
2.142249 2.448029 0.011160 2.231494 2.344820 0.019699 2.064946 2.205468 0.013658 1.977205 2.311641 0.005123 2.446120 2.450656 0.305641 2.513558 2.339223 0.264112 2.454237 2.372683 0.061038 2.385291 2.485680 0.100052 
2.141410 2.447934 0.012010 2.230766 2.345316 0.025233 2.064914 2.205183 0.018191 1.977051 2.310770 0.004942 2.438698 2.454967 0.313713 2.507632 2.342453 0.277955 2.456228 2.370189 0.071882 2.385885 2.484195 0.105026 1.136434 1.336085 0.020582 1.190508 1.308100 0.046055 1.199180 1.322474 0.043437 1.145106 1.350459 0.017964 
2.139155 2.449196 0.014734 2.229372 2.348096 0.032886 2.065711 2.205571 0.023122 1.976948 2.309660 0.004934 2.427989 2.460489 0.320256 2.498407 2.347498 0.289206 2.452498 2.369814 0.081187 2.380735 2.484225 0.109549 1.139954 1.327067 0.043873 1.192808 1.299681 0.072379 1.201503 1.314100 0.070108 1.148650 1.341485 0.041602 
2.136842 2.447871 0.017108 2.227600 2.348394 0.040713 2.066136 2.203563 0.028597 1.976795 2.306045 0.004938 2.414293 2.469692 0.327451 2.486872 2.356878 0.301087 2.446293 2.373519 0.091435 2.372425 2.487669 0.115042 1.137258 1.314977 0.061732 1.190540 1.288122 0.089943 1.199130 1.302572 0.087476 1.145848 1.329427 0.059265 
2.134585 2.445034 0.018908 2.225515 2.347330 0.048497 2.066191 2.200303 0.034618 1.976647 2.301026 0.004943 2.399061 2.480885 0.335657 2.474119 2.368558 0.314708 2.439960 2.378850 0.103509 2.363681 2.492416 0.121627 1.141034 1.300550 0.069348 1.194847 1.274416 0.097225 1.203233 1.288972 0.094682 1.149420 1.315106 0.066804 
2.131979 2.442197 0.020432 2.222935 2.346711 0.056478 2.066138 2.197137 0.041122 1.976532 2.295657 0.004947 2.382739 2.492735 0.345048 2.460233 2.381083 0.330273 2.433791 2.384545 0.117748 2.355163 2.497332 0.129614 1.153290 1.285192 0.066301 1.207879 1.260214 0.093725 1.215846 1.275033 0.091363 1.161257 1.300011 0.063939 
2.128827 2.439531 0.021905 2.219611 2.346793 0.064891 2.065853 2.194245 0.048114 1.976378 2.290033 0.004953 2.364887 2.504918 0.354806 2.444608 2.394136 0.346951 2.427011 2.390247 0.133520 2.346262 2.502050 0.138384 1.172039 1.269349 0.056506 1.227535 1.245930 0.083483 1.234910 1.261105 0.081486 1.179414 1.284524 0.054508 
2.125628 2.435831 0.023476 2.215592 2.346076 0.073878 2.064885 2.190685 0.055585 1.976194 2.283502 0.004960 2.344698 2.517141 0.364419 2.426339 2.407485 0.364213 2.418760 2.395819 0.150475 2.336216 2.506373 0.147611 1.195542 1.253469 0.045092 1.252048 1.232304 0.071833 1.258637 1.247883 0.070241 1.202131 1.269048 0.043499 
2.122307 2.430332 0.024817 2.210631 2.344060 0.083518 2.063057 2.185842 0.063954 1.975978 2.275182 0.004967 2.321848 2.529414 0.373557 2.404888 2.421149 0.382089 2.408804 2.400845 0.168898 2.325013 2.509871 0.157220 1.219764 1.237263 0.036211 1.277119 1.218827 0.063165 1.282858 1.234764 0.061854 1.225503 1.253200 0.034900 
2.118594 2.423533 0.025676 2.204546 2.341524 0.093326 2.060452 2.180225 0.072986 1.975719 2.265306 0.004976 2.295593 2.543156 0.381531 2.379634 2.436848 0.399575 2.396343 2.407528 0.188060 2.311725 2.514447 0.166800 1.241026 1.221220 0.029692 1.298863 1.205372 0.057254 1.303860 1.221568 0.056081 1.246022 1.237416 0.028520 
2.112519 2.420005 0.026361 2.196525 2.342785 0.101660 2.057065 2.177541 0.080708 1.974230 2.257842 0.004984 2.267812 2.558622 0.385177 2.352984 2.454850 0.411002 2.380273 2.418373 0.201712 2.294665 2.522630 0.172628 1.258296 1.208308 0.021903 1.316170 1.194462 0.050449 1.320605 1.210829 0.049396 1.262731 1.224675 0.020850 
2.101171 2.419595 0.025255 2.184226 2.346171 0.105259 2.048166 2.177974 0.085483 1.966243 2.254484 0.004993 2.242160 2.574950 0.383691 2.328819 2.473794 0.414472 2.362195 2.432293 0.207008 2.275173 2.533837 0.172946 1.271037 1.201759 0.011120 1.328637 1.189016 0.040714 1.332696 1.205495 0.039910 1.275096 1.218238 0.010316 
2.088396 2.422270 0.023562 2.171079 2.351893 0.106631 2.037660 2.181403 0.088573 1.956075 2.254869 0.004964 2.220013 2.591915 0.381035 2.308763 2.493148 0.413566 2.344383 2.449928 0.206827 2.255282 2.549034 0.171009 1.277270 1.198329 0.005889 1.334654 1.186047 0.036090 1.338538 1.202574 0.035432 1.281154 1.214856 0.005230 
2.080268 2.423886 0.022202 2.161901 2.355653 0.108052 2.029570 2.184176 0.091388 1.949028 2.255492 0.004952 2.201736 2.607913 0.377612 2.292243 2.511321 0.411791 2.330052 2.466554 0.205771 2.239209 2.563443 0.168299 1.280890 1.195260 0.008220 1.338119 1.183609 0.038962 1.341892 1.200157 0.038210 1.284663 1.211808 0.007468 
2.077344 2.425159 0.021421 2.157354 2.358730 0.110164 2.025537 2.186782 0.094291 1.946628 2.256284 0.004923 2.189275 2.620280 0.373592 2.280421 2.525270 0.410406 2.321366 2.477777 0.205600 2.229922 2.573028 0.165485 1.285054 1.193762 0.012879 1.342105 1.182937 0.044247 1.345753 1.199506 0.043329 1.288702 1.210331 0.011961 
2.076543 2.426566 0.020885 2.154980 2.361409 0.111945 2.023086 2.189466 0.096673 1.945765 2.257684 0.004956 2.182396 2.628478 0.370466 2.273099 2.534279 0.410333 2.317524 2.483535 0.207037 2.226577 2.577920 0.163860 1.287819 1.193238 0.020096 1.344635 1.183256 0.052163 1.348203 1.199826 0.050999 1.291387 1.209808 0.018932 
2.077467 2.426020 0.020232 2.154014 2.361649 0.113435 2.020941 2.190557 0.098843 1.945546 2.257969 0.004954 2.178531 2.634160 0.369431 2.268292 2.540306 0.412140 2.316226 2.486815 0.210351 2.226281 2.580814 0.164326 1.288389 1.193461 0.028999 1.344879 1.184236 0.061859 1.348435 1.200785 0.060392 1.291945 1.210010 0.027532 
2.078671 2.425173 0.019681 2.153457 2.361382 0.114696 2.019059 2.191282 0.100669 1.945461 2.258093 0.004942 2.175981 2.638196 0.369468 2.264697 2.544447 0.414529 2.315652 2.488799 0.214067 2.226806 2.582660 0.165688 1.286544 1.193951 0.038640 1.342612 1.185342 0.072378 1.346229 1.201844 0.070578 1.290161 1.210454 0.036841 
2.079591 2.424483 0.019275 2.152943 2.361233 0.115757 2.017546 2.191892 0.102155 1.945410 2.258148 0.004941 2.173363 2.641340 0.369636 2.261052 2.547751 0.416981 2.314853 2.489914 0.217888 2.227084 2.583581 0.167222 1.283151 1.194291 0.047854 1.338719 1.186184 0.082531 1.342444 1.202624 0.080405 1.286877 1.210731 0.045728 
2.081568 2.423900 0.019690 2.152835 2.361378 0.118188 2.016705 2.192659 0.104178 1.946684 2.258170 0.004934 2.169794 2.645211 0.370268 2.256249 2.551944 0.420433 2.314573 2.492338 0.223144 2.228116 2.585656 0.169655 1.246243 1.208649 0.034819 1.309853 1.203129 0.051533 1.311844 1.219877 0.049487 1.248234 1.225397 0.032773 
2.087238 2.422838 0.021167 2.154545 2.362247 0.123579 2.018400 2.193668 0.108116 1.952376 2.257227 0.004941 2.163678 2.651062 0.369142 2.247835 2.558711 0.424628 2.313965 2.495070 0.231097 2.229940 2.587404 0.172291 1.248588 1.230446 0.020411 1.314067 1.229938 0.028678 1.314249 1.246922 0.028279 1.248771 1.247431 0.020012 
2.091062 2.421462 0.022396 2.154051 2.362659 0.128530 2.017055 2.194886 0.111859 1.955403 2.256630 0.004945 2.155054 2.659637 0.367946 2.237491 2.568247 0.427459 2.310799 2.502742 0.237162 2.228614 2.594079 0.174336 1.276242 1.252723 0.005618 1.341168 1.263952 0.009436 1.338223 1.280658 0.010369 1.273298 1.269430 0.006551 
2.093249 2.419343 0.024647 2.151845 2.360774 0.133394 2.012432 2.195247 0.114464 1.955249 2.256723 0.004943 2.145093 2.670215 0.366501 2.227529 2.579646 0.427259 2.304784 2.515308 0.238130 2.222657 2.605833 0.174063 1.298586 1.273566 0.007016 1.361249 1.294197 0.008968 1.355914 1.310237 0.010679 1.293252 1.289606 0.008728 
2.095351 2.417554 0.025473 2.150095 2.360008 0.136745 2.008562 2.196390 0.116970 1.955298 2.256806 0.004912 2.136306 2.680230 0.366057 2.217351 2.590976 0.430518 2.300781 2.524657 0.244725 2.220146 2.613826 0.176967 1.318077 1.290301 0.016357 1.378549 1.316637 0.018717 1.371747 1.332074 0.020743 1.311275 1.305738 0.018383 
2.096084 2.416905 0.025908 2.147457 2.361142 0.139667 2.005053 2.198331 0.119485 1.955204 2.256935 0.004922 2.127137 2.689932 0.366865 2.207085 2.601719 0.434070 2.295836 2.534704 0.251013 2.216386 2.622812 0.180523 1.332883 1.308688 0.024376 1.391953 1.337626 0.029794 1.384376 1.352632 0.032254 1.325306 1.323695 0.026836 
2.096006 2.417276 0.024148 2.145944 2.363913 0.139683 2.003555 2.200874 0.121311 1.955156 2.257059 0.004929 2.118302 2.701966 0.365795 2.198208 2.615534 0.435325 2.291328 2.548096 0.254608 2.211984 2.634399 0.181806 1.345474 1.333880 0.022491 1.403229 1.363671 0.034016 1.395086 1.378255 0.037125 1.337331 1.348463 0.025600 
2.095409 2.417921 0.022808 2.144687 2.366317 0.139420 2.002767 2.202721 0.122428 1.955027 2.257138 0.004938 2.111043 2.711243 0.362844 2.191503 2.626406 0.433687 2.287022 2.558867 0.254266 2.207153 2.643558 0.180155 1.350658 1.352884 0.015434 1.407555 1.382065 0.031779 1.399166 1.396384 0.035418 1.342268 1.367203 0.019073 
2.094887 2.418525 0.021624 2.143733 2.368391 0.139057 2.002291 2.204259 0.123279 1.954982 2.257200 0.004944 2.105052 2.718932 0.360009 2.186170 2.635481 0.431743 2.283579 2.568266 0.253217 2.203072 2.651562 0.178221 1.352077 1.375371 0.006194 1.408276 1.403226 0.026732 1.399711 1.417196 0.031220 1.343512 1.389342 0.010682 
2.094846 2.418648 0.021143 2.143298 2.369196 0.139027 2.001890 2.204989 0.123742 1.954978 2.257241 0.004944 2.101131 2.724329 0.357940 2.182929 2.641877 0.430057 2.281531 2.575352 0.251929 2.200355 2.657648 0.176551 1.351476 1.379864 0.004968 1.407624 1.408847 0.024030 1.398909 1.422668 0.028688 1.342761 1.393685 0.009625 
2.095663 2.417955 0.021090 2.143915 2.368264 0.138956 2.001695 2.204755 0.123724 1.954995 2.257239 0.004944 2.101081 2.726460 0.357622 2.183363 2.644149 0.429347 2.281753 2.578380 0.250820 2.200084 2.660546 0.175833 1.351915 1.378035 0.004983 1.407297 1.411410 0.018212 1.398058 1.424804 0.023100 1.342676 1.391430 0.009871 
2.096817 2.416869 0.021596 2.144896 2.366312 0.139164 2.001510 2.203874 0.123415 1.955002 2.257217 0.004943 2.104140 2.724947 0.360627 2.186526 2.641808 0.431270 2.283887 2.577264 0.251735 2.202100 2.660283 0.177826 1.352116 1.375546 0.004989 1.406864 1.410982 0.015135 1.397395 1.424206 0.020045 1.342647 1.388770 0.009899 
2.097838 2.415869 0.022237 2.146032 2.364180 0.139265 2.001631 2.202709 0.122859 1.955020 2.257181 0.004942 2.107829 2.721751 0.365538 2.190182 2.637506 0.434897 2.286612 2.574683 0.254252 2.204844 2.658845 0.181623 1.352101 1.367612 0.004993 1.406883 1.403349 0.013812 1.397424 1.416782 0.018141 1.342641 1.381045 0.009322 
2.098697 2.415033 0.023063 2.147207 2.362015 0.139363 2.001992 2.201363 0.122114 1.955075 2.257165 0.004943 2.111764 2.717366 0.370191 2.194047 2.632030 0.438287 2.289540 2.570855 0.256583 2.207829 2.656141 0.185213 1.351430 1.347991 0.004965 1.406936 1.382933 0.012325 1.397744 1.396906 0.015309 1.342238 1.361965 0.007949 
2.099185 2.414540 0.023389 2.147896 2.360839 0.139290 2.002205 2.200656 0.121706 1.955090 2.257142 0.004943 2.115180 2.713483 0.373414 2.197203 2.627261 0.440703 2.292075 2.567035 0.258358 2.210618 2.653230 0.187794 1.345263 1.332425 0.004976 1.401592 1.366379 0.010475 1.392738 1.380727 0.012574 1.336410 1.346773 0.007075 
2.099404 2.414458 0.023632 2.148254 2.360408 0.139314 2.002468 2.200338 0.121480 1.955216 2.257174 0.004942 2.116344 2.711831 0.374688 2.198341 2.625316 0.441632 2.292973 2.565551 0.259010 2.211540 2.652049 0.188791 1.335523 1.322581 0.004986 1.392543 1.355623 0.008585 1.383987 1.370203 0.010282 1.326967 1.337161 0.006683 
2.099549 2.414349 0.023616 2.148403 2.360232 0.139264 2.002489 2.200277 0.121444 1.955235 2.257179 0.004940 2.116734 2.711568 0.374683 2.198731 2.625015 0.441579 2.293289 2.565272 0.258912 2.211854 2.651808 0.188740 1.327260 1.317598 0.004986 1.384765 1.349901 0.007362 1.376430 1.364628 0.008885 1.318925 1.332324 0.006509 
2.099549 2.414350 0.023615 2.148401 2.360234 0.139264 2.002488 2.200279 0.121444 1.955235 2.257180 0.004939 2.116360 2.711993 0.374336 2.198427 2.625554 0.441293 2.293029 2.565757 0.258666 2.211523 2.652176 0.188434 1.322200 1.315044 0.004986 1.379959 1.346938 0.006645 1.371744 1.361740 0.008088 1.313986 1.329846 0.006429 
2.099549 2.414350 0.023613 2.148400 2.360236 0.139263 2.002487 2.200281 0.121445 1.955235 2.257180 0.004938 2.115967 2.712437 0.373975 2.198109 2.626117 0.440993 2.292757 2.566263 0.258409 2.211177 2.652562 0.188115 1.320415 1.313777 0.004986 1.378221 1.345603 0.006231 1.370032 1.360423 0.007631 1.312225 1.328597 0.006387 
2.099548 2.414351 0.023611 2.148399 2.360238 0.139263 2.002486 2.200282 0.121444 1.955235 2.257180 0.004937 2.115880 2.712536 0.373892 2.198037 2.626243 0.440926 2.292696 2.566376 0.258351 2.211100 2.652647 0.188043 1.320344 1.313203 0.004986 1.378113 1.345104 0.006042 1.369907 1.359918 0.007414 1.312139 1.328017 0.006359 
2.099496 2.414440 0.023564 2.148259 2.360473 0.139321 2.002414 2.200451 0.121551 1.955250 2.257202 0.004937 2.115155 2.713850 0.374418 2.197658 2.627654 0.441151 2.292741 2.569006 0.258401 2.210802 2.655197 0.188393 1.320280 1.313256 0.004990 1.378043 1.345169 0.005962 1.369838 1.359977 0.007398 1.312075 1.328064 0.006426 
2.098538 2.415286 0.023426 2.147467 2.361689 0.139285 2.002314 2.201023 0.121659 1.954973 2.257410 0.004940 2.112093 2.716135 0.375306 2.195702 2.630208 0.441002 2.290461 2.573818 0.257376 2.207402 2.659770 0.188402 1.320283 1.312156 0.004957 1.377188 1.345591 0.005051 1.368583 1.360235 0.005462 1.311678 1.326801 0.005368 
2.096010 2.417387 0.024235 2.145343 2.364018 0.140027 2.002162 2.201680 0.121603 1.954385 2.257860 0.004963 2.105316 2.718769 0.379841 2.191556 2.633218 0.442560 2.284685 2.582442 0.256478 2.198946 2.668095 0.190476 1.297615 1.325527 0.005165 1.354435 1.359105 0.004989 1.345792 1.373731 0.005162 1.288972 1.340153 0.005338 
