0.000659 -0.007395 0.999972 -0.000159 -0.000013 1.000000 -0.000204 -0.000019 1.000000 0.000494 -0.007411 0.999972 
0.000596 -0.006694 0.999977 -0.000142 -0.000012 1.000000 -0.000183 -0.000017 1.000000 0.000447 -0.006708 0.999977 
0.000529 -0.005943 0.999982 -0.000415 -0.000035 1.000000 -0.000451 -0.000041 1.000000 0.000397 -0.005962 0.999982 
0.000398 -0.004464 0.999990 -0.000670 -0.000057 1.000000 -0.000697 -0.000063 1.000000 0.000299 -0.004486 0.999990 
0.000443 -0.004925 0.999988 -0.001119 -0.000096 0.999999 -0.001149 -0.000105 0.999999 0.000334 -0.004958 0.999988 
0.000399 -0.004437 0.999990 -0.001019 -0.000087 0.999999 -0.001045 -0.000096 0.999999 0.000301 -0.004467 0.999990 
0.000290 -0.003226 0.999995 -0.001263 -0.000108 0.999999 -0.001282 -0.000118 0.999999 0.000220 -0.003260 0.999995 
0.000262 -0.002905 0.999996 -0.002013 -0.000173 0.999998 -0.002030 -0.000187 0.999998 0.000200 -0.002955 0.999996 
0.000079 -0.000866 1.000000 -0.003079 -0.000267 0.999995 -0.003083 -0.000287 0.999995 0.000064 -0.000936 1.000000 
-0.000598 0.006460 0.999979 -0.001503 -0.000133 0.999999 -0.001463 -0.000138 0.999999 -0.000451 0.006437 0.999979 
-0.000833 0.008974 0.999959 -0.000942 -0.000083 1.000000 -0.000887 -0.000084 1.000000 -0.000631 0.008968 0.999960 
-0.000812 0.008714 0.999962 -0.000777 -0.000069 1.000000 -0.000723 -0.000069 1.000000 -0.000616 0.008712 0.999962 
-0.001237 0.013229 0.999912 -0.000929 -0.000083 1.000000 -0.000848 -0.000081 1.000000 -0.000940 0.013231 0.999912 
-0.001124 0.012025 0.999927 -0.000840 -0.000075 1.000000 -0.000766 -0.000073 1.000000 -0.000854 0.012026 0.999927 
-0.001022 0.010936 0.999940 -0.000761 -0.000068 1.000000 -0.000694 -0.000066 1.000000 -0.000777 0.010937 0.999940 
-0.000930 0.009951 0.999950 -0.000691 -0.000062 1.000000 -0.000630 -0.000060 1.000000 -0.000707 0.009952 0.999950 
-0.000846 0.009052 0.999959 -0.000627 -0.000056 1.000000 -0.000571 -0.000054 1.000000 -0.000643 0.009054 0.999959 
-0.000770 0.008239 0.999966 -0.000570 -0.000051 1.000000 -0.000519 -0.000049 1.000000 -0.000585 0.008240 0.999966 
-0.000701 0.007500 0.999972 -0.000518 -0.000046 1.000000 -0.000472 -0.000045 1.000000 -0.000533 0.007501 0.999972 
-0.000639 0.006831 0.999976 -0.000472 -0.000042 1.000000 -0.000430 -0.000041 1.000000 -0.000485 0.006832 0.999977 
-0.000582 0.006224 0.999980 -0.000429 -0.000038 1.000000 -0.000391 -0.000037 1.000000 -0.000442 0.006225 0.999981 
-0.000531 0.005677 0.999984 -0.000392 -0.000035 1.000000 -0.000357 -0.000034 1.000000 -0.000403 0.005678 0.999984 
-0.000484 0.005181 0.999986 -0.000358 -0.000032 1.000000 -0.000326 -0.000031 1.000000 -0.000368 0.005182 0.999987 
-0.000443 0.004735 0.999989 -0.000328 -0.000029 1.000000 -0.000299 -0.000028 1.000000 -0.000336 0.004735 0.999989 
-0.000405 0.004331 0.999991 -0.000301 -0.000027 1.000000 -0.000274 -0.000026 1.000000 -0.000308 0.004331 0.999991 
-0.000371 0.003968 0.999992 -0.000276 -0.000025 1.000000 -0.000252 -0.000024 1.000000 -0.000282 0.003969 0.999992 
-0.000340 0.003641 0.999993 -0.000254 -0.000023 1.000000 -0.000231 -0.000022 1.000000 -0.000259 0.003641 0.999993 
-0.000326 0.003483 0.999994 -0.000235 -0.000021 1.000000 -0.000213 -0.000020 1.000000 -0.000247 0.003483 0.999994 
-0.000313 0.003373 0.999994 -0.000208 -0.000018 1.000000 -0.000188 -0.000018 1.000000 -0.000238 0.003374 0.999994 
-0.000319 0.003469 0.999994 -0.000184 -0.000016 1.000000 -0.000163 -0.000015 1.000000 -0.000242 0.003471 0.999994 
-0.000320 0.003492 0.999994 -0.000163 -0.000014 1.000000 -0.000141 -0.000013 1.000000 -0.000242 0.003494 0.999994 
-0.000302 0.003291 0.999995 -0.000155 -0.000013 1.000000 -0.000134 -0.000013 1.000000 -0.000228 0.003293 0.999995 
-0.000295 0.003223 0.999995 -0.000148 -0.000013 1.000000 -0.000128 -0.000012 1.000000 -0.000223 0.003225 0.999995 
-0.000432 0.004710 0.999989 -0.000003 -0.000000 1.000000 0.000026 0.000002 1.000000 -0.000326 0.004718 0.999989 
-0.000493 0.005385 0.999985 -0.000011 -0.000001 1.000000 0.000022 0.000002 1.000000 -0.000373 0.005393 0.999985 
-0.000686 0.007485 0.999972 -0.000015 -0.000001 1.000000 0.000030 0.000003 1.000000 -0.000519 0.007497 0.999972 
-0.000936 0.010215 0.999947 -0.000009 -0.000001 1.000000 0.000054 0.000005 1.000000 -0.000708 0.010232 0.999947 
-0.001318 0.014381 0.999896 0.000000 0.000000 1.000000 0.000088 0.000008 1.000000 -0.000997 0.014405 0.999896 
-0.001784 0.019471 0.999809 0.000001 0.000000 1.000000 0.000120 0.000011 1.000000 -0.001350 0.019503 0.999809 
-0.002550 0.027824 0.999610 0.000002 0.000000 1.000000 0.000172 0.000016 1.000000 -0.001929 0.027870 0.999610 
-0.003857 0.042068 0.999107 0.000008 0.000001 1.000000 0.000265 0.000025 1.000000 -0.002917 0.042138 0.999108 
-0.006241 0.064222 0.997916 0.000032 0.000003 1.000000 0.000425 0.000042 1.000000 -0.004803 0.064336 0.997917 
-0.010002 0.094143 0.995508 0.000472 0.000048 1.000000 0.001048 0.000113 0.999999 -0.007890 0.094340 0.995509 
-0.013201 0.121557 0.992497 0.004885 0.000506 0.999988 0.005625 0.000617 0.999984 -0.010474 0.121914 0.992485 
-0.016606 0.156219 0.987583 0.014597 0.001452 0.999892 0.015543 0.001641 0.999878 -0.013100 0.156857 0.987534 
0.024429 0.002158 0.999699 -0.014445 0.193157 0.981061 -0.018780 0.192264 0.981164 0.025592 0.002415 0.999670 
0.037905 0.003046 0.999277 -0.021696 0.230771 0.972766 -0.016461 0.232019 0.972572 0.039299 0.003394 0.999222 
0.046551 0.002867 0.998912 -0.021145 0.267058 0.963448 -0.015020 0.268474 0.963170 0.048169 0.003252 0.998834 
0.058140 0.001964 0.998306 -0.010655 0.312843 0.949745 -0.017911 0.311259 0.950156 0.060034 0.002378 0.998194 
0.077281 0.000872 0.997009 -0.008132 0.364492 0.931171 -0.016751 0.362527 0.931823 0.079495 0.001352 0.996834 
0.095486 -0.001379 0.995430 -0.004028 0.416418 0.909164 -0.014111 0.414131 0.910108 0.098027 -0.000868 0.995183 
0.108974 -0.004894 0.994033 0.003490 0.465903 0.884829 -0.008119 0.463482 0.886069 0.111833 -0.004413 0.993717 
0.161365 -0.011819 0.986824 -0.002618 0.518229 0.855238 -0.015772 0.514464 0.857367 0.164567 -0.011179 0.986303 
0.251422 -0.028156 0.967468 -0.020810 0.547221 0.836730 -0.034346 0.540968 0.840342 0.254865 -0.027191 0.966594 
0.105270 -0.011894 0.994373 0.338232 -0.062720 0.938970 -0.033137 0.590760 0.806166 -0.011362 0.103305 0.994585 0.025699 0.420136 0.907097 -0.056034 0.289237 0.955616 
0.152243 -0.009419 0.988298 0.385106 -0.106243 0.916736 -0.007974 0.342030 0.939655 -0.018581 0.443054 0.896302 -0.007777 0.446906 0.894547 -0.077556 0.652967 0.753405 -0.034332 0.383653 0.922839 
0.016477 0.523737 0.851721 0.397605 -0.148746 0.905420 0.213738 -0.006617 0.976869 -0.051309 0.459056 0.886924 -0.016564 0.562762 0.826453 -0.144244 0.733367 0.664354 
0.016828 0.653447 0.756785 0.400853 -0.189556 0.896318 0.277714 -0.007109 0.960637 -0.078350 0.475689 0.876117 -0.029132 0.673487 0.738625 -0.265499 0.772864 0.576361 
-0.024456 0.723849 0.689525 -0.083055 0.733893 0.674168 0.338901 -0.013226 0.940729 -0.115873 0.518204 0.847371 0.405790 -0.219343 0.887256 -0.397229 0.750418 0.528282 
0.408095 -0.028878 0.912482 -0.185587 0.744052 0.641828 -0.119688 0.748457 0.652294 -0.174672 0.565421 0.806095 0.424726 -0.246003 0.871258 -0.527042 0.674176 0.517410 
0.476821 -0.056195 0.877202 -0.250499 0.724164 0.642524 -0.243835 0.588735 0.770672 -0.234513 0.604210 0.761534 -0.338205 0.733814 0.589181 0.450214 -0.272661 0.850272 -0.631416 0.564734 0.531403 
0.534909 -0.091424 0.839949 -0.359059 0.649493 0.670250 -0.306862 0.603370 0.736057 -0.451765 0.638997 0.622569 -0.711157 0.447720 0.542036 0.468474 -0.301320 0.830505 
0.568262 -0.131859 0.812214 -0.452511 0.596982 0.662455 -0.384999 0.592514 0.707604 -0.533674 0.552831 0.639977 -0.757800 0.319648 0.568827 0.470826 -0.330042 0.818166 
0.543787 -0.175900 0.820582 -0.527163 0.571589 0.628797 -0.453678 0.608582 0.651002 -0.587502 0.505122 0.632213 -0.804072 0.215916 0.553939 0.427287 -0.328740 0.842232 
0.527482 -0.198477 0.826057 -0.585399 0.566269 0.580213 -0.830039 0.123660 0.543824 -0.503016 0.603473 0.618705 -0.310637 0.247950 0.917620 
0.479772 -0.191730 0.856188 -0.638492 0.563717 0.523976 -0.861421 0.026653 0.507192 -0.536558 0.627111 0.564657 -0.369841 0.279794 0.885964 
-0.568085 0.623294 0.537387 -0.601872 0.377556 0.703705 -0.892894 -0.043118 0.448197 0.045349 -0.006785 0.998948 
-0.227986 0.032904 0.973108 -0.504867 0.587072 0.632816 0.275154 -0.834713 0.477017 -0.923641 -0.067748 0.377223 -0.627010 0.364942 0.688241 
-0.105515 -0.770568 0.628563 -0.173533 0.069522 0.982371 -0.490799 0.510824 0.705815 -0.935244 -0.097627 0.340276 -0.521466 0.318154 0.791739 
-0.321541 -0.635539 0.701927 -0.937788 -0.098459 0.332956 -0.128108 0.095309 0.987170 -0.442253 0.421217 0.791826 -0.132023 0.097345 0.986455 -0.508689 0.354828 0.784431 
-0.302644 0.298749 0.905072 -0.447490 -0.549748 0.705358 -0.107558 0.121647 0.986729 -0.939419 -0.032700 0.341208 -0.407917 0.287626 0.866530 
-0.536881 -0.461915 0.705970 -0.253563 0.271365 0.928476 -0.078974 0.125362 0.988963 -0.933186 0.061540 0.354086 -0.340276 0.239932 0.909200 
-0.018882 0.049256 0.998608 -0.637120 -0.280596 0.717874 -0.205140 0.239122 0.949072 -0.923144 0.146166 0.355584 -0.288009 0.196206 0.937312 
-0.019659 0.081170 0.996506 -0.636052 -0.204130 0.744156 -0.171920 0.217489 0.960803 -0.895727 0.242021 0.372960 -0.228574 0.148546 0.962127 
-0.031242 0.107511 0.993713 -0.619353 -0.248487 0.744752 -0.170139 0.220723 0.960382 -0.867201 0.319844 0.381658 -0.232066 0.135161 0.963264 
-0.582990 -0.343452 0.736318 -0.206619 0.263649 0.942230 -0.034640 0.069343 0.996991 -0.850178 0.365490 0.378966 -0.372305 0.178494 0.910785 
-0.538686 -0.440151 0.718390 -0.271821 0.349423 0.896670 -0.021326 0.027848 0.999385 -0.767731 0.288876 0.571961 
-0.482224 -0.524644 0.701576 0.004006 -0.003687 0.999985 -0.138752 0.901023 0.410982 -0.927858 0.258521 0.268786 0.000802 -0.000732 0.999999 
0.578673 0.723467 0.376475 -0.091157 -0.971262 0.219863 0.901625 0.292902 0.318247 0.018869 -0.013739 0.999728 -0.599660 0.443369 0.666206 0.809299 -0.535633 0.241106 
-0.445010 -0.590641 0.673134 0.279318 -0.915466 0.289660 0.908408 -0.028583 0.417107 0.032375 -0.021050 0.999254 -0.652680 0.512359 0.558120 -0.813149 0.461596 0.354567 
-0.459698 -0.598535 0.656074 0.317214 -0.907799 0.274365 0.909366 -0.010063 0.415875 0.034040 -0.022333 0.999171 -0.636830 0.539100 0.551197 -0.788645 0.498570 0.359816 
-0.486056 -0.595206 0.639905 0.912128 0.175232 0.370562 0.034102 -0.023670 0.999138 0.219670 -0.953016 0.208578 -0.591691 0.523865 0.612754 -0.752301 0.541810 0.374813 
0.523652 0.715048 0.463136 0.826133 0.423129 0.372110 0.029840 -0.022692 0.999297 -0.703725 0.589110 0.397141 -0.527034 0.503849 0.684377 
0.449546 0.731943 0.512024 0.713582 0.535484 0.451727 0.026485 -0.023089 0.999383 -0.651206 0.628945 0.424688 -0.449196 0.485181 0.750214 
0.469432 0.678499 0.565042 0.644053 0.450832 0.618018 0.023919 -0.027216 0.999343 0.302748 -0.360498 0.882261 -0.599091 0.658746 0.455130 
0.597002 0.325642 0.733175 0.517829 0.549803 0.655416 0.026067 -0.032004 0.999148 -0.548938 0.668415 0.501885 0.327113 -0.382546 0.864092 
0.512156 0.438981 0.738236 0.533813 0.246192 0.808970 0.027255 -0.035724 0.998990 -0.511218 0.675909 0.530852 0.348488 -0.401275 0.847074 
0.473116 0.221759 0.852634 0.461763 0.387863 0.797708 0.025983 -0.037147 0.998972 -0.480631 0.674607 0.560268 0.370751 -0.419163 0.828762 
0.422158 0.219407 0.879570 0.393339 0.363123 0.844646 0.018995 -0.030696 0.999348 -0.453720 0.669350 0.588311 0.391813 -0.435955 0.810201 
0.305545 0.250593 0.918611 0.431694 0.196046 0.880458 0.024010 -0.027433 0.999335 -0.430877 0.659694 0.615751 0.413132 -0.451635 0.790789 
0.437724 0.124699 0.890420 0.018885 -0.013324 0.999733 -0.409225 0.655498 0.634710 0.426463 -0.462984 0.777030 -0.525554 -0.647368 0.552003 0.733910 0.365989 0.572214 
0.448597 0.091404 0.889048 0.001080 -0.000506 0.999999 -0.391340 0.661623 0.639615 0.429265 -0.464420 0.774626 -0.381447 -0.745864 0.546063 0.648415 0.332923 0.684631 
0.441383 0.095607 0.892211 -0.006871 0.002955 0.999972 -0.379415 0.666989 0.641225 0.429537 -0.464366 0.774508 -0.347224 -0.762141 0.546422 0.616632 0.348202 0.706060 
0.424047 0.081955 0.901924 -0.006038 0.002530 0.999979 -0.372043 0.669649 0.642770 0.429885 -0.464947 0.773966 -0.341153 -0.764816 0.546508 0.608490 0.335615 0.719099 
0.414521 0.063297 0.907836 -0.002892 0.001192 0.999995 -0.366440 0.672928 0.642564 0.428528 -0.465053 0.774655 -0.341024 -0.765417 0.545747 0.611623 0.316310 0.725166 
0.428105 0.048104 0.902448 -0.002604 0.001053 0.999996 -0.364158 0.676389 0.640224 0.424881 -0.465155 0.776600 -0.336736 -0.768252 0.544424 0.622272 0.302075 0.722169 
-0.329049 -0.773143 0.542197 0.643541 0.290261 0.708240 0.464212 0.029304 0.885239 -0.003777 0.001489 0.999992 -0.364449 0.681638 0.634466 0.418207 -0.463860 0.780984 
-0.324131 -0.776997 0.539642 0.674250 0.281862 0.682598 0.517628 0.007021 0.855577 -0.004130 0.001596 0.999990 -0.369418 0.686803 0.625966 0.408637 -0.462512 0.786828 
-0.324413 -0.779189 0.536303 0.716952 0.273161 0.641376 0.584861 -0.021132 0.810858 -0.005729 0.002227 0.999981 -0.378556 0.693739 0.612717 0.395424 -0.458472 0.795891 
0.759928 0.258905 0.596219 -0.321315 -0.782711 0.533029 -0.393345 0.699714 0.596389 0.379366 -0.453478 0.806498 0.650815 -0.063342 0.756590 -0.006338 0.002434 0.999977 
0.810331 0.239554 0.534769 -0.329130 -0.782380 0.528730 -0.413784 0.704889 0.576120 0.360571 -0.445659 0.819376 0.717109 -0.113751 0.687615 -0.006606 0.002605 0.999975 
0.862265 0.207857 0.461839 -0.349979 -0.776023 0.524693 -0.440852 0.707558 0.552278 0.338572 -0.435581 0.834050 0.774879 -0.164745 0.610263 -0.008921 0.003827 0.999953 
0.910203 0.149885 0.386089 -0.369171 -0.769299 0.521432 -0.478071 0.709546 0.517681 0.312382 -0.414018 0.854989 0.817967 -0.212857 0.534436 -0.018469 0.008843 0.999790 
0.929977 0.062102 0.362333 -0.350106 -0.778200 0.521374 0.280600 -0.393304 0.875543 -0.532574 0.705568 0.467481 0.813194 -0.300701 0.498290 -0.027774 0.013027 0.999529 
0.929675 -0.014926 0.368078 0.475409 -0.218465 0.852209 -0.332437 -0.785773 0.521580 0.258850 -0.383146 0.886677 -0.564011 0.693812 0.447791 
0.920254 -0.050959 0.387989 0.468644 -0.220054 0.855540 -0.320633 -0.790530 0.521782 0.249510 -0.378926 0.891156 -0.566733 0.696949 0.439404 
0.913859 -0.050077 0.402931 0.456346 -0.213094 0.863910 -0.316939 -0.791737 0.522210 0.250787 -0.379729 0.890456 -0.552071 0.708188 0.440100 
0.910117 -0.025711 0.413553 0.443894 -0.201602 0.873106 -0.317320 -0.791382 0.522515 0.259867 -0.385377 0.885411 -0.532236 0.717595 0.449202 
0.907291 0.009698 0.420392 -0.320233 -0.790078 0.522712 0.273095 -0.391868 0.878555 -0.513465 0.723245 0.461813 0.763203 -0.319042 0.561901 -0.039139 0.017512 0.999080 
0.903922 0.041319 0.425698 -0.324328 -0.788396 0.522726 -0.493537 0.716296 0.493297 0.288378 -0.402029 0.869029 0.768426 -0.291293 0.569798 -0.035697 0.015930 0.999236 
0.901466 0.059776 0.428703 -0.328256 -0.786856 0.522595 -0.485996 0.716657 0.500210 0.295527 -0.405192 0.865149 0.770403 -0.275067 0.575167 -0.032556 0.014501 0.999365 
0.901236 0.065228 0.428391 -0.331198 -0.785955 0.522095 -0.484970 0.715434 0.502949 0.297549 -0.407084 0.863567 0.771590 -0.271915 0.575075 -0.030323 0.013493 0.999449 
0.897317 0.060716 0.437192 -0.327018 -0.787649 0.522176 -0.481818 0.716496 0.504465 0.297049 -0.409316 0.862683 0.764083 -0.276981 0.582631 -0.030478 0.013375 0.999446 
0.891722 0.050294 0.449779 -0.324341 -0.788428 0.522671 -0.474497 0.721234 0.504652 0.295571 -0.410501 0.862628 0.752301 -0.279190 0.596737 -0.032381 0.014214 0.999375 
0.886979 0.041044 0.459981 -0.314436 -0.790279 0.525918 -0.468607 0.729809 0.497781 0.292004 -0.404332 0.866746 0.742563 -0.276358 0.610104 -0.039766 0.017514 0.999055 
0.883229 0.028901 0.468050 -0.284644 -0.795125 0.535495 -0.461022 0.748897 0.476038 0.283248 -0.382868 0.879308 0.735850 -0.265295 0.623011 -0.063653 0.028463 0.997566 
0.872000 0.006621 0.489460 -0.249258 -0.798780 0.547559 -0.443997 0.773537 0.452225 0.271124 -0.360456 0.892504 0.715868 -0.255859 0.649669 -0.092300 0.041829 0.994852 
0.846658 -0.021835 0.531689 -0.237867 -0.795759 0.556945 -0.419215 0.792356 0.443205 0.263697 -0.352846 0.897754 0.663600 -0.252237 0.704281 -0.099476 0.044664 0.994037 
0.833129 -0.040670 0.551582 -0.227594 -0.798722 0.556996 -0.414027 0.797635 0.438589 0.257974 -0.351425 0.899972 0.642557 -0.260280 0.720677 -0.104195 0.046108 0.993488 
0.836487 -0.050284 0.545675 -0.220544 -0.803680 0.552684 -0.419020 0.798592 0.432057 0.252768 -0.347786 0.902858 0.650900 -0.273289 0.708268 -0.108743 0.048070 0.992907 
0.844863 -0.053963 0.532253 -0.214113 -0.807734 0.549292 -0.427414 0.797274 0.426228 0.249243 -0.343793 0.905364 0.667708 -0.283363 0.688383 -0.114258 0.050836 0.992150 
0.848673 -0.060305 0.525468 -0.208284 -0.807859 0.551345 -0.430764 0.799687 0.418262 0.244818 -0.337294 0.909009 0.673766 -0.288060 0.680486 -0.120380 0.054005 0.991258 
0.846139 -0.071134 0.528193 -0.202044 -0.806052 0.556290 -0.430003 0.804043 0.410624 0.239555 -0.331686 0.912468 0.668865 -0.291609 0.683801 -0.126944 0.057311 0.990253 
0.841569 -0.086760 0.533137 -0.195773 -0.801918 0.564448 -0.430059 0.809074 0.400560 0.232466 -0.324530 0.916864 0.659651 -0.295977 0.690839 -0.134482 0.061164 0.989027 
0.835724 -0.107997 0.538426 0.288015 -0.133132 0.948326 -0.189045 -0.795360 0.575904 -0.432418 0.814608 0.386560 0.222747 -0.314621 0.922712 
0.829206 -0.135025 0.542388 0.275653 -0.131590 0.952208 -0.187179 -0.786462 0.588593 -0.435385 0.820994 0.369337 0.210301 -0.302846 0.929547 
0.823197 -0.162444 0.544021 0.269538 -0.133211 0.953732 -0.188283 -0.778621 0.598581 -0.443522 0.823180 0.354491 0.198925 -0.293478 0.935040 
0.816943 -0.187159 0.545505 0.265352 -0.135138 0.954634 -0.184859 -0.772270 0.607805 -0.453993 0.823482 0.340246 0.188423 -0.284090 0.940101 
0.806353 -0.209644 0.553032 0.256983 -0.134357 0.957031 -0.174304 -0.765758 0.619058 -0.464514 0.822843 0.327346 0.178935 -0.275423 0.944523 
0.788084 -0.228443 0.571609 0.243395 -0.130763 0.961072 -0.165561 -0.757264 0.631776 -0.472042 0.822570 0.317105 0.169343 -0.269811 0.947906 
0.775144 -0.242355 0.583451 0.238151 -0.132597 0.962134 -0.170299 -0.754375 0.633969 -0.464526 0.828785 0.311980 0.161535 -0.268706 0.949581 
0.774975 -0.244944 0.582595 0.244852 -0.139860 0.959420 -0.182549 -0.759264 0.624655 -0.446668 0.836738 0.316793 0.160245 -0.274980 0.948002 
0.786133 -0.229879 0.573716 0.256684 -0.146294 0.955359 -0.196912 -0.768404 0.608918 -0.424485 0.842455 0.331786 0.167296 -0.287832 0.942955 
0.805037 -0.193093 0.560920 0.274757 -0.151351 0.949527 -0.209681 -0.782562 0.586200 -0.403577 0.841413 0.359375 0.184471 -0.308815 0.933062 
0.819034 -0.140888 0.556178 0.283112 -0.146449 0.947840 -0.219785 -0.794037 0.566744 -0.384648 0.835545 0.392314 0.208761 -0.330673 0.920366 
0.832724 -0.085541 0.547041 -0.228641 -0.802370 0.551295 -0.377439 0.825248 0.420125 0.233888 -0.345137 0.908943 0.645966 -0.296382 0.703481 -0.125377 0.062045 0.990167 
0.846109 -0.037007 0.531724 -0.235730 -0.801431 0.549672 -0.376493 0.817630 0.435584 0.252668 -0.348420 0.902642 0.669436 -0.260143 0.695831 -0.118749 0.058367 0.991207 
0.850214 -0.010661 0.526329 -0.241811 -0.800177 0.548857 -0.375172 0.812741 0.445756 0.262681 -0.352485 0.898194 0.678747 -0.239711 0.694148 -0.114415 0.056262 0.991839 
0.845396 -0.011117 0.534024 -0.242902 -0.800082 0.548513 -0.371357 0.812722 0.448974 0.263311 -0.355956 0.896639 0.671709 -0.239143 0.701155 -0.113499 0.055785 0.991971 
0.836284 -0.025334 0.547711 -0.241722 -0.800368 0.548618 -0.366259 0.815448 0.448217 0.259122 -0.358513 0.896841 0.656114 -0.248093 0.712716 -0.114025 0.055953 0.991901 
0.830175 -0.040186 0.556052 -0.240762 -0.800607 0.548691 -0.363843 0.818679 0.444279 0.253399 -0.358378 0.898529 0.644638 -0.258389 0.719498 -0.114386 0.056040 0.991854 
0.828767 -0.049161 0.557430 -0.239503 -0.800914 0.548795 -0.366359 0.819485 0.440710 0.249557 -0.357439 0.899977 0.641797 -0.265993 0.719267 -0.114788 0.056096 0.991805 
0.830046 -0.052149 0.555252 -0.238935 -0.801062 0.548826 -0.369806 0.818898 0.438918 0.248092 -0.356748 0.900656 0.643901 -0.269515 0.716068 -0.115078 0.056205 0.991765 
-0.138163 0.021564 0.990175 -0.370815 0.818503 0.438804 0.248047 -0.356743 0.900670 -0.390601 0.004157 0.920551 0.830623 -0.052260 0.554378 0.157077 -0.581102 0.798528 -0.527013 0.132126 0.839524 
-0.123387 0.021737 0.992121 -0.370318 0.818459 0.439306 0.248424 -0.357022 0.900456 -0.370271 0.013310 0.928828 0.830359 -0.051405 0.554852 0.151776 -0.647804 0.746535 -0.478985 0.157107 0.863650 
-0.116338 0.021324 0.992981 -0.369311 0.818374 0.440312 0.249154 -0.357602 0.900024 -0.359744 0.016213 0.932910 0.829773 -0.049788 0.555876 0.151025 -0.672567 0.724462 -0.459540 0.161898 0.873277 
-0.115218 0.021206 0.993114 -0.368979 0.818200 0.440912 0.249780 -0.357798 0.899773 -0.357369 0.016607 0.933816 0.829894 -0.048177 0.555838 0.151514 -0.676747 0.720456 -0.455288 0.160603 0.875739 
-0.116200 0.021325 0.992997 -0.369324 0.817958 0.441072 0.250051 -0.357797 0.899697 -0.358578 0.016495 0.933354 0.830181 -0.047468 0.555470 0.151427 -0.675581 0.721568 -0.456037 0.160215 0.875421 
-0.117597 0.021536 0.992828 -0.369514 0.817883 0.441052 0.250071 -0.357771 0.899702 -0.360741 0.016392 0.932522 0.830298 -0.047408 0.555300 0.151819 -0.672741 0.724134 -0.459056 0.160763 0.873740 
-0.118708 0.021741 0.992691 -0.369512 0.817886 0.441048 0.250069 -0.357769 0.899704 -0.362622 0.016446 0.931791 0.830293 -0.047415 0.555307 0.150441 -0.671201 0.725849 -0.460785 0.162405 0.872526 
-0.119449 0.021880 0.992599 -0.369527 0.817878 0.441051 0.250066 -0.357776 0.899702 -0.363894 0.016486 0.931294 0.830287 -0.047437 0.555314 0.149438 -0.670177 0.727002 -0.461902 0.163522 0.871727 
-0.119695 0.021927 0.992568 -0.369533 0.817874 0.441053 0.250063 -0.357784 0.899699 -0.364323 0.016501 0.931126 0.830280 -0.047457 0.555323 0.149177 -0.669806 0.727396 -0.462338 0.163903 0.871424 
-0.119698 0.021928 0.992568 -0.369534 0.817875 0.441050 0.250060 -0.357781 0.899701 -0.364327 0.016501 0.931125 0.830276 -0.047464 0.555327 0.149179 -0.669802 0.727400 -0.462341 0.163904 0.871422 
-0.127382 -0.574632 0.808438 -0.143714 0.023624 0.989337 -0.288606 0.146551 0.946166 -0.364674 0.821173 0.438963 0.248309 -0.356036 0.900878 0.828615 -0.049657 0.557612 -0.398952 0.012037 0.916893 
-0.155027 -0.551122 0.819897 -0.168537 0.028796 0.985275 -0.305969 0.185527 0.933789 -0.354100 0.824266 0.441813 0.249025 -0.358052 0.899881 0.822969 -0.045953 0.566225 -0.437986 0.014667 0.898862 
-0.214575 0.034251 0.976107 -0.330004 0.831534 0.446820 0.249864 -0.361108 0.898426 -0.508973 0.000273 0.860783 0.807428 -0.045921 0.588176 0.012412 -0.495231 0.868673 -0.559815 0.264417 0.785297 
-0.582331 -0.052789 0.811236 0.796540 -0.046174 0.602819 -0.259185 0.028987 0.965393 -0.305668 0.840036 0.448226 0.249653 -0.359733 0.899036 0.020521 -0.313772 0.949277 -0.728901 0.272275 0.628148 
-0.611082 -0.135989 0.779798 0.782935 -0.052153 0.619914 -0.271810 0.013157 0.962261 -0.287337 0.847819 0.445692 0.247744 -0.355095 0.901405 0.007311 -0.117461 0.993051 -0.872460 0.144651 0.466786 
-0.276291 0.001963 0.961072 0.760844 -0.069742 0.645176 -0.000449 0.011162 0.999938 -0.595049 -0.190913 0.780685 -0.268038 0.858840 0.436520 0.239826 -0.347141 0.906629 
-0.268908 -0.006344 0.963145 0.734609 -0.093084 0.672075 -0.002406 0.118434 0.992959 -0.564504 -0.216681 0.796483 -0.248180 0.872056 0.421811 0.227137 -0.336500 0.913880 
-0.277231 -0.015234 0.960682 0.710616 -0.117548 0.693691 0.005262 0.204798 0.978790 -0.537131 -0.229005 0.811817 -0.227934 0.885734 0.404377 0.211924 -0.324976 0.921672 
-0.264443 -0.023990 0.964103 0.690564 -0.141940 0.709207 0.008524 0.329706 0.944045 -0.490111 -0.222591 0.842760 -0.208515 0.898786 0.385624 0.195800 -0.313056 0.929332 
0.178474 -0.298203 0.937668 0.672476 -0.166030 0.721255 -0.185238 0.912772 0.364053 -0.235177 -0.025333 0.971622 -0.047429 0.426477 0.903254 -0.437906 -0.198820 0.876761 
0.160463 -0.280230 0.946426 0.655056 -0.189192 0.731511 -0.221846 0.415181 0.882275 -0.019845 -0.010914 0.999743 -0.397682 -0.186405 0.898389 -0.153838 0.927655 0.340278 -0.207233 -0.024327 0.977989 
0.144135 -0.263501 0.953830 0.640188 -0.210325 0.738866 -0.363168 0.406521 0.838362 0.049214 0.040422 0.997970 -0.365636 -0.193661 0.910388 -0.118007 0.940433 0.318843 -0.180203 -0.023938 0.983338 
0.130088 -0.248925 0.959747 0.625830 -0.228998 0.745585 -0.080683 0.950319 0.300641 -0.100080 -0.017626 0.994823 0.016938 0.728864 0.684449 -0.294335 -0.207889 0.932818 
0.119224 -0.238445 0.963810 0.612444 -0.244650 0.751704 -0.050896 0.956583 0.286980 -0.041690 -0.008404 0.999095 0.326136 0.606585 0.725045 -0.227106 -0.180873 0.956926 
0.106350 -0.223191 0.968956 0.601051 -0.261527 0.755209 0.001388 0.962777 0.270293 0.328214 0.350190 0.877293 -0.176299 -0.153214 0.972339 -0.799833 -0.057318 0.597479 0.016412 0.003273 0.999860 
-0.050394 -0.047163 0.997615 0.097278 -0.213779 0.972026 0.585422 -0.273202 0.763310 0.046074 0.964434 0.260278 0.098057 0.018089 0.995016 
0.030536 0.028289 0.999133 0.091686 -0.215377 0.972217 0.573151 -0.288830 0.766860 0.048011 0.965302 0.256686 0.213428 0.032647 0.976413 
0.088896 -0.227629 0.969682 0.574255 -0.313086 0.756445 -0.008716 0.965971 0.258502 0.288341 0.035111 0.956884 -0.083768 -0.082206 0.993089 0.129462 0.113899 0.985021 
0.086938 -0.242871 0.966155 0.585726 -0.344242 0.733773 -0.098167 0.959676 0.263409 0.345771 0.037671 0.937562 -0.145263 -0.141483 0.979225 0.178590 0.152722 0.971999 
0.085939 -0.251810 0.963953 0.602181 -0.371366 0.706728 -0.192283 0.944488 0.266401 -0.168791 -0.156449 0.973156 0.198088 0.166313 0.965972 0.953024 0.016995 0.302417 0.363543 0.038738 0.930772 
0.083668 -0.246311 0.965573 0.607971 -0.386738 0.693401 -0.234210 0.936980 0.259255 -0.156885 -0.147309 0.976569 0.202377 0.166445 0.965059 0.958330 0.016375 0.285195 0.370799 0.036119 0.928011 
0.080608 -0.240573 0.967278 0.597887 -0.388183 0.701316 -0.226834 0.940525 0.252903 -0.146027 -0.138983 0.979469 0.208628 0.168556 0.963360 0.962999 0.018173 0.268893 0.369409 0.031980 0.928716 
0.077687 -0.235189 0.968840 0.582328 -0.382536 0.717328 -0.204159 0.947186 0.247302 -0.138253 -0.132625 0.981477 0.215564 0.172550 0.961124 0.966005 0.012083 0.258240 0.365705 0.028525 0.930293 
0.075511 -0.230941 0.970033 0.571403 -0.379011 0.727908 -0.193691 0.950550 0.242773 -0.136862 -0.129182 0.982131 0.220054 0.176349 0.959415 0.967517 0.009530 0.252625 0.363428 0.027456 0.931218 
0.073846 -0.227194 0.971046 0.567740 -0.381021 0.729722 -0.201353 0.950056 0.238432 -0.137143 -0.128879 0.982131 0.224744 0.179771 0.957691 0.967525 0.007139 0.252675 0.365740 0.026872 0.930329 
0.072678 -0.224690 0.971716 0.566566 -0.384168 0.728984 -0.213819 0.948096 0.235361 -0.137290 -0.128982 0.982097 0.228293 0.182192 0.956393 0.967449 0.006706 0.252979 0.368686 0.026422 0.929179 
0.071718 -0.222449 0.972303 0.565630 -0.386556 0.728449 -0.222285 0.946796 0.232738 -0.137400 -0.129147 0.982060 0.230855 0.183896 0.955452 0.967369 0.006697 0.253284 0.370764 0.026029 0.928362 
0.071072 -0.220888 0.972706 0.564577 -0.387674 0.728671 -0.226065 0.946333 0.230972 -0.137558 -0.129324 0.982015 0.232631 0.185082 0.954792 0.967277 0.006608 0.253637 0.371859 0.025733 0.927932 
0.069884 -0.218761 0.973273 0.562830 -0.389565 0.729015 -0.221876 0.947895 0.228618 -0.141752 -0.132938 0.980935 0.232369 0.185280 0.954817 0.965977 0.017699 0.258020 0.372758 0.025253 0.927585 
0.067813 -0.216310 0.973967 -0.209584 0.951365 0.225784 -0.146226 -0.137084 0.979707 0.228204 0.182663 0.956325 -0.212904 0.148722 0.965688 0.798498 -0.563806 0.211005 0.964116 0.023788 0.264413 0.373052 0.023881 0.927503 
0.065707 -0.213832 0.974658 -0.191442 0.955823 0.223051 -0.150433 -0.141217 0.978482 0.220907 0.177568 0.958994 -0.214862 0.150521 0.964976 0.787089 -0.574325 0.225035 0.962295 0.032670 0.270040 0.372124 0.022347 0.927914 
0.064181 -0.212825 0.974980 -0.169093 0.960259 0.222057 -0.153761 -0.144618 0.977468 0.212137 0.171131 0.962139 -0.216312 0.152201 0.964388 0.782454 -0.575943 0.236763 0.960788 0.042397 0.274025 0.369947 0.021005 0.928815 
0.062847 -0.212041 0.975238 -0.143387 0.964557 0.221520 -0.158105 -0.148796 0.976147 0.203316 0.164724 0.965157 -0.217203 0.153512 0.963980 0.779923 -0.574568 0.248177 0.958742 0.050594 0.279741 0.367620 0.019885 0.929763 
0.061871 -0.212028 0.975303 -0.117736 0.967924 0.221947 0.378358 0.019623 0.925451 -0.161455 -0.152204 0.975072 0.193974 0.157778 0.968236 -0.217923 0.154718 0.963624 0.780531 -0.569426 0.257925 
0.061236 -0.213277 0.975071 -0.088723 0.970555 0.223946 0.375562 0.018661 0.926609 -0.165651 -0.156248 0.973728 0.186932 0.152696 0.970433 -0.217991 0.155293 0.963516 0.781787 -0.562427 0.269232 
0.060481 -0.213294 0.975114 0.557885 -0.398336 0.728074 -0.063026 0.972376 0.224750 0.372628 0.017696 0.927812 -0.168777 -0.159234 0.972707 0.183129 0.149865 0.971599 
0.059175 -0.212221 0.975428 -0.037247 0.973785 0.224400 0.370706 0.016406 0.928605 -0.173091 -0.163230 0.971286 0.181663 0.148951 0.972015 -0.218844 0.156505 0.963127 0.776930 -0.558054 0.291472 
0.057545 -0.210188 0.975966 -0.014869 0.974726 0.222907 0.369330 0.014940 0.929178 -0.176880 -0.166802 0.969995 0.181392 0.148827 0.972084 -0.219996 0.157515 0.962700 0.770239 -0.560939 0.303445 
0.055536 -0.207493 0.976659 0.008937 0.975292 0.220739 0.366976 0.013115 0.930138 -0.179772 -0.169622 0.968974 0.179732 0.147746 0.972557 -0.221170 0.158472 0.962274 0.761188 -0.565643 0.317240 
0.053467 -0.204372 0.977432 0.031364 0.975421 0.218107 0.364848 0.011284 0.930999 -0.182233 -0.172102 0.968077 0.178530 0.146902 0.972906 -0.222356 0.159482 0.961833 0.752211 -0.570340 0.329985 
0.051205 -0.200756 0.978302 0.056125 0.974979 0.215094 0.362632 0.009276 0.931886 -0.184768 -0.174679 0.967134 0.177290 0.146077 0.973257 -0.223767 0.160609 0.961318 0.742002 -0.575459 0.343918 
0.048967 -0.196933 0.979193 0.079936 0.974023 0.211869 0.360644 0.007308 0.932675 -0.187087 -0.177092 0.966249 0.176590 0.145579 0.973459 -0.225261 0.161827 0.960765 0.732201 -0.580097 0.356889 
0.046588 -0.192675 0.980156 0.106494 0.972233 0.208378 0.358505 0.005194 0.933513 -0.189608 -0.179721 0.965271 0.175772 0.145042 0.973687 -0.226894 0.163114 0.960163 0.721476 -0.584744 0.370872 
0.044277 -0.188336 0.981106 0.132226 0.969828 0.204816 0.356557 0.003129 0.934268 -0.191890 -0.182176 0.964360 0.175437 0.144788 0.973786 -0.228567 0.164463 0.959536 0.711299 -0.588794 0.383894 
0.041852 -0.183550 0.982119 0.161125 0.966242 0.201034 0.354419 0.000937 0.935086 -0.194418 -0.184883 0.963338 0.174952 0.144474 0.973919 -0.230401 0.165898 0.958850 0.700330 -0.592673 0.397840 
0.039520 -0.178753 0.983100 0.189287 0.961903 0.197264 0.352441 -0.001195 0.935833 -0.196667 -0.187360 0.962402 0.174911 0.144421 0.973935 -0.232249 0.167377 0.958147 0.689936 -0.595966 0.410869 
0.037096 -0.173503 0.984134 0.220937 0.955935 0.193325 0.350252 -0.003442 0.936649 -0.199201 -0.190134 0.961337 0.174704 0.144294 0.973991 -0.234240 0.168930 0.957389 0.678831 -0.598988 0.424738 
