1.260997 0.193986 0.004296 1.345565 0.271750 0.004833 1.357577 0.134836 0.003812 1.476022 0.210350 0.004317 
1.261087 0.192973 0.004353 1.345417 0.271741 0.004845 1.357423 0.134825 0.003922 1.476090 0.209331 0.004371 
1.261184 0.192037 0.004366 1.345347 0.271731 0.004835 1.357344 0.134813 0.004015 1.476167 0.208387 0.004445 
1.261307 0.190681 0.004387 1.345320 0.271644 0.004778 1.357317 0.134726 0.004162 1.476260 0.207040 0.004524 
1.261166 0.191403 0.004246 1.345635 0.271778 0.004709 1.357742 0.134872 0.004030 1.476121 0.207937 0.004480 
1.261126 0.191848 0.004316 1.345922 0.271805 0.004732 1.358031 0.134901 0.004120 1.476091 0.208390 0.004528 
1.261102 0.192224 0.004340 1.346935 0.271844 0.004691 1.359052 0.134946 0.004246 1.476074 0.208799 0.004608 
1.260988 0.194091 0.004297 1.348639 0.272038 0.004693 1.360804 0.135154 0.004291 1.475993 0.210766 0.004728 
1.260876 0.195171 0.004186 1.350769 0.272116 0.004545 1.363078 0.135258 0.004425 1.475889 0.212111 0.004851 
1.260751 0.192386 0.004201 1.350692 0.271627 0.003887 1.363168 0.134789 0.004778 1.475694 0.209619 0.004538 
1.260409 0.195190 0.004224 1.351688 0.271529 0.003704 1.364215 0.134705 0.004942 1.475414 0.212503 0.004443 
1.259779 0.201667 0.004225 1.353160 0.271624 0.003765 1.365770 0.134817 0.004968 1.474922 0.219094 0.004408 
1.259533 0.203643 0.004108 1.354691 0.271392 0.003417 1.367362 0.134608 0.005243 1.474721 0.221185 0.004331 
1.258880 0.210635 0.004105 1.355808 0.271487 0.003563 1.368521 0.134711 0.005222 1.474222 0.228213 0.004306 
1.258252 0.217349 0.004112 1.356935 0.271582 0.003694 1.369689 0.134816 0.005203 1.473743 0.234964 0.004295 
1.257646 0.223841 0.004128 1.358170 0.271688 0.003813 1.370964 0.134932 0.005186 1.473279 0.241495 0.004293 
1.257053 0.230186 0.004148 1.359511 0.271804 0.003921 1.372343 0.135058 0.005170 1.472826 0.247880 0.004299 
1.256471 0.236410 0.004173 1.361049 0.271937 0.004019 1.373918 0.135203 0.005155 1.472381 0.254149 0.004310 
1.255895 0.242576 0.004200 1.362743 0.272085 0.004107 1.375649 0.135364 0.005142 1.471940 0.260362 0.004324 
1.255321 0.248711 0.004229 1.364682 0.272255 0.004187 1.377624 0.135549 0.005130 1.471500 0.266551 0.004342 
1.254746 0.254871 0.004258 1.366808 0.272441 0.004260 1.379787 0.135751 0.005118 1.471059 0.272768 0.004361 
1.254165 0.261078 0.004288 1.369213 0.272653 0.004326 1.382229 0.135981 0.005109 1.470613 0.279040 0.004381 
1.253576 0.267384 0.004317 1.371835 0.272884 0.004385 1.384888 0.136232 0.005100 1.470161 0.285415 0.004401 
1.252975 0.273812 0.004345 1.374768 0.273144 0.004439 1.387858 0.136512 0.005092 1.469699 0.291919 0.004422 
1.252358 0.280410 0.004372 1.377947 0.273425 0.004488 1.391076 0.136817 0.005085 1.469224 0.298599 0.004442 
1.251724 0.287195 0.004398 1.381471 0.273737 0.004532 1.394640 0.137154 0.005079 1.468736 0.305474 0.004462 
1.251068 0.294216 0.004422 1.385274 0.274075 0.004572 1.398483 0.137519 0.005074 1.468230 0.312592 0.004481 
1.250387 0.301372 0.004431 1.389461 0.274430 0.004600 1.402713 0.137904 0.005080 1.467704 0.319855 0.004486 
1.249732 0.308909 0.004436 1.393932 0.274770 0.004624 1.407144 0.138268 0.005088 1.467220 0.327371 0.004484 
1.249076 0.316650 0.004417 1.398817 0.275095 0.004633 1.411962 0.138616 0.005111 1.466744 0.335055 0.004459 
1.248363 0.324798 0.004403 1.404069 0.275488 0.004648 1.417202 0.139040 0.005128 1.466213 0.343240 0.004441 
1.247568 0.333476 0.004416 1.409820 0.275988 0.004676 1.423003 0.139580 0.005129 1.465603 0.352060 0.004451 
1.246742 0.342492 0.004416 1.415968 0.276524 0.004701 1.429203 0.140159 0.005144 1.464969 0.361229 0.004450 
1.245885 0.350664 0.004215 1.422542 0.276775 0.004636 1.435828 0.140457 0.005284 1.464292 0.369567 0.004216 
1.245021 0.360092 0.004130 1.429654 0.277399 0.004664 1.442994 0.141130 0.005404 1.463627 0.379170 0.004132 
1.244206 0.368983 0.003880 1.437319 0.278078 0.004689 1.450709 0.141862 0.005718 1.462998 0.388246 0.003882 
1.243376 0.378037 0.003514 1.445444 0.278800 0.004710 1.458884 0.142643 0.006114 1.462358 0.397496 0.003513 
1.242583 0.386697 0.002923 1.454064 0.279573 0.004730 1.467552 0.143480 0.006705 1.461744 0.406363 0.002915 
1.241780 0.395451 0.002129 1.463084 0.280384 0.004747 1.476619 0.144363 0.007420 1.461123 0.415333 0.002115 
1.241113 0.402721 0.000818 1.472779 0.281271 0.004762 1.486352 0.145341 0.008580 1.460603 0.422833 0.000791 
1.240734 0.406809 -0.001361 1.483382 0.282266 0.004776 1.496971 0.146472 0.010546 1.460299 0.427169 -0.001413 
1.240107 0.405016 -0.004550 1.495768 0.283595 0.004787 1.510071 0.148114 0.013595 1.459526 0.426844 -0.004652 
1.239767 0.397684 -0.008567 1.509453 0.284268 0.004638 1.524903 0.149327 0.017554 1.458868 0.421755 -0.008840 
1.239714 0.395820 -0.011361 1.519186 0.285280 0.004425 1.534894 0.150841 0.021093 1.458729 0.420482 -0.012687 
1.240586 0.391270 -0.013297 1.524376 0.285769 0.003896 1.539675 0.151987 0.025298 1.459554 0.415144 -0.016860 
1.528293 0.285693 0.003292 1.461099 0.410781 -0.021063 1.242020 0.389271 -0.015239 1.542338 0.152674 0.029599 
1.531177 0.285657 0.002425 1.243001 0.385672 -0.016270 1.462036 0.405477 -0.025164 1.544602 0.153738 0.033977 
1.534561 0.284703 0.001721 1.244704 0.389528 -0.019223 1.464000 0.405280 -0.030114 1.545946 0.153882 0.038181 
1.532554 0.283087 0.001131 1.466895 0.401731 -0.035092 1.247440 0.392148 -0.021577 1.541002 0.153840 0.043564 
1.527210 0.281905 0.000395 1.468594 0.393108 -0.039053 1.249439 0.388617 -0.021270 1.534039 0.155024 0.049793 
1.521583 0.280814 -0.000066 1.470165 0.385790 -0.042982 1.251458 0.387094 -0.021147 1.526741 0.156774 0.056346 
1.517088 0.279762 -0.000313 1.471917 0.382392 -0.048224 1.253703 0.390472 -0.023350 1.520129 0.158894 0.062807 
1.488671 0.281938 0.000858 1.461965 0.373741 -0.049290 1.245892 0.388277 -0.012985 1.493124 0.164897 0.070974 
1.432798 0.289967 0.010274 1.419992 0.382155 -0.046962 1.208847 0.404859 0.009227 1.440943 0.175304 0.084093 
1.575863 0.656680 -0.022003 1.373630 0.180470 0.128116 1.364788 0.386172 -0.024484 1.320540 0.741368 -0.001239 1.110688 0.636282 0.061080 1.108138 0.580380 0.086554 
1.576053 0.670086 -0.033771 1.332056 0.179447 0.210086 1.329534 0.673625 0.025105 1.330272 0.606923 0.043653 1.116981 0.624769 0.074296 1.128466 0.425866 0.118678 1.113436 0.624402 0.078454 
1.342042 0.614811 0.040517 1.316525 0.177080 0.318436 1.565353 0.683008 -0.047143 1.335989 0.611390 0.046420 1.120761 0.603858 0.114207 1.112568 0.413185 0.205770 
1.343492 0.573905 0.075787 1.315209 0.190031 0.424835 1.549385 0.688370 -0.057071 1.336193 0.620589 0.049123 1.122875 0.595625 0.162413 1.110939 0.405824 0.296507 
1.342805 0.565740 0.107160 1.126863 0.598107 0.205261 1.536037 0.678560 -0.053103 1.332498 0.618886 0.069639 1.335894 0.216906 0.495851 1.122826 0.419641 0.360335 
1.518156 0.661970 -0.038474 1.133949 0.605223 0.249010 1.339962 0.572582 0.135890 1.327613 0.612071 0.105958 1.376755 0.249487 0.537940 1.148448 0.439972 0.408937 
1.498793 0.652187 -0.022396 1.336972 0.584267 0.167645 1.323774 0.615171 0.142128 1.134229 0.640692 0.242832 1.155903 0.587207 0.299175 1.431696 0.284281 0.563229 1.184852 0.463377 0.448455 
1.484836 0.652834 -0.010373 1.334662 0.614669 0.202784 1.145429 0.662234 0.284760 1.175896 0.608672 0.348277 1.380954 0.393237 0.362030 1.425274 0.365467 0.468811 
1.483646 0.655690 -0.000224 1.353896 0.630835 0.227349 1.166105 0.687251 0.316734 1.206044 0.635325 0.387960 1.420291 0.425707 0.391282 1.473077 0.405263 0.489961 
1.494880 0.658292 0.012187 1.376872 0.653475 0.243002 1.186048 0.724687 0.326560 1.232306 0.674906 0.408279 1.452554 0.464152 0.416255 1.503020 0.454550 0.513431 
1.507259 0.673468 0.006817 1.396650 0.681648 0.239181 1.471217 0.503545 0.435682 1.209966 0.756107 0.319787 1.342723 0.642441 0.420766 
1.529182 0.683347 -0.006803 1.417047 0.700258 0.228779 1.488835 0.535699 0.440066 1.223278 0.779245 0.291273 1.357493 0.670947 0.405475 
1.396834 0.771833 0.199035 1.375203 0.657026 0.334733 1.478176 0.563604 0.423113 1.813643 0.689324 0.230208 
1.778159 0.739429 0.366789 1.339430 0.822841 0.229558 1.142392 0.852953 0.260873 1.453173 0.576078 0.388810 1.370661 0.651099 0.339335 
1.117929 1.055924 0.425511 1.635897 0.690017 0.348374 1.304333 0.817178 0.291423 1.444063 0.571859 0.377849 1.360617 0.652033 0.379208 
1.173310 1.235343 0.520587 1.450345 0.564339 0.371129 1.451951 0.701410 0.331103 1.291984 0.806521 0.356434 1.411236 0.615401 0.235427 1.340984 0.673624 0.343163 
1.290070 0.813498 0.434963 1.222447 1.303472 0.568282 1.237782 0.690438 0.232914 1.453348 0.561884 0.357248 1.347196 0.667718 0.368353 
1.277864 1.313828 0.610158 1.284781 0.830410 0.432358 1.118472 0.782539 0.231368 1.445438 0.567276 0.339317 1.355402 0.657931 0.377566 
1.018432 0.929831 0.235916 1.383302 1.243735 0.668383 1.277165 0.846357 0.435880 1.431584 0.575702 0.320990 1.371631 0.638499 0.386858 
0.997627 1.050401 0.256489 1.445055 1.194692 0.678400 1.269535 0.861950 0.429711 1.412614 0.590711 0.304748 1.397194 0.616481 0.392414 
1.026661 1.018401 0.257827 1.457664 1.169940 0.670828 1.262341 0.862734 0.416206 1.392258 0.611107 0.289507 1.432514 0.596318 0.394040 
1.453985 1.146138 0.658541 1.251340 0.854934 0.397248 1.096862 0.870473 0.255162 1.368911 0.631156 0.283546 1.455074 0.591807 0.412156 
1.445548 1.111314 0.639157 1.236180 0.857075 0.359691 1.203869 0.735486 0.236737 1.348044 0.638355 0.389632 
1.440143 1.074326 0.619128 1.390629 0.710941 0.312356 1.377206 0.830025 0.033216 1.348490 0.631760 0.286617 1.327839 0.638387 0.214927 
1.538218 0.794443 -0.048941 1.220141 0.761728 0.310530 1.377701 0.846113 -0.020286 1.471888 0.669440 0.295547 1.296470 0.679003 0.310447 1.396694 0.608369 0.171780 
1.643088 0.891805 0.582015 1.234359 0.739895 0.273836 1.436157 0.785870 -0.018714 1.509483 0.651143 0.278142 1.286433 0.679641 0.269551 1.307634 0.654844 0.266764 
1.638749 0.876728 0.572439 1.232984 0.733911 0.258423 1.431029 0.781730 -0.026648 1.503193 0.646010 0.262796 1.281184 0.676090 0.247549 1.303726 0.648946 0.251468 
1.625839 0.864501 0.565136 1.400791 0.807895 -0.045429 1.480649 0.646770 0.248907 1.223359 0.735766 0.253572 1.279035 0.669801 0.240376 1.302724 0.642575 0.231003 
1.551431 0.806429 -0.111297 1.385414 0.849084 -0.075001 1.447441 0.655739 0.238564 1.300093 0.638499 0.205212 1.273154 0.668763 0.223931 
1.548133 0.838559 -0.135487 1.415217 0.903785 -0.119445 1.403111 0.678738 0.232967 1.296872 0.636409 0.177750 1.260290 0.680267 0.193645 
1.584172 0.855695 -0.161519 1.546575 0.979941 -0.164374 1.335554 0.747557 0.232298 1.288173 0.646168 0.295331 1.292703 0.637321 0.150051 
1.675770 0.993450 -0.156818 1.684284 0.877411 -0.177919 1.327013 0.773342 0.228355 1.164645 0.784300 0.234199 1.329236 0.587794 0.388110 
1.776456 0.888784 -0.170893 1.763991 0.990381 -0.128273 1.321376 0.795898 0.221964 1.161120 0.783112 0.217377 1.325282 0.579768 0.362528 
1.807306 1.010700 -0.105899 1.827110 0.920926 -0.159605 1.309600 0.822740 0.216678 1.158406 0.781713 0.203816 1.322804 0.572640 0.339500 
1.824324 1.048354 -0.092067 1.848966 0.979323 -0.146958 1.292024 0.858859 0.210350 1.155035 0.781555 0.191645 1.319295 0.567542 0.318253 
1.939122 1.005003 -0.069528 1.830153 1.010246 -0.098356 1.344960 0.753153 0.200938 1.151754 0.783122 0.183315 1.317000 0.564274 0.298037 
1.845048 0.911733 -0.082681 1.475534 0.647533 0.194462 1.146047 0.788744 0.174597 1.310471 0.565465 0.281138 1.618134 0.790273 0.495031 1.611726 0.660122 -0.187098 
1.830248 0.860374 -0.083512 1.594741 0.613438 0.195417 1.140702 0.795739 0.163285 1.303247 0.568148 0.270607 1.580404 0.825995 0.481698 1.704088 0.718029 -0.209322 
1.831431 0.872657 -0.087373 1.616323 0.612589 0.197706 1.137128 0.800943 0.155145 1.298007 0.570436 0.264527 1.561820 0.835698 0.477854 1.716984 0.748818 -0.219863 
1.838471 0.861306 -0.075242 1.622636 0.612310 0.197547 1.134950 0.804569 0.150942 1.295050 0.571908 0.261085 1.558976 0.837301 0.476928 1.727240 0.752680 -0.219463 
1.837702 0.837383 -0.062953 1.626600 0.611982 0.196590 1.132863 0.808820 0.148696 1.292628 0.573724 0.260056 1.559901 0.837015 0.476622 1.732533 0.745419 -0.214931 
1.821867 0.812088 -0.062648 1.631066 0.611628 0.196410 1.131004 0.812940 0.149239 1.290498 0.576003 0.262550 1.559155 0.836825 0.476172 1.729464 0.734712 -0.209581 
1.557127 0.836560 0.475612 1.716470 0.719153 -0.202163 1.788653 0.782039 -0.070416 1.637087 0.611132 0.196621 1.129193 0.817897 0.152126 1.288887 0.578842 0.268792 
1.555674 0.835862 0.475566 1.693583 0.700670 -0.192365 1.741280 0.754903 -0.081837 1.641580 0.610481 0.196560 1.127645 0.822347 0.158595 1.287488 0.582242 0.279666 
1.554450 0.834208 0.476743 1.658604 0.678279 -0.176834 1.680095 0.733771 -0.092081 1.639846 0.609537 0.196808 1.126409 0.827419 0.167818 1.286974 0.586395 0.295168 
1.623440 0.657867 -0.155278 1.553172 0.833206 0.477515 1.125349 0.832168 0.180488 1.286479 0.591729 0.315186 1.610533 0.714927 -0.090294 1.642411 0.608770 0.196785 
1.578803 0.637676 -0.124425 1.551928 0.831218 0.480103 1.124599 0.837994 0.196416 1.286976 0.598589 0.339929 1.535949 0.707014 -0.078648 1.635211 0.607774 0.196554 
1.530063 0.619747 -0.083991 1.550450 0.828072 0.485261 1.123973 0.844132 0.214805 1.286747 0.608015 0.369110 1.467263 0.710505 -0.058669 1.612428 0.607151 0.196877 
1.486160 0.607022 -0.033814 1.547906 0.825826 0.491099 1.124220 0.850421 0.234278 1.288915 0.618785 0.401806 1.411674 0.721556 -0.032648 1.581209 0.610331 0.199087 
1.473729 0.602435 0.000281 1.545277 0.829080 0.491648 1.243555 0.689590 0.319308 1.234083 0.699579 0.153286 1.374890 0.720620 0.005860 1.586394 0.611507 0.201680 
1.471992 0.600846 0.018598 1.569014 0.623532 0.135060 1.544218 0.831486 0.491151 1.234541 0.703154 0.342477 1.226986 0.703634 0.174130 
1.476364 0.600813 0.021865 1.566480 0.626580 0.139989 1.544359 0.833038 0.490025 1.227808 0.711450 0.348229 1.221246 0.709180 0.177882 
1.480732 0.601187 0.016226 1.569281 0.626389 0.140875 1.543779 0.833737 0.489345 1.225610 0.712428 0.341815 1.219396 0.712181 0.170375 
1.486867 0.601843 0.005151 1.576858 0.624279 0.139056 1.543987 0.833534 0.488648 1.227567 0.708076 0.329576 1.221001 0.712241 0.158817 
1.493829 0.603182 -0.007736 1.545215 0.832962 0.487925 1.232841 0.700654 0.315023 1.225117 0.710652 0.146507 1.393750 0.710317 0.009503 1.599011 0.615149 0.204969 
1.499958 0.604494 -0.018937 1.546855 0.832006 0.487378 1.116613 0.865500 0.244078 1.276784 0.637527 0.421374 1.406385 0.709458 -0.002514 1.600252 0.614547 0.204045 
1.503612 0.605022 -0.025468 1.548401 0.830891 0.487145 1.118214 0.862599 0.239808 1.279897 0.632441 0.413855 1.414468 0.708612 -0.009389 1.601137 0.613753 0.203190 
1.504271 0.604949 -0.026880 1.549399 0.829993 0.487057 1.118726 0.861586 0.239721 1.280815 0.631018 0.412685 1.415903 0.708219 -0.010512 1.601639 0.613206 0.202537 
1.507700 0.604759 -0.029020 1.549103 0.830034 0.486362 1.117264 0.862935 0.239263 1.278366 0.631982 0.412383 1.417112 0.705557 -0.008627 1.605337 0.612690 0.202664 
1.510840 0.603758 -0.031339 1.548230 0.829826 0.486274 1.114595 0.865444 0.236134 1.273804 0.633678 0.410585 1.421013 0.702415 -0.008204 1.604736 0.612355 0.203216 
1.513325 0.602619 -0.032869 1.545451 0.831715 0.486932 1.113051 0.866336 0.229954 1.270317 0.634927 0.407824 1.425767 0.700299 -0.010225 1.602964 0.612383 0.205468 
1.514353 0.602201 -0.032751 1.536011 0.839193 0.488514 1.113256 0.866140 0.216879 1.268619 0.636059 0.401845 1.431763 0.701795 -0.017875 1.597315 0.614382 0.212834 
1.519278 0.602402 -0.033361 1.525150 0.849071 0.489362 1.111775 0.869648 0.201509 1.263483 0.640430 0.394251 1.442602 0.702076 -0.024194 1.591559 0.618370 0.221571 
1.533708 0.600625 -0.033057 1.524989 0.854768 0.493045 1.107211 0.877907 0.191684 1.254585 0.646592 0.388851 1.465467 0.691598 -0.015248 1.592870 0.621238 0.228998 
1.537964 0.598242 -0.028166 1.524365 0.854712 0.492432 1.102711 0.882277 0.192835 1.246893 0.651918 0.391628 1.464178 0.686751 -0.005278 1.595397 0.621636 0.230116 
1.530394 0.597283 -0.021398 1.521295 0.852908 0.490921 1.100617 0.882714 0.197560 1.243308 0.654802 0.397987 1.449097 0.689008 -0.001396 1.594333 0.620945 0.228436 
1.520936 0.597416 -0.015356 1.516995 0.851996 0.490191 1.099987 0.881244 0.202918 1.242390 0.655898 0.404009 1.433937 0.693813 -0.000540 1.591305 0.620493 0.227568 
1.514886 0.597862 -0.009774 1.513153 0.854428 0.491951 1.099756 0.881184 0.205078 1.241580 0.657802 0.407734 1.426708 0.696975 0.000966 1.587749 0.621436 0.230094 
1.512488 0.598043 -0.005015 1.509772 0.858325 0.494580 1.098285 0.883528 0.205701 1.238540 0.661657 0.410493 1.424327 0.697925 0.004141 1.584517 0.623188 0.234496 
1.510367 0.598293 0.001289 1.506323 0.864271 0.498583 1.096516 0.887180 0.206747 1.234903 0.667144 0.414216 1.423160 0.698544 0.008883 1.580893 0.625840 0.241088 
1.507070 0.598805 0.010177 1.582422 0.626369 0.183027 1.502141 0.872609 0.504060 1.094382 0.892068 0.208961 1.230615 0.674556 0.419776 
1.500482 0.599639 0.021903 1.576081 0.629609 0.193660 1.498076 0.882515 0.511199 1.091764 0.898563 0.212316 1.224516 0.684805 0.427460 
1.492024 0.600622 0.035168 1.567503 0.633357 0.203042 1.495107 0.890771 0.517915 1.088728 0.905185 0.218534 1.217982 0.695817 0.437151 
1.483898 0.602077 0.047972 1.558975 0.637490 0.211480 1.490789 0.898465 0.523163 1.085521 0.911345 0.224790 1.211697 0.706484 0.446754 
1.478865 0.603594 0.059677 1.551871 0.641959 0.221561 1.484172 0.906782 0.527421 1.081447 0.918451 0.230403 1.205358 0.716888 0.455139 
1.477892 0.604595 0.068697 1.545886 0.646558 0.233088 1.478040 0.915822 0.531756 1.074724 0.928466 0.235601 1.195346 0.729465 0.462548 
1.472455 0.606051 0.072073 1.536086 0.650044 0.236519 1.474199 0.919697 0.533166 1.067811 0.939301 0.236029 1.183113 0.742156 0.466432 
1.465311 0.608646 0.066889 1.527438 0.651666 0.229581 1.472330 0.917216 0.529600 1.063368 0.946717 0.232514 1.174691 0.748827 0.464606 
1.462665 0.611041 0.053723 1.525285 0.650766 0.216555 1.473421 0.910015 0.522817 1.063196 0.947111 0.225421 1.173407 0.745893 0.456344 
1.466422 0.613506 0.032874 1.530339 0.648116 0.197092 1.477532 0.897844 0.511529 1.066643 0.940968 0.216301 1.179543 0.733133 0.441151 
1.479870 0.613469 0.010055 1.544164 0.642612 0.181833 1.485218 0.884521 0.502491 1.073247 0.928950 0.205544 1.192039 0.712276 0.421315 
1.493068 0.613650 -0.009768 1.494198 0.873043 0.495764 1.082541 0.912893 0.196970 1.209481 0.689031 0.402196 1.411692 0.714715 0.003196 1.554251 0.638346 0.230608 
1.500398 0.615982 -0.023435 1.498561 0.870856 0.495965 1.092547 0.898554 0.190441 1.227526 0.670258 0.386803 1.432186 0.716560 -0.016028 1.558191 0.636136 0.228386 
1.504456 0.618074 -0.031754 1.500785 0.869999 0.495924 1.096889 0.892784 0.187749 1.235562 0.661999 0.378376 1.444100 0.718595 -0.026561 1.559955 0.635187 0.227198 
1.507902 0.617858 -0.034616 1.501180 0.869379 0.495368 1.095822 0.893829 0.187209 1.233559 0.662379 0.376749 1.447830 0.716583 -0.026484 1.561200 0.634538 0.226950 
1.510774 0.616352 -0.033991 1.500948 0.869103 0.494742 1.092252 0.898341 0.187562 1.226887 0.667148 0.378469 1.447311 0.712429 -0.020589 1.562159 0.634266 0.227208 
1.510974 0.614780 -0.031108 1.500846 0.868860 0.494225 1.089227 0.902494 0.188684 1.221151 0.672057 0.382014 1.443657 0.709434 -0.014293 1.563028 0.634037 0.227380 
1.509785 0.613909 -0.028222 1.500788 0.868561 0.493587 1.087755 0.904385 0.190993 1.218840 0.674538 0.385466 1.439360 0.708547 -0.010635 1.564182 0.633788 0.227600 
1.508447 0.613705 -0.026797 1.500578 0.868236 0.492990 1.087434 0.904608 0.192799 1.218881 0.674816 0.387316 1.436668 0.708888 -0.009885 1.564729 0.633588 0.227747 
1.757404 0.743250 0.422183 1.087479 0.904516 0.193192 1.219494 0.674168 0.387303 1.828278 0.614595 0.267269 1.508354 0.613705 -0.026938 2.207254 0.925650 0.711098 1.769794 0.788170 0.164375 
1.750269 0.731430 0.411479 1.087500 0.904476 0.192763 1.219913 0.673469 0.386571 1.819445 0.604739 0.253617 1.509024 0.613748 -0.027786 2.228395 0.862482 0.694056 1.745487 0.811518 0.157185 
1.748171 0.726969 0.406029 1.087558 0.904341 0.192114 1.220197 0.672840 0.385558 1.816663 0.601282 0.247541 1.510006 0.613851 -0.028914 2.235991 0.838865 0.684721 1.738199 0.818597 0.154861 
1.748079 0.726126 0.404822 1.087806 0.903993 0.191743 1.220678 0.672272 0.384903 1.816407 0.600747 0.246318 1.510462 0.613988 -0.029581 2.238097 0.834958 0.683059 1.737247 0.818150 0.155558 
1.748066 0.726262 0.405386 1.087987 0.903737 0.191753 1.220997 0.672039 0.384800 1.816408 0.600916 0.246837 1.510551 0.614045 -0.029688 2.237762 0.835802 0.683856 1.737222 0.817775 0.156384 
1.747832 0.726523 0.406318 1.088031 0.903671 0.191844 1.221041 0.672049 0.384866 1.816223 0.601142 0.247783 1.510474 0.614055 -0.029591 2.235709 0.837946 0.685409 1.737557 0.817252 0.156498 
1.747437 0.726585 0.407010 1.088036 0.903658 0.191876 1.221015 0.672086 0.384885 1.815807 0.601196 0.248526 1.510434 0.614057 -0.029528 2.234056 0.838926 0.686155 1.737121 0.818278 0.156371 
1.747162 0.726624 0.407478 1.088036 0.903653 0.191907 1.220995 0.672113 0.384903 1.815514 0.601228 0.249025 1.510406 0.614056 -0.029483 2.232952 0.839569 0.686637 1.736800 0.818987 0.156307 
1.747066 0.726637 0.407635 1.088034 0.903656 0.191919 1.220986 0.672124 0.384910 1.815412 0.601238 0.249193 1.510398 0.614055 -0.029466 2.232543 0.839800 0.686815 1.736716 0.819192 0.156253 
1.747064 0.726639 0.407637 1.088032 0.903658 0.191919 1.220984 0.672127 0.384911 1.815411 0.601239 0.249194 1.510398 0.614055 -0.029465 2.232540 0.839802 0.686818 1.736714 0.819193 0.156255 
2.324690 0.811217 0.630014 1.750765 0.738209 0.422493 1.686218 0.950435 0.275194 1.087960 0.904264 0.189728 1.219330 0.673414 0.384783 1.510294 0.613449 -0.029053 1.814955 0.606769 0.266260 
2.286689 0.797800 0.638149 1.738302 0.736294 0.433929 1.675979 0.988086 0.272298 1.087279 0.905086 0.186733 1.216228 0.674514 0.381440 1.513055 0.613914 -0.031917 1.801552 0.606224 0.280402 
1.727643 0.745869 0.455029 1.085280 0.908134 0.178559 1.209558 0.676890 0.373908 1.792042 0.618345 0.314853 1.520042 0.613040 -0.036451 2.137893 0.949245 0.713131 1.708131 0.881699 0.176258 
1.790662 0.652796 0.365636 1.523236 0.613236 -0.039136 1.733843 0.776063 0.477924 1.084383 0.911639 0.168625 1.204676 0.679445 0.366931 2.021619 1.086662 0.688482 1.741748 0.851730 0.172799 
1.797155 0.704906 0.413832 1.527703 0.613077 -0.038222 1.756234 0.817638 0.486983 1.082059 0.915778 0.161253 1.200327 0.682061 0.362267 1.933338 1.198522 0.603491 1.772780 0.837617 0.201845 
1.768730 0.852189 0.492146 1.534075 0.611513 -0.032091 1.903240 1.250331 0.530975 1.807936 0.748592 0.440313 1.077723 0.923616 0.155527 1.192710 0.689099 0.361208 
1.781494 0.884729 0.491396 1.539139 0.609370 -0.021244 1.914223 1.282510 0.483645 1.820696 0.783041 0.454879 1.072661 0.934069 0.151940 1.183169 0.700017 0.363455 
1.784098 0.920808 0.503164 1.538739 0.607731 -0.007551 1.967566 1.304456 0.475161 1.828175 0.811159 0.466830 1.066969 0.946371 0.150747 1.171973 0.713852 0.369081 
1.795835 0.962671 0.503559 1.532688 0.606695 0.006973 2.035698 1.332644 0.445416 1.849895 0.841771 0.466281 1.060335 0.959403 0.151501 1.159549 0.729069 0.376948 
1.146493 0.745449 0.385638 1.522957 0.606320 0.021914 1.053639 0.972713 0.151810 1.810249 0.993019 0.490423 2.053583 1.368042 0.394633 1.875694 0.862949 0.453486 
1.132824 0.762901 0.394090 1.510496 0.606741 0.036838 1.927002 1.377192 0.338546 2.016487 0.938340 0.563839 1.890437 0.887138 0.445915 1.047183 0.986186 0.150378 1.820961 1.018449 0.475486 
1.118894 0.781112 0.401930 1.495557 0.608407 0.050264 1.833739 1.318593 0.290413 2.069203 1.022161 0.538143 1.894814 0.930865 0.446266 1.041071 0.999698 0.148149 1.829429 1.048128 0.459769 
1.105492 0.798728 0.408423 1.480198 0.610488 0.062360 1.035263 1.012578 0.145632 1.853375 1.102319 0.400475 1.958775 1.287387 0.232870 1.894699 1.033265 0.431152 
1.092783 0.813959 0.413592 1.465443 0.612929 0.072154 1.028188 1.024843 0.144933 1.860100 1.140101 0.354345 1.991533 1.244055 0.264330 1.896619 1.094688 0.393571 
1.078478 0.831288 0.417510 1.447185 0.616676 0.080019 1.021899 1.037669 0.139915 1.950688 1.210907 0.280879 1.889624 1.141026 0.356452 1.829044 1.157040 0.214531 1.861522 1.155080 0.303951 
1.891435 1.191657 0.235393 1.065435 0.846301 0.419145 1.433207 0.619467 0.086833 1.015164 1.050848 0.134680 1.856806 1.157286 0.231598 
1.885992 1.193348 0.151518 1.053633 0.862219 0.424546 1.417601 0.621782 0.093401 1.007188 1.065997 0.136108 1.836086 1.143775 0.136339 
1.046380 0.877861 0.436689 1.398721 0.625113 0.098490 1.000146 1.079840 0.148400 1.814505 1.129052 0.085979 1.898739 1.199692 0.093333 1.874112 1.166139 0.052411 
1.045640 0.890845 0.453541 1.378972 0.629982 0.103852 0.996547 1.089426 0.168820 1.796772 1.126204 0.055617 1.912123 1.204175 0.062642 1.861462 1.146366 0.004740 
1.052603 0.895235 0.471018 1.367540 0.635183 0.109761 0.997232 1.091444 0.192855 1.922290 1.200767 0.047639 1.857781 1.136065 -0.010966 1.800298 1.131638 0.176273 1.797220 1.127482 0.058541 
1.058312 0.896039 0.479711 1.362976 0.638710 0.115337 0.999221 1.091237 0.203603 1.922446 1.198431 0.050861 1.860237 1.132868 -0.008081 1.801377 1.125740 0.177148 1.798638 1.122295 0.061249 
1.057352 0.901268 0.480901 1.363684 0.639299 0.120095 0.999493 1.096079 0.202130 1.921645 1.197605 0.053354 1.861235 1.130758 -0.005554 1.802196 1.122027 0.177375 1.799664 1.119356 0.063120 
1.054143 0.907559 0.479663 1.367386 0.638371 0.124923 0.998924 1.101946 0.196952 1.920618 1.197867 0.054575 1.860889 1.130006 -0.004039 1.802553 1.121137 0.177424 1.800074 1.118708 0.064176 
1.052391 0.912281 0.479935 1.369934 0.638028 0.129613 0.998612 1.105924 0.194908 1.919476 1.198007 0.055306 1.859272 1.131875 -0.002373 1.803692 1.123654 0.177899 1.800500 1.121241 0.065521 
1.052539 0.915289 0.482751 1.369740 0.638823 0.133600 0.998591 1.107682 0.196790 1.919483 1.198583 0.055236 1.858082 1.131895 -0.002536 1.803596 1.124608 0.178072 1.800005 1.122155 0.065765 
1.053129 0.917461 0.485842 1.368833 0.639813 0.136751 0.998592 1.108655 0.199796 1.919719 1.199145 0.055245 1.857362 1.131555 -0.002804 1.803328 1.124861 0.178310 1.799456 1.122431 0.065954 
1.053522 0.919148 0.488077 1.368060 0.640588 0.139131 0.998654 1.109322 0.201884 1.919995 1.199597 0.055265 1.856902 1.131222 -0.003030 1.803105 1.124943 0.178568 1.799051 1.122546 0.066074 
1.053649 0.920311 0.489267 1.367702 0.641032 0.140701 0.998708 1.109834 0.202914 1.920211 1.199922 0.055248 1.856561 1.130981 -0.003218 1.802931 1.125020 0.178780 1.798779 1.122642 0.066103 
1.052164 0.922533 0.489715 1.365504 0.641690 0.141524 0.998022 1.111358 0.202078 1.920550 1.200489 0.054577 1.855908 1.131148 -0.004547 1.802340 1.125235 0.178010 1.797875 1.123238 0.065250 
1.048049 0.926946 0.489696 0.995987 1.114436 0.199482 1.920547 1.200638 0.053356 1.855728 1.131399 -0.006363 1.385827 0.625259 0.240021 1.135899 0.799796 0.119789 1.801135 1.125151 0.176800 1.796160 1.123440 0.063962 
1.043043 0.931324 0.488867 0.993536 1.117486 0.195591 1.920129 1.200493 0.052419 1.856093 1.131956 -0.007835 1.384468 0.623423 0.232185 1.134797 0.798164 0.117142 1.799842 1.124580 0.175372 1.794384 1.123306 0.062809 
1.037938 0.934873 0.487030 0.991170 1.120085 0.191084 1.919508 1.200126 0.051862 1.856857 1.132689 -0.008709 1.382867 0.621442 0.223482 1.133457 0.796775 0.113464 1.798750 1.123757 0.174185 1.792939 1.122961 0.061936 
1.032843 0.938003 0.484601 0.988943 1.122517 0.185972 1.919119 1.199794 0.050932 1.857501 1.133381 -0.009982 1.381479 0.619344 0.214237 1.132246 0.795372 0.109259 1.797555 1.123172 0.172972 1.791435 1.122791 0.060695 
1.027998 0.940485 0.481787 0.986869 1.124510 0.180848 1.783582 1.122090 0.048782 1.918521 1.199306 0.050428 1.858390 1.134148 -0.010677 1.380226 0.617316 0.205001 1.131130 0.794103 0.104554 
1.023237 0.942830 0.478671 0.985068 1.127093 0.175422 1.782362 1.121988 0.047682 1.918254 1.199053 0.049736 1.858736 1.134581 -0.011761 1.379397 0.615556 0.197385 1.130752 0.792666 0.099280 
1.019532 0.945191 0.475927 1.332810 0.647497 0.122009 0.983933 1.129454 0.170760 1.781677 1.122029 0.047079 1.918079 1.199013 0.049658 1.858795 1.134811 -0.012268 
1.015604 0.949013 0.473681 0.982766 1.132821 0.166191 1.780567 1.122454 0.045938 1.918294 1.199387 0.048910 1.858284 1.134739 -0.013782 1.378048 0.614300 0.190443 1.130884 0.791048 0.091716 
1.011953 0.953507 0.472275 0.981664 1.136324 0.162551 1.779446 1.122881 0.045029 1.918541 1.199860 0.048360 1.857664 1.134515 -0.015138 1.377344 0.614213 0.188868 1.130937 0.790596 0.089322 
1.007990 0.959095 0.471155 0.980509 1.140475 0.158859 1.778777 1.123378 0.045013 1.918238 1.200352 0.049057 1.857451 1.135095 -0.015204 1.376747 0.614152 0.187418 1.131064 0.790092 0.087236 
1.004272 0.964797 0.470383 0.979451 1.144456 0.155632 1.778119 1.123782 0.045113 1.917946 1.200823 0.049839 1.857231 1.135540 -0.015162 1.376028 0.614250 0.186463 1.131037 0.789811 0.085719 
1.000317 0.971131 0.469634 0.978355 1.148865 0.152149 1.777393 1.124246 0.045220 1.917625 1.201353 0.050657 1.857006 1.136066 -0.015134 1.375345 0.614355 0.185499 1.131016 0.789494 0.084361 
0.996591 0.977476 0.469089 0.977350 1.153083 0.149024 1.776647 1.124646 0.045336 1.917356 1.201877 0.051444 1.856721 1.136421 -0.015138 1.374563 0.614591 0.184977 1.130890 0.789346 0.083385 
0.992650 0.984369 0.468491 0.976325 1.157684 0.145593 1.775850 1.125107 0.045457 1.917054 1.202468 0.052304 1.856434 1.136875 -0.015150 1.373807 0.614819 0.184369 1.130750 0.789176 0.082526 
0.988935 0.991221 0.468039 0.975385 1.162082 0.142490 1.775038 1.125493 0.045581 1.916795 1.203046 0.053133 1.856098 1.137159 -0.015191 1.372958 0.615166 0.184149 1.130517 0.789160 0.081963 
0.985019 0.998583 0.467489 0.974441 1.166829 0.139040 1.774183 1.125944 0.045706 1.916501 1.203688 0.054041 1.855760 1.137551 -0.015239 1.372132 0.615493 0.183818 1.130256 0.789130 0.081503 
0.981328 1.005881 0.467051 0.973579 1.171369 0.135901 1.773322 1.126328 0.045834 1.916244 1.204303 0.054905 1.855379 1.137786 -0.015306 1.371223 0.615930 0.183850 1.129921 0.789238 0.081286 
0.977451 1.013671 0.466487 0.972728 1.176235 0.132393 1.772424 1.126770 0.045960 1.915954 1.204984 0.055860 1.855001 1.138127 -0.015384 1.370338 0.616343 0.183750 1.129546 0.789346 0.081169 
