1.471220 0.282394 0.004853 1.480312 0.145989 0.003838 1.267000 0.126605 0.003794 1.254754 0.264057 0.004818 
1.471220 0.282397 0.004863 1.480312 0.145992 0.003944 1.267000 0.126608 0.003905 1.254754 0.264061 0.004832 
1.471235 0.282392 0.004888 1.480325 0.145986 0.004071 1.267013 0.126607 0.003974 1.254769 0.264060 0.004798 
1.471240 0.282315 0.004863 1.480337 0.145908 0.004248 1.267026 0.126518 0.004098 1.254775 0.263972 0.004717 
1.471090 0.282506 0.004851 1.480292 0.146107 0.004172 1.266996 0.126553 0.003925 1.254639 0.263997 0.004607 
1.471090 0.282508 0.004861 1.480293 0.146109 0.004249 1.266996 0.126555 0.004024 1.254639 0.263999 0.004639 
1.471100 0.282467 0.004849 1.480308 0.146067 0.004402 1.267013 0.126504 0.004127 1.254650 0.263949 0.004574 
1.471127 0.282552 0.004941 1.480374 0.146155 0.004536 1.267084 0.126532 0.004100 1.254682 0.263973 0.004502 
1.471043 0.282561 0.004918 1.480425 0.146173 0.004789 1.267156 0.126337 0.004126 1.254618 0.263766 0.004246 
1.470604 0.282202 0.004068 1.480167 0.145829 0.004950 1.266924 0.125708 0.004636 1.254203 0.263117 0.003740 
1.470521 0.282038 0.003817 1.480116 0.145669 0.005046 1.266877 0.125498 0.004855 1.254124 0.262902 0.003611 
1.470473 0.282036 0.003857 1.480111 0.145670 0.005051 1.266879 0.125430 0.004896 1.254082 0.262830 0.003688 
1.470422 0.281705 0.003526 1.480107 0.145349 0.005339 1.266882 0.125034 0.005157 1.254038 0.262423 0.003323 
1.470422 0.281700 0.003660 1.480108 0.145342 0.005308 1.266883 0.125027 0.005143 1.254039 0.262418 0.003476 
1.470423 0.281695 0.003781 1.480109 0.145336 0.005280 1.266884 0.125021 0.005131 1.254039 0.262414 0.003615 
1.470424 0.281691 0.003891 1.480110 0.145330 0.005255 1.266885 0.125016 0.005120 1.254040 0.262410 0.003741 
1.470424 0.281687 0.003991 1.480111 0.145325 0.005232 1.266886 0.125011 0.005109 1.254040 0.262406 0.003854 
1.470425 0.281683 0.004081 1.480112 0.145321 0.005211 1.266886 0.125006 0.005099 1.254041 0.262402 0.003957 
1.470425 0.281680 0.004163 1.480112 0.145317 0.005191 1.266887 0.125002 0.005090 1.254041 0.262399 0.004050 
1.470426 0.281677 0.004238 1.480113 0.145313 0.005174 1.266888 0.124999 0.005082 1.254042 0.262396 0.004135 
1.470426 0.281674 0.004305 1.480113 0.145310 0.005158 1.266888 0.124995 0.005074 1.254042 0.262394 0.004211 
1.470426 0.281672 0.004366 1.480114 0.145307 0.005144 1.266888 0.124992 0.005067 1.254043 0.262391 0.004280 
1.470427 0.281669 0.004421 1.480114 0.145304 0.005131 1.266889 0.124990 0.005061 1.254043 0.262389 0.004343 
1.470427 0.281667 0.004471 1.480115 0.145302 0.005120 1.266889 0.124987 0.005056 1.254043 0.262387 0.004400 
1.470427 0.281665 0.004516 1.480115 0.145300 0.005110 1.266889 0.124985 0.005051 1.254043 0.262385 0.004451 
1.470428 0.281664 0.004557 1.480115 0.145298 0.005101 1.266890 0.124983 0.005047 1.254044 0.262383 0.004497 
1.470428 0.281662 0.004594 1.480115 0.145296 0.005093 1.266890 0.124982 0.005043 1.254044 0.262382 0.004538 
1.470418 0.281643 0.004619 1.480106 0.145277 0.005097 1.266881 0.124962 0.005051 1.254034 0.262362 0.004568 
1.470448 0.281542 0.004640 1.480053 0.145169 0.005102 1.266815 0.124984 0.005062 1.254052 0.262392 0.004594 
1.470481 0.281378 0.004647 1.479974 0.144998 0.005122 1.266720 0.124988 0.005087 1.254069 0.262406 0.004607 
1.470499 0.281283 0.004659 1.479934 0.144899 0.005137 1.266671 0.124980 0.005107 1.254080 0.262404 0.004623 
1.470499 0.281282 0.004685 1.479934 0.144898 0.005137 1.266671 0.124979 0.005108 1.254080 0.262402 0.004652 
1.470499 0.281281 0.004709 1.479934 0.144897 0.005151 1.266671 0.124978 0.005123 1.254080 0.262402 0.004677 
1.470423 0.280953 0.004637 1.479861 0.144570 0.005283 1.266598 0.124647 0.005289 1.254004 0.262070 0.004636 
1.470423 0.280956 0.004664 1.479860 0.144574 0.005404 1.266598 0.124651 0.005408 1.254004 0.262073 0.004662 
1.470422 0.280966 0.004690 1.479859 0.144586 0.005717 1.266597 0.124663 0.005724 1.254003 0.262083 0.004686 
1.470421 0.280979 0.004711 1.479857 0.144602 0.006113 1.266595 0.124679 0.006124 1.254002 0.262096 0.004709 
1.470419 0.280999 0.004730 1.479855 0.144629 0.006704 1.266593 0.124706 0.006723 1.254000 0.262116 0.004730 
1.470416 0.281024 0.004747 1.479852 0.144665 0.007420 1.266589 0.124742 0.007446 1.253998 0.262140 0.004747 
1.470412 0.281065 0.004762 1.479846 0.144733 0.008582 1.266584 0.124810 0.008619 1.253994 0.262180 0.004763 
1.470406 0.281134 0.004776 1.479837 0.144871 0.010550 1.266576 0.124943 0.010607 1.253988 0.262244 0.004778 
1.470396 0.281242 0.004787 1.480554 0.145194 0.013607 1.267403 0.124108 0.013699 1.254084 0.261175 0.004795 
1.470697 0.280324 0.004657 1.482040 0.144701 0.017599 1.269086 0.121717 0.017825 1.254572 0.258329 0.004760 
1.470775 0.280267 0.004664 1.482389 0.145082 0.021392 1.269479 0.121729 0.022604 1.254692 0.257893 0.005730 
1.470804 0.280439 0.004686 1.482040 0.145901 0.026204 1.269059 0.123412 0.029552 1.254653 0.258935 0.007872 
1.470833 0.280618 0.004707 1.480835 0.146870 0.031188 1.267662 0.126751 0.036694 1.254499 0.261510 0.010035 
1.470881 0.280811 0.004727 1.480290 0.148184 0.036526 1.267060 0.129769 0.044975 1.254494 0.263422 0.012988 
1.470965 0.280787 0.004696 1.478320 0.149317 0.041457 1.264865 0.134908 0.051797 1.254370 0.267449 0.014828 
1.471006 0.281008 0.004720 1.475426 0.151243 0.047514 1.261790 0.142781 0.060383 1.254257 0.273686 0.017358 
1.471089 0.281272 0.004745 1.473929 0.154002 0.054588 1.260447 0.150372 0.071617 1.254512 0.278827 0.021535 
1.471174 0.281542 0.004770 1.472376 0.157256 0.061702 1.259225 0.159144 0.082699 1.254948 0.284666 0.025516 
1.471164 0.281824 0.004732 1.470258 0.160862 0.068428 1.257578 0.169254 0.092400 1.255436 0.291512 0.028430 
1.462419 0.283861 0.005174 1.463010 0.166942 0.076022 1.252239 0.181260 0.111352 1.248613 0.299521 0.040323 
1.423458 0.291013 0.012731 1.427805 0.176705 0.087596 1.221938 0.198669 0.142496 1.214590 0.314403 0.067692 
1.326759 0.684824 0.004705 1.322202 0.560741 0.061910 1.107477 0.583790 0.085484 1.115120 0.708736 0.027397 1.370183 0.290003 0.046210 1.376355 0.179964 0.127101 1.178607 0.216634 0.200782 1.169533 0.328269 0.120164 
1.326977 0.685496 0.004745 1.332112 0.563070 0.065368 1.117845 0.575139 0.099098 1.115697 0.698568 0.037416 1.331663 0.278455 0.114904 1.341114 0.176948 0.205991 1.151829 0.229168 0.291559 1.139566 0.332412 0.200816 
1.327160 0.690382 0.005024 1.340628 0.569880 0.068173 1.128618 0.575276 0.115248 1.118024 0.696856 0.050827 1.313196 0.260861 0.209179 1.328134 0.172737 0.312624 1.146496 0.240689 0.403552 1.128803 0.330646 0.300408 
1.324079 0.694138 0.008107 1.343545 0.575956 0.074015 1.135085 0.580148 0.135014 1.118386 0.699403 0.067610 1.310263 0.254767 0.301850 1.333385 0.181437 0.414889 1.159828 0.263508 0.509864 1.133987 0.338731 0.397091 
1.317245 0.687098 0.025838 1.342524 0.574045 0.098432 1.138534 0.580917 0.172826 1.115903 0.694956 0.098483 1.323539 0.269138 0.367147 1.354938 0.206612 0.484596 1.187757 0.296979 0.583398 1.153650 0.361412 0.466226 
1.307595 0.676870 0.056168 1.340122 0.571578 0.137072 1.142679 0.584548 0.226746 1.112637 0.690665 0.143797 1.351892 0.294373 0.408817 1.393147 0.239993 0.527268 1.231663 0.333525 0.632399 1.187687 0.389778 0.514307 
1.298675 0.675772 0.087893 1.338990 0.578431 0.175009 1.150103 0.599792 0.280172 1.112078 0.697763 0.190730 1.391221 0.324426 0.437567 1.443138 0.277352 0.554948 1.287359 0.371695 0.667686 1.232698 0.420584 0.550784 
1.295692 0.685161 0.113599 1.343819 0.595062 0.204460 1.164401 0.624931 0.323248 1.118354 0.715471 0.229833 1.435004 0.359209 0.461052 1.497713 0.319729 0.575938 1.348722 0.415568 0.696330 1.283262 0.456809 0.582058 
1.303343 0.697527 0.132717 1.358447 0.615874 0.227511 1.187081 0.654968 0.355179 1.133877 0.736850 0.257667 1.479604 0.400688 0.484359 1.551255 0.370465 0.596798 1.408462 0.470753 0.721016 1.334062 0.502711 0.609269 
1.320366 0.714742 0.139936 1.375923 0.642639 0.241937 1.206830 0.696809 0.367104 1.153136 0.768836 0.262352 1.510905 0.448483 0.507063 1.584044 0.428843 0.620883 1.441784 0.538644 0.737432 1.365890 0.560053 0.624181 
1.340075 0.736374 0.128688 1.396573 0.670534 0.234342 1.229144 0.733100 0.357819 1.174476 0.798685 0.249403 1.527179 0.495208 0.522992 1.600714 0.484252 0.637720 1.460345 0.605028 0.745364 1.384078 0.617826 0.631068 
1.359312 0.751232 0.103587 1.411907 0.691625 0.214810 1.239678 0.760077 0.328146 1.189019 0.819285 0.214251 1.538291 0.534169 0.524144 1.607596 0.532025 0.641966 1.461313 0.656871 0.736265 1.389231 0.660830 0.618653 
1.407712 0.737867 0.112667 1.418095 0.748506 0.248567 1.203471 0.780618 0.258528 1.196030 0.769422 0.121185 1.520845 0.565665 0.508317 1.582047 0.568620 0.630527 1.430787 0.698450 0.708902 1.366817 0.697331 0.586630 
1.376634 0.738400 0.145739 1.359157 0.799902 0.266577 1.149925 0.830099 0.216536 1.170534 0.767580 0.095249 1.494364 0.579099 0.490212 1.545797 0.582872 0.616823 1.391755 0.717167 0.680961 1.337609 0.715288 0.554041 
1.281036 0.742389 0.171706 1.295473 0.826399 0.278588 1.097368 0.905765 0.237977 1.085600 0.819825 0.130646 1.485019 0.576134 0.491642 1.531287 0.580964 0.620195 1.376827 0.718419 0.676104 1.327889 0.715518 0.547105 
1.179578 0.786210 0.187567 1.225307 0.870026 0.285411 1.053247 0.998034 0.250724 1.009518 0.911601 0.152433 1.491468 0.568657 0.488230 1.536737 0.573409 0.617140 1.381518 0.710406 0.672063 1.333577 0.707576 0.542689 
1.109978 0.834983 0.201163 1.172828 0.907494 0.298538 1.031432 1.068807 0.264205 0.969982 0.993316 0.166383 1.495225 0.563342 0.472683 1.541843 0.564965 0.601189 1.386932 0.700182 0.661161 1.337634 0.700487 0.532268 
1.070352 0.858923 0.217843 1.145100 0.919300 0.315091 1.031297 1.101690 0.283845 0.957445 1.038150 0.186108 1.487947 0.564472 0.451835 1.536249 0.561287 0.579689 1.383578 0.695976 0.646233 1.332612 0.701128 0.518093 
1.044744 0.861191 0.239800 1.135624 0.897893 0.335107 1.058847 1.100841 0.324573 0.968183 1.060912 0.228501 1.473567 0.569055 0.432717 1.521581 0.561453 0.560493 1.371362 0.697126 0.630526 1.320722 0.706752 0.502514 
1.047714 0.843603 0.274321 1.145269 0.871729 0.365873 1.095252 1.082429 0.348618 0.997470 1.051048 0.256433 1.454093 0.579504 0.411641 1.503316 0.566204 0.538487 1.358006 0.703793 0.614855 1.306217 0.719200 0.487873 
1.091620 0.794863 0.284055 1.186932 0.829854 0.375602 1.127611 1.037521 0.352167 1.032226 0.999252 0.260074 1.432789 0.596158 0.394129 1.481743 0.578103 0.520491 1.340168 0.717329 0.600806 1.288705 0.737560 0.474370 
1.167099 0.729870 0.267382 1.255163 0.778232 0.360095 1.159217 0.972484 0.344155 1.071668 0.920907 0.250779 1.408485 0.614143 0.388734 1.456082 0.593681 0.515248 1.318662 0.736940 0.595686 1.268628 0.759660 0.469099 
1.250001 0.675245 0.239400 1.327885 0.734950 0.334581 1.196625 0.907923 0.327885 1.119855 0.845196 0.231887 1.384517 0.628926 0.388953 1.430445 0.607349 0.515898 1.297414 0.755539 0.594765 1.249127 0.779455 0.467720 
1.329217 0.637130 0.214925 1.396357 0.705670 0.312313 1.236516 0.852786 0.313496 1.170998 0.781505 0.215158 1.365897 0.636649 0.389547 1.410394 0.614512 0.516904 1.281082 0.766822 0.594090 1.234294 0.791363 0.466604 
1.391484 0.611817 0.196924 1.450619 0.684926 0.296161 1.275049 0.812765 0.301231 1.217834 0.737144 0.200972 1.351961 0.637975 0.387700 1.394948 0.615325 0.515485 1.268576 0.770867 0.591080 1.223355 0.795972 0.463139 
1.422078 0.598469 0.178518 1.477454 0.671968 0.279619 1.295461 0.790297 0.288008 1.242133 0.714418 0.185820 1.345152 0.633547 0.380533 1.387307 0.609617 0.508362 1.262596 0.766313 0.584333 1.218240 0.792727 0.456353 
1.420869 0.593044 0.160970 1.475502 0.664177 0.264145 1.294014 0.783247 0.272989 1.241428 0.709745 0.168700 1.341337 0.625169 0.366850 1.382915 0.598883 0.494404 1.259201 0.755327 0.572493 1.215440 0.784116 0.444821 
1.404501 0.593459 0.144904 1.459835 0.661218 0.249960 1.281524 0.784982 0.258978 1.228186 0.714820 0.152787 1.340576 0.615314 0.346386 1.382156 0.585368 0.473130 1.258720 0.739739 0.555657 1.214962 0.772195 0.428866 
1.386545 0.594807 0.132167 1.443353 0.658848 0.238757 1.270553 0.790254 0.246901 1.215649 0.723738 0.139174 1.338035 0.606736 0.319562 1.379667 0.571885 0.445029 1.256843 0.723431 0.533494 1.213042 0.760798 0.408078 
1.373568 0.592717 0.124063 1.433632 0.652131 0.231544 1.269981 0.794797 0.239176 1.211659 0.732793 0.130557 1.334890 0.599690 0.290423 1.376652 0.559356 0.414193 1.254554 0.707406 0.509330 1.210632 0.750260 0.385724 
1.365295 0.586034 0.119511 1.432801 0.636908 0.226957 1.289482 0.799978 0.234828 1.223360 0.746306 0.126241 1.330568 0.595685 0.260156 1.372432 0.549653 0.381886 1.251320 0.693904 0.483873 1.207309 0.742457 0.362424 
1.377884 0.578150 0.112713 1.447239 0.625730 0.220490 1.310165 0.794027 0.229457 1.242087 0.743607 0.120520 1.326566 0.593015 0.233273 1.368387 0.542009 0.353019 1.248105 0.682675 0.460829 1.204148 0.736199 0.341468 
1.388325 0.571952 0.103116 1.458456 0.616219 0.211798 1.326821 0.788761 0.221560 1.257883 0.741625 0.111698 1.321891 0.591143 0.208070 1.363963 0.535227 0.325514 1.244996 0.672215 0.439351 1.200805 0.730643 0.322401 
1.387070 0.570330 0.095203 1.457865 0.610774 0.204940 1.333476 0.788606 0.214788 1.263765 0.745254 0.103860 1.318265 0.589902 0.185637 1.361022 0.529431 0.300549 1.243415 0.662395 0.420411 1.198552 0.725365 0.306104 
1.376475 0.572233 0.088327 1.447070 0.608299 0.199707 1.332832 0.792912 0.207549 1.263179 0.753885 0.094990 1.313753 0.590067 0.164907 1.357216 0.525348 0.277211 1.241215 0.654418 0.402760 1.195662 0.721621 0.291168 
1.402787 0.570440 0.081398 1.464923 0.616087 0.194293 1.321943 0.779451 0.202212 1.261237 0.731051 0.088124 1.308934 0.593241 0.146824 1.353327 0.524562 0.256379 1.239003 0.649540 0.387483 1.192536 0.720683 0.278747 
1.444959 0.576958 0.079986 1.492522 0.635547 0.193981 1.315061 0.760750 0.199002 1.269555 0.699826 0.083843 1.301215 0.599226 0.131664 1.345548 0.527384 0.239195 1.232790 0.649798 0.374021 1.186405 0.724098 0.267381 
1.461486 0.593467 0.081019 1.495477 0.659932 0.195548 1.298747 0.752078 0.195807 1.267217 0.683671 0.080177 1.295403 0.603727 0.121454 1.338304 0.530221 0.228441 1.225685 0.652063 0.363899 1.180748 0.728035 0.257819 
1.454783 0.600757 0.082146 1.485754 0.668736 0.196643 1.286188 0.754553 0.195018 1.257748 0.684707 0.079447 1.291646 0.606641 0.115183 1.333375 0.532200 0.221987 1.220727 0.653981 0.357477 1.176974 0.730897 0.251582 
1.454008 0.601978 0.082077 1.484444 0.670211 0.196566 1.284083 0.754160 0.195144 1.256194 0.684083 0.079578 1.289260 0.608819 0.111948 1.330323 0.533759 0.218577 1.217780 0.655480 0.354208 1.174701 0.733019 0.248492 
1.455186 0.601985 0.081556 1.485550 0.670136 0.196112 1.284710 0.752941 0.195433 1.256900 0.682963 0.079788 1.287058 0.611317 0.111450 1.327456 0.535928 0.218099 1.215020 0.657947 0.353550 1.172613 0.735823 0.247810 
1.456269 0.602093 0.081297 1.486148 0.670261 0.195971 1.284766 0.751738 0.195361 1.257453 0.681762 0.079596 1.285029 0.613623 0.114246 1.324912 0.538327 0.221156 1.212729 0.661144 0.356095 1.170846 0.738937 0.250085 
1.457434 0.602318 0.081093 1.486461 0.670522 0.195964 1.284364 0.750205 0.195082 1.257921 0.680219 0.079122 1.283274 0.616188 0.121027 1.322565 0.541487 0.228571 1.210553 0.665727 0.362344 1.169270 0.742940 0.255677 
1.458236 0.602286 0.080729 1.486639 0.670374 0.195825 1.284012 0.748700 0.194863 1.258207 0.678850 0.078677 1.281673 0.618300 0.131963 1.320611 0.544753 0.240428 1.209024 0.671052 0.372620 1.168104 0.747128 0.265001 
1.457653 0.601716 0.080404 1.485834 0.669402 0.195792 1.283355 0.748106 0.194456 1.257773 0.678657 0.077982 1.280715 0.620653 0.147726 1.319242 0.548981 0.257584 1.207903 0.678073 0.387263 1.167401 0.752296 0.278201 
1.458063 0.601523 0.079975 1.485736 0.668935 0.195646 1.282939 0.746811 0.194171 1.257873 0.677650 0.077412 1.279796 0.623025 0.167482 1.318160 0.553859 0.278990 1.207319 0.686354 0.405627 1.166989 0.758097 0.294855 
1.455129 0.601115 0.079355 1.483158 0.667743 0.195394 1.281071 0.747444 0.193851 1.255637 0.679049 0.076722 1.279493 0.626474 0.192205 1.317783 0.560512 0.305663 1.207394 0.696951 0.428449 1.167145 0.765515 0.315653 
1.447524 0.599850 0.079066 1.477014 0.665239 0.195447 1.277376 0.750876 0.193338 1.250432 0.683647 0.075872 1.279109 0.630553 0.220384 1.317464 0.568498 0.336003 1.207829 0.709545 0.454170 1.167526 0.774231 0.339125 
1.439195 0.599288 0.079908 1.470036 0.663557 0.196562 1.274135 0.757347 0.192114 1.245774 0.691134 0.074404 1.280644 0.636027 0.253386 1.318609 0.579431 0.371900 1.208308 0.725618 0.482989 1.168390 0.784865 0.364920 
1.442369 0.600341 0.081129 1.471613 0.665343 0.197788 1.275023 0.757549 0.191124 1.248284 0.690617 0.073441 1.276887 0.642871 0.287639 1.315390 0.591861 0.408492 1.206856 0.744016 0.513121 1.166419 0.797708 0.392597 
1.446812 0.601250 0.082213 1.474595 0.666921 0.198855 1.277338 0.757526 0.190259 1.252083 0.689943 0.072621 1.269794 0.650975 0.309638 1.308409 0.603472 0.431876 1.202475 0.760367 0.532075 1.161961 0.810586 0.410088 
1.450746 0.602231 0.082814 1.477557 0.668334 0.199439 1.279719 0.757557 0.189778 1.255454 0.689556 0.072172 1.263593 0.657103 0.315101 1.301492 0.610496 0.437907 1.196896 0.769450 0.536249 1.157126 0.818794 0.413663 
1.451333 0.602798 0.083104 1.477864 0.669076 0.199694 1.279920 0.758015 0.189608 1.255939 0.689841 0.072044 1.261131 0.658645 0.308875 1.298122 0.611193 0.431634 1.193380 0.769869 0.530270 1.154524 0.820062 0.407735 
1.451487 0.602842 0.083076 1.478072 0.669144 0.199640 1.280076 0.757984 0.189693 1.256041 0.689788 0.072153 1.262361 0.656476 0.296905 1.298945 0.607152 0.419047 1.193281 0.763897 0.519762 1.154823 0.815954 0.397881 
1.451900 0.602734 0.082767 1.478743 0.668961 0.199314 1.280629 0.757606 0.189999 1.256335 0.689488 0.072467 1.266315 0.652622 0.283194 1.302864 0.601141 0.404453 1.195636 0.755014 0.507908 1.157191 0.809206 0.386957 
1.452367 0.602318 0.082328 1.479555 0.668407 0.198874 1.281321 0.756867 0.190382 1.256682 0.688892 0.072839 1.270105 0.649029 0.271650 1.306813 0.595665 0.392043 1.198320 0.746915 0.498016 1.159696 0.802972 0.377975 
1.452768 0.601651 0.081915 1.480275 0.667587 0.198472 1.281957 0.755924 0.190729 1.256996 0.688104 0.073165 1.272477 0.646587 0.265065 1.309293 0.592137 0.384938 1.200097 0.741853 0.492358 1.161354 0.798985 0.372863 
1.453002 0.601239 0.081543 1.480720 0.667013 0.198142 1.282351 0.755284 0.190932 1.257179 0.687628 0.073318 1.273124 0.645672 0.264004 1.310140 0.590899 0.383668 1.200990 0.740229 0.491671 1.162045 0.797681 0.372395 
1.454066 0.601130 0.081566 1.481439 0.667061 0.198158 1.282620 0.754310 0.190928 1.257801 0.686512 0.073320 1.271003 0.646327 0.263324 1.307932 0.591242 0.382872 1.199402 0.740790 0.491198 1.160554 0.798559 0.372044 
1.453910 0.600548 0.081888 1.481095 0.666629 0.198438 1.282299 0.753894 0.190756 1.257671 0.685942 0.073197 1.267385 0.647565 0.260992 1.303757 0.592079 0.380526 1.195794 0.742022 0.488872 1.157518 0.800202 0.369733 
1.453191 0.599836 0.083336 1.479771 0.666641 0.199613 1.281147 0.754122 0.190173 1.257126 0.685438 0.072915 1.265542 0.647888 0.257854 1.300753 0.592782 0.377910 1.192060 0.743287 0.484738 1.154945 0.801090 0.365050 
1.450422 0.600109 0.088018 1.475096 0.669033 0.203476 1.277262 0.757497 0.188328 1.255154 0.686659 0.071979 1.266371 0.648399 0.252640 1.298884 0.595150 0.374284 1.186870 0.746560 0.476293 1.152431 0.802502 0.354932 
1.448009 0.601861 0.093616 1.470308 0.673320 0.208011 1.273456 0.762531 0.185997 1.253733 0.689123 0.070817 1.264244 0.652116 0.245845 1.293377 0.600687 0.369118 1.178465 0.753460 0.465727 1.147398 0.807585 0.342644 
1.449669 0.602792 0.100855 1.471475 0.675743 0.214400 1.274475 0.764195 0.190712 1.255251 0.689292 0.076414 1.257439 0.658411 0.240779 1.284128 0.607062 0.364637 1.169015 0.761090 0.458987 1.140413 0.815152 0.335281 
1.452474 0.602416 0.101268 1.473342 0.675648 0.214809 1.275976 0.762986 0.190056 1.257705 0.687814 0.075778 1.250950 0.661975 0.242877 1.276942 0.610984 0.367031 1.162872 0.766376 0.460407 1.134987 0.820096 0.336388 
1.452433 0.601970 0.098542 1.472429 0.674834 0.212476 1.275145 0.762044 0.186647 1.257753 0.687246 0.071988 1.248088 0.662764 0.248636 1.273906 0.612702 0.373204 1.160212 0.769134 0.465292 1.132509 0.821932 0.340837 
1.450700 0.601902 0.096586 1.469942 0.674489 0.210825 1.273017 0.762105 0.183658 1.256382 0.687581 0.068708 1.247419 0.662338 0.254362 1.273323 0.613232 0.379292 1.159500 0.770234 0.470245 1.131708 0.822074 0.345408 
1.448226 0.602599 0.098431 1.467043 0.675587 0.212485 1.270567 0.763730 0.183823 1.254353 0.688794 0.069081 1.247107 0.663164 0.258117 1.272589 0.615079 0.383530 1.158220 0.772649 0.472800 1.130847 0.823466 0.347451 
1.445933 0.603638 0.102357 1.464423 0.677407 0.215963 1.268355 0.765925 0.185705 1.252465 0.690195 0.071440 1.244908 0.665682 0.260730 1.269746 0.618450 0.386595 1.155315 0.776890 0.474230 1.128592 0.826859 0.348401 
1.443083 0.605230 0.108626 1.461385 0.680194 0.221477 1.265806 0.769147 0.189382 1.250100 0.692204 0.075905 1.242123 0.669535 0.264378 1.266190 0.623466 0.390823 1.151830 0.783117 0.476328 1.125885 0.831927 0.349883 
1.439149 0.607582 0.117364 1.457355 0.684180 0.229127 1.262441 0.773732 0.194735 1.246822 0.695131 0.082387 1.238661 0.674868 0.270002 1.261806 0.630499 0.397224 1.147606 0.791802 0.479793 1.122595 0.838920 0.352520 
1.433353 0.610570 0.127251 1.451984 0.688850 0.237772 1.258033 0.779670 0.201318 1.241972 0.699352 0.090255 1.233981 0.681714 0.277424 1.256014 0.639447 0.405557 1.142451 0.802984 0.484529 1.118572 0.848013 0.356287 
1.427999 0.613257 0.135821 1.447233 0.692797 0.245335 1.254155 0.784895 0.207488 1.237472 0.703288 0.097461 1.228775 0.688643 0.286531 1.250156 0.648351 0.415408 1.137785 0.814133 0.491348 1.114582 0.857200 0.362310 
1.423172 0.615989 0.143687 1.442516 0.696799 0.252247 1.250197 0.789672 0.212473 1.233393 0.706771 0.103436 1.223714 0.695238 0.295624 1.244581 0.656903 0.425181 1.133283 0.824710 0.498198 1.110614 0.865829 0.368431 
1.418720 0.619232 0.153301 1.437503 0.701753 0.260666 1.245996 0.794856 0.217647 1.229746 0.710225 0.109862 1.217910 0.702675 0.303948 1.238334 0.666130 0.434091 1.128117 0.835779 0.504441 1.105910 0.875118 0.374044 
1.414043 0.623103 0.164123 1.432490 0.707480 0.270095 1.241720 0.800663 0.224080 1.225799 0.714157 0.117744 1.208277 0.712082 0.311119 1.228312 0.676940 0.441708 1.120379 0.848908 0.509939 1.098599 0.886863 0.379061 
1.407947 0.626220 0.166153 1.427032 0.710763 0.271880 1.237107 0.805438 0.225418 1.220530 0.718744 0.119336 1.197545 0.720666 0.313975 1.216900 0.685952 0.444780 1.112108 0.860270 0.511934 1.091058 0.897826 0.380822 
1.402885 0.628377 0.158224 1.422848 0.711408 0.264982 1.233637 0.808234 0.220065 1.216163 0.723036 0.112920 1.190277 0.725289 0.310986 1.209211 0.689591 0.441589 1.106974 0.865029 0.509758 1.086387 0.903595 0.378866 
1.401397 0.628957 0.144854 1.422062 0.709597 0.253298 1.232990 0.807975 0.211257 1.214806 0.725168 0.102370 1.189647 0.723342 0.301668 1.208607 0.685332 0.431613 1.107113 0.859951 0.502921 1.086511 0.900841 0.372738 
1.405276 0.628173 0.125680 1.426017 0.705582 0.236438 1.236275 0.804226 0.198216 1.218023 0.724677 0.086937 1.195193 0.715661 0.285876 1.214976 0.673817 0.414514 1.112486 0.845390 0.491562 1.091038 0.890106 0.362781 
1.413360 0.624910 0.110897 1.434029 0.699583 0.223532 1.242819 0.796880 0.189384 1.224661 0.720113 0.076153 1.206027 0.703308 0.266620 1.226951 0.656976 0.393527 1.121713 0.823670 0.477288 1.099074 0.872848 0.350351 
1.422353 0.620915 0.099013 1.443007 0.693397 0.213073 1.250217 0.788803 0.182683 1.232096 0.714274 0.067961 1.220840 0.689244 0.249357 1.243168 0.639321 0.374653 1.133951 0.800488 0.463953 1.109836 0.853212 0.338723 
1.424569 0.619299 0.097459 1.445774 0.691391 0.211664 1.252525 0.786377 0.182919 1.233855 0.712248 0.068026 1.235953 0.678377 0.236711 1.259237 0.626530 0.361048 1.145735 0.783045 0.453234 1.120593 0.837645 0.329014 
1.424955 0.619071 0.096689 1.446661 0.690898 0.210968 1.253305 0.785978 0.183270 1.234131 0.712116 0.068288 1.242171 0.674181 0.229707 1.266069 0.621063 0.353390 1.151109 0.775324 0.447548 1.125328 0.831175 0.324016 
1.425150 0.618946 0.096409 1.446934 0.690700 0.210718 1.253535 0.785756 0.183244 1.234282 0.711968 0.068228 1.240245 0.674678 0.227900 1.264121 0.621064 0.351372 1.149907 0.775463 0.446208 1.124157 0.831817 0.322898 
1.425395 0.618938 0.096493 1.447079 0.690737 0.210793 1.253633 0.785664 0.183200 1.234482 0.711832 0.068196 1.234570 0.677672 0.228692 1.258067 0.624007 0.352214 1.145542 0.779694 0.446962 1.120199 0.836118 0.323600 
1.425679 0.618909 0.096534 1.447282 0.690743 0.210828 1.253784 0.785541 0.183156 1.234716 0.711675 0.068159 1.229735 0.680527 0.231444 1.252813 0.627277 0.355224 1.141702 0.784420 0.449236 1.116803 0.840446 0.325603 
1.426122 0.618872 0.096603 1.447617 0.690753 0.210888 1.254035 0.785354 0.183133 1.235077 0.711444 0.068146 1.227417 0.682031 0.234725 1.250429 0.629293 0.358737 1.140077 0.787349 0.452111 1.115256 0.842871 0.328235 
1.426200 0.618872 0.096639 1.447646 0.690772 0.210921 1.254050 0.785326 0.183099 1.235141 0.711397 0.068116 1.226970 0.682353 0.236814 1.250092 0.629936 0.360942 1.139950 0.788316 0.454015 1.115021 0.843518 0.330018 
1.426198 0.618874 0.096643 1.447641 0.690776 0.210923 1.254046 0.785328 0.183095 1.235140 0.711398 0.068113 1.227063 0.682317 0.237183 1.250244 0.629944 0.361318 1.140113 0.788335 0.454385 1.115124 0.843493 0.330380 2.278665 0.613164 0.454994 2.264913 0.664041 0.494723 2.278919 0.660529 0.504068 2.292671 0.609652 0.464339 
1.426194 0.618876 0.096648 1.447631 0.690780 0.210928 1.254037 0.785332 0.183088 1.235137 0.711399 0.068106 1.227142 0.682212 0.236749 1.250324 0.629763 0.360852 1.140165 0.788078 0.454014 1.115174 0.843312 0.330043 2.278654 0.592354 0.433878 2.267414 0.640326 0.477790 2.281529 0.635697 0.486461 2.292769 0.587724 0.442548 
1.426184 0.618880 0.096660 1.447607 0.690790 0.210940 1.254017 0.785340 0.183073 1.235130 0.711402 0.068093 1.227261 0.682025 0.235895 1.250446 0.629425 0.359934 1.140242 0.787596 0.453287 1.115248 0.842981 0.329384 2.280006 0.584753 0.423669 2.269530 0.631406 0.469164 2.283697 0.626415 0.477545 2.294173 0.579762 0.432050 
1.426192 0.618880 0.096662 1.447612 0.690791 0.210941 1.254020 0.785337 0.183070 1.235137 0.711397 0.068091 1.227643 0.681743 0.235345 1.250845 0.629059 0.359345 1.140527 0.787085 0.452809 1.115514 0.842551 0.328947 2.281313 0.583494 0.421765 2.270924 0.629895 0.467536 2.285129 0.624885 0.475839 2.295518 0.578483 0.430068 
1.426297 0.618862 0.096646 1.447718 0.690772 0.210926 1.254103 0.785280 0.183086 1.235220 0.711342 0.068105 1.227926 0.681569 0.235262 1.251162 0.628876 0.359251 1.140772 0.786832 0.452748 1.115724 0.842307 0.328897 2.281143 0.583875 0.422913 2.270727 0.630345 0.468608 2.284933 0.625354 0.476921 2.295349 0.578884 0.431227 
1.426325 0.618859 0.096641 1.447746 0.690769 0.210921 1.254125 0.785267 0.183090 1.235241 0.711329 0.068108 1.227984 0.681542 0.235308 1.251231 0.628857 0.359299 1.140830 0.786806 0.452794 1.115770 0.842273 0.328941 2.279866 0.584397 0.424643 2.269345 0.631017 0.470161 2.283528 0.626050 0.478527 2.294049 0.579430 0.433009 
1.426325 0.618860 0.096641 1.447746 0.690770 0.210921 1.254125 0.785267 0.183089 1.235241 0.711329 0.068108 1.227982 0.681543 0.235307 1.251229 0.628859 0.359298 1.140828 0.786808 0.452793 1.115768 0.842275 0.328940 2.278028 0.584579 0.425894 2.267551 0.631326 0.471292 2.281705 0.626337 0.479695 2.292182 0.579591 0.434297 
1.426326 0.618860 0.096642 1.447747 0.690771 0.210921 1.254125 0.785268 0.183088 1.235242 0.711329 0.068108 1.227976 0.681549 0.235312 1.251224 0.628864 0.359303 1.140825 0.786815 0.452799 1.115765 0.842282 0.328946 2.276767 0.584694 0.426732 2.266324 0.631526 0.472050 2.280458 0.626522 0.480478 2.290901 0.579690 0.435160 
1.426326 0.618860 0.096642 1.447747 0.690771 0.210922 1.254125 0.785268 0.183088 1.235242 0.711329 0.068107 1.227970 0.681554 0.235316 1.251219 0.628869 0.359306 1.140822 0.786821 0.452803 1.115761 0.842288 0.328950 2.276340 0.584730 0.427012 2.265904 0.631590 0.472302 2.280031 0.626582 0.480739 2.290467 0.579722 0.435449 
1.426326 0.618861 0.096642 1.447746 0.690772 0.210922 1.254125 0.785269 0.183087 1.235242 0.711329 0.068107 1.227968 0.681555 0.235316 1.251216 0.628871 0.359307 1.140820 0.786824 0.452803 1.115759 0.842290 0.328950 2.276338 0.584731 0.427015 2.265901 0.631591 0.472305 2.280028 0.626583 0.480743 2.290465 0.579722 0.435452 
1.425891 0.618507 0.096820 1.447613 0.690387 0.211062 1.254129 0.785246 0.183501 1.234940 0.711333 0.068555 1.227505 0.681608 0.234587 1.250284 0.629031 0.358711 1.139902 0.787301 0.451685 1.115316 0.842664 0.327691 2.261773 0.600219 0.461606 2.273321 0.652311 0.500452 2.287831 0.644943 0.506019 2.276284 0.592851 0.467173 
1.424871 0.618838 0.096652 1.446718 0.690625 0.210928 1.253513 0.786024 0.183271 1.234195 0.712197 0.068291 1.225818 0.681937 0.230460 1.248085 0.628709 0.354399 1.138031 0.786947 0.447815 1.113965 0.842966 0.324014 2.215042 0.600244 0.482653 2.229695 0.652336 0.520438 2.243429 0.644008 0.526593 2.228776 0.591917 0.488807 
1.423281 0.618543 0.096808 1.445399 0.690285 0.211061 1.252563 0.786414 0.183365 1.232965 0.712622 0.068410 1.221861 0.683314 0.221720 1.242829 0.628806 0.345329 1.133333 0.787051 0.439385 1.110588 0.844364 0.315927 2.133977 0.623923 0.513609 2.132541 0.681238 0.546305 2.144755 0.675469 0.556953 2.146191 0.618155 0.524258 
1.420174 0.619210 0.097503 1.442637 0.690979 0.211672 1.250384 0.788195 0.183718 1.230429 0.714361 0.068851 1.219813 0.685017 0.213932 1.239198 0.629701 0.337441 1.129407 0.787902 0.431229 1.108257 0.846029 0.307868 2.038345 0.679947 0.538833 2.034256 0.742465 0.559587 2.044377 0.738685 0.572970 2.048466 0.676166 0.552217 
1.417497 0.620418 0.101582 1.439365 0.693058 0.215314 1.247696 0.790746 0.185087 1.228334 0.716025 0.070693 1.216866 0.688021 0.209623 1.234846 0.632584 0.333289 1.124372 0.790928 0.426029 1.104630 0.849179 0.302493 1.953862 0.742855 0.534018 1.949790 0.808269 0.541785 1.957711 0.806956 0.556996 1.961782 0.741542 0.549229 
1.414768 0.622449 0.109787 1.435718 0.696836 0.222560 1.244662 0.794585 0.188850 1.226218 0.718101 0.075474 1.210652 0.694351 0.209002 1.226855 0.639674 0.333251 1.116476 0.799445 0.423624 1.098529 0.856950 0.299466 1.915095 0.784724 0.520415 1.912440 0.850666 0.519677 1.919312 0.851119 0.535438 1.921967 0.785177 0.536176 
1.410657 0.625650 0.121448 1.431161 0.702326 0.232760 1.240910 0.800354 0.195491 1.222906 0.721555 0.083640 1.202563 0.703355 0.211608 1.216784 0.650216 0.336763 1.107270 0.812459 0.423722 1.091337 0.868446 0.298599 1.916046 0.820545 0.523191 1.914715 0.886066 0.515373 1.922237 0.888050 0.530713 1.923568 0.822528 0.538532 
1.403503 0.630101 0.134776 1.424216 0.709039 0.244455 1.235175 0.808130 0.203979 1.216942 0.727032 0.093822 1.192959 0.714073 0.217297 1.205197 0.662904 0.343478 1.097363 0.828264 0.426578 1.083455 0.882307 0.300364 1.945453 0.863314 0.553886 1.947112 0.927893 0.540365 1.957954 0.930362 0.553487 1.956295 0.865783 0.567008 
1.394731 0.635051 0.146979 1.415764 0.715950 0.255159 1.228192 0.816480 0.211524 1.209614 0.733382 0.102926 1.181924 0.725591 0.225157 1.192332 0.676652 0.352384 1.086779 0.845416 0.431473 1.074753 0.897256 0.304146 2.010742 0.918517 0.580064 2.012352 0.980803 0.558297 2.026675 0.983613 0.567397 2.025064 0.921327 0.589164 
1.385313 0.640304 0.158072 1.406726 0.722966 0.264835 1.220774 0.825086 0.218072 1.201790 0.740185 0.110948 1.170498 0.737568 0.233879 1.178925 0.691260 0.362232 1.075784 0.863592 0.436670 1.065792 0.912828 0.308139 2.082382 0.960162 0.583201 2.075793 1.019411 0.554880 2.091915 1.023360 0.559390 2.098504 0.964110 0.587711 
1.375445 0.645747 0.167862 1.397359 0.729927 0.273329 1.213148 0.833807 0.223638 1.193634 0.747348 0.117864 1.158950 0.749866 0.242410 1.165125 0.706491 0.371910 1.064393 0.882408 0.441077 1.056711 0.928733 0.311312 2.113493 0.991692 0.566347 2.086051 1.043050 0.535279 2.101118 1.051336 0.535668 2.128561 0.999978 0.566737 
1.366228 0.650896 0.174416 1.388461 0.736067 0.279018 1.206006 0.841725 0.226673 1.186144 0.754241 0.121811 1.147511 0.762115 0.250055 1.151541 0.721429 0.380509 1.053497 0.900668 0.444840 1.048019 0.944326 0.314043 2.072871 1.025173 0.537840 2.036008 1.066437 0.501863 2.049272 1.077332 0.500767 2.086136 1.036068 0.536745 
1.358940 0.654858 0.177770 1.381070 0.740664 0.281873 1.200178 0.847708 0.226978 1.180399 0.759563 0.122654 1.136410 0.773857 0.256343 1.138531 0.735508 0.387548 1.043319 0.917698 0.447707 1.039809 0.959038 0.316091 1.940111 1.067633 0.451874 1.941160 1.112794 0.403756 1.954890 1.120198 0.411004 1.953840 1.075036 0.459122 
1.349748 0.659146 0.181458 1.371680 0.745669 0.285008 1.192669 0.854249 0.227051 1.173062 0.765358 0.123330 1.124605 0.785314 0.261699 1.125375 0.748775 0.393434 1.033052 0.933420 0.450536 1.030948 0.972967 0.318340 1.909075 1.110891 0.393114 1.931736 1.153038 0.347660 1.944823 1.157179 0.358024 1.922162 1.115031 0.403478 
1.339955 0.663334 0.181518 1.361813 0.750051 0.284921 1.184856 0.860612 0.224454 1.165295 0.771497 0.120917 1.112372 0.797209 0.265852 1.111049 0.762935 0.398190 1.021773 0.950294 0.451145 1.021827 0.987594 0.318282 1.855479 1.119526 0.335055 1.895075 1.161772 0.303378 1.905325 1.162507 0.317171 1.865730 1.120260 0.348848 
1.331005 0.667162 0.182288 1.352025 0.754442 0.285391 1.177179 0.866261 0.221209 1.158435 0.776560 0.118027 1.100252 0.809049 0.267862 1.097327 0.776214 0.400539 1.011097 0.965716 0.450846 1.012811 1.001594 0.317602 1.801835 1.113099 0.232363 1.849275 1.155741 0.215417 1.854194 1.156804 0.231865 1.806755 1.114162 0.248810 
1.321375 0.670273 0.183584 1.342988 0.757604 0.286521 1.169634 0.871180 0.221385 1.150270 0.781403 0.118384 1.087440 0.821936 0.272744 1.084536 0.789624 0.405550 1.002971 0.981226 0.455688 1.004731 1.016605 0.322311 1.782596 1.098547 0.138656 1.831322 1.143046 0.137404 1.831732 1.143081 0.154599 1.783006 1.098582 0.155851 
1.312557 0.672089 0.183344 1.336681 0.758398 0.286585 1.163958 0.874660 0.224587 1.142050 0.785877 0.121235 1.077230 0.833378 0.283070 1.076473 0.800803 0.415841 1.000918 0.994270 0.468183 1.000596 1.029942 0.334873 1.781712 1.084847 0.073955 1.828493 1.130755 0.081701 1.826262 1.130153 0.098745 1.779481 1.084244 0.090999 
1.307045 0.672254 0.181098 1.333909 0.757075 0.284895 1.161232 0.875736 0.227482 1.136558 0.788421 0.123504 1.072417 0.841620 0.297580 1.075088 0.808580 0.430212 1.005345 1.003415 0.485465 1.001646 1.039576 0.352338 1.790217 1.085441 0.027403 1.836515 1.130534 0.040786 1.832299 1.129918 0.057450 1.786001 1.084824 0.044066 
1.306234 0.672990 0.181866 1.335631 0.756774 0.285817 1.162544 0.876887 0.232829 1.135317 0.790598 0.128632 1.074745 0.844752 0.314156 1.081059 0.811856 0.446700 1.014371 1.007260 0.503690 1.007037 1.043284 0.370677 1.801532 1.088838 0.008700 1.848638 1.132500 0.023890 1.843437 1.132407 0.040284 1.796331 1.088745 0.025095 
1.304574 0.675861 0.187264 1.335343 0.759992 0.290536 1.162664 0.880995 0.238249 1.134046 0.794344 0.134728 1.078194 0.846588 0.323862 1.085840 0.815000 0.456653 1.019320 1.010828 0.512371 1.010644 1.045537 0.379089 1.798851 1.082380 0.013500 1.845838 1.126499 0.027703 1.840933 1.126415 0.044189 1.793946 1.082297 0.029985 
1.302282 0.679165 0.194508 1.334097 0.763977 0.296903 1.161826 0.885529 0.244544 1.132147 0.798183 0.141910 1.077198 0.851454 0.325597 1.084365 0.820649 0.458599 1.018542 1.017097 0.512943 1.010359 1.051024 0.379429 1.796220 1.078231 0.017716 1.843047 1.122798 0.031021 1.838422 1.122711 0.047588 1.791596 1.078144 0.034282 
1.301097 0.681917 0.201958 1.333393 0.767652 0.303428 1.161294 0.889122 0.250317 1.131127 0.800844 0.148627 1.074701 0.856804 0.324676 1.080896 0.826568 0.457857 1.015808 1.023613 0.510910 1.008618 1.056975 0.377196 1.794389 1.076776 0.020432 1.841136 1.121620 0.033076 1.836694 1.121564 0.049693 1.789948 1.076721 0.037048 
1.300503 0.684082 0.208096 1.333098 0.770615 0.308791 1.161079 0.891884 0.254969 1.130608 0.802804 0.154072 1.073250 0.860735 0.325201 1.078956 0.831034 0.458524 1.014385 1.028518 0.510567 1.007695 1.061346 0.376695 1.793953 1.079529 0.022230 1.841092 1.124022 0.034652 1.836747 1.123979 0.051294 1.789608 1.079486 0.038873 
1.300094 0.685563 0.212191 1.332907 0.772618 0.312365 1.160941 0.893763 0.258094 1.130250 0.804158 0.157730 1.073133 0.863025 0.328255 1.078974 0.833961 0.461713 1.014681 1.031764 0.512882 1.007859 1.063953 0.378862 1.793823 1.080494 0.022193 1.841059 1.124884 0.034614 1.836714 1.124852 0.051256 1.789477 1.080462 0.038835 
1.299824 0.686606 0.215044 1.332799 0.774017 0.314852 1.160866 0.895079 0.260291 1.130011 0.805115 0.160300 1.073308 0.864578 0.331487 1.079473 0.836017 0.465039 1.015418 1.034048 0.515621 1.008272 1.065732 0.381497 1.793688 1.080740 0.022076 1.840929 1.125122 0.034508 1.836577 1.125092 0.051149 1.789337 1.080710 0.038716 
1.299662 0.687332 0.217045 1.332778 0.774981 0.316598 1.160860 0.895997 0.261886 1.129863 0.805793 0.162155 1.073462 0.865717 0.333843 1.079823 0.837572 0.467473 1.015919 1.035784 0.517535 1.008578 1.067051 0.383324 1.793620 1.080813 0.021963 1.840849 1.125204 0.034408 1.836492 1.125174 0.051047 1.789264 1.080783 0.038602 
1.299555 0.687826 0.218398 1.332767 0.775636 0.317778 1.160860 0.896620 0.262967 1.129764 0.806255 0.163412 1.073503 0.866516 0.335116 1.079929 0.838635 0.468800 1.016115 1.036967 0.518501 1.008709 1.067968 0.384232 1.793594 1.080884 0.021835 1.840815 1.125279 0.034296 1.836453 1.125249 0.050934 1.789231 1.080854 0.038473 
1.299421 0.687430 0.216985 1.332411 0.775131 0.316534 1.160557 0.896113 0.261550 1.129685 0.805857 0.161825 1.072179 0.868009 0.335622 1.078398 0.840412 0.469373 1.014961 1.038992 0.518563 1.007770 1.069711 0.384218 1.793839 1.081657 0.020162 1.841063 1.125945 0.032988 1.836626 1.125863 0.049606 1.789402 1.081576 0.036780 
1.299091 0.685848 0.211567 1.331315 0.773088 0.311770 1.159624 0.894088 0.256318 1.129524 0.804297 0.155941 1.068517 0.870616 0.335463 1.074267 0.843313 0.469297 1.011862 1.042375 0.517852 1.005158 1.072804 0.383415 1.793905 1.081913 0.017841 1.841078 1.126137 0.031070 1.836531 1.126025 0.047658 1.789358 1.081801 0.034429 
1.298428 0.683698 0.203625 1.329623 0.770215 0.304777 1.158211 0.891350 0.248762 1.129146 0.802288 0.147434 1.064153 0.873031 0.334465 1.069267 0.845980 0.468375 1.007948 1.045534 0.516290 1.001902 1.075716 0.381766 1.793657 1.081769 0.015841 1.840741 1.125969 0.029458 1.836099 1.125811 0.046019 1.789015 1.081611 0.032402 
1.297535 0.681484 0.194866 1.327693 0.767128 0.297069 1.156623 0.888536 0.240597 1.128599 0.800350 0.138215 1.059809 0.874786 0.332344 1.064214 0.847743 0.466280 1.003919 1.047681 0.513893 0.998605 1.077860 0.379339 1.793264 1.081389 0.014436 1.840257 1.125588 0.028368 1.835549 1.125380 0.044909 1.788556 1.081181 0.030978 
1.296855 0.679152 0.185645 1.325980 0.763832 0.288946 1.155226 0.885538 0.232162 1.128242 0.798323 0.128676 1.055552 0.876312 0.329651 1.059159 0.849216 0.463601 0.999799 1.049491 0.510971 0.995304 1.079729 0.376399 1.793173 1.081263 0.012464 1.840089 1.125417 0.026794 1.835284 1.125163 0.043307 1.788368 1.081009 0.028978 
1.296269 0.676922 0.176444 1.324376 0.760621 0.280820 1.153933 0.882637 0.223767 1.127972 0.796407 0.119199 1.051542 0.877358 0.326529 1.054372 0.850101 0.460465 0.995854 1.050638 0.507773 0.992156 1.081043 0.373215 1.792871 1.080856 0.011133 1.839699 1.125000 0.025777 1.834828 1.124695 0.042271 1.788001 1.080551 0.027626 
1.296037 0.674940 0.168955 1.323286 0.757731 0.274277 1.153049 0.879999 0.217149 1.127950 0.794681 0.111627 1.047621 0.878679 0.323066 1.049587 0.851057 0.456943 0.991951 1.051797 0.504471 0.989137 1.082573 0.369976 1.792815 1.080734 0.009410 1.839566 1.124831 0.024440 1.834606 1.124476 0.040905 1.787856 1.080380 0.025876 
1.295697 0.673996 0.164945 1.322507 0.756283 0.270774 1.152428 0.878750 0.213601 1.127771 0.793939 0.107567 1.044669 0.880186 0.320146 1.045845 0.852394 0.453996 0.988867 1.053332 0.501483 0.986861 1.084283 0.367013 1.792690 1.080714 0.008536 1.839386 1.124770 0.023850 1.834379 1.124359 0.040300 1.787683 1.080303 0.024986 
1.295526 0.673315 0.162102 1.321889 0.755298 0.268280 1.151935 0.877820 0.210856 1.127726 0.793316 0.104475 1.041436 0.882811 0.317786 1.041810 0.855028 0.451643 0.985694 1.056279 0.498833 0.984510 1.087224 0.364352 1.792841 1.081081 0.006672 1.839479 1.125062 0.022374 1.834381 1.124606 0.038795 1.787743 1.080625 0.023092 
1.295198 0.673029 0.160473 1.321230 0.754871 0.266841 1.151415 0.877433 0.209088 1.127540 0.793070 0.102519 1.038351 0.885849 0.316327 1.038030 0.858257 0.450224 0.982830 1.059880 0.496901 0.982361 1.090638 0.362373 1.792911 1.081387 0.005079 1.839487 1.125310 0.021125 1.834310 1.124810 0.037520 1.787734 1.080888 0.021474 
1.294990 0.672732 0.158980 1.320692 0.754454 0.265520 1.150992 0.877021 0.207440 1.127448 0.792779 0.100702 1.034945 0.889587 0.315161 1.033899 0.862296 0.449116 0.979812 1.064374 0.495124 0.980091 1.094835 0.360528 1.792422 1.081639 0.004934 1.838937 1.125528 0.021247 1.833766 1.124916 0.037639 1.787251 1.081027 0.021327 
1.294645 0.672621 0.157971 1.320085 0.754281 0.264621 1.150518 0.876872 0.206205 1.127237 0.792692 0.099360 1.031724 0.893322 0.314379 1.030011 0.866411 0.448404 0.977024 1.068951 0.493652 0.977991 1.099035 0.358974 1.791890 1.081775 0.004946 1.838342 1.125645 0.021489 1.833182 1.124927 0.037882 1.786730 1.081057 0.021338 
1.294364 0.672479 0.156938 1.319498 0.754089 0.263698 1.150061 0.876672 0.204892 1.127086 0.792542 0.097941 1.028267 0.897522 0.313659 1.025840 0.871063 0.447763 0.974052 1.074106 0.492140 0.975757 1.103740 0.357370 1.791312 1.081937 0.004957 1.837696 1.125788 0.021739 1.832550 1.124959 0.038130 1.786166 1.081108 0.021348 
1.293968 0.672491 0.156328 1.318846 0.754107 0.263144 1.149556 0.876692 0.203920 1.126837 0.792557 0.096919 1.024986 0.901659 0.313166 1.021898 0.875697 0.447354 0.971289 1.079234 0.490819 0.973681 1.108374 0.355952 1.790745 1.082030 0.004964 1.837059 1.125870 0.021967 1.831924 1.124939 0.038356 1.785610 1.081099 0.021354 
1.293625 0.672462 0.155629 1.318211 0.754082 0.262510 1.149064 0.876646 0.202836 1.126640 0.792507 0.095776 1.021493 0.906215 0.312668 1.017690 0.880809 0.446943 0.968349 1.084869 0.489402 0.971481 1.113454 0.354431 1.790124 1.082157 0.004971 1.836362 1.125984 0.022214 1.831242 1.124939 0.038600 1.785004 1.081112 0.021358 
1.293171 0.672576 0.155303 1.317512 0.754246 0.262201 1.148525 0.876803 0.202061 1.126345 0.792613 0.094990 1.018173 0.910676 0.312330 1.013707 0.885852 0.446694 0.965614 1.090419 0.488133 0.969433 1.118424 0.353059 1.789509 1.082203 0.004977 1.835668 1.126025 0.022441 1.830560 1.124877 0.038824 1.784401 1.081054 0.021361 
1.292771 0.672637 0.154861 1.316824 0.754355 0.261788 1.147995 0.876882 0.201142 1.126104 0.792645 0.094050 1.014655 0.915531 0.311951 1.009470 0.891349 0.446406 0.962705 1.096446 0.486730 0.967268 1.123811 0.351547 1.788843 1.082291 0.004979 1.834917 1.126105 0.022686 1.829825 1.124840 0.039066 1.783751 1.081026 0.021359 
1.292266 0.672833 0.154771 1.316081 0.754641 0.261682 1.147425 0.877150 0.200522 1.125771 0.792822 0.093453 1.011308 0.920278 0.311694 1.005455 0.896751 0.446238 0.959999 1.102357 0.485450 0.965255 1.129067 0.350162 1.788189 1.082309 0.004987 1.834179 1.126122 0.022915 1.829101 1.124751 0.039291 1.783111 1.080938 0.021363 
1.291816 0.672972 0.154546 1.315350 0.754863 0.261456 1.146865 0.877333 0.199748 1.125493 0.792921 0.092688 1.007776 0.925406 0.311376 1.001199 0.902597 0.446010 0.957127 1.108730 0.484013 0.963134 1.134724 0.348616 1.787486 1.082363 0.004988 1.833383 1.126171 0.023163 1.828322 1.124681 0.039534 1.782425 1.080873 0.021359 
