0.002723 -0.001566 0.999995 -0.000900 -0.001549 0.999998 -0.000899 -0.001630 0.999998 0.002723 -0.001588 0.999995 
0.002219 -0.001276 0.999997 -0.000865 -0.001489 0.999999 -0.000859 -0.001558 0.999998 0.002220 -0.001295 0.999997 
0.001247 -0.000717 0.999999 -0.000978 -0.001682 0.999998 -0.000955 -0.001731 0.999998 0.001253 -0.000731 0.999999 
-0.000060 0.000035 1.000000 -0.000265 -0.000457 1.000000 -0.000254 -0.000461 1.000000 -0.000057 0.000033 1.000000 
-0.000994 0.000573 0.999999 -0.000141 -0.000242 1.000000 -0.000123 -0.000222 1.000000 -0.000989 0.000578 0.999999 
-0.001833 0.001056 0.999998 0.002457 0.004224 0.999988 0.002384 0.004318 0.999988 -0.001853 0.001082 0.999998 
-0.001627 0.000937 0.999998 0.002232 0.003838 0.999990 0.002165 0.003922 0.999990 -0.001645 0.000960 0.999998 
0.000456 -0.000263 1.000000 0.002629 0.004521 0.999986 0.002522 0.004568 0.999986 0.000427 -0.000249 1.000000 
0.000417 -0.000240 1.000000 0.002398 0.004123 0.999989 0.002299 0.004166 0.999989 0.000391 -0.000228 1.000000 
0.001110 -0.000639 0.999999 0.002406 0.004138 0.999989 0.002299 0.004165 0.999989 0.001080 -0.000631 0.999999 
0.000597 -0.000344 1.000000 0.003750 0.006443 0.999972 0.003597 0.006511 0.999972 0.000556 -0.000325 1.000000 
0.000535 -0.000308 1.000000 0.003409 0.005858 0.999977 0.003271 0.005920 0.999977 0.000498 -0.000291 1.000000 
-0.002255 0.001299 0.999997 0.004562 0.007839 0.999959 0.004413 0.007988 0.999958 -0.002295 0.001341 0.999996 
-0.001806 0.001040 0.999998 0.004306 0.007399 0.999963 0.004162 0.007533 0.999963 -0.001845 0.001078 0.999998 
-0.000954 0.000550 0.999999 0.004392 0.007547 0.999962 0.004234 0.007663 0.999962 -0.000997 0.000582 0.999999 
-0.000621 0.000358 1.000000 0.004156 0.007141 0.999966 0.004003 0.007245 0.999966 -0.000662 0.000387 1.000000 
-0.001868 0.001077 0.999998 0.004479 0.007692 0.999960 0.004329 0.007831 0.999960 -0.001908 0.001115 0.999998 
-0.000266 0.000153 1.000000 0.004313 0.007406 0.999963 0.004149 0.007505 0.999963 -0.000310 0.000181 1.000000 
-0.001459 0.000842 0.999999 0.004802 0.008234 0.999955 0.004634 0.008370 0.999954 -0.001504 0.000881 0.999998 
0.000143 -0.000083 1.000000 0.004983 0.008538 0.999951 0.004788 0.008642 0.999951 0.000091 -0.000053 1.000000 
0.000757 -0.000437 1.000000 0.004976 0.008522 0.999951 0.004775 0.008613 0.999952 0.000702 -0.000412 1.000000 
0.001342 -0.000776 0.999999 0.005780 0.009899 0.999934 0.005540 0.009994 0.999935 0.001277 -0.000749 0.999999 
0.007307 -0.004231 0.999964 0.008066 0.013795 0.999872 0.007663 0.013805 0.999875 0.007197 -0.004226 0.999965 
0.006704 -0.003812 0.999970 0.012617 0.021975 0.999679 0.012040 0.022097 0.999683 0.006547 -0.003776 0.999971 
0.009432 -0.005266 0.999942 0.018243 0.032375 0.999309 0.017400 0.032556 0.999318 0.009202 -0.005212 0.999944 
0.011963 -0.006626 0.999906 0.019112 0.034197 0.999232 0.018198 0.034340 0.999245 0.011713 -0.006581 0.999910 
0.013720 -0.007606 0.999877 0.018025 0.032229 0.999318 0.017135 0.032309 0.999331 0.013477 -0.007579 0.999880 
0.021205 -0.012047 0.999703 0.015982 0.027900 0.999483 0.015094 0.027767 0.999500 0.020961 -0.012078 0.999707 
0.032698 -0.018855 0.999287 0.014967 0.025763 0.999556 0.013980 0.025349 0.999581 0.032425 -0.018963 0.999294 
0.046992 -0.027430 0.998519 0.015422 0.026257 0.999536 0.014240 0.025531 0.999573 0.046663 -0.027623 0.998529 
0.066219 -0.038690 0.997055 0.020243 0.034543 0.999198 0.018635 0.033486 0.999265 0.065770 -0.038971 0.997073 
0.100479 -0.057632 0.993269 0.025772 0.045107 0.998650 0.023530 0.043390 0.998781 0.099849 -0.058090 0.993306 
0.154968 -0.087584 0.984029 0.019878 0.035413 0.999175 0.017226 0.032332 0.999329 0.154207 -0.088422 0.984074 
-0.003955 0.006236 0.999973 0.239152 -0.135217 0.961521 0.004419 0.008347 0.999955 0.201663 0.088307 0.975466 0.147553 0.092936 0.984678 -0.115131 -0.066900 0.991095 
0.003329 -0.005057 0.999982 0.374474 -0.203792 0.904565 -0.012107 -0.023028 0.999662 0.305258 0.077263 0.949130 0.149503 0.098268 0.983866 -0.117944 -0.020628 0.992806 
0.015827 -0.024350 0.999578 -0.017292 -0.031792 0.999345 0.396980 0.055189 0.916166 0.495409 -0.272264 0.824889 0.158897 0.104150 0.981786 -0.026893 0.000544 0.999638 
0.030983 -0.049878 0.998275 -0.010996 -0.019413 0.999751 0.458377 0.045833 0.887575 0.177074 0.112668 0.977727 0.563750 -0.328733 0.757707 0.068217 -0.004954 0.997658 
0.046528 -0.077455 0.995910 -0.008956 -0.015520 0.999839 0.498608 0.046447 0.865582 0.193200 0.121228 0.973641 0.603623 -0.361436 0.710636 0.126945 -0.011491 0.991843 
0.063870 -0.107715 0.992128 -0.016593 -0.028296 0.999462 0.527076 0.051096 0.848281 0.204794 0.129809 0.970159 0.631713 -0.370500 0.680932 0.153772 -0.016809 0.987963 
0.082880 -0.140691 0.986578 -0.028070 -0.046963 0.998502 0.547276 0.062142 0.834642 0.214503 0.138784 0.966813 0.653390 -0.368091 0.661507 0.162167 -0.019645 0.986568 
0.104998 -0.179550 0.978129 -0.038418 -0.063005 0.997273 0.561338 0.082100 0.823504 0.222923 0.148094 0.963521 0.673022 -0.365034 0.643266 0.167290 -0.019538 0.985714 
0.130611 -0.226835 0.965136 0.230912 0.157847 0.960085 -0.045917 -0.073856 0.996211 0.572959 0.110295 0.812129 0.696428 -0.366129 0.617202 0.185658 -0.017807 0.982453 
0.158306 -0.282978 0.945972 0.238611 0.167771 0.956513 -0.050563 -0.079686 0.995537 0.585070 0.144789 0.797953 0.727490 -0.372138 0.576429 0.226455 -0.014422 0.973915 
0.185252 -0.344113 0.920471 0.245737 0.178236 0.952809 -0.055724 -0.086119 0.994725 0.598225 0.181832 0.780425 0.774174 -0.372239 0.511950 0.274123 -0.010988 0.961632 
0.209342 -0.405844 0.889644 0.251385 0.189151 0.949225 -0.062618 -0.094768 0.993528 0.608879 0.222943 0.761290 0.827161 -0.352858 0.437374 0.322648 -0.006965 0.946493 
0.230434 -0.470996 0.851506 0.255247 0.200421 0.945875 -0.070449 -0.104158 0.992063 0.612025 0.269558 0.743481 0.882416 -0.302810 0.360067 0.372656 0.000457 0.927970 
0.246444 -0.539431 0.805158 0.257029 0.211867 0.942894 -0.078985 -0.113827 0.990356 0.605837 0.322210 0.727422 0.941825 -0.189597 0.277523 0.423680 0.012508 0.905726 
0.253385 -0.611163 0.749850 0.256821 0.223115 0.940352 -0.086589 -0.121444 0.988814 0.584559 0.378249 0.717787 0.978745 0.042048 0.200725 0.471113 0.034822 0.881385 
0.801131 0.149625 0.579484 0.245932 -0.686397 0.684380 0.254127 0.233897 0.938463 -0.093848 -0.127967 0.987328 0.548384 0.432827 0.715497 
0.784253 0.247061 0.569130 0.233499 -0.749875 0.619004 0.239021 0.224961 0.944596 0.118104 0.094402 0.988504 0.456605 0.871488 0.178944 -0.108492 -0.141254 0.984011 
0.725562 0.271839 0.632189 0.322351 -0.739377 0.591110 0.174262 0.161878 0.971302 0.072223 0.055183 0.995861 0.473921 0.838868 0.267769 -0.162254 -0.212144 0.963675 
0.658035 0.278615 0.699545 0.423575 -0.701513 0.573118 0.103363 0.095221 0.990075 0.015359 0.011348 0.999818 0.487811 0.795712 0.359004 -0.215560 -0.287432 0.933229 
0.524532 -0.638938 0.562694 -0.047871 -0.034457 0.998259 0.585167 0.274908 0.762892 0.029398 0.027003 0.999203 0.475528 0.757739 0.446883 -0.263436 -0.361882 0.894228 
0.607952 -0.567137 0.555653 -0.143826 -0.105326 0.983982 0.500587 0.259782 0.825788 -0.033178 -0.030849 0.998973 0.469085 0.710221 0.524925 -0.298922 -0.433226 0.850271 
0.673779 -0.483201 0.559051 -0.250500 -0.192531 0.948779 0.408119 0.231073 0.883201 -0.089395 -0.084971 0.992365 -0.323916 -0.514830 0.793744 0.463880 0.656845 0.594450 
0.719587 -0.392231 0.573019 -0.329537 -0.263303 0.906684 0.322268 0.196610 0.926006 -0.145616 -0.140702 0.979285 -0.332554 -0.572105 0.749736 0.440869 0.619241 0.649750 
0.742259 -0.321762 0.587810 -0.340485 -0.261522 0.903148 0.298227 0.185812 0.936234 -0.187062 -0.183403 0.965076 -0.358337 -0.609782 0.706938 0.392646 0.602500 0.694854 
0.747965 -0.283384 0.600201 -0.350247 -0.261248 0.899487 0.287854 0.178351 0.940920 -0.210088 -0.207932 0.955315 -0.375789 -0.630494 0.679162 0.370421 0.584619 0.721809 
0.753470 -0.250911 0.607722 -0.356931 -0.259362 0.897403 0.276584 0.173162 0.945260 -0.229351 -0.228147 0.946228 -0.388592 -0.646616 0.656418 0.347156 0.572868 0.742499 
0.757320 -0.228681 0.611696 -0.361095 -0.257200 0.896358 0.268416 0.170056 0.948174 -0.242103 -0.241476 0.939721 0.331745 0.569960 0.751725 -0.389120 -0.644483 0.658200 
0.761386 -0.210581 0.613146 -0.363050 -0.254106 0.896451 0.261117 0.168303 0.950522 -0.251274 -0.251327 0.934717 0.313774 0.566761 0.761792 -0.394333 -0.652856 0.646746 
0.765545 -0.198823 0.611891 -0.363823 -0.251582 0.896850 0.256373 0.168142 0.951841 -0.256042 -0.256552 0.932000 0.299554 0.567301 0.767097 -0.396698 -0.657274 0.640797 
0.771761 -0.189489 0.607025 -0.362695 -0.248642 0.898125 0.252183 0.169600 0.952701 -0.257863 -0.258672 0.930911 0.283901 0.572616 0.769098 -0.396645 -0.659023 0.639032 
0.778600 -0.185069 0.599610 -0.360723 -0.246199 0.899591 0.249968 0.172286 0.952803 -0.256539 -0.257119 0.931707 0.270824 0.580864 0.767627 -0.395081 -0.657446 0.641620 
0.787312 -0.180160 0.589646 -0.357977 -0.243685 0.901371 0.247267 0.175687 0.952887 -0.254395 -0.254467 0.933022 0.255221 0.591033 0.765207 -0.392876 -0.654702 0.645766 
0.796530 -0.180472 0.577035 -0.355043 -0.242110 0.902955 0.246162 0.180178 0.952334 -0.249254 -0.248219 0.936088 0.241437 0.604367 0.759242 -0.389492 -0.648175 0.654343 
0.807031 -0.180718 0.562176 -0.350502 -0.239850 0.905329 0.244175 0.185099 0.951902 -0.243488 -0.241017 0.939481 0.224257 0.619319 0.752431 -0.384891 -0.640702 0.664350 
0.817641 -0.186471 0.544695 -0.345289 -0.237553 0.907934 0.243301 0.190770 0.951005 -0.235448 -0.230632 0.944125 0.207700 0.636997 0.742358 -0.378887 -0.629674 0.678200 
0.829692 -0.189859 0.524942 -0.338016 -0.234457 0.911469 0.240160 0.196409 0.950656 -0.227777 -0.220416 0.948438 0.184642 0.655746 0.732055 -0.371222 -0.618052 0.692969 
0.836035 -0.192697 0.513725 -0.334615 -0.234179 0.912794 0.239461 0.200138 0.950054 -0.220506 -0.213999 0.951620 0.172974 0.665380 0.726189 -0.366245 -0.611926 0.701007 
0.837643 -0.173608 0.517895 -0.334084 -0.236082 0.912498 0.235261 0.200065 0.951118 -0.224232 -0.222069 0.948897 0.162408 0.660872 0.732716 -0.364949 -0.619704 0.694823 
0.835990 -0.154293 0.526606 -0.334229 -0.239409 0.911578 0.231619 0.199355 0.952161 -0.229835 -0.232589 0.945028 0.155933 0.654406 0.739891 -0.365990 -0.627250 0.687465 
0.835051 -0.143874 0.531027 -0.333251 -0.242807 0.911037 0.229911 0.200182 0.952401 -0.232076 -0.238161 0.943091 0.152993 0.653878 0.740971 -0.364363 -0.629397 0.686366 
0.837400 -0.151020 0.525314 -0.329599 -0.244345 0.911954 0.230771 0.203796 0.951426 -0.227177 -0.232663 0.945652 0.151605 0.663492 0.732663 -0.356312 -0.624321 0.695173 
0.839983 -0.159636 0.518599 -0.325695 -0.245175 0.913133 0.231806 0.207585 0.950355 -0.219945 -0.225971 0.948979 0.148348 0.673554 0.724098 -0.347085 -0.619479 0.704115 
0.842462 -0.181040 0.507427 -0.323000 -0.245854 0.913908 0.236131 0.213032 0.948082 -0.207801 -0.212824 0.954738 0.147270 0.688516 0.710111 -0.338357 -0.607562 0.718597 
0.844345 -0.211901 0.492117 -0.322454 -0.247322 0.913704 0.243034 0.219754 0.944798 -0.192435 -0.195110 0.961718 0.149988 0.705595 0.692560 -0.331412 -0.590363 0.735960 
0.844850 -0.247360 0.474386 -0.324743 -0.249488 0.912303 0.251933 0.227045 0.940734 -0.175944 -0.175782 0.968579 0.156041 0.722303 0.673743 -0.326946 -0.570141 0.753688 
0.845137 -0.274668 0.458586 -0.328344 -0.249793 0.910930 0.261389 0.233535 0.936556 -0.163113 -0.160886 0.973401 0.162417 0.731468 0.662250 -0.327679 -0.555306 0.764370 
0.847112 -0.272004 0.456525 -0.336932 -0.250063 0.907714 0.268189 0.234535 0.934381 -0.163527 -0.161124 0.973292 0.171778 0.723790 0.668297 -0.338039 -0.556491 0.758978 
0.844848 -0.265643 0.464399 -0.345440 -0.248919 0.904826 0.273508 0.231064 0.933704 -0.169419 -0.166473 0.971382 0.184511 0.710231 0.679359 -0.352518 -0.561654 0.748516 
0.840390 -0.268324 0.470900 -0.348928 -0.248331 0.903649 0.277317 0.228970 0.933096 -0.171823 -0.168214 0.970660 0.191850 0.704402 0.683382 -0.361449 -0.560774 0.744907 
0.837560 -0.281668 0.468141 -0.345913 -0.246647 0.905268 0.276520 0.228239 0.933512 -0.168999 -0.163271 0.971999 0.192091 0.710972 0.676476 -0.358131 -0.554108 0.751469 
0.835365 -0.300674 0.460174 -0.338618 -0.242913 0.909028 0.274103 0.228589 0.934138 -0.163221 -0.154869 0.974358 0.187944 0.722928 0.664870 -0.349236 -0.545030 0.762218 
0.832201 -0.319236 0.453354 -0.330615 -0.237890 0.913292 0.273180 0.229655 0.934147 -0.158079 -0.147266 0.976383 0.183066 0.734105 0.653893 -0.340946 -0.536181 0.772183 
0.831169 -0.327487 0.449344 -0.325882 -0.233465 0.916130 0.274307 0.230978 0.933491 -0.157086 -0.144104 0.977015 0.180879 0.739358 0.648562 -0.337955 -0.530953 0.777094 
0.182378 0.740493 0.646845 -0.337843 -0.528969 0.778495 -0.326661 -0.232596 0.916074 -0.413745 0.192233 0.889866 0.833521 -0.325678 0.446293 0.209668 0.428931 0.878668 -0.315203 0.037514 0.948283 
-0.330080 -0.234775 0.914291 0.222814 0.481937 0.847402 -0.417292 0.185481 0.889643 0.835483 -0.319217 0.447289 0.184918 0.738692 0.648182 -0.338500 -0.530837 0.776937 -0.313583 0.031680 0.949032 -0.486269 0.036786 0.873035 
-0.333548 -0.237461 0.912336 -0.312296 0.029570 0.949524 -0.416028 0.181554 0.891044 0.836363 -0.312127 0.450637 0.186965 0.735757 0.650927 -0.339200 -0.534535 0.774090 0.220050 0.503705 0.835380 -0.480222 0.020611 0.876905 
-0.335027 -0.238548 0.911511 -0.309641 0.028811 0.950417 -0.412590 0.178656 0.893226 0.836422 -0.308115 0.453281 0.187690 0.733606 0.653142 -0.339906 -0.537163 0.771959 0.219440 0.512568 0.830132 -0.470650 0.017768 0.882141 
-0.334092 -0.237975 0.912003 -0.306427 0.028861 0.951457 -0.409157 0.176971 0.895138 0.835790 -0.309411 0.453563 0.186951 0.733925 0.652995 -0.339767 -0.536919 0.772189 0.213097 0.514598 0.830529 -0.456972 0.018508 0.889288 
-0.330986 -0.235585 0.913755 -0.302953 0.028503 0.952579 -0.407111 0.175401 0.896379 0.834757 -0.315833 0.451032 0.184990 0.736464 0.650691 -0.339212 -0.533736 0.774636 0.211702 0.517204 0.829266 -0.451527 0.018130 0.892073 
-0.326868 -0.232230 0.916093 -0.298567 0.028014 0.953978 -0.404757 0.173409 0.897831 0.833150 -0.324806 0.447618 0.182492 0.739604 0.647829 -0.338809 -0.529464 0.777738 0.212575 0.520909 0.826720 -0.447701 0.017651 0.894009 
-0.321393 -0.227739 0.919153 -0.293307 0.027515 0.955622 -0.402071 0.171235 0.899454 0.830708 -0.336551 0.443461 0.179221 0.743623 0.644130 -0.338249 -0.523907 0.781734 0.213934 0.524993 0.823781 -0.443582 0.017328 0.896066 
-0.256865 0.108841 0.960299 -0.313700 -0.221586 0.923305 -0.287220 0.027018 0.957483 0.174546 0.749152 0.638987 -0.337092 -0.516420 0.787197 0.215998 0.529188 0.820552 -0.439599 0.017280 0.898028 
-0.253763 0.107582 0.961265 0.168089 0.756261 0.632310 -0.335225 -0.506803 0.794214 -0.303333 -0.213418 0.928678 -0.280295 0.026565 0.959546 0.218907 0.533288 0.817119 -0.435932 0.017617 0.899807 
-0.250715 0.106563 0.962178 0.159394 0.764786 0.624256 -0.332576 -0.495114 0.802655 -0.290125 -0.203129 0.935182 -0.272499 0.026188 0.961800 0.222719 0.536921 0.813703 -0.432665 0.018557 0.901364 
-0.247558 0.105673 0.963093 0.148418 0.774684 0.614685 -0.328859 -0.481299 0.812529 -0.274567 -0.191133 0.942380 -0.263776 0.025871 0.964237 0.227251 0.540285 0.810216 -0.429334 0.020017 0.902924 
-0.244122 0.104780 0.964067 0.135041 0.785808 0.603547 -0.323794 -0.465426 0.823733 -0.257166 -0.177957 0.949840 -0.254109 0.025570 0.966837 0.232286 0.543747 0.806463 -0.425441 0.021822 0.904723 
-0.240353 0.103853 0.965114 0.118900 0.797995 0.590819 -0.317190 -0.447432 0.836179 -0.238079 -0.163769 0.957339 -0.243486 0.025283 0.969575 0.237914 0.547386 0.802350 -0.420920 0.023954 0.906781 
-0.236198 0.102850 0.966246 0.099395 0.811017 0.576518 -0.308879 -0.427185 0.849768 -0.217062 -0.148397 0.964812 -0.231781 0.024984 0.972447 0.244298 0.551306 0.797734 -0.415768 0.026389 0.909088 
-0.232238 0.102128 0.967282 0.076805 0.825070 0.559786 -0.298223 -0.404180 0.864697 -0.194053 -0.131818 0.972094 -0.219489 0.024830 0.975299 0.250036 0.557197 0.791842 -0.407535 0.028310 0.912751 
-0.229456 0.102362 0.967922 0.053370 0.836530 0.545316 -0.288463 -0.382357 0.877834 -0.170460 -0.114618 0.978676 -0.208533 0.025256 0.977689 0.257176 0.558999 0.788277 -0.401780 0.032302 0.915166 
-0.225581 0.101480 0.968925 0.039164 0.842061 0.537958 -0.284329 -0.367442 0.885519 -0.154681 -0.102650 0.982617 -0.199285 0.025843 0.979601 0.264314 0.560020 0.785185 -0.397524 0.036074 0.916882 
-0.220543 0.099054 0.970335 0.036620 0.843052 0.536584 -0.285814 -0.359121 0.888449 -0.146531 -0.095793 0.984557 -0.191347 0.026106 0.981175 0.268380 0.563766 0.781115 -0.392005 0.037273 0.919207 
-0.215534 0.096387 0.971728 0.036308 0.844742 0.533940 -0.286113 -0.352052 0.891178 -0.142155 -0.092088 0.985552 -0.184389 0.025771 0.982515 0.269627 0.569966 0.776170 -0.385215 0.036328 0.922112 
-0.210538 0.093521 0.973102 0.032093 0.847551 0.529742 -0.283121 -0.346941 0.894133 -0.139681 -0.090541 0.986049 -0.178127 0.024712 0.983697 0.269314 0.577202 0.770913 -0.378054 0.034378 0.925145 
-0.205773 0.090553 0.974401 0.024140 0.849519 0.527005 -0.279479 -0.344135 0.896361 -0.135180 -0.088009 0.986905 -0.172025 0.023140 0.984821 0.267597 0.585106 0.765535 -0.371018 0.031617 0.928087 
-0.201466 0.087730 0.975559 0.014639 0.851241 0.524570 -0.275402 -0.342064 0.898413 -0.130008 -0.085219 0.987844 -0.166298 0.021384 0.985844 0.264683 0.593043 0.760423 -0.364409 0.028404 0.930806 
-0.197773 0.085213 0.976537 0.005707 0.852566 0.522589 -0.271580 -0.340861 0.900032 -0.125807 -0.083092 0.988569 -0.161478 0.019738 0.986679 0.261208 0.600445 0.755802 -0.358481 0.025199 0.933197 
-0.194864 0.083157 0.977299 -0.000768 0.853186 0.521606 -0.268906 -0.340815 0.900852 -0.123111 -0.081856 0.989011 -0.157941 0.018411 0.987277 0.257514 0.607109 0.751735 -0.353158 0.022224 0.935300 
-0.193087 0.081840 0.977763 -0.003861 0.853469 0.521129 -0.267433 -0.341339 0.901092 -0.122522 -0.081863 0.989084 -0.156084 0.017583 0.987587 0.254459 0.611805 0.748963 -0.349356 0.020054 0.936776 
-0.192713 0.081443 0.977869 -0.003339 0.853372 0.521291 -0.267329 -0.342441 0.900705 -0.123624 -0.082788 0.988870 -0.156081 0.017324 0.987592 0.253008 0.613586 0.747996 -0.348083 0.019084 0.937269 
-0.193762 0.081962 0.977619 -0.000450 0.852865 0.522131 -0.268330 -0.343933 0.899838 -0.125454 -0.084006 0.988537 -0.157700 0.017545 0.987331 0.253203 0.612352 0.748942 -0.349530 0.019279 0.936727 
-0.195838 0.083073 0.977111 0.004768 0.851928 0.523637 -0.270220 -0.346363 0.898340 -0.128771 -0.086155 0.987925 -0.160790 0.018075 0.986823 0.254074 0.609378 0.751069 -0.352633 0.020030 0.935547 
-0.198905 0.084757 0.976347 0.011662 0.850639 0.525621 -0.272702 -0.349571 0.896345 -0.133300 -0.089088 0.987064 -0.165227 0.018866 0.986075 0.255335 0.604888 0.754264 -0.357185 0.021226 0.933792 
-0.202908 0.086968 0.975328 0.019951 0.848894 0.528186 -0.275728 -0.353676 0.893805 -0.138876 -0.092716 0.985960 -0.170936 0.019871 0.985082 0.256702 0.599066 0.758435 -0.363073 0.022753 0.931483 
-0.207769 0.089630 0.974063 0.029891 0.846492 0.531562 -0.279452 -0.358955 0.890538 -0.145657 -0.097154 0.984553 -0.177904 0.021056 0.983822 0.257920 0.592167 0.763424 -0.370195 0.024457 0.928632 
-0.213416 0.092680 0.972556 0.041849 0.843162 0.536029 -0.284034 -0.365830 0.886280 -0.154025 -0.102676 0.982718 -0.186202 0.022399 0.982256 0.258797 0.584375 0.769110 -0.378491 0.026229 0.925233 
-0.219414 0.096169 0.970881 0.054755 0.839293 0.540916 -0.288900 -0.373419 0.881530 -0.163168 -0.108693 0.980593 -0.195198 0.023901 0.980473 0.259160 0.575420 0.775711 -0.387490 0.028345 0.921438 
-0.225664 0.099923 0.969067 0.065103 0.835261 0.545986 -0.293370 -0.380526 0.877003 -0.171413 -0.114120 0.978567 -0.204265 0.025541 0.978582 0.259432 0.565417 0.782943 -0.397017 0.031028 0.917287 
-0.232037 0.103908 0.967141 0.076348 0.830241 0.552151 -0.298659 -0.388591 0.871665 -0.179974 -0.119603 0.976373 -0.213719 0.027365 0.976512 0.259381 0.554795 0.790521 -0.406920 0.034029 0.912830 
-0.238354 0.107855 0.965171 0.087697 0.825043 0.558223 -0.303755 -0.396816 0.866181 -0.189102 -0.125580 0.973894 -0.223217 0.029234 0.974330 0.259786 0.543067 0.798492 -0.417948 0.037781 0.907685 
-0.243481 0.110929 0.963541 0.096299 0.820351 0.563694 -0.307945 -0.404028 0.861354 -0.195497 -0.129738 0.972085 -0.230738 0.030544 0.972536 0.260143 0.534234 0.804313 -0.427386 0.040440 0.903165 
-0.247243 0.113043 0.962337 0.102577 0.816076 0.568769 -0.311526 -0.410347 0.857069 -0.199633 -0.132369 0.970889 -0.236274 0.031329 0.971181 0.259930 0.528950 0.807867 -0.434004 0.041580 0.899951 
-0.249866 0.114405 0.961498 0.107045 0.812595 0.572915 -0.314289 -0.415442 0.853598 -0.202578 -0.134297 0.970014 -0.240235 0.031759 0.970195 0.259601 0.525658 0.810118 -0.438758 0.042002 0.897623 
-0.251231 0.114971 0.961075 0.109599 0.810447 0.575469 -0.315737 -0.418898 0.851372 -0.204726 -0.135874 0.969343 -0.242520 0.031798 0.969625 0.259648 0.523745 0.811341 -0.442278 0.042082 0.895890 
-0.251486 0.114925 0.961014 0.110081 0.809762 0.576339 -0.315837 -0.420542 0.850524 -0.205351 -0.136517 0.969120 -0.243135 0.031560 0.969479 0.259047 0.523957 0.811396 -0.442723 0.041492 0.895698 
-0.251047 0.114571 0.961170 0.108945 0.810237 0.575888 -0.315079 -0.420445 0.850853 -0.204498 -0.136123 0.969356 -0.242497 0.031236 0.969649 0.258825 0.524937 0.810833 -0.441991 0.040965 0.896084 
-0.249889 0.113856 0.961557 0.106780 0.811483 0.574538 -0.313982 -0.418798 0.852070 -0.202486 -0.134817 0.969961 -0.240650 0.030864 0.970121 0.259025 0.526761 0.809586 -0.440211 0.040435 0.896983 
-0.247872 0.112632 0.962223 0.103211 0.813541 0.572274 -0.312329 -0.415743 0.854171 -0.199037 -0.132513 0.970992 -0.237415 0.030289 0.970936 0.259431 0.529853 0.807435 -0.437148 0.039595 0.898517 
-0.244938 0.110869 0.963179 0.097877 0.816469 0.569033 -0.309911 -0.411320 0.857188 -0.194035 -0.129172 0.972453 -0.232725 0.029467 0.972096 0.259975 0.534322 0.804309 -0.432699 0.038401 0.900720 
-0.241034 0.108553 0.964427 0.090657 0.820253 0.564772 -0.306662 -0.405472 0.861133 -0.187441 -0.124772 0.974319 -0.226516 0.028402 0.973593 0.260615 0.540222 0.800150 -0.426787 0.036869 0.903600 
-0.236151 0.105695 0.965951 0.081324 0.824889 0.559414 -0.302445 -0.398143 0.866031 -0.179158 -0.119260 0.976565 -0.218754 0.027103 0.975404 0.261116 0.547748 0.794853 -0.419161 0.034901 0.907241 
-0.231657 0.103119 0.967317 0.071295 0.830011 0.553171 -0.297604 -0.389817 0.871478 -0.169902 -0.113028 0.978958 -0.211012 0.025926 0.977140 0.262126 0.555886 0.788848 -0.411280 0.032958 0.910913 
-0.227515 0.100934 0.968529 0.061724 0.834596 0.547393 -0.293209 -0.381679 0.876555 -0.161579 -0.107358 0.981003 -0.203910 0.025104 0.978668 0.263584 0.561852 0.784121 -0.404732 0.032180 0.913869 
-0.223598 0.098898 0.969651 0.054222 0.838021 0.542937 -0.289989 -0.374878 0.880553 -0.154926 -0.102717 0.982572 -0.197621 0.024480 0.979973 0.265001 0.567083 0.779866 -0.398853 0.031632 0.916469 
-0.219866 0.096918 0.970704 0.047986 0.840819 0.539185 -0.287355 -0.368932 0.883921 -0.149376 -0.098841 0.983828 -0.191876 0.023919 0.981128 0.266070 0.571879 0.775990 -0.393410 0.031086 0.918838 
-0.216771 0.095231 0.971566 0.043672 0.842440 0.537017 -0.286032 -0.364507 0.886183 -0.145193 -0.095828 0.984752 -0.187278 0.023494 0.982026 0.266483 0.575648 0.773057 -0.389034 0.030542 0.920717 
-0.214640 0.094101 0.972149 0.039555 0.843763 0.535256 -0.284702 -0.361027 0.888034 -0.141488 -0.093231 0.985540 -0.183888 0.023111 0.982675 0.266540 0.578384 0.770992 -0.385958 0.030035 0.922027 
-0.213363 0.093409 0.972497 0.036860 0.844562 0.534187 -0.283655 -0.359336 0.889054 -0.139479 -0.091903 0.985951 -0.181964 0.022810 0.983041 0.266445 0.580129 0.769712 -0.384087 0.029635 0.922821 
-0.213001 0.093171 0.972600 0.036314 0.844705 0.533999 -0.283425 -0.359100 0.889223 -0.139050 -0.091643 0.986036 -0.181469 0.022688 0.983135 0.266291 0.580756 0.769293 -0.383549 0.029402 0.923052 
-0.213573 0.093406 0.972452 0.037942 0.844196 0.534690 -0.284043 -0.360258 0.888557 -0.140186 -0.092426 0.985802 -0.182413 0.022764 0.982959 0.266110 0.580251 0.769737 -0.384335 0.029351 0.922727 
-0.215118 0.094155 0.972039 0.041672 0.843053 0.536213 -0.285473 -0.362728 0.887093 -0.142871 -0.094236 0.985245 -0.184827 0.023060 0.982501 0.265934 0.578547 0.771079 -0.386471 0.029530 0.921829 
-0.217696 0.095476 0.971336 0.047463 0.841245 0.538566 -0.287700 -0.366483 0.884827 -0.147132 -0.097089 0.984340 -0.188778 0.023607 0.981736 0.265825 0.575413 0.773458 -0.390110 0.030052 0.920278 
-0.220992 0.097393 0.970401 0.054513 0.839214 0.541062 -0.290183 -0.370740 0.882239 -0.151703 -0.100129 0.983342 -0.193610 0.024331 0.980777 0.265540 0.570825 0.776947 -0.394827 0.031009 0.918232 
-0.224514 0.099460 0.969382 0.060194 0.836883 0.544062 -0.292678 -0.375085 0.879574 -0.156098 -0.103041 0.982352 -0.198692 0.025134 0.979740 0.265260 0.565500 0.780927 -0.400064 0.032275 0.915919 
-0.228232 0.101622 0.968289 0.067710 0.833761 0.547959 -0.296044 -0.380497 0.876116 -0.162275 -0.107113 0.980915 -0.204519 0.026114 0.978514 0.264930 0.559639 0.785249 -0.405807 0.033722 0.913336 
-0.232209 0.104015 0.967088 0.075977 0.830129 0.552370 -0.299795 -0.386546 0.872184 -0.168875 -0.111428 0.979319 -0.210812 0.027206 0.977148 0.264390 0.553202 0.789978 -0.411970 0.035363 0.910511 
-0.236373 0.106603 0.965797 0.083403 0.826553 0.556645 -0.303294 -0.392288 0.868402 -0.175289 -0.115634 0.977703 -0.217242 0.028393 0.975705 0.263845 0.546097 0.795087 -0.418514 0.037379 0.907441 
-0.239982 0.108736 0.964668 0.089907 0.823445 0.560228 -0.305989 -0.397665 0.865005 -0.180391 -0.119047 0.976364 -0.222702 0.029256 0.974448 0.263882 0.540201 0.799093 -0.424779 0.039042 0.904455 
-0.242334 0.110005 0.963936 0.093565 0.820904 0.563350 -0.307978 -0.401899 0.862338 -0.182694 -0.120536 0.975753 -0.226128 0.029620 0.973647 0.263921 0.537206 0.801096 -0.429004 0.039549 0.902437 
-0.243534 0.110518 0.963575 0.095395 0.819112 0.565647 -0.309398 -0.404631 0.860550 -0.183347 -0.120927 0.975582 -0.227808 0.029658 0.973254 0.264073 0.536034 0.801831 -0.431667 0.039445 0.901170 
-0.243728 0.110439 0.963535 0.095437 0.818329 0.566771 -0.309960 -0.405767 0.859813 -0.182562 -0.120397 0.975795 -0.227943 0.029446 0.973229 0.264331 0.536334 0.801545 -0.432734 0.038964 0.900679 
-0.243008 0.109879 0.963781 0.093690 0.818698 0.566529 -0.309529 -0.405183 0.860243 -0.180376 -0.118967 0.976377 -0.226629 0.029046 0.973548 0.264709 0.537865 0.800394 -0.432206 0.038275 0.900962 
-0.241391 0.108867 0.964302 0.090215 0.820154 0.564986 -0.308175 -0.402896 0.861802 -0.176862 -0.116638 0.977300 -0.223898 0.028501 0.974196 0.265235 0.540514 0.798432 -0.430105 0.037476 0.902000 
-0.238789 0.107331 0.965122 0.085072 0.822570 0.562264 -0.305977 -0.399007 0.864391 -0.172056 -0.113438 0.978534 -0.219680 0.027782 0.975176 0.265762 0.544458 0.795573 -0.426288 0.036459 0.903853 
-0.235679 0.105512 0.966086 0.078536 0.825920 0.558290 -0.302812 -0.393732 0.867917 -0.166108 -0.109512 0.980008 -0.214498 0.026933 0.976353 0.266385 0.549695 0.791754 -0.421173 0.035132 0.906299 
-0.233161 0.104189 0.966840 0.071952 0.829350 0.554077 -0.299559 -0.388090 0.871579 -0.159926 -0.105364 0.981490 -0.209827 0.026339 0.977384 0.267428 0.553617 0.788664 -0.416961 0.034557 0.908267 
-0.230750 0.102944 0.967552 0.066611 0.832010 0.550747 -0.297121 -0.383244 0.874553 -0.155157 -0.102108 0.982599 -0.205717 0.025940 0.978268 0.268551 0.556804 0.786034 -0.413265 0.034313 0.909964 
-0.228596 0.101809 0.968183 0.063478 0.833768 0.548453 -0.295652 -0.379761 0.876568 -0.152104 -0.099960 0.983297 -0.202429 0.025657 0.978961 0.269487 0.559601 0.783725 -0.410095 0.034058 0.911407 
-0.226786 0.100854 0.968709 0.060737 0.835376 0.546313 -0.294224 -0.376725 0.878357 -0.149347 -0.098063 0.983910 -0.199601 0.025366 0.979549 0.270141 0.562095 0.781712 -0.407350 0.033733 0.912649 
-0.225245 0.100012 0.969155 0.057494 0.836865 0.544382 -0.292687 -0.374027 0.880022 -0.146473 -0.096148 0.984531 -0.197058 0.025015 0.980073 0.270478 0.564402 0.779930 -0.404949 0.033285 0.913733 
-0.223953 0.099277 0.969530 0.054665 0.838000 0.542926 -0.291404 -0.372015 0.881299 -0.144142 -0.094618 0.985023 -0.194977 0.024678 0.980497 0.270634 0.566424 0.778409 -0.402947 0.032810 0.914635 
-0.223139 0.098749 0.969772 0.053376 0.838460 0.542343 -0.290898 -0.371090 0.881856 -0.143180 -0.093989 0.985224 -0.193808 0.024481 0.980734 0.270624 0.567635 0.777530 -0.401778 0.032473 0.915161 
-0.223077 0.098698 0.969791 0.053524 0.838444 0.542353 -0.290934 -0.371126 0.881829 -0.143217 -0.094015 0.985216 -0.193752 0.024461 0.980746 0.270571 0.567795 0.777432 -0.401670 0.032393 0.915211 
-0.223365 0.098862 0.969709 0.054274 0.838209 0.542642 -0.291221 -0.371575 0.881545 -0.143772 -0.094382 0.985100 -0.194219 0.024538 0.980651 0.270537 0.567340 0.777775 -0.402116 0.032501 0.915011 
-0.223962 0.099201 0.969536 0.055722 0.837708 0.543268 -0.291814 -0.372500 0.880959 -0.144904 -0.095129 0.984862 -0.195187 0.024695 0.980455 0.270468 0.566404 0.778481 -0.403044 0.032721 0.914595 
-0.224878 0.099722 0.969271 0.057900 0.836929 0.544240 -0.292718 -0.373920 0.880057 -0.146633 -0.096270 0.984495 -0.196672 0.024938 0.980152 0.270360 0.564968 0.779562 -0.404468 0.033061 0.913954 
-0.226123 0.100433 0.968907 0.060775 0.835846 0.545589 -0.293946 -0.375854 0.878823 -0.148956 -0.097800 0.983996 -0.198689 0.025269 0.979737 0.270203 0.563013 0.781029 -0.406395 0.033526 0.913082 
-0.227712 0.101345 0.968440 0.064371 0.834434 0.547335 -0.295504 -0.378332 0.877236 -0.151899 -0.099738 0.983351 -0.201262 0.025694 0.979200 0.269990 0.560512 0.782900 -0.408863 0.034128 0.911958 
-0.229662 0.102471 0.967861 0.068696 0.832659 0.549509 -0.297411 -0.381380 0.875269 -0.155498 -0.102106 0.982545 -0.204422 0.026220 0.978532 0.269702 0.557432 0.785195 -0.411888 0.034880 0.910567 
-0.232005 0.103884 0.967151 0.073783 0.830617 0.551935 -0.299562 -0.384866 0.873007 -0.159336 -0.104613 0.981666 -0.208092 0.026845 0.977741 0.269301 0.553750 0.787933 -0.415427 0.035806 0.908922 
-0.234508 0.105441 0.966379 0.078052 0.828597 0.554378 -0.301552 -0.388213 0.870837 -0.162941 -0.106971 0.980820 -0.211885 0.027518 0.976907 0.268846 0.549604 0.790985 -0.419237 0.036938 0.907125 
-0.237126 0.107058 0.965562 0.083098 0.826195 0.557223 -0.303908 -0.392057 0.868292 -0.167355 -0.109860 0.979757 -0.216041 0.028278 0.975975 0.268394 0.545131 0.794227 -0.423382 0.038203 0.905146 
-0.239167 0.108219 0.964929 0.087156 0.824328 0.559363 -0.305623 -0.395185 0.866270 -0.170122 -0.111680 0.979074 -0.219080 0.028718 0.975284 0.268323 0.541954 0.796423 -0.426989 0.038985 0.903416 
-0.239899 0.108477 0.964718 0.088519 0.822959 0.561162 -0.306757 -0.397269 0.864914 -0.170336 -0.111757 0.979028 -0.220097 0.028675 0.975057 0.268289 0.541403 0.796809 -0.428653 0.038731 0.902639 
-0.239469 0.107996 0.964879 0.087580 0.822570 0.561879 -0.306945 -0.397793 0.864607 -0.168649 -0.110620 0.979449 -0.219307 0.028271 0.975246 0.268526 0.542699 0.795846 -0.428798 0.037897 0.902605 
-0.238046 0.106971 0.965345 0.084298 0.823440 0.561106 -0.305919 -0.396444 0.865590 -0.165081 -0.108303 0.980316 -0.216863 0.027606 0.975812 0.268909 0.545516 0.793789 -0.427272 0.036718 0.903377 
-0.236660 0.106095 0.965782 0.080917 0.824910 0.559442 -0.304454 -0.394133 0.867160 -0.161706 -0.106082 0.981121 -0.214396 0.027125 0.976370 0.269222 0.548532 0.791601 -0.424828 0.035734 0.904568 
-0.235820 0.105721 0.966029 0.078048 0.826510 0.557486 -0.302975 -0.391551 0.868846 -0.158985 -0.104260 0.981761 -0.212606 0.026956 0.976766 0.269772 0.549699 0.790604 -0.423348 0.035738 0.905262 
-0.235320 0.105616 0.966162 0.075902 0.827829 0.555822 -0.301852 -0.389249 0.870270 -0.156663 -0.102641 0.982304 -0.211303 0.026955 0.977049 0.270446 0.550172 0.790044 -0.422368 0.036072 0.905707 
-0.234967 0.105582 0.966252 0.074770 0.828697 0.554681 -0.301237 -0.387550 0.871241 -0.155212 -0.101573 0.982645 -0.210426 0.027047 0.977236 0.271132 0.550315 0.789710 -0.421730 0.036499 0.905986 
-0.234645 0.105477 0.966342 0.074787 0.828998 0.554229 -0.301203 -0.386718 0.871622 -0.155038 -0.101370 0.982694 -0.209969 0.027165 0.977331 0.271708 0.550364 0.789477 -0.421403 0.036825 0.906125 
-0.234600 0.105490 0.966351 0.075442 0.828979 0.554168 -0.301402 -0.386577 0.871616 -0.155275 -0.101474 0.982646 -0.209958 0.027260 0.977330 0.272001 0.550241 0.789462 -0.421456 0.037008 0.906093 
-0.234762 0.105596 0.966300 0.075909 0.828812 0.554355 -0.301601 -0.386822 0.871439 -0.155574 -0.101656 0.982580 -0.210221 0.027321 0.977272 0.272008 0.549951 0.789661 -0.421723 0.037108 0.905965 
-0.235082 0.105789 0.966201 0.076638 0.828482 0.554746 -0.301937 -0.387353 0.871087 -0.156202 -0.102066 0.982437 -0.210755 0.027414 0.977154 0.271932 0.549407 0.790066 -0.422232 0.037247 0.905722 
-0.235583 0.106091 0.966046 0.077791 0.827966 0.555356 -0.302463 -0.388184 0.870534 -0.157193 -0.102714 0.982212 -0.211593 0.027562 0.976969 0.271809 0.548557 0.790699 -0.423028 0.037469 0.905342 
-0.236271 0.106507 0.965832 0.079367 0.827252 0.556197 -0.303185 -0.389326 0.869772 -0.158570 -0.103615 0.981896 -0.212750 0.027765 0.976712 0.271637 0.547387 0.791568 -0.424125 0.037776 0.904816 
-0.237157 0.107043 0.965556 0.081385 0.826325 0.557282 -0.304112 -0.390798 0.868788 -0.160351 -0.104782 0.981483 -0.214240 0.028030 0.976379 0.271412 0.545879 0.792686 -0.425539 0.038173 0.904134 
-0.237932 0.107487 0.965316 0.083512 0.825472 0.558230 -0.304936 -0.392260 0.867840 -0.161943 -0.105842 0.981108 -0.215544 0.028229 0.976086 0.271316 0.544376 0.793752 -0.427058 0.038586 0.903401 
-0.237911 0.107395 0.965331 0.083762 0.825192 0.558607 -0.305148 -0.392731 0.867552 -0.161858 -0.105788 0.981127 -0.215541 0.028136 0.976089 0.271332 0.544596 0.793596 -0.427291 0.038357 0.903300 
-0.237896 0.107385 0.965336 0.083724 0.825205 0.558593 -0.305135 -0.392707 0.867568 -0.161788 -0.105740 0.981144 -0.215506 0.028129 0.976097 0.271343 0.544622 0.793574 -0.427276 0.038350 0.903307 
-0.237876 0.107374 0.965342 0.083736 0.825229 0.558557 -0.305117 -0.392678 0.867587 -0.161766 -0.105727 0.981149 -0.215476 0.028124 0.976104 0.271345 0.544652 0.793553 -0.427245 0.038342 0.903323 
-0.237858 0.107363 0.965348 0.083761 0.825251 0.558520 -0.305101 -0.392651 0.867605 -0.161750 -0.105718 0.981153 -0.215448 0.028120 0.976110 0.271348 0.544679 0.793533 -0.427218 0.038335 0.903336 
-0.237842 0.107354 0.965353 0.083813 0.825275 0.558477 -0.305086 -0.392626 0.867622 -0.161747 -0.105717 0.981153 -0.215425 0.028117 0.976116 0.271352 0.544702 0.793516 -0.427196 0.038327 0.903346 
-0.237828 0.107346 0.965357 0.083892 0.825300 0.558429 -0.305070 -0.392605 0.867637 -0.161769 -0.105736 0.981148 -0.215408 0.028115 0.976119 0.271353 0.544724 0.793500 -0.427173 0.038323 0.903357 
-0.237815 0.107338 0.965361 0.084010 0.825326 0.558371 -0.305054 -0.392590 0.867649 -0.161818 -0.105774 0.981135 -0.215399 0.028115 0.976121 0.271355 0.544745 0.793485 -0.427152 0.038317 0.903368 
-0.237803 0.107331 0.965365 0.084125 0.825352 0.558317 -0.305038 -0.392578 0.867660 -0.161870 -0.105814 0.981123 -0.215393 0.028115 0.976123 0.271357 0.544762 0.793473 -0.427137 0.038314 0.903375 
-0.237792 0.107325 0.965368 0.084244 0.825376 0.558263 -0.305022 -0.392569 0.867670 -0.161922 -0.105855 0.981110 -0.215387 0.028115 0.976124 0.271359 0.544778 0.793461 -0.427119 0.038309 0.903384 
