0.200633 -0.007934 0.004497 0.222487 0.128325 0.004399 -0.013715 0.027403 0.004062 0.010940 0.161872 0.003971 
0.200728 -0.007948 0.004639 0.222562 0.128314 0.004564 -0.013623 0.027356 0.003821 0.011011 0.161829 0.003758 
0.200753 -0.007947 0.004689 0.222560 0.128320 0.004595 -0.013606 0.027315 0.003920 0.011002 0.161793 0.003838 
0.200763 -0.007934 0.004713 0.222556 0.128334 0.004639 -0.013600 0.027305 0.004002 0.010994 0.161786 0.003939 
0.201049 -0.007734 0.004761 0.222816 0.128537 0.005191 -0.013315 0.027470 0.003175 0.011254 0.161954 0.003623 
0.201055 -0.007190 0.004297 0.222830 0.129076 0.005447 -0.013308 0.028034 0.003082 0.011269 0.162513 0.004238 
0.201168 -0.007742 0.004713 0.222971 0.128523 0.005340 -0.013172 0.027526 0.001832 0.011432 0.162002 0.002493 
0.201124 -0.007476 0.004343 0.222925 0.128787 0.005345 -0.013223 0.027794 0.002017 0.011380 0.162269 0.003042 
0.201056 -0.007317 0.003833 0.222844 0.128946 0.005174 -0.013299 0.027932 0.002116 0.011290 0.162407 0.003469 
0.201154 -0.007463 0.004076 0.222939 0.128802 0.005265 -0.013200 0.027782 0.002087 0.011386 0.162258 0.003292 
0.201148 -0.007260 0.003807 0.222942 0.129000 0.005322 -0.013207 0.027999 0.002269 0.011388 0.162471 0.003792 
0.201187 -0.007368 0.003955 0.222943 0.128897 0.005536 -0.013177 0.027833 0.002375 0.011380 0.162311 0.003963 
0.201188 -0.007384 0.004040 0.222942 0.128875 0.006097 -0.013177 0.027820 0.002618 0.011379 0.162292 0.004675 
0.200867 -0.009303 0.004126 0.223822 0.126745 0.006959 -0.013178 0.027799 0.002841 0.012563 0.162034 0.005665 
0.200569 -0.010806 0.004154 0.224389 0.125081 0.007526 -0.013234 0.027665 0.002801 0.013360 0.161722 0.006160 
0.200572 -0.010886 0.004235 0.224413 0.124990 0.007877 -0.013226 0.027621 0.003003 0.013389 0.161667 0.006627 
0.200521 -0.011183 0.004301 0.224525 0.124636 0.008887 -0.013228 0.027593 0.003184 0.013548 0.161579 0.007742 
0.200527 -0.011163 0.004358 0.224532 0.124669 0.008517 -0.013224 0.027604 0.003351 0.013553 0.161603 0.007485 
0.200381 -0.011948 0.004430 0.224843 0.123742 0.010237 -0.013235 0.027563 0.003519 0.013993 0.161411 0.009284 
0.200373 -0.011989 0.004478 0.224808 0.123663 0.011223 -0.013249 0.027494 0.003677 0.013952 0.161304 0.010370 
0.200373 -0.011995 0.004517 0.224809 0.123647 0.011459 -0.013249 0.027488 0.003797 0.013953 0.161288 0.010683 
0.221788 -0.151034 0.012570 0.013858 0.161499 0.008255 0.224754 0.124077 0.008941 0.077359 -0.309019 0.004906 -0.013232 0.027569 0.003906 -0.025780 -0.219335 0.007911 
0.220555 -0.150785 0.010777 0.013915 0.161605 0.007923 0.224792 0.124078 0.008537 0.075784 -0.308536 0.004954 -0.013248 0.027678 0.003995 -0.027163 -0.218615 0.007355 
0.220069 -0.150332 0.010246 0.013906 0.161549 0.008898 0.224782 0.124019 0.009463 0.075838 -0.308596 0.004994 -0.013253 0.027649 0.004086 -0.027418 -0.219059 0.008338 
0.219602 -0.150023 0.009540 0.013900 0.161507 0.009576 0.224776 0.123976 0.010095 0.075874 -0.308766 0.004973 -0.013255 0.027629 0.004169 -0.027658 -0.219588 0.009253 
0.219195 -0.150005 0.008659 0.013899 0.161494 0.009815 0.224776 0.123964 0.010286 0.075907 -0.309167 0.004969 -0.013255 0.027623 0.004245 -0.027855 -0.220297 0.009990 
0.219109 -0.149887 0.007881 0.013903 0.161501 0.009784 0.224779 0.123971 0.010207 0.075935 -0.309168 0.004967 -0.013253 0.027626 0.004315 -0.027872 -0.220384 0.010570 
0.219029 -0.150409 0.006767 0.013908 0.161517 0.009621 0.224785 0.123988 0.009998 0.075970 -0.309810 0.004983 -0.013251 0.027634 0.004377 -0.027876 -0.221096 0.010979 
0.217992 -0.152732 0.004984 0.013912 0.161533 0.009443 0.224790 0.124005 0.009775 0.075172 -0.312357 0.004983 -0.013248 0.027641 0.004434 -0.028768 -0.223774 0.011253 
0.217907 -0.152799 0.004987 0.013917 0.161550 0.009247 0.224795 0.124022 0.009537 0.075182 -0.312509 0.004982 -0.013246 0.027649 0.004486 -0.028799 -0.223998 0.011574 
0.217900 -0.152796 0.004973 0.013924 0.161575 0.008918 0.224801 0.124048 0.009167 0.075354 -0.312666 0.005031 -0.013242 0.027662 0.004533 -0.028715 -0.224279 0.011889 
0.217912 -0.152792 0.004972 0.013930 0.161601 0.008541 0.224808 0.124075 0.008751 0.075599 -0.312868 0.005545 -0.013239 0.027676 0.004576 -0.028580 -0.224626 0.012620 
0.217913 -0.152789 0.004973 0.013933 0.161623 0.008093 0.224812 0.124107 0.008266 0.075703 -0.312950 0.006453 -0.013234 0.027683 0.004616 -0.028503 -0.224755 0.013705 
0.217924 -0.152768 0.004967 0.013936 0.161649 0.007579 0.224817 0.124139 0.007717 0.075794 -0.312987 0.007560 -0.013230 0.027697 0.004652 -0.028422 -0.224814 0.014933 
0.217905 -0.152741 0.004956 0.013884 0.161618 0.006995 0.224778 0.124181 0.007096 0.075882 -0.313032 0.008724 -0.013238 0.027644 0.004686 -0.028357 -0.224892 0.016173 
0.217714 -0.152719 0.004959 0.013665 0.161406 0.006344 0.224608 0.124247 0.006410 0.075939 -0.313194 0.010004 -0.013283 0.027388 0.004717 -0.028396 -0.225171 0.017488 
0.217141 -0.152700 0.004962 0.013295 0.161018 0.005680 0.224328 0.124372 0.005700 0.075758 -0.313468 0.011452 -0.013328 0.026928 0.004745 -0.028743 -0.225646 0.018975 
0.215460 -0.152683 0.004911 0.013083 0.161219 0.005993 0.224136 0.124696 0.005294 0.074480 -0.313731 0.013028 -0.013466 0.027117 0.004739 -0.030165 -0.226106 0.020857 
0.212867 -0.152721 0.004925 0.013081 0.161224 0.005893 0.224134 0.124702 0.005257 0.072144 -0.313900 0.014729 -0.013467 0.027121 0.004762 -0.032554 -0.226367 0.022862 
0.210192 -0.152714 0.004933 0.013080 0.161230 0.005792 0.224134 0.124707 0.005218 0.069517 -0.313826 0.016382 -0.013467 0.027125 0.004783 -0.035119 -0.226241 0.024746 
0.207640 -0.152806 0.004939 0.013079 0.161235 0.005682 0.224133 0.124712 0.005174 0.066912 -0.313749 0.018020 -0.013468 0.027130 0.004800 -0.037604 -0.226040 0.026592 
0.013078 0.161244 0.005488 -0.013469 0.027138 0.004815 0.224131 0.124721 0.005104 0.205361 -0.153483 0.004944 0.064611 -0.314256 0.019751 -0.039803 -0.226433 0.028388 
0.013001 0.161221 0.005326 -0.013536 0.027111 0.005064 0.224057 0.124713 0.004727 0.203313 -0.154734 0.004949 0.062638 -0.315394 0.021581 -0.041729 -0.227508 0.030147 
0.013000 0.161221 0.005245 -0.013534 0.027110 0.005027 0.224057 0.124717 0.004745 0.200913 -0.157028 0.004954 0.060345 -0.317547 0.023718 -0.043972 -0.229593 0.032196 
0.012896 0.161163 0.005230 -0.013591 0.027043 0.005258 0.223964 0.124733 0.004326 0.198144 -0.160388 0.004958 0.057746 -0.320751 0.026168 -0.046536 -0.232742 0.034506 
0.012793 0.160969 0.005009 0.055014 -0.324393 0.028718 0.223867 0.124578 0.003856 0.195264 -0.164258 0.004962 -0.013666 0.026844 0.005500 -0.049211 -0.236299 0.036880 
0.012790 0.160967 0.004992 0.052290 -0.327651 0.031088 0.223865 0.124578 0.003960 0.192472 -0.167826 0.004965 -0.013669 0.026842 0.005439 -0.051832 -0.239424 0.039106 
0.012803 0.160962 0.004920 0.049844 -0.330060 0.033086 0.223881 0.124589 0.004050 0.190017 -0.170565 0.004969 -0.013646 0.026835 0.005332 -0.054156 -0.241679 0.041006 
0.012801 0.160961 0.004921 0.048472 -0.330930 0.034364 0.223879 0.124589 0.004132 0.188558 -0.171588 0.004971 -0.013648 0.026834 0.005307 -0.055490 -0.242500 0.042235 
0.012799 0.160961 0.004922 0.047895 -0.330827 0.035212 0.223878 0.124589 0.004204 0.187901 -0.171573 0.004974 -0.013650 0.026834 0.005300 -0.056049 -0.242376 0.043075 
0.012867 0.160788 0.004461 0.047382 -0.330756 0.036033 0.223958 0.124481 0.004222 0.187277 -0.171563 0.004976 -0.013540 0.026654 0.005196 -0.056560 -0.242304 0.043908 
0.012868 0.160792 0.004507 0.047005 -0.330686 0.036813 0.223959 0.124486 0.004279 0.186791 -0.171550 0.004978 -0.013539 0.026659 0.005399 -0.056935 -0.242233 0.044708 
0.012869 0.160802 0.004545 0.046639 -0.330606 0.037586 0.223960 0.124497 0.004336 0.186323 -0.171537 0.004979 -0.013536 0.026671 0.005742 -0.057289 -0.242143 0.045530 
0.012871 0.160814 0.004580 0.046323 -0.330528 0.038313 0.223962 0.124509 0.004390 0.185916 -0.171526 0.004997 -0.013533 0.026686 0.006131 -0.057590 -0.242052 0.046319 
0.012872 0.160824 0.004613 0.046187 -0.330470 0.038945 0.223964 0.124521 0.004438 0.185689 -0.171517 0.005019 -0.013530 0.026700 0.006484 -0.057719 -0.241992 0.047001 
0.012874 0.160833 0.004644 0.046260 -0.330430 0.039466 0.223966 0.124531 0.004481 0.185661 -0.171501 0.005022 -0.013527 0.026713 0.006806 -0.057651 -0.241962 0.047576 
0.012875 0.160841 0.004674 0.046344 -0.330390 0.039938 0.223967 0.124540 0.004520 0.185670 -0.171494 0.005039 -0.013524 0.026725 0.007100 -0.057565 -0.241923 0.048085 
0.012876 0.160847 0.004703 0.046377 -0.330324 0.040352 0.223969 0.124549 0.004555 0.185660 -0.171481 0.005041 -0.013521 0.026736 0.007372 -0.057513 -0.241840 0.048553 
0.012876 0.160849 0.004729 0.046367 -0.330236 0.040722 0.223970 0.124557 0.004587 0.185619 -0.171455 0.005015 -0.013515 0.026741 0.007628 -0.057492 -0.241724 0.049012 
0.012862 0.160762 0.004753 0.046405 -0.330183 0.041108 0.223972 0.124565 0.004615 0.185601 -0.171440 0.005013 -0.013469 0.026647 0.007869 -0.057439 -0.241661 0.049477 
0.012819 0.160510 0.004775 0.046599 -0.330247 0.041530 0.223974 0.124572 0.004641 0.185611 -0.171435 0.005029 -0.013346 0.026368 0.008101 -0.057298 -0.241795 0.049992 
0.012755 0.160128 0.004795 0.046935 -0.330417 0.042000 0.223975 0.124580 0.004665 0.185633 -0.171434 0.005051 -0.013162 0.025942 0.008334 -0.057077 -0.242113 0.050577 
0.012687 0.159720 0.004815 0.047339 -0.330625 0.042531 0.223977 0.124588 0.004686 0.185660 -0.171433 0.005074 -0.012964 0.025490 0.008579 -0.056819 -0.242503 0.051223 
0.012612 0.159267 0.004835 0.047789 -0.330864 0.043084 0.223978 0.124597 0.004705 0.185688 -0.171432 0.005097 -0.012744 0.024988 0.008837 -0.056537 -0.242952 0.051879 
0.012549 0.158878 0.004853 0.048168 -0.331051 0.043611 0.223980 0.124606 0.004722 0.185699 -0.171425 0.005110 -0.012553 0.024559 0.009100 -0.056299 -0.243315 0.052494 
0.012518 0.158682 0.004865 0.048401 -0.331122 0.044100 0.223982 0.124615 0.004738 0.185711 -0.171418 0.005130 -0.012453 0.024346 0.009355 -0.056138 -0.243476 0.053021 
0.012512 0.158641 0.004875 0.048462 -0.331086 0.044557 0.223984 0.124624 0.004752 0.185680 -0.171411 0.005153 -0.012426 0.024307 0.009605 -0.056086 -0.243451 0.053485 
0.012512 0.158643 0.004883 0.048315 -0.331025 0.045027 0.223986 0.124632 0.004765 0.185465 -0.171403 0.005175 -0.012420 0.024316 0.009845 -0.056225 -0.243382 0.053978 
0.012513 0.158644 0.004890 0.048020 -0.330966 0.045514 0.223987 0.124640 0.004777 0.185095 -0.171396 0.005197 -0.012413 0.024324 0.010078 -0.056509 -0.243315 0.054509 
0.012513 0.158640 0.004897 0.047974 -0.330890 0.045906 0.223989 0.124649 0.004788 0.184999 -0.171377 0.005191 -0.012405 0.024328 0.010301 -0.056537 -0.243223 0.054940 
0.012510 0.158618 0.004904 0.048053 -0.330867 0.046309 0.223991 0.124657 0.004797 0.184969 -0.171363 0.005195 -0.012387 0.024311 0.010521 -0.056475 -0.243223 0.055371 
0.012501 0.158561 0.004912 0.048147 -0.330862 0.046718 0.223993 0.124664 0.004805 0.184927 -0.171348 0.005196 -0.012353 0.024255 0.010743 -0.056409 -0.243255 0.055823 
0.012483 0.158443 0.004921 0.048234 -0.330876 0.047151 0.223995 0.124673 0.004813 0.184858 -0.171337 0.005209 -0.012289 0.024131 0.010970 -0.056358 -0.243317 0.056302 
0.012452 0.158247 0.004931 0.048467 -0.330958 0.047624 0.223997 0.124681 0.004819 0.184851 -0.171333 0.005234 -0.012189 0.023922 0.011206 -0.056206 -0.243500 0.056814 
0.012405 0.157942 0.004940 0.048696 -0.331085 0.048136 0.223999 0.124690 0.004825 0.184775 -0.171329 0.005260 -0.012035 0.023591 0.011451 -0.056082 -0.243760 0.057394 
0.012341 0.157529 0.004945 0.049082 -0.331277 0.048671 0.224000 0.124699 0.004831 0.184771 -0.171327 0.005285 -0.011829 0.023141 0.011701 -0.055844 -0.244139 0.058007 
0.012270 0.157069 0.004948 0.049539 -0.331492 0.049229 0.224002 0.124708 0.004836 0.184799 -0.171325 0.005310 -0.011599 0.022641 0.011962 -0.055552 -0.244561 0.058645 
0.012197 0.156582 0.004951 0.050003 -0.331712 0.049806 0.224004 0.124718 0.004841 0.184809 -0.171317 0.005325 -0.011355 0.022112 0.012237 -0.055257 -0.244998 0.059324 
0.012120 0.156062 0.004953 0.050519 -0.331950 0.050427 0.224006 0.124729 0.004846 0.184841 -0.171315 0.005352 -0.011093 0.021549 0.012527 -0.054925 -0.245468 0.060037 
0.012038 0.155503 0.004956 0.051015 -0.332186 0.051062 0.224008 0.124740 0.004850 0.184818 -0.171298 0.005348 -0.010810 0.020945 0.012836 -0.054614 -0.245947 0.060815 
0.011952 0.154901 0.004958 0.051591 -0.332448 0.051759 0.224010 0.124752 0.004855 0.184835 -0.171290 0.005370 -0.010503 0.020297 0.013165 -0.054244 -0.246474 0.061631 
0.011860 0.154246 0.004960 0.052226 -0.332729 0.052505 -0.053829 -0.247043 0.062504 0.224012 0.124765 0.004860 0.184867 -0.171282 0.005399 
0.011763 0.153535 0.004962 0.052913 -0.333034 0.053309 -0.053381 -0.247660 0.063435 0.224015 0.124778 0.004864 0.184900 -0.171279 0.005430 
0.011660 0.152764 0.004963 0.053668 -0.333360 0.054171 -0.052884 -0.248323 0.064435 0.224017 0.124793 0.004868 0.184946 -0.171275 0.005467 
0.011664 0.152662 0.004818 -0.009642 0.017951 0.014242 0.223971 0.124318 0.004883 0.211244 -0.165243 0.020241 0.077422 -0.331506 0.038292 -0.030701 -0.248062 0.044327 
0.247091 -0.161281 0.030305 0.011660 0.152647 0.004823 0.223728 0.122567 0.004941 0.115532 -0.329657 0.045129 -0.010753 0.018085 0.013809 0.006395 -0.247793 0.053929 
0.308438 -0.156184 0.047969 0.011547 0.152753 0.004857 0.222726 0.116960 0.005053 0.186267 -0.331991 0.054588 -0.014498 0.018817 0.013376 0.072184 -0.256671 0.055885 
0.011669 0.153480 0.004868 0.350106 -0.148189 0.051111 0.222603 0.116268 0.004992 -0.015293 0.019601 0.011132 0.235879 -0.329375 0.049790 0.118585 -0.259284 0.045394 
0.011338 0.150936 0.004876 0.355418 -0.138072 0.037594 0.222699 0.116235 0.004976 -0.014036 0.016706 0.010185 0.245971 -0.322189 0.037439 0.126824 -0.255187 0.035273 
0.010800 0.147489 0.004886 0.345926 -0.128872 0.025955 0.222696 0.116219 0.004969 -0.012396 0.012847 0.009731 0.239949 -0.314999 0.027683 0.119579 -0.250226 0.030027 
0.339630 -0.123783 0.017701 0.010753 0.147166 0.004892 0.222689 0.116167 0.004962 0.236852 -0.311675 0.021046 -0.012277 0.012452 0.008275 0.115493 -0.248948 0.026242 
0.330775 -0.123003 0.009380 0.010746 0.147113 0.004896 0.222681 0.116115 0.004957 0.230052 -0.311934 0.015521 -0.012287 0.012371 0.006837 0.108213 -0.250447 0.023561 
0.322324 -0.125491 0.005249 0.010695 0.146961 0.004887 0.222654 0.116122 0.004949 0.221370 -0.314294 0.011528 -0.012238 0.012188 0.005367 0.099424 -0.252668 0.016129 
0.320678 -0.125996 0.004881 0.010681 0.146900 0.004940 0.222652 0.116143 0.004952 0.220505 -0.315273 0.009011 -0.012200 0.012118 0.005067 0.098253 -0.254209 0.012924 
0.320691 -0.126057 0.004887 0.010683 0.146893 0.004934 0.222653 0.116129 0.004939 0.221388 -0.315799 0.008712 -0.012201 0.012111 0.005121 0.098861 -0.255304 0.012842 
0.320725 -0.126047 0.004890 0.010665 0.146739 0.005073 0.222662 0.116164 0.004934 0.221297 -0.315699 0.009798 -0.012099 0.011942 0.006251 0.098850 -0.255093 0.014655 
0.320788 -0.126006 0.004895 0.010738 0.146933 0.006704 0.222708 0.116217 0.004930 0.220745 -0.315238 0.012676 -0.012090 0.012172 0.009555 0.098592 -0.254137 0.018605 
0.320869 -0.125946 0.004901 0.010882 0.147183 0.009522 0.222782 0.116279 0.004927 0.220261 -0.314669 0.016695 -0.011980 0.012486 0.014426 0.098454 -0.253018 0.023898 
0.320959 -0.125865 0.004904 0.011116 0.147475 0.013099 0.222875 0.116345 0.004924 0.219947 -0.313997 0.021664 -0.011724 0.012875 0.020230 0.098522 -0.251777 0.030295 
0.320998 -0.125779 0.004911 0.011398 0.147519 0.016983 0.222975 0.116411 0.004922 0.220043 -0.313360 0.027255 -0.011170 0.013014 0.026415 0.098969 -0.250721 0.037609 
0.319640 -0.125699 0.004920 0.011730 0.147244 0.021119 0.223080 0.116476 0.004921 0.219430 -0.312883 0.033171 -0.010275 0.012824 0.032818 0.098669 -0.250076 0.045894 
0.317425 -0.125604 0.004929 0.012111 0.146615 0.025403 0.223189 0.116542 0.004921 0.218588 -0.312527 0.039113 -0.009008 0.012273 0.039403 0.098103 -0.249780 0.054472 
0.315507 -0.125532 0.005027 0.012526 0.145459 0.029814 0.223301 0.116611 0.004921 0.218786 -0.312399 0.045072 -0.007262 0.011180 0.046172 0.098475 -0.250032 0.063110 
0.012826 0.143898 0.033210 0.314817 -0.125338 0.005193 0.223388 0.116672 0.004924 0.221286 -0.312530 0.050896 -0.005409 0.009661 0.051583 0.100914 -0.251104 0.071565 
0.013098 0.142047 0.036262 0.315080 -0.125303 0.005340 0.223466 0.116726 0.004927 0.225266 -0.312972 0.056248 -0.003402 0.007841 0.056420 0.104721 -0.252766 0.079360 
0.013589 0.140581 0.039683 0.315302 -0.125267 0.005504 0.223579 0.116685 0.004884 0.228703 -0.312856 0.061975 -0.001291 0.006556 0.062171 0.108283 -0.253355 0.087439 
0.014361 0.139637 0.044080 0.315386 -0.125142 0.005687 0.223691 0.116773 0.004888 0.231958 -0.312044 0.068815 0.001120 0.005933 0.069333 0.112000 -0.252785 0.096892 
0.015480 0.138603 0.049716 0.315127 -0.125001 0.005922 0.223809 0.116836 0.004963 0.235273 -0.310734 0.076664 0.004335 0.005395 0.078371 0.116073 -0.251442 0.107740 
0.016749 0.136200 0.056006 0.313064 -0.124051 0.006125 0.223906 0.116803 0.005140 0.239539 -0.309561 0.083958 0.008644 0.003410 0.087487 0.121048 -0.251437 0.119613 
0.018495 0.134938 0.063168 0.244743 -0.308903 0.090845 0.312820 -0.124231 0.006349 0.223920 0.116806 0.005292 0.012823 0.002523 0.096694 0.127426 -0.251191 0.130794 
0.021039 0.136109 0.070659 0.247358 -0.308471 0.101722 0.311906 -0.126772 0.008464 0.224122 0.116658 0.005418 0.016730 0.004469 0.107294 0.132092 -0.249131 0.145109 
0.738192 0.448025 0.011261 0.254511 -0.305539 0.116279 0.683500 0.473509 0.038009 0.024697 0.138029 0.080197 0.141333 -0.244560 0.162779 0.022508 0.007589 0.121067 
0.741546 0.443906 0.011679 0.270139 -0.299527 0.129142 0.696962 0.483634 0.039784 0.029118 0.141112 0.089953 0.158146 -0.237749 0.177421 0.029106 0.012187 0.135430 
0.034835 0.145303 0.098871 0.289148 -0.291957 0.140244 0.177845 -0.229524 0.189271 0.037015 0.018286 0.149386 0.699845 0.484412 0.041008 0.741865 0.442268 0.012475 
0.047702 0.149092 0.103445 0.309377 -0.283100 0.151154 0.198549 -0.219909 0.200287 0.052116 0.024145 0.158749 0.699403 0.483323 0.042000 0.741656 0.441726 0.013010 
0.065601 0.151580 0.105134 0.331574 -0.273528 0.163334 0.220904 -0.209622 0.211893 0.072271 0.029048 0.165394 0.698116 0.482192 0.042393 0.741396 0.441783 0.013238 
0.733434 0.442859 0.012589 0.356692 -0.263602 0.176943 0.688630 0.480626 0.042957 0.085024 0.153749 0.106396 0.245821 -0.199081 0.224214 0.094352 0.033994 0.171675 
0.731580 0.444698 0.011011 0.388153 -0.249097 0.189702 0.686056 0.480796 0.042324 0.111320 0.161519 0.105647 0.276536 -0.184128 0.234539 0.122252 0.044277 0.175107 
0.142191 0.171374 0.102039 0.424078 -0.231968 0.202526 0.311097 -0.167231 0.244170 0.153696 0.056810 0.175744 0.685496 0.483161 0.039140 0.731503 0.446664 0.009017 
0.174643 0.180892 0.098305 0.460895 -0.214060 0.215764 0.346476 -0.149938 0.254317 0.187285 0.069281 0.176235 0.685194 0.487365 0.033091 0.731403 0.448282 0.006762 
0.202795 0.201108 0.101861 0.490869 -0.192740 0.221084 0.376823 -0.131177 0.264599 0.220639 0.088963 0.177984 0.685427 0.490700 0.027819 0.731504 0.449371 0.004911 
0.220875 0.230446 0.112360 0.518474 -0.164284 0.213950 0.405905 -0.105519 0.264591 0.244619 0.116541 0.184136 0.684729 0.490669 0.024967 0.731870 0.449056 0.004913 
0.233463 0.264187 0.128205 0.547581 -0.128551 0.194333 0.436973 -0.074039 0.253360 0.263244 0.148210 0.194177 0.682590 0.462452 0.016227 0.732312 0.420526 0.005005 
0.245929 0.296018 0.144603 0.575335 -0.089896 0.169299 0.467313 -0.040201 0.236763 0.281455 0.178509 0.204763 0.684038 0.460817 0.009262 0.734718 0.418826 0.004336 
0.260745 0.323049 0.157900 0.598786 -0.053451 0.144962 0.494404 -0.008280 0.220815 0.302100 0.204721 0.212472 0.686148 0.480687 0.005115 0.736635 0.438184 0.004375 
0.277879 0.346047 0.168603 0.618837 -0.030930 0.140329 0.519626 0.012881 0.223560 0.324743 0.227589 0.218215 0.686466 0.508741 0.005027 0.737134 0.466451 0.004450 
0.295808 0.364326 0.181582 0.638144 -0.011965 0.139948 0.544694 0.031357 0.229839 0.348020 0.246627 0.227525 0.686399 0.530406 0.005331 0.737454 0.488588 0.004511 
0.314513 0.382400 0.198152 0.682881 0.535416 0.009700 0.734234 0.494275 0.004568 0.371700 0.265769 0.240777 0.656255 0.009670 0.138564 0.568777 0.053066 0.234243 
0.333337 0.404090 0.210884 0.676518 0.044644 0.136969 0.588858 0.086305 0.233248 0.390972 0.289339 0.257790 0.705891 0.535439 0.009590 0.757558 0.494668 0.004672 
0.341268 0.428452 0.214316 0.680709 0.067921 0.155653 0.590127 0.115639 0.246249 0.395620 0.315924 0.269752 0.733106 0.535487 0.009074 0.785493 0.495581 0.004704 
0.813573 0.495468 0.004734 0.395012 0.350155 0.269805 0.582654 0.140077 0.271817 0.673783 0.084303 0.186525 0.760296 0.534233 0.008589 0.346305 0.462060 0.208203 
0.840254 0.482746 0.024150 0.391263 0.380067 0.273044 0.578510 0.164098 0.290589 0.670757 0.102100 0.210987 0.785654 0.519821 0.023631 0.346954 0.489700 0.204435 
0.863632 0.472655 0.054776 0.388361 0.406426 0.278132 0.347200 0.512406 0.202212 0.807884 0.507816 0.051337 0.673488 0.123762 0.221911 0.578813 0.189579 0.295359 
0.891035 0.469193 0.091634 0.383180 0.431532 0.267086 0.348197 0.533743 0.183307 0.834448 0.501788 0.082071 0.674480 0.143860 0.227095 0.575713 0.213109 0.291433 
0.909326 0.473337 0.116563 0.381363 0.453845 0.238338 0.355166 0.552232 0.147104 0.670597 0.161778 0.234964 0.568031 0.235381 0.287430 0.852879 0.503944 0.101299 0.848957 0.504940 0.117800 
0.918748 0.480507 0.131390 0.381368 0.474553 0.215992 0.362445 0.567576 0.117612 0.664787 0.180518 0.243984 0.560105 0.257842 0.285847 0.863107 0.510063 0.111732 0.858407 0.511997 0.127944 
0.923531 0.491607 0.143193 0.376723 0.491266 0.212711 0.361053 0.577721 0.107974 0.656968 0.201476 0.254017 0.551558 0.281828 0.287515 0.917468 0.495108 0.158673 0.864000 0.522655 0.131502 
0.930386 0.502691 0.154070 0.370890 0.507054 0.207632 0.359378 0.586682 0.097104 0.654538 0.220157 0.261695 0.547822 0.302083 0.285977 0.923009 0.507442 0.168619 0.872170 0.532361 0.134701 
0.936260 0.512567 0.164359 0.364216 0.524495 0.199735 0.358450 0.596401 0.083605 0.653941 0.238523 0.273997 0.545747 0.320956 0.287737 0.927876 0.518229 0.178008 0.879380 0.540303 0.139060 
0.937335 0.522014 0.177044 0.359650 0.542271 0.188909 0.538520 0.341473 0.297143 0.647095 0.258431 0.294804 0.360491 0.605964 0.067945 0.928305 0.528303 0.189988 0.881560 0.548050 0.147787 
0.933433 0.534400 0.201114 0.356662 0.558275 0.175435 0.526406 0.364072 0.311175 0.634234 0.280563 0.320621 0.364839 0.614308 0.051004 0.924063 0.541465 0.213400 0.878563 0.558684 0.168800 
0.349199 0.576110 0.163890 0.512896 0.389414 0.323751 0.619449 0.306217 0.344110 0.928481 0.553883 0.238007 0.702676 0.357718 0.153588 0.364411 0.623265 0.036474 0.918384 0.562602 0.248528 0.876051 0.573306 0.199038 
0.335744 0.598694 0.152627 0.497059 0.416188 0.327718 0.601660 0.333745 0.358568 0.919633 0.572779 0.247929 0.694602 0.372370 0.169498 0.357120 0.636694 0.023055 0.908762 0.582470 0.256680 0.871146 0.588903 0.202832 
0.905975 0.586903 0.234646 0.684586 0.387174 0.178351 0.324184 0.618472 0.135188 0.477365 0.440226 0.320553 0.578902 0.358854 0.362488 0.352506 0.647460 0.004622 0.894252 0.596980 0.241694 0.863343 0.601678 0.183569 
0.892023 0.597796 0.220145 0.670222 0.404799 0.180076 0.318771 0.625626 0.135420 0.455881 0.462763 0.309207 0.553819 0.380978 0.358291 0.352007 0.647506 0.004628 0.879691 0.607979 0.225882 0.855038 0.612520 0.164828 
1.386140 1.879287 0.005078 0.310909 0.631299 0.135470 0.534287 0.396836 0.358516 0.438778 0.478617 0.304854 1.448413 1.858387 0.011502 1.442832 1.842174 0.012853 0.657021 0.417148 0.184156 0.881714 0.613879 0.220091 
1.388100 1.878809 0.005299 0.302701 0.634805 0.135255 0.523939 0.406002 0.359262 0.429469 0.486435 0.301855 1.449580 1.855503 0.011049 1.443412 1.839477 0.012039 0.651268 0.424580 0.188031 0.883267 0.621890 0.218147 
1.398074 1.876832 0.008448 0.293982 0.639605 0.134761 0.518421 0.414479 0.365066 0.424831 0.492074 0.302538 1.458460 1.851560 0.016863 1.451738 1.835745 0.017607 0.650968 0.430285 0.197557 0.887721 0.623713 0.218052 
1.402794 1.879654 0.011601 0.287744 0.644187 0.133846 0.509556 0.425414 0.375722 0.417531 0.500279 0.307777 1.462491 1.853941 0.023053 1.455604 1.838189 0.023585 0.647143 0.436483 0.211939 0.886152 0.627292 0.223762 
1.401917 1.884043 0.009730 0.283439 0.648176 0.132627 0.496472 0.438248 0.389727 0.406614 0.510851 0.316623 1.461342 1.858932 0.023663 1.454546 1.843140 0.024184 0.638448 0.442848 0.229417 0.874434 0.628805 0.170058 
1.399923 1.886595 0.004705 0.280111 0.652109 0.131708 0.482914 0.451479 0.404569 0.395163 0.521991 0.326997 1.459157 1.862133 0.020483 1.452438 1.846316 0.021188 0.628300 0.449391 0.247291 0.864203 0.635032 0.185815 
1.400184 1.887118 0.004747 0.277137 0.655653 0.130699 0.470742 0.463848 0.417806 0.384966 0.532233 0.336224 1.458996 1.862805 0.022238 1.452215 1.847021 0.023099 0.619155 0.455715 0.263582 0.852992 0.642227 0.202777 
1.400928 1.887512 0.004780 0.273447 0.658244 0.133810 0.461615 0.473288 0.428131 0.377079 0.540487 0.344300 1.459269 1.863088 0.023644 1.452383 1.847354 0.024568 0.611508 0.461104 0.275615 0.843894 0.649266 0.218647 
1.400967 1.887878 0.004819 0.270876 0.660148 0.136246 0.458095 0.478862 0.436692 0.373998 0.544747 0.351389 1.458926 1.863465 0.024836 1.451971 1.847765 0.025827 0.608761 0.464277 0.285151 0.839364 0.653762 0.231230 
1.400955 1.888504 0.004862 0.269992 0.661073 0.137568 0.457938 0.481610 0.442068 0.373910 0.546468 0.355913 1.458651 1.864101 0.025639 1.451649 1.848425 0.026670 0.609054 0.465966 0.291081 0.838695 0.655892 0.238389 
1.401098 1.889110 0.004884 0.270209 0.660981 0.137565 0.459244 0.481767 0.443765 0.375033 0.546192 0.357465 1.458643 1.864714 0.026083 1.451623 1.849046 0.027110 0.610362 0.466109 0.292781 0.839948 0.656249 0.240305 
1.401139 1.889275 0.004895 0.270796 0.660198 0.136437 0.461106 0.479546 0.441453 0.376629 0.544205 0.355590 1.458678 1.864912 0.026149 1.451672 1.849236 0.027146 0.611974 0.464807 0.290127 0.842102 0.655140 0.238493 
1.401183 1.889342 0.004904 0.271654 0.658793 0.134174 0.463806 0.475110 0.435950 0.378899 0.540534 0.351094 1.458860 1.864936 0.025730 1.451888 1.849239 0.026643 0.614090 0.462147 0.283883 0.844506 0.652815 0.233683 
1.401255 1.889678 0.004925 0.272699 0.656862 0.130779 0.467245 0.468708 0.427906 0.381761 0.535311 0.344561 1.459200 1.865191 0.024893 1.452292 1.849458 0.025647 0.616612 0.458185 0.274751 0.846694 0.649551 0.226441 
1.401289 1.889678 0.004933 0.273856 0.655875 0.130902 0.471293 0.462049 0.417271 0.385221 0.530177 0.335784 1.459651 1.865164 0.023612 1.452827 1.849387 0.024229 0.619667 0.454610 0.262974 0.848247 0.645939 0.217207 
1.401403 1.889585 0.004941 0.275228 0.654787 0.131381 0.475020 0.456414 0.406619 0.388337 0.526343 0.327335 1.460281 1.864997 0.021816 0.622070 0.452117 0.250941 0.848715 0.642884 0.207267 1.453539 1.849181 0.022296 
1.401518 1.888977 0.004943 0.277187 0.652889 0.132016 0.478778 0.450486 0.398311 0.391298 0.522280 0.321611 1.460876 1.864132 0.019622 1.454166 1.848298 0.019955 0.623777 0.448941 0.240670 0.849052 0.639984 0.197863 
1.400790 1.885478 0.004953 0.279407 0.650523 0.132846 0.484179 0.443467 0.391639 0.395639 0.516925 0.317785 1.460564 1.860373 0.017314 1.453840 1.844546 0.017682 0.626625 0.444753 0.231685 0.857601 0.642262 0.254123 
1.399064 1.881501 0.005803 0.281946 0.647644 0.133761 0.491147 0.435174 0.385037 0.401301 0.510254 0.314464 1.459210 1.856232 0.015794 1.452488 1.840406 0.016238 0.630508 0.439729 0.222447 0.862081 0.636734 0.244193 
1.397174 1.879392 0.009628 0.284780 0.644303 0.134584 0.499576 0.425563 0.377394 0.408242 0.502274 0.310586 1.457632 1.854070 0.017350 1.450947 1.838227 0.017739 0.635383 0.434013 0.211977 0.867796 0.630421 0.233170 
1.395374 1.879140 0.017168 0.287996 0.640512 0.135428 0.509519 0.414697 0.368132 0.416550 0.493039 0.305609 1.456105 1.853893 0.022676 1.449489 1.838017 0.022861 0.641320 0.427773 0.199801 0.874474 0.623404 0.220926 
1.394094 1.879447 0.027298 0.291611 0.636128 0.136142 0.520806 0.402488 0.356913 0.426096 0.482436 0.299222 1.455031 1.854297 0.030478 1.448475 1.838396 0.030357 0.648120 0.420916 0.185656 0.881908 0.615751 0.206974 
1.393409 1.879366 0.039372 0.295700 0.631144 0.136660 0.533176 0.389193 0.343258 0.436635 0.470784 0.291174 1.454485 1.854360 0.039991 1.447975 1.838447 0.039507 0.655308 0.413853 0.169036 0.889866 0.607681 0.190958 
1.393522 1.878566 0.053117 0.300295 0.625588 0.136903 0.546354 0.374973 0.326764 0.447975 0.458205 0.281115 1.454644 1.853765 0.050877 1.448158 1.837860 0.049978 0.662566 0.406741 0.149668 0.898119 0.599312 0.172483 
1.394459 1.876710 0.068306 0.305118 0.620431 0.139051 0.560211 0.360333 0.307169 0.460035 0.445131 0.268904 1.455521 1.852261 0.062857 1.449043 1.836385 0.061507 0.669638 0.400178 0.127403 0.906277 0.590759 0.150960 
1.399411 1.873833 0.083615 0.329140 0.646553 0.019080 0.311387 0.615257 0.150971 1.460201 1.849721 0.074716 1.453664 1.833918 0.072880 0.674571 0.398934 0.105776 0.911069 0.582252 0.125083 0.572927 0.350029 0.287860 0.471305 0.436547 0.258239 
1.472973 1.842704 0.079999 1.413033 1.868108 0.090853 0.330828 0.646638 0.030073 0.317738 0.610674 0.161318 0.682280 0.398157 0.090356 0.911163 0.580868 0.120746 0.586527 0.341040 0.273241 0.483899 0.428493 0.250674 
1.480058 1.838590 0.080409 1.420751 1.864672 0.092991 0.333206 0.647501 0.037886 0.323037 0.608137 0.168412 0.694007 0.394537 0.085805 0.918116 0.578944 0.136619 0.602559 0.332570 0.269313 0.498729 0.419552 0.250782 
1.479837 1.839410 0.077639 1.420764 1.865212 0.091803 0.337077 0.648276 0.042756 0.328473 0.606652 0.172692 0.706138 0.388809 0.089066 0.930208 0.574231 0.152631 0.618082 0.324999 0.273598 0.513050 0.410923 0.257008 
1.474552 1.842345 0.072146 1.415489 1.867367 0.087687 0.342653 0.647477 0.045686 0.334890 0.604001 0.175067 0.715087 0.383359 0.095614 0.940664 0.571073 0.165490 0.630047 0.319157 0.281420 0.524075 0.404154 0.266080 
1.466633 1.844587 0.066383 1.407385 1.868537 0.082877 0.348931 0.645290 0.046765 0.341194 0.600551 0.175716 0.719406 0.379242 0.102477 0.948635 0.568684 0.172696 0.636317 0.315823 0.289432 0.529929 0.400391 0.274605 
1.461926 1.846319 0.064212 1.402345 1.869420 0.080718 0.353507 0.642062 0.046098 0.345621 0.597478 0.175094 0.721075 0.376085 0.107284 0.952365 0.567674 0.174669 0.638367 0.314425 0.294995 0.531956 0.398861 0.279597 
1.461649 1.847361 0.064396 1.401827 1.870263 0.080295 0.355673 0.639467 0.043984 0.347096 0.595923 0.173290 0.722837 0.375199 0.108749 0.953142 0.567848 0.173862 0.638937 0.314744 0.296322 0.532527 0.398932 0.279616 
1.462408 1.847637 0.064325 1.402442 1.870649 0.079505 0.355407 0.638862 0.041682 0.345991 0.596439 0.171302 0.721946 0.376502 0.108291 0.951981 0.568605 0.171741 0.636378 0.316835 0.295362 0.530143 0.400981 0.277375 
1.463887 1.847213 0.064247 1.403831 1.870424 0.078753 0.354748 0.638995 0.038537 0.344088 0.597989 0.168517 0.717719 0.379184 0.107548 0.948446 0.569876 0.168546 0.630129 0.320655 0.294042 0.524414 0.405152 0.274687 
1.467108 1.845939 0.064559 1.407025 1.869567 0.078262 0.353966 0.639064 0.034734 0.341796 0.599763 0.165107 0.711643 0.382373 0.107754 0.943781 0.571614 0.164512 0.621502 0.325705 0.293606 0.516568 0.410736 0.272429 
1.471038 1.844333 0.065076 1.410947 1.868469 0.077827 0.353094 0.639107 0.030092 0.339043 0.601851 0.160875 0.705062 0.385396 0.109515 0.938521 0.573662 0.159558 0.611952 0.331370 0.294690 0.507899 0.416850 0.271113 
1.475371 1.842608 0.065562 1.415283 1.867347 0.077114 0.352208 0.639081 0.024829 0.335992 0.604118 0.155994 0.699001 0.388127 0.112615 0.933981 0.575867 0.152959 0.602646 0.337261 0.297022 0.499456 0.422944 0.270559 
1.479182 1.841177 0.065427 1.419086 1.866519 0.075543 0.351378 0.638963 0.019226 0.332840 0.606430 0.150709 0.693737 0.390656 0.116538 0.931027 0.577995 0.143734 0.594067 0.343168 0.300082 0.491672 0.428771 0.270465 
1.480633 1.840715 0.063834 1.420453 1.866335 0.072663 0.585535 0.348876 0.302746 0.484113 0.434373 0.269676 0.689115 0.393032 0.120539 0.927822 0.580337 0.134396 0.329763 0.609021 0.145030 0.350924 0.639111 0.013362 
1.420532 1.866134 0.069926 0.577615 0.353781 0.304828 0.477229 0.439404 0.269034 1.480804 1.840465 0.061902 1.473926 1.824765 0.060463 0.684483 0.395203 0.123883 0.923418 0.582375 0.130705 0.327488 0.611134 0.140487 0.350855 0.639424 0.008792 
1.420911 1.865588 0.068750 0.326079 0.612157 0.137770 0.572230 0.356853 0.306262 0.472473 0.442564 0.268953 1.481207 1.839815 0.061259 1.474323 1.824114 0.059871 0.680866 0.396605 0.125996 0.919430 0.583857 0.133452 
1.421346 1.865365 0.068584 0.325444 0.612519 0.136631 0.569727 0.358325 0.306801 0.470247 0.444048 0.268786 1.481643 1.839499 0.061430 1.474746 1.823802 0.060055 0.679195 0.397355 0.126881 0.916626 0.584450 0.138959 
1.421012 1.865603 0.068657 0.325486 0.612465 0.136762 0.569875 0.358241 0.306664 0.470375 0.443970 0.268716 1.481330 1.839771 0.061552 1.474444 1.824070 0.060175 0.679289 0.397365 0.126732 0.915515 0.584610 0.144729 
1.420575 1.865875 0.068785 0.325984 0.612196 0.137668 0.571721 0.357153 0.306307 0.472015 0.442878 0.268894 1.480902 1.840125 0.061460 1.474029 1.824419 0.060074 0.680500 0.396811 0.126107 0.916156 0.584266 0.148377 
1.420129 1.866103 0.068992 0.574807 0.355272 0.305380 0.474749 0.441074 0.269101 1.480445 1.840472 0.061178 1.473587 1.824760 0.059776 0.682291 0.395982 0.124638 0.918156 0.583391 0.148649 0.327039 0.611483 0.139671 0.350785 0.639455 0.007976 
1.419763 1.866229 0.069498 0.579134 0.352543 0.303908 0.478592 0.438490 0.269350 1.480041 1.840755 0.060917 1.473196 1.825041 0.059485 0.684660 0.394800 0.122369 0.920896 0.582119 0.146102 0.328637 0.610367 0.142668 0.350951 0.639463 0.010966 
1.419376 1.866079 0.070451 0.584642 0.348822 0.301686 0.483495 0.434954 0.269433 1.479563 1.840793 0.060751 1.472725 1.825078 0.059287 0.687596 0.393204 0.119179 0.924167 0.580482 0.141975 0.330742 0.608814 0.146529 0.351203 0.639404 0.014865 
1.479230 1.839728 0.061946 1.419226 1.865073 0.072586 0.351327 0.639014 0.019254 0.332817 0.606484 0.150741 0.691062 0.391388 0.115478 0.927904 0.577828 0.138829 0.590783 0.344157 0.298757 0.488915 0.430366 0.269082 
1.478089 1.839974 0.064063 1.418122 1.865240 0.075089 0.351424 0.638493 0.023249 0.334707 0.604180 0.154524 0.694958 0.389473 0.113002 0.931693 0.576007 0.141937 0.597230 0.339747 0.296998 0.494575 0.425760 0.269548 
1.475316 1.841736 0.065523 1.415210 1.866591 0.076728 0.351689 0.638343 0.025867 0.336076 0.602852 0.156964 0.698766 0.387533 0.112201 0.935115 0.574615 0.145137 0.602777 0.336267 0.296689 0.499518 0.421979 0.270599 
1.472212 1.843525 0.065702 1.411961 1.867947 0.077079 0.351926 0.638307 0.027525 0.336966 0.602077 0.158496 0.701649 0.386021 0.112284 0.937602 0.573685 0.147673 0.606811 0.333875 0.297119 0.503132 0.419324 0.271841 
1.469797 1.844784 0.065128 1.409444 1.868892 0.076628 0.352088 0.638285 0.028428 0.337467 0.601621 0.159316 0.703185 0.385205 0.112516 0.938949 0.573213 0.149015 0.608969 0.332633 0.297549 0.505075 0.417944 0.272694 
1.408336 1.869336 0.076255 0.352125 0.638296 0.028589 0.337560 0.601552 0.159461 1.468744 1.845365 0.064752 1.462170 1.829547 0.063195 0.703469 0.385078 0.112606 0.939316 0.573091 0.149156 0.609368 0.332434 0.297677 0.505435 0.417721 0.272898 
1.408395 1.869382 0.075735 0.352074 0.638340 0.028085 0.337292 0.601817 0.158995 1.468813 1.845383 0.064349 1.462239 1.829565 0.062801 0.703059 0.385365 0.112833 0.939361 0.573149 0.148374 0.608674 0.332971 0.297831 0.504803 0.418260 0.272800 
