-0.162661 -0.986682 -0.000000 0.987381 -0.158364 0.000000 -0.983604 0.180343 0.000000 0.156624 0.987658 0.000000 
-0.162510 -0.986707 -0.000000 0.987405 -0.158213 0.000000 -0.983631 0.180192 0.000000 0.156472 0.987682 0.000000 
-0.162318 -0.986739 -0.000000 0.987436 -0.158021 0.000000 -0.983666 0.180001 0.000000 0.156280 0.987713 0.000000 
-0.162215 -0.986755 -0.000000 0.987452 -0.157918 0.000000 -0.983685 0.179898 0.000000 0.156177 0.987729 0.000000 
-0.162057 -0.986781 -0.000000 0.987481 -0.157735 0.000000 -0.983719 0.179716 0.000000 0.156018 0.987754 0.000000 
-0.162146 -0.986767 -0.000000 0.987471 -0.157800 0.000000 -0.983707 0.179782 0.000000 0.156108 0.987740 0.000000 
-0.162357 -0.986732 -0.000000 0.987439 -0.157998 0.000000 -0.983671 0.179976 0.000000 0.156318 0.987707 0.000000 
-0.162363 -0.986731 -0.000000 0.987441 -0.157987 0.000000 -0.983673 0.179966 0.000000 0.156325 0.987706 0.000000 
-0.162262 -0.986748 -0.000000 0.987457 -0.157887 0.000000 -0.983691 0.179867 0.000000 0.156224 0.987722 0.000000 
-0.162242 -0.986751 -0.000000 0.987461 -0.157865 0.000000 -0.983695 0.179846 0.000000 0.156204 0.987725 0.000000 
-0.162310 -0.986740 -0.000000 0.987450 -0.157934 0.000000 -0.983682 0.179915 0.000000 0.156272 0.987714 0.000000 
-0.162042 -0.986784 -0.000000 0.987493 -0.157660 0.000000 -0.983732 0.179642 0.000000 0.156003 0.987757 0.000000 
-0.162055 -0.986782 -0.000000 0.987494 -0.157659 0.000000 -0.983732 0.179642 0.000000 0.156017 0.987754 0.000000 
-0.170788 -0.985308 -0.000000 0.986063 -0.166375 0.000000 -0.982107 0.188326 0.000000 0.164760 0.986334 0.000000 
-0.177094 -0.984194 -0.000000 0.984982 -0.172655 0.000000 -0.980886 0.194583 0.000000 0.171073 0.985258 0.000000 
-0.177258 -0.984164 -0.000000 0.984953 -0.172822 0.000000 -0.980853 0.194750 0.000000 0.171238 0.985230 0.000000 
-0.178497 -0.983940 -0.000000 0.984739 -0.174040 0.000000 -0.980610 0.195967 0.000000 0.172479 0.985013 0.000000 
-0.178456 -0.983948 -0.000000 0.984740 -0.174030 0.000000 -0.980613 0.195955 0.000000 0.172438 0.985020 0.000000 
-0.181880 -0.983321 -0.000000 0.984136 -0.177418 0.000000 -0.979931 0.199339 0.000000 0.175868 0.984414 0.000000 
-0.181747 -0.983345 -0.000000 0.984161 -0.177280 0.000000 -0.979957 0.199208 0.000000 0.175736 0.984437 0.000000 
-0.181749 -0.983345 -0.000000 0.984158 -0.177294 0.000000 -0.979954 0.199224 0.000000 0.175738 0.984437 0.000000 
0.738061 -0.674734 0.000000 0.174711 0.984620 0.000000 0.999942 -0.010780 0.000000 -0.656171 -0.754613 -0.000000 -0.980149 0.198262 0.000000 -0.998711 0.050754 0.000000 
0.736770 -0.676143 0.000000 0.175207 0.984532 0.000000 0.999881 -0.015413 0.000000 -0.657852 -0.753148 -0.000000 -0.980046 0.198773 0.000000 -0.998408 0.056407 0.000000 
0.739115 -0.673580 0.000000 0.175218 0.984530 0.000000 0.999852 -0.017178 0.000000 -0.655137 -0.755510 -0.000000 -0.980045 0.198778 0.000000 -0.998356 0.057323 0.000000 
0.741296 -0.671178 0.000000 0.175223 0.984529 0.000000 0.999822 -0.018881 0.000000 -0.652629 -0.757677 -0.000000 -0.980043 0.198784 0.000000 -0.998307 0.058160 0.000000 
0.743197 -0.669073 0.000000 0.175221 0.984529 0.000000 0.999793 -0.020364 0.000000 -0.650501 -0.759505 -0.000000 -0.980042 0.198790 0.000000 -0.998270 0.058788 0.000000 
0.743709 -0.668504 0.000000 0.175218 0.984530 0.000000 0.999786 -0.020701 0.000000 -0.649976 -0.759955 -0.000000 -0.980041 0.198796 0.000000 -0.998267 0.058842 0.000000 
0.744223 -0.667931 0.000000 0.175214 0.984530 0.000000 0.999780 -0.020970 0.000000 -0.649536 -0.760331 -0.000000 -0.980040 0.198802 0.000000 -0.998276 0.058697 0.000000 
0.745247 -0.666788 0.000000 0.175209 0.984531 0.000000 0.999698 -0.024556 0.000000 -0.648645 -0.761091 -0.000000 -0.980039 0.198806 0.000000 -0.998100 0.061611 0.000000 
0.745645 -0.666344 0.000000 0.175206 0.984532 0.000000 0.999691 -0.024874 0.000000 -0.648189 -0.761480 -0.000000 -0.980038 0.198811 0.000000 -0.998095 0.061688 0.000000 
0.746390 -0.665509 0.000000 0.175202 0.984533 0.000000 0.999689 -0.024920 0.000000 -0.647346 -0.762197 -0.000000 -0.980037 0.198814 0.000000 -0.998119 0.061298 0.000000 
0.747356 -0.664423 0.000000 0.175198 0.984533 0.000000 0.999690 -0.024901 0.000000 -0.646331 -0.763057 -0.000000 -0.980037 0.198817 0.000000 -0.998157 0.060692 0.000000 
0.747769 -0.663959 0.000000 0.175151 0.984542 0.000000 0.999690 -0.024907 0.000000 -0.646030 -0.763312 -0.000000 -0.980045 0.198776 0.000000 -0.998176 0.060379 0.000000 
0.748075 -0.663614 0.000000 0.175123 0.984547 0.000000 0.999690 -0.024884 0.000000 -0.645895 -0.763426 -0.000000 -0.980050 0.198752 0.000000 -0.998195 0.060058 0.000000 
0.748470 -0.663169 0.000000 0.174781 0.984607 0.000000 0.999692 -0.024811 0.000000 -0.645672 -0.763615 -0.000000 -0.980118 0.198415 0.000000 -0.998213 0.059762 0.000000 
0.749421 -0.662093 0.000000 0.173488 0.984836 0.000000 0.999690 -0.024882 0.000000 -0.644826 -0.764329 -0.000000 -0.980377 0.197131 0.000000 -0.998214 0.059733 0.000000 
0.750928 -0.660384 0.000000 0.171089 0.985256 0.000000 0.999664 -0.025928 0.000000 -0.643370 -0.765555 -0.000000 -0.980854 0.194744 0.000000 -0.998143 0.060918 0.000000 
0.752430 -0.658672 0.000000 0.170517 0.985355 0.000000 0.999511 -0.031262 0.000000 -0.642004 -0.766701 -0.000000 -0.980961 0.194205 0.000000 -0.997833 0.065801 0.000000 
0.753292 -0.657686 0.000000 0.170516 0.985355 0.000000 0.999176 -0.040583 0.000000 -0.641418 -0.767192 -0.000000 -0.980962 0.194199 0.000000 -0.997177 0.075085 0.000000 
0.753265 -0.657717 0.000000 0.170516 0.985355 0.000000 0.998740 -0.050190 0.000000 -0.641862 -0.766820 -0.000000 -0.980963 0.194194 0.000000 -0.996368 0.085147 0.000000 
0.752801 -0.658248 0.000000 0.170516 0.985355 0.000000 0.998239 -0.059325 0.000000 -0.642824 -0.766014 -0.000000 -0.980964 0.194190 0.000000 -0.995486 0.094904 0.000000 
0.170518 0.985355 0.000000 -0.980965 0.194185 0.000000 0.997732 -0.067316 0.000000 0.752406 -0.658700 0.000000 -0.643689 -0.765288 -0.000000 -0.994651 0.103296 0.000000 
0.170448 0.985367 0.000000 -0.980979 0.194112 0.000000 0.997256 -0.074027 0.000000 0.752349 -0.658765 0.000000 -0.644130 -0.764916 -0.000000 -0.993926 0.110055 0.000000 
0.170426 0.985370 0.000000 -0.980984 0.194088 0.000000 0.996643 -0.081868 0.000000 0.752311 -0.658808 0.000000 -0.644598 -0.764521 -0.000000 -0.993043 0.117749 0.000000 
0.170083 0.985430 0.000000 -0.981052 0.193742 0.000000 0.995925 -0.090187 0.000000 0.752389 -0.658719 0.000000 -0.644960 -0.764217 -0.000000 -0.992055 0.125808 0.000000 
0.169899 0.985461 0.000000 -0.645530 -0.763735 -0.000000 0.995132 -0.098549 0.000000 0.752270 -0.658855 0.000000 -0.981092 0.193541 0.000000 -0.991000 0.133864 0.000000 
0.169896 0.985462 0.000000 -0.646474 -0.762936 -0.000000 0.994286 -0.106746 0.000000 0.751794 -0.659398 0.000000 -0.981092 0.193542 0.000000 -0.989884 0.141878 0.000000 
0.169817 0.985476 0.000000 -0.647566 -0.762010 -0.000000 0.993483 -0.113984 0.000000 0.751137 -0.660146 0.000000 -0.981107 0.193466 0.000000 -0.988810 0.149180 0.000000 
0.169815 0.985476 0.000000 -0.647913 -0.761715 -0.000000 0.992964 -0.118417 0.000000 0.751026 -0.660273 0.000000 -0.981107 0.193466 0.000000 -0.988147 0.153512 0.000000 
0.169813 0.985476 0.000000 -0.648063 -0.761586 -0.000000 0.992702 -0.120590 0.000000 0.751036 -0.660262 0.000000 -0.981107 0.193465 0.000000 -0.987824 0.155579 0.000000 
0.169508 0.985529 0.000000 -0.648083 -0.761570 -0.000000 0.992411 -0.122963 0.000000 0.751168 -0.660111 0.000000 -0.981166 0.193165 0.000000 -0.987448 0.157943 0.000000 
0.169502 0.985530 0.000000 -0.648092 -0.761562 -0.000000 0.992210 -0.124575 0.000000 0.751309 -0.659951 0.000000 -0.981168 0.193158 0.000000 -0.987226 0.159327 0.000000 
0.169499 0.985530 0.000000 -0.648174 -0.761492 -0.000000 0.992015 -0.126122 0.000000 0.751407 -0.659839 0.000000 -0.981168 0.193154 0.000000 -0.987012 0.160649 0.000000 
0.169495 0.985531 0.000000 -0.648284 -0.761399 -0.000000 0.991842 -0.127470 0.000000 0.751483 -0.659753 0.000000 -0.981169 0.193150 0.000000 -0.986827 0.161778 0.000000 
0.169492 0.985532 0.000000 -0.648319 -0.761369 -0.000000 0.991745 -0.128225 0.000000 0.751598 -0.659621 0.000000 -0.981170 0.193146 0.000000 -0.986745 0.162279 0.000000 
0.169487 0.985532 0.000000 -0.648260 -0.761419 -0.000000 0.991732 -0.128323 0.000000 0.751783 -0.659411 0.000000 -0.981171 0.193141 0.000000 -0.986782 0.162055 0.000000 
0.169479 0.985534 0.000000 -0.648262 -0.761417 -0.000000 0.991736 -0.128298 0.000000 0.751891 -0.659288 0.000000 -0.981173 0.193133 0.000000 -0.986827 0.161776 0.000000 
0.169468 0.985536 0.000000 -0.648405 -0.761296 -0.000000 0.991730 -0.128339 0.000000 0.751884 -0.659295 0.000000 -0.981175 0.193122 0.000000 -0.986849 0.161644 0.000000 
0.169436 0.985541 0.000000 -0.648636 -0.761099 -0.000000 0.991711 -0.128486 0.000000 0.751828 -0.659359 0.000000 -0.981181 0.193091 0.000000 -0.986847 0.161655 0.000000 
0.168992 0.985617 0.000000 -0.648730 -0.761019 -0.000000 0.991703 -0.128554 0.000000 0.751882 -0.659297 0.000000 -0.981268 0.192649 0.000000 -0.986836 0.161724 0.000000 
0.167785 0.985824 0.000000 -0.648244 -0.761432 -0.000000 0.991706 -0.128526 0.000000 0.752455 -0.658643 0.000000 -0.981503 0.191447 0.000000 -0.986833 0.161741 0.000000 
0.165962 0.986132 0.000000 -0.647193 -0.762326 -0.000000 0.991715 -0.128454 0.000000 0.753543 -0.657399 0.000000 -0.981855 0.189633 0.000000 -0.986844 0.161676 0.000000 
0.164023 0.986456 0.000000 -0.645892 -0.763429 -0.000000 0.991726 -0.128369 0.000000 0.754855 -0.655891 0.000000 -0.982226 0.187702 0.000000 -0.986874 0.161493 0.000000 
0.161866 0.986813 0.000000 -0.644389 -0.764698 -0.000000 0.991738 -0.128277 0.000000 0.756334 -0.654185 0.000000 -0.982634 0.185554 0.000000 -0.986905 0.161302 0.000000 
0.160009 0.987116 0.000000 -0.643123 -0.765763 -0.000000 0.991742 -0.128247 0.000000 0.757591 -0.652730 0.000000 -0.982981 0.183705 0.000000 -0.986926 0.161173 0.000000 
0.159052 0.987270 0.000000 -0.642475 -0.766307 -0.000000 0.991746 -0.128215 0.000000 0.758268 -0.651943 0.000000 -0.983159 0.182754 0.000000 -0.986957 0.160986 0.000000 
0.158820 0.987308 0.000000 -0.642396 -0.766372 -0.000000 0.991733 -0.128321 0.000000 0.758425 -0.651760 0.000000 -0.983202 0.182523 0.000000 -0.986966 0.160932 0.000000 
0.158786 0.987313 0.000000 -0.642463 -0.766317 -0.000000 0.991640 -0.129034 0.000000 0.758477 -0.651700 0.000000 -0.983208 0.182490 0.000000 -0.986875 0.161488 0.000000 
0.158751 0.987319 0.000000 -0.642532 -0.766259 -0.000000 0.991480 -0.130258 0.000000 0.758550 -0.651615 0.000000 -0.983214 0.182457 0.000000 -0.986697 0.162568 0.000000 
0.158698 0.987327 0.000000 -0.642664 -0.766148 -0.000000 0.991437 -0.130583 0.000000 0.758552 -0.651612 0.000000 -0.983223 0.182406 0.000000 -0.986667 0.162751 0.000000 
0.158559 0.987349 0.000000 -0.642506 -0.766281 -0.000000 0.991423 -0.130692 0.000000 0.758792 -0.651333 0.000000 -0.983249 0.182269 0.000000 -0.986692 0.162599 0.000000 
0.158253 0.987399 0.000000 -0.642249 -0.766496 -0.000000 0.991404 -0.130839 0.000000 0.759131 -0.650938 0.000000 -0.983305 0.181965 0.000000 -0.986709 0.162500 0.000000 
0.157663 0.987493 0.000000 -0.641908 -0.766781 -0.000000 0.991373 -0.131073 0.000000 0.759547 -0.650452 0.000000 -0.983414 0.181378 0.000000 -0.986695 0.162581 0.000000 
0.156713 0.987644 0.000000 -0.641187 -0.767385 -0.000000 0.991369 -0.131101 0.000000 0.760286 -0.649588 0.000000 -0.983588 0.180431 0.000000 -0.986723 0.162412 0.000000 
0.155247 0.987876 0.000000 -0.640224 -0.768188 -0.000000 0.991335 -0.131355 0.000000 0.761265 -0.648441 0.000000 -0.983854 0.178972 0.000000 -0.986698 0.162563 0.000000 
0.153275 0.988184 0.000000 -0.638885 -0.769303 -0.000000 0.991333 -0.131373 0.000000 0.762572 -0.646904 0.000000 -0.984209 0.177009 0.000000 -0.986710 0.162490 0.000000 
0.151085 0.988521 0.000000 -0.637393 -0.770539 -0.000000 0.991345 -0.131283 0.000000 0.764013 -0.645201 0.000000 -0.984599 0.174830 0.000000 -0.986740 0.162310 0.000000 
0.148763 0.988873 0.000000 -0.635836 -0.771824 -0.000000 0.991349 -0.131255 0.000000 0.765531 -0.643399 0.000000 -0.985006 0.172519 0.000000 -0.986760 0.162184 0.000000 
0.146286 0.989242 0.000000 -0.634160 -0.773202 -0.000000 0.991362 -0.131153 0.000000 0.767141 -0.641478 0.000000 -0.985435 0.170054 0.000000 -0.986793 0.161985 0.000000 
0.143623 0.989632 0.000000 -0.632423 -0.774623 -0.000000 0.991351 -0.131239 0.000000 0.768857 -0.639420 0.000000 -0.985888 0.167404 0.000000 -0.986797 0.161961 0.000000 
0.140756 0.990044 0.000000 -0.630518 -0.776175 -0.000000 0.991358 -0.131185 0.000000 0.770693 -0.637207 0.000000 -0.986369 0.164550 0.000000 -0.986823 0.161802 0.000000 
0.137640 0.990482 0.000000 -0.628453 -0.777847 -0.000000 -0.986865 0.161546 0.000000 0.991371 -0.131085 0.000000 0.772669 -0.634809 0.000000 
0.134255 0.990947 0.000000 -0.626211 -0.779654 -0.000000 -0.987072 0.160276 0.000000 0.991385 -0.130979 0.000000 0.774797 -0.632210 0.000000 
0.130587 0.991437 0.000000 -0.623784 -0.781596 -0.000000 -0.987298 0.158878 0.000000 0.991405 -0.130830 0.000000 0.777087 -0.629393 0.000000 
0.132331 0.991206 0.000000 -0.987723 0.156218 0.000000 0.999035 -0.043910 0.000000 0.779011 -0.627011 0.000000 -0.610964 -0.791659 -0.000000 -0.996881 0.078918 0.000000 
0.787989 -0.615689 0.000000 0.140432 0.990090 0.000000 0.996630 0.082028 0.000000 -0.600052 -0.799961 -0.000000 -0.986410 0.164300 0.000000 -0.997927 -0.064363 -0.000000 
0.821189 -0.570656 0.000000 0.167107 0.985939 0.000000 0.954126 0.299404 0.000000 -0.550967 -0.834527 -0.000000 -0.981613 0.190883 0.000000 -0.953895 -0.300141 -0.000000 
0.173732 0.984793 0.000000 0.845922 -0.533307 0.000000 0.900773 0.434291 0.000000 -0.980318 0.197426 0.000000 -0.512959 -0.858413 -0.000000 -0.901506 -0.432766 -0.000000 
0.162013 0.986789 0.000000 0.859594 -0.510978 0.000000 0.886532 0.462668 0.000000 -0.982598 0.185743 0.000000 -0.490156 -0.871635 -0.000000 -0.887917 -0.460004 -0.000000 
0.145991 0.989286 0.000000 0.869008 -0.494798 0.000000 0.893426 0.449211 0.000000 -0.985482 0.169779 0.000000 -0.473865 -0.880597 -0.000000 -0.893831 -0.448405 -0.000000 
0.877324 -0.479898 0.000000 0.144728 0.989471 0.000000 0.898928 0.438096 0.000000 -0.459160 -0.888353 -0.000000 -0.985700 0.168509 0.000000 -0.898420 -0.439137 -0.000000 
0.882431 -0.470442 0.000000 0.144723 0.989472 0.000000 0.911221 0.411917 0.000000 -0.450538 -0.892757 -0.000000 -0.985703 0.168494 0.000000 -0.909010 -0.416775 -0.000000 
0.881850 -0.471529 0.000000 0.143977 0.989581 0.000000 0.924432 0.381347 0.000000 -0.451036 -0.892506 -0.000000 -0.985830 0.167746 0.000000 -0.921456 -0.388482 -0.000000 
0.883851 -0.467768 0.000000 0.143598 0.989636 0.000000 0.926923 0.375252 0.000000 -0.446849 -0.894609 -0.000000 -0.985895 0.167367 0.000000 -0.923712 -0.383087 -0.000000 
0.885998 -0.463690 0.000000 0.143626 0.989632 0.000000 0.926934 0.375224 0.000000 -0.442710 -0.896665 -0.000000 -0.985890 0.167395 0.000000 -0.923519 -0.383553 -0.000000 
0.885665 -0.464324 0.000000 0.142747 0.989759 0.000000 0.926913 0.375275 0.000000 -0.443592 -0.896229 -0.000000 -0.986039 0.166515 0.000000 -0.923464 -0.383685 -0.000000 
0.884055 -0.467383 0.000000 0.143410 0.989663 0.000000 0.926897 0.375317 0.000000 -0.447355 -0.894356 -0.000000 -0.985954 0.167015 0.000000 -0.923422 -0.383787 -0.000000 
0.882440 -0.470425 0.000000 0.144313 0.989532 0.000000 0.926888 0.375337 0.000000 -0.451594 -0.892224 -0.000000 -0.985899 0.167340 0.000000 -0.923314 -0.384047 -0.000000 
0.881036 -0.473048 0.000000 0.145448 0.989366 0.000000 0.926884 0.375348 0.000000 -0.456030 -0.889964 -0.000000 -0.985907 0.167292 0.000000 -0.923109 -0.384539 -0.000000 
0.880569 -0.473917 0.000000 0.145464 0.989364 0.000000 0.926955 0.375172 0.000000 -0.459506 -0.888175 -0.000000 -0.986214 0.165474 0.000000 -0.922768 -0.385357 -0.000000 
0.881612 -0.471976 0.000000 0.144060 0.989569 0.000000 0.928887 0.370364 0.000000 -0.461415 -0.887185 -0.000000 -0.986863 0.161556 0.000000 -0.923821 -0.382824 -0.000000 
0.884027 -0.467437 0.000000 0.141049 0.990003 0.000000 0.931915 0.362675 0.000000 -0.461903 -0.886931 -0.000000 -0.987867 0.155299 0.000000 -0.925661 -0.378353 -0.000000 
0.888091 -0.459668 0.000000 0.135602 0.990763 0.000000 0.934538 0.355864 0.000000 -0.460223 -0.887803 -0.000000 -0.989315 0.145796 0.000000 -0.926936 -0.375219 -0.000000 
0.128236 0.991744 0.000000 0.894553 -0.446962 0.000000 0.935468 0.353410 0.000000 -0.454541 -0.890726 -0.000000 -0.990899 0.134607 0.000000 -0.925985 -0.377559 -0.000000 
0.119503 0.992834 0.000000 0.902023 -0.431688 0.000000 0.935241 0.354012 0.000000 -0.446816 -0.894626 -0.000000 -0.992527 0.122027 0.000000 -0.923658 -0.383217 -0.000000 
0.113065 0.993588 0.000000 0.907923 -0.419137 0.000000 0.935064 0.354479 0.000000 -0.442987 -0.896528 -0.000000 -0.993893 0.110344 0.000000 -0.921460 -0.388473 -0.000000 
0.108576 0.994088 0.000000 0.913156 -0.407609 0.000000 0.935082 0.354432 0.000000 -0.442908 -0.896567 -0.000000 -0.995132 0.098550 0.000000 -0.919143 -0.393924 -0.000000 
0.103922 0.994585 0.000000 0.918689 -0.394982 0.000000 0.935527 0.353256 0.000000 -0.445364 -0.895350 -0.000000 -0.996518 0.083372 0.000000 -0.916979 -0.398936 -0.000000 
0.093225 0.995645 0.000000 0.929647 -0.368452 0.000000 0.937810 0.347150 0.000000 -0.440403 -0.897800 -0.000000 -0.998143 0.060919 0.000000 -0.914956 -0.403554 -0.000000 
0.087925 0.996127 0.000000 -0.441410 -0.897306 -0.000000 0.938276 -0.345887 0.000000 0.938220 0.346039 0.000000 -0.999084 0.042794 0.000000 -0.911341 -0.411652 -0.000000 
0.095343 0.995444 0.000000 -0.457713 -0.889100 -0.000000 0.942306 -0.334753 0.000000 0.940704 0.339229 0.000000 -0.999465 0.032713 0.000000 -0.910245 -0.414069 -0.000000 
0.841561 -0.540162 0.000000 -0.474323 -0.880351 -0.000000 0.422356 0.906430 0.000000 -0.453778 0.891115 0.000000 -0.904588 -0.426287 -0.000000 -0.999859 0.016778 0.000000 
0.844528 -0.535511 0.000000 -0.483010 -0.875615 -0.000000 0.665279 0.746595 0.000000 -0.456357 0.889797 0.000000 -0.888561 -0.458759 -0.000000 -1.000000 0.000099 0.000000 
-0.454277 0.890861 0.000000 -0.489218 -0.872161 -0.000000 -0.869412 -0.494087 -0.000000 -0.999853 -0.017157 -0.000000 0.708150 0.706062 0.000000 0.851199 -0.524842 0.000000 
-0.456344 0.889804 0.000000 -0.495319 -0.868711 -0.000000 -0.857491 -0.514499 -0.000000 -0.999377 -0.035302 -0.000000 0.701548 0.712622 0.000000 0.858858 -0.512214 0.000000 
-0.463231 0.886238 0.000000 -0.500062 -0.865990 -0.000000 -0.848854 -0.528628 -0.000000 -0.998521 -0.054360 -0.000000 0.682449 0.730933 0.000000 0.867682 -0.497120 0.000000 
0.882372 -0.470553 0.000000 -0.502975 -0.864301 -0.000000 0.644505 0.764600 0.000000 -0.476196 0.879339 0.000000 -0.838492 -0.544915 -0.000000 -0.996980 -0.077657 -0.000000 
0.896213 -0.443623 0.000000 -0.503056 -0.864254 -0.000000 0.621322 0.783555 0.000000 -0.485618 0.874171 0.000000 -0.828664 -0.559747 -0.000000 -0.995680 -0.092847 -0.000000 
-0.497735 0.867329 0.000000 -0.497158 -0.867660 -0.000000 -0.818249 -0.574865 -0.000000 -0.994995 -0.099924 -0.000000 0.621481 0.783429 0.000000 0.910893 -0.412642 0.000000 
-0.514673 0.857387 0.000000 -0.488880 -0.872351 -0.000000 -0.809159 -0.587589 -0.000000 -0.993647 -0.112545 -0.000000 0.645788 0.763517 0.000000 0.925767 -0.378093 0.000000 
-0.514512 0.857483 0.000000 -0.475021 -0.879975 -0.000000 -0.815583 -0.578640 -0.000000 -0.987576 -0.157140 -0.000000 0.667707 0.744424 0.000000 0.936404 -0.350924 0.000000 
-0.489268 0.872133 0.000000 -0.462774 -0.886476 -0.000000 -0.809104 -0.587665 -0.000000 -0.978956 -0.204073 -0.000000 0.661780 0.749699 0.000000 0.944468 -0.328603 0.000000 
-0.403847 0.914827 0.000000 -0.442065 -0.896983 -0.000000 -0.787858 -0.615857 -0.000000 -0.968577 -0.248715 -0.000000 0.644630 0.764495 0.000000 0.947796 -0.318876 0.000000 
-0.352075 0.935972 0.000000 -0.417937 -0.908476 -0.000000 -0.762018 -0.647556 -0.000000 -0.957211 -0.289392 -0.000000 0.638003 0.770034 0.000000 0.954262 -0.298971 0.000000 
-0.347473 0.937690 0.000000 -0.397155 -0.917752 -0.000000 -0.742250 -0.670123 -0.000000 -0.944006 -0.329930 -0.000000 0.644036 0.764996 0.000000 0.962867 -0.269977 0.000000 
-0.369939 0.929056 0.000000 -0.403957 -0.914778 -0.000000 -0.740468 -0.672092 -0.000000 -0.929873 -0.367881 -0.000000 0.640781 0.767723 0.000000 0.972863 -0.231384 0.000000 
-0.391298 0.920264 0.000000 -0.420587 -0.907252 -0.000000 -0.738276 -0.674499 -0.000000 -0.914094 -0.405503 -0.000000 0.633656 0.773615 0.000000 0.980881 -0.194609 0.000000 
-0.383610 0.923495 0.000000 0.625238 0.780434 0.000000 0.987300 -0.158869 0.000000 -0.897874 -0.440252 -0.000000 -0.444403 -0.895827 -0.000000 -0.733538 -0.679649 -0.000000 
-0.332504 0.943102 0.000000 -0.429248 -0.903187 -0.000000 -0.716128 -0.697969 -0.000000 -0.893616 -0.448833 -0.000000 0.619467 0.785023 0.000000 0.984170 -0.177229 0.000000 
-0.263507 0.964657 0.000000 -0.466076 -0.884745 -0.000000 -0.717380 -0.696682 -0.000000 -0.900464 -0.434930 -0.000000 0.605973 0.795485 0.000000 0.971271 -0.237978 0.000000 
0.946777 -0.321890 0.000000 -0.916910 -0.399093 -0.000000 -0.745810 -0.666159 -0.000000 -0.522020 -0.852933 -0.000000 0.588349 0.808607 0.000000 -0.171744 0.985142 0.000000 
0.913525 -0.406782 0.000000 -0.927144 -0.374706 -0.000000 -0.755559 -0.655080 -0.000000 -0.557815 -0.829965 -0.000000 0.561756 0.827303 0.000000 -0.068498 0.997651 0.000000 
0.878066 -0.478539 0.000000 -0.932164 -0.362035 -0.000000 0.009962 0.999950 0.000000 0.533461 0.845825 0.000000 -0.570813 -0.821080 -0.000000 -0.751353 -0.659900 -0.000000 
0.832444 -0.554109 0.000000 -0.946121 -0.323813 -0.000000 0.065577 0.997848 0.000000 0.499119 0.866534 0.000000 -0.574088 -0.818794 -0.000000 -0.750166 -0.661249 -0.000000 
0.793770 -0.608218 0.000000 -0.966331 -0.257302 -0.000000 0.095336 0.995445 0.000000 -0.583031 -0.812450 -0.000000 -0.760265 -0.649613 -0.000000 0.476660 0.879088 0.000000 0.246246 0.969207 0.000000 
0.763229 -0.646128 0.000000 -0.979930 -0.199343 -0.000000 0.111365 0.993780 0.000000 -0.594145 -0.804358 -0.000000 -0.771459 -0.636279 -0.000000 0.469115 0.883137 0.000000 0.380504 0.924779 0.000000 
0.736383 -0.676565 0.000000 -0.983969 -0.178339 -0.000000 0.108836 0.994060 0.000000 -0.606227 -0.795292 -0.000000 -0.767674 -0.640840 -0.000000 0.500037 0.866004 0.000000 0.457996 0.888954 0.000000 
0.715523 -0.698589 0.000000 -0.989711 -0.143078 -0.000000 0.105343 0.994436 0.000000 -0.608950 -0.793208 -0.000000 -0.756984 -0.653433 -0.000000 0.541435 0.840743 0.000000 0.440136 0.897931 0.000000 
0.696513 -0.717544 0.000000 -0.996800 -0.079932 -0.000000 0.107070 0.994252 0.000000 -0.606039 -0.795435 -0.000000 -0.746303 -0.665607 -0.000000 0.559640 0.828736 0.000000 0.414270 0.910154 0.000000 
0.672294 -0.740285 0.000000 -0.999913 0.013203 0.000000 -0.746701 -0.665160 -0.000000 -0.607513 -0.794310 -0.000000 0.110465 0.993880 0.000000 0.571554 0.820564 0.000000 0.389136 0.921180 0.000000 
0.646934 -0.762546 0.000000 -0.989521 0.144389 0.000000 -0.752930 -0.658100 -0.000000 -0.612306 -0.790621 -0.000000 0.107646 0.994189 0.000000 0.602011 0.798488 0.000000 0.353951 0.935264 0.000000 
-0.951702 0.307023 0.000000 -0.751901 -0.659276 -0.000000 -0.615426 -0.788195 -0.000000 0.655822 -0.754916 0.000000 0.526209 -0.850355 0.000000 0.097183 0.995267 0.000000 0.653595 0.756845 0.000000 0.245132 0.969490 0.000000 
-0.871573 0.490267 0.000000 -0.749268 -0.662267 -0.000000 -0.619013 -0.785381 -0.000000 0.665070 -0.746781 0.000000 0.383762 -0.923432 0.000000 0.092576 0.995706 0.000000 0.665444 0.746448 0.000000 0.168573 0.985689 0.000000 
0.669851 -0.742496 0.000000 0.258843 -0.965919 0.000000 -0.715269 0.698849 0.000000 -0.758418 -0.651769 -0.000000 -0.625365 -0.780333 -0.000000 0.089262 0.996008 0.000000 0.651856 0.758342 0.000000 0.150284 0.988643 0.000000 
0.656424 -0.754392 0.000000 0.200485 -0.979697 0.000000 -0.549869 0.835251 0.000000 -0.764999 -0.644032 -0.000000 -0.640970 -0.767566 -0.000000 0.069383 0.997590 0.000000 0.636701 0.771111 0.000000 0.181155 0.983455 0.000000 
0.318172 0.948033 0.000000 -0.757596 0.652723 0.000000 -0.650408 -0.759585 -0.000000 -0.766655 -0.642060 -0.000000 0.945550 -0.325477 0.000000 0.909583 -0.415522 0.000000 0.163276 -0.986580 0.000000 0.658742 -0.752369 0.000000 
0.354464 0.935070 0.000000 -0.753508 0.657439 0.000000 -0.648275 -0.761406 -0.000000 -0.760283 -0.649591 -0.000000 0.933266 -0.359185 0.000000 0.908475 -0.417940 0.000000 0.144382 -0.989522 0.000000 0.647859 -0.761760 0.000000 
0.386075 0.922467 0.000000 -0.746110 0.665823 0.000000 -0.638257 -0.769823 -0.000000 -0.748137 -0.663545 -0.000000 0.920303 -0.391206 0.000000 0.906641 -0.421903 0.000000 0.118410 -0.992965 0.000000 0.632690 -0.774405 0.000000 
0.395595 0.918425 0.000000 -0.742358 0.670003 0.000000 -0.631077 -0.775720 -0.000000 -0.742601 -0.669734 -0.000000 0.916252 -0.400601 0.000000 0.904929 -0.425563 0.000000 0.080191 -0.996780 0.000000 0.623902 -0.781502 0.000000 
0.389241 0.921136 0.000000 -0.741442 0.671017 0.000000 -0.628468 -0.777836 -0.000000 -0.744419 -0.667713 -0.000000 0.918566 -0.395269 0.000000 0.902722 -0.430224 0.000000 0.032382 -0.999476 0.000000 0.618931 -0.785445 0.000000 
0.381691 0.924290 0.000000 -0.740671 0.671868 0.000000 -0.626380 -0.779518 -0.000000 -0.749147 -0.662404 -0.000000 0.920389 -0.391005 0.000000 0.899538 -0.436842 0.000000 -0.014355 -0.999897 -0.000000 0.618415 -0.785852 0.000000 
0.382049 0.924142 0.000000 -0.738884 0.673833 0.000000 -0.623386 -0.781914 -0.000000 -0.753069 -0.657941 -0.000000 0.918790 -0.394747 0.000000 0.895369 -0.445326 0.000000 -0.054717 -0.998502 -0.000000 0.623560 -0.781775 0.000000 
0.386163 0.922430 0.000000 -0.736959 0.675937 0.000000 -0.622269 -0.782803 -0.000000 -0.750697 -0.660647 -0.000000 0.916120 -0.400905 0.000000 0.891598 -0.452828 0.000000 -0.081014 -0.996713 -0.000000 0.629278 -0.777180 0.000000 
0.388187 0.921580 0.000000 -0.735758 0.677245 0.000000 -0.616713 -0.787188 -0.000000 -0.745663 -0.666324 -0.000000 0.914294 -0.405052 0.000000 0.889728 -0.456492 0.000000 -0.096353 -0.995347 -0.000000 0.634861 -0.772627 0.000000 
0.389539 0.921010 0.000000 -0.735415 0.677617 0.000000 -0.611016 -0.791618 -0.000000 -0.740801 -0.671724 -0.000000 0.913070 -0.407804 0.000000 0.889393 -0.457142 0.000000 -0.102976 -0.994684 -0.000000 0.637325 -0.770595 0.000000 
0.390314 0.920682 0.000000 -0.735629 0.677384 0.000000 -0.607621 -0.794227 -0.000000 -0.738433 -0.674327 -0.000000 0.912578 -0.408902 0.000000 0.889822 -0.456308 0.000000 -0.103057 -0.994675 -0.000000 0.637841 -0.770168 0.000000 
0.389897 0.920859 0.000000 -0.736053 0.676924 0.000000 -0.607797 -0.794092 -0.000000 -0.738721 -0.674012 -0.000000 0.912978 -0.408010 0.000000 0.890660 -0.454670 0.000000 -0.097234 -0.995262 -0.000000 0.637333 -0.770588 0.000000 
0.389704 0.920940 0.000000 -0.736699 0.676221 0.000000 -0.610359 -0.792125 -0.000000 -0.740759 -0.671771 -0.000000 0.913910 -0.405918 0.000000 0.891677 -0.452673 0.000000 -0.085939 -0.996300 -0.000000 0.637525 -0.770430 0.000000 
0.389249 0.921132 0.000000 -0.737609 0.675229 0.000000 -0.614609 -0.788832 -0.000000 -0.744312 -0.667832 -0.000000 0.915622 -0.402041 0.000000 0.892741 -0.450570 0.000000 -0.070275 -0.997528 -0.000000 0.639457 -0.768826 0.000000 
0.387255 0.921973 0.000000 -0.738212 0.674569 0.000000 -0.620636 -0.784099 -0.000000 -0.748490 -0.663146 -0.000000 0.917820 -0.396996 0.000000 0.893577 -0.448909 0.000000 -0.050073 -0.998746 -0.000000 0.641857 -0.766824 0.000000 
0.385352 0.922770 0.000000 -0.738858 0.673862 0.000000 -0.627874 -0.778315 -0.000000 -0.750487 -0.660885 -0.000000 0.919895 -0.392165 0.000000 -0.029212 -0.999573 -0.000000 0.643956 -0.765063 0.000000 0.893952 -0.448162 0.000000 
0.386107 0.922454 0.000000 -0.739757 0.672874 0.000000 -0.634396 -0.773008 -0.000000 -0.753068 -0.657942 -0.000000 0.920739 -0.390179 0.000000 0.894719 -0.446630 0.000000 -0.010652 -0.999943 -0.000000 0.646782 -0.762675 0.000000 
0.387234 0.921982 0.000000 -0.740329 0.672245 0.000000 -0.638517 -0.769607 -0.000000 -0.754439 -0.656370 -0.000000 0.920392 -0.390997 0.000000 0.895884 -0.444289 0.000000 0.009027 -0.999959 0.000000 0.649899 -0.760021 0.000000 
0.387337 0.921938 0.000000 -0.741305 0.671168 0.000000 -0.641237 -0.767343 -0.000000 -0.754916 -0.655822 -0.000000 0.920400 -0.390977 0.000000 0.897811 -0.440380 0.000000 0.032671 -0.999466 0.000000 0.647967 -0.761668 0.000000 
0.386314 0.922367 0.000000 -0.743051 0.669235 0.000000 -0.643144 -0.765745 -0.000000 -0.754714 -0.656053 -0.000000 0.921330 -0.388782 0.000000 0.900531 -0.434792 0.000000 0.062099 -0.998070 0.000000 0.645466 -0.763789 0.000000 
0.383876 0.923385 0.000000 -0.745501 0.666505 0.000000 -0.644387 -0.764699 -0.000000 -0.753802 -0.657101 -0.000000 0.923039 -0.384705 0.000000 0.903832 -0.427887 0.000000 0.098721 -0.995115 0.000000 0.642772 -0.766057 0.000000 
0.381503 0.924367 0.000000 -0.748213 0.663459 0.000000 -0.645044 -0.764146 -0.000000 -0.752567 -0.658515 -0.000000 0.924498 -0.381188 0.000000 0.907318 -0.420446 0.000000 0.143253 -0.989686 0.000000 0.640206 -0.768203 0.000000 
0.378890 0.925442 0.000000 -0.750930 0.660381 0.000000 -0.645491 -0.763768 -0.000000 -0.751136 -0.660147 -0.000000 0.925541 -0.378647 0.000000 0.910737 -0.412987 0.000000 0.197914 -0.980219 0.000000 0.637005 -0.770859 0.000000 
0.375986 0.926625 0.000000 -0.753508 0.657438 0.000000 -0.645888 -0.763432 -0.000000 -0.749864 -0.661592 -0.000000 0.925954 -0.377636 0.000000 0.913928 -0.405875 0.000000 0.263682 -0.964610 0.000000 0.632936 -0.774204 0.000000 
0.371709 0.928349 0.000000 -0.755521 0.655125 0.000000 -0.646092 -0.763260 -0.000000 -0.749328 -0.662199 -0.000000 0.925902 -0.377765 0.000000 0.916750 -0.399462 0.000000 0.342147 -0.939647 0.000000 0.627239 -0.778827 0.000000 
0.368693 0.929551 0.000000 -0.753671 0.657252 0.000000 -0.869801 0.493403 0.000000 0.924066 -0.382233 0.000000 0.917500 -0.397735 0.000000 0.433568 -0.901121 0.000000 0.612637 -0.790364 0.000000 -0.648257 -0.761422 -0.000000 -0.745200 -0.666840 -0.000000 
0.913544 -0.406739 0.000000 0.390216 0.920723 0.000000 -0.748487 0.663149 0.000000 -0.939697 0.342008 0.000000 0.512289 -0.858813 0.000000 0.623872 -0.781527 0.000000 -0.648594 -0.761134 -0.000000 -0.738844 -0.673876 -0.000000 
0.913246 -0.407409 0.000000 0.402573 0.915388 0.000000 -0.745699 0.666283 0.000000 -0.968213 0.250129 0.000000 0.560960 -0.827843 0.000000 0.635392 -0.772190 0.000000 -0.642175 -0.766558 -0.000000 -0.731675 -0.681654 -0.000000 
0.917189 -0.398453 0.000000 0.400264 0.916400 0.000000 -0.746810 0.665038 0.000000 -0.979298 0.202426 0.000000 0.586782 -0.809745 0.000000 0.637537 -0.770420 0.000000 -0.633190 -0.773996 -0.000000 -0.727527 -0.686079 -0.000000 
0.921994 -0.387204 0.000000 0.390088 0.920777 0.000000 -0.750917 0.660397 0.000000 -0.984430 0.175780 0.000000 0.602535 -0.798092 0.000000 0.639647 -0.768668 0.000000 -0.625680 -0.780080 -0.000000 -0.726212 -0.687470 -0.000000 
0.926552 -0.376166 0.000000 0.374762 0.927121 0.000000 -0.756207 0.654333 0.000000 -0.985375 0.170401 0.000000 0.606723 -0.794914 0.000000 0.637040 -0.770831 0.000000 -0.622260 -0.782810 -0.000000 -0.727567 -0.686037 -0.000000 
0.928951 -0.370202 0.000000 0.361499 0.932372 0.000000 -0.760230 0.649654 0.000000 -0.984713 0.174185 0.000000 0.597695 -0.801724 0.000000 0.637916 -0.770106 0.000000 -0.621578 -0.783352 -0.000000 -0.729296 -0.684199 -0.000000 
0.929300 -0.369325 0.000000 0.357529 0.933902 0.000000 -0.761946 0.647640 0.000000 -0.981147 0.193265 0.000000 0.584600 -0.811321 0.000000 0.641616 -0.767026 0.000000 -0.620460 -0.784238 -0.000000 -0.728147 -0.685421 -0.000000 
0.928773 -0.370648 0.000000 0.358272 0.933617 0.000000 -0.761935 0.647654 0.000000 -0.976244 0.216676 0.000000 0.571980 -0.820267 0.000000 0.640985 -0.767554 0.000000 -0.620899 -0.783891 -0.000000 -0.727844 -0.685743 -0.000000 
0.927344 -0.374209 0.000000 0.360493 0.932762 0.000000 -0.761217 0.648498 0.000000 -0.967829 0.251609 0.000000 0.555586 -0.831459 0.000000 0.637064 -0.770811 0.000000 -0.624355 -0.781141 -0.000000 -0.730403 -0.683016 -0.000000 
0.925034 -0.379884 0.000000 0.365967 0.930628 0.000000 -0.759762 0.650201 0.000000 -0.955248 0.295807 0.000000 0.532228 -0.846601 0.000000 0.631854 -0.775087 0.000000 -0.629571 -0.776943 -0.000000 -0.734251 -0.678878 -0.000000 
0.922284 -0.386513 0.000000 0.372716 0.927946 0.000000 -0.758002 0.652252 0.000000 -0.935665 0.352890 0.000000 0.501871 -0.864943 0.000000 0.627737 -0.778425 0.000000 -0.634773 -0.772699 -0.000000 -0.738600 -0.674144 -0.000000 
0.919538 -0.393000 0.000000 0.380700 0.924699 0.000000 -0.756122 0.654431 0.000000 -0.907183 0.420736 0.000000 0.466849 -0.884337 0.000000 0.624200 -0.781264 0.000000 -0.638826 -0.769351 -0.000000 -0.742463 -0.669887 -0.000000 
0.917350 -0.398082 0.000000 0.388559 0.921424 0.000000 -0.754524 0.656273 0.000000 -0.868848 0.495079 0.000000 0.430128 -0.902768 0.000000 0.619655 -0.784875 0.000000 -0.641399 -0.767208 -0.000000 -0.745503 -0.666502 -0.000000 
0.915784 -0.401670 0.000000 0.391708 0.920090 0.000000 -0.644530 -0.764579 -0.000000 -0.749308 -0.662222 -0.000000 0.392149 -0.919902 0.000000 0.617312 -0.786718 0.000000 -0.817967 0.575266 0.000000 -0.753882 0.657010 0.000000 
0.391829 0.920038 0.000000 -0.648942 -0.760838 -0.000000 -0.753711 -0.657206 -0.000000 0.915958 -0.401274 0.000000 0.914266 -0.405115 0.000000 0.361399 -0.932411 0.000000 0.616676 -0.787217 0.000000 -0.771010 0.636823 0.000000 -0.753700 0.657218 0.000000 
0.393034 0.919524 0.000000 -0.753148 0.657851 0.000000 -0.651684 -0.758491 -0.000000 -0.756986 -0.653431 -0.000000 0.915851 -0.401519 0.000000 0.912807 -0.408391 0.000000 0.343634 -0.939104 0.000000 0.617432 -0.786625 0.000000 
0.394231 0.919012 0.000000 -0.752677 0.658389 0.000000 -0.652788 -0.757540 -0.000000 -0.758369 -0.651826 -0.000000 0.915530 -0.402249 0.000000 0.911808 -0.410617 0.000000 0.335834 -0.941921 0.000000 0.618930 -0.785446 0.000000 
0.393679 0.919248 0.000000 -0.752865 0.658175 0.000000 -0.652733 -0.757588 -0.000000 -0.758223 -0.651996 -0.000000 0.915788 -0.401662 0.000000 0.911599 -0.411081 0.000000 0.336702 -0.941611 0.000000 0.621178 -0.783669 0.000000 
0.392574 0.919721 0.000000 -0.753284 0.657695 0.000000 -0.651937 -0.758273 -0.000000 -0.757263 -0.653110 -0.000000 0.916139 -0.400861 0.000000 0.911975 -0.410245 0.000000 0.342517 -0.939512 0.000000 0.622528 -0.782598 0.000000 
0.391099 0.920349 0.000000 -0.650959 -0.759113 -0.000000 -0.755640 -0.654987 -0.000000 0.916487 -0.400064 0.000000 0.912796 -0.408416 0.000000 0.354204 -0.935168 0.000000 0.622095 -0.782942 0.000000 -0.762328 0.647191 0.000000 -0.753785 0.657121 0.000000 
0.389274 0.921122 0.000000 -0.649781 -0.760121 -0.000000 -0.753527 -0.657417 -0.000000 0.916804 -0.399337 0.000000 0.913841 -0.406071 0.000000 0.371740 -0.928337 0.000000 0.621313 -0.783562 0.000000 -0.793513 0.608553 0.000000 -0.753979 0.656899 0.000000 
0.387336 0.921938 0.000000 -0.648332 -0.761357 -0.000000 -0.751236 -0.660034 -0.000000 0.916953 -0.398996 0.000000 0.915061 -0.403315 0.000000 0.395865 -0.918309 0.000000 0.620688 -0.784058 0.000000 -0.831199 0.555975 0.000000 -0.754149 0.656703 0.000000 
0.916359 -0.400358 0.000000 0.389105 0.921193 0.000000 -0.754069 0.656795 0.000000 -0.869149 0.494550 0.000000 0.426102 -0.904675 0.000000 0.618538 -0.785755 0.000000 -0.646000 -0.763338 -0.000000 -0.748360 -0.663292 -0.000000 
0.917906 -0.396798 0.000000 0.388264 0.921548 0.000000 -0.754617 0.656165 0.000000 -0.898987 0.437974 0.000000 0.453491 -0.891261 0.000000 0.618902 -0.785468 0.000000 -0.642243 -0.766501 -0.000000 -0.744767 -0.667325 -0.000000 
0.919893 -0.392170 0.000000 0.382137 0.924106 0.000000 -0.755982 0.654593 0.000000 -0.915342 0.402678 0.000000 0.471098 -0.882081 0.000000 0.620648 -0.784089 0.000000 -0.638697 -0.769458 -0.000000 -0.741954 -0.670450 -0.000000 
0.921651 -0.388020 0.000000 0.375653 0.926760 0.000000 -0.757410 0.652940 0.000000 -0.924297 0.381674 0.000000 0.481814 -0.876273 0.000000 0.622471 -0.782643 0.000000 -0.636000 -0.771689 -0.000000 -0.739886 -0.672732 -0.000000 
0.922812 -0.385251 0.000000 0.370951 0.928652 0.000000 -0.758480 0.651697 0.000000 -0.928862 0.370426 0.000000 0.487270 -0.873251 0.000000 0.623476 -0.781842 0.000000 -0.634604 -0.772837 -0.000000 -0.738680 -0.674056 -0.000000 
0.368849 0.929489 0.000000 -0.758942 0.651159 0.000000 -0.929629 0.368497 0.000000 0.923436 -0.383752 0.000000 0.923251 -0.384197 0.000000 0.488228 -0.872716 0.000000 0.623352 -0.781942 0.000000 -0.634352 -0.773044 -0.000000 -0.738427 -0.674334 -0.000000 
0.369146 0.929371 0.000000 -0.758909 0.651197 0.000000 -0.926954 0.375175 0.000000 0.923415 -0.383802 0.000000 0.923241 -0.384221 0.000000 0.485347 -0.874322 0.000000 0.622150 -0.782898 0.000000 -0.634589 -0.772850 -0.000000 -0.738656 -0.674083 -0.000000 
