0.986680 -0.162661 0.002001 0.158364 0.987381 -0.000713 -0.180342 -0.983604 0.000668 -0.987656 0.156623 -0.001997 
0.986700 -0.162509 0.003766 0.158213 0.987405 -0.000546 -0.180192 -0.983631 0.000462 -0.987675 0.156471 -0.003763 
0.986732 -0.162317 0.003539 0.158021 0.987436 -0.000679 -0.180001 -0.983666 0.000600 -0.987707 0.156279 -0.003534 
0.986750 -0.162214 0.003271 0.157918 0.987452 -0.000530 -0.179898 -0.983685 0.000457 -0.987724 0.156176 -0.003268 
0.986755 -0.162053 0.007300 0.157735 0.987477 0.003116 -0.179715 -0.983713 -0.003278 -0.987728 0.156014 -0.007319 
0.986751 -0.162143 0.005593 0.157795 0.987437 0.008333 -0.179775 -0.983671 -0.008456 -0.987724 0.156105 -0.005644 
0.986645 -0.162343 0.013264 0.157996 0.987429 0.004543 -0.179974 -0.983659 -0.004838 -0.987619 0.156305 -0.013292 
0.986675 -0.162354 0.010706 0.157983 0.987415 0.007259 -0.179961 -0.983645 -0.007497 -0.987649 0.156316 -0.010751 
0.986717 -0.162257 0.007902 0.157879 0.987411 0.009720 -0.179859 -0.983643 -0.009894 -0.987690 0.156219 -0.007962 
0.986710 -0.162236 0.009158 0.157859 0.987424 0.008611 -0.179839 -0.983657 -0.008814 -0.987683 0.156198 -0.009211 
0.986715 -0.162306 0.007077 0.157925 0.987390 0.010982 -0.179904 -0.983621 -0.011138 -0.987689 0.156268 -0.007144 
0.986758 -0.162037 0.007271 0.157649 0.987429 0.011458 -0.179630 -0.983666 -0.011619 -0.987730 0.155999 -0.007341 
0.986761 -0.162051 0.006546 0.157641 0.987384 0.014907 -0.179622 -0.983621 -0.015051 -0.987733 0.156014 -0.006637 
0.985291 -0.170785 0.005917 0.166340 0.985855 0.020531 -0.188286 -0.981897 -0.020660 -0.986316 0.164757 -0.006043 
0.984175 -0.177091 0.006227 0.172603 0.984688 0.024440 -0.194524 -0.980590 -0.024575 -0.985238 0.171069 -0.006377 
0.984149 -0.177256 0.005672 0.172761 0.984610 0.026389 -0.194681 -0.980508 -0.026512 -0.985213 0.171235 -0.005833 
0.983927 -0.178495 0.005144 0.173944 0.984195 0.033231 -0.195858 -0.980065 -0.033340 -0.984999 0.172477 -0.005348 
0.983937 -0.178454 0.004635 0.173951 0.984293 0.030142 -0.195866 -0.980164 -0.030241 -0.985009 0.172436 -0.004820 
0.983312 -0.181879 0.004192 0.177261 0.983264 0.042080 -0.199162 -0.979059 -0.042167 -0.984404 0.175866 -0.004449 
0.983339 -0.181745 0.003685 0.177068 0.982984 0.048877 -0.198969 -0.978782 -0.048952 -0.984429 0.175735 -0.003983 
0.983340 -0.181748 0.003317 0.177070 0.982912 0.050302 -0.198971 -0.978710 -0.050369 -0.984430 0.175737 -0.003624 
0.674302 0.737589 0.035781 -0.984615 0.174710 -0.003201 0.010779 0.999855 -0.013190 0.754430 -0.656012 -0.021983 -0.198162 -0.979653 -0.031810 -0.050747 -0.998580 0.016199 
0.675893 0.736498 0.027184 -0.984528 0.175206 -0.002865 0.015413 0.999848 -0.008147 0.753031 -0.657750 -0.017558 -0.198691 -0.979641 -0.028734 -0.056402 -0.998315 0.013617 
0.673377 0.738892 0.024519 -0.984526 0.175217 -0.002642 0.017178 0.999848 -0.002851 0.755284 -0.654941 -0.024462 -0.198655 -0.979437 -0.035193 -0.057315 -0.998208 0.017203 
0.671026 0.741128 0.021319 -0.984526 0.175222 -0.002424 0.018881 0.999820 0.002028 0.757306 -0.652309 -0.031308 -0.198629 -0.979277 -0.039549 -0.058148 -0.998097 0.020526 
0.668973 0.743087 0.017228 -0.984527 0.175221 -0.002200 0.020364 0.999775 0.005936 0.758993 -0.650063 -0.036726 -0.198625 -0.979229 -0.040737 -0.058772 -0.998004 0.023124 
0.668442 0.743640 0.013603 -0.984528 0.175217 -0.001975 0.020700 0.999750 0.008492 0.759317 -0.649430 -0.040985 -0.198637 -0.979256 -0.040007 -0.058823 -0.997951 0.025172 
0.667908 0.744197 0.008330 -0.984529 0.175214 -0.001757 0.020968 0.999711 0.011771 0.759599 -0.648911 -0.043861 -0.198656 -0.979318 -0.038358 -0.058677 -0.997926 0.026485 
0.666788 0.745247 0.000007 -0.984530 0.175209 -0.001549 0.024552 0.999549 0.017305 0.760290 -0.647963 -0.045863 -0.198673 -0.979381 -0.036642 -0.061588 -0.997735 0.027059 
0.666344 0.745645 0.000025 -0.984531 0.175205 -0.001355 0.024870 0.999556 0.016427 0.760594 -0.647435 -0.048218 -0.198690 -0.979443 -0.034825 -0.061664 -0.997701 0.028103 
0.665509 0.746390 -0.000269 -0.984532 0.175202 -0.001165 0.024917 0.999575 0.015143 0.761237 -0.646531 -0.050162 -0.198712 -0.979533 -0.032075 -0.061272 -0.997696 0.029130 
0.664421 0.747354 -0.002676 -0.984533 0.175198 -0.000983 0.024899 0.999597 0.013643 0.762035 -0.645465 -0.051746 -0.198733 -0.979624 -0.029000 -0.060661 -0.997652 0.031807 
0.663943 0.747751 -0.006909 -0.984541 0.175151 -0.000811 0.024906 0.999619 0.011888 0.762238 -0.645121 -0.053041 -0.198712 -0.979728 -0.025429 -0.060340 -0.997532 0.035913 
0.663566 0.748020 -0.012106 -0.984546 0.175123 -0.000641 0.024883 0.999641 0.009925 0.762315 -0.644955 -0.053933 -0.198707 -0.979825 -0.021410 -0.060009 -0.997372 0.040608 
0.663066 0.748354 -0.017592 -0.984607 0.174781 -0.000473 0.024810 0.999662 0.007727 0.762480 -0.644713 -0.054491 -0.198387 -0.979978 -0.016889 -0.059701 -0.997185 0.045360 
0.661910 0.749213 -0.023552 -0.984836 0.173488 -0.000306 0.024882 0.999677 0.005237 0.763183 -0.643859 -0.054745 -0.197117 -0.980308 -0.011901 -0.059657 -0.996945 0.050410 
0.660081 0.750583 -0.030302 -0.985256 0.171089 -0.000095 0.025928 0.999660 0.002663 0.764395 -0.642395 -0.055029 -0.194740 -0.980831 -0.006837 -0.060822 -0.996568 0.056148 
0.658199 0.751890 -0.037899 -0.985349 0.170516 0.003263 0.031262 0.999510 0.001379 0.765443 -0.640950 -0.057264 -0.194197 -0.980920 -0.009172 -0.065668 -0.995826 0.063387 
0.656997 0.752502 -0.045773 -0.985351 0.170515 0.002968 0.040583 0.999175 0.001199 0.765833 -0.640282 -0.059493 -0.194192 -0.980929 -0.008271 -0.074896 -0.994659 0.071021 
0.656777 0.752188 -0.053454 -0.985351 0.170515 0.002679 0.050190 0.998739 0.001028 0.765384 -0.640660 -0.061179 -0.194189 -0.980936 -0.007383 -0.084886 -0.993312 0.078265 
0.657019 0.751396 -0.061073 -0.985352 0.170516 0.002373 0.059325 0.998238 0.000845 0.764507 -0.641559 -0.062702 -0.194186 -0.980943 -0.006452 -0.094557 -0.991852 0.085376 
-0.985353 0.170517 0.001794 -0.194182 -0.980953 -0.004928 0.067316 0.997732 0.000574 0.657124 0.750606 -0.069130 0.763759 -0.642403 -0.063174 -0.102857 -0.990426 0.092074 
-0.985363 0.170447 0.002798 -0.194111 -0.980978 -0.001913 0.074027 0.997256 -0.000794 0.656776 0.750077 -0.077649 0.763413 -0.642864 -0.062658 -0.109531 -0.989195 0.097445 
-0.985368 0.170426 0.002332 -0.194088 -0.980983 -0.001590 0.081868 0.996643 -0.000736 0.656275 0.749418 -0.087607 0.763050 -0.643358 -0.062015 -0.117104 -0.987604 0.104526 
-0.985421 0.170081 0.004223 -0.193742 -0.981052 0.000206 0.090187 0.995922 -0.002207 0.655481 0.748692 -0.099023 0.762794 -0.643759 -0.060996 -0.125031 -0.985924 0.111001 
-0.985447 0.169897 0.005383 0.762373 -0.644378 -0.059701 0.098548 0.995125 -0.003809 0.654790 0.747629 -0.110912 -0.193540 -0.981086 0.003591 -0.132939 -0.984151 0.117360 
-0.985451 0.169894 0.004818 0.761623 -0.645361 -0.058652 0.106745 0.994281 -0.003418 0.654476 0.746182 -0.121959 -0.193541 -0.981087 0.003267 -0.140780 -0.982220 0.124195 
-0.985468 0.169815 0.004061 0.760730 -0.646478 -0.057930 0.113983 0.993478 -0.003091 0.654433 0.744637 -0.131274 -0.193465 -0.981103 0.003011 -0.147909 -0.980386 0.130253 
-0.985469 0.169814 0.003685 0.760451 -0.646838 -0.057571 0.118416 0.992960 -0.002814 0.654026 0.743921 -0.137227 -0.193466 -0.981103 0.002823 -0.152122 -0.979201 0.134255 
-0.985471 0.169812 0.003350 0.760326 -0.646991 -0.057516 0.120590 0.992699 -0.002580 0.653649 0.743514 -0.141173 -0.193464 -0.981103 0.002769 -0.154105 -0.978469 0.137295 
-0.985528 0.169507 0.001118 0.760305 -0.647006 -0.057605 0.122962 0.992408 -0.002528 0.653135 0.743230 -0.144996 -0.193162 -0.981152 0.005375 -0.156371 -0.977624 0.140712 
-0.985529 0.169502 0.001068 0.760291 -0.647010 -0.057749 0.124575 0.992207 -0.002343 0.652621 0.742964 -0.148629 -0.193154 -0.981147 0.006524 -0.157693 -0.977103 0.142839 
-0.985530 0.169499 0.000974 0.760206 -0.647079 -0.058107 0.126122 0.992012 -0.002155 0.652148 0.742649 -0.152231 -0.193146 -0.981131 0.008757 -0.158961 -0.976645 0.144555 
-0.985531 0.169495 0.000889 0.760092 -0.647171 -0.058561 0.127469 0.991840 -0.002034 0.651723 0.742336 -0.155543 -0.193137 -0.981106 0.011346 -0.160044 -0.976254 0.145991 
-0.985531 0.169492 0.000817 0.760046 -0.647192 -0.058932 0.128225 0.991743 -0.001947 0.651295 0.742111 -0.158388 -0.193127 -0.981078 0.013688 -0.160512 -0.976000 0.147174 
-0.985532 0.169487 0.000761 0.760078 -0.647118 -0.059324 0.128323 0.991731 -0.001810 0.650829 0.741998 -0.160812 -0.193117 -0.981048 0.015811 -0.160269 -0.975901 0.148089 
-0.985534 0.169479 0.000719 0.760064 -0.647110 -0.059590 0.128298 0.991734 -0.001739 0.650478 0.741843 -0.162934 -0.193102 -0.981018 0.017746 -0.159973 -0.975831 0.148872 
-0.985535 0.169468 0.000687 0.759925 -0.647237 -0.059984 0.128338 0.991729 -0.001628 0.650274 0.741596 -0.164859 -0.193085 -0.980988 0.019530 -0.159824 -0.975742 0.149609 
-0.985541 0.169436 0.000661 0.759699 -0.647442 -0.060635 0.128486 0.991710 -0.001434 0.650133 0.741307 -0.166709 -0.193047 -0.980960 0.021205 -0.159817 -0.975623 0.150394 
-0.985617 0.168992 0.000640 0.759591 -0.647513 -0.061220 0.128554 0.991702 -0.001333 0.649869 0.741130 -0.168516 -0.192599 -0.981013 0.022793 -0.159863 -0.975479 0.151276 
-0.985823 0.167785 0.000624 0.759972 -0.647001 -0.061904 0.128526 0.991705 -0.001300 0.649010 0.741449 -0.170409 -0.191391 -0.981212 0.024329 -0.159853 -0.975312 0.152360 
-0.986132 0.165962 0.000610 0.760824 -0.645918 -0.062745 0.128454 0.991715 -0.001293 0.647543 0.742247 -0.172504 -0.189569 -0.981526 0.025881 -0.159756 -0.975122 0.153673 
-0.986456 0.164023 0.000603 0.761885 -0.644585 -0.063573 0.128369 0.991726 -0.001299 0.645784 0.743223 -0.174880 -0.187631 -0.981854 0.027533 -0.159538 -0.974927 0.155130 
-0.986813 0.161866 0.000606 0.763114 -0.643054 -0.064335 0.128277 0.991738 -0.001314 0.643815 0.744345 -0.177350 -0.185475 -0.982213 0.029274 -0.159312 -0.974731 0.156583 
-0.987115 0.160009 0.000610 0.764144 -0.641764 -0.064979 0.128247 0.991741 -0.001300 0.642098 0.745252 -0.179748 -0.183617 -0.982507 0.031067 -0.159152 -0.974550 0.157871 
-0.987270 0.159052 0.000593 0.764673 -0.641106 -0.065258 0.128215 0.991746 -0.001313 0.641062 0.745612 -0.181940 -0.182655 -0.982628 0.032843 -0.158941 -0.974422 0.158872 
-0.987307 0.158820 0.000573 0.764736 -0.641025 -0.065307 0.128321 0.991732 -0.001342 0.640636 0.745481 -0.183968 -0.182413 -0.982613 0.034596 -0.158867 -0.974303 0.159669 
-0.987313 0.158786 0.000550 0.764673 -0.641084 -0.065470 0.129034 0.991639 -0.001373 0.640320 0.745233 -0.186059 -0.182370 -0.982560 0.036297 -0.159392 -0.974067 0.160583 
-0.987318 0.158751 0.000529 0.764599 -0.641140 -0.065794 0.130258 0.991479 -0.001407 0.639968 0.744991 -0.188229 -0.182326 -0.982506 0.037944 -0.160430 -0.973721 0.161648 
-0.987327 0.158698 0.000510 0.764473 -0.641259 -0.066083 0.130583 0.991436 -0.001350 0.639732 0.744722 -0.190087 -0.182264 -0.982455 0.039529 -0.160589 -0.973564 0.162432 
-0.987349 0.158559 0.000502 0.764595 -0.641092 -0.066291 0.130692 0.991422 -0.001332 0.639221 0.744682 -0.191950 -0.182115 -0.982419 0.041084 -0.160419 -0.973465 0.163195 
-0.987398 0.158253 0.000501 0.764794 -0.640823 -0.066596 0.130839 0.991403 -0.001310 0.638590 0.744730 -0.193855 -0.181799 -0.982410 0.042647 -0.160299 -0.973345 0.164025 
-0.987493 0.157663 0.000505 0.765062 -0.640469 -0.066931 0.131073 0.991372 -0.001327 0.637859 0.744843 -0.195819 -0.181200 -0.982450 0.044246 -0.160354 -0.973179 0.164952 
-0.987644 0.156713 0.000521 0.765649 -0.639737 -0.067221 0.131101 0.991368 -0.001390 0.636740 0.745248 -0.197906 -0.180241 -0.982551 0.045902 -0.160160 -0.973042 0.165948 
-0.987876 0.155247 0.000538 0.766425 -0.638754 -0.067720 0.131355 0.991334 -0.001455 0.635317 0.745856 -0.200179 -0.178769 -0.982738 0.047628 -0.160276 -0.972813 0.167172 
-0.988183 0.153275 0.000532 0.767507 -0.637393 -0.068286 0.131373 0.991332 -0.001521 0.633494 0.746764 -0.202558 -0.176793 -0.983006 0.049423 -0.160167 -0.972602 0.168500 
-0.988521 0.151085 0.000522 0.768709 -0.635879 -0.068880 0.131282 0.991344 -0.001588 0.631493 0.747780 -0.205042 -0.174600 -0.983302 0.051308 -0.159950 -0.972396 0.169888 
-0.988873 0.148763 0.000512 0.769951 -0.634293 -0.069621 0.131254 0.991347 -0.001619 0.629372 0.748841 -0.207674 -0.172274 -0.983606 0.053294 -0.159785 -0.972162 0.171378 
-0.989242 0.146286 0.000504 0.771289 -0.632591 -0.070296 0.131152 0.991361 -0.001696 0.627113 0.749962 -0.210442 -0.169792 -0.983921 0.055401 -0.159545 -0.971926 0.172932 
-0.989632 0.143623 0.000494 0.772650 -0.630812 -0.071335 0.131239 0.991349 -0.001668 0.624687 0.751142 -0.213427 -0.167125 -0.984249 0.057638 -0.159471 -0.971627 0.174668 
-0.990044 0.140756 0.000479 0.774148 -0.628872 -0.072211 0.131185 0.991356 -0.001724 0.622083 0.752401 -0.216577 -0.164253 -0.984590 0.060034 -0.159262 -0.971336 0.176468 
-0.990482 0.137640 0.000466 0.775764 -0.626770 -0.073135 -0.159952 -0.977130 0.140118 0.131085 0.991370 -0.001803 0.619266 0.753751 -0.219929 
-0.990947 0.134255 0.000454 0.777512 -0.624491 -0.074072 -0.158642 -0.977013 0.142399 0.130979 0.991383 -0.001895 0.616213 0.755192 -0.223533 
-0.991437 0.130587 0.000443 0.779391 -0.622024 -0.075079 -0.157202 -0.976886 0.144850 0.130830 0.991403 -0.002005 0.612906 0.756732 -0.227385 
-0.991206 0.132331 -0.000304 -0.155846 -0.985373 0.068935 0.043849 0.997636 -0.052912 0.624780 0.776239 -0.084276 0.790887 -0.610368 -0.044150 -0.078421 -0.990605 0.112035 
0.614213 0.786100 -0.069209 -0.990090 0.140432 -0.000549 -0.081705 0.992701 -0.088705 0.798302 -0.598808 -0.064372 -0.163945 -0.984278 0.065725 0.063646 -0.986801 0.148906 
0.570383 0.820797 -0.030905 -0.985938 0.167107 -0.000912 -0.296095 0.943583 -0.148255 0.834489 -0.550942 -0.009483 -0.190512 -0.979705 0.062313 0.296941 -0.943727 0.145620 
-0.984793 0.173732 -0.000581 0.533297 0.845906 0.006169 -0.429030 0.889861 -0.155182 -0.197219 -0.979288 0.045822 0.857969 -0.512694 0.032156 0.430136 -0.896028 0.110078 
-0.986789 0.162013 -0.000469 0.510978 0.859593 0.000725 -0.459706 0.880855 -0.112980 -0.185603 -0.981857 0.038833 0.871525 -0.490095 0.015843 0.458468 -0.884952 0.081656 
-0.989286 0.145991 -0.000386 0.494782 0.868980 -0.008068 -0.447902 0.890823 -0.076277 -0.169673 -0.984863 0.035438 0.880468 -0.473795 -0.017145 0.447342 -0.891713 0.068794 
0.479839 0.877217 -0.015613 -0.989471 0.144728 -0.000327 -0.437598 0.897906 -0.047673 0.887711 -0.458829 -0.038008 -0.168457 -0.985398 0.024747 0.438302 -0.896712 0.061634 
0.470248 0.882068 -0.028671 -0.989472 0.144723 -0.000285 -0.411858 0.911092 -0.016854 0.891212 -0.449758 -0.058812 -0.168477 -0.985603 0.014198 0.416080 -0.907493 0.057749 
0.471327 0.881471 -0.029314 -0.989581 0.143977 -0.000293 -0.381346 0.924431 -0.001148 0.892000 -0.450780 -0.033656 -0.167745 -0.985824 0.003514 0.388210 -0.920811 0.037417 
0.467681 0.883687 -0.019278 -0.989636 0.143598 -0.000057 -0.375252 0.926923 0.000271 0.894243 -0.446666 -0.028623 -0.167367 -0.985894 0.000930 0.382945 -0.923369 0.027239 
0.463616 0.885856 -0.017859 -0.989632 0.143626 -0.000025 -0.375224 0.926934 0.000200 0.896256 -0.442507 -0.030210 -0.167395 -0.985889 0.001369 0.383417 -0.923191 0.026655 
0.464202 0.885433 -0.022914 -0.989759 0.142747 0.000650 -0.375275 0.926913 0.000169 0.895663 -0.443312 -0.035532 -0.166509 -0.986002 0.008617 0.383523 -0.923074 0.029051 
0.467075 0.883471 -0.036331 -0.989629 0.143405 0.008279 -0.375317 0.926897 0.000136 0.893515 -0.446935 -0.043363 -0.166979 -0.985740 0.020860 0.383598 -0.922968 0.031363 
0.469712 0.881101 -0.055062 -0.989304 0.144279 0.021451 -0.375337 0.926888 0.000098 0.890984 -0.450966 -0.052690 -0.167232 -0.985265 0.035877 0.383839 -0.922813 0.032922 
0.471598 0.878335 -0.078248 -0.988645 0.145342 0.038167 -0.375348 0.926884 0.000076 0.888189 -0.455120 -0.063130 -0.167065 -0.984565 0.052160 0.384302 -0.922540 0.035085 
0.471332 0.875765 -0.104316 -0.987794 0.145233 0.056311 -0.375172 0.926955 0.000039 0.885624 -0.458186 -0.075735 -0.165080 -0.983864 0.068991 0.385062 -0.922061 0.039136 
0.467852 0.873909 -0.131896 -0.986735 0.143647 0.075625 -0.370364 0.928887 0.000001 0.883335 -0.459412 -0.093063 -0.160964 -0.983243 0.085577 0.382420 -0.922848 0.045899 
0.461445 0.872695 -0.159597 -0.985466 0.140403 0.095627 -0.362675 0.931915 -0.000033 0.881316 -0.458979 -0.112343 -0.154483 -0.982674 0.102402 0.377818 -0.924353 0.053155 
0.451563 0.872432 -0.186957 -0.984049 0.134683 0.116221 -0.355864 0.934538 -0.000412 0.880041 -0.456199 -0.131946 -0.144749 -0.982207 0.119650 0.374543 -0.925266 0.060001 
-0.983058 0.127113 0.132058 0.436669 0.873952 -0.213374 -0.353410 0.935468 -0.001039 0.880487 -0.449316 -0.151188 -0.133386 -0.981910 0.134391 0.376612 -0.923663 0.070780 
-0.982152 0.118217 0.146295 0.419318 0.876175 -0.237676 -0.354012 0.935240 -0.001598 0.881749 -0.440385 -0.169057 -0.120693 -0.981678 0.147451 0.381957 -0.920620 0.081039 
-0.980387 0.111563 0.162464 0.404308 0.875800 -0.263648 -0.354478 0.935061 -0.002393 0.880838 -0.435235 -0.186266 -0.108841 -0.980355 0.164494 0.386924 -0.917785 0.089227 
-0.977305 0.106743 0.182976 0.389504 0.872595 -0.294728 -0.354430 0.935077 -0.003087 0.877456 -0.433467 -0.205372 -0.096854 -0.978007 0.184722 0.392049 -0.914769 0.097440 
-0.972634 0.101628 0.208939 0.372818 0.867137 -0.330274 -0.353254 0.935520 -0.003711 0.871910 -0.433704 -0.227318 -0.081520 -0.974381 0.209609 0.396761 -0.911979 0.104284 
-0.967162 0.090558 0.237481 0.343265 0.866097 -0.363381 -0.347148 0.937803 -0.003834 0.866728 -0.425160 -0.260809 -0.059282 -0.971319 0.230273 0.400896 -0.908930 0.114580 
-0.959073 0.084654 0.270207 0.858140 -0.422143 -0.292216 0.317836 0.862182 -0.394491 -0.346037 0.938212 -0.004114 -0.041487 -0.968575 0.245237 0.408598 -0.904581 0.121578 
-0.948143 0.090813 0.304595 0.843136 -0.434051 -0.317366 0.301357 0.848300 -0.435397 -0.339205 0.940639 -0.011771 -0.031517 -0.962912 0.267969 0.410307 -0.901975 0.134499 
0.536485 0.835832 -0.116483 0.827861 -0.446042 -0.340135 -0.828656 0.386117 0.405269 -0.889667 -0.453041 0.056972 0.421593 -0.894627 0.147995 -0.016011 -0.954134 0.298952 
0.530806 0.837109 -0.132265 0.819197 -0.451888 -0.353147 -0.675516 0.601942 0.425845 -0.887816 -0.455341 0.066693 0.453731 -0.878822 0.147651 -0.000094 -0.943051 0.332649 
-0.888196 -0.452918 0.077282 0.814149 -0.456677 -0.358619 0.489320 -0.861023 0.138583 0.015942 -0.929094 0.369500 -0.636666 0.638549 0.432333 0.519178 0.842012 -0.146527 
-0.886689 -0.454746 0.083601 0.810669 -0.462225 -0.359393 0.509105 -0.848502 0.144413 0.032284 -0.913952 0.404536 -0.640200 0.630251 0.439235 0.505487 0.847578 -0.161539 
-0.882833 -0.461451 0.087571 0.809519 -0.467454 -0.355199 0.521544 -0.837478 0.163163 0.048794 -0.896285 0.440786 -0.655751 0.612254 0.441741 0.489080 0.853649 -0.179124 
0.460941 0.864348 -0.201086 0.810987 -0.471950 -0.345779 -0.678854 0.572226 0.460125 -0.875608 -0.474176 0.092026 0.535434 -0.823903 0.185725 0.068232 -0.875979 0.477499 
0.432257 0.873252 -0.224911 0.816451 -0.475232 -0.327967 -0.689752 0.546940 0.474445 -0.870145 -0.483381 0.095870 0.547171 -0.810047 0.210778 0.079970 -0.857592 0.508076 
-0.862990 -0.495245 0.099909 0.826426 -0.473531 -0.304611 0.557713 -0.793835 0.242449 0.084158 -0.838003 0.539137 -0.697076 0.552979 0.456397 0.399389 0.881640 -0.251396 
-0.852291 -0.511614 0.108864 0.836945 -0.469038 -0.282005 0.564608 -0.777512 0.276935 0.092469 -0.816397 0.570039 -0.700131 0.592176 0.398927 0.362925 0.888627 -0.280406 
-0.850159 -0.510117 0.130425 0.834208 -0.450316 -0.318296 0.550968 -0.776579 0.305550 0.130525 -0.820313 0.556820 -0.698145 0.626198 0.347087 0.334687 0.893077 -0.300664 
-0.860593 -0.482794 0.162142 0.823414 -0.429854 -0.370425 0.563934 -0.776430 0.281310 0.173684 -0.833179 0.525020 -0.714256 0.630493 0.303836 0.312797 0.899040 -0.306407 
-0.891920 -0.393735 0.222376 0.809064 -0.398736 -0.431770 0.602735 -0.771071 0.205331 0.217839 -0.848338 0.482565 -0.753362 0.635243 0.170035 0.303100 0.900906 -0.310642 
-0.899141 -0.338221 0.277762 0.790153 -0.363503 -0.493482 0.643569 -0.757325 0.110805 0.259865 -0.859545 0.440059 -0.767885 0.636223 0.074649 0.285610 0.911615 -0.295609 
-0.888649 -0.329300 0.319162 0.763525 -0.330414 -0.554848 0.669840 -0.741937 0.029061 0.302503 -0.865532 0.399183 -0.764947 0.643995 0.011210 0.260291 0.928321 -0.265460 
-0.870774 -0.346732 0.348610 0.725705 -0.320465 -0.608814 0.671978 -0.740342 0.018432 0.342802 -0.866484 0.362894 -0.767694 0.640757 0.008743 0.223621 0.940222 -0.256857 
-0.849898 -0.361379 0.383508 0.683554 -0.316884 -0.657525 0.674478 -0.738253 0.007935 0.381918 -0.860930 0.336063 -0.773555 0.633607 0.012429 0.188097 0.948059 -0.256522 
-0.834997 -0.346849 0.427173 -0.778072 0.623345 0.077752 0.153261 0.952447 -0.263356 0.418307 -0.853117 0.311786 0.639872 -0.317428 -0.699859 0.679476 -0.733352 -0.022529 
-0.840296 -0.296258 0.454019 0.641210 -0.304741 -0.704260 0.695368 -0.713460 -0.086238 0.421588 -0.839372 0.343102 -0.782840 0.617745 0.074513 0.170247 0.945396 -0.277924 
-0.860989 -0.235189 0.450982 0.662584 -0.349044 -0.662684 0.694227 -0.714851 -0.083887 0.397568 -0.823111 0.405498 -0.793740 0.604644 0.066202 0.225116 0.918779 -0.324296 
0.296924 0.873345 -0.386140 0.356281 -0.818550 0.450599 0.666142 -0.745791 0.007143 0.666582 -0.407967 -0.623884 -0.807227 0.587345 0.058405 -0.889854 -0.155132 0.429062 
0.371176 0.833563 -0.409146 0.324103 -0.801936 0.501853 0.653849 -0.754140 0.061266 0.674759 -0.453501 -0.582269 -0.827277 0.561739 -0.007866 -0.922700 -0.063352 0.380278 
0.441105 0.809379 -0.387728 0.301077 -0.775210 0.555339 -0.950290 0.009467 0.311221 -0.844676 0.532736 -0.052105 0.692519 -0.481437 -0.537249 0.658728 -0.750018 0.059583 
0.523551 0.786537 -0.327497 0.255885 -0.747648 0.612818 -0.976987 0.064206 0.203407 -0.857391 0.493852 -0.144884 0.722454 -0.506541 -0.470613 0.658949 -0.747557 0.083328 
0.582301 0.759947 -0.288802 0.191625 -0.719671 0.667348 -0.993713 0.095170 0.058972 0.750238 -0.538387 -0.383774 0.640335 -0.749407 0.168403 -0.855257 0.463739 -0.231262 -0.230817 0.058643 0.971228 
0.621145 0.733718 -0.275385 0.138418 -0.680432 0.719620 -0.993567 0.111341 -0.020698 0.765718 -0.565603 -0.306217 0.617473 -0.748658 0.241325 -0.843056 0.447824 -0.297844 -0.276648 0.113828 0.954206 
0.651290 0.708873 -0.270777 0.114618 -0.632393 0.766121 -0.992987 0.108718 -0.046453 0.771048 -0.587746 -0.245029 0.618029 -0.740349 0.264430 -0.356859 0.206053 0.911149 -0.810129 0.417384 -0.411682 
0.674002 0.690340 -0.262968 0.084204 -0.582458 0.808487 -0.991803 0.105064 -0.072718 0.780597 -0.599268 -0.177614 0.627688 -0.727159 0.277935 -0.434227 0.279640 0.856299 -0.770284 0.377567 -0.513911 
0.691210 0.670950 -0.268429 0.042177 -0.525975 0.849454 -0.988729 0.106475 -0.105253 0.791407 -0.602970 -0.100509 0.633447 -0.710244 0.307082 -0.493509 0.333264 0.803358 -0.734780 0.334446 -0.590122 
0.708994 0.643877 -0.287664 -0.006152 -0.465901 0.884816 0.617055 -0.692698 0.373380 0.794194 -0.607424 -0.017112 -0.982552 0.109206 -0.150554 -0.531467 0.370187 0.761908 -0.708262 0.299192 -0.639414 
0.729461 0.618865 -0.291364 -0.059807 -0.409865 0.910183 0.582376 -0.666295 0.465712 0.788732 -0.610842 0.069094 -0.969321 0.104953 -0.222264 -0.551496 0.415795 0.723164 -0.689402 0.260904 -0.675762 
-0.111273 -0.344921 0.932013 0.554324 -0.632205 0.541333 0.779406 -0.608563 0.148917 0.726534 0.631166 0.271621 0.388562 0.240447 -0.889497 -0.948950 0.092660 -0.301510 -0.594245 0.513177 0.619291 -0.641414 0.162179 -0.749858 
-0.156354 -0.277959 0.947783 0.537752 -0.608396 0.583676 0.765122 -0.603046 0.225661 0.722702 0.643626 0.251887 0.433921 0.180330 -0.882720 -0.940320 0.087426 -0.328871 -0.639808 0.570377 0.515089 -0.569946 0.097473 -0.815880 
0.729606 0.658222 0.185524 0.493411 0.132222 -0.859687 -0.207168 -0.212036 0.955051 0.511752 -0.595489 0.619276 0.742715 -0.595217 0.306743 -0.940412 0.084280 -0.329428 -0.690004 0.593114 0.414861 -0.468315 0.071189 -0.880689 
0.747482 0.650412 0.135036 0.543455 0.111212 -0.832039 -0.243108 -0.160045 0.956705 0.498909 -0.592618 0.632372 0.716387 -0.598232 0.359037 -0.950761 0.066126 -0.302789 -0.725825 0.599308 0.337652 -0.373526 0.068805 -0.925064 
-0.943533 0.316661 -0.097323 -0.650688 -0.755234 0.078908 0.698622 -0.598208 0.392524 0.489085 -0.583995 0.647877 0.324471 0.942625 -0.078589 0.410714 0.899058 -0.151689 0.573013 0.094832 -0.814041 0.746981 0.654024 0.119466 
-0.931515 0.353117 -0.087117 -0.655411 -0.751184 0.078473 0.691023 -0.588350 0.419919 0.494046 -0.578232 0.649282 0.358589 0.931718 -0.057589 0.413084 0.897919 -0.151996 0.594464 0.086739 -0.799431 0.758063 0.644715 0.098405 
-0.914938 0.382923 -0.127508 -0.663900 -0.743955 0.075953 0.684583 -0.567585 0.457378 0.505381 -0.569809 0.648003 0.390840 0.919443 -0.043238 0.417239 0.896618 -0.148282 0.618826 0.073794 -0.782054 0.772671 0.631273 0.066888 
-0.904493 0.389594 -0.173519 -0.668203 -0.740364 0.073257 0.673132 -0.547619 0.496998 0.498422 -0.552650 0.667947 0.400410 0.915814 -0.030923 0.420880 0.894970 -0.147950 0.642360 0.051678 -0.764659 0.780919 0.623437 0.038630 
-0.900376 0.380469 -0.211108 -0.669200 -0.739435 0.073531 0.657288 -0.531069 0.534731 0.472755 -0.527064 0.706191 0.395087 0.918144 -0.030278 0.424957 0.891671 -0.155996 0.662848 0.021476 -0.748446 0.770551 0.607194 -0.193819 
-0.897489 0.370623 -0.239066 -0.669926 -0.738530 0.075979 0.641878 -0.515779 0.567420 0.440215 -0.497863 0.747224 0.390676 0.919615 -0.040985 0.433613 0.892890 -0.121353 0.678766 -0.009745 -0.734290 0.769873 0.605841 -0.200629 
-0.891099 0.368389 -0.265013 -0.671917 -0.736783 0.075357 0.627428 -0.500221 0.596752 0.410202 -0.469511 0.781853 0.394251 0.917637 -0.050092 0.441408 0.887491 -0.132357 0.692902 -0.037971 -0.720031 0.766106 0.611062 -0.199213 
-0.883951 0.370055 -0.285814 -0.673924 -0.734764 0.077124 0.618356 -0.491547 0.613202 0.394769 -0.448577 0.801833 0.400327 0.914798 -0.053702 0.448177 0.882442 -0.142948 0.699814 -0.056882 -0.712057 0.763448 0.618159 -0.187155 
-0.878173 0.369903 -0.303289 -0.675154 -0.733486 0.078519 0.615148 -0.481930 0.623968 0.389105 -0.435435 0.811784 0.404379 0.912774 -0.057626 0.451237 0.879485 -0.151297 0.703418 -0.068093 -0.707507 0.760319 0.624747 -0.177781 
-0.874182 0.369733 -0.314807 -0.675485 -0.733102 0.079260 0.614642 -0.474415 0.630195 0.388338 -0.428273 0.815951 0.407071 0.911429 -0.059919 0.451548 0.878509 -0.155968 0.705521 -0.073040 -0.704915 0.758824 0.627590 -0.174115 
-0.871897 0.369632 -0.321197 -0.675255 -0.733317 0.079224 0.615980 -0.471254 0.631260 0.389251 -0.426256 0.816572 0.408173 0.910951 -0.059687 0.450644 0.878777 -0.157069 0.705526 -0.073099 -0.704904 0.758505 0.628182 -0.173369 
-0.871805 0.369127 -0.322026 -0.674834 -0.733779 0.078533 0.617930 -0.472963 0.628067 0.392557 -0.430245 0.812889 0.407323 0.911442 -0.057982 0.449124 0.879795 -0.155718 0.704358 -0.068813 -0.706501 0.759322 0.628015 -0.170370 
-0.873890 0.369794 -0.315543 -0.674205 -0.734503 0.077160 0.621069 -0.478554 0.620693 0.398186 -0.439078 0.805393 0.405346 0.912622 -0.053064 0.447378 0.881247 -0.152499 0.701636 -0.060522 -0.709960 0.759801 0.628730 -0.165533 
-0.877962 0.371006 -0.302551 -0.673322 -0.735526 0.075088 0.625286 -0.487184 0.609646 0.405404 -0.451831 0.794668 0.401654 0.914741 -0.043857 0.445625 0.882943 -0.147753 0.697356 -0.049128 -0.715040 0.759001 0.631285 -0.159366 
-0.884277 0.371422 -0.283021 -0.672661 -0.736124 0.075157 0.629589 -0.498337 0.596052 0.420386 -0.474487 0.773394 0.396741 0.917230 -0.035853 0.444370 0.884543 -0.141841 0.692721 -0.034730 -0.720369 0.757943 0.634423 -0.151757 
-0.892101 0.372544 -0.255671 -0.671941 -0.736752 0.075441 0.634063 -0.511504 0.579937 0.434747 -0.493690 0.753171 0.392012 0.919536 -0.027932 0.686536 -0.020063 -0.726819 0.756882 0.637070 -0.145848 0.440542 0.878754 -0.183616 
-0.899350 0.376436 -0.222410 -0.670937 -0.737627 0.075830 0.639891 -0.525149 0.561033 0.444086 -0.508293 0.737852 0.390106 0.920566 -0.019372 0.439472 0.880380 -0.178314 0.676964 -0.007211 -0.735981 0.754790 0.640094 -0.143429 
-0.905667 0.380382 -0.187287 -0.670278 -0.738163 0.076445 0.647644 -0.537328 0.540218 0.453944 -0.521769 0.722282 0.390908 0.920181 -0.021418 0.437550 0.882295 -0.173512 0.665042 0.006003 -0.746782 0.757958 0.648135 0.073630 
-0.911315 0.382874 -0.151372 -0.669194 -0.739124 0.076651 0.657196 -0.549191 0.516220 0.465385 -0.535703 0.704585 0.390847 0.920094 -0.025822 0.434149 0.885108 -0.167624 0.650639 0.021268 -0.759089 0.759727 0.646316 0.071342 
-0.916033 0.383660 -0.116999 -0.667352 -0.740960 0.074964 0.668085 -0.561120 0.488679 0.479155 -0.551213 0.683063 0.388682 0.921093 -0.022658 0.429290 0.889134 -0.158591 0.634046 0.039450 -0.772288 0.761943 0.643906 0.069481 
-0.920163 0.382537 -0.083454 -0.664823 -0.743619 0.070998 0.680042 -0.573050 0.457337 0.495776 -0.568735 0.656313 0.384683 0.922986 -0.010772 0.423314 0.894173 -0.145811 0.615343 0.061046 -0.785892 0.764219 0.641230 0.069241 
-0.923294 0.381061 -0.048173 -0.662040 -0.746613 0.065361 0.692774 -0.584796 0.421994 0.514581 -0.588076 0.623998 0.381179 0.924475 0.007029 0.416880 0.899623 -0.129955 0.594395 0.086036 -0.799557 0.766325 0.638641 0.069879 
-0.925401 0.378874 -0.009374 -0.659253 -0.749647 0.058429 0.706167 -0.596810 0.380980 0.534779 -0.608489 0.586304 0.378497 0.925174 0.028139 0.410418 0.905071 -0.111373 0.570202 0.115128 -0.813397 0.768866 0.635359 0.071860 
-0.926092 0.375769 0.033936 -0.656605 -0.752554 0.050323 0.719615 -0.608817 0.333910 0.555706 -0.629850 0.542660 0.377119 0.924687 0.052296 0.404227 0.910217 -0.090030 0.542566 0.148313 -0.826817 0.772036 0.631164 0.074779 
-0.925180 0.370440 0.082563 -0.654533 -0.754838 0.042507 0.732753 -0.620268 0.279895 0.578988 -0.655167 0.485313 0.376598 0.923042 0.078528 0.398599 0.914769 -0.065693 0.510888 0.186026 -0.839278 0.776497 0.625362 0.077297 
-0.921063 0.365327 0.134829 -0.656736 -0.753080 -0.039599 -0.129859 -0.228923 0.964744 0.380050 0.918788 0.106731 0.397444 0.916829 -0.038238 0.474549 0.228326 -0.850101 0.788724 0.611366 0.064387 0.743335 -0.632857 0.216669 0.608721 -0.680251 0.408310 
0.406563 0.913147 -0.029487 -0.908187 0.384903 0.164454 -0.662690 -0.747969 -0.037218 -0.095744 -0.263064 0.960016 0.447043 0.266665 -0.853840 0.777353 0.620540 0.103211 0.750692 -0.639696 0.165074 0.633558 -0.694639 0.340706 
0.407071 0.912488 -0.040718 -0.898600 0.395190 0.190639 -0.665904 -0.745274 -0.033741 -0.074385 -0.287935 0.954757 0.426947 0.289306 -0.856749 0.760620 0.625872 0.172460 0.759483 -0.636249 0.135546 0.649302 -0.696949 0.304415 
0.397865 0.915836 -0.054285 -0.895048 0.390938 0.214607 -0.664737 -0.746472 -0.030086 -0.062936 -0.304472 0.950440 0.411113 0.297913 -0.861530 0.752654 0.622835 0.213516 0.768276 -0.628511 0.121350 0.654680 -0.694231 0.299062 
0.386320 0.919888 -0.067544 -0.894885 0.379119 0.235477 -0.660176 -0.750666 -0.025845 -0.056785 -0.318015 0.946384 0.397029 0.299744 -0.867480 0.747763 0.622251 0.231633 0.775153 -0.621729 0.112208 0.652700 -0.689483 0.314000 
0.375050 0.923803 -0.076974 -0.897705 0.362872 0.249901 -0.654170 -0.756018 -0.022319 -0.056592 -0.327254 0.943240 0.387924 0.296086 -0.872839 0.750201 0.619991 0.229805 0.778193 -0.618590 0.108456 0.645596 -0.684678 0.338263 
0.369016 0.925974 -0.079991 -0.902745 0.350012 0.250084 -0.649504 -0.760056 -0.021439 -0.057687 -0.326119 0.943567 0.386139 0.287871 -0.876372 0.751425 0.622442 0.218922 0.778368 -0.617623 0.112626 0.638784 -0.680888 0.358255 
0.368163 0.926377 -0.079254 -0.906400 0.347001 0.240893 -0.647477 -0.761754 -0.022473 -0.062741 -0.318517 0.945839 0.391706 0.282245 -0.875731 0.749602 0.627041 0.211932 0.778360 -0.615810 0.122206 0.637921 -0.677687 0.365782 
0.369526 0.925961 -0.077764 -0.908588 0.348667 0.229999 -0.647477 -0.761726 -0.023390 -0.068875 -0.310318 0.948134 0.399493 0.278570 -0.873387 0.750909 0.627085 0.207121 0.777076 -0.615501 0.131575 0.637792 -0.676949 0.367371 
0.373141 0.924697 -0.075505 -0.909951 0.351677 0.219801 -0.648297 -0.760982 -0.024852 -0.077977 -0.299945 0.950764 0.408938 0.273254 -0.870691 0.755288 0.624234 0.199679 0.773272 -0.618066 0.141579 0.633697 -0.677662 0.373098 
0.378888 0.922609 -0.072365 -0.910351 0.357993 0.207611 -0.649966 -0.759488 -0.026866 -0.089021 -0.287475 0.953642 0.420841 0.264568 -0.867696 0.761533 0.620805 0.186195 0.767565 -0.621972 0.154904 0.626610 -0.677719 0.384782 
0.385608 0.920123 -0.068416 -0.910464 0.365694 0.193191 -0.651970 -0.757674 -0.029420 -0.102782 -0.272519 0.956645 0.434704 0.252231 -0.864530 0.767810 0.619177 0.164581 0.761122 -0.625262 0.172455 0.617028 -0.676022 0.402828 
0.392212 0.917693 -0.063315 -0.910423 0.374822 0.175037 -0.654092 -0.755730 -0.032171 -0.118612 -0.255748 0.959439 0.449856 0.237483 -0.860948 0.774329 0.618659 0.132946 0.754800 -0.626744 0.193567 0.606381 -0.672078 0.424986 
0.397440 0.915870 -0.056776 -0.910537 0.383968 0.153268 -0.655880 -0.754072 -0.034595 -0.135601 -0.237975 0.961759 0.465332 0.221710 -0.856919 0.781718 0.617163 0.089595 0.748988 -0.626167 0.216638 0.595533 -0.666122 0.449023 
0.401143 0.914583 -0.051203 -0.911820 0.388187 0.133769 0.741873 -0.625388 0.241898 0.583963 -0.660758 0.471578 0.483588 0.206151 -0.850673 0.785899 0.616670 0.045621 -0.154790 -0.220095 0.963119 -0.656574 -0.753382 -0.036404 
-0.913213 0.388922 0.121579 0.734296 -0.626303 0.261828 0.572392 -0.656443 0.491376 0.399866 0.912744 0.083704 0.404575 0.913047 -0.051622 0.498936 0.193386 -0.844787 0.787019 0.616520 0.022472 -0.170922 -0.206937 0.963308 -0.656755 -0.753169 -0.037535 
-0.913581 0.390494 0.113505 -0.657286 -0.752501 0.041436 0.729699 -0.626946 0.272907 0.563878 -0.653240 0.505291 0.400211 0.912867 0.080654 0.407794 0.911471 -0.054074 0.507193 0.185591 -0.841612 0.786387 0.617245 0.024575 
-0.913596 0.391907 0.108402 -0.657840 -0.752049 0.040847 0.727665 -0.627044 0.278065 0.560195 -0.651760 0.511264 0.400962 0.912601 0.079930 0.409926 0.910276 -0.057953 0.511078 0.182221 -0.839997 0.784820 0.618436 0.039923 
-0.913906 0.391391 0.107654 -0.657624 -0.752236 0.040882 0.727817 -0.627082 0.277582 0.560612 -0.651950 0.510564 0.400373 0.912850 0.080036 0.410289 0.909841 -0.062068 0.510826 0.182661 -0.840055 0.782277 0.620074 0.059597 
-0.914038 0.390148 0.110992 -0.657132 -0.752640 0.041354 0.729326 -0.627050 0.273666 0.563267 -0.653092 0.506162 0.399557 0.913160 0.080577 0.409383 0.910059 -0.064800 0.507860 0.185150 -0.841307 0.780466 0.620832 0.073757 
-0.913876 0.388348 0.118393 0.731897 -0.627621 0.265367 0.568075 -0.655372 0.497774 0.398732 0.913436 0.081525 0.407547 0.910853 -0.065211 0.501813 0.190066 -0.843836 0.780467 0.620128 0.079453 -0.173702 -0.204604 0.963309 -0.656659 -0.753256 -0.037469 
-0.913303 0.385969 0.130024 0.735436 -0.628679 0.252776 0.574726 -0.658748 0.485532 0.397951 0.913622 0.083242 0.405250 0.911994 -0.063555 0.492674 0.197285 -0.847556 0.781146 0.619397 0.078476 -0.163222 -0.212831 0.963360 -0.656474 -0.753491 -0.035951 
-0.911927 0.383130 0.146971 0.739866 -0.630032 0.235920 0.582932 -0.663481 0.469024 0.397547 0.913624 0.085129 0.402572 0.913375 -0.060682 0.480663 0.207205 -0.852073 0.781830 0.618924 0.075336 -0.149668 -0.223758 0.963084 -0.656320 -0.753709 -0.034154 
0.399735 0.914934 -0.055744 -0.909144 0.384015 0.161211 -0.656442 -0.753664 -0.032783 -0.135393 -0.237948 0.961795 0.468174 0.220510 -0.855680 0.783408 0.616690 0.077236 0.745137 -0.630597 0.217069 0.592589 -0.668589 0.449252 
0.396165 0.916442 -0.056463 -0.908598 0.382808 0.167057 -0.655832 -0.754234 -0.031872 -0.122279 -0.250990 0.960235 0.456265 0.232157 -0.859026 0.781873 0.616070 0.095565 0.750892 -0.629163 0.200787 0.601577 -0.671388 0.432832 
0.391517 0.918360 -0.057701 -0.910690 0.376589 0.169779 -0.654272 -0.755612 -0.031289 -0.114206 -0.259606 0.958938 0.448147 0.239345 -0.861324 0.779450 0.616976 0.108618 0.755316 -0.626959 0.190839 0.607673 -0.672482 0.422494 
0.387335 0.920024 -0.059390 -0.912889 0.370031 0.172369 -0.652636 -0.757057 -0.030509 -0.109432 -0.265010 0.958016 0.442773 0.243457 -0.862949 0.777306 0.618226 0.116585 0.758382 -0.625033 0.184905 0.611430 -0.672464 0.417067 
0.384539 0.921106 -0.060767 -0.914445 0.365276 0.174252 -0.651409 -0.758145 -0.029695 -0.106951 -0.268186 0.957412 0.439870 0.245446 -0.863869 0.776177 0.618959 0.120162 0.759957 -0.624028 0.181808 0.613310 -0.672110 0.414871 
-0.915265 0.363205 0.174275 -0.650878 -0.758614 -0.029373 -0.106539 -0.268772 0.957294 0.382177 0.919645 0.090517 0.383433 0.921415 -0.063039 0.439331 0.245777 -0.864050 0.776263 0.618824 0.120301 0.760240 -0.623845 0.181251 0.613632 -0.671956 0.414645 
-0.915436 0.363612 0.172519 -0.650916 -0.758582 -0.029363 -0.108127 -0.267153 0.957569 0.382246 0.919671 0.089964 0.383464 0.921421 -0.062756 0.440658 0.244615 -0.863704 0.777527 0.617881 0.116941 0.759785 -0.623861 0.183095 0.612871 -0.671580 0.416377 
