-0.052301 0.068285 0.004026 0.025539 0.023788 0.003841 -0.010103 0.236500 0.004225 0.083095 0.093075 0.003864 
-0.052512 0.069546 0.003923 0.025730 0.023949 0.003688 -0.009916 0.236654 0.004357 0.082879 0.094320 0.003820 
-0.052553 0.069591 0.004025 0.025091 0.023862 0.003745 -0.010538 0.236584 0.004445 0.082839 0.094357 0.003848 
-0.052223 0.067833 0.004094 0.024451 0.023689 0.003902 -0.011165 0.236429 0.004244 0.083176 0.092619 0.003891 
-0.052291 0.068426 0.003956 0.024236 0.023747 0.003725 -0.011388 0.236490 0.004485 0.083107 0.093210 0.003900 
-0.051667 0.065495 0.003944 0.024233 0.023653 0.003994 -0.011396 0.236400 0.004230 0.083739 0.090326 0.004167 
-0.051433 0.064200 0.004037 0.021988 0.023239 0.004082 -0.013620 0.236041 0.004297 0.083979 0.089046 0.004243 
-0.051316 0.063753 0.003952 0.020082 0.022957 0.004004 -0.015372 0.235828 0.004481 0.084114 0.088516 0.004317 
-0.051183 0.063681 0.003683 0.018662 0.022784 0.003786 -0.016816 0.235683 0.004711 0.084243 0.088465 0.004412 
-0.050484 0.060663 0.003491 0.016763 0.022354 0.003855 -0.018746 0.235298 0.004438 0.084944 0.085520 0.004634 
-0.050089 0.058463 0.003615 0.011703 0.021422 0.003955 -0.023776 0.234487 0.004493 0.085347 0.083353 0.004766 
-0.049653 0.055939 0.003730 0.008490 0.020830 0.004267 -0.026945 0.233975 0.004776 0.085789 0.080850 0.005447 
-0.049170 0.053239 0.003852 0.004452 0.020001 0.004492 -0.030431 0.233327 0.004968 0.086337 0.077855 0.005975 
-0.048637 0.049815 0.003942 -0.001338 0.019021 0.004507 -0.036046 0.232506 0.004979 0.086898 0.074395 0.006085 
-0.047920 0.045524 0.004012 -0.006944 0.018057 0.004496 -0.041488 0.231696 0.004982 0.087646 0.070086 0.006155 
-0.047047 0.040564 0.004085 -0.011806 0.017177 0.004533 -0.046250 0.230943 0.004987 0.088543 0.065157 0.006342 
-0.046168 0.035492 0.004152 -0.013999 0.016775 0.004706 -0.048296 0.230614 0.005146 0.089444 0.060075 0.007037 
-0.045324 0.030541 0.004213 -0.011140 0.017251 0.005200 -0.045044 0.231086 0.005656 0.090311 0.054929 0.008680 
-0.044506 0.025399 0.004270 -0.002714 0.018754 0.006270 -0.036428 0.232423 0.006779 0.091074 0.049689 0.011227 
-0.043665 0.020648 0.004331 0.002094 0.019281 0.007111 -0.029959 0.233093 0.007847 0.092032 0.043911 0.012917 
-0.043199 0.017707 0.004402 0.004747 0.019619 0.007713 -0.026852 0.233432 0.009310 0.092495 0.040665 0.014080 
-0.043498 0.018733 0.004523 0.000518 0.019653 0.007410 -0.035093 0.232906 0.010948 0.091762 0.044157 0.014016 
-0.043627 0.019188 0.004630 -0.003218 0.019129 0.007204 -0.040069 0.232226 0.012253 0.091489 0.045342 0.014152 
-0.236574 -0.090060 0.008206 0.091087 0.045689 0.014752 -0.039825 0.232017 0.013793 -0.169414 0.066417 0.009442 0.043646 -0.165725 0.011543 0.052804 -0.043004 0.012980 
-0.235417 -0.094978 0.005960 0.091754 0.041923 0.014778 -0.044893 0.231485 0.013057 -0.170751 0.065056 0.008007 0.036199 -0.166899 0.007456 0.054917 -0.038028 0.012091 
-0.233135 -0.100190 0.004952 0.093363 0.033705 0.014928 -0.048278 0.231150 0.011040 -0.174209 0.059767 0.006444 0.029698 -0.169721 0.006592 0.053663 -0.039672 0.012070 
-0.232541 -0.101307 0.004949 0.094085 0.029865 0.015376 -0.049290 0.230995 0.010656 -0.176589 0.055426 0.006208 0.025477 -0.171954 0.006338 0.052643 -0.041643 0.012271 
-0.232023 -0.102381 0.004942 0.093954 0.030096 0.015967 -0.048655 0.231007 0.011629 -0.177216 0.054019 0.006533 0.024923 -0.172230 0.007053 0.051337 -0.044466 0.012742 
-0.231751 -0.102944 0.004945 0.093711 0.030918 0.016519 -0.047724 0.231065 0.012605 -0.177467 0.053311 0.006862 0.025508 -0.171921 0.007936 0.050202 -0.046935 0.013228 
-0.231702 -0.103071 0.004946 0.093519 0.031617 0.016933 -0.047229 0.231098 0.013223 -0.177692 0.052812 0.007062 0.025845 -0.171744 0.008537 0.049500 -0.048400 0.013584 
-0.231820 -0.102865 0.004946 0.093349 0.032324 0.017193 -0.047033 0.231104 0.013580 -0.177739 0.052690 0.007181 0.025979 -0.171674 0.008864 0.049208 -0.049004 0.013802 
-0.232073 -0.102391 0.004946 0.093250 0.032754 0.017320 -0.046883 0.231112 0.013662 -0.177635 0.052818 0.007205 0.026056 -0.171634 0.008973 0.049291 -0.048877 0.013909 
-0.232439 -0.101691 0.004946 0.093208 0.032984 0.017323 -0.046903 0.231120 0.013486 -0.177457 0.053142 0.007140 0.026072 -0.171626 0.008881 0.049696 -0.048057 0.013915 
-0.232900 -0.100802 0.004946 0.093176 0.033234 0.017216 -0.046987 0.231125 0.013162 -0.177093 0.053805 0.007031 0.026069 -0.171628 0.008617 0.050394 -0.046657 0.013829 
-0.233447 -0.099743 0.004947 0.093145 0.033536 0.017020 -0.047086 0.231133 0.012721 -0.176548 0.054793 0.006887 0.026086 -0.171620 0.008210 0.051353 -0.044738 0.013671 
-0.234077 -0.098518 0.004947 0.093152 0.033701 0.016736 -0.047192 0.231147 0.012114 -0.175892 0.055983 0.006681 0.026109 -0.171608 0.007666 0.052566 -0.042314 0.013445 
-0.234776 -0.097155 0.004948 0.093205 0.033677 0.016375 -0.047285 0.231170 0.011341 -0.175153 0.057323 0.006408 0.026135 -0.171593 0.006993 0.054009 -0.039426 0.013160 
-0.235518 -0.095703 0.004949 0.093278 0.033586 0.015941 -0.047400 0.231195 0.010455 -0.174319 0.058848 0.006088 0.026160 -0.171580 0.006205 0.055640 -0.036153 0.012816 
-0.236275 -0.094253 0.004957 0.093389 0.033357 0.015414 -0.047714 0.231194 0.009430 -0.173459 0.060467 0.005719 0.026224 -0.171531 0.005342 0.057351 -0.032687 0.012401 
-0.237078 -0.092711 0.004989 0.093578 0.032776 0.014810 -0.048228 0.231168 0.008228 -0.172691 0.061955 0.005286 0.028279 -0.170443 0.005014 0.058591 -0.030135 0.011997 
-0.237829 -0.091264 0.005001 0.093566 0.033203 0.014177 -0.048695 0.231124 0.007355 -0.171506 0.064157 0.004986 0.031504 -0.168729 0.004996 0.059576 -0.028157 0.011606 
-0.238397 -0.090213 0.005239 0.093014 0.036566 0.013261 -0.048769 0.231276 0.007199 -0.169980 0.067004 0.005111 0.033132 -0.167861 0.004758 0.060196 -0.026895 0.010966 
-0.238788 -0.089358 0.005744 0.092730 0.038371 0.012552 -0.049698 0.231117 0.006947 -0.168812 0.069066 0.005371 0.033911 -0.167461 0.004526 0.060887 -0.025625 0.010494 
-0.239034 -0.088800 0.006341 0.092509 0.039829 0.011850 -0.050573 0.230968 0.006711 -0.167881 0.070707 0.005673 0.034140 -0.167343 0.004242 0.061456 -0.024587 0.010011 
-0.239001 -0.088536 0.006926 0.092361 0.040893 0.011165 -0.051313 0.230842 0.006497 -0.167058 0.072038 0.005965 0.034348 -0.167303 0.003963 0.061950 -0.023755 0.009530 
-0.238516 -0.088509 0.007452 0.092294 0.041527 0.010466 -0.052036 0.230719 0.006289 -0.166252 0.073045 0.006224 0.034842 -0.167288 0.003713 0.062406 -0.023160 0.009029 
-0.237567 -0.088753 0.007914 0.092313 0.041717 0.009748 -0.052756 0.230596 0.006087 -0.165465 0.073732 0.006450 0.035628 -0.167291 0.003495 0.062809 -0.022828 0.008506 
-0.236444 -0.089328 0.008363 0.092394 0.041556 0.009072 -0.053204 0.230520 0.005914 -0.164801 0.074202 0.006672 0.036389 -0.167303 0.003282 0.063125 -0.022659 0.008009 
-0.235550 -0.090318 0.008865 0.092504 0.041140 0.008450 -0.053361 0.230501 0.005767 -0.164397 0.074621 0.006920 0.036708 -0.167309 0.003035 0.063236 -0.022640 0.007547 
-0.234812 -0.091449 0.009422 0.092668 0.040503 0.007853 -0.053338 0.230506 0.005631 -0.164187 0.074950 0.007197 0.036759 -0.167308 0.002771 0.063197 -0.022789 0.007102 
-0.234184 -0.092371 0.010108 0.092868 0.039667 0.007242 -0.053307 0.230513 0.005493 -0.164177 0.074916 0.007552 0.036781 -0.167331 0.002516 0.063066 -0.023113 0.006647 
-0.233628 -0.093100 0.010896 0.093098 0.038675 0.006611 -0.053260 0.230522 0.005353 -0.164308 0.074598 0.007971 0.036853 -0.167338 0.002261 0.062884 -0.023550 0.006180 
-0.233080 -0.093844 0.011740 0.093345 0.037583 0.005958 -0.053193 0.230534 0.005208 -0.164504 0.074160 0.008427 0.036926 -0.167332 0.001999 0.062664 -0.024061 0.005699 
-0.232578 -0.094609 0.012628 0.093611 0.036359 0.005429 -0.052435 0.230666 0.005089 -0.164741 0.073653 0.008912 0.037058 -0.167281 0.001718 0.062605 -0.024223 0.005310 
-0.232184 -0.095154 0.013537 0.093917 0.034880 0.005170 -0.050571 0.230991 0.005018 -0.165043 0.073020 0.009423 0.037462 -0.167084 0.001457 0.062834 -0.023785 0.005122 
-0.231797 -0.095656 0.014426 0.094107 0.034293 0.004815 -0.047644 0.231622 0.004968 -0.165375 0.072341 0.009922 0.037951 -0.166838 0.001193 0.062934 -0.023583 0.004863 
-0.231414 -0.096187 0.015275 0.094395 0.032767 0.004843 -0.044232 0.232198 0.004931 -0.165739 0.071613 0.010397 0.038435 -0.166603 0.000936 0.063447 -0.022529 0.004883 
-0.231111 -0.096550 0.016137 0.094661 0.031424 0.004851 -0.040967 0.232763 0.004939 -0.166122 0.070833 0.010913 0.038916 -0.166374 0.000691 0.063891 -0.021629 0.004889 
-0.230781 -0.097007 0.016924 0.094790 0.030616 0.004680 -0.038613 0.233208 0.005011 -0.166414 0.070297 0.011435 0.039417 -0.166114 0.000459 0.064046 -0.021223 0.004765 
-0.230442 -0.097499 0.017647 0.095052 0.029291 0.004702 -0.035690 0.233715 0.005010 -0.166766 0.069579 0.011876 0.039881 -0.165882 0.000241 0.064414 -0.020475 0.004781 
-0.230116 -0.098033 0.018305 0.095299 0.028043 0.004721 -0.033040 0.234173 0.005014 -0.167102 0.068894 0.012286 0.040298 -0.165661 0.000039 0.064728 -0.019837 0.004796 
-0.229834 -0.098544 0.018916 0.095120 0.028304 0.004233 -0.032743 0.234331 0.005222 -0.167213 0.068823 0.012813 0.040670 -0.165438 -0.000146 0.064299 -0.020427 0.004446 
-0.229568 -0.098978 0.019470 0.095339 0.027256 0.004277 -0.030505 0.234714 0.005258 -0.167524 0.068188 0.013183 0.040972 -0.165272 -0.000309 0.064550 -0.019931 0.004480 
-0.229352 -0.099385 0.019972 0.095293 0.027139 0.004062 -0.029600 0.234907 0.005435 -0.167666 0.067945 0.013608 0.041218 -0.165125 -0.000452 0.064405 -0.020106 0.004330 
-0.229183 -0.099714 0.020424 0.094969 0.027820 0.003552 -0.030190 0.234932 0.005683 -0.167767 0.067949 0.014066 0.041417 -0.165002 -0.000574 0.063777 -0.021003 0.003970 
-0.229052 -0.100020 0.020816 0.094868 0.027882 0.003357 -0.029755 0.235060 0.005872 -0.167914 0.067737 0.014430 0.041579 -0.164893 -0.000675 0.063549 -0.021301 0.003837 
-0.228949 -0.100319 0.021141 0.094867 0.027801 0.003334 -0.028682 0.235267 0.006050 -0.168074 0.067440 0.014724 0.041724 -0.164784 -0.000754 0.063523 -0.021305 0.003828 
-0.228900 -0.100459 0.021416 0.094863 0.027784 0.003372 -0.027975 0.235383 0.006293 -0.168168 0.067253 0.015015 0.041834 -0.164709 -0.000805 0.063529 -0.021278 0.003865 
-0.228883 -0.100558 0.021612 0.094867 0.027777 0.003450 -0.027395 0.235470 0.006535 -0.168252 0.067087 0.015252 0.041959 -0.164627 -0.000831 0.063535 -0.021268 0.003929 
-0.228859 -0.100657 0.021720 0.094635 0.028435 0.003265 -0.028221 0.235376 0.006833 -0.168237 0.067219 0.015487 0.042038 -0.164574 -0.000832 0.063113 -0.021941 0.003804 
-0.228857 -0.100772 0.021717 0.094700 0.028150 0.003390 -0.027841 0.235434 0.006947 -0.168361 0.067015 0.015542 0.041926 -0.164589 -0.000881 0.063167 -0.021825 0.003884 
-0.228819 -0.100879 0.021662 0.094709 0.028094 0.003513 -0.027747 0.235447 0.007109 -0.168425 0.066904 0.015582 0.041949 -0.164576 -0.000831 0.063099 -0.021963 0.003981 
-0.228778 -0.101002 0.021541 0.094716 0.028044 0.003630 -0.027796 0.235437 0.007227 -0.168482 0.066813 0.015560 0.041926 -0.164586 -0.000768 0.063011 -0.022141 0.004073 
-0.228741 -0.101120 0.021373 0.094724 0.027991 0.003739 -0.027982 0.235403 0.007304 -0.168520 0.066763 0.015488 0.041891 -0.164603 -0.000697 0.062921 -0.022320 0.004157 
-0.228717 -0.101216 0.021162 0.094731 0.027943 0.003839 -0.028326 0.235344 0.007343 -0.168539 0.066756 0.015372 0.041847 -0.164625 -0.000621 0.062830 -0.022503 0.004233 
-0.228711 -0.101282 0.020914 0.094737 0.027903 0.003932 -0.028807 0.235262 0.007346 -0.168539 0.066787 0.015215 0.041798 -0.164650 -0.000537 0.062740 -0.022682 0.004302 
-0.228717 -0.101339 0.020625 0.094494 0.028582 0.003551 -0.030610 0.235092 0.007214 -0.168628 0.066807 0.015015 0.041733 -0.164679 -0.000450 0.062003 -0.023922 0.004028 
-0.228733 -0.101352 0.020303 0.094529 0.028390 0.003675 -0.031209 0.234993 0.007128 -0.168621 0.066863 0.014769 0.041675 -0.164712 -0.000356 0.061971 -0.023979 0.004116 
-0.228758 -0.101363 0.019950 0.094524 0.028768 0.003738 -0.031044 0.235058 0.007030 -0.168613 0.066874 0.014474 0.041613 -0.164743 -0.000256 0.061893 -0.024203 0.004161 
-0.228787 -0.101356 0.019565 0.094336 0.029963 0.003618 -0.031310 0.235125 0.007018 -0.168488 0.067154 0.014203 0.041551 -0.164777 -0.000150 0.061565 -0.024846 0.004074 
-0.228801 -0.101373 0.019139 0.094390 0.030081 0.003680 -0.031344 0.235167 0.006798 -0.168500 0.067129 0.013811 0.041480 -0.164818 -0.000043 0.061504 -0.025039 0.004116 
-0.228828 -0.101356 0.018686 0.094409 0.030443 0.003728 -0.031350 0.235219 0.006597 -0.168452 0.067211 0.013406 0.041403 -0.164862 0.000068 0.061442 -0.025245 0.004147 
-0.228839 -0.101368 0.018133 0.093914 0.031451 0.003065 -0.035808 0.234638 0.006395 -0.168228 0.068046 0.013059 0.041292 -0.164882 0.000114 0.060402 -0.026796 0.003653 
-0.228865 -0.101337 0.017641 0.094014 0.030937 0.003246 -0.036902 0.234462 0.006133 -0.168107 0.068327 0.012626 0.041216 -0.164928 0.000230 0.060516 -0.026543 0.003778 
-0.228917 -0.101259 0.017157 0.094198 0.030559 0.003496 -0.037262 0.234408 0.005862 -0.167966 0.068555 0.012173 0.041137 -0.164973 0.000343 0.060779 -0.026134 0.003950 
-0.229007 -0.101105 0.016647 0.093989 0.032206 0.003405 -0.036314 0.234752 0.005697 -0.167798 0.068907 0.011718 0.041068 -0.164993 0.000425 0.060641 -0.026414 0.003875 
-0.229011 -0.101041 0.016110 0.093610 0.034955 0.002937 -0.035812 0.235220 0.005504 -0.167580 0.069398 0.011243 0.041004 -0.165039 0.000536 0.060014 -0.027596 0.003540 
-0.229102 -0.100787 0.015600 0.093739 0.034277 0.003097 -0.037442 0.234965 0.005152 -0.167376 0.069839 0.010773 0.040981 -0.165076 0.000647 0.060204 -0.027169 0.003650 
-0.229378 -0.100259 0.015218 0.093677 0.034727 0.003259 -0.038738 0.234753 0.005124 -0.167039 0.070492 0.010514 0.040958 -0.165096 0.000758 0.060369 -0.026843 0.003760 
-0.229612 -0.099804 0.014839 0.093489 0.035172 0.003170 -0.041360 0.234364 0.005055 -0.166766 0.071139 0.010283 0.040911 -0.165127 0.000868 0.060141 -0.027124 0.003695 
-0.229801 -0.099405 0.014477 0.093463 0.035309 0.003343 -0.042784 0.234125 0.005043 -0.166489 0.071686 0.010058 0.040821 -0.165190 0.000975 0.060260 -0.026869 0.003815 
-0.229952 -0.099099 0.014137 0.093450 0.035376 0.003500 -0.044115 0.233901 0.005033 -0.166268 0.072125 0.009851 0.040719 -0.165254 0.001078 0.060333 -0.026711 0.003926 
-0.230010 -0.098934 0.013786 0.093222 0.036663 0.003390 -0.044824 0.233892 0.005078 -0.166025 0.072625 0.009651 0.040611 -0.165322 0.001176 0.060059 -0.027218 0.003848 
-0.230068 -0.098711 0.013457 0.093087 0.037981 0.003456 -0.043468 0.234292 0.005073 -0.165943 0.072745 0.009398 0.040567 -0.165376 0.001274 0.060014 -0.027349 0.003892 
-0.230110 -0.098625 0.013154 0.093144 0.037705 0.003601 -0.044842 0.234062 0.005056 -0.165779 0.073073 0.009225 0.040482 -0.165427 0.001362 0.060044 -0.027279 0.003997 
-0.230138 -0.098532 0.012871 0.093201 0.037420 0.003732 -0.046120 0.233848 0.005041 -0.165643 0.073346 0.009065 0.040411 -0.165477 0.001447 0.060054 -0.027255 0.004092 
-0.230166 -0.098424 0.012622 0.093170 0.037976 0.003792 -0.046114 0.233914 0.005067 -0.165554 0.073492 0.008915 0.040365 -0.165513 0.001527 0.059987 -0.027438 0.004136 
-0.230160 -0.098321 0.012373 0.093069 0.041002 0.003748 -0.041603 0.235130 0.005191 -0.165527 0.073311 0.008695 0.040418 -0.165523 0.001610 0.059837 -0.028050 0.004092 
-0.230162 -0.098303 0.012166 0.093221 0.040259 0.003858 -0.043237 0.234859 0.005149 -0.165474 0.073421 0.008592 0.040351 -0.165564 0.001680 0.059811 -0.028103 0.004179 
-0.230143 -0.098257 0.011965 0.093404 0.039375 0.003991 -0.044546 0.234624 0.005056 -0.165471 0.073416 0.008461 0.040281 -0.165618 0.001746 0.059836 -0.028076 0.004279 
-0.230134 -0.098203 0.011790 0.093533 0.038751 0.004096 -0.045782 0.234410 0.005016 -0.165427 0.073492 0.008366 0.040215 -0.165667 0.001804 0.059837 -0.028089 0.004358 
-0.230126 -0.098152 0.011635 0.093350 0.039902 0.003902 -0.046367 0.234455 0.005123 -0.165314 0.073763 0.008332 0.040172 -0.165703 0.001856 0.059457 -0.028794 0.004218 
-0.230108 -0.098124 0.011505 0.093445 0.039731 0.004006 -0.046276 0.234508 0.005083 -0.165327 0.073696 0.008231 0.040141 -0.165729 0.001899 0.059506 -0.028750 0.004293 
-0.230095 -0.098100 0.011400 0.093564 0.039146 0.004108 -0.047260 0.234346 0.005067 -0.165266 0.073814 0.008183 0.040095 -0.165764 0.001931 0.059566 -0.028627 0.004369 
-0.230064 -0.098076 0.011312 0.093691 0.038486 0.004218 -0.047978 0.234215 0.005016 -0.165224 0.073879 0.008123 0.040081 -0.165783 0.001957 0.059671 -0.028424 0.004450 
-0.230058 -0.098049 0.011264 0.093779 0.038056 0.004306 -0.048615 0.234110 0.005013 -0.165149 0.074022 0.008106 0.040051 -0.165806 0.001968 0.059773 -0.028211 0.004513 
-0.230052 -0.098004 0.011242 0.093744 0.038704 0.004316 -0.047705 0.234342 0.005072 -0.165061 0.074131 0.008096 0.040061 -0.165807 0.001973 0.059821 -0.028178 0.004519 
-0.230051 -0.097968 0.011261 0.093845 0.038202 0.004394 -0.048172 0.234267 0.005065 -0.165022 0.074201 0.008116 0.040050 -0.165818 0.001967 0.059945 -0.027923 0.004575 
-0.230023 -0.097912 0.011294 0.094113 0.038181 0.004536 -0.046726 0.234585 0.005021 -0.165001 0.074063 0.008081 0.040086 -0.165796 0.001956 0.060257 -0.027563 0.004677 
-0.230016 -0.097830 0.011366 0.093819 0.038999 0.004299 -0.047275 0.234614 0.005167 -0.164942 0.074338 0.008210 0.040133 -0.165772 0.001940 0.059928 -0.027961 0.004507 
-0.229987 -0.097800 0.011464 0.093712 0.039908 0.004110 -0.046879 0.234844 0.005276 -0.164875 0.074470 0.008315 0.040158 -0.165765 0.001914 0.059746 -0.028297 0.004371 
-0.229951 -0.097799 0.011586 0.093788 0.039341 0.004112 -0.047299 0.234789 0.005274 -0.164889 0.074460 0.008405 0.040169 -0.165766 0.001880 0.059810 -0.028115 0.004376 
-0.229901 -0.097826 0.011722 0.093888 0.039105 0.004150 -0.046626 0.234937 0.005268 -0.164927 0.074353 0.008473 0.040186 -0.165762 0.001839 0.059961 -0.027847 0.004404 
-0.229855 -0.097838 0.011877 0.093923 0.038969 0.004071 -0.046345 0.235051 0.005247 -0.164993 0.074236 0.008558 0.040215 -0.165752 0.001794 0.059954 -0.027825 0.004350 
-0.229816 -0.097795 0.012043 0.093931 0.039964 0.004028 -0.044005 0.235641 0.005349 -0.165017 0.074086 0.008654 0.040275 -0.165735 0.001753 0.060012 -0.027822 0.004316 
-0.229766 -0.097785 0.012217 0.093991 0.040518 0.004012 -0.042239 0.236095 0.005437 -0.165045 0.073941 0.008762 0.040322 -0.165723 0.001709 0.060095 -0.027752 0.004303 
-0.229699 -0.097839 0.012390 0.094201 0.039463 0.004093 -0.042422 0.236071 0.005392 -0.165123 0.073781 0.008864 0.040330 -0.165731 0.001660 0.060287 -0.027360 0.004367 
-0.229627 -0.097903 0.012564 0.094391 0.038508 0.004169 -0.042499 0.236065 0.005354 -0.165188 0.073647 0.008965 0.040336 -0.165739 0.001609 0.060481 -0.026963 0.004425 
-0.229559 -0.097963 0.012740 0.094562 0.037648 0.004239 -0.042498 0.236071 0.005320 -0.165239 0.073539 0.009067 0.040342 -0.165746 0.001554 0.060678 -0.026558 0.004477 
-0.229529 -0.097902 0.012892 0.094431 0.039740 0.004063 -0.039346 0.236846 0.005533 -0.165158 0.073553 0.009179 0.040439 -0.165676 0.001486 0.060629 -0.026830 0.004339 
-0.229491 -0.097897 0.013071 0.094591 0.039112 0.004115 -0.039154 0.236903 0.005517 -0.165222 0.073407 0.009286 0.040459 -0.165671 0.001441 0.060795 -0.026517 0.004380 
-0.229444 -0.097923 0.013229 0.094731 0.038617 0.004158 -0.038876 0.236979 0.005506 -0.165258 0.073308 0.009380 0.040480 -0.165661 0.001397 0.060953 -0.026226 0.004414 
-0.229395 -0.097946 0.013373 0.094906 0.037741 0.004227 -0.039103 0.236948 0.005456 -0.165291 0.073235 0.009461 0.040487 -0.165669 0.001354 0.061139 -0.025845 0.004467 
-0.229375 -0.097914 0.013491 0.094962 0.038080 0.004192 -0.037973 0.237241 0.005490 -0.165285 0.073196 0.009525 0.040521 -0.165636 0.001293 0.061236 -0.025715 0.004436 
-0.229344 -0.097923 0.013591 0.095015 0.038065 0.004121 -0.037712 0.237357 0.005473 -0.165285 0.073191 0.009580 0.040537 -0.165600 0.001234 0.061267 -0.025653 0.004380 
-0.229312 -0.097906 0.013698 0.095071 0.038343 0.004120 -0.036750 0.237604 0.005520 -0.165247 0.073191 0.009644 0.040567 -0.165590 0.001207 0.061370 -0.025524 0.004381 
-0.229280 -0.097909 0.013784 0.095150 0.038366 0.004136 -0.036219 0.237763 0.005539 -0.165211 0.073213 0.009694 0.040590 -0.165580 0.001183 0.061482 -0.025348 0.004395 
-0.229213 -0.097952 0.013827 0.094998 0.039226 0.003793 -0.036364 0.237914 0.005513 -0.165194 0.073305 0.009721 0.040656 -0.165521 0.001165 0.061104 -0.026002 0.004150 
-0.229186 -0.097943 0.013874 0.095116 0.038868 0.003864 -0.036320 0.237951 0.005490 -0.165145 0.073374 0.009739 0.040668 -0.165517 0.001147 0.061280 -0.025674 0.004203 
-0.229167 -0.097915 0.013909 0.095281 0.038050 0.003968 -0.036822 0.237861 0.005417 -0.165108 0.073428 0.009744 0.040676 -0.165519 0.001133 0.061488 -0.025263 0.004280 
-0.229158 -0.097884 0.013936 0.095407 0.037414 0.004057 -0.037340 0.237781 0.005373 -0.165047 0.073539 0.009756 0.040661 -0.165535 0.001121 0.061667 -0.024896 0.004345 
-0.229151 -0.097770 0.013954 0.095514 0.036880 0.004140 -0.037825 0.237705 0.005334 -0.164985 0.073681 0.009763 0.040693 -0.165454 0.001115 0.061828 -0.024548 0.004404 
-0.229169 -0.097534 0.013987 0.095604 0.036433 0.004216 -0.038286 0.237633 0.005300 -0.164955 0.073817 0.009782 0.040692 -0.165306 0.001114 0.061965 -0.024223 0.004459 
-0.229188 -0.097334 0.014004 0.095519 0.037269 0.004154 -0.037569 0.237814 0.005373 -0.164855 0.073999 0.009805 0.040760 -0.165149 0.001117 0.061954 -0.024282 0.004414 
-0.229174 -0.097295 0.013977 0.095327 0.039181 0.003885 -0.036111 0.238304 0.005467 -0.164740 0.074174 0.009786 0.040826 -0.165081 0.001125 0.061677 -0.024884 0.004221 
-0.229178 -0.097197 0.013945 0.095451 0.038558 0.003982 -0.036843 0.238190 0.005415 -0.164659 0.074337 0.009762 0.040830 -0.165058 0.001125 0.061842 -0.024538 0.004290 
-0.229213 -0.097070 0.013922 0.095466 0.039078 0.003995 -0.036238 0.238374 0.005464 -0.164569 0.074444 0.009750 0.040844 -0.165051 0.001135 0.061899 -0.024507 0.004299 
-0.229217 -0.097016 0.013863 0.095437 0.040337 0.003954 -0.034725 0.238815 0.005566 -0.164449 0.074573 0.009709 0.040863 -0.165035 0.001151 0.061882 -0.024669 0.004266 
-0.229221 -0.096912 0.013789 0.095585 0.039589 0.004042 -0.035789 0.238647 0.005498 -0.164398 0.074675 0.009667 0.040908 -0.165000 0.001175 0.061971 -0.024485 0.004332 
-0.229217 -0.096871 0.013696 0.095558 0.040844 0.004000 -0.034519 0.239049 0.005617 -0.164269 0.074821 0.009620 0.040923 -0.164996 0.001204 0.061907 -0.024743 0.004298 
-0.229216 -0.096835 0.013601 0.095718 0.040036 0.004082 -0.035769 0.238850 0.005542 -0.164244 0.074871 0.009566 0.040887 -0.165023 0.001236 0.061948 -0.024661 0.004362 
-0.229205 -0.096792 0.013501 0.095814 0.039432 0.004081 -0.037150 0.238642 0.005460 -0.164240 0.074904 0.009508 0.040832 -0.165059 0.001270 0.061865 -0.024791 0.004365 
-0.229188 -0.096759 0.013386 0.095940 0.038797 0.004160 -0.038254 0.238466 0.005406 -0.164198 0.074989 0.009442 0.040793 -0.165081 0.001306 0.061892 -0.024734 0.004423 
-0.229176 -0.096766 0.013271 0.096046 0.038267 0.004234 -0.039266 0.238304 0.005361 -0.164144 0.075095 0.009376 0.040726 -0.165120 0.001338 0.061921 -0.024674 0.004478 
-0.229147 -0.096648 0.013146 0.096128 0.037856 0.004304 -0.040196 0.238155 0.005328 -0.164061 0.075270 0.009307 0.040712 -0.165098 0.001374 0.061958 -0.024590 0.004527 
-0.229154 -0.096538 0.013053 0.096100 0.038528 0.004292 -0.039756 0.238302 0.005367 -0.163977 0.075400 0.009251 0.040657 -0.165074 0.001404 0.061924 -0.024721 0.004519 
-0.229159 -0.096363 0.012943 0.095981 0.040222 0.004211 -0.038091 0.238727 0.005503 -0.163835 0.075565 0.009195 0.040749 -0.164969 0.001444 0.061817 -0.025091 0.004457 
-0.229160 -0.096258 0.012821 0.095773 0.041125 0.003895 -0.039449 0.238625 0.005542 -0.163711 0.075898 0.009177 0.040714 -0.164964 0.001453 0.061357 -0.025875 0.004224 
-0.229101 -0.096288 0.012672 0.095722 0.042931 0.003816 -0.037019 0.239323 0.005606 -0.163604 0.075975 0.009040 0.040724 -0.164954 0.001485 0.061269 -0.026206 0.004159 
-0.229087 -0.096165 0.012526 0.095549 0.045576 0.003719 -0.034028 0.240081 0.005833 -0.163393 0.076203 0.008952 0.040875 -0.164862 0.001528 0.061143 -0.026683 0.004066 
-0.229080 -0.096112 0.012397 0.095762 0.044537 0.003813 -0.035525 0.239842 0.005713 -0.163345 0.076284 0.008867 0.040898 -0.164858 0.001568 0.061222 -0.026539 0.004147 
-0.229071 -0.096054 0.012265 0.095841 0.044886 0.003832 -0.035436 0.239985 0.005748 -0.163254 0.076384 0.008799 0.040926 -0.164853 0.001614 0.061175 -0.026725 0.004159 
-0.229049 -0.096004 0.012131 0.095882 0.045601 0.003825 -0.034827 0.240208 0.005804 -0.163183 0.076421 0.008721 0.040933 -0.164856 0.001661 0.061090 -0.027032 0.004149 
-0.229041 -0.095966 0.012007 0.096103 0.044478 0.003918 -0.036564 0.239938 0.005697 -0.163160 0.076465 0.008653 0.040883 -0.164895 0.001703 0.061126 -0.026961 0.004229 
-0.229027 -0.095905 0.011885 0.096294 0.043509 0.004008 -0.038139 0.239692 0.005607 -0.163123 0.076534 0.008586 0.040803 -0.164954 0.001743 0.061167 -0.026881 0.004303 
-0.229002 -0.095822 0.011763 0.096414 0.043004 0.004077 -0.039170 0.239539 0.005564 -0.163046 0.076655 0.008521 0.040723 -0.165013 0.001780 0.061198 -0.026844 0.004355 
-0.228984 -0.095748 0.011657 0.096390 0.044025 0.004055 -0.038363 0.239823 0.005654 -0.162912 0.076817 0.008468 0.040619 -0.165076 0.001810 0.061144 -0.027060 0.004334 
-0.228969 -0.095690 0.011562 0.096556 0.043187 0.004136 -0.039769 0.239604 0.005572 -0.162848 0.076934 0.008413 0.040490 -0.165160 0.001835 0.061219 -0.026910 0.004399 
-0.228917 -0.095580 0.011469 0.096695 0.042485 0.004215 -0.040997 0.239413 0.005504 -0.162756 0.077110 0.008357 0.040346 -0.165224 0.001855 0.061314 -0.026714 0.004459 
-0.228876 -0.095481 0.011408 0.096813 0.041889 0.004290 -0.042068 0.239246 0.005446 -0.162670 0.077294 0.008318 0.040154 -0.165275 0.001865 0.061422 -0.026483 0.004513 
-0.228869 -0.095283 0.011378 0.096908 0.041412 0.004370 -0.042896 0.239118 0.005402 -0.162598 0.077503 0.008298 0.040049 -0.165177 0.001877 0.061543 -0.026193 0.004573 
-0.228894 -0.094950 0.011357 0.096984 0.040976 0.004455 -0.043498 0.239013 0.005350 -0.162524 0.077760 0.008277 0.039994 -0.164962 0.001858 0.061723 -0.025759 0.004626 
-0.228920 -0.094606 0.011372 0.097037 0.040713 0.004529 -0.043965 0.238942 0.005321 -0.162425 0.078071 0.008283 0.039986 -0.164718 0.001857 0.061897 -0.025331 0.004678 
-0.228966 -0.094196 0.011419 0.096801 0.042622 0.004218 -0.042874 0.239347 0.005357 -0.162344 0.078346 0.008299 0.040018 -0.164472 0.001848 0.061628 -0.025779 0.004453 
-0.229021 -0.093817 0.011500 0.096878 0.042236 0.004299 -0.043272 0.239288 0.005323 -0.162253 0.078624 0.008342 0.040015 -0.164254 0.001828 0.061868 -0.025225 0.004511 
-0.229077 -0.093452 0.011538 0.096628 0.046401 0.004108 -0.037687 0.240612 0.005623 -0.161980 0.078905 0.008346 0.040105 -0.164107 0.001766 0.061902 -0.025484 0.004336 
-0.229096 -0.093239 0.011614 0.096677 0.046853 0.004108 -0.036955 0.240855 0.005664 -0.161852 0.079101 0.008390 0.040153 -0.164024 0.001748 0.062045 -0.025254 0.004334 
-0.229111 -0.092867 0.011728 0.096857 0.045935 0.004182 -0.037806 0.240728 0.005587 -0.161859 0.079209 0.008457 0.040155 -0.163781 0.001734 0.062232 -0.024806 0.004398 
-0.229112 -0.092498 0.011837 0.096687 0.048790 0.004055 -0.034101 0.241667 0.005886 -0.161730 0.079355 0.008547 0.040218 -0.163599 0.001726 0.062146 -0.025132 0.004277 
-0.229087 -0.092449 0.011916 0.096855 0.048338 0.004077 -0.034137 0.241721 0.005848 -0.161743 0.079278 0.008587 0.040251 -0.163589 0.001711 0.062249 -0.024990 0.004301 
-0.229065 -0.092409 0.011992 0.097103 0.047060 0.004143 -0.035247 0.241555 0.005746 -0.161783 0.079195 0.008632 0.040265 -0.163597 0.001698 0.062388 -0.024716 0.004366 
-0.229024 -0.092375 0.012070 0.097326 0.045891 0.004210 -0.036211 0.241410 0.005659 -0.161825 0.079113 0.008678 0.040255 -0.163587 0.001685 0.062516 -0.024460 0.004426 
-0.228967 -0.092382 0.012144 0.097528 0.044845 0.004272 -0.037061 0.241283 0.005584 -0.161855 0.079066 0.008722 0.040202 -0.163592 0.001668 0.062638 -0.024208 0.004481 
-0.228915 -0.092299 0.012224 0.097575 0.045244 0.004251 -0.036161 0.241527 0.005637 -0.161831 0.079073 0.008773 0.040200 -0.163514 0.001653 0.062670 -0.024208 0.004465 
-0.228883 -0.092254 0.012281 0.097792 0.045207 0.004356 -0.034920 0.241787 0.005644 -0.161796 0.078983 0.008780 0.040226 -0.163478 0.001618 0.062940 -0.023892 0.004535 
-0.228858 -0.092234 0.012348 0.097792 0.044892 0.004276 -0.035843 0.241695 0.005637 -0.161773 0.079092 0.008852 0.040237 -0.163479 0.001602 0.062859 -0.023937 0.004482 
-0.228805 -0.092141 0.012414 0.097857 0.045073 0.004269 -0.035288 0.241862 0.005663 -0.161721 0.079142 0.008892 0.040329 -0.163375 0.001603 0.062920 -0.023878 0.004481 
-0.228772 -0.092001 0.012495 0.097982 0.044572 0.004305 -0.035610 0.241830 0.005628 -0.161707 0.079192 0.008941 0.040314 -0.163270 0.001586 0.063040 -0.023638 0.004510 
-0.228728 -0.091788 0.012575 0.098068 0.044510 0.004324 -0.035392 0.241873 0.005618 -0.161686 0.079263 0.008983 0.040338 -0.163060 0.001573 0.063156 -0.023442 0.004525 
-0.228691 -0.091665 0.012597 0.098021 0.046295 0.004226 -0.032994 0.242534 0.005778 -0.161511 0.079496 0.008999 0.040407 -0.162936 0.001539 0.063169 -0.023542 0.004437 
-0.228671 -0.091578 0.012670 0.098203 0.045356 0.004286 -0.033958 0.242391 0.005689 -0.161488 0.079555 0.009037 0.040294 -0.162957 0.001518 0.063338 -0.023195 0.004489 
-0.228663 -0.091414 0.012722 0.098297 0.045242 0.004297 -0.033919 0.242446 0.005669 -0.161440 0.079650 0.009062 0.040237 -0.162894 0.001483 0.063462 -0.022973 0.004493 
-0.228642 -0.091229 0.012794 0.098454 0.044435 0.004353 -0.034778 0.242318 0.005594 -0.161431 0.079737 0.009101 0.040161 -0.162789 0.001471 0.063598 -0.022660 0.004540 
-0.228629 -0.090933 0.012839 0.098507 0.044638 0.004347 -0.034400 0.242448 0.005602 -0.161378 0.079886 0.009127 0.040191 -0.162563 0.001447 0.063686 -0.022492 0.004530 
-0.228606 -0.090698 0.012915 0.098646 0.043924 0.004400 -0.035171 0.242333 0.005536 -0.161376 0.079990 0.009170 0.040117 -0.162402 0.001438 0.063811 -0.022185 0.004573 
-0.228584 -0.090457 0.012990 0.098763 0.043320 0.004451 -0.035817 0.242238 0.005480 -0.161357 0.080127 0.009212 0.040048 -0.162233 0.001427 0.063946 -0.021857 0.004614 
-0.228562 -0.090205 0.013064 0.098860 0.042824 0.004500 -0.036352 0.242159 0.005434 -0.161317 0.080307 0.009253 0.040025 -0.162028 0.001418 0.064090 -0.021513 0.004651 
-0.228561 -0.089910 0.013143 0.098870 0.043116 0.004495 -0.035906 0.242287 0.005450 -0.161254 0.080495 0.009298 0.040046 -0.161799 0.001405 0.064188 -0.021297 0.004648 
-0.228565 -0.089629 0.013226 0.098956 0.042676 0.004540 -0.036337 0.242224 0.005406 -0.161213 0.080676 0.009343 0.040047 -0.161585 0.001389 0.064345 -0.020923 0.004682 
-0.228576 -0.089350 0.013316 0.099026 0.042319 0.004585 -0.036651 0.242179 0.005370 -0.161164 0.080869 0.009391 0.040047 -0.161376 0.001368 0.064513 -0.020531 0.004714 
-0.228594 -0.089056 0.013413 0.099080 0.042046 0.004626 -0.036884 0.242146 0.005343 -0.161102 0.081085 0.009444 0.040047 -0.161168 0.001345 0.064691 -0.020119 0.004743 
-0.228581 -0.088690 0.013502 0.098995 0.043579 0.004544 -0.034809 0.242655 0.005443 -0.160972 0.081356 0.009489 0.040128 -0.160829 0.001327 0.064761 -0.020025 0.004683 
-0.228618 -0.088272 0.013615 0.099065 0.043224 0.004584 -0.035154 0.242605 0.005399 -0.160924 0.081578 0.009550 0.040155 -0.160542 0.001304 0.064947 -0.019579 0.004712 
-0.228673 -0.087745 0.013745 0.099122 0.042937 0.004623 -0.035407 0.242570 0.005361 -0.160903 0.081790 0.009623 0.040204 -0.160173 0.001284 0.065124 -0.019134 0.004740 
-0.228722 -0.087152 0.013882 0.099167 0.042714 0.004657 -0.035595 0.242544 0.005327 -0.160888 0.082028 0.009701 0.040259 -0.159726 0.001266 0.065293 -0.018684 0.004764 
-0.228766 -0.086536 0.014026 0.099202 0.042545 0.004689 -0.035707 0.242530 0.005297 -0.160875 0.082280 0.009782 0.040310 -0.159247 0.001247 0.065462 -0.018225 0.004786 
-0.228811 -0.085953 0.014175 0.099230 0.042410 0.004717 -0.035760 0.242525 0.005270 -0.160856 0.082525 0.009866 0.040345 -0.158811 0.001223 0.065638 -0.017762 0.004806 
-0.228871 -0.085362 0.014325 0.099137 0.043766 0.004637 -0.033961 0.242937 0.005363 -0.160791 0.082743 0.009956 0.040435 -0.158406 0.001201 0.065705 -0.017635 0.004747 
-0.228910 -0.084956 0.014458 0.099194 0.043477 0.004669 -0.034111 0.242917 0.005328 -0.160768 0.082912 0.010028 0.040475 -0.158125 0.001174 0.065883 -0.017215 0.004769 
-0.228932 -0.084659 0.014577 0.099246 0.043212 0.004697 -0.034212 0.242904 0.005297 -0.160729 0.083075 0.010092 0.040500 -0.157920 0.001143 0.066059 -0.016817 0.004790 
