-0.203408 0.979094 0.000000 -0.978197 -0.207680 -0.000000 0.979449 0.201694 0.000000 0.225190 -0.974315 0.000000 
-0.202878 0.979204 0.000000 -0.978310 -0.207147 -0.000000 0.979559 0.201159 0.000000 0.224663 -0.974436 0.000000 
-0.202879 0.979204 0.000000 -0.978310 -0.207146 -0.000000 0.979559 0.201159 0.000000 0.224664 -0.974436 0.000000 
-0.202928 0.979194 0.000000 -0.978300 -0.207193 -0.000000 0.979549 0.201206 0.000000 0.224713 -0.974425 0.000000 
-0.202912 0.979197 0.000000 -0.978303 -0.207177 -0.000000 0.979552 0.201189 0.000000 0.224697 -0.974429 0.000000 
-0.203042 0.979170 0.000000 -0.978276 -0.207305 -0.000000 0.979526 0.201318 0.000000 0.224827 -0.974399 0.000000 
-0.202675 0.979246 0.000000 -0.978354 -0.206938 -0.000000 0.979601 0.200950 0.000000 0.224461 -0.974483 0.000000 
-0.202658 0.979250 0.000000 -0.978358 -0.206921 -0.000000 0.979605 0.200933 0.000000 0.224444 -0.974487 0.000000 
-0.202658 0.979250 0.000000 -0.978358 -0.206921 -0.000000 0.979605 0.200934 0.000000 0.224444 -0.974487 0.000000 
-0.202725 0.979236 0.000000 -0.978343 -0.206992 -0.000000 0.979590 0.201004 0.000000 0.224511 -0.974472 0.000000 
-0.202003 0.979385 0.000000 -0.978489 -0.206298 -0.000000 0.979733 0.200310 0.000000 0.223792 -0.974637 0.000000 
-0.202007 0.979384 0.000000 -0.978489 -0.206297 -0.000000 0.979733 0.200309 0.000000 0.223797 -0.974636 0.000000 
-0.202010 0.979384 0.000000 -0.978490 -0.206295 -0.000000 0.979733 0.200307 0.000000 0.223799 -0.974635 0.000000 
-0.198658 0.980069 0.000000 -0.979188 -0.202956 -0.000000 0.980411 0.196963 0.000000 0.220464 -0.975395 0.000000 
-0.198101 0.980182 0.000000 -0.979304 -0.202396 -0.000000 0.980523 0.196402 0.000000 0.219910 -0.975520 0.000000 
-0.197854 0.980231 0.000000 -0.979350 -0.202170 -0.000000 0.980569 0.196176 0.000000 0.219664 -0.975576 0.000000 
-0.198925 0.980015 0.000000 -0.979130 -0.203234 -0.000000 0.980355 0.197242 0.000000 0.220730 -0.975335 0.000000 
-0.200586 0.979676 0.000000 -0.978786 -0.204888 -0.000000 0.980020 0.198897 0.000000 0.222383 -0.974959 0.000000 
-0.194106 0.980981 0.000000 -0.980099 -0.198509 -0.000000 0.981295 0.192510 0.000000 0.215933 -0.976408 0.000000 
-0.189716 0.981839 0.000000 -0.980952 -0.194252 -0.000000 0.982122 0.188248 0.000000 0.211559 -0.977365 0.000000 
-0.180211 0.983628 0.000000 -0.982762 -0.184874 -0.000000 0.983875 0.178857 0.000000 0.202091 -0.979367 0.000000 
-0.167817 0.985818 0.000000 -0.985021 -0.172436 -0.000000 0.986057 0.166406 0.000000 0.189750 -0.981833 0.000000 
-0.166653 0.986016 0.000000 -0.985253 -0.171105 -0.000000 0.986281 0.165075 0.000000 0.188598 -0.982054 0.000000 
-0.194905 0.980822 0.000000 -0.979936 -0.199315 -0.000000 0.981136 0.193318 0.000000 0.216727 -0.976232 0.000000 
-0.543807 -0.839211 -0.000000 -0.216852 0.976204 0.000000 -0.993949 0.109842 0.000000 0.848826 -0.528672 0.000000 0.976571 0.215195 0.000000 0.999888 -0.014961 0.000000 
-0.550029 -0.835145 -0.000000 -0.217343 0.976095 0.000000 -0.994064 0.108796 0.000000 0.844881 -0.534954 0.000000 0.976474 0.215635 0.000000 0.999972 -0.007499 0.000000 
-0.550032 -0.835144 -0.000000 -0.217341 0.976096 0.000000 -0.994064 0.108801 0.000000 0.844879 -0.534957 0.000000 0.976475 0.215631 0.000000 0.999972 -0.007508 0.000000 
-0.550086 -0.835108 -0.000000 -0.217299 0.976105 0.000000 -0.994060 0.108832 0.000000 0.844845 -0.535011 0.000000 0.976485 0.215587 0.000000 0.999972 -0.007523 0.000000 
-0.550030 -0.835145 -0.000000 -0.217265 0.976113 0.000000 -0.994057 0.108863 0.000000 0.844881 -0.534955 0.000000 0.976493 0.215551 0.000000 0.999971 -0.007625 0.000000 
-0.549982 -0.835177 -0.000000 -0.217253 0.976115 0.000000 -0.994058 0.108853 0.000000 0.844912 -0.534906 0.000000 0.976495 0.215538 0.000000 0.999971 -0.007636 0.000000 
-0.547639 -0.836715 -0.000000 -0.216663 0.976246 0.000000 -0.994151 0.107998 0.000000 0.846407 -0.532536 0.000000 0.976625 0.214948 0.000000 0.999975 -0.007064 0.000000 
-0.545395 -0.838179 -0.000000 -0.216045 0.976383 0.000000 -0.994489 0.104845 0.000000 0.847830 -0.530268 0.000000 0.976761 0.214329 0.000000 0.999999 -0.001031 0.000000 
-0.543732 -0.839259 -0.000000 -0.215783 0.976441 0.000000 -0.994955 0.100325 0.000000 0.848863 -0.528612 0.000000 0.976821 0.214057 0.000000 0.999969 0.007894 0.000000 
-0.542478 -0.840070 -0.000000 -0.215782 0.976441 0.000000 -0.995309 0.096748 0.000000 0.849612 -0.527408 0.000000 0.976821 0.214057 0.000000 0.999898 0.014254 0.000000 
-0.541425 -0.840749 -0.000000 -0.216148 0.976361 0.000000 -0.995540 0.094339 0.000000 0.850228 -0.526415 0.000000 0.976740 0.214428 0.000000 0.999836 0.018135 0.000000 
-0.540825 -0.841135 -0.000000 -0.216140 0.976362 0.000000 -0.995633 0.093356 0.000000 0.850571 -0.525859 0.000000 0.976741 0.214421 0.000000 0.999805 0.019759 0.000000 
-0.540479 -0.841357 -0.000000 -0.216140 0.976362 0.000000 -0.995672 0.092941 0.000000 0.850768 -0.525541 0.000000 0.976741 0.214421 0.000000 0.999791 0.020459 0.000000 
-0.540284 -0.841482 -0.000000 -0.216140 0.976362 0.000000 -0.995690 0.092748 0.000000 0.850878 -0.525364 0.000000 0.976741 0.214421 0.000000 0.999783 0.020818 0.000000 
-0.540213 -0.841528 -0.000000 -0.216141 0.976362 0.000000 -0.995693 0.092713 0.000000 0.850917 -0.525300 0.000000 0.976741 0.214421 0.000000 0.999782 0.020901 0.000000 
-0.540228 -0.841519 -0.000000 -0.215664 0.976468 0.000000 -0.995668 0.092978 0.000000 0.850908 -0.525315 0.000000 0.976846 0.213945 0.000000 0.999785 0.020731 0.000000 
-0.540481 -0.841356 -0.000000 -0.215554 0.976492 0.000000 -0.995633 0.093351 0.000000 0.850757 -0.525558 0.000000 0.976869 0.213838 0.000000 0.999797 0.020132 0.000000 
-0.540833 -0.841130 -0.000000 -0.215574 0.976487 0.000000 -0.995583 0.093881 0.000000 0.850551 -0.525892 0.000000 0.976865 0.213857 0.000000 0.999815 0.019248 0.000000 
-0.541283 -0.840841 -0.000000 -0.215121 0.976587 0.000000 -0.995521 0.094542 0.000000 0.850288 -0.526317 0.000000 0.976965 0.213402 0.000000 0.999827 0.018622 0.000000 
-0.541837 -0.840484 -0.000000 -0.215161 0.976579 0.000000 -0.995437 0.095421 0.000000 0.849963 -0.526842 0.000000 0.976956 0.213441 0.000000 0.999855 0.017024 0.000000 
-0.542423 -0.840106 -0.000000 -0.215030 0.976607 0.000000 -0.995352 0.096304 0.000000 0.849617 -0.527400 0.000000 0.976983 0.213315 0.000000 0.999879 0.015542 0.000000 
-0.543028 -0.839714 -0.000000 -0.215444 0.976516 0.000000 -0.995243 0.097420 0.000000 0.849260 -0.527975 0.000000 0.976894 0.213727 0.000000 0.999913 0.013154 0.000000 
-0.543715 -0.839270 -0.000000 -0.215097 0.976593 0.000000 -0.995068 0.099199 0.000000 0.848850 -0.528633 0.000000 0.976966 0.213396 0.000000 0.999951 0.009857 0.000000 
-0.544573 -0.838714 -0.000000 -0.214502 0.976724 0.000000 -0.994997 0.099908 0.000000 0.848329 -0.529470 0.000000 0.977098 0.212790 0.000000 0.999954 0.009616 0.000000 
-0.544829 -0.838547 -0.000000 -0.214500 0.976724 0.000000 -0.994972 0.100154 0.000000 0.848183 -0.529703 0.000000 0.977099 0.212785 0.000000 0.999957 0.009225 0.000000 
-0.544841 -0.838539 -0.000000 -0.214524 0.976719 0.000000 -0.994978 0.100095 0.000000 0.848181 -0.529707 0.000000 0.977094 0.212808 0.000000 0.999956 0.009336 0.000000 
-0.544979 -0.838450 -0.000000 -0.214525 0.976718 0.000000 -0.994984 0.100037 0.000000 0.848095 -0.529845 0.000000 0.977094 0.212808 0.000000 0.999954 0.009565 0.000000 
-0.545139 -0.838346 -0.000000 -0.214546 0.976714 0.000000 -0.994988 0.099998 0.000000 0.847993 -0.530008 0.000000 0.977090 0.212828 0.000000 0.999952 0.009767 0.000000 
-0.545136 -0.838348 -0.000000 -0.214518 0.976720 0.000000 -0.995011 0.099768 0.000000 0.847995 -0.530004 0.000000 0.977098 0.212792 0.000000 0.999946 0.010344 0.000000 
-0.545134 -0.838349 -0.000000 -0.214573 0.976708 0.000000 -0.995012 0.099753 0.000000 0.847996 -0.530002 0.000000 0.977085 0.212848 0.000000 0.999947 0.010331 0.000000 
-0.545131 -0.838351 -0.000000 -0.214358 0.976755 0.000000 -0.995002 0.099857 0.000000 0.847999 -0.529999 0.000000 0.977131 0.212639 0.000000 0.999948 0.010221 0.000000 
-0.545130 -0.838352 -0.000000 -0.214358 0.976755 0.000000 -0.995002 0.099856 0.000000 0.847999 -0.529998 0.000000 0.977131 0.212639 0.000000 0.999948 0.010220 0.000000 
-0.545128 -0.838353 -0.000000 -0.214358 0.976755 0.000000 -0.995002 0.099856 0.000000 0.848000 -0.529996 0.000000 0.977131 0.212638 0.000000 0.999948 0.010216 0.000000 
-0.545091 -0.838377 -0.000000 -0.214358 0.976755 0.000000 -0.995003 0.099846 0.000000 0.848023 -0.529959 0.000000 0.977131 0.212638 0.000000 0.999948 0.010212 0.000000 
-0.544940 -0.838475 -0.000000 -0.214358 0.976755 0.000000 -0.995008 0.099797 0.000000 0.848119 -0.529806 0.000000 0.977131 0.212638 0.000000 0.999948 0.010209 0.000000 
-0.544739 -0.838605 -0.000000 -0.213472 0.976949 0.000000 -0.994992 0.099953 0.000000 0.848246 -0.529603 0.000000 0.977322 0.211758 0.000000 0.999946 0.010369 0.000000 
-0.544635 -0.838673 -0.000000 -0.213473 0.976949 0.000000 -0.994995 0.099920 0.000000 0.848311 -0.529498 0.000000 0.977322 0.211758 0.000000 0.999946 0.010364 0.000000 
-0.544579 -0.838710 -0.000000 -0.213261 0.976995 0.000000 -0.995012 0.099759 0.000000 0.848347 -0.529440 0.000000 0.977370 0.211539 0.000000 0.999940 0.010956 0.000000 
-0.544671 -0.838650 -0.000000 -0.213375 0.976970 0.000000 -0.995013 0.099743 0.000000 0.848289 -0.529534 0.000000 0.977345 0.211652 0.000000 0.999940 0.010994 0.000000 
-0.544668 -0.838652 -0.000000 -0.213277 0.976992 0.000000 -0.995027 0.099610 0.000000 0.848291 -0.529531 0.000000 0.977367 0.211552 0.000000 0.999935 0.011359 0.000000 
-0.544775 -0.838582 -0.000000 -0.213451 0.976954 0.000000 -0.995022 0.099654 0.000000 0.848223 -0.529639 0.000000 0.977330 0.211723 0.000000 0.999937 0.011209 0.000000 
-0.544807 -0.838561 -0.000000 -0.213186 0.977012 0.000000 -0.995023 0.099641 0.000000 0.848202 -0.529672 0.000000 0.977387 0.211458 0.000000 0.999935 0.011407 0.000000 
-0.544839 -0.838541 -0.000000 -0.213497 0.976944 0.000000 -0.995021 0.099667 0.000000 0.848183 -0.529703 0.000000 0.977320 0.211767 0.000000 0.999939 0.011051 0.000000 
-0.544867 -0.838522 -0.000000 -0.212579 0.977144 0.000000 -0.994975 0.100120 0.000000 0.848165 -0.529732 0.000000 0.977516 0.210860 0.000000 0.999943 0.010676 0.000000 
-0.544966 -0.838458 -0.000000 -0.212563 0.977147 0.000000 -0.994951 0.100366 0.000000 0.848102 -0.529832 0.000000 0.977518 0.210854 0.000000 0.999949 0.010095 0.000000 
-0.545073 -0.838388 -0.000000 -0.212613 0.977137 0.000000 -0.994953 0.100338 0.000000 0.848035 -0.529941 0.000000 0.977508 0.210900 0.000000 0.999948 0.010226 0.000000 
-0.545112 -0.838363 -0.000000 -0.212431 0.977176 0.000000 -0.994976 0.100113 0.000000 0.848010 -0.529980 0.000000 0.977550 0.210705 0.000000 0.999940 0.010982 0.000000 
-0.545194 -0.838310 -0.000000 -0.212431 0.977176 0.000000 -0.994962 0.100256 0.000000 0.847958 -0.530063 0.000000 0.977549 0.210706 0.000000 0.999943 0.010668 0.000000 
-0.545329 -0.838222 -0.000000 -0.212430 0.977176 0.000000 -0.994942 0.100447 0.000000 0.847873 -0.530199 0.000000 0.977549 0.210707 0.000000 0.999947 0.010269 0.000000 
-0.545517 -0.838100 -0.000000 -0.212430 0.977176 0.000000 -0.994919 0.100680 0.000000 0.847754 -0.530389 0.000000 0.977549 0.210708 0.000000 0.999952 0.009802 0.000000 
-0.545642 -0.838018 -0.000000 -0.212268 0.977211 0.000000 -0.994890 0.100964 0.000000 0.847675 -0.530516 0.000000 0.977582 0.210553 0.000000 0.999957 0.009265 0.000000 
-0.545687 -0.837989 -0.000000 -0.212121 0.977243 0.000000 -0.994878 0.101087 0.000000 0.847646 -0.530562 0.000000 0.977615 0.210402 0.000000 0.999958 0.009126 0.000000 
-0.545744 -0.837952 -0.000000 -0.211291 0.977423 0.000000 -0.994854 0.101319 0.000000 0.847611 -0.530618 0.000000 0.977791 0.209580 0.000000 0.999957 0.009223 0.000000 
-0.545881 -0.837863 -0.000000 -0.211295 0.977422 0.000000 -0.994848 0.101376 0.000000 0.847524 -0.530757 0.000000 0.977791 0.209581 0.000000 0.999958 0.009182 0.000000 
-0.546014 -0.837776 -0.000000 -0.211298 0.977422 0.000000 -0.994843 0.101424 0.000000 0.847440 -0.530891 0.000000 0.977791 0.209582 0.000000 0.999958 0.009166 0.000000 
-0.546137 -0.837696 -0.000000 -0.211301 0.977421 0.000000 -0.994837 0.101488 0.000000 0.847361 -0.531017 0.000000 0.977791 0.209584 0.000000 0.999959 0.009100 0.000000 
-0.546205 -0.837651 -0.000000 -0.211260 0.977430 0.000000 -0.994846 0.101394 0.000000 0.847318 -0.531085 0.000000 0.977801 0.209534 0.000000 0.999955 0.009455 0.000000 
-0.546287 -0.837598 -0.000000 -0.211265 0.977429 0.000000 -0.994832 0.101536 0.000000 0.847267 -0.531168 0.000000 0.977800 0.209541 0.000000 0.999958 0.009141 0.000000 
-0.546442 -0.837497 -0.000000 -0.211269 0.977428 0.000000 -0.994807 0.101775 0.000000 0.847168 -0.531325 0.000000 0.977799 0.209545 0.000000 0.999963 0.008632 0.000000 
-0.546520 -0.837446 -0.000000 -0.211270 0.977428 0.000000 -0.994793 0.101914 0.000000 0.847118 -0.531404 0.000000 0.977799 0.209547 0.000000 0.999965 0.008324 0.000000 
-0.546524 -0.837443 -0.000000 -0.211270 0.977428 0.000000 -0.994785 0.101993 0.000000 0.847116 -0.531408 0.000000 0.977798 0.209548 0.000000 0.999967 0.008119 0.000000 
-0.546471 -0.837478 -0.000000 -0.211271 0.977427 0.000000 -0.994781 0.102035 0.000000 0.847149 -0.531355 0.000000 0.977798 0.209549 0.000000 0.999968 0.007966 0.000000 
-0.546438 -0.837499 -0.000000 -0.211272 0.977427 0.000000 -0.994776 0.102083 0.000000 0.847170 -0.531322 0.000000 0.977798 0.209550 0.000000 0.999969 0.007814 0.000000 
-0.546554 -0.837424 -0.000000 -0.210408 0.977614 0.000000 -0.994736 0.102473 0.000000 0.847097 -0.531438 0.000000 0.977980 0.208699 0.000000 0.999971 0.007570 0.000000 
-0.546692 -0.837334 -0.000000 -0.210411 0.977613 0.000000 -0.994724 0.102587 0.000000 0.847010 -0.531577 0.000000 0.977980 0.208699 0.000000 0.999973 0.007375 0.000000 
-0.546827 -0.837245 -0.000000 -0.210280 0.977641 0.000000 -0.994723 0.102599 0.000000 0.846923 -0.531715 0.000000 0.978010 0.208559 0.000000 0.999972 0.007543 0.000000 
-0.546980 -0.837146 -0.000000 -0.210284 0.977640 0.000000 -0.994712 0.102700 0.000000 0.846827 -0.531868 0.000000 0.978009 0.208563 0.000000 0.999973 0.007396 0.000000 
-0.547109 -0.837061 -0.000000 -0.210285 0.977640 0.000000 -0.994697 0.102846 0.000000 0.846744 -0.532000 0.000000 0.978009 0.208564 0.000000 0.999975 0.007115 0.000000 
-0.547254 -0.836967 -0.000000 -0.210286 0.977640 0.000000 -0.994679 0.103024 0.000000 0.846653 -0.532146 0.000000 0.978008 0.208565 0.000000 0.999977 0.006764 0.000000 
-0.547341 -0.836910 -0.000000 -0.210326 0.977631 0.000000 -0.994679 0.103023 0.000000 0.846597 -0.532234 0.000000 0.978001 0.208600 0.000000 0.999977 0.006793 0.000000 
-0.547408 -0.836866 -0.000000 -0.210184 0.977662 0.000000 -0.994661 0.103199 0.000000 0.846554 -0.532303 0.000000 0.978030 0.208463 0.000000 0.999979 0.006486 0.000000 
-0.547510 -0.836799 -0.000000 -0.210203 0.977658 0.000000 -0.994646 0.103345 0.000000 0.846490 -0.532405 0.000000 0.978026 0.208482 0.000000 0.999981 0.006177 0.000000 
-0.547619 -0.836728 -0.000000 -0.210204 0.977658 0.000000 -0.994632 0.103474 0.000000 0.846420 -0.532516 0.000000 0.978026 0.208483 0.000000 0.999982 0.005927 0.000000 
-0.547652 -0.836706 -0.000000 -0.210211 0.977656 0.000000 -0.994623 0.103558 0.000000 0.846399 -0.532549 0.000000 0.978024 0.208491 0.000000 0.999984 0.005738 0.000000 
-0.547585 -0.836750 -0.000000 -0.210213 0.977656 0.000000 -0.994621 0.103578 0.000000 0.846442 -0.532481 0.000000 0.978024 0.208492 0.000000 0.999984 0.005635 0.000000 
-0.547460 -0.836832 -0.000000 -0.209869 0.977730 0.000000 -0.994619 0.103597 0.000000 0.846522 -0.532354 0.000000 0.978097 0.208149 0.000000 0.999983 0.005799 0.000000 
-0.547550 -0.836773 -0.000000 -0.209879 0.977727 0.000000 -0.994608 0.103704 0.000000 0.846464 -0.532446 0.000000 0.978095 0.208159 0.000000 0.999984 0.005593 0.000000 
-0.547647 -0.836710 -0.000000 -0.209890 0.977725 0.000000 -0.994601 0.103773 0.000000 0.846402 -0.532544 0.000000 0.978093 0.208169 0.000000 0.999985 0.005493 0.000000 
-0.547729 -0.836656 -0.000000 -0.209727 0.977760 0.000000 -0.994594 0.103838 0.000000 0.846350 -0.532627 0.000000 0.978128 0.208004 0.000000 0.999984 0.005569 0.000000 
-0.547813 -0.836601 -0.000000 -0.209736 0.977758 0.000000 -0.994585 0.103928 0.000000 0.846297 -0.532712 0.000000 0.978126 0.208014 0.000000 0.999985 0.005407 0.000000 
-0.547864 -0.836567 -0.000000 -0.210180 0.977663 0.000000 -0.994597 0.103808 0.000000 0.846264 -0.532764 0.000000 0.978032 0.208452 0.000000 0.999986 0.005273 0.000000 
-0.547810 -0.836603 -0.000000 -0.210175 0.977664 0.000000 -0.994595 0.103835 0.000000 0.846298 -0.532709 0.000000 0.978033 0.208449 0.000000 0.999987 0.005168 0.000000 
-0.547784 -0.836620 -0.000000 -0.209193 0.977874 0.000000 -0.994554 0.104222 0.000000 0.846315 -0.532683 0.000000 0.978239 0.207483 0.000000 0.999988 0.004923 0.000000 
-0.547847 -0.836579 -0.000000 -0.209161 0.977881 0.000000 -0.994558 0.104184 0.000000 0.846275 -0.532746 0.000000 0.978247 0.207443 0.000000 0.999987 0.005113 0.000000 
-0.547899 -0.836545 -0.000000 -0.208958 0.977925 0.000000 -0.994572 0.104049 0.000000 0.846242 -0.532799 0.000000 0.978292 0.207230 0.000000 0.999984 0.005665 0.000000 
-0.547983 -0.836489 -0.000000 -0.208958 0.977925 0.000000 -0.994572 0.104054 0.000000 0.846188 -0.532884 0.000000 0.978292 0.207231 0.000000 0.999984 0.005711 0.000000 
-0.548018 -0.836467 -0.000000 -0.208214 0.978083 0.000000 -0.994568 0.104086 0.000000 0.846166 -0.532919 0.000000 0.978451 0.206480 0.000000 0.999980 0.006271 0.000000 
-0.548080 -0.836426 -0.000000 -0.207763 0.978179 0.000000 -0.994540 0.104361 0.000000 0.846127 -0.532981 0.000000 0.978544 0.206040 0.000000 0.999982 0.005969 0.000000 
-0.548180 -0.836361 -0.000000 -0.207763 0.978179 0.000000 -0.994535 0.104406 0.000000 0.846063 -0.533083 0.000000 0.978543 0.206040 0.000000 0.999982 0.005922 0.000000 
-0.548314 -0.836273 -0.000000 -0.207764 0.978179 0.000000 -0.994525 0.104498 0.000000 0.845977 -0.533219 0.000000 0.978543 0.206041 0.000000 0.999983 0.005784 0.000000 
-0.548428 -0.836198 -0.000000 -0.207018 0.978337 0.000000 -0.994488 0.104846 0.000000 0.845905 -0.533334 0.000000 0.978696 0.205313 0.000000 0.999985 0.005558 0.000000 
-0.548609 -0.836079 -0.000000 -0.207021 0.978336 0.000000 -0.994480 0.104923 0.000000 0.845790 -0.533517 0.000000 0.978696 0.205313 0.000000 0.999985 0.005495 0.000000 
-0.548764 -0.835977 -0.000000 -0.206613 0.978423 0.000000 -0.994472 0.104999 0.000000 0.845690 -0.533674 0.000000 0.978782 0.204903 0.000000 0.999983 0.005775 0.000000 
-0.548923 -0.835873 -0.000000 -0.206261 0.978497 0.000000 -0.994466 0.105063 0.000000 0.845589 -0.533835 0.000000 0.978857 0.204545 0.000000 0.999982 0.006082 0.000000 
-0.549070 -0.835777 -0.000000 -0.206214 0.978507 0.000000 -0.994475 0.104977 0.000000 0.845495 -0.533984 0.000000 0.978870 0.204484 0.000000 0.999979 0.006450 0.000000 
-0.549241 -0.835664 -0.000000 -0.206205 0.978509 0.000000 -0.994445 0.105256 0.000000 0.845385 -0.534157 0.000000 0.978870 0.204484 0.000000 0.999983 0.005864 0.000000 
-0.549441 -0.835532 -0.000000 -0.206208 0.978508 0.000000 -0.994424 0.105459 0.000000 0.845257 -0.534360 0.000000 0.978870 0.204486 0.000000 0.999985 0.005500 0.000000 
-0.549662 -0.835387 -0.000000 -0.206209 0.978508 0.000000 -0.994395 0.105730 0.000000 0.845116 -0.534582 0.000000 0.978869 0.204487 0.000000 0.999988 0.004982 0.000000 
-0.549800 -0.835296 -0.000000 -0.206210 0.978508 0.000000 -0.994371 0.105959 0.000000 0.845028 -0.534723 0.000000 0.978869 0.204488 0.000000 0.999990 0.004520 0.000000 
-0.549866 -0.835253 -0.000000 -0.206854 0.978372 0.000000 -0.994368 0.105984 0.000000 0.844986 -0.534789 0.000000 0.978734 0.205131 0.000000 0.999992 0.003923 0.000000 
-0.549880 -0.835244 -0.000000 -0.205386 0.978681 0.000000 -0.994326 0.106376 0.000000 0.844976 -0.534804 0.000000 0.979038 0.203677 0.000000 0.999991 0.004194 0.000000 
-0.550028 -0.835146 -0.000000 -0.205390 0.978680 0.000000 -0.994321 0.106427 0.000000 0.844882 -0.534952 0.000000 0.979038 0.203677 0.000000 0.999991 0.004182 0.000000 
-0.550185 -0.835043 -0.000000 -0.205393 0.978680 0.000000 -0.994311 0.106517 0.000000 0.844781 -0.535112 0.000000 0.979038 0.203678 0.000000 0.999992 0.004078 0.000000 
-0.550379 -0.834915 -0.000000 -0.205466 0.978664 0.000000 -0.994295 0.106669 0.000000 0.844657 -0.535309 0.000000 0.979024 0.203747 0.000000 0.999993 0.003807 0.000000 
-0.550550 -0.834802 -0.000000 -0.205476 0.978662 0.000000 -0.994275 0.106856 0.000000 0.844547 -0.535481 0.000000 0.979022 0.203756 0.000000 0.999994 0.003488 0.000000 
-0.550566 -0.834792 -0.000000 -0.205516 0.978654 0.000000 -0.994273 0.106870 0.000000 0.844537 -0.535497 0.000000 0.979014 0.203791 0.000000 0.999994 0.003424 0.000000 
-0.550558 -0.834797 -0.000000 -0.205672 0.978621 0.000000 -0.994269 0.106908 0.000000 0.844543 -0.535488 0.000000 0.978982 0.203947 0.000000 0.999995 0.003211 0.000000 
-0.550469 -0.834856 -0.000000 -0.205673 0.978621 0.000000 -0.994267 0.106930 0.000000 0.844599 -0.535399 0.000000 0.978982 0.203949 0.000000 0.999995 0.003111 0.000000 
-0.550393 -0.834906 -0.000000 -0.205674 0.978621 0.000000 -0.994264 0.106954 0.000000 0.844648 -0.535323 0.000000 0.978981 0.203950 0.000000 0.999995 0.003012 0.000000 
-0.550385 -0.834911 -0.000000 -0.205675 0.978620 0.000000 -0.994258 0.107013 0.000000 0.844653 -0.535315 0.000000 0.978981 0.203952 0.000000 0.999996 0.002880 0.000000 
-0.550428 -0.834883 -0.000000 -0.205722 0.978610 0.000000 -0.994230 0.107271 0.000000 0.844626 -0.535357 0.000000 0.978970 0.204003 0.000000 0.999998 0.002223 0.000000 
-0.550527 -0.834817 -0.000000 -0.205484 0.978661 0.000000 -0.994226 0.107307 0.000000 0.844562 -0.535458 0.000000 0.979021 0.203761 0.000000 0.999997 0.002410 0.000000 
-0.550630 -0.834750 -0.000000 -0.205538 0.978649 0.000000 -0.994203 0.107515 0.000000 0.844496 -0.535562 0.000000 0.979009 0.203818 0.000000 0.999998 0.001955 0.000000 
-0.550724 -0.834688 -0.000000 -0.205618 0.978632 0.000000 -0.994224 0.107327 0.000000 0.844436 -0.535656 0.000000 0.978994 0.203887 0.000000 0.999997 0.002466 0.000000 
-0.550783 -0.834648 -0.000000 -0.205465 0.978664 0.000000 -0.994192 0.107624 0.000000 0.844398 -0.535717 0.000000 0.979025 0.203742 0.000000 0.999998 0.001927 0.000000 
-0.550861 -0.834597 -0.000000 -0.205482 0.978661 0.000000 -0.994185 0.107684 0.000000 0.844347 -0.535796 0.000000 0.979021 0.203759 0.000000 0.999998 0.001863 0.000000 
-0.550934 -0.834549 -0.000000 -0.205483 0.978661 0.000000 -0.994182 0.107709 0.000000 0.844301 -0.535869 0.000000 0.979021 0.203760 0.000000 0.999998 0.001928 0.000000 
-0.550926 -0.834554 -0.000000 -0.204569 0.978852 0.000000 -0.994185 0.107684 0.000000 0.844306 -0.535861 0.000000 0.979211 0.202846 0.000000 0.999996 0.002747 0.000000 
-0.550876 -0.834587 -0.000000 -0.205187 0.978723 0.000000 -0.994196 0.107580 0.000000 0.844338 -0.535811 0.000000 0.979083 0.203460 0.000000 0.999997 0.002412 0.000000 
-0.550919 -0.834559 -0.000000 -0.205188 0.978723 0.000000 -0.994178 0.107750 0.000000 0.844311 -0.535854 0.000000 0.979083 0.203462 0.000000 0.999998 0.002059 0.000000 
-0.550974 -0.834523 -0.000000 -0.205188 0.978723 0.000000 -0.994166 0.107862 0.000000 0.844276 -0.535909 0.000000 0.979083 0.203463 0.000000 0.999998 0.001937 0.000000 
-0.551068 -0.834460 -0.000000 -0.204281 0.978912 0.000000 -0.994115 0.108328 0.000000 0.844215 -0.536005 0.000000 0.979268 0.202568 0.000000 0.999999 0.001524 0.000000 
-0.551138 -0.834414 -0.000000 -0.203649 0.979044 0.000000 -0.994109 0.108382 0.000000 0.844171 -0.536075 0.000000 0.979401 0.201925 0.000000 0.999998 0.002014 0.000000 
-0.551262 -0.834332 -0.000000 -0.203649 0.979044 0.000000 -0.994096 0.108501 0.000000 0.844090 -0.536202 0.000000 0.979401 0.201925 0.000000 0.999998 0.001803 0.000000 
-0.551433 -0.834219 -0.000000 -0.203650 0.979044 0.000000 -0.994053 0.108896 0.000000 0.843980 -0.536374 0.000000 0.979401 0.201927 0.000000 1.000000 0.000972 0.000000 
-0.551534 -0.834153 -0.000000 -0.202491 0.979284 0.000000 -0.994006 0.109324 0.000000 0.843915 -0.536476 0.000000 0.979636 0.200784 0.000000 1.000000 0.000895 0.000000 
-0.551722 -0.834028 -0.000000 -0.202515 0.979279 0.000000 -0.993992 0.109455 0.000000 0.843795 -0.536666 0.000000 0.979631 0.200806 0.000000 1.000000 0.000701 0.000000 
-0.551909 -0.833904 -0.000000 -0.202519 0.979278 0.000000 -0.993977 0.109592 0.000000 0.843674 -0.536856 0.000000 0.979631 0.200806 0.000000 1.000000 0.000501 0.000000 
-0.552073 -0.833796 -0.000000 -0.202089 0.979367 0.000000 -0.993975 0.109608 0.000000 0.843569 -0.537021 0.000000 0.979721 0.200365 0.000000 1.000000 0.000947 0.000000 
-0.552232 -0.833690 -0.000000 -0.201523 0.979484 0.000000 -0.993942 0.109902 0.000000 0.843466 -0.537182 0.000000 0.979834 0.199811 0.000000 1.000000 0.000773 0.000000 
-0.552417 -0.833568 -0.000000 -0.201526 0.979483 0.000000 -0.993933 0.109990 0.000000 0.843346 -0.537371 0.000000 0.979834 0.199812 0.000000 1.000000 0.000685 0.000000 
-0.552629 -0.833427 -0.000000 -0.201529 0.979483 0.000000 -0.993917 0.110133 0.000000 0.843210 -0.537584 0.000000 0.979834 0.199813 0.000000 1.000000 0.000480 0.000000 
-0.552845 -0.833284 -0.000000 -0.201517 0.979485 0.000000 -0.993881 0.110457 0.000000 0.843070 -0.537803 0.000000 0.979836 0.199802 0.000000 1.000000 -0.000126 0.000000 
-0.553050 -0.833148 -0.000000 -0.201573 0.979474 0.000000 -0.993860 0.110646 0.000000 0.842938 -0.538011 0.000000 0.979826 0.199854 0.000000 1.000000 -0.000463 0.000000 
-0.553299 -0.832982 -0.000000 -0.201050 0.979581 0.000000 -0.993845 0.110778 0.000000 0.842778 -0.538262 0.000000 0.979934 0.199324 0.000000 1.000000 -0.000085 0.000000 
-0.553479 -0.832863 -0.000000 -0.201051 0.979581 0.000000 -0.993822 0.110989 0.000000 0.842661 -0.538444 0.000000 0.979933 0.199325 0.000000 1.000000 -0.000469 0.000000 
-0.553645 -0.832753 -0.000000 -0.201052 0.979580 0.000000 -0.993804 0.111143 0.000000 0.842553 -0.538613 0.000000 0.979933 0.199327 0.000000 1.000000 -0.000710 0.000000 
-0.553814 -0.832641 -0.000000 -0.200010 0.979794 0.000000 -0.993808 0.111111 0.000000 0.842445 -0.538783 0.000000 0.980147 0.198271 0.000000 1.000000 0.000427 0.000000 
-0.553848 -0.832618 -0.000000 -0.199793 0.979838 0.000000 -0.993778 0.111381 0.000000 0.842423 -0.538817 0.000000 0.980188 0.198071 0.000000 1.000000 -0.000118 0.000000 
-0.554051 -0.832483 -0.000000 -0.200021 0.979792 0.000000 -0.993766 0.111485 0.000000 0.842291 -0.539023 0.000000 0.980144 0.198287 0.000000 1.000000 -0.000451 0.000000 
-0.554190 -0.832390 -0.000000 -0.200021 0.979792 0.000000 -0.993751 0.111617 0.000000 0.842201 -0.539164 0.000000 0.980144 0.198289 0.000000 1.000000 -0.000651 0.000000 
-0.554348 -0.832285 -0.000000 -0.200020 0.979792 0.000000 -0.993735 0.111762 0.000000 0.842099 -0.539323 0.000000 0.980143 0.198290 0.000000 1.000000 -0.000827 0.000000 
-0.554501 -0.832183 -0.000000 -0.200021 0.979792 0.000000 -0.993717 0.111923 0.000000 0.842000 -0.539478 0.000000 0.980143 0.198291 0.000000 0.999999 -0.001053 0.000000 
-0.554650 -0.832084 -0.000000 -0.200021 0.979792 0.000000 -0.993695 0.112117 0.000000 0.841903 -0.539629 0.000000 0.980143 0.198293 0.000000 0.999999 -0.001375 0.000000 
-0.554794 -0.831988 -0.000000 -0.200021 0.979792 0.000000 -0.993672 0.112325 0.000000 0.841809 -0.539775 0.000000 0.980143 0.198294 0.000000 0.999998 -0.001750 0.000000 
-0.554984 -0.831861 -0.000000 -0.200045 0.979787 0.000000 -0.993630 0.112695 0.000000 0.841686 -0.539967 0.000000 0.980137 0.198319 0.000000 0.999997 -0.002534 0.000000 
-0.555103 -0.831781 -0.000000 -0.200046 0.979786 0.000000 -0.993600 0.112954 0.000000 0.841609 -0.540088 0.000000 0.980137 0.198320 0.000000 0.999995 -0.003058 0.000000 
-0.555213 -0.831708 -0.000000 -0.200047 0.979786 0.000000 -0.993572 0.113202 0.000000 0.841537 -0.540200 0.000000 0.980137 0.198321 0.000000 0.999994 -0.003556 0.000000 
-0.555299 -0.831651 -0.000000 -0.200080 0.979780 0.000000 -0.993554 0.113364 0.000000 0.841482 -0.540286 0.000000 0.980131 0.198353 0.000000 0.999993 -0.003863 0.000000 
-0.555391 -0.831589 -0.000000 -0.200081 0.979779 0.000000 -0.993526 0.113608 0.000000 0.841422 -0.540379 0.000000 0.980130 0.198354 0.000000 0.999991 -0.004344 0.000000 
-0.555479 -0.831531 -0.000000 -0.200081 0.979779 0.000000 -0.993496 0.113866 0.000000 0.841364 -0.540469 0.000000 0.980130 0.198355 0.000000 0.999988 -0.004845 0.000000 
-0.555560 -0.831477 -0.000000 -0.200082 0.979779 0.000000 -0.993464 0.114144 0.000000 0.841312 -0.540550 0.000000 0.980130 0.198356 0.000000 0.999985 -0.005391 0.000000 
-0.555433 -0.831561 -0.000000 -0.199335 0.979931 0.000000 -0.993412 0.114594 0.000000 0.841394 -0.540422 0.000000 0.980275 0.197638 0.000000 0.999981 -0.006128 0.000000 
-0.555494 -0.831521 -0.000000 -0.199519 0.979894 0.000000 -0.993408 0.114632 0.000000 0.841355 -0.540483 0.000000 0.980240 0.197814 0.000000 0.999980 -0.006364 0.000000 
-0.555528 -0.831498 -0.000000 -0.199041 0.979991 0.000000 -0.993389 0.114793 0.000000 0.841332 -0.540518 0.000000 0.980335 0.197340 0.000000 0.999980 -0.006361 0.000000 
-0.555658 -0.831411 -0.000000 -0.199045 0.979990 0.000000 -0.993325 0.115347 0.000000 0.841248 -0.540649 0.000000 0.980335 0.197339 0.000000 0.999971 -0.007638 0.000000 
-0.555794 -0.831320 -0.000000 -0.198092 0.980183 0.000000 -0.993329 0.115318 0.000000 0.841160 -0.540787 0.000000 0.980531 0.196363 0.000000 0.999978 -0.006575 0.000000 
-0.556075 -0.831132 -0.000000 -0.198094 0.980183 0.000000 -0.993300 0.115562 0.000000 0.840977 -0.541070 0.000000 0.980531 0.196365 0.000000 0.999976 -0.006947 0.000000 
-0.556252 -0.831014 -0.000000 -0.198094 0.980183 0.000000 -0.993232 0.116145 0.000000 0.840862 -0.541250 0.000000 0.980531 0.196366 0.000000 0.999966 -0.008190 0.000000 
-0.556415 -0.830905 -0.000000 -0.198093 0.980183 0.000000 -0.993196 0.116458 0.000000 0.840756 -0.541415 0.000000 0.980531 0.196365 0.000000 0.999962 -0.008767 0.000000 
-0.556614 -0.830771 -0.000000 -0.197267 0.980350 0.000000 -0.993149 0.116859 0.000000 0.840625 -0.541617 0.000000 0.980690 0.195568 0.000000 0.999959 -0.009027 0.000000 
-0.556830 -0.830627 -0.000000 -0.197297 0.980344 0.000000 -0.993125 0.117059 0.000000 0.840485 -0.541835 0.000000 0.980685 0.195594 0.000000 0.999956 -0.009399 0.000000 
-0.557050 -0.830479 -0.000000 -0.197328 0.980338 0.000000 -0.993096 0.117304 0.000000 0.840341 -0.542058 0.000000 0.980680 0.195621 0.000000 0.999951 -0.009879 0.000000 
-0.557276 -0.830327 -0.000000 -0.197415 0.980320 0.000000 -0.993100 0.117271 0.000000 0.840194 -0.542286 0.000000 0.980665 0.195695 0.000000 0.999953 -0.009666 0.000000 
-0.557486 -0.830186 -0.000000 -0.197335 0.980336 0.000000 -0.993085 0.117401 0.000000 0.840057 -0.542499 0.000000 0.980683 0.195606 0.000000 0.999952 -0.009754 0.000000 
-0.557640 -0.830083 -0.000000 -0.197074 0.980389 0.000000 -0.993048 0.117710 0.000000 0.839956 -0.542654 0.000000 0.980732 0.195357 0.000000 0.999948 -0.010237 0.000000 
-0.557837 -0.829950 -0.000000 -0.197078 0.980388 0.000000 -0.993021 0.117940 0.000000 0.839827 -0.542854 0.000000 0.980732 0.195358 0.000000 0.999943 -0.010675 0.000000 
-0.558006 -0.829837 -0.000000 -0.197110 0.980381 0.000000 -0.993000 0.118113 0.000000 0.839716 -0.543025 0.000000 0.980726 0.195388 0.000000 0.999940 -0.010979 0.000000 
-0.558122 -0.829759 -0.000000 -0.197112 0.980381 0.000000 -0.992981 0.118271 0.000000 0.839641 -0.543142 0.000000 0.980726 0.195389 0.000000 0.999937 -0.011266 0.000000 
-0.558223 -0.829691 -0.000000 -0.197114 0.980381 0.000000 -0.992963 0.118423 0.000000 0.839575 -0.543244 0.000000 0.980726 0.195391 0.000000 0.999933 -0.011554 0.000000 
-0.558340 -0.829612 -0.000000 -0.197119 0.980380 0.000000 -0.992937 0.118646 0.000000 0.839498 -0.543363 0.000000 0.980724 0.195397 0.000000 0.999928 -0.011997 0.000000 
-0.558460 -0.829532 -0.000000 -0.197120 0.980379 0.000000 -0.992915 0.118824 0.000000 0.839419 -0.543484 0.000000 0.980724 0.195397 0.000000 0.999924 -0.012321 0.000000 
-0.558567 -0.829459 -0.000000 -0.197138 0.980376 0.000000 -0.992956 0.118480 0.000000 0.839349 -0.543593 0.000000 0.980723 0.195403 0.000000 0.999937 -0.011245 0.000000 
-0.558699 -0.829371 -0.000000 -0.197148 0.980374 0.000000 -0.992921 0.118779 0.000000 0.839262 -0.543727 0.000000 0.980721 0.195413 0.000000 0.999928 -0.011991 0.000000 
-0.558715 -0.829360 -0.000000 -0.196662 0.980471 0.000000 -0.992871 0.119197 0.000000 0.839252 -0.543743 0.000000 0.980814 0.194946 0.000000 0.999920 -0.012674 0.000000 
-0.558855 -0.829265 -0.000000 -0.196664 0.980471 0.000000 -0.992834 0.119505 0.000000 0.839160 -0.543884 0.000000 0.980814 0.194947 0.000000 0.999912 -0.013277 0.000000 
