0.046286 0.153336 0.004006 0.118830 0.108886 0.004010 0.065984 0.236036 0.004379 0.244100 0.239256 0.004830 
0.046463 0.153052 0.003902 0.119306 0.109076 0.003955 0.066476 0.236229 0.004277 0.244297 0.238944 0.004822 
0.046574 0.152787 0.004001 0.118601 0.108782 0.004045 0.065771 0.235940 0.004340 0.244407 0.238698 0.004834 
0.046683 0.152529 0.004092 0.117376 0.108269 0.004126 0.064544 0.235435 0.004395 0.244510 0.238470 0.004846 
0.046737 0.152401 0.004173 0.115887 0.107646 0.004198 0.063052 0.234822 0.004446 0.244553 0.238376 0.004858 
0.046421 0.153276 0.004063 0.114498 0.107130 0.004021 0.061698 0.234330 0.004407 0.244235 0.239208 0.004789 
0.045921 0.154594 0.003943 0.113319 0.106726 0.003827 0.060519 0.233934 0.004416 0.243704 0.240521 0.004861 
0.046652 0.152974 0.003818 0.111987 0.106015 0.003923 0.059169 0.233227 0.004162 0.244436 0.238984 0.004965 
0.046672 0.152926 0.003904 0.108972 0.104744 0.004000 0.056115 0.231961 0.004197 0.244406 0.239054 0.004979 
0.046664 0.152946 0.004004 0.105254 0.103187 0.004075 0.052385 0.230426 0.004260 0.244360 0.239161 0.005012 
0.046978 0.152137 0.004013 0.102139 0.101859 0.004181 0.049056 0.229032 0.004238 0.244514 0.238755 0.005352 
0.046990 0.152389 0.004108 0.099078 0.100499 0.004292 0.046516 0.227910 0.004392 0.244851 0.238246 0.005884 
0.046526 0.153932 0.004090 0.093265 0.098290 0.004025 0.041123 0.225912 0.004447 0.244604 0.239216 0.005522 
0.046843 0.153240 0.004176 0.087708 0.095985 0.004077 0.035664 0.223687 0.004446 0.244957 0.238488 0.005300 
0.047128 0.152661 0.004251 0.084221 0.094521 0.004167 0.032417 0.222345 0.004505 0.245384 0.237610 0.005686 
0.047306 0.152358 0.004327 0.083209 0.094067 0.004301 0.031748 0.222036 0.004624 0.245780 0.236791 0.006796 
0.047389 0.152281 0.004405 0.084489 0.094534 0.004504 0.033428 0.222654 0.004814 0.246116 0.236057 0.008541 
0.047500 0.152456 0.004503 0.091623 0.097196 0.005084 0.041712 0.225715 0.005405 0.246941 0.234265 0.012047 
0.047503 0.152136 0.004616 0.100377 0.100023 0.006143 0.052830 0.229367 0.006429 0.248334 0.230034 0.015964 
0.047611 0.151804 0.004663 0.098623 0.099368 0.006160 0.051102 0.228733 0.006395 0.248434 0.229699 0.016312 
0.048021 0.151261 0.004688 0.091736 0.096961 0.005644 0.043490 0.226109 0.005858 0.248420 0.230455 0.015088 
0.048406 0.150920 0.004718 0.087408 0.095584 0.005379 0.037476 0.224127 0.005570 0.247738 0.232843 0.014659 
0.048763 0.150295 0.004739 0.086587 0.095377 0.005404 0.035554 0.223496 0.005559 0.247350 0.233951 0.015480 
0.049003 0.150065 0.004790 0.087500 0.095850 0.005587 0.035686 0.223653 0.005742 0.247011 0.234897 0.017025 
0.049219 0.149753 0.004838 0.088249 0.096216 0.005790 0.036068 0.223865 0.005938 0.246903 0.235112 0.018695 
0.048852 0.150909 0.004929 0.092462 0.097943 0.006328 0.039620 0.225293 0.006623 0.245929 0.237107 0.021510 
0.048433 0.152263 0.004989 0.096761 0.099801 0.007010 0.042793 0.226651 0.007291 0.244528 0.240015 0.024365 
0.047850 0.153838 0.005027 0.096629 0.099877 0.007194 0.042146 0.226510 0.007468 0.243414 0.242296 0.026090 
0.047201 0.155325 0.005064 0.095671 0.099489 0.007307 0.041048 0.226068 0.007541 0.242482 0.243930 0.027704 
0.046680 0.156534 0.005101 0.094983 0.099161 0.007480 0.040528 0.225817 0.007671 0.241868 0.244792 0.029549 
0.046112 0.157846 0.005143 0.095952 0.099602 0.007910 0.041405 0.226212 0.008063 0.240959 0.246095 0.031944 
0.045692 0.158829 0.005184 0.096275 0.099773 0.008263 0.041595 0.226324 0.008359 0.240157 0.247149 0.034240 
0.045144 0.160027 0.005226 0.097512 0.100381 0.008786 0.042536 0.226794 0.008857 0.239050 0.248614 0.036877 
0.044693 0.161104 0.005263 0.096215 0.099896 0.008815 0.040857 0.226153 0.008843 0.238023 0.250170 0.038855 
0.044237 0.162252 0.005302 0.095268 0.099607 0.008890 0.039292 0.225601 0.008856 0.236767 0.252136 0.041067 
0.043904 0.162977 0.005358 0.094352 0.099289 0.009027 0.038210 0.225216 0.008960 0.235902 0.252953 0.043571 
0.043343 0.164940 0.005525 0.102036 0.102631 0.011125 0.044378 0.227821 0.010981 0.233462 0.256727 0.048250 
0.120305 0.104801 0.018669 0.230021 0.254708 0.055217 0.044303 0.156921 0.006788 0.058682 0.227936 0.016003 
0.123302 0.088177 0.025538 0.047467 0.133620 0.010973 0.229319 0.239191 0.058112 0.057783 0.209050 0.017600 
-0.365617 -0.073310 0.020219 0.233918 0.224939 0.062781 -0.025174 0.181578 0.073331 0.121922 0.013765 0.058564 0.105015 0.005116 0.047883 0.059134 0.189813 0.020569 -0.128166 0.064289 0.025688 
-0.372163 -0.077543 0.019241 0.244230 0.215892 0.071508 -0.029525 0.165878 0.063057 0.117286 -0.002111 0.049971 0.123543 0.006258 0.054534 0.070811 0.182242 0.026268 -0.105020 0.066553 0.024480 
-0.355785 -0.112436 0.004696 0.252243 0.211777 0.077849 0.083306 0.183034 0.029718 0.121965 -0.027768 0.042353 0.145652 0.007568 0.060678 -0.025205 0.140316 0.042667 -0.065530 0.077273 0.017839 
-0.365006 -0.104894 0.004744 0.250700 0.209221 0.076894 0.084614 0.180776 0.028262 0.119795 -0.037499 0.038846 0.148962 0.007920 0.061237 -0.025641 0.131967 0.039180 -0.066101 0.073167 0.016116 
-0.371834 -0.097400 0.004801 0.244775 0.205150 0.070391 0.076386 0.174575 0.022462 0.119863 -0.038113 0.037873 0.146464 0.006785 0.058013 -0.025204 0.131672 0.038251 -0.072701 0.067656 0.013315 
0.239185 0.204612 0.063183 0.144035 0.007760 0.054233 0.068901 0.171961 0.016193 -0.377339 -0.091354 0.004606 0.119693 -0.038665 0.036113 -0.025088 0.131360 0.035813 -0.078362 0.064672 0.009997 
0.237052 0.208510 0.058581 0.144429 0.009351 0.052801 0.061257 0.168434 0.012637 -0.378740 -0.090169 0.003847 0.119735 -0.038046 0.035006 -0.025103 0.131916 0.032193 -0.073591 0.069059 0.008597 
0.236623 0.210237 0.055506 0.145312 0.009352 0.053295 0.055402 0.164880 0.010714 -0.375641 -0.093243 0.002407 0.121288 -0.037871 0.036657 -0.022930 0.132514 0.028849 -0.065195 0.075556 0.007880 
0.237459 0.208685 0.053854 0.146531 0.008835 0.055413 0.052390 0.162923 0.009688 -0.369677 -0.099031 0.000849 0.123656 -0.039522 0.040385 -0.018920 0.131842 0.025544 -0.055742 0.082669 0.007218 
-0.360853 -0.108226 -0.000208 0.238977 0.204807 0.053591 0.052155 0.162501 0.009404 0.126419 -0.042889 0.046098 0.147874 0.007979 0.059071 -0.013545 0.129667 0.022157 -0.045170 0.090528 0.006608 
-0.361313 -0.111001 -0.000134 0.177818 0.309126 0.038612 -0.060735 0.141183 0.033687 -0.001021 0.163965 0.035344 0.124125 -0.048816 0.048280 0.128816 0.001444 0.047680 
-0.375843 -0.104240 -0.002426 0.167549 0.342609 0.055349 -0.076044 0.161795 0.053306 0.013040 0.206787 0.056633 0.115531 -0.060763 0.043474 0.142924 0.036503 0.056816 
-0.391729 -0.088338 -0.005255 0.162488 0.368424 0.073540 -0.053355 0.188072 0.064241 0.022512 0.235425 0.070851 0.114748 -0.068744 0.040073 0.163370 0.079063 0.072594 
-0.408070 -0.065011 -0.008635 0.159367 0.403961 0.101371 -0.006995 0.233324 0.077547 0.029854 0.264987 0.084132 0.120662 -0.071698 0.038338 0.185262 0.129436 0.096631 
-0.420769 -0.045203 -0.010862 0.156017 0.425312 0.118650 0.029859 0.268670 0.090017 0.036778 0.285262 0.091765 0.125463 -0.073033 0.035852 0.200003 0.168078 0.116522 
-0.435313 -0.019001 -0.014252 0.138266 0.453975 0.135378 0.063916 0.317721 0.106874 0.036761 0.310741 0.096880 0.129438 -0.079165 0.034335 0.204219 0.214133 0.135355 
-0.447105 0.001161 -0.016517 0.050469 0.542204 0.167824 0.076293 0.366305 0.126408 0.025255 0.349015 0.102540 0.133926 -0.079963 0.031658 0.193432 0.249312 0.129232 
-0.456977 0.023762 -0.019358 -0.004758 0.544589 0.152719 0.095083 0.406837 0.127031 0.005171 0.356753 0.072818 0.129881 -0.090942 0.028962 0.177500 0.275157 0.113588 
-0.465251 0.045355 -0.023529 -0.068938 0.532684 0.119781 0.056626 0.415469 0.098010 -0.027971 0.383242 0.051067 0.125683 -0.101248 0.027831 0.142099 0.300892 0.077990 
-0.475026 0.063420 -0.027464 -0.130704 0.512977 0.074580 -0.032058 0.364817 0.045290 -0.067887 0.431764 0.050390 0.128595 -0.101601 0.025603 0.094726 0.312358 0.023960 
-0.479284 0.060664 -0.030205 -0.148537 0.487745 0.039112 -0.039238 0.361924 0.020169 -0.082978 0.439656 0.025401 0.134426 -0.093780 0.023667 0.081437 0.321051 -0.000245 
-0.486100 0.043982 -0.025662 -0.146745 0.489346 0.027645 -0.026817 0.373910 0.014963 -0.084699 0.434957 0.007463 0.125415 -0.106826 0.037519 0.082679 0.321723 -0.002508 
-0.500175 0.031321 -0.010105 -0.149193 0.492043 0.013723 -0.016478 0.383829 0.008374 -0.089900 0.411853 -0.015041 0.107432 -0.121139 0.064234 0.078740 0.308849 -0.003403 
-0.515393 0.030696 0.009811 -0.150974 0.494591 0.000694 -0.014942 0.385576 0.004094 -0.093654 0.390983 -0.025456 0.088688 -0.123880 0.095205 0.073997 0.296214 0.001217 
-0.522723 0.038800 0.025007 -0.151485 0.497272 -0.009320 -0.021457 0.379795 0.003926 -0.094542 0.384525 -0.024688 0.078706 -0.114672 0.128281 0.070377 0.289413 0.009788 
-0.520860 0.048956 0.031487 -0.154117 0.499834 -0.018821 -0.034943 0.371070 0.004968 -0.094731 0.393856 -0.021446 0.077092 -0.098490 0.158476 0.066373 0.289773 0.016050 
-0.515397 0.060304 0.032002 -0.160622 0.506334 -0.026088 -0.049253 0.371148 0.006546 -0.098180 0.415528 -0.020069 0.079824 -0.076335 0.181407 0.060962 0.301094 0.018936 
-0.508420 0.072917 0.026867 -0.162105 0.518323 -0.032988 -0.054892 0.380873 0.007411 -0.098626 0.437315 -0.021305 0.082592 -0.053281 0.200017 0.059946 0.317457 0.022307 
-0.499815 0.086777 0.016373 -0.160277 0.529626 -0.040850 -0.058194 0.390191 0.008049 -0.095637 0.460054 -0.023130 0.084035 -0.030491 0.216852 0.061513 0.334346 0.025770 
-0.489949 0.101382 0.000806 -0.151972 0.541920 -0.049772 -0.055047 0.401299 0.008188 -0.088099 0.478131 -0.026275 0.082936 -0.008671 0.233683 0.066778 0.349588 0.031592 
-0.477891 0.114436 -0.020107 -0.137438 0.555999 -0.058442 -0.038612 0.422404 0.007136 -0.074202 0.489674 -0.031594 0.080139 0.012397 0.249115 0.076730 0.367807 0.040340 
-0.026867 0.436565 0.005731 -0.122936 0.565113 -0.069191 -0.463329 0.125412 -0.044029 -0.060871 0.504341 -0.037666 0.076577 0.034125 0.265215 0.084731 0.383765 0.047212 
-0.015148 0.442686 0.006924 -0.100073 0.573817 -0.080148 -0.441164 0.135162 -0.075066 -0.044093 0.519245 -0.043219 0.063103 0.048051 0.289620 0.093280 0.392057 0.058243 
-0.014612 0.430726 0.014958 -0.073906 0.568418 -0.086087 -0.415392 0.151059 -0.112983 -0.018197 0.540359 -0.033996 0.034921 0.058087 0.314724 0.101475 0.394608 0.077033 
-0.048217 0.560264 -0.084356 -0.017640 0.416888 0.029343 -0.009930 0.067300 0.339579 0.102123 0.391228 0.106132 -0.390631 0.169870 -0.149941 0.005059 0.551831 -0.015216 
-0.017672 0.558584 -0.071556 -0.007985 0.415903 0.052898 -0.076398 0.072123 0.373355 0.089274 0.380853 0.148291 -0.366271 0.173709 -0.173861 0.020492 0.533599 0.001829 
0.013921 0.562426 -0.035838 0.006510 0.428136 0.096568 -0.150785 0.086111 0.427627 0.065225 0.379162 0.204106 -0.337605 0.150907 -0.165444 0.027971 0.514655 0.024501 
0.033101 0.568676 0.034348 -0.022497 0.451771 0.025885 -0.005008 0.432480 0.164539 -0.246325 0.100020 0.477042 0.011666 0.367872 0.288523 -0.214471 0.180166 -0.045319 
0.031261 0.562736 0.126880 -0.054128 0.366553 0.373301 -0.022487 0.447643 0.116535 -0.036574 0.432563 0.250973 -0.278647 0.137377 -0.116656 -0.184690 0.202940 0.369435 
-0.084404 0.445633 0.355023 -0.249579 0.153004 -0.093191 -0.258792 0.209243 0.401047 -0.117168 0.384770 0.426105 0.003665 0.558058 0.227353 -0.151135 0.359322 0.435473 
-0.237518 0.165371 -0.067366 -0.158307 0.448156 0.418090 -0.115563 0.468908 0.384530 -0.519399 0.123052 0.485715 -0.047497 0.551782 0.315449 -0.220457 0.397034 0.524731 
-0.247701 0.173249 -0.045556 -0.201592 0.453389 0.455733 -0.164774 0.460493 0.422800 -0.083338 0.554466 0.358007 -0.566657 0.122086 0.484879 -0.275681 0.399525 0.554894 
-0.267311 0.161138 0.003927 -0.239713 0.454718 0.478939 -0.188085 0.481447 0.450269 -0.616485 0.140612 0.518651 -0.116990 0.554172 0.388258 -0.312157 0.408463 0.579820 
-0.292679 0.151759 0.042190 -0.657055 0.158551 0.547438 -0.269225 0.455306 0.487527 -0.203547 0.504752 0.461255 -0.145142 0.554505 0.401993 -0.336443 0.417032 0.592997 
-0.318509 0.147311 0.059162 -0.685750 0.167552 0.561249 -0.292966 0.458972 0.492883 -0.222458 0.514750 0.465035 -0.169326 0.557345 0.409115 -0.358875 0.423108 0.599327 
-0.340398 0.148148 0.059703 -0.705046 0.168533 0.562370 -0.313011 0.463230 0.494768 -0.244660 0.515092 0.465972 -0.190356 0.560946 0.410446 -0.380193 0.426298 0.600537 
-0.360730 0.150250 0.051359 -0.718782 0.165438 0.557312 -0.329730 0.464581 0.490485 -0.264720 0.511920 0.461295 -0.208030 0.562980 0.404942 -0.397591 0.425916 0.596188 
-0.383968 0.153142 0.035604 -0.728095 0.162628 0.550964 -0.343944 0.461645 0.479910 -0.282280 0.505679 0.450472 -0.224935 0.558749 0.392292 -0.410580 0.421886 0.586263 
-0.413806 0.151747 0.013212 -0.738190 0.157064 0.539255 -0.354563 0.453606 0.458880 -0.293548 0.497274 0.427244 -0.238802 0.550854 0.370460 -0.418527 0.412036 0.566409 
-0.446577 0.151315 -0.019584 -0.743748 0.147285 0.519750 -0.359292 0.443955 0.426825 -0.298527 0.488481 0.391339 -0.248153 0.543190 0.337582 -0.418992 0.398637 0.535541 
-0.474687 0.159289 -0.062811 -0.745176 0.138488 0.493238 -0.346038 0.450185 0.401044 -0.361633 0.433467 0.383109 -0.301201 0.482155 0.345350 
-0.479776 0.162545 -0.066255 -0.340184 0.449587 0.383798 -0.739160 0.150515 0.504899 -0.339315 0.443863 0.366327 
-0.480117 0.167504 -0.071806 -0.337538 0.446727 0.374247 -0.728098 0.147201 0.504733 -0.335847 0.441571 0.355279 
-0.482672 0.170252 -0.077194 -0.334816 0.451308 0.368104 -0.715030 0.143832 0.504285 -0.333204 0.448047 0.353987 
-0.487643 0.170477 -0.081584 -0.700341 0.142642 0.504379 -0.328835 0.454934 0.351002 -0.259921 0.541456 0.238359 -0.516556 0.238258 0.418041 -0.405426 0.367245 0.441834 
-0.493187 0.168899 -0.084327 -0.255112 0.549409 0.230484 -0.687463 0.142331 0.504094 -0.322945 0.459626 0.343504 -0.506169 0.238054 0.412832 -0.393870 0.373089 0.435844 
-0.497339 0.167842 -0.086870 -0.250709 0.553157 0.220225 -0.676045 0.142816 0.504559 -0.316547 0.461234 0.333639 -0.496982 0.238587 0.409048 -0.382686 0.375722 0.428159 
-0.501114 0.166836 -0.088932 -0.246999 0.554918 0.210187 -0.665707 0.142870 0.504612 -0.310815 0.461352 0.323914 -0.488747 0.238667 0.405309 -0.372737 0.376738 0.420369 
-0.924488 0.964910 0.685288 -0.702617 0.671627 0.571499 -0.338656 0.897392 0.443064 -0.432388 0.729297 0.554569 -0.504453 0.165820 -0.090804 -0.481488 0.238372 0.401596 -0.243922 0.555982 0.201438 -0.364328 0.377338 0.413435 
-0.922162 0.948655 0.675365 -0.700228 0.668414 0.574364 -0.338138 0.902070 0.443915 -0.431467 0.726423 0.552853 -0.506957 0.165630 -0.093011 -0.474806 0.238282 0.398060 -0.241590 0.556227 0.194223 -0.357806 0.377207 0.407607 
-0.919084 0.942638 0.673031 -0.697260 0.667055 0.575971 -0.336434 0.903165 0.443826 -0.428912 0.725401 0.550898 -0.508434 0.166074 -0.095139 -0.469457 0.238384 0.395191 -0.239851 0.556354 0.188410 -0.352885 0.376966 0.403055 
-0.915923 0.945026 0.675877 -0.694250 0.667843 0.576378 -0.333732 0.903782 0.442395 -0.425292 0.726663 0.548924 -0.509421 0.166218 -0.096435 -0.465896 0.238463 0.393443 -0.238385 0.557145 0.184287 -0.349107 0.377351 0.400033 
-0.913166 0.952693 0.681280 -0.691677 0.670049 0.576020 -0.330951 0.904147 0.440293 -0.421509 0.729408 0.547115 -0.510175 0.166080 -0.097100 -0.463544 0.238560 0.392494 -0.237221 0.558463 0.181566 -0.346244 0.378321 0.398287 
-0.910763 0.961962 0.687144 -0.689622 0.672751 0.575308 -0.328524 0.904277 0.438172 -0.418100 0.732583 0.545622 -0.510777 0.165658 -0.097205 -0.462200 0.238610 0.392152 -0.236233 0.560055 0.179949 -0.344101 0.379576 0.397426 
-0.908730 0.970269 0.692421 -0.688189 0.675117 0.574672 -0.326920 0.903693 0.436415 -0.415458 0.735312 0.544501 -0.511580 0.164921 -0.096911 -0.461214 0.238684 0.391994 -0.235447 0.561519 0.178914 -0.342469 0.380776 0.396980 
-0.907306 0.975570 0.695839 -0.687271 0.676657 0.574347 -0.326017 0.903148 0.435369 -0.413785 0.737081 0.543840 -0.512463 0.164216 -0.096605 -0.460249 0.238812 0.391763 -0.234930 0.562483 0.178246 -0.341363 0.381592 0.396735 
-0.906731 0.977072 0.696889 -0.686852 0.677195 0.574364 -0.325631 0.903147 0.435131 -0.413101 0.737757 0.543564 -0.513056 0.163874 -0.096549 -0.459435 0.238923 0.391458 -0.234644 0.562907 0.177755 -0.340692 0.381937 0.396456 
-0.906843 0.976292 0.696460 -0.686917 0.677061 0.574501 -0.325695 0.903327 0.435335 -0.413194 0.737661 0.543559 -0.513172 0.163833 -0.096571 -0.459242 0.238933 0.391348 -0.234577 0.562988 0.177560 -0.340490 0.381991 0.396275 
-0.907386 0.974474 0.695340 -0.687346 0.676650 0.574715 -0.326106 0.903542 0.435835 -0.413778 0.737239 0.543794 -0.513198 0.163806 -0.096513 -0.459334 0.238928 0.391360 -0.234637 0.562950 0.177683 -0.340600 0.381967 0.396302 
-0.908226 0.972471 0.693976 -0.688025 0.676212 0.574926 -0.326720 0.903802 0.436501 -0.414622 0.736785 0.544126 -0.513207 0.163768 -0.096396 -0.459578 0.238922 0.391438 -0.234773 0.562902 0.177966 -0.340862 0.381951 0.396440 
-0.909198 0.970851 0.692655 -0.688783 0.675900 0.575050 -0.327350 0.904156 0.437175 -0.415519 0.736456 0.544473 -0.513167 0.163737 -0.096244 -0.459936 0.238939 0.391594 -0.234962 0.562867 0.178367 -0.341240 0.381953 0.396684 
-0.910145 0.969990 0.691716 -0.689536 0.675765 0.575067 -0.327944 0.904422 0.437726 -0.416336 0.736308 0.544782 -0.513101 0.163710 -0.096076 -0.460375 0.238953 0.391794 -0.235184 0.562839 0.178834 -0.341688 0.381971 0.397002 
-0.910961 0.969886 0.691260 -0.690213 0.675782 0.575002 -0.328472 0.904505 0.438101 -0.417002 0.736322 0.545030 -0.513008 0.163695 -0.095914 -0.460816 0.238986 0.392021 -0.235403 0.562829 0.179301 -0.342138 0.382002 0.397343 
-0.911628 0.969923 0.690959 -0.690779 0.675818 0.574934 -0.328913 0.904533 0.438386 -0.417543 0.736355 0.545232 -0.512936 0.163678 -0.095774 -0.461203 0.239001 0.392208 -0.235593 0.562815 0.179705 -0.342527 0.382030 0.397641 
-0.912106 0.969949 0.690741 -0.691183 0.675842 0.574882 -0.329232 0.904548 0.438587 -0.417934 0.736376 0.545380 -0.512873 0.163671 -0.095674 -0.461482 0.239020 0.392352 -0.235730 0.562804 0.180000 -0.342812 0.382045 0.397858 
-0.912340 0.969944 0.690628 -0.691388 0.675838 0.574851 -0.329395 0.904531 0.438680 -0.418139 0.736360 0.545467 -0.512837 0.163667 -0.095617 -0.461662 0.239015 0.392431 -0.235812 0.562770 0.180187 -0.342995 0.382034 0.397993 
-0.912370 0.969930 0.690608 -0.691421 0.675822 0.574840 -0.329424 0.904514 0.438682 -0.418181 0.736333 0.545495 -0.512825 0.163667 -0.095602 -0.461725 0.239000 0.392450 -0.235837 0.562739 0.180252 -0.343059 0.382014 0.398039 
-0.912349 0.969929 0.690616 -0.691403 0.675821 0.574842 -0.329411 0.904507 0.438676 -0.418164 0.736332 0.545488 -0.512828 0.163667 -0.095607 -0.461713 0.238999 0.392444 -0.235832 0.562738 0.180239 -0.343047 0.382014 0.398029 
-0.912330 0.969929 0.690624 -0.691387 0.675821 0.574843 -0.329399 0.904508 0.438664 -0.418149 0.736331 0.545482 -0.512831 0.163667 -0.095611 -0.461702 0.238999 0.392439 -0.235827 0.562738 0.180228 -0.343036 0.382013 0.398020 
-0.912308 0.969930 0.690632 -0.691373 0.675819 0.574845 -0.329386 0.904507 0.438656 -0.418134 0.736328 0.545476 -0.512846 0.163662 -0.095612 -0.461700 0.238980 0.392420 -0.235825 0.562731 0.180220 -0.343027 0.382013 0.398015 
-0.912288 0.969932 0.690638 -0.691361 0.675818 0.574846 -0.329377 0.904502 0.438645 -0.418120 0.736324 0.545472 -0.512860 0.163657 -0.095614 -0.461698 0.238961 0.392402 -0.235824 0.562725 0.180214 -0.343019 0.382012 0.398010 
-0.912273 0.969933 0.690644 -0.691348 0.675818 0.574847 -0.329367 0.904507 0.438636 -0.418109 0.736324 0.545467 -0.512862 0.163657 -0.095617 -0.461690 0.238960 0.392397 -0.235820 0.562725 0.180205 -0.343011 0.382012 0.398003 
-0.912260 0.969932 0.690649 -0.691337 0.675817 0.574848 -0.329359 0.904504 0.438632 -0.418098 0.736324 0.545462 -0.512864 0.163657 -0.095620 -0.461682 0.238960 0.392393 -0.235816 0.562724 0.180197 -0.343003 0.382012 0.397997 
-0.912246 0.969945 0.690650 -0.691333 0.675818 0.574850 -0.329356 0.904497 0.438622 -0.418090 0.736320 0.545460 -0.512891 0.163649 -0.095620 -0.461691 0.238917 0.392357 -0.235818 0.562715 0.180194 -0.342997 0.382012 0.397995 
-0.912217 0.969963 0.690644 -0.691316 0.675813 0.574847 -0.329349 0.904473 0.438602 -0.418076 0.736305 0.545460 -0.512901 0.163645 -0.095621 -0.461697 0.238887 0.392336 -0.235818 0.562690 0.180201 -0.342999 0.381999 0.397999 
-0.912212 0.969977 0.690638 -0.691312 0.675815 0.574847 -0.329349 0.904472 0.438594 -0.418073 0.736306 0.545458 -0.512903 0.163645 -0.095623 -0.461691 0.238887 0.392333 -0.235815 0.562691 0.180195 -0.342993 0.381999 0.397994 
-0.912213 0.970003 0.690625 -0.691313 0.675819 0.574846 -0.329356 0.904469 0.438585 -0.418075 0.736308 0.545457 -0.512904 0.163645 -0.095625 -0.461686 0.238887 0.392331 -0.235813 0.562691 0.180189 -0.342987 0.381999 0.397990 
-0.912218 0.970033 0.690607 -0.691317 0.675825 0.574844 -0.329368 0.904461 0.438576 -0.418079 0.736310 0.545456 -0.512906 0.163645 -0.095626 -0.461682 0.238887 0.392328 -0.235811 0.562690 0.180185 -0.342983 0.381999 0.397986 
-0.912224 0.970065 0.690587 -0.691322 0.675830 0.574843 -0.329382 0.904449 0.438569 -0.418085 0.736312 0.545456 -0.512907 0.163645 -0.095628 -0.461678 0.238886 0.392326 -0.235809 0.562690 0.180180 -0.342979 0.381998 0.397983 
-0.912232 0.970100 0.690566 -0.691328 0.675837 0.574841 -0.329397 0.904443 0.438558 -0.418092 0.736314 0.545457 -0.512908 0.163645 -0.095629 -0.461674 0.238886 0.392324 -0.235807 0.562690 0.180177 -0.342975 0.381998 0.397980 
-0.912240 0.970135 0.690544 -0.691335 0.675843 0.574839 -0.329413 0.904430 0.438551 -0.418100 0.736316 0.545458 -0.512909 0.163645 -0.095630 -0.461672 0.238886 0.392322 -0.235806 0.562690 0.180173 -0.342973 0.381998 0.397977 
-0.912236 0.970169 0.690527 -0.691338 0.675845 0.574838 -0.329424 0.904418 0.438534 -0.418103 0.736311 0.545460 -0.512923 0.163640 -0.095629 -0.461680 0.238856 0.392299 -0.235808 0.562679 0.180178 -0.342974 0.381995 0.397981 
-0.912245 0.970212 0.690502 -0.691350 0.675852 0.574836 -0.329443 0.904405 0.438526 -0.418113 0.736311 0.545464 -0.512939 0.163634 -0.095627 -0.461689 0.238825 0.392275 -0.235810 0.562672 0.180181 -0.342974 0.381995 0.397985 
-0.912236 0.970225 0.690491 -0.691345 0.675847 0.574833 -0.329447 0.904391 0.438509 -0.418114 0.736300 0.545468 -0.512933 0.163636 -0.095627 -0.461698 0.238823 0.392278 -0.235811 0.562660 0.180193 -0.342984 0.381985 0.397992 
-0.912226 0.970244 0.690476 -0.691345 0.675838 0.574827 -0.329458 0.904363 0.438486 -0.418121 0.736279 0.545482 -0.512935 0.163634 -0.095622 -0.461730 0.238788 0.392264 -0.235820 0.562634 0.180225 -0.343012 0.381969 0.398016 
-0.912242 0.970263 0.690446 -0.691362 0.675830 0.574818 -0.329484 0.904334 0.438474 -0.418148 0.736258 0.545501 -0.512917 0.163639 -0.095615 -0.461768 0.238784 0.392282 -0.235832 0.562612 0.180267 -0.343054 0.381951 0.398045 
-0.912261 0.970275 0.690413 -0.691385 0.675814 0.574805 -0.329517 0.904293 0.438458 -0.418185 0.736225 0.545532 -0.512889 0.163647 -0.095604 -0.461826 0.238779 0.392309 -0.235850 0.562578 0.180335 -0.343120 0.381924 0.398093 
-0.912287 0.970283 0.690376 -0.691415 0.675795 0.574789 -0.329558 0.904250 0.438444 -0.418237 0.736183 0.545588 -0.512854 0.163655 -0.095586 -0.461905 0.238774 0.392349 -0.235875 0.562532 0.180457 -0.343227 0.381883 0.398180 
-0.912324 0.970286 0.690334 -0.691458 0.675770 0.574769 -0.329611 0.904199 0.438431 -0.418307 0.736131 0.545680 -0.512810 0.163663 -0.095561 -0.462010 0.238746 0.392385 -0.235907 0.562470 0.180650 -0.343381 0.381830 0.398321 
-0.912369 0.970283 0.690284 -0.691512 0.675738 0.574742 -0.329677 0.904125 0.438420 -0.418399 0.736062 0.545797 -0.512756 0.163670 -0.095523 -0.462151 0.238693 0.392420 -0.235952 0.562389 0.180900 -0.343580 0.381767 0.398511 
-0.912423 0.970274 0.690230 -0.691579 0.675694 0.574708 -0.329757 0.904036 0.438403 -0.418516 0.735969 0.545935 -0.512690 0.163674 -0.095470 -0.462335 0.238634 0.392473 -0.236021 0.562282 0.181197 -0.343830 0.381690 0.398744 
-0.912491 0.970249 0.690164 -0.691661 0.675633 0.574664 -0.329855 0.903919 0.438382 -0.418661 0.735848 0.546093 -0.512603 0.163682 -0.095405 -0.462569 0.238571 0.392549 -0.236109 0.562148 0.181544 -0.344133 0.381595 0.399014 
-0.912520 0.970204 0.690104 -0.691724 0.675544 0.574611 -0.329947 0.903753 0.438328 -0.418806 0.735679 0.546282 -0.512504 0.163691 -0.095328 -0.462866 0.238470 0.392626 -0.236216 0.561968 0.181973 -0.344506 0.381468 0.399344 
-0.912552 0.970131 0.690045 -0.691789 0.675437 0.574550 -0.330044 0.903574 0.438267 -0.418965 0.735486 0.546484 -0.512370 0.163709 -0.095243 -0.463195 0.238403 0.392755 -0.236338 0.561775 0.182439 -0.344924 0.381328 0.399702 
-0.912579 0.970056 0.689979 -0.691860 0.675317 0.574483 -0.330151 0.903362 0.438198 -0.419140 0.735266 0.546711 -0.512240 0.163722 -0.095146 -0.463570 0.238298 0.392873 -0.236477 0.561550 0.182964 -0.345391 0.381170 0.400106 
-0.912631 0.969963 0.689905 -0.691948 0.675191 0.574411 -0.330270 0.903156 0.438136 -0.419337 0.735042 0.546950 -0.512079 0.163746 -0.095046 -0.463964 0.238227 0.393031 -0.236624 0.561327 0.183516 -0.345888 0.381007 0.400525 
-0.912707 0.969883 0.689814 -0.692064 0.675065 0.574334 -0.330415 0.902934 0.438080 -0.419563 0.734810 0.547205 -0.511933 0.163759 -0.094932 -0.464392 0.238117 0.393172 -0.236788 0.561089 0.184103 -0.346416 0.380842 0.400975 
-0.912805 0.969787 0.689717 -0.692192 0.674935 0.574254 -0.330570 0.902717 0.438033 -0.419806 0.734577 0.547466 -0.511760 0.163783 -0.094818 -0.464828 0.238049 0.393352 -0.236956 0.560854 0.184705 -0.346964 0.380672 0.401429 
-0.912949 0.969704 0.689596 -0.692358 0.674811 0.574170 -0.330754 0.902504 0.438006 -0.420084 0.734350 0.547732 -0.511585 0.163805 -0.094694 -0.465284 0.237979 0.393537 -0.237136 0.560624 0.185314 -0.347523 0.380510 0.401891 
-0.913099 0.969617 0.689469 -0.692531 0.674682 0.574082 -0.330948 0.902278 0.437975 -0.420373 0.734114 0.548004 -0.511404 0.163828 -0.094567 -0.465757 0.237906 0.393729 -0.237325 0.560384 0.185936 -0.348101 0.380341 0.402363 
-0.913245 0.969524 0.689344 -0.692702 0.674546 0.573992 -0.331141 0.902043 0.437943 -0.420666 0.733867 0.548284 -0.511216 0.163852 -0.094436 -0.466243 0.237829 0.393923 -0.237519 0.560132 0.186578 -0.348698 0.380163 0.402848 
-0.913389 0.969425 0.689220 -0.692873 0.674407 0.573900 -0.331334 0.901811 0.437904 -0.420964 0.733615 0.548572 -0.511027 0.163876 -0.094301 -0.466737 0.237750 0.394119 -0.237719 0.559875 0.187237 -0.349311 0.379981 0.403346 
-0.913525 0.969319 0.689094 -0.693037 0.674264 0.573808 -0.331523 0.901567 0.437866 -0.421257 0.733357 0.548863 -0.510833 0.163902 -0.094167 -0.467236 0.237665 0.394313 -0.237919 0.559615 0.187908 -0.349930 0.379797 0.403851 
-0.913659 0.969202 0.688965 -0.693198 0.674120 0.573717 -0.331708 0.901338 0.437827 -0.421551 0.733097 0.549155 -0.510641 0.163927 -0.094033 -0.467734 0.237581 0.394506 -0.238120 0.559353 0.188578 -0.350551 0.379611 0.404356 
-0.913800 0.969083 0.688829 -0.693364 0.673978 0.573626 -0.331895 0.901112 0.437794 -0.421848 0.732842 0.549445 -0.510451 0.163951 -0.093899 -0.468228 0.237498 0.394697 -0.238321 0.559095 0.189243 -0.351168 0.379428 0.404855 
-0.913945 0.968964 0.688689 -0.693531 0.673838 0.573536 -0.332082 0.900895 0.437762 -0.422145 0.732590 0.549730 -0.510263 0.163975 -0.093765 -0.468719 0.237416 0.394885 -0.238522 0.558842 0.189898 -0.351778 0.379250 0.405347 
-0.914088 0.968845 0.688549 -0.693695 0.673700 0.573446 -0.332267 0.900679 0.437731 -0.422439 0.732342 0.550010 -0.510077 0.163998 -0.093633 -0.469204 0.237336 0.395071 -0.238721 0.558593 0.190542 -0.352379 0.379075 0.405828 
-0.914196 0.968734 0.688420 -0.693839 0.673562 0.573356 -0.332432 0.900465 0.437683 -0.422711 0.732089 0.550289 -0.509909 0.164010 -0.093494 -0.469701 0.237222 0.395238 -0.238918 0.558338 0.191192 -0.352978 0.378899 0.406315 
-0.914305 0.968644 0.688305 -0.693978 0.673439 0.573264 -0.332587 0.900262 0.437638 -0.422972 0.731857 0.550562 -0.509724 0.164023 -0.093352 -0.470192 0.237145 0.395437 -0.239098 0.558115 0.191834 -0.353560 0.378736 0.406788 
-0.914371 0.968569 0.688221 -0.694090 0.673316 0.573176 -0.332725 0.900042 0.437574 -0.423204 0.731624 0.550833 -0.509566 0.164028 -0.093215 -0.470668 0.237039 0.395606 -0.239276 0.557884 0.192476 -0.354133 0.378576 0.407266 
-0.914468 0.968517 0.688128 -0.694218 0.673217 0.573090 -0.332865 0.899863 0.437533 -0.423438 0.731429 0.551089 -0.509401 0.164032 -0.093076 -0.471121 0.236965 0.395791 -0.239433 0.557698 0.193080 -0.354664 0.378440 0.407709 
-0.914569 0.968494 0.688045 -0.694350 0.673133 0.573008 -0.333008 0.899691 0.437493 -0.423665 0.731255 0.551333 -0.509248 0.164031 -0.092940 -0.471552 0.236894 0.395966 -0.239579 0.557529 0.193651 -0.355165 0.378314 0.408128 
-0.914662 0.968470 0.687971 -0.694473 0.673053 0.572931 -0.333144 0.899516 0.437458 -0.423881 0.731088 0.551568 -0.509106 0.164030 -0.092813 -0.471955 0.236824 0.396126 -0.239718 0.557363 0.194195 -0.355643 0.378188 0.408525 
-0.914718 0.968446 0.687901 -0.694569 0.672963 0.572855 -0.333262 0.899340 0.437400 -0.424072 0.730908 0.551795 -0.508984 0.164025 -0.092690 -0.472354 0.236715 0.396249 -0.239858 0.557181 0.194728 -0.356110 0.378058 0.408917 
-0.914745 0.968369 0.687848 -0.694634 0.672862 0.572787 -0.333349 0.899171 0.437346 -0.424239 0.730722 0.552021 -0.508837 0.164041 -0.092589 -0.472721 0.236639 0.396386 -0.239980 0.556989 0.195243 -0.356567 0.377900 0.409284 
-0.914802 0.968294 0.687769 -0.694716 0.672776 0.572724 -0.333446 0.899040 0.437313 -0.424409 0.730563 0.552233 -0.508701 0.164057 -0.092493 -0.473065 0.236553 0.396501 -0.240094 0.556824 0.195719 -0.356984 0.377766 0.409625 
-0.914855 0.968243 0.687687 -0.694799 0.672703 0.572662 -0.333539 0.898921 0.437279 -0.424570 0.730420 0.552438 -0.508591 0.164059 -0.092394 -0.473409 0.236430 0.396584 -0.240202 0.556675 0.196182 -0.357375 0.377653 0.409959 
-0.914890 0.968207 0.687630 -0.694864 0.672638 0.572601 -0.333615 0.898807 0.437243 -0.424710 0.730288 0.552639 -0.508468 0.164064 -0.092296 -0.473732 0.236357 0.396706 -0.240297 0.556541 0.196636 -0.357756 0.377541 0.410282 
-0.914901 0.968191 0.687595 -0.694911 0.672579 0.572542 -0.333677 0.898689 0.437194 -0.424826 0.730167 0.552829 -0.508350 0.164067 -0.092203 -0.474039 0.236275 0.396813 -0.240379 0.556419 0.197072 -0.358111 0.377438 0.410591 
-0.914877 0.968177 0.687576 -0.694935 0.672517 0.572485 -0.333721 0.898562 0.437132 -0.424918 0.730039 0.553017 -0.508249 0.164066 -0.092111 -0.474348 0.236146 0.396882 -0.240458 0.556285 0.197505 -0.358456 0.377330 0.410901 
-0.914835 0.968167 0.687553 -0.694951 0.672454 0.572434 -0.333761 0.898442 0.437061 -0.424999 0.729911 0.553208 -0.508171 0.164062 -0.092027 -0.474648 0.235968 0.396902 -0.240535 0.556143 0.197940 -0.358788 0.377225 0.411212 
-0.914720 0.968077 0.687568 -0.694887 0.672366 0.572390 -0.333733 0.898320 0.436971 -0.425017 0.729761 0.553383 -0.508049 0.164087 -0.091971 -0.474892 0.235894 0.396989 -0.240586 0.555993 0.198336 -0.359108 0.377081 0.411480 
-0.914700 0.968045 0.687550 -0.694895 0.672325 0.572355 -0.333755 0.898253 0.436939 -0.425081 0.729677 0.553537 -0.507971 0.164091 -0.091913 -0.475087 0.235827 0.397051 -0.240635 0.555898 0.198667 -0.359365 0.376995 0.411715 
-0.914688 0.968038 0.687533 -0.694908 0.672298 0.572324 -0.333778 0.898198 0.436909 -0.425130 0.729619 0.553661 -0.507902 0.164094 -0.091863 -0.475255 0.235756 0.397092 -0.240666 0.555841 0.198943 -0.359564 0.376940 0.411907 
-0.914675 0.968040 0.687518 -0.694916 0.672280 0.572298 -0.333795 0.898155 0.436884 -0.425167 0.729575 0.553767 -0.507848 0.164095 -0.091820 -0.475393 0.235687 0.397119 -0.240688 0.555793 0.199173 -0.359726 0.376893 0.412068 
-0.914661 0.968049 0.687508 -0.694920 0.672269 0.572277 -0.333807 0.898125 0.436863 -0.425196 0.729542 0.553863 -0.507804 0.164093 -0.091783 -0.475507 0.235621 0.397135 -0.240701 0.555753 0.199374 -0.359862 0.376850 0.412209 
-0.914646 0.968065 0.687501 -0.694923 0.672263 0.572259 -0.333816 0.898105 0.436844 -0.425219 0.729520 0.553954 -0.507765 0.164091 -0.091750 -0.475606 0.235554 0.397144 -0.240709 0.555724 0.199564 -0.359983 0.376817 0.412342 
-0.914632 0.968082 0.687494 -0.694926 0.672261 0.572242 -0.333824 0.898084 0.436829 -0.425238 0.729502 0.554045 -0.507728 0.164089 -0.091719 -0.475701 0.235487 0.397150 -0.240712 0.555701 0.199753 -0.360098 0.376788 0.412474 
-0.914558 0.968085 0.687502 -0.694894 0.672240 0.572223 -0.333806 0.898037 0.436780 -0.425227 0.729454 0.554144 -0.507709 0.164082 -0.091685 -0.475835 0.235332 0.397099 -0.240720 0.555650 0.199973 -0.360230 0.376744 0.412629 
-0.914396 0.968050 0.687535 -0.694788 0.672187 0.572200 -0.333741 0.897953 0.436681 -0.425172 0.729358 0.554247 -0.507661 0.164084 -0.091654 -0.475967 0.235233 0.397105 -0.240727 0.555561 0.200214 -0.360394 0.376661 0.412793 
-0.914249 0.968002 0.687579 -0.694687 0.672140 0.572184 -0.333675 0.897886 0.436597 -0.425127 0.729270 0.554349 -0.507606 0.164088 -0.091626 -0.476071 0.235186 0.397141 -0.240735 0.555472 0.200437 -0.360557 0.376572 0.412947 
-0.914174 0.967992 0.687598 -0.694644 0.672117 0.572163 -0.333650 0.897842 0.436548 -0.425119 0.729219 0.554447 -0.507556 0.164086 -0.091588 -0.476188 0.235124 0.397170 -0.240741 0.555422 0.200652 -0.360701 0.376517 0.413097 
-0.914154 0.968011 0.687597 -0.694647 0.672110 0.572141 -0.333660 0.897805 0.436525 -0.425142 0.729193 0.554547 -0.507508 0.164083 -0.091547 -0.476311 0.235061 0.397196 -0.240752 0.555395 0.200870 -0.360841 0.376485 0.413247 
-0.914150 0.968026 0.687588 -0.694662 0.672100 0.572119 -0.333682 0.897769 0.436507 -0.425179 0.729163 0.554651 -0.507461 0.164084 -0.091510 -0.476431 0.234995 0.397215 -0.240770 0.555362 0.201091 -0.360989 0.376450 0.413402 
-0.914154 0.968020 0.687565 -0.694681 0.672082 0.572097 -0.333709 0.897730 0.436495 -0.425227 0.729123 0.554759 -0.507410 0.164087 -0.091472 -0.476557 0.234928 0.397233 -0.240794 0.555315 0.201318 -0.361150 0.376403 0.413560 
-0.914163 0.967992 0.687530 -0.694706 0.672055 0.572073 -0.333741 0.897691 0.436482 -0.425286 0.729070 0.554872 -0.507355 0.164091 -0.091430 -0.476699 0.234859 0.397258 -0.240825 0.555260 0.201554 -0.361325 0.376352 0.413724 
-0.914177 0.967951 0.687483 -0.694736 0.672022 0.572047 -0.333779 0.897644 0.436470 -0.425356 0.729006 0.554990 -0.507293 0.164094 -0.091382 -0.476858 0.234792 0.397292 -0.240863 0.555197 0.201806 -0.361517 0.376295 0.413899 
-0.914136 0.967880 0.687442 -0.694731 0.671963 0.572016 -0.333791 0.897572 0.436424 -0.425404 0.728903 0.555121 -0.507226 0.164095 -0.091325 -0.477064 0.234683 0.397317 -0.240906 0.555108 0.202100 -0.361742 0.376217 0.414100 
-0.914100 0.967800 0.687408 -0.694724 0.671902 0.571986 -0.333806 0.897497 0.436382 -0.425462 0.728795 0.555260 -0.507148 0.164102 -0.091272 -0.477251 0.234620 0.397372 -0.240959 0.555004 0.202402 -0.361989 0.376126 0.414312 
-0.914089 0.967734 0.687368 -0.694739 0.671847 0.571952 -0.333837 0.897422 0.436350 -0.425537 0.728696 0.555404 -0.507064 0.164110 -0.091215 -0.477453 0.234546 0.397425 -0.241014 0.554907 0.202716 -0.362242 0.376040 0.414530 
-0.914080 0.967688 0.687321 -0.694764 0.671793 0.571914 -0.333877 0.897338 0.436312 -0.425617 0.728595 0.555553 -0.506994 0.164109 -0.091148 -0.477683 0.234430 0.397453 -0.241074 0.554814 0.203050 -0.362504 0.375963 0.414765 
-0.914039 0.967613 0.687297 -0.694758 0.671724 0.571873 -0.333893 0.897244 0.436257 -0.425679 0.728476 0.555705 -0.506896 0.164119 -0.091083 -0.477916 0.234362 0.397530 -0.241133 0.554707 0.203398 -0.362787 0.375865 0.415002 
-0.913954 0.967551 0.687276 -0.694732 0.671641 0.571825 -0.333899 0.897120 0.436169 -0.425725 0.728328 0.555868 -0.506817 0.164117 -0.091006 -0.478198 0.234205 0.397554 -0.241200 0.554572 0.203783 -0.363092 0.375753 0.415265 
-0.913860 0.967450 0.687278 -0.694683 0.671554 0.571789 -0.333886 0.897007 0.436091 -0.425761 0.728182 0.556029 -0.506713 0.164137 -0.090955 -0.478414 0.234139 0.397624 -0.241262 0.554427 0.204143 -0.363394 0.375622 0.415511 
-0.913838 0.967380 0.687251 -0.694690 0.671497 0.571756 -0.333910 0.896925 0.436059 -0.425831 0.728081 0.556176 -0.506632 0.164145 -0.090897 -0.478613 0.234076 0.397685 -0.241321 0.554325 0.204464 -0.363657 0.375532 0.415735 
-0.913850 0.967339 0.687210 -0.694723 0.671456 0.571724 -0.333951 0.896871 0.436037 -0.425909 0.728005 0.556308 -0.506555 0.164151 -0.090841 -0.478804 0.234008 0.397735 -0.241369 0.554262 0.204755 -0.363883 0.375471 0.415934 
-0.913862 0.967297 0.687167 -0.694752 0.671419 0.571695 -0.333990 0.896813 0.436021 -0.425980 0.727937 0.556428 -0.506488 0.164155 -0.090791 -0.478974 0.233944 0.397776 -0.241410 0.554203 0.205017 -0.364087 0.375413 0.416114 
-0.913873 0.967259 0.687126 -0.694779 0.671387 0.571670 -0.334024 0.896772 0.436007 -0.426047 0.727876 0.556542 -0.506427 0.164159 -0.090745 -0.479127 0.233879 0.397808 -0.241448 0.554146 0.205260 -0.364274 0.375358 0.416281 
-0.913840 0.967217 0.687094 -0.694777 0.671346 0.571642 -0.334034 0.896715 0.435971 -0.426085 0.727800 0.556654 -0.506382 0.164152 -0.090692 -0.479299 0.233781 0.397822 -0.241481 0.554084 0.205516 -0.364462 0.375301 0.416454 
-0.913812 0.967184 0.687081 -0.694774 0.671313 0.571615 -0.334043 0.896660 0.435942 -0.426126 0.727734 0.556770 -0.506319 0.164153 -0.090642 -0.479458 0.233727 0.397872 -0.241515 0.554022 0.205770 -0.364655 0.375240 0.416629 
-0.913762 0.967170 0.687080 -0.694761 0.671276 0.571585 -0.334047 0.896587 0.435895 -0.426151 0.727662 0.556888 -0.506265 0.164151 -0.090592 -0.479634 0.233624 0.397888 -0.241546 0.553958 0.206040 -0.364850 0.375178 0.416812 
