0.001028 -0.002483 0.999996 -0.003494 -0.001465 0.999993 -0.003488 -0.001437 0.999993 0.001049 -0.002382 0.999997 
0.000897 -0.002167 0.999997 -0.003907 -0.001637 0.999991 -0.003903 -0.001608 0.999991 0.000907 -0.002060 0.999997 
0.000819 -0.001978 0.999998 -0.003536 -0.001482 0.999993 -0.003533 -0.001455 0.999993 0.000828 -0.001881 0.999998 
0.000750 -0.001812 0.999998 -0.003201 -0.001342 0.999994 -0.003198 -0.001317 0.999994 0.000759 -0.001723 0.999998 
0.000691 -0.001668 0.999998 -0.002908 -0.001218 0.999995 -0.002905 -0.001196 0.999995 0.000699 -0.001588 0.999998 
0.001072 -0.002593 0.999996 -0.003070 -0.001285 0.999994 -0.003062 -0.001260 0.999995 0.001100 -0.002500 0.999996 
0.001635 -0.003954 0.999991 -0.003876 -0.001622 0.999991 -0.003862 -0.001589 0.999991 0.001685 -0.003830 0.999991 
0.000664 -0.001606 0.999998 -0.004885 -0.002046 0.999986 -0.004888 -0.002012 0.999986 0.000652 -0.001482 0.999999 
0.000550 -0.001328 0.999999 -0.004575 -0.001917 0.999988 -0.004579 -0.001886 0.999988 0.000534 -0.001214 0.999999 
0.000516 -0.001245 0.999999 -0.004293 -0.001799 0.999989 -0.004296 -0.001770 0.999989 0.000501 -0.001138 0.999999 
0.000161 -0.000388 1.000000 -0.005717 -0.002407 0.999981 -0.005729 -0.002371 0.999981 0.000114 -0.000258 1.000000 
0.000280 -0.000681 1.000000 -0.007591 -0.003159 0.999966 -0.007606 -0.003111 0.999966 0.000221 -0.000506 1.000000 
0.001159 -0.002847 0.999995 -0.006093 -0.002511 0.999978 -0.006091 -0.002466 0.999978 0.001164 -0.002685 0.999996 
0.001010 -0.002487 0.999996 -0.004781 -0.001966 0.999987 -0.004778 -0.001930 0.999987 0.001019 -0.002358 0.999997 
0.000922 -0.002282 0.999997 -0.006121 -0.002503 0.999978 -0.006122 -0.002460 0.999978 0.000914 -0.002125 0.999997 
0.000876 -0.002187 0.999997 -0.010570 -0.004289 0.999935 -0.010583 -0.004219 0.999935 0.000825 -0.001932 0.999998 
0.000839 -0.002112 0.999997 -0.017757 -0.007140 0.999817 -0.017787 -0.007027 0.999817 0.000719 -0.001700 0.999998 
0.000856 -0.002212 0.999997 -0.032538 -0.012750 0.999389 -0.032602 -0.012546 0.999390 0.000607 -0.001471 0.999999 
0.000736 -0.002009 0.999998 -0.049300 -0.018293 0.998616 -0.049399 -0.017986 0.998617 0.000352 -0.000900 1.000000 
0.000611 -0.001669 0.999998 -0.050619 -0.018771 0.998542 -0.050723 -0.018457 0.998542 0.000209 -0.000533 1.000000 
0.000562 -0.001509 0.999999 -0.045089 -0.017004 0.998838 -0.045184 -0.016725 0.998839 0.000198 -0.000497 1.000000 
0.000521 -0.001345 0.999999 -0.042886 -0.016814 0.998938 -0.042981 -0.016548 0.998939 0.000158 -0.000383 1.000000 
0.000437 -0.001101 0.999999 -0.046182 -0.018566 0.998760 -0.046289 -0.018280 0.998761 0.000029 -0.000068 1.000000 
0.000444 -0.001099 0.999999 -0.052476 -0.021470 0.998391 -0.052600 -0.021145 0.998392 -0.000031 0.000073 1.000000 
0.000432 -0.001059 0.999999 -0.059360 -0.024487 0.997936 -0.059503 -0.024121 0.997937 -0.000115 0.000264 1.000000 
0.000850 -0.002054 0.999998 -0.070878 -0.029664 0.997044 -0.071046 -0.029224 0.997045 0.000205 -0.000466 1.000000 
0.000837 -0.001973 0.999998 -0.082535 -0.035404 0.995959 -0.082739 -0.034892 0.995960 0.000058 -0.000128 1.000000 
0.000834 -0.001946 0.999998 -0.089588 -0.038851 0.995221 -0.089814 -0.038294 0.995222 -0.000025 0.000055 1.000000 
0.000728 -0.001692 0.999998 -0.096272 -0.041869 0.994474 -0.096519 -0.041272 0.994475 -0.000207 0.000454 1.000000 
0.000608 -0.001421 0.999999 -0.104041 -0.045077 0.993551 -0.104309 -0.044432 0.993552 -0.000407 0.000895 1.000000 
0.000510 -0.001189 0.999999 -0.114046 -0.049507 0.992241 -0.114343 -0.048801 0.992242 -0.000613 0.001345 0.999999 
0.000356 -0.000827 1.000000 -0.123602 -0.053810 0.990872 -0.123927 -0.053045 0.990872 -0.000875 0.001916 0.999998 
0.000297 -0.000687 1.000000 -0.134530 -0.058941 0.989155 -0.134889 -0.058107 0.989156 -0.001055 0.002296 0.999997 
0.000184 -0.000422 1.000000 -0.142615 -0.062992 0.987772 -0.143000 -0.062107 0.987772 -0.001267 0.002737 0.999995 
0.000016 -0.000036 1.000000 -0.151539 -0.067821 0.986122 -0.151957 -0.066881 0.986122 -0.001555 0.003316 0.999993 
-0.000071 0.000160 1.000000 -0.161827 -0.072682 0.984139 -0.162278 -0.071675 0.984138 -0.001758 0.003738 0.999991 
-0.000285 0.000622 1.000000 -0.179977 -0.083499 0.980120 -0.180500 -0.082376 0.980119 -0.002230 0.004597 0.999987 
-0.200594 -0.102168 0.974333 -0.011150 0.021211 0.999713 -0.008449 0.016958 0.999821 -0.201336 -0.100960 0.974305 
-0.191333 -0.107649 0.975604 -0.027216 0.050404 0.998358 -0.030723 0.054047 0.998066 -0.192310 -0.106620 0.975525 
0.042414 -0.045739 0.998053 -0.047611 0.081374 0.995546 -0.096506 -0.087711 0.991460 -0.097372 -0.084586 0.991647 -0.072913 -0.065591 0.995179 -0.184446 -0.106911 0.977011 0.062078 0.042903 0.997149 
0.037604 -0.040582 0.998468 -0.057614 0.100820 0.993235 -0.082177 -0.074938 0.993796 -0.082881 -0.072246 0.993937 -0.091163 -0.080712 0.992560 -0.194785 -0.111852 0.974448 0.037950 0.025786 0.998947 
-0.000778 0.000840 0.999999 -0.063159 0.114071 0.991463 -0.211624 -0.119374 0.970034 -0.068361 -0.060316 0.995836 -0.099289 -0.093899 0.990618 -0.066994 -0.061832 0.995836 -0.002003 -0.001531 0.999997 
-0.000646 0.000710 1.000000 -0.069701 0.126102 0.989566 -0.213374 -0.121242 0.969418 -0.063072 -0.054703 0.996509 -0.100388 -0.095795 0.990326 -0.061834 -0.056102 0.996508 0.000777 0.000599 1.000000 
-0.000521 0.000573 1.000000 -0.077683 0.139308 0.987197 -0.201121 -0.115736 0.972705 -0.061308 -0.053046 0.996708 -0.094340 -0.090640 0.991405 -0.060111 -0.054409 0.996708 0.011042 0.008496 0.999903 
-0.085086 0.150624 0.984923 -0.085877 -0.083833 0.992773 -0.188981 -0.110363 0.975759 -0.002480 0.002735 0.999993 -0.056913 -0.049183 0.997167 -0.055754 -0.050403 0.997172 0.021846 0.017037 0.999616 
-0.090858 0.159855 0.982950 -0.079491 -0.077977 0.993781 -0.174967 -0.102657 0.979208 -0.009870 0.010872 0.999892 -0.050263 -0.043551 0.997786 -0.049049 -0.044456 0.997807 0.021931 0.017186 0.999612 
-0.095851 0.171000 0.980598 -0.072301 -0.070713 0.994873 -0.162768 -0.094100 0.982167 -0.024607 0.027311 0.999324 -0.044391 -0.038263 0.998281 -0.042929 -0.038707 0.998328 0.019145 0.015038 0.999704 
-0.101066 0.185859 0.977365 -0.064143 -0.062458 0.995984 -0.154312 -0.086715 0.984210 -0.045016 0.050899 0.997689 -0.038893 -0.032990 0.998699 -0.037026 -0.032852 0.998774 0.016381 0.012954 0.999782 
-0.070673 0.082137 0.994112 -0.106235 0.203963 0.973197 -0.149584 -0.080921 0.985432 -0.033514 -0.027719 0.999054 -0.054937 -0.053223 0.997070 -0.031072 -0.026883 0.999156 0.013552 0.010840 0.999849 
-0.088507 0.106786 0.990335 -0.030014 0.064383 0.997474 -0.028778 -0.012656 0.999506 -0.048046 -0.044182 0.997867 -0.024382 -0.019401 0.999514 -0.018028 -0.018135 0.999673 
-0.095176 0.121464 0.988022 -0.017686 0.039184 0.999075 -0.015899 -0.006734 0.999851 -0.073497 -0.071350 0.994740 -0.010361 -0.007751 0.999916 -0.032072 -0.033875 0.998911 
-0.094516 0.126087 0.987506 -0.021335 0.043057 0.998845 -0.042165 -0.019757 0.998915 -0.086183 -0.086812 0.992490 -0.001857 -0.001324 0.999997 -0.052871 -0.059284 0.996840 
-0.089226 0.123892 0.988276 -0.022508 0.040805 0.998914 -0.104888 -0.055325 0.992944 -0.095834 -0.101085 0.990251 0.000005 0.000003 1.000000 -0.078139 -0.093941 0.992507 
-0.087063 0.123859 0.988473 -0.034025 0.055743 0.997865 -0.148782 -0.088183 0.984930 -0.099048 -0.107134 0.989299 0.006185 0.004116 0.999972 -0.093397 -0.118128 0.988596 
-0.083708 0.125186 0.988596 -0.044885 0.062608 0.997028 -0.191700 -0.135654 0.972033 -0.098466 -0.111708 0.988851 0.009916 0.006262 0.999931 -0.100670 -0.139102 0.985148 
-0.083293 0.126907 0.988411 0.056537 -0.068391 0.996055 -0.228802 -0.170023 0.958510 -0.093515 -0.118135 0.988584 0.017987 0.011108 0.999777 -0.084144 -0.129177 0.988045 
-0.086243 0.137816 0.986696 0.072509 -0.076808 0.994406 -0.251562 -0.209395 0.944918 -0.060382 -0.080936 0.994889 0.033156 0.019357 0.999263 -0.061520 -0.103731 0.992701 
-0.091478 0.153207 0.983951 0.094111 -0.091718 0.991328 -0.186655 -0.169945 0.967615 -0.033609 -0.051689 0.998098 0.047932 0.026425 0.998501 -0.025035 -0.049509 0.998460 
-0.096179 0.162554 0.982001 0.109310 -0.113611 0.987494 -0.027433 -0.024839 0.999315 -0.025718 -0.049008 0.998467 0.060779 0.032919 0.997608 0.014162 0.034360 0.999309 
-0.113715 0.184243 0.976280 0.079371 -0.081531 0.993505 0.010732 0.009987 0.999893 -0.004051 -0.008290 0.999957 0.083270 0.046248 0.995453 0.031224 0.082134 0.996132 
-0.148618 0.239005 0.959578 0.052217 -0.054456 0.997150 0.012051 0.011037 0.999866 0.021101 0.042254 0.998884 0.120195 0.064205 0.990672 0.048588 0.122802 0.991241 
-0.183970 0.295623 0.937423 0.020285 -0.021180 0.999570 0.013274 0.012128 0.999838 0.061205 0.114015 0.991592 0.157035 0.078626 0.984458 0.076294 0.178356 0.981004 
-0.213121 0.340765 0.915674 -0.017158 0.017978 0.999691 0.028162 0.025561 0.999277 0.100250 0.170487 0.980247 0.184459 0.086921 0.978989 0.106052 0.226771 0.968157 
-0.238367 0.380627 0.893479 -0.056010 0.059574 0.996651 0.054847 0.048528 0.997315 0.127202 0.202998 0.970882 0.191885 0.086455 0.977602 0.132733 0.264907 0.955095 
-0.262327 0.418706 0.869408 -0.091255 0.098715 0.990923 0.089032 0.075864 0.993135 0.139897 0.220129 0.965387 0.183911 0.080891 0.979609 0.153985 0.297774 0.942135 
-0.283995 0.449196 0.847095 -0.118492 0.128892 0.984554 0.115617 0.095742 0.988669 0.142150 0.230663 0.962594 0.170166 0.075089 0.982550 0.166426 0.324131 0.931258 
-0.302442 0.478465 0.824378 -0.144422 0.156718 0.977027 0.123589 0.100837 0.987197 0.142089 0.236025 0.961303 0.151506 0.067323 0.986161 0.173975 0.338871 0.924607 
-0.316361 0.510317 0.799683 -0.172942 0.188429 0.966740 0.125591 0.100363 0.986992 0.139028 0.234121 0.962216 0.125766 0.056127 0.990471 0.180107 0.345992 0.920788 
-0.323288 0.547960 0.771508 -0.204324 0.226266 0.952395 0.113163 0.088276 0.989647 0.136474 0.226721 0.964351 0.090878 0.040473 0.995039 0.186260 0.342924 0.920712 
-0.322210 0.591800 0.738887 -0.239972 0.266831 0.933389 0.077942 0.061514 0.995058 0.134476 0.213671 0.967606 0.048036 0.021330 0.998618 0.187922 0.326058 0.926483 
0.047131 0.036912 0.998206 -0.275973 0.315501 0.907908 -0.311307 0.640874 0.701690 0.128241 0.197598 0.971859 -0.001881 -0.000840 0.999998 0.189350 0.310037 0.931678 
0.000255 0.000189 1.000000 -0.300874 0.383450 0.873178 -0.259000 0.711898 0.652779 0.116313 0.172646 0.978092 -0.077618 -0.033788 0.996410 0.190794 0.284586 0.939472 
-0.045254 -0.030080 0.998523 -0.311734 0.477708 0.821351 -0.141934 0.778704 0.611125 0.084778 0.118330 0.989349 -0.176397 -0.073305 0.981586 0.181962 0.238291 0.953995 
-0.279643 0.583633 0.762347 -0.118095 -0.069598 0.990560 -0.286812 -0.113601 0.951227 0.156264 0.176432 0.971830 0.029949 0.807860 0.588613 0.042924 0.054986 0.997564 
-0.195544 0.680801 0.705885 -0.228156 -0.130676 0.964815 -0.404476 -0.154362 0.901428 0.115202 0.111424 0.987073 0.252025 0.774483 0.580224 0.007721 0.008749 0.999932 
-0.057991 0.749458 0.659507 -0.343230 -0.216026 0.914071 -0.513596 -0.215327 0.830574 0.067317 0.058513 0.996014 0.475879 0.647907 0.594774 -0.016345 -0.017299 0.999717 
0.135505 0.730795 0.669012 0.136634 0.132391 0.981735 -0.461301 -0.319392 0.827762 -0.625494 -0.312000 0.715132 -0.304349 -0.247235 0.919917 0.569351 0.442203 0.693034 
0.305220 0.656581 0.689741 -0.402245 -0.364810 0.839710 0.021750 0.019136 0.999580 -0.512027 -0.437776 0.739040 0.524896 0.306427 0.794095 -0.672765 -0.423572 0.606609 
-0.250432 -0.230489 0.940297 0.416830 0.210565 0.884260 -0.657963 -0.582194 0.477634 -0.423405 -0.458800 0.781173 0.416593 0.536256 0.734084 -0.473219 -0.576743 0.665906 
0.310463 0.145074 0.939450 -0.379559 -0.687918 0.618631 -0.373449 -0.470940 0.799219 -0.523354 -0.769844 0.365297 0.457599 0.413335 0.787247 -0.369158 -0.373021 0.851221 
0.261645 0.119742 0.957708 -0.330662 -0.720739 0.609261 -0.387977 -0.522980 0.758924 0.455580 0.372146 0.808674 -0.435632 -0.838214 0.328059 -0.388916 -0.420378 0.819772 
0.224479 0.094096 0.969925 -0.291404 -0.752649 0.590426 -0.354348 -0.516305 0.779658 -0.252998 -0.905632 0.340328 0.436780 0.337324 0.833928 -0.382285 -0.421413 0.822356 
0.205823 0.080611 0.975263 -0.147922 -0.918584 0.366500 -0.277552 -0.766067 0.579746 -0.323012 -0.487403 0.811235 0.425908 0.322551 0.845318 -0.371279 -0.404460 0.835801 
0.202044 0.076536 0.976381 -0.119424 -0.916765 0.381157 -0.268213 -0.768669 0.580698 -0.309629 -0.471291 0.825842 0.424885 0.319019 0.847172 -0.363910 -0.395335 0.843374 
0.206105 0.078318 0.975391 -0.127582 -0.914928 0.382922 -0.264849 -0.764504 0.587698 -0.309272 -0.471891 0.825633 0.429945 0.322479 0.843300 -0.360849 -0.395482 0.844619 
0.215801 0.083488 0.972862 -0.157630 -0.911606 0.379642 -0.271525 -0.757874 0.593213 -0.313327 -0.474032 0.822873 0.435506 0.330708 0.837238 -0.359782 -0.394861 0.845365 
0.235460 0.093053 0.967419 -0.219510 -0.899932 0.376746 -0.296992 -0.744724 0.597646 -0.322589 -0.472112 0.820394 0.444404 0.342132 0.827919 -0.361112 -0.387985 0.847978 
0.258768 0.102264 0.960511 -0.305850 -0.875999 0.372937 -0.337753 -0.728492 0.596005 -0.333720 -0.455418 0.825364 0.448711 0.357373 0.819111 -0.364460 -0.369347 0.854840 
0.287658 0.114463 0.950868 -0.426599 -0.826344 0.367654 -0.395439 -0.702268 0.591986 -0.345575 -0.428725 0.834729 0.446824 0.382068 0.808933 -0.366778 -0.341925 0.865195 
0.313420 0.130878 0.940552 -0.542905 -0.756347 0.364957 -0.227101 -0.196913 0.953756 -0.466099 -0.662036 0.586908 -0.356108 -0.401665 0.843714 
0.328294 0.144323 0.933485 -0.402783 -0.465185 0.788270 -0.520033 -0.761423 0.387041 -0.188276 -0.158549 0.969234 
0.341999 0.160396 0.925910 -0.400674 -0.455994 0.794689 -0.540644 -0.741440 0.397456 -0.172152 -0.146230 0.974156 
0.358932 0.177096 0.916409 -0.392784 -0.449320 0.802392 -0.567852 -0.713152 0.411046 -0.163489 -0.143356 0.976074 
0.378568 0.193249 0.905175 -0.593745 -0.681045 0.428538 -0.152993 -0.137614 0.978599 0.413049 0.493783 0.765224 -0.598936 -0.664119 0.447462 -0.465277 -0.528821 0.709835 
0.396159 0.205579 0.894872 0.406217 0.514516 0.755156 -0.614365 -0.651740 0.444735 -0.139312 -0.126762 0.982102 -0.616807 -0.635989 0.463753 -0.458144 -0.513224 0.725745 
0.411198 0.216441 0.885477 0.397711 0.531420 0.747943 -0.628248 -0.627811 0.459519 -0.124506 -0.113394 0.985718 -0.628635 -0.613029 0.478553 -0.454287 -0.495032 0.740652 
0.424461 0.226427 0.876678 0.389177 0.546095 0.741836 -0.639463 -0.606103 0.472998 -0.110403 -0.100367 0.988806 -0.638140 -0.592198 0.492015 -0.451022 -0.477786 0.753857 
-0.409542 -0.112069 0.905382 -0.093628 -0.548807 0.830689 0.678229 -0.450356 0.580676 0.249819 -0.573912 0.779882 0.436322 0.235654 0.868384 -0.645462 -0.573495 0.504463 0.382292 0.560017 0.735006 -0.447338 -0.463069 0.765151 
-0.422941 -0.116688 0.898613 -0.094408 -0.549986 0.829821 0.710839 -0.410533 0.571114 0.262918 -0.577886 0.772608 0.446733 0.245381 0.860359 -0.650653 -0.556935 0.516210 0.376930 0.572424 0.728186 -0.444617 -0.451762 0.773451 
-0.424944 -0.117737 0.897530 -0.095277 -0.549516 0.830033 0.721485 -0.398197 0.566479 0.268005 -0.581435 0.768184 0.454540 0.253873 0.853781 -0.653842 -0.544232 0.525644 0.372528 0.582336 0.722570 -0.442558 -0.443308 0.779500 
-0.418895 -0.116450 0.900537 -0.096276 -0.547644 0.831154 0.718540 -0.406688 0.564185 0.266429 -0.584227 0.766613 0.459617 0.259066 0.849492 -0.655727 -0.535961 0.531759 0.368565 0.588647 0.719482 -0.440466 -0.437143 0.784152 
-0.409116 -0.113658 0.905376 -0.097021 -0.544971 0.832822 0.707124 -0.426550 0.563941 0.261301 -0.585938 0.767071 0.462974 0.261943 0.846782 -0.656856 -0.530689 0.535639 0.365303 0.592600 0.717899 -0.438374 -0.433010 0.787611 
-0.398769 -0.110471 0.910373 -0.097648 -0.542263 0.834515 0.692435 -0.448592 0.565065 0.255235 -0.586770 0.768476 0.464992 0.262812 0.845406 -0.657594 -0.527732 0.537652 0.362658 0.594519 0.717653 -0.436443 -0.430269 0.790181 
-0.389824 -0.107443 0.914600 -0.098087 -0.540103 0.835864 0.678121 -0.467861 0.566796 0.250267 -0.587120 0.769842 0.466683 0.262787 0.844482 -0.658106 -0.525642 0.539071 0.360601 0.595612 0.717783 -0.434850 -0.428431 0.792056 
-0.384094 -0.105460 0.917252 -0.098328 -0.538718 0.836728 0.668579 -0.479850 0.568108 0.247279 -0.587266 0.770696 0.468372 0.262972 0.843489 -0.658451 -0.523650 0.540585 0.359317 0.596608 0.717600 -0.433882 -0.427397 0.793145 
-0.382262 -0.105007 0.918068 -0.098368 -0.538189 0.837064 0.665835 -0.483188 0.568501 0.246593 -0.587394 0.770818 0.469696 0.263647 0.842542 -0.658652 -0.521959 0.541975 0.358584 0.597620 0.717125 -0.433408 -0.426730 0.793763 
-0.383005 -0.105380 0.917716 -0.098315 -0.538333 0.836977 0.667266 -0.481428 0.568316 0.247298 -0.587485 0.770523 0.469995 0.263902 0.842295 -0.658706 -0.521526 0.542326 0.358303 0.597959 0.716982 -0.433228 -0.426403 0.794036 
-0.385094 -0.106180 0.916749 -0.098148 -0.538847 0.836667 0.670538 -0.477190 0.568039 0.248753 -0.587405 0.770115 0.469888 0.263798 0.842387 -0.658661 -0.521715 0.542198 0.358372 0.597838 0.717049 -0.433256 -0.426530 0.793953 
-0.387709 -0.107176 0.915530 -0.097850 -0.539469 0.836300 0.674139 -0.472135 0.568000 0.250472 -0.587128 0.769769 0.469581 0.263495 0.842653 -0.658554 -0.522234 0.541829 0.358574 0.597488 0.717240 -0.433336 -0.426887 0.793717 
-0.390217 -0.108166 0.914347 -0.097480 -0.540010 0.835995 0.677153 -0.467488 0.568260 0.251926 -0.586678 0.769638 0.469098 0.263032 0.843066 -0.658353 -0.523080 0.541256 0.358883 0.596946 0.717537 -0.433462 -0.427452 0.793344 
-0.392097 -0.108904 0.913455 -0.097085 -0.540389 0.835796 0.678803 -0.464391 0.568830 0.252866 -0.586122 0.769753 0.468507 0.262462 0.843572 -0.658126 -0.524092 0.540553 0.359264 0.596280 0.717899 -0.433613 -0.428139 0.792891 
-0.393203 -0.109309 0.912931 -0.096695 -0.540610 0.835698 0.679033 -0.463104 0.569604 0.253306 -0.585542 0.770050 0.467891 0.261878 0.844096 -0.657863 -0.525170 0.539827 0.359652 0.595593 0.718275 -0.433771 -0.428857 0.792417 
-0.394007 -0.109587 0.912551 -0.096374 -0.540772 0.835630 0.678985 -0.462335 0.570286 0.253592 -0.585050 0.770329 0.467364 0.261366 0.844546 -0.657659 -0.526069 0.539199 0.359994 0.594994 0.718600 -0.433905 -0.429471 0.792010 
-0.394586 -0.109784 0.912277 -0.096142 -0.540891 0.835580 0.678946 -0.461789 0.570775 0.253794 -0.584693 0.770534 0.466971 0.260995 0.844879 -0.657491 -0.526751 0.538738 0.360243 0.594555 0.718839 -0.434010 -0.429926 0.791706 
-0.394881 -0.109864 0.912140 -0.096044 -0.540962 0.835545 0.678941 -0.461522 0.570996 0.253869 -0.584515 0.770645 0.466730 0.260761 0.845084 -0.657419 -0.527136 0.538449 0.360427 0.594274 0.718980 -0.434098 -0.430201 0.791509 
-0.394932 -0.109857 0.912119 -0.096047 -0.540984 0.835531 0.678974 -0.461473 0.570997 0.253855 -0.584487 0.770670 0.466652 0.260680 0.845152 -0.657420 -0.527236 0.538351 0.360509 0.594174 0.719021 -0.434146 -0.430289 0.791435 
-0.394907 -0.109849 0.912130 -0.096057 -0.540978 0.835533 0.678963 -0.461506 0.570983 0.253846 -0.584502 0.770662 0.466669 0.260696 0.845138 -0.657428 -0.527206 0.538370 0.360500 0.594192 0.719010 -0.434141 -0.430270 0.791448 
-0.394885 -0.109839 0.912141 -0.096066 -0.540974 0.835535 0.678969 -0.461527 0.570959 0.253838 -0.584516 0.770654 0.466684 0.260710 0.845125 -0.657433 -0.527181 0.538388 0.360491 0.594209 0.719001 -0.434137 -0.430252 0.791459 
-0.394864 -0.109824 0.912152 -0.096083 -0.540968 0.835537 0.678977 -0.461547 0.570933 0.253826 -0.584533 0.770645 0.466704 0.260717 0.845112 -0.657473 -0.527116 0.538404 0.360491 0.594222 0.718990 -0.434132 -0.430231 0.791474 
-0.394847 -0.109809 0.912161 -0.096100 -0.540963 0.835538 0.678977 -0.461578 0.570907 0.253815 -0.584549 0.770637 0.466723 0.260722 0.845100 -0.657512 -0.527052 0.538418 0.360491 0.594234 0.718980 -0.434126 -0.430212 0.791487 
-0.394830 -0.109801 0.912169 -0.096107 -0.540959 0.835540 0.678990 -0.461584 0.570887 0.253808 -0.584559 0.770631 0.466734 0.260733 0.845090 -0.657517 -0.527032 0.538432 0.360485 0.594247 0.718972 -0.434123 -0.430198 0.791496 
-0.394814 -0.109796 0.912177 -0.096113 -0.540955 0.835541 0.678985 -0.461604 0.570878 0.253802 -0.584569 0.770626 0.466745 0.260743 0.845081 -0.657521 -0.527014 0.538444 0.360479 0.594259 0.718965 -0.434120 -0.430186 0.791504 
-0.394814 -0.109771 0.912180 -0.096132 -0.540949 0.835544 0.678986 -0.461632 0.570854 0.253794 -0.584581 0.770619 0.466767 0.260742 0.845069 -0.657603 -0.526902 0.538454 0.360483 0.594268 0.718956 -0.434111 -0.430164 0.791522 
-0.394824 -0.109723 0.912181 -0.096155 -0.540943 0.835545 0.678987 -0.461681 0.570814 0.253772 -0.584594 0.770617 0.466775 0.260736 0.845067 -0.657658 -0.526835 0.538452 0.360508 0.594263 0.718948 -0.434124 -0.430159 0.791517 
-0.394836 -0.109705 0.912178 -0.096156 -0.540939 0.835547 0.678993 -0.461685 0.570802 0.253775 -0.584596 0.770614 0.466783 0.260743 0.845060 -0.657662 -0.526821 0.538462 0.360503 0.594272 0.718943 -0.434122 -0.430149 0.791524 
-0.394870 -0.109678 0.912167 -0.096153 -0.540935 0.835550 0.679000 -0.461687 0.570793 0.253783 -0.584592 0.770614 0.466791 0.260750 0.845054 -0.657664 -0.526809 0.538470 0.360499 0.594280 0.718938 -0.434120 -0.430141 0.791529 
-0.394914 -0.109647 0.912152 -0.096147 -0.540931 0.835553 0.679000 -0.461694 0.570787 0.253795 -0.584587 0.770614 0.466797 0.260756 0.845048 -0.657667 -0.526798 0.538478 0.360496 0.594287 0.718933 -0.434118 -0.430133 0.791534 
-0.394963 -0.109614 0.912134 -0.096141 -0.540927 0.835556 0.678994 -0.461703 0.570786 0.253809 -0.584579 0.770616 0.466803 0.260761 0.845044 -0.657670 -0.526788 0.538484 0.360493 0.594293 0.718930 -0.434117 -0.430127 0.791539 
-0.395016 -0.109578 0.912115 -0.096133 -0.540923 0.835560 0.679001 -0.461704 0.570778 0.253823 -0.584570 0.770617 0.466808 0.260765 0.845040 -0.657671 -0.526780 0.538490 0.360490 0.594299 0.718927 -0.434115 -0.430121 0.791543 
-0.395070 -0.109544 0.912096 -0.096126 -0.540920 0.835563 0.678995 -0.461714 0.570777 0.253838 -0.584561 0.770619 0.466813 0.260769 0.845036 -0.657673 -0.526772 0.538495 0.360488 0.594303 0.718924 -0.434114 -0.430116 0.791546 
-0.395116 -0.109496 0.912082 -0.096134 -0.540915 0.835565 0.679008 -0.461727 0.570750 0.253840 -0.584560 0.770620 0.466821 0.260762 0.845033 -0.657729 -0.526704 0.538494 0.360502 0.594300 0.718920 -0.434116 -0.430112 0.791547 
-0.395182 -0.109449 0.912059 -0.096133 -0.540911 0.835568 0.679009 -0.461734 0.570743 0.253852 -0.584551 0.770623 0.466831 0.260756 0.845030 -0.657784 -0.526635 0.538494 0.360511 0.594301 0.718915 -0.434112 -0.430108 0.791552 
-0.395204 -0.109414 0.912054 -0.096141 -0.540912 0.835567 0.679023 -0.461748 0.570716 0.253844 -0.584551 0.770625 0.466817 0.260744 0.845041 -0.657785 -0.526651 0.538477 0.360532 0.594282 0.718920 -0.434128 -0.430121 0.791536 
-0.395242 -0.109359 0.912044 -0.096160 -0.540916 0.835562 0.679044 -0.461770 0.570673 0.253825 -0.584548 0.770633 0.466790 0.260706 0.845068 -0.657838 -0.526629 0.538434 0.360583 0.594235 0.718933 -0.434155 -0.430156 0.791501 
-0.395314 -0.109314 0.912018 -0.096159 -0.540927 0.835554 0.679059 -0.461763 0.570661 0.253821 -0.584526 0.770652 0.466734 0.260655 0.845114 -0.657828 -0.526710 0.538367 0.360639 0.594168 0.718960 -0.434194 -0.430216 0.791447 
-0.395393 -0.109263 0.911990 -0.096162 -0.540947 0.835541 0.679080 -0.461754 0.570643 0.253805 -0.584497 0.770679 0.466647 0.260578 0.845186 -0.657811 -0.526836 0.538264 0.360728 0.594061 0.719004 -0.434256 -0.430313 0.791361 
-0.395484 -0.109211 0.911957 -0.096166 -0.540974 0.835523 0.679115 -0.461727 0.570624 0.253769 -0.584440 0.770734 0.466529 0.260471 0.845284 -0.657787 -0.527009 0.538125 0.360876 0.593896 0.719066 -0.434360 -0.430489 0.791208 
-0.395592 -0.109156 0.911917 -0.096170 -0.541011 0.835499 0.679155 -0.461690 0.570605 0.253710 -0.584347 0.770824 0.466374 0.260326 0.845415 -0.657790 -0.527199 0.537935 0.361101 0.593657 0.719151 -0.434511 -0.430770 0.790972 
-0.395717 -0.109092 0.911870 -0.096178 -0.541060 0.835466 0.679184 -0.461663 0.570593 0.253624 -0.584231 0.770941 0.466168 0.260128 0.845589 -0.657820 -0.527422 0.537678 0.361396 0.593345 0.719260 -0.434702 -0.431143 0.790664 
-0.395859 -0.109012 0.911818 -0.096194 -0.541125 0.835422 0.679232 -0.461625 0.570566 0.253508 -0.584103 0.771075 0.465903 0.259865 0.845816 -0.657842 -0.527733 0.537347 0.361759 0.592957 0.719397 -0.434934 -0.431601 0.790287 
-0.396026 -0.108918 0.911757 -0.096216 -0.541209 0.835365 0.679288 -0.461582 0.570535 0.253369 -0.583962 0.771228 0.465564 0.259532 0.846105 -0.657847 -0.528152 0.536928 0.362188 0.592484 0.719571 -0.435208 -0.432137 0.789843 
-0.396175 -0.108765 0.911710 -0.096287 -0.541310 0.835292 0.679374 -0.461595 0.570422 0.253161 -0.583828 0.771398 0.465152 0.259119 0.846458 -0.657900 -0.528614 0.536409 0.362731 0.591903 0.719776 -0.435551 -0.432778 0.789302 
-0.396320 -0.108613 0.911666 -0.096361 -0.541429 0.835206 0.679486 -0.461588 0.570294 0.252933 -0.583689 0.771577 0.464668 0.258653 0.846866 -0.657867 -0.529253 0.535819 0.363322 0.591258 0.720008 -0.435931 -0.433490 0.788702 
-0.396478 -0.108428 0.911618 -0.096457 -0.541558 0.835111 0.679594 -0.461613 0.570145 0.252667 -0.583540 0.771777 0.464141 0.258130 0.847315 -0.657887 -0.529891 0.535164 0.363988 0.590535 0.720264 -0.436352 -0.434279 0.788035 
-0.396657 -0.108263 0.911560 -0.096537 -0.541702 0.835009 0.679727 -0.461580 0.570013 0.252408 -0.583369 0.771991 0.463561 0.257579 0.847800 -0.657829 -0.530671 0.534462 0.364675 0.589768 0.720545 -0.436793 -0.435119 0.787327 
-0.396883 -0.108087 0.911483 -0.096616 -0.541852 0.834902 0.679847 -0.461544 0.569899 0.252146 -0.583176 0.772223 0.462955 0.256984 0.848311 -0.657824 -0.531427 0.533715 0.365402 0.588953 0.720844 -0.437242 -0.436007 0.786585 
-0.397122 -0.107932 0.911397 -0.096678 -0.542014 0.834790 0.679979 -0.461465 0.569806 0.251892 -0.582966 0.772464 0.462311 0.256377 0.848846 -0.657733 -0.532316 0.532941 0.366135 0.588108 0.721162 -0.437708 -0.436927 0.785816 
-0.397423 -0.107791 0.911283 -0.096714 -0.542183 0.834676 0.680104 -0.461333 0.569763 0.251667 -0.582730 0.772715 0.461639 0.255745 0.849402 -0.657631 -0.533247 0.532136 0.366865 0.587242 0.721496 -0.438161 -0.437864 0.785042 
-0.397738 -0.107642 0.911163 -0.096752 -0.542359 0.834557 0.680228 -0.461205 0.569719 0.251436 -0.582490 0.772972 0.460941 0.255091 0.849978 -0.657520 -0.534216 0.531301 0.367612 0.586347 0.721844 -0.438625 -0.438825 0.784245 
-0.398048 -0.107488 0.911046 -0.096796 -0.542539 0.834435 0.680354 -0.461084 0.569667 0.251187 -0.582247 0.773235 0.460223 0.254420 0.850567 -0.657406 -0.535207 0.530443 0.368380 0.585419 0.722205 -0.439105 -0.439818 0.783420 
-0.398356 -0.107331 0.910930 -0.096844 -0.542723 0.834310 0.680498 -0.460952 0.569601 0.250926 -0.582000 0.773506 0.459491 0.253738 0.851167 -0.657287 -0.536216 0.529571 0.369166 0.584469 0.722573 -0.439595 -0.440840 0.782570 
-0.398661 -0.107167 0.910815 -0.096898 -0.542909 0.834183 0.680639 -0.460831 0.569532 0.250660 -0.581755 0.773777 0.458749 0.253051 0.851771 -0.657170 -0.537230 0.528688 0.369960 0.583508 0.722944 -0.440087 -0.441876 0.781709 
-0.398967 -0.107011 0.910700 -0.096955 -0.543095 0.834055 0.680811 -0.460677 0.569449 0.250389 -0.581512 0.774048 0.458009 0.252367 0.852373 -0.657051 -0.538240 0.527808 0.370752 0.582545 0.723315 -0.440580 -0.442917 0.780842 
-0.399283 -0.106863 0.910578 -0.097007 -0.543280 0.833928 0.680985 -0.460507 0.569379 0.250127 -0.581266 0.774317 0.457273 0.251688 0.852968 -0.656926 -0.539247 0.526936 0.371531 0.581587 0.723686 -0.441061 -0.443951 0.779982 
-0.399605 -0.106719 0.910454 -0.097056 -0.543464 0.833803 0.681171 -0.460318 0.569309 0.249874 -0.581023 0.774581 0.456541 0.251017 0.853557 -0.656795 -0.540249 0.526071 0.372293 0.580640 0.724054 -0.441530 -0.444971 0.779135 
-0.399927 -0.106577 0.910330 -0.097104 -0.543646 0.833679 0.681351 -0.460135 0.569242 0.249625 -0.580783 0.774841 0.455817 0.250353 0.854140 -0.656661 -0.541243 0.525216 0.373037 0.579703 0.724422 -0.441987 -0.445974 0.778302 
-0.400215 -0.106407 0.910223 -0.097184 -0.543821 0.833555 0.681545 -0.459986 0.569130 0.249342 -0.580564 0.775096 0.455097 0.249668 0.854724 -0.656587 -0.542170 0.524352 0.373783 0.578749 0.724800 -0.442439 -0.446966 0.777476 
-0.400479 -0.106249 0.910125 -0.097256 -0.543993 0.833434 0.681699 -0.459870 0.569040 0.249063 -0.580341 0.775352 0.454363 0.248970 0.855318 -0.656441 -0.543189 0.523479 0.374484 0.577784 0.725209 -0.442872 -0.447932 0.776673 
-0.400681 -0.106061 0.910058 -0.097354 -0.544153 0.833318 0.681812 -0.459859 0.568913 0.248752 -0.580139 0.775604 0.453672 0.248298 0.855880 -0.656361 -0.544088 0.522646 0.375194 0.576849 0.725586 -0.443301 -0.448893 0.775873 
-0.400906 -0.105909 0.909977 -0.097421 -0.544307 0.833210 0.681917 -0.459792 0.568842 0.248488 -0.579922 0.775851 0.452993 0.247640 0.856430 -0.656226 -0.545027 0.521837 0.375822 0.575942 0.725981 -0.443683 -0.449790 0.775135 
-0.401123 -0.105758 0.909899 -0.097476 -0.544451 0.833110 0.681979 -0.459763 0.568791 0.248240 -0.579707 0.776091 0.452348 0.247007 0.856953 -0.656095 -0.545921 0.521066 0.376399 0.575071 0.726373 -0.444039 -0.450633 0.774441 
-0.401321 -0.105616 0.909828 -0.097527 -0.544586 0.833015 0.682015 -0.459760 0.568750 0.247999 -0.579500 0.776322 0.451745 0.246419 0.857441 -0.655978 -0.546748 0.520346 0.376950 0.574244 0.726741 -0.444383 -0.451441 0.773773 
-0.401500 -0.105436 0.909770 -0.097609 -0.544714 0.832922 0.682093 -0.459773 0.568646 0.247739 -0.579324 0.776537 0.451167 0.245845 0.857909 -0.655939 -0.547462 0.519644 0.377507 0.573446 0.727082 -0.444720 -0.452225 0.773122 
-0.401620 -0.105295 0.909733 -0.097694 -0.544840 0.832830 0.682193 -0.459770 0.568528 0.247469 -0.579159 0.776746 0.450607 0.245329 0.858351 -0.655849 -0.548195 0.518984 0.378057 0.572690 0.727392 -0.445086 -0.452987 0.772465 
-0.401790 -0.105188 0.909670 -0.097754 -0.544958 0.832745 0.682325 -0.459676 0.568446 0.247256 -0.578983 0.776945 0.450080 0.244850 0.858764 -0.655790 -0.548854 0.518362 0.378559 0.572015 0.727662 -0.445402 -0.453689 0.771870 
-0.401967 -0.105071 0.909606 -0.097822 -0.545067 0.832666 0.682450 -0.459595 0.568362 0.247052 -0.578813 0.777136 0.449580 0.244369 0.859164 -0.655808 -0.549406 0.517753 0.379033 0.571369 0.727923 -0.445682 -0.454350 0.771319 
-0.402095 -0.104955 0.909563 -0.097890 -0.545170 0.832591 0.682535 -0.459568 0.568282 0.246834 -0.578648 0.777328 0.449084 0.243897 0.859557 -0.655737 -0.550046 0.517163 0.379484 0.570725 0.728193 -0.445967 -0.454998 0.770773 
-0.402182 -0.104825 0.909539 -0.097966 -0.545263 0.832521 0.682585 -0.459609 0.568188 0.246610 -0.578498 0.777511 0.448613 0.243443 0.859931 -0.655695 -0.550627 0.516599 0.379909 0.570116 0.728448 -0.446231 -0.455610 0.770258 
-0.402227 -0.104674 0.909537 -0.098070 -0.545348 0.832453 0.682630 -0.459705 0.568055 0.246360 -0.578367 0.777688 0.448159 0.242992 0.860296 -0.655750 -0.551088 0.516037 0.380343 0.569526 0.728683 -0.446492 -0.456202 0.769757 
-0.402283 -0.104500 0.909532 -0.098187 -0.545426 0.832388 0.682716 -0.459785 0.567888 0.246113 -0.578241 0.777860 0.447742 0.242571 0.860631 -0.655914 -0.551392 0.515504 0.380787 0.568971 0.728885 -0.446744 -0.456782 0.769266 
-0.402208 -0.104357 0.909582 -0.098331 -0.545498 0.832324 0.682833 -0.459899 0.567655 0.245824 -0.578168 0.778005 0.447350 0.242224 0.860933 -0.655897 -0.551843 0.515042 0.381223 0.568472 0.729046 -0.447043 -0.457324 0.768770 
-0.402238 -0.104276 0.909578 -0.098398 -0.545556 0.832278 0.682897 -0.459916 0.567564 0.245638 -0.578053 0.778150 0.447045 0.241935 0.861173 -0.655899 -0.552184 0.514674 0.381557 0.568061 0.729192 -0.447255 -0.457792 0.768368 
-0.402275 -0.104200 0.909570 -0.098449 -0.545604 0.832240 0.682940 -0.459939 0.567495 0.245505 -0.577951 0.778268 0.446781 0.241684 0.861380 -0.655925 -0.552453 0.514352 0.381812 0.567725 0.729320 -0.447404 -0.458162 0.768061 
-0.402306 -0.104135 0.909564 -0.098493 -0.545641 0.832211 0.682969 -0.459965 0.567438 0.245389 -0.577862 0.778370 0.446566 0.241473 0.861551 -0.655966 -0.552652 0.514085 0.382021 0.567440 0.729432 -0.447529 -0.458467 0.767806 
-0.402327 -0.104078 0.909561 -0.098531 -0.545669 0.832188 0.682990 -0.459994 0.567389 0.245284 -0.577780 0.778464 0.446387 0.241296 0.861693 -0.656020 -0.552798 0.513861 0.382201 0.567196 0.729528 -0.447639 -0.458732 0.767583 
-0.402346 -0.104026 0.909558 -0.098565 -0.545692 0.832169 0.683011 -0.460018 0.567344 0.245191 -0.577699 0.778554 0.446231 0.241138 0.861818 -0.656083 -0.552908 0.513661 0.382366 0.566982 0.729607 -0.447735 -0.458977 0.767381 
-0.402364 -0.103979 0.909556 -0.098597 -0.545713 0.832151 0.683019 -0.460051 0.567308 0.245103 -0.577614 0.778644 0.446081 0.240986 0.861938 -0.656152 -0.553005 0.513468 0.382527 0.566779 0.729681 -0.447826 -0.459218 0.767183 
-0.402334 -0.103877 0.909581 -0.098690 -0.545733 0.832127 0.683064 -0.460144 0.567179 0.244960 -0.577562 0.778728 0.445917 0.240798 0.862075 -0.656383 -0.552953 0.513229 0.382733 0.566546 0.729754 -0.447930 -0.459470 0.766972 
-0.402217 -0.103717 0.909651 -0.098839 -0.545756 0.832094 0.683153 -0.460322 0.566926 0.244734 -0.577561 0.778799 0.445727 0.240595 0.862231 -0.656500 -0.553047 0.512977 0.382996 0.566271 0.729830 -0.448101 -0.459764 0.766696 
-0.402082 -0.103598 0.909724 -0.098967 -0.545781 0.832063 0.683234 -0.460474 0.566706 0.244509 -0.577555 0.778875 0.445556 0.240421 0.862367 -0.656530 -0.553210 0.512764 0.383248 0.565999 0.729908 -0.448287 -0.460064 0.766407 
-0.402027 -0.103514 0.909758 -0.099048 -0.545808 0.832036 0.683271 -0.460572 0.566582 0.244351 -0.577505 0.778961 0.445369 0.240226 0.862518 -0.656575 -0.553377 0.512527 0.383450 0.565736 0.730006 -0.448419 -0.460340 0.766164 
-0.402033 -0.103454 0.909762 -0.099090 -0.545836 0.832012 0.683265 -0.460637 0.566536 0.244241 -0.577418 0.779060 0.445176 0.240031 0.862672 -0.656617 -0.553550 0.512285 0.383632 0.565484 0.730106 -0.448522 -0.460615 0.765938 
-0.402064 -0.103397 0.909755 -0.099121 -0.545868 0.831988 0.683272 -0.460669 0.566501 0.244145 -0.577321 0.779163 0.444986 0.239849 0.862821 -0.656664 -0.553713 0.512049 0.383828 0.565240 0.730192 -0.448628 -0.460909 0.765699 
-0.402115 -0.103347 0.909738 -0.099151 -0.545905 0.831960 0.683308 -0.460659 0.566465 0.244049 -0.577221 0.779266 0.444787 0.239665 0.862975 -0.656708 -0.553886 0.511805 0.384037 0.564980 0.730283 -0.448748 -0.461219 0.765443 
-0.402188 -0.103300 0.909711 -0.099183 -0.545951 0.831925 0.683384 -0.460605 0.566418 0.243956 -0.577122 0.779369 0.444565 0.239459 0.863146 -0.656743 -0.554094 0.511536 0.384257 0.564692 0.730390 -0.448875 -0.461545 0.765171 
-0.402281 -0.103250 0.909675 -0.099219 -0.546006 0.831885 0.683482 -0.460525 0.566366 0.243862 -0.577020 0.779473 0.444316 0.239229 0.863338 -0.656763 -0.554347 0.511235 0.384489 0.564370 0.730517 -0.449013 -0.461893 0.764880 
-0.402340 -0.103150 0.909661 -0.099312 -0.546070 0.831832 0.683643 -0.460468 0.566217 0.243713 -0.576949 0.779573 0.444016 0.238935 0.863574 -0.656840 -0.554601 0.510862 0.384770 0.563978 0.730671 -0.449181 -0.462276 0.764550 
-0.402385 -0.103064 0.909650 -0.099391 -0.546136 0.831779 0.683791 -0.460418 0.566080 0.243545 -0.576869 0.779685 0.443721 0.238665 0.863800 -0.656834 -0.554931 0.510510 0.385082 0.563581 0.730814 -0.449380 -0.462711 0.764170 
-0.402454 -0.102986 0.909629 -0.099456 -0.546206 0.831726 0.683910 -0.460365 0.565978 0.243391 -0.576767 0.779808 0.443403 0.238376 0.864043 -0.656833 -0.555280 0.510132 0.385391 0.563168 0.730969 -0.449571 -0.463156 0.763788 
-0.402543 -0.102883 0.909601 -0.099532 -0.546276 0.831670 0.684030 -0.460324 0.565867 0.243235 -0.576660 0.779936 0.443067 0.238051 0.864305 -0.656906 -0.555575 0.509716 0.385701 0.562721 0.731150 -0.449748 -0.463612 0.763407 
-0.402571 -0.102779 0.909601 -0.099626 -0.546353 0.831609 0.684156 -0.460321 0.565716 0.243037 -0.576570 0.780064 0.442699 0.237716 0.864586 -0.656872 -0.556012 0.509283 0.386038 0.562250 0.731334 -0.449964 -0.464096 0.762986 
-0.402585 -0.102603 0.909614 -0.099773 -0.546429 0.831541 0.684306 -0.460383 0.565485 0.242791 -0.576501 0.780192 0.442301 0.237322 0.864898 -0.656998 -0.556323 0.508782 0.386410 0.561723 0.731542 -0.450188 -0.464596 0.762549 
-0.402543 -0.102477 0.909647 -0.099897 -0.546501 0.831479 0.684448 -0.460435 0.565271 0.242536 -0.576433 0.780321 0.441953 0.237022 0.865158 -0.656972 -0.556723 0.508377 0.386803 0.561261 0.731690 -0.450449 -0.465114 0.762079 
-0.402582 -0.102402 0.909638 -0.099969 -0.546569 0.831426 0.684548 -0.460414 0.565167 0.242361 -0.576335 0.780448 0.441638 0.236738 0.865396 -0.656952 -0.557085 0.508006 0.387124 0.560843 0.731841 -0.450648 -0.465579 0.761678 
-0.402668 -0.102336 0.909607 -0.100013 -0.546634 0.831378 0.684657 -0.460338 0.565096 0.242246 -0.576225 0.780565 0.441335 0.236465 0.865626 -0.656944 -0.557421 0.507648 0.387375 0.560462 0.731999 -0.450796 -0.465980 0.761344 
-0.402753 -0.102280 0.909576 -0.100052 -0.546691 0.831335 0.684742 -0.460278 0.565042 0.242143 -0.576124 0.780672 0.441067 0.236222 0.865828 -0.656946 -0.557709 0.507330 0.387601 0.560117 0.732144 -0.450932 -0.466344 0.761041 
-0.402833 -0.102232 0.909546 -0.100088 -0.546743 0.831297 0.684838 -0.460203 0.564987 0.242046 -0.576026 0.780774 0.440826 0.236003 0.866011 -0.656959 -0.557956 0.507040 0.387814 0.559802 0.732272 -0.451060 -0.466683 0.760758 
-0.402881 -0.102145 0.909535 -0.100165 -0.546793 0.831255 0.684951 -0.460174 0.564873 0.241917 -0.575958 0.780864 0.440580 0.235752 0.866204 -0.657037 -0.558147 0.506729 0.388030 0.559459 0.732419 -0.451186 -0.467009 0.760482 
-0.402894 -0.102079 0.909536 -0.100229 -0.546840 0.831216 0.685009 -0.460193 0.564788 0.241772 -0.575879 0.780967 0.440326 0.235511 0.866399 -0.657030 -0.558431 0.506426 0.388257 0.559124 0.732555 -0.451329 -0.467355 0.760185 
-0.402892 -0.101976 0.909549 -0.100314 -0.546885 0.831176 0.685052 -0.460270 0.564672 0.241612 -0.575807 0.781070 0.440069 0.235259 0.866598 -0.657113 -0.558625 0.506103 0.388492 0.558783 0.732690 -0.451466 -0.467698 0.759892 
