2.374646 2.524857 0.004669 2.426216 2.396855 0.004182 2.573460 2.604549 0.004377 2.627362 2.478914 0.003891 
2.374645 2.524858 0.004699 2.426215 2.396856 0.004259 2.573459 2.604550 0.004434 2.627361 2.478915 0.003995 
2.374682 2.524826 0.004575 2.426265 2.396829 0.004297 2.573488 2.604538 0.004470 2.627404 2.478909 0.004193 
2.374682 2.524827 0.004610 2.426265 2.396830 0.004362 2.573488 2.604539 0.004512 2.627403 2.478909 0.004265 
2.374604 2.524840 0.004668 2.426143 2.396825 0.004418 2.573436 2.604484 0.004215 2.627309 2.478836 0.003962 
2.374575 2.524866 0.004471 2.426091 2.396842 0.004253 2.573421 2.604475 0.003948 2.627272 2.478818 0.003725 
2.374612 2.525014 0.004494 2.426152 2.397001 0.003914 2.573444 2.604661 0.004320 2.627318 2.479014 0.003743 
2.374512 2.525034 0.004713 2.426076 2.397032 0.004001 2.573327 2.604721 0.004295 2.627225 2.479085 0.003584 
2.374510 2.525035 0.004741 2.426075 2.397033 0.004090 2.573326 2.604722 0.004361 2.627224 2.479087 0.003711 
2.374509 2.525037 0.004769 2.426074 2.397034 0.004169 2.573324 2.604724 0.004424 2.627223 2.479088 0.003824 
2.374508 2.525036 0.004846 2.426074 2.397033 0.004236 2.573323 2.604723 0.004530 2.627222 2.479088 0.003922 
2.374341 2.525101 0.005676 2.425921 2.397111 0.004260 2.573141 2.604822 0.004610 2.627053 2.479198 0.003191 
2.374344 2.525089 0.006009 2.425923 2.397101 0.004317 2.573144 2.604810 0.005037 2.627055 2.479190 0.003348 
2.374382 2.525741 0.006034 2.425607 2.397610 0.004482 2.573400 2.604914 0.004915 2.626964 2.479143 0.003362 
2.374294 2.525787 0.006171 2.425497 2.397648 0.004531 2.573322 2.604929 0.004777 2.626865 2.479150 0.003133 
2.374248 2.526110 0.006161 2.425465 2.397985 0.003962 2.573268 2.605279 0.005142 2.626825 2.479514 0.002949 
2.374242 2.526117 0.006070 2.425462 2.397990 0.004051 2.573263 2.605285 0.005150 2.626822 2.479518 0.003137 
2.374240 2.526113 0.006203 2.425461 2.397987 0.004131 2.573261 2.605282 0.005370 2.626821 2.479517 0.003306 
2.374246 2.526090 0.006693 2.425465 2.397971 0.004205 2.573265 2.605263 0.005934 2.626824 2.479505 0.003460 
2.374255 2.526060 0.007332 2.425471 2.397952 0.004273 2.573274 2.605236 0.006638 2.626830 2.479488 0.003599 
2.374264 2.526035 0.007848 2.425476 2.397937 0.004334 2.573282 2.605212 0.007214 2.626834 2.479475 0.003725 
2.374276 2.526000 0.008501 2.425482 2.397918 0.004387 2.573294 2.605178 0.007922 2.626840 2.479456 0.003839 
2.374286 2.525969 0.009040 2.425487 2.397902 0.004435 2.573304 2.605149 0.008511 2.626845 2.479441 0.003942 
2.374296 2.525941 0.009520 2.425492 2.397888 0.004476 2.573314 2.605121 0.009038 2.626849 2.479427 0.004036 
2.374304 2.525916 0.009911 2.425495 2.397876 0.004514 2.573322 2.605097 0.009472 2.626853 2.479416 0.004121 
2.374312 2.525893 0.010274 2.425498 2.397865 0.004547 2.573329 2.605074 0.009877 2.626856 2.479406 0.004199 
2.374320 2.525867 0.010656 2.425502 2.397854 0.004576 2.573338 2.605048 0.010296 2.626859 2.479394 0.004269 
2.374335 2.525827 0.011214 2.425508 2.397837 0.004602 2.573353 2.605009 0.010887 2.626866 2.479377 0.004334 
2.374356 2.525773 0.011918 2.425517 2.397815 0.004627 2.573373 2.604955 0.011616 2.626874 2.479356 0.004391 
2.374370 2.525666 0.012866 2.425569 2.397779 0.004635 2.573351 2.604938 0.012598 2.626889 2.479411 0.004442 
2.374408 2.525577 0.013876 2.425581 2.397748 0.004660 2.573390 2.604846 0.013621 2.626903 2.479376 0.004489 
2.573377 2.604824 0.014095 2.834716 2.065074 0.004666 2.943291 2.249706 0.005112 2.374405 2.525528 0.014325 2.715883 2.135235 0.005128 2.425585 2.397733 0.004675 
2.570869 2.606718 0.015196 2.835074 2.064474 0.004514 2.944778 2.248438 0.004862 2.372882 2.524997 0.014587 2.716673 2.135364 0.004822 2.425643 2.397886 0.004431 
2.570063 2.607024 0.017968 2.835090 2.064349 0.004568 2.944967 2.248204 0.005972 2.372308 2.524789 0.015104 2.716756 2.135349 0.004852 2.425494 2.397894 0.004478 
2.571115 2.605936 0.020787 2.835141 2.064306 0.004636 2.944890 2.248201 0.008574 2.372853 2.525041 0.015693 2.716763 2.135232 0.004909 2.425287 2.397880 0.004520 
2.572700 2.604500 0.022720 2.835227 2.064152 0.004734 2.945039 2.247943 0.011065 2.373737 2.525460 0.016078 2.716884 2.135137 0.004925 2.425066 2.397880 0.004560 
2.574764 2.602932 0.023312 2.834887 2.063526 0.005040 2.945588 2.246711 0.013163 2.375001 2.526006 0.015900 2.716906 2.135111 0.004930 2.425018 2.397887 0.004594 
2.577151 2.601197 0.023083 2.834225 2.062494 0.005720 2.946433 2.244692 0.015257 2.376500 2.526642 0.015437 2.716869 2.135096 0.004930 2.425007 2.397902 0.004625 
2.579744 2.599323 0.022305 2.833470 2.061354 0.006534 2.947343 2.242441 0.017398 2.378153 2.527333 0.014796 2.716828 2.135085 0.004932 2.425002 2.397925 0.004652 
2.582248 2.597478 0.021385 2.832734 2.060283 0.007417 2.948148 2.240306 0.019623 2.379773 2.527992 0.014079 2.716785 2.135075 0.004935 2.424998 2.397952 0.004675 
2.584548 2.595737 0.020390 2.832075 2.059218 0.008341 2.948876 2.238236 0.022057 2.381253 2.528680 0.013168 2.716789 2.134990 0.004915 2.424902 2.398039 0.004696 
2.586893 2.593908 0.019556 2.831432 2.058356 0.009286 2.949393 2.236479 0.024622 2.382815 2.529291 0.012173 2.716741 2.134977 0.004921 2.424888 2.398072 0.004714 
2.589079 2.592150 0.018727 2.830868 2.057606 0.010243 2.949747 2.234944 0.027469 2.384275 2.529898 0.011131 2.716702 2.134947 0.004920 2.424816 2.398142 0.004729 
2.591257 2.590350 0.018064 2.830474 2.056784 0.011250 2.950149 2.233381 0.030471 2.385771 2.530430 0.010150 2.716813 2.134792 0.004932 2.424799 2.398174 0.004742 
2.593368 2.588562 0.017428 2.831686 2.055180 0.013032 2.951839 2.231204 0.034398 2.387239 2.530915 0.009349 2.718455 2.133694 0.005397 2.424787 2.398201 0.004754 
2.595459 2.586770 0.016559 2.833361 2.052291 0.015911 2.954457 2.227513 0.038509 2.388708 2.531371 0.008648 2.720783 2.131575 0.006728 2.424784 2.398226 0.004765 
2.597557 2.584949 0.015413 2.834846 2.048603 0.019013 2.957259 2.222793 0.042474 2.390197 2.531809 0.007971 2.723115 2.128875 0.008213 2.424788 2.398253 0.004775 
2.599677 2.583074 0.014062 2.836443 2.044783 0.021753 2.960202 2.217908 0.046027 2.391717 2.532233 0.007309 2.725606 2.126055 0.009344 2.424798 2.398280 0.004784 
2.601815 2.581142 0.012505 2.838170 2.041152 0.023985 2.963248 2.213202 0.049127 2.393270 2.532644 0.006615 2.728251 2.123408 0.009991 2.424812 2.398309 0.004793 
2.603822 2.579112 0.010741 2.840057 2.037680 0.025753 2.966406 2.208660 0.051819 2.394709 2.532996 0.005976 2.731073 2.120892 0.010188 2.424690 2.398297 0.004809 
2.605601 2.577080 0.008903 2.842355 2.033929 0.027393 2.969892 2.203885 0.054360 2.395965 2.533271 0.005522 2.734310 2.118041 0.010204 2.424442 2.398242 0.004832 
2.607130 2.575068 0.007074 2.845400 2.029833 0.029161 2.973980 2.198855 0.057020 2.397025 2.533468 0.005357 2.738276 2.114750 0.010253 2.424071 2.398145 0.004853 
2.608097 2.573799 0.005007 2.849087 2.027073 0.028568 2.978461 2.195183 0.058218 2.397712 2.533603 0.005012 2.742854 2.112747 0.008108 2.423848 2.398101 0.004947 
2.608097 2.573800 0.004993 2.852479 2.027266 0.026736 2.981849 2.195028 0.058310 2.397712 2.533604 0.005001 2.746705 2.113218 0.005097 2.423847 2.398102 0.004954 
2.608607 2.573694 0.004930 2.851647 2.025723 0.027580 2.982519 2.192302 0.059235 2.398127 2.534000 0.004641 2.746875 2.112646 0.004972 2.423939 2.398436 0.004904 
2.608654 2.573680 0.004933 2.850449 2.023204 0.028928 2.981855 2.189223 0.061300 2.398147 2.534125 0.004693 2.746248 2.110577 0.005429 2.423870 2.398543 0.004891 
2.609221 2.573612 0.004966 2.848874 2.022444 0.030142 2.981216 2.187421 0.063993 2.398538 2.535010 0.004684 2.745493 2.110631 0.006067 2.423648 2.399313 0.004870 
2.609223 2.573611 0.004961 2.852201 2.025770 0.029459 2.983643 2.190760 0.066592 2.398539 2.535009 0.004713 2.748875 2.113911 0.004984 2.423648 2.399313 0.004879 
2.609695 2.573090 0.005185 2.852280 2.025500 0.029774 2.983733 2.189920 0.069323 2.398870 2.535273 0.004740 2.749380 2.114048 0.004982 2.423474 2.399484 0.004723 
2.611415 2.570973 0.006844 2.851390 2.024464 0.030202 2.983307 2.187598 0.073364 2.400178 2.535577 0.004845 2.423225 2.399515 0.004724 
2.613950 2.567578 0.009039 2.850335 2.023299 0.030880 2.982584 2.184969 0.078324 2.402151 2.535929 0.004914 2.422789 2.399481 0.004747 
2.615845 2.565094 0.011565 2.849363 2.021955 0.031570 2.981522 2.182386 0.083280 2.403718 2.536163 0.005035 2.422615 2.399463 0.004760 
2.617094 2.563412 0.014758 2.848498 2.019809 0.032161 2.980448 2.179057 0.087900 2.404811 2.536381 0.005647 2.422522 2.399525 0.004739 
2.619094 2.560682 0.017970 2.845568 2.014095 0.032988 2.978157 2.171550 0.092199 2.406565 2.536547 0.006723 2.422479 2.399482 0.004752 
2.619048 2.560419 0.020630 2.841971 2.005139 0.038044 2.975431 2.161561 0.098029 2.406571 2.536474 0.008062 2.422455 2.399431 0.004764 
2.617373 2.562158 0.022772 2.845255 1.999897 0.046635 2.977830 2.156386 0.108384 2.405215 2.536268 0.008758 2.422425 2.399403 0.004775 
2.614783 2.564821 0.025450 2.855660 2.004624 0.053825 2.984401 2.162806 0.119262 2.403171 2.535970 0.009152 2.422376 2.399383 0.004785 
2.611633 2.567882 0.028661 2.869914 2.015924 0.061064 2.992328 2.177448 0.130363 2.400792 2.535554 0.009206 2.422335 2.399317 0.004794 
2.605542 2.572900 0.034777 2.875864 2.032681 0.067119 2.990932 2.198692 0.138376 2.396480 2.534529 0.008349 2.422048 2.398962 0.004890 
2.596859 2.580591 0.041874 2.869779 2.050754 0.070036 2.979986 2.220418 0.140365 2.390675 2.533696 0.007713 2.421913 2.399302 0.005187 
2.586895 2.587881 0.050823 2.858526 2.066528 0.071689 2.964250 2.240097 0.139319 2.384545 2.532596 0.007514 2.750330 2.145583 0.038707 2.421566 2.399671 0.005427 
2.568710 2.594197 0.057800 2.846885 2.075897 0.074480 2.948955 2.253040 0.138354 2.369377 2.532167 0.009878 2.735724 2.151490 0.043286 2.411433 2.400785 0.006093 
2.536804 2.597322 0.056228 2.834601 2.082295 0.073261 2.934470 2.261565 0.134632 2.336944 2.531965 0.015459 2.721484 2.155669 0.043854 2.381159 2.401384 0.009319 
2.506679 2.599912 0.051029 2.821698 2.088568 0.066450 2.919799 2.269653 0.125289 2.306653 2.530880 0.017833 2.706884 2.160004 0.038905 2.352989 2.401127 0.010023 
2.483055 2.603323 0.043474 2.903441 2.280206 0.108821 2.807336 2.097282 0.052428 2.000818 2.465939 0.030757 1.986666 2.406854 0.004975 
2.468934 2.609687 0.039593 2.887744 2.294336 0.091496 2.794840 2.108532 0.039310 1.995734 2.465976 0.032580 1.986406 2.406757 0.004974 
2.458757 2.616742 0.036739 2.878853 2.318126 0.083478 2.791561 2.129102 0.033202 1.991582 2.465786 0.033841 1.986198 2.406680 0.004970 
2.448035 2.623879 0.035329 2.879567 2.353002 0.087434 2.802985 2.159493 0.036765 1.988274 2.465495 0.034705 1.986054 2.406617 0.004965 
2.825074 2.195319 0.049888 2.438872 2.631802 0.037051 2.887510 2.393403 0.102255 1.985652 2.465140 0.035368 1.985963 2.406563 0.004960 
2.850267 2.231222 0.069046 2.431997 2.638833 0.039230 2.898296 2.432645 0.123816 1.983119 2.464676 0.036011 1.985903 2.406506 0.004955 
2.871853 2.262607 0.089172 2.426176 2.646178 0.041662 2.907433 2.466128 0.145661 1.980420 2.464053 0.036694 1.985858 2.406444 0.004951 
2.886465 2.288532 0.104832 2.420167 2.653209 0.043639 2.912185 2.493335 0.162032 1.977526 2.463221 0.037437 1.985835 2.406375 0.004948 
2.894391 2.311259 0.113173 2.414399 2.659417 0.045327 2.911994 2.516849 0.170621 1.974655 2.462187 0.038232 1.985832 2.406302 0.004946 
2.898119 2.331754 0.116466 2.408930 2.664828 0.046873 2.908782 2.537757 0.174144 1.971879 2.460974 0.039061 1.985833 2.406226 0.004944 
2.899996 2.350667 0.117677 2.403675 2.669647 0.048386 2.904407 2.556795 0.175725 1.969292 2.459625 0.039907 1.985835 2.406147 0.004943 
2.901907 2.368947 0.119247 2.398479 2.674117 0.049795 2.900194 2.574922 0.177974 1.967014 2.458205 0.040764 1.985836 2.406065 0.004942 
2.904810 2.387414 0.122519 2.393354 2.678215 0.051387 2.896759 2.592902 0.182415 1.965133 2.456790 0.041626 1.985839 2.405982 0.004942 
2.907999 2.405705 0.126771 2.388460 2.681732 0.053237 2.893614 2.610348 0.188352 1.963511 2.455371 0.042487 1.985840 2.405896 0.004942 
2.910560 2.422836 0.130964 2.383765 2.684806 0.055413 2.890216 2.626339 0.194604 1.962108 2.453933 0.043368 1.985840 2.405806 0.004942 
2.912521 2.438560 0.134818 2.379335 2.687324 0.057913 2.886591 2.640657 0.200865 1.960902 2.452472 0.044279 1.985839 2.405709 0.004943 
2.885301 2.425591 0.145147 2.377924 2.687851 0.059413 1.960164 2.450792 0.045593 1.986133 2.405719 0.004973 2.913886 2.629472 0.204250 2.786919 2.661998 0.165376 
2.880995 2.394568 0.191599 2.372030 2.691810 0.060713 1.958854 2.452192 0.047206 1.986073 2.409391 0.004977 2.935845 2.599959 0.217744 2.813932 2.641753 0.172134 
2.360168 2.699377 0.061325 2.893109 2.354995 0.239937 2.945737 2.561718 0.259269 2.828024 2.600490 0.201563 1.956447 2.453784 0.048925 1.985985 2.414381 0.004982 
2.347990 2.706630 0.061476 2.887592 2.307295 0.262485 2.939460 2.514368 0.280038 2.824194 2.551995 0.216889 1.953057 2.454093 0.050519 1.985869 2.419362 0.004987 
2.329234 2.716017 0.061110 2.857855 2.242617 0.255766 2.916035 2.448130 0.271806 2.457123 2.667862 0.065023 1.949026 2.452572 0.051789 1.985718 2.423940 0.004993 
2.313263 2.722263 0.061142 2.805937 2.185301 0.239281 2.870933 2.388229 0.261039 2.444628 2.684571 0.064649 1.946096 2.444933 0.052441 1.986453 2.423109 0.004996 
2.810208 2.329834 0.216006 1.943703 2.437121 0.052725 2.713765 2.138865 0.205622 2.302813 2.725422 0.061763 2.435992 2.694664 0.064427 
2.740760 2.286383 0.158078 1.943404 2.430299 0.052853 2.621887 2.108426 0.166934 2.298432 2.726197 0.063196 2.432245 2.698264 0.065134 
2.679982 2.253740 0.117231 1.942590 2.423988 0.052699 2.547269 2.087799 0.144225 2.298523 2.725717 0.065906 2.432378 2.697932 0.066730 
2.634845 2.226380 0.096021 1.942273 2.419805 0.052349 2.491811 2.074193 0.143538 2.298508 2.724499 0.070277 2.432336 2.696587 0.071146 
2.604020 2.210915 0.083085 2.455647 2.072846 0.152369 2.295937 2.721581 0.075668 2.430140 2.695536 0.076682 1.941927 2.415091 0.051238 2.360888 2.135893 0.074330 
2.597983 2.211091 0.083731 1.939484 2.409080 0.056499 2.448885 2.076139 0.157457 2.287770 2.720202 0.083921 2.422871 2.699339 0.085449 
2.597745 2.211608 0.084098 1.930747 2.397600 0.067506 2.449704 2.074138 0.155258 2.276636 2.717634 0.094208 2.412431 2.702791 0.099609 
2.597426 2.212530 0.085120 1.918263 2.377922 0.079715 2.451822 2.069237 0.149495 2.263451 2.716182 0.109216 2.399191 2.708376 0.123481 
2.596494 2.214858 0.086387 1.915338 2.360454 0.087465 2.453584 2.065027 0.141208 2.251751 2.718718 0.133930 2.385653 2.716605 0.161418 
2.595488 2.215874 0.088376 1.934234 2.362658 0.108689 2.455844 2.060057 0.134182 2.234533 2.714832 0.147528 2.366580 2.716180 0.182903 
2.594736 2.218784 0.091034 1.950256 2.358472 0.114249 2.461238 2.055562 0.128643 2.208464 2.696750 0.139783 2.339429 2.702824 0.178526 
2.591049 2.220655 0.093851 2.464901 2.050697 0.126698 2.184892 2.680000 0.136108 2.313551 2.690738 0.181066 1.950306 2.344821 0.103023 2.372971 2.101993 0.037470 
2.163399 2.665213 0.134619 2.454200 2.037489 0.132640 2.361043 2.084542 0.042351 1.942889 2.329270 0.088145 2.290545 2.679717 0.182715 2.576790 2.209045 0.094982 
2.143266 2.649569 0.132353 2.440904 2.024349 0.138969 2.345752 2.068084 0.049094 1.939582 2.319396 0.081289 2.270305 2.667258 0.179662 2.560968 2.196159 0.094882 
2.124677 2.634259 0.130431 2.429353 2.016021 0.140060 2.331860 2.058957 0.052335 1.937733 2.312688 0.077893 2.253475 2.653369 0.172093 2.547442 2.188284 0.092540 
2.111414 2.628824 0.132710 2.422543 2.012088 0.138827 2.323869 2.055121 0.052482 1.939059 2.310614 0.075536 2.240930 2.649351 0.171361 2.539235 2.185265 0.091177 
2.109208 2.631887 0.137200 2.420325 2.006995 0.139225 2.322848 2.049716 0.051377 1.946726 2.316236 0.078590 2.236976 2.653369 0.180831 2.537613 2.180062 0.092652 
2.112289 2.633461 0.135834 2.422256 2.004783 0.137735 2.327303 2.047930 0.047368 1.953880 2.321531 0.084735 2.238400 2.654938 0.184049 2.540957 2.177900 0.095092 
2.111672 2.631912 0.137348 2.421773 2.003162 0.134022 2.328369 2.047976 0.042855 1.956569 2.322736 0.097336 2.237387 2.652427 0.186994 2.541666 2.176494 0.095821 
2.112763 2.630395 0.139729 2.420115 2.000931 0.129895 2.327422 2.047750 0.039012 1.950734 2.314554 0.105870 2.238605 2.649313 0.189687 2.540924 2.174421 0.095482 
2.117950 2.631000 0.141621 2.417166 1.999244 0.126212 2.325109 2.048775 0.036121 1.940194 2.300621 0.102909 2.244787 2.647177 0.190000 2.540260 2.171666 0.094652 
2.125878 2.633111 0.143051 2.413432 1.998274 0.123405 2.322240 2.050433 0.033921 1.921869 2.281028 0.088310 2.253444 2.646140 0.190452 2.539362 2.169024 0.094020 
2.133319 2.637021 0.147072 2.408433 1.997586 0.120712 1.903903 2.256738 0.079626 2.261140 2.646778 0.194575 2.537430 2.166426 0.093678 
2.137826 2.642116 0.153355 2.401992 1.997081 0.118038 1.894255 2.235233 0.076804 2.265454 2.649090 0.201855 2.534091 2.163886 0.093470 
2.530472 2.163494 0.093581 1.888273 2.218717 0.076165 2.395858 1.998256 0.114873 2.141791 2.647257 0.158987 2.268303 2.651994 0.210584 
2.528061 2.165601 0.094284 1.885363 2.212100 0.076427 2.391649 2.001282 0.110673 2.144066 2.652223 0.161162 2.269048 2.654989 0.216495 
2.525447 2.164635 0.095692 1.883311 2.210105 0.074465 2.386536 2.002038 0.107688 2.145317 2.656621 0.159149 2.268698 2.657644 0.218020 
2.524304 2.163429 0.097418 1.883593 2.212653 0.074218 2.383775 2.001944 0.104645 2.146466 2.658365 0.152165 2.268173 2.658060 0.214431 
2.144256 2.657580 0.148338 2.381550 2.001375 0.101776 1.892401 2.224940 0.079429 2.264855 2.656284 0.212711 2.522427 2.162685 0.098570 
2.142219 2.655933 0.149618 2.380171 2.000508 0.099743 1.899790 2.232162 0.082574 2.262265 2.653339 0.214978 2.521157 2.161756 0.099686 
1.323989 1.754855 0.004980 2.520000 2.161103 0.102723 2.379189 1.999726 0.099938 2.257836 2.649731 0.215897 1.308853 1.813428 0.031364 2.137608 2.652812 0.150893 
1.302852 1.754865 0.005039 2.518325 2.160956 0.106140 2.378276 1.999009 0.100052 2.252099 2.645863 0.217673 1.288588 1.812510 0.033842 2.131962 2.648924 0.152500 
1.296526 1.754657 0.005134 2.516242 2.161288 0.109423 2.377076 1.998711 0.100526 2.246421 2.643886 0.221436 1.282333 1.811504 0.035515 2.126817 2.646981 0.155291 
1.293704 1.754394 0.005113 2.513644 2.162046 0.111366 2.375365 1.998805 0.100920 2.240324 2.643097 0.223282 1.279263 1.810486 0.036755 2.121197 2.645800 0.156265 
1.293223 1.754254 0.005021 2.374317 1.999329 0.101432 1.278550 1.809780 0.037542 2.115627 2.644761 0.154986 2.511489 2.163450 0.112664 2.234372 2.642830 0.222704 
1.293231 1.754148 0.005004 2.373895 2.000100 0.102021 1.278443 1.809283 0.038131 2.110860 2.644019 0.152477 2.509938 2.165140 0.113508 2.229267 2.642999 0.220803 
1.292409 1.753877 0.005094 2.373803 2.000919 0.102555 1.277529 1.808659 0.038761 2.106981 2.643598 0.149525 2.508888 2.166755 0.113871 2.225097 2.643523 0.218362 
1.291359 1.753531 0.005233 2.373736 2.001509 0.102790 1.276407 1.807988 0.039393 2.105152 2.643687 0.148815 2.508244 2.167831 0.113860 2.222778 2.644181 0.218483 
1.291410 1.753438 0.005308 2.373870 2.001738 0.102839 1.276401 1.807715 0.039728 2.104577 2.643907 0.148690 2.508195 2.168228 0.113592 2.222093 2.644673 0.218541 
1.291312 1.753360 0.005427 2.374088 2.001812 0.102728 1.276366 1.807663 0.039833 2.104703 2.644032 0.148849 2.508420 2.168320 0.113094 2.222326 2.644892 0.218520 
1.291347 1.753336 0.005510 2.374278 2.001821 0.102595 1.276434 1.807690 0.039850 2.105304 2.644265 0.149059 2.508749 2.168242 0.112558 2.223063 2.645117 0.218500 
1.291370 1.753326 0.005566 2.374435 2.001789 0.102462 1.276472 1.807740 0.039817 2.106260 2.644610 0.149325 2.509152 2.168036 0.111997 2.224136 2.645382 0.218567 
1.291363 1.753327 0.005616 2.374579 2.001720 0.102314 1.276497 1.807829 0.039742 2.107379 2.644957 0.149678 2.509589 2.167753 0.111439 2.225379 2.645600 0.218710 
1.291376 1.753334 0.005660 2.374718 2.001642 0.102163 1.276545 1.807922 0.039663 2.108407 2.645268 0.150147 2.509986 2.167482 0.110938 2.226521 2.645784 0.218986 
1.291389 1.753340 0.005701 2.374847 2.001563 0.102019 1.276592 1.808005 0.039595 2.109254 2.645531 0.150693 2.510316 2.167254 0.110521 2.227468 2.645935 0.219358 
1.291401 1.753344 0.005738 2.374962 2.001492 0.101890 1.276635 1.808075 0.039539 2.109900 2.645737 0.151237 2.510576 2.167074 0.110191 2.228205 2.646050 0.219747 
1.291410 1.753348 0.005768 2.375052 2.001436 0.101788 1.276670 1.808131 0.039496 2.110379 2.645893 0.151671 2.510775 2.166937 0.109937 2.228757 2.646136 0.220054 
1.291417 1.753353 0.005789 2.375113 2.001399 0.101719 1.276701 1.808176 0.039461 2.110706 2.645997 0.151962 2.510908 2.166846 0.109766 2.229132 2.646193 0.220263 
1.291419 1.753359 0.005801 2.375143 2.001381 0.101685 1.276726 1.808211 0.039437 2.110868 2.646048 0.152105 2.510973 2.166802 0.109682 2.229317 2.646221 0.220367 
1.291420 1.753361 0.005803 2.375146 2.001380 0.101681 1.276732 1.808219 0.039431 2.110889 2.646054 0.152120 2.510981 2.166797 0.109670 2.229340 2.646225 0.220378 
1.291420 1.753361 0.005802 2.375146 2.001380 0.101680 1.276732 1.808219 0.039430 2.110889 2.646055 0.152117 2.510980 2.166798 0.109668 2.229340 2.646226 0.220375 
1.291420 1.753361 0.005802 2.375146 2.001381 0.101680 1.276732 1.808220 0.039429 2.110889 2.646055 0.152114 2.510980 2.166798 0.109667 2.229340 2.646227 0.220372 
1.291419 1.753361 0.005802 2.375146 2.001381 0.101679 1.276733 1.808221 0.039428 2.110889 2.646056 0.152113 2.510981 2.166799 0.109665 2.229341 2.646228 0.220370 
1.291307 1.753327 0.005811 2.375117 2.001380 0.101673 1.276622 1.808188 0.039435 2.110889 2.646057 0.152113 2.510969 2.166784 0.109630 2.229341 2.646229 0.220369 
1.291307 1.753327 0.005811 2.375118 2.001380 0.101672 1.276623 1.808190 0.039434 2.110891 2.646057 0.152114 2.510970 2.166785 0.109627 2.229343 2.646230 0.220369 
1.291307 1.753328 0.005812 2.375119 2.001380 0.101670 1.276626 1.808193 0.039431 2.110893 2.646057 0.152119 2.510972 2.166784 0.109623 2.229347 2.646230 0.220371 
1.291307 1.753329 0.005813 2.375121 2.001380 0.101668 1.276630 1.808197 0.039428 2.110898 2.646055 0.152124 2.510974 2.166784 0.109617 2.229355 2.646227 0.220374 
1.291307 1.753330 0.005814 2.375124 2.001379 0.101664 1.276635 1.808203 0.039425 2.110910 2.646040 0.152123 2.510978 2.166783 0.109610 2.229369 2.646209 0.220366 
1.291308 1.753332 0.005817 2.375128 2.001379 0.101660 1.276641 1.808210 0.039421 2.110925 2.646019 0.152121 2.510983 2.166782 0.109601 2.229388 2.646186 0.220357 
1.291198 1.753300 0.005829 2.375106 2.001377 0.101650 1.276540 1.808187 0.039424 2.110940 2.646000 0.152128 2.510976 2.166769 0.109557 2.229409 2.646163 0.220354 
1.291199 1.753303 0.005834 2.375116 2.001378 0.101643 1.276553 1.808201 0.039416 2.110956 2.645979 0.152142 2.510984 2.166773 0.109538 2.229433 2.646140 0.220355 
1.291200 1.753307 0.005841 2.375130 2.001380 0.101634 1.276569 1.808218 0.039407 2.110975 2.645958 0.152164 2.510993 2.166779 0.109513 2.229461 2.646115 0.220360 
1.291202 1.753311 0.005849 2.375145 2.001381 0.101623 1.276589 1.808239 0.039396 2.111001 2.645938 0.152195 2.511007 2.166782 0.109485 2.229498 2.646091 0.220372 
1.291203 1.753317 0.005858 2.375160 2.001378 0.101610 1.276612 1.808264 0.039382 2.111035 2.645921 0.152234 2.511024 2.166779 0.109453 2.229544 2.646068 0.220392 
1.291205 1.753322 0.005867 2.375176 2.001374 0.101595 1.276637 1.808290 0.039367 2.111077 2.645905 0.152280 2.511044 2.166771 0.109421 2.229597 2.646046 0.220416 
1.291207 1.753329 0.005877 2.375192 2.001369 0.101579 1.276663 1.808319 0.039352 2.111120 2.645890 0.152328 2.511066 2.166762 0.109387 2.229653 2.646024 0.220444 
1.291209 1.753335 0.005888 2.375208 2.001363 0.101564 1.276689 1.808347 0.039336 2.111163 2.645875 0.152378 2.511087 2.166753 0.109353 2.229708 2.646003 0.220472 
1.291210 1.753340 0.005897 2.375224 2.001358 0.101548 1.276712 1.808373 0.039322 2.111200 2.645859 0.152433 2.511107 2.166745 0.109321 2.229758 2.645979 0.220506 
1.291212 1.753345 0.005907 2.375240 2.001352 0.101532 1.276735 1.808397 0.039309 2.111232 2.645842 0.152494 2.511127 2.166737 0.109290 2.229802 2.645957 0.220545 
1.291214 1.753350 0.005916 2.375256 2.001346 0.101517 1.276757 1.808421 0.039295 2.111264 2.645826 0.152554 2.511146 2.166730 0.109260 2.229846 2.645934 0.220585 
1.291216 1.753355 0.005925 2.375271 2.001340 0.101501 1.276779 1.808445 0.039282 2.111296 2.645809 0.152614 2.511164 2.166722 0.109231 2.229890 2.645912 0.220624 
1.291218 1.753360 0.005934 2.375286 2.001335 0.101486 1.276800 1.808467 0.039270 2.111324 2.645793 0.152675 2.511182 2.166715 0.109203 2.229929 2.645889 0.220665 
1.291133 1.753340 0.005950 2.375272 2.001329 0.101466 1.276736 1.808466 0.039264 2.111350 2.645775 0.152743 2.511183 2.166698 0.109146 2.229967 2.645865 0.220713 
1.291135 1.753345 0.005958 2.375286 2.001324 0.101452 1.276756 1.808488 0.039252 2.111378 2.645761 0.152798 2.511199 2.166692 0.109120 2.230005 2.645845 0.220749 
1.291136 1.753348 0.005965 2.375297 2.001320 0.101442 1.276771 1.808504 0.039243 2.111404 2.645742 0.152828 2.511212 2.166687 0.109099 2.230040 2.645823 0.220764 
1.291056 1.753328 0.005977 2.375278 2.001317 0.101426 1.276705 1.808497 0.039241 2.111417 2.645725 0.152873 2.511206 2.166674 0.109055 2.230061 2.645801 0.220795 
1.291057 1.753331 0.005983 2.375287 2.001314 0.101418 1.276718 1.808511 0.039233 2.111439 2.645707 0.152899 2.511217 2.166670 0.109037 2.230090 2.645779 0.220808 
1.291058 1.753334 0.005988 2.375296 2.001310 0.101408 1.276731 1.808525 0.039225 2.111458 2.645688 0.152929 2.511227 2.166666 0.109020 2.230117 2.645755 0.220824 
1.291059 1.753337 0.005995 2.375306 2.001308 0.101399 1.276746 1.808540 0.039217 2.111469 2.645668 0.152964 2.511237 2.166665 0.109002 2.230136 2.645732 0.220845 
1.291061 1.753341 0.006002 2.375319 2.001307 0.101388 1.276763 1.808558 0.039207 2.111467 2.645645 0.152999 2.511245 2.166669 0.108982 2.230144 2.645709 0.220865 
1.291062 1.753346 0.006010 2.375334 2.001310 0.101378 1.276783 1.808580 0.039195 2.111454 2.645616 0.153027 2.511250 2.166679 0.108961 2.230140 2.645684 0.220875 
1.290993 1.753330 0.006025 2.375322 2.001313 0.101362 1.276737 1.808584 0.039187 2.111417 2.645581 0.153069 2.511234 2.166687 0.108917 2.230114 2.645653 0.220898 
1.290995 1.753334 0.006034 2.375337 2.001318 0.101354 1.276758 1.808606 0.039176 2.111377 2.645544 0.153091 2.511233 2.166706 0.108900 2.230084 2.645624 0.220903 
1.290997 1.753338 0.006042 2.375350 2.001326 0.101349 1.276776 1.808624 0.039167 2.111333 2.645502 0.153087 2.511229 2.166729 0.108887 2.230047 2.645592 0.220886 
1.290998 1.753341 0.006048 2.375361 2.001336 0.101347 1.276791 1.808638 0.039161 2.111274 2.645459 0.153069 2.511219 2.166756 0.108880 2.229995 2.645560 0.220858 
1.291000 1.753344 0.006055 2.375372 2.001348 0.101346 1.276806 1.808650 0.039156 2.111204 2.645413 0.153045 2.511206 2.166788 0.108875 2.229930 2.645529 0.220825 
1.291001 1.753346 0.006061 2.375384 2.001361 0.101346 1.276820 1.808664 0.039150 2.111126 2.645365 0.153020 2.511192 2.166822 0.108870 2.229857 2.645496 0.220791 
1.291003 1.753349 0.006068 2.375396 2.001375 0.101346 1.276835 1.808677 0.039145 2.111042 2.645315 0.152992 2.511176 2.166860 0.108865 2.229778 2.645464 0.220753 
1.291005 1.753351 0.006075 2.375408 2.001390 0.101346 1.276850 1.808690 0.039140 2.110954 2.645265 0.152962 2.511159 2.166898 0.108862 2.229695 2.645431 0.220714 
1.291006 1.753354 0.006081 2.375419 2.001405 0.101347 1.276865 1.808703 0.039135 2.110864 2.645213 0.152931 2.511141 2.166937 0.108859 2.229610 2.645397 0.220675 
1.290958 1.753339 0.006092 2.375413 2.001423 0.101339 1.276832 1.808700 0.039131 2.110777 2.645161 0.152905 2.511113 2.166974 0.108836 2.229527 2.645361 0.220642 
1.290912 1.753325 0.006101 2.375405 2.001441 0.101330 1.276801 1.808698 0.039126 2.110685 2.645109 0.152887 2.511082 2.167011 0.108817 2.229437 2.645326 0.220619 
1.290913 1.753328 0.006105 2.375414 2.001456 0.101331 1.276814 1.808710 0.039121 2.110582 2.645058 0.152858 2.511058 2.167054 0.108820 2.229338 2.645292 0.220585 
1.290914 1.753329 0.006109 2.375422 2.001475 0.101335 1.276822 1.808717 0.039120 2.110472 2.645004 0.152802 2.511032 2.167100 0.108825 2.229229 2.645259 0.220525 
1.290915 1.753330 0.006113 2.375429 2.001494 0.101340 1.276829 1.808722 0.039119 2.110357 2.644950 0.152743 2.511005 2.167147 0.108831 2.229116 2.645228 0.220464 
1.290916 1.753331 0.006116 2.375436 2.001514 0.101346 1.276837 1.808727 0.039118 2.110238 2.644895 0.152684 2.510976 2.167197 0.108840 2.228998 2.645195 0.220403 
1.290843 1.753303 0.006126 2.375392 2.001537 0.101336 1.276774 1.808707 0.039118 2.110131 2.644838 0.152652 2.510906 2.167241 0.108813 2.228893 2.645153 0.220368 
1.290808 1.753293 0.006132 2.375365 2.001556 0.101337 1.276752 1.808705 0.039115 2.110020 2.644785 0.152673 2.510840 2.167291 0.108819 2.228781 2.645107 0.220390 
1.290777 1.753279 0.006138 2.375354 2.001582 0.101333 1.276728 1.808697 0.039115 2.109882 2.644723 0.152599 2.510794 2.167346 0.108812 2.228642 2.645073 0.220316 
1.290778 1.753280 0.006140 2.375357 2.001606 0.101343 1.276734 1.808700 0.039115 2.109759 2.644666 0.152537 2.510754 2.167405 0.108830 2.228513 2.645039 0.220265 
1.290778 1.753280 0.006141 2.375361 2.001629 0.101352 1.276736 1.808700 0.039118 2.109625 2.644611 0.152454 2.510719 2.167460 0.108843 2.228377 2.645010 0.220185 
1.290779 1.753280 0.006143 2.375365 2.001652 0.101361 1.276739 1.808700 0.039120 2.109501 2.644558 0.152376 2.510685 2.167513 0.108856 2.228250 2.644982 0.220113 
1.290753 1.753267 0.006148 2.375334 2.001673 0.101365 1.276720 1.808692 0.039119 2.109401 2.644507 0.152332 2.510621 2.167561 0.108856 2.228145 2.644947 0.220077 
1.290754 1.753268 0.006150 2.375338 2.001696 0.101373 1.276725 1.808694 0.039120 2.109283 2.644455 0.152262 2.510587 2.167615 0.108870 2.228022 2.644919 0.220016 
