2.599529 2.582543 0.004780 2.530609 2.376524 0.004481 2.469123 2.623580 0.004871 2.399930 2.420874 0.004578 
2.599612 2.582439 0.004606 2.530653 2.376433 0.004616 2.469214 2.623502 0.004678 2.399982 2.420808 0.004688 
2.599652 2.582555 0.004742 2.530739 2.376534 0.004444 2.469245 2.623589 0.004728 2.400058 2.420880 0.004434 
2.599633 2.582594 0.004761 2.530703 2.376579 0.004315 2.469229 2.623638 0.004885 2.400026 2.420935 0.004446 
2.599635 2.582426 0.004286 2.530602 2.376445 0.004390 2.469251 2.623535 0.004447 2.399947 2.420866 0.004551 
2.599634 2.582426 0.004350 2.530602 2.376445 0.004441 2.469251 2.623535 0.004500 2.399947 2.420866 0.004591 
2.599635 2.582422 0.004396 2.530597 2.376442 0.004486 2.469253 2.623535 0.004544 2.399943 2.420868 0.004634 
2.599478 2.582569 0.004384 2.530447 2.376588 0.004151 2.469094 2.623677 0.004870 2.399792 2.421007 0.004645 
2.599355 2.582474 0.003818 2.530232 2.376523 0.004089 2.468992 2.623641 0.004727 2.399600 2.421002 0.005003 
2.599164 2.582779 0.003932 2.530097 2.376810 0.003491 2.468794 2.623905 0.005327 2.399456 2.421248 0.004905 
2.599122 2.582720 0.003722 2.530016 2.376763 0.003626 2.468761 2.623872 0.005274 2.399385 2.421228 0.005195 
2.599136 2.582716 0.003827 2.530031 2.376759 0.003749 2.468781 2.623866 0.005845 2.399405 2.421221 0.005788 
2.599151 2.582701 0.003919 2.530024 2.376751 0.003873 2.468806 2.623863 0.006272 2.399408 2.421227 0.006249 
2.599150 2.582712 0.004007 2.530053 2.376753 0.003977 2.468798 2.623856 0.006309 2.399430 2.421209 0.006302 
2.599152 2.582717 0.004085 2.530073 2.376752 0.004070 2.468797 2.623850 0.006458 2.399448 2.421196 0.006466 
2.599067 2.582763 0.004139 2.530094 2.376762 0.004139 2.468700 2.623826 0.006976 2.399454 2.421137 0.007004 
2.599093 2.582754 0.004210 2.530120 2.376753 0.004210 2.468745 2.623811 0.007871 2.399499 2.421122 0.007906 
2.598162 2.584463 0.004554 2.534902 2.376637 0.005060 2.466712 2.621917 0.007364 2.403088 2.417395 0.007889 
2.598122 2.590435 0.004732 2.540631 2.380939 0.004962 2.465680 2.624239 0.007188 2.407734 2.418036 0.007439 
2.598214 2.590616 0.004767 2.540767 2.381108 0.004933 2.465757 2.624393 0.006724 2.407854 2.418177 0.006907 
2.598251 2.590604 0.004783 2.540777 2.381103 0.004922 2.465801 2.624397 0.007005 2.407872 2.418189 0.007164 
2.601077 2.589862 0.006227 2.540419 2.381278 0.003551 2.469181 2.625614 0.010111 2.408118 2.420328 0.007509 
2.604354 2.585830 0.009479 2.539876 2.378456 0.003799 2.473140 2.623933 0.014055 2.408318 2.419863 0.008498 
2.604856 2.585496 0.012664 2.539885 2.378382 0.003914 2.473741 2.623821 0.018134 2.408434 2.420010 0.009560 
2.602520 2.586162 0.013484 2.539896 2.378359 0.004005 2.471000 2.622947 0.019733 2.408003 2.418441 0.010447 
2.407602 2.417585 0.011005 2.812395 2.055511 0.011836 2.675228 2.040388 0.012643 2.469280 2.622516 0.019756 2.788533 2.268353 0.009278 2.601016 2.586593 0.013038 
2.408246 2.419637 0.011290 2.813380 2.055424 0.005118 2.675987 2.042493 0.004944 2.472983 2.623701 0.017987 2.792933 2.268625 0.007335 2.604143 2.585772 0.011035 
2.408832 2.421404 0.011574 2.813561 2.050601 0.005248 2.675980 2.039864 0.004944 2.796519 2.264111 0.006042 2.476088 2.624732 0.015057 2.606731 2.585107 0.007846 
2.409377 2.422904 0.012112 2.813676 2.048600 0.005105 2.675984 2.039387 0.004948 2.799001 2.262287 0.005132 2.478785 2.625535 0.013065 2.608952 2.584461 0.005346 
2.409575 2.423199 0.012611 2.813690 2.048308 0.004996 2.675977 2.039401 0.004990 2.799487 2.262028 0.005000 2.479404 2.625687 0.013122 2.609456 2.584338 0.004958 
2.409640 2.423189 0.013184 2.813654 2.048221 0.004994 2.675937 2.039383 0.005004 2.799560 2.261948 0.005023 2.479446 2.625685 0.013648 2.609472 2.584360 0.004967 
2.409611 2.422945 0.013659 2.813647 2.048188 0.004991 2.675935 2.039283 0.005049 2.799449 2.261908 0.004990 2.479042 2.625570 0.014072 2.609118 2.584494 0.004968 
2.409613 2.422848 0.014032 2.813658 2.048188 0.004987 2.675957 2.039115 0.005352 2.799199 2.261891 0.004989 2.478906 2.625520 0.014397 2.608989 2.584538 0.004967 
2.409562 2.422511 0.014315 2.813699 2.048222 0.004928 2.676027 2.038754 0.005817 2.798627 2.261882 0.004945 2.478286 2.625377 0.014636 2.608467 2.584764 0.004965 
2.409521 2.422282 0.014522 2.813734 2.048231 0.004940 2.676097 2.038336 0.006344 2.797999 2.261843 0.004952 2.477876 2.625273 0.014802 2.608118 2.584899 0.004962 
2.409532 2.422213 0.014669 2.813761 2.048238 0.004949 2.676152 2.038024 0.006778 2.797531 2.261813 0.004952 2.477762 2.625246 0.014911 2.608020 2.584954 0.004957 
2.409586 2.422176 0.014768 2.813787 2.048268 0.004953 2.676198 2.037848 0.007139 2.797235 2.261819 0.004953 2.477717 2.625242 0.014973 2.607990 2.585014 0.004950 
2.409596 2.422174 0.014882 2.813800 2.048293 0.004965 2.676232 2.037678 0.007503 2.796945 2.261820 0.004955 2.477726 2.625241 0.015051 2.607992 2.585014 0.004942 
2.409608 2.422172 0.015007 2.813462 2.048306 0.005119 2.675906 2.037630 0.008043 2.796508 2.261824 0.004957 2.477736 2.625239 0.015143 2.607995 2.585014 0.004934 
2.409621 2.422170 0.015142 2.812848 2.048301 0.005415 2.675293 2.037731 0.008723 2.796049 2.261832 0.004958 2.477747 2.625237 0.015245 2.607999 2.585014 0.004925 
2.409637 2.422166 0.015311 2.812450 2.048307 0.005747 2.674902 2.037774 0.009443 2.795698 2.261841 0.004960 2.477763 2.625234 0.015383 2.608004 2.585013 0.004916 
2.409657 2.422161 0.015509 2.812273 2.048319 0.006043 2.674737 2.037771 0.010115 2.795486 2.261848 0.004962 2.477782 2.625229 0.015551 2.608010 2.585012 0.004907 
2.409680 2.422155 0.015736 2.812270 2.048337 0.006301 2.674752 2.037716 0.010749 2.477805 2.625224 0.015749 2.795358 2.261855 0.004963 2.608017 2.585011 0.004899 
2.409731 2.422156 0.015969 2.812361 2.048359 0.006447 2.674860 2.037659 0.011250 2.477835 2.625232 0.015955 2.795315 2.261865 0.004961 2.608034 2.585036 0.004890 
2.409783 2.422156 0.016223 2.812475 2.048388 0.006459 2.674994 2.037593 0.011607 2.477865 2.625238 0.016184 2.795277 2.261882 0.004953 2.608049 2.585062 0.004882 
2.409864 2.422159 0.016492 2.812569 2.048435 0.006319 2.675112 2.037520 0.011829 2.477881 2.625263 0.016430 2.795183 2.261915 0.004935 2.608058 2.585134 0.004876 
2.409897 2.422149 0.016782 2.812692 2.048440 0.006122 2.675253 2.037450 0.011929 2.477912 2.625254 0.016698 2.795194 2.261911 0.004938 2.608067 2.585132 0.004869 
2.409931 2.422139 0.017074 2.812794 2.048439 0.005819 2.675372 2.037384 0.011903 2.477945 2.625244 0.016970 2.795204 2.261905 0.004940 2.608076 2.585129 0.004864 
2.409965 2.422128 0.017364 2.812914 2.048440 0.005474 2.675510 2.037306 0.011827 2.477977 2.625234 0.017244 2.795214 2.261897 0.004941 2.608085 2.585127 0.004862 
2.409998 2.422117 0.017642 2.812981 2.048436 0.005100 2.675593 2.037255 0.011697 2.478009 2.625223 0.017519 2.795224 2.261889 0.004942 2.608094 2.585124 0.004868 
2.410044 2.422105 0.017902 2.812998 2.048393 0.004992 2.675621 2.037216 0.011816 2.478031 2.625220 0.017775 2.795249 2.261847 0.004917 2.608098 2.585144 0.004875 
2.410073 2.422096 0.018132 2.813006 2.048393 0.004991 2.675639 2.037217 0.012025 2.478059 2.625211 0.018003 2.795256 2.261847 0.004920 2.608105 2.585142 0.004881 
2.410249 2.422060 0.018304 2.812809 2.047990 0.004952 2.675473 2.036871 0.012645 2.478047 2.625237 0.018171 2.795090 2.261445 0.003920 2.608115 2.585294 0.004884 
2.410306 2.422050 0.018460 2.812771 2.047925 0.004947 2.675435 2.036809 0.012654 2.478046 2.625247 0.018325 2.795053 2.261379 0.003847 2.608112 2.585345 0.004889 
2.410320 2.422045 0.018570 2.812770 2.047918 0.004951 2.675433 2.036801 0.012637 2.478059 2.625242 0.018433 2.795056 2.261373 0.003951 2.608115 2.585345 0.004893 
2.410349 2.422038 0.018620 2.812781 2.047916 0.004954 2.675446 2.036789 0.012651 2.478034 2.625253 0.018492 2.795056 2.261371 0.004046 2.608096 2.585391 0.004900 
2.410350 2.422037 0.018634 2.812798 2.047915 0.004958 2.675463 2.036773 0.012633 2.478035 2.625252 0.018503 2.795056 2.261369 0.004132 2.608097 2.585391 0.004902 
2.410361 2.422040 0.018622 2.812807 2.047914 0.004960 2.675472 2.036762 0.012616 2.478023 2.625263 0.018492 2.795053 2.261366 0.004208 2.608090 2.585416 0.004906 
2.410382 2.422044 0.018592 2.812840 2.047891 0.004970 2.675504 2.036726 0.012592 2.477997 2.625282 0.018462 2.795069 2.261342 0.004266 2.608077 2.585464 0.004908 
2.410389 2.422045 0.018547 2.812844 2.047885 0.004964 2.675507 2.036704 0.012555 2.477980 2.625291 0.018417 2.795052 2.261334 0.004323 2.608068 2.585488 0.004911 
2.410382 2.422046 0.018489 2.812843 2.047895 0.004970 2.675505 2.036692 0.012504 2.477972 2.625293 0.018360 2.795020 2.261342 0.004383 2.608066 2.585489 0.004913 
2.410432 2.422035 0.018415 2.812682 2.047670 0.004938 2.675354 2.036505 0.012700 2.477950 2.625306 0.018286 2.794890 2.261118 0.003873 2.608065 2.585544 0.004914 
2.410436 2.422038 0.018338 2.812662 2.047673 0.004943 2.675328 2.036496 0.012588 2.477929 2.625317 0.018211 2.794857 2.261121 0.003971 2.608057 2.585569 0.004915 
2.410445 2.422037 0.018258 2.812591 2.047583 0.004937 2.675255 2.036419 0.012565 2.477908 2.625326 0.018131 2.794800 2.261031 0.003845 2.608049 2.585595 0.004917 
2.410435 2.422040 0.018178 2.812586 2.047580 0.004942 2.675243 2.036412 0.012440 2.477898 2.625329 0.018052 2.794796 2.261029 0.003950 2.608046 2.585596 0.004917 
2.410444 2.422040 0.018095 2.812519 2.047495 0.004936 2.675174 2.036340 0.012414 2.477878 2.625338 0.017970 2.794744 2.260944 0.003832 2.608040 2.585621 0.004918 
2.410447 2.422042 0.018010 2.812499 2.047451 0.004953 2.675147 2.036302 0.012302 2.477858 2.625348 0.017886 2.794739 2.260902 0.003916 2.608032 2.585644 0.004919 
2.410448 2.422045 0.017921 2.812485 2.047418 0.004968 2.675125 2.036275 0.012193 2.477838 2.625358 0.017798 2.794738 2.260870 0.003995 2.608024 2.585665 0.004919 
2.410455 2.422045 0.017827 2.812409 2.047343 0.004960 2.675046 2.036219 0.012138 2.477817 2.625367 0.017704 2.794688 2.260797 0.003895 2.608017 2.585689 0.004919 
2.410444 2.422048 0.017732 2.812397 2.047340 0.004964 2.675026 2.036216 0.012009 2.477805 2.625371 0.017610 2.794684 2.260795 0.003996 2.608013 2.585690 0.004920 
2.410432 2.422051 0.017633 2.812383 2.047336 0.004967 2.675006 2.036215 0.011880 2.477793 2.625374 0.017512 2.794679 2.260792 0.004087 2.608010 2.585691 0.004920 
2.410432 2.422053 0.017530 2.812366 2.047332 0.004969 2.674982 2.036212 0.011750 2.477771 2.625383 0.017411 2.794670 2.260789 0.004170 2.608001 2.585711 0.004920 
2.410475 2.422034 0.017398 2.812351 2.047328 0.004970 2.674960 2.036208 0.011617 2.477754 2.625384 0.017288 2.794661 2.260786 0.004244 2.608008 2.585747 0.004941 
2.410474 2.422039 0.017292 2.812307 2.047302 0.004978 2.674908 2.036206 0.011490 2.477733 2.625395 0.017177 2.794657 2.260763 0.004300 2.608001 2.585767 0.004935 
2.410461 2.422042 0.017184 2.812301 2.047299 0.004979 2.674896 2.036202 0.011359 2.477720 2.625399 0.017068 2.794653 2.260761 0.004363 2.607996 2.585768 0.004932 
2.410449 2.422046 0.017076 2.812296 2.047297 0.004980 2.674885 2.036198 0.011230 2.477707 2.625403 0.016960 2.794648 2.260759 0.004421 2.607992 2.585770 0.004930 
2.410436 2.422049 0.016969 2.812290 2.047296 0.004980 2.674874 2.036195 0.011104 2.477694 2.625406 0.016855 2.794644 2.260758 0.004474 2.607989 2.585771 0.004929 
2.410425 2.422052 0.016866 2.812267 2.047293 0.004981 2.674844 2.036201 0.010980 2.477682 2.625410 0.016753 2.794640 2.260756 0.004521 2.607985 2.585772 0.004928 
2.410414 2.422055 0.016768 2.812222 2.047288 0.004981 2.674793 2.036221 0.010863 2.477670 2.625413 0.016656 2.794636 2.260755 0.004564 2.607981 2.585773 0.004926 
2.410425 2.422059 0.016677 2.812160 2.047259 0.004990 2.674723 2.036230 0.010765 2.477647 2.625427 0.016565 2.794635 2.260731 0.004589 2.607972 2.585808 0.004925 
2.410416 2.422061 0.016597 2.812126 2.047255 0.004990 2.674683 2.036245 0.010666 2.477638 2.625430 0.016487 2.794631 2.260730 0.004626 2.607969 2.585809 0.004924 
2.410428 2.422060 0.016521 2.812066 2.047246 0.004990 2.674619 2.036253 0.010590 2.477617 2.625441 0.016411 2.794599 2.260723 0.004645 2.607961 2.585838 0.004923 
2.410421 2.422062 0.016456 2.812044 2.047243 0.004990 2.674592 2.036261 0.010506 2.477609 2.625443 0.016346 2.794596 2.260722 0.004676 2.607958 2.585839 0.004922 
2.410429 2.422057 0.016394 2.812019 2.047248 0.004986 2.674565 2.036265 0.010440 2.477594 2.625445 0.016285 2.794572 2.260726 0.004701 2.607952 2.585855 0.004923 
2.410449 2.422053 0.016338 2.811981 2.047243 0.004986 2.674524 2.036269 0.010389 2.477572 2.625455 0.016229 2.794549 2.260723 0.004716 2.607943 2.585890 0.004922 
2.410510 2.422005 0.016244 2.811971 2.047241 0.004987 2.674512 2.036272 0.010327 2.477530 2.625441 0.016152 2.794547 2.260722 0.004741 2.607930 2.585940 0.004956 
2.410506 2.422006 0.016202 2.811963 2.047240 0.004987 2.674501 2.036274 0.010274 2.477525 2.625442 0.016106 2.794545 2.260721 0.004763 2.607928 2.585940 0.004950 
2.410510 2.422006 0.016166 2.811947 2.047224 0.004992 2.674483 2.036267 0.010237 2.477516 2.625446 0.016066 2.794543 2.260707 0.004774 2.607925 2.585952 0.004945 
2.410507 2.422007 0.016138 2.811945 2.047224 0.004992 2.674480 2.036266 0.010201 2.477513 2.625447 0.016035 2.794542 2.260706 0.004793 2.607923 2.585952 0.004940 
2.410514 2.422005 0.016114 2.811922 2.047230 0.004987 2.674456 2.036270 0.010184 2.477505 2.625450 0.016008 2.794515 2.260713 0.004806 2.607920 2.585963 0.004936 
2.410512 2.422005 0.016096 2.811915 2.047230 0.004988 2.674448 2.036273 0.010162 2.477503 2.625450 0.015990 2.794514 2.260712 0.004821 2.607919 2.585963 0.004934 
2.410511 2.422005 0.016081 2.811908 2.047229 0.004989 2.674440 2.036275 0.010145 2.477501 2.625450 0.015975 2.794513 2.260712 0.004835 2.607919 2.585964 0.004933 
2.410510 2.422005 0.016067 2.811902 2.047228 0.004990 2.674433 2.036277 0.010129 2.477499 2.625451 0.015962 2.794513 2.260712 0.004847 2.607918 2.585964 0.004931 
2.410517 2.422003 0.016055 2.811880 2.047236 0.004986 2.674411 2.036282 0.010128 2.477494 2.625453 0.015949 2.794484 2.260719 0.004853 2.607915 2.585975 0.004930 
2.410517 2.422002 0.016044 2.811875 2.047235 0.004990 2.674406 2.036283 0.010118 2.477492 2.625453 0.015939 2.794484 2.260719 0.004863 2.607915 2.585975 0.004928 
2.410525 2.422000 0.016035 2.811854 2.047244 0.004988 2.674386 2.036287 0.010123 2.477487 2.625455 0.015930 2.794455 2.260727 0.004868 2.607913 2.585985 0.004927 
2.410532 2.421998 0.016027 2.811834 2.047253 0.004988 2.674366 2.036290 0.010132 2.477481 2.625457 0.015921 2.794426 2.260735 0.004872 2.607910 2.585996 0.004926 
2.410556 2.421993 0.016017 2.811812 2.047251 0.004990 2.674345 2.036284 0.010147 2.477470 2.625463 0.015911 2.794397 2.260733 0.004870 2.607906 2.586025 0.004926 
2.410555 2.421992 0.016010 2.811807 2.047252 0.004997 2.674340 2.036286 0.010147 2.477468 2.625463 0.015904 2.794395 2.260734 0.004879 2.607906 2.586025 0.004925 
2.410563 2.421991 0.016003 2.811786 2.047261 0.004997 2.674320 2.036290 0.010156 2.477464 2.625465 0.015898 2.794365 2.260742 0.004882 2.607904 2.586035 0.004924 
2.410597 2.421969 0.015987 2.811765 2.047272 0.004994 2.674299 2.036292 0.010170 2.477448 2.625460 0.015886 2.794330 2.260752 0.004883 2.607900 2.586061 0.004934 
2.410597 2.421969 0.015982 2.811763 2.047272 0.005001 2.674297 2.036293 0.010171 2.477447 2.625460 0.015878 2.794329 2.260752 0.004891 2.607899 2.586061 0.004931 
2.410597 2.421968 0.015976 2.811761 2.047272 0.005007 2.674295 2.036294 0.010171 2.477446 2.625460 0.015871 2.794329 2.260752 0.004897 2.607899 2.586061 0.004929 
2.410596 2.421968 0.015970 2.811759 2.047272 0.005010 2.674293 2.036294 0.010168 2.477445 2.625460 0.015865 2.794328 2.260752 0.004903 2.607898 2.586061 0.004928 
2.410597 2.421968 0.015970 2.811758 2.047271 0.005013 2.674291 2.036294 0.010165 2.477445 2.625460 0.015865 2.794328 2.260752 0.004909 2.607898 2.586061 0.004927 
2.410598 2.421967 0.015977 2.811758 2.047271 0.005013 2.674291 2.036294 0.010162 2.477446 2.625459 0.015872 2.794328 2.260752 0.004914 2.607898 2.586062 0.004926 
2.410599 2.421966 0.015989 2.811759 2.047271 0.005014 2.674292 2.036293 0.010160 2.477447 2.625458 0.015884 2.794327 2.260751 0.004918 2.607898 2.586062 0.004926 
2.410601 2.421965 0.016003 2.811759 2.047271 0.005013 2.674293 2.036292 0.010158 2.477448 2.625458 0.015898 2.794327 2.260751 0.004922 2.607898 2.586062 0.004925 
2.410603 2.421964 0.016016 2.811760 2.047271 0.005012 2.674294 2.036291 0.010156 2.477449 2.625457 0.015911 2.794327 2.260751 0.004926 2.607898 2.586062 0.004924 
2.410605 2.421963 0.016030 2.811761 2.047271 0.005011 2.674295 2.036290 0.010153 2.477450 2.625456 0.015924 2.794327 2.260751 0.004929 2.607899 2.586062 0.004923 
2.410606 2.421962 0.016043 2.811761 2.047271 0.005009 2.674295 2.036290 0.010151 2.477451 2.625456 0.015938 2.794327 2.260751 0.004932 2.607899 2.586062 0.004923 
2.410608 2.421961 0.016057 2.811761 2.047270 0.005007 2.674294 2.036289 0.010147 2.477452 2.625455 0.015951 2.794327 2.260751 0.004935 2.607899 2.586062 0.004923 
2.410610 2.421960 0.016071 2.811760 2.047270 0.005005 2.674293 2.036290 0.010144 2.477453 2.625454 0.015965 2.794326 2.260750 0.004938 2.607899 2.586062 0.004922 
2.410612 2.421959 0.016085 2.811758 2.047270 0.005001 2.674292 2.036290 0.010140 2.477455 2.625453 0.015979 2.794326 2.260750 0.004940 2.607899 2.586062 0.004922 
2.410614 2.421958 0.016099 2.811758 2.047270 0.004999 2.674291 2.036290 0.010138 2.477456 2.625453 0.015993 2.794326 2.260750 0.004942 2.607900 2.586062 0.004921 
2.410615 2.421958 0.016106 2.811758 2.047270 0.004999 2.674291 2.036289 0.010137 2.477456 2.625452 0.016000 2.794326 2.260750 0.004944 2.607900 2.586062 0.004921 
2.410625 2.421955 0.016118 2.811724 2.047285 0.004989 2.674259 2.036295 0.010155 2.477454 2.625454 0.016012 2.794277 2.260764 0.004937 2.607899 2.586071 0.004921 
2.410638 2.421952 0.016151 2.811635 2.047193 0.004983 2.674174 2.036234 0.010294 2.477454 2.625454 0.016045 2.794228 2.260675 0.004727 2.607899 2.586081 0.004920 
2.410640 2.421951 0.016168 2.811625 2.047192 0.005003 2.674163 2.036239 0.010310 2.477456 2.625453 0.016062 2.794228 2.260675 0.004749 2.607899 2.586081 0.004920 
2.410640 2.421950 0.016168 2.811613 2.047190 0.005022 2.674150 2.036246 0.010319 2.477456 2.625453 0.016061 2.794227 2.260674 0.004769 2.607899 2.586081 0.004920 
2.410640 2.421950 0.016168 2.811608 2.047190 0.005039 2.674144 2.036248 0.010328 2.477455 2.625453 0.016062 2.794227 2.260674 0.004787 2.607899 2.586081 0.004920 
2.410641 2.421949 0.016168 2.811606 2.047190 0.005056 2.674142 2.036248 0.010336 2.477455 2.625453 0.016061 2.794226 2.260674 0.004804 2.607899 2.586081 0.004920 
2.410641 2.421949 0.016169 2.811606 2.047190 0.005070 2.674141 2.036248 0.010342 2.477454 2.625452 0.016062 2.794225 2.260674 0.004819 2.607898 2.586082 0.004920 
2.410642 2.421948 0.016173 2.811606 2.047190 0.005083 2.674141 2.036248 0.010348 2.477454 2.625452 0.016066 2.794225 2.260674 0.004832 2.607898 2.586082 0.004919 
2.410643 2.421947 0.016180 2.811605 2.047189 0.005093 2.674140 2.036248 0.010353 2.477455 2.625451 0.016073 2.794225 2.260674 0.004845 2.607898 2.586082 0.004919 
2.410644 2.421947 0.016189 2.811604 2.047189 0.005102 2.674139 2.036248 0.010358 2.477455 2.625451 0.016082 2.794225 2.260674 0.004856 2.607898 2.586082 0.004919 
2.410645 2.421946 0.016199 2.811603 2.047189 0.005110 2.674137 2.036249 0.010362 2.477456 2.625450 0.016092 2.794224 2.260674 0.004866 2.607898 2.586082 0.004919 
2.410647 2.421945 0.016210 2.811601 2.047189 0.005116 2.674135 2.036249 0.010365 2.477457 2.625449 0.016103 2.794224 2.260674 0.004875 2.607898 2.586082 0.004919 
2.410648 2.421944 0.016220 2.811599 2.047189 0.005122 2.674134 2.036250 0.010368 2.477458 2.625449 0.016113 2.794224 2.260673 0.004883 2.607898 2.586082 0.004919 
2.410650 2.421943 0.016231 2.811598 2.047188 0.005127 2.674132 2.036250 0.010371 2.477458 2.625448 0.016124 2.794223 2.260673 0.004891 2.607898 2.586082 0.004919 
2.410651 2.421942 0.016243 2.811597 2.047188 0.005131 2.674131 2.036250 0.010374 2.477459 2.625448 0.016135 2.794223 2.260673 0.004897 2.607898 2.586082 0.004919 
2.410653 2.421942 0.016255 2.811595 2.047188 0.005135 2.674129 2.036251 0.010377 2.477460 2.625447 0.016147 2.794223 2.260673 0.004903 2.607899 2.586082 0.004919 
2.410654 2.421941 0.016268 2.811594 2.047188 0.005139 2.674128 2.036251 0.010381 2.477461 2.625446 0.016160 2.794223 2.260673 0.004909 2.607899 2.586082 0.004919 
2.410656 2.421940 0.016281 2.811594 2.047188 0.005143 2.674127 2.036251 0.010386 2.477462 2.625446 0.016173 2.794222 2.260673 0.004914 2.607899 2.586082 0.004919 
2.410658 2.421939 0.016295 2.811593 2.047187 0.005146 2.674127 2.036252 0.010391 2.477463 2.625445 0.016187 2.794222 2.260673 0.004919 2.607899 2.586082 0.004919 
2.410660 2.421938 0.016309 2.811593 2.047187 0.005149 2.674126 2.036252 0.010397 2.477465 2.625444 0.016201 2.794222 2.260673 0.004923 2.607899 2.586082 0.004919 
2.410662 2.421937 0.016324 2.811592 2.047187 0.005152 2.674126 2.036252 0.010402 2.477466 2.625443 0.016216 2.794222 2.260672 0.004926 2.607899 2.586082 0.004919 
2.410664 2.421936 0.016340 2.811592 2.047187 0.005155 2.674126 2.036252 0.010407 2.477467 2.625443 0.016231 2.794222 2.260672 0.004930 2.607900 2.586082 0.004919 
2.410666 2.421935 0.016354 2.811591 2.047187 0.005156 2.674125 2.036252 0.010412 2.477468 2.625442 0.016246 2.794222 2.260672 0.004933 2.607900 2.586082 0.004919 
2.410667 2.421934 0.016370 2.811589 2.047187 0.005157 2.674124 2.036252 0.010416 2.477470 2.625441 0.016261 2.794222 2.260672 0.004935 2.607900 2.586082 0.004919 
2.410670 2.421933 0.016385 2.811588 2.047186 0.005158 2.674123 2.036253 0.010420 2.477471 2.625440 0.016277 2.794222 2.260672 0.004938 2.607900 2.586082 0.004919 
2.410671 2.421932 0.016401 2.811587 2.047186 0.005159 2.674121 2.036254 0.010425 2.477473 2.625439 0.016292 2.794221 2.260672 0.004940 2.607901 2.586082 0.004919 
2.410674 2.421931 0.016417 2.811585 2.047186 0.005159 2.674119 2.036255 0.010429 2.477474 2.625438 0.016308 2.794221 2.260672 0.004942 2.607901 2.586082 0.004918 
2.410676 2.421930 0.016433 2.811583 2.047186 0.005159 2.674118 2.036255 0.010432 2.477475 2.625437 0.016324 2.794221 2.260672 0.004944 2.607901 2.586082 0.004918 
2.410678 2.421928 0.016450 2.811582 2.047185 0.005158 2.674117 2.036256 0.010436 2.477477 2.625437 0.016340 2.794221 2.260672 0.004946 2.607901 2.586082 0.004918 
2.410680 2.421927 0.016466 2.811580 2.047185 0.005158 2.674115 2.036257 0.010440 2.477478 2.625436 0.016356 2.794221 2.260671 0.004947 2.607902 2.586082 0.004918 
2.410682 2.421926 0.016482 2.811579 2.047185 0.005157 2.674114 2.036257 0.010445 2.477479 2.625435 0.016372 2.794221 2.260671 0.004948 2.607902 2.586082 0.004918 
2.410684 2.421925 0.016499 2.811579 2.047185 0.005157 2.674114 2.036258 0.010450 2.477481 2.625434 0.016389 2.794221 2.260671 0.004950 2.607902 2.586082 0.004918 
2.410686 2.421924 0.016516 2.811579 2.047185 0.005157 2.674114 2.036257 0.010456 2.477483 2.625433 0.016406 2.794221 2.260671 0.004951 2.607903 2.586082 0.004918 
2.410688 2.421923 0.016534 2.811579 2.047185 0.005156 2.674114 2.036257 0.010462 2.477484 2.625432 0.016424 2.794221 2.260671 0.004952 2.607903 2.586082 0.004918 
2.410691 2.421922 0.016552 2.811579 2.047185 0.005156 2.674115 2.036257 0.010470 2.477486 2.625431 0.016442 2.794221 2.260671 0.004953 2.607903 2.586082 0.004918 
2.410693 2.421921 0.016572 2.811580 2.047185 0.005155 2.674116 2.036256 0.010478 2.477488 2.625430 0.016461 2.794221 2.260671 0.004954 2.607903 2.586082 0.004918 
2.410696 2.421919 0.016592 2.811581 2.047185 0.005155 2.674118 2.036256 0.010487 2.477489 2.625429 0.016481 2.794221 2.260671 0.004954 2.607904 2.586082 0.004918 
2.410699 2.421918 0.016613 2.811582 2.047185 0.005154 2.674119 2.036255 0.010496 2.477491 2.625428 0.016502 2.794222 2.260671 0.004955 2.607904 2.586082 0.004918 
2.410701 2.421917 0.016635 2.811583 2.047185 0.005153 2.674120 2.036255 0.010507 2.477494 2.625427 0.016524 2.794222 2.260671 0.004956 2.607905 2.586082 0.004918 
2.410704 2.421916 0.016658 2.811584 2.047185 0.005153 2.674122 2.036254 0.010518 2.477496 2.625426 0.016546 2.794222 2.260671 0.004956 2.607905 2.586082 0.004918 
2.410707 2.421914 0.016681 2.811585 2.047185 0.005152 2.674124 2.036253 0.010529 2.477498 2.625425 0.016569 2.794222 2.260671 0.004957 2.607906 2.586082 0.004918 
2.410710 2.421913 0.016704 2.811587 2.047185 0.005151 2.674126 2.036253 0.010541 2.477500 2.625424 0.016592 2.794222 2.260670 0.004957 2.607906 2.586082 0.004919 
2.410713 2.421911 0.016728 2.811588 2.047185 0.005150 2.674128 2.036252 0.010553 2.477502 2.625423 0.016616 2.794223 2.260670 0.004957 2.607907 2.586082 0.004918 
2.410716 2.421910 0.016751 2.811590 2.047185 0.005149 2.674130 2.036251 0.010565 2.477504 2.625422 0.016639 2.794223 2.260670 0.004958 2.607907 2.586082 0.004919 
2.410719 2.421909 0.016775 2.811591 2.047185 0.005148 2.674132 2.036251 0.010577 2.477507 2.625421 0.016662 2.794223 2.260670 0.004958 2.607908 2.586082 0.004918 
2.410722 2.421907 0.016798 2.811593 2.047185 0.005147 2.674134 2.036250 0.010589 2.477509 2.625419 0.016685 2.794223 2.260670 0.004958 2.607908 2.586082 0.004919 
2.410725 2.421906 0.016820 2.811594 2.047185 0.005146 2.674136 2.036249 0.010600 2.477511 2.625418 0.016707 2.794224 2.260670 0.004959 2.607908 2.586081 0.004919 
2.410728 2.421905 0.016842 2.811595 2.047185 0.005145 2.674138 2.036248 0.010611 2.477513 2.625417 0.016729 2.794224 2.260670 0.004959 2.607909 2.586081 0.004919 
2.410730 2.421903 0.016863 2.811597 2.047185 0.005144 2.674140 2.036247 0.010621 2.477515 2.625416 0.016750 2.794224 2.260670 0.004959 2.607909 2.586081 0.004919 
2.410733 2.421902 0.016883 2.811598 2.047185 0.005143 2.674142 2.036247 0.010631 2.477517 2.625415 0.016770 2.794224 2.260670 0.004959 2.607910 2.586081 0.004919 
2.410735 2.421901 0.016903 2.811599 2.047185 0.005142 2.674144 2.036246 0.010640 2.477519 2.625414 0.016789 2.794224 2.260670 0.004959 2.607910 2.586081 0.004919 
2.410738 2.421900 0.016921 2.811601 2.047185 0.005141 2.674145 2.036245 0.010648 2.477520 2.625413 0.016807 2.794224 2.260670 0.004959 2.607910 2.586081 0.004919 
2.410740 2.421899 0.016938 2.811602 2.047185 0.005140 2.674147 2.036245 0.010655 2.477522 2.625412 0.016824 2.794225 2.260670 0.004959 2.607911 2.586081 0.004919 
2.410742 2.421897 0.016955 2.811603 2.047185 0.005139 2.674148 2.036244 0.010662 2.477524 2.625412 0.016841 2.794225 2.260670 0.004959 2.607911 2.586081 0.004919 
2.410744 2.421896 0.016970 2.811604 2.047185 0.005139 2.674150 2.036243 0.010669 2.477525 2.625411 0.016856 2.794225 2.260669 0.004960 2.607911 2.586081 0.004919 
2.410746 2.421895 0.016985 2.811605 2.047185 0.005138 2.674151 2.036243 0.010674 2.477526 2.625410 0.016871 2.794225 2.260669 0.004960 2.607911 2.586081 0.004919 
2.410748 2.421894 0.016999 2.811605 2.047185 0.005137 2.674152 2.036242 0.010680 2.477527 2.625409 0.016885 2.794225 2.260669 0.004960 2.607911 2.586081 0.004919 
2.410750 2.421893 0.017013 2.811606 2.047185 0.005136 2.674153 2.036242 0.010685 2.477529 2.625408 0.016899 2.794225 2.260669 0.004960 2.607912 2.586081 0.004919 
2.410752 2.421892 0.017027 2.811607 2.047185 0.005135 2.674153 2.036242 0.010689 2.477530 2.625407 0.016912 2.794225 2.260669 0.004960 2.607912 2.586081 0.004919 
2.410754 2.421891 0.017040 2.811607 2.047185 0.005134 2.674154 2.036241 0.010694 2.477531 2.625407 0.016925 2.794224 2.260669 0.004960 2.607912 2.586082 0.004919 
2.410756 2.421890 0.017053 2.811607 2.047185 0.005133 2.674154 2.036241 0.010698 2.477532 2.625406 0.016938 2.794224 2.260669 0.004960 2.607912 2.586082 0.004919 
2.410758 2.421889 0.017067 2.811608 2.047185 0.005132 2.674155 2.036241 0.010703 2.477533 2.625405 0.016952 2.794224 2.260669 0.004960 2.607912 2.586082 0.004919 
2.410759 2.421888 0.017081 2.811608 2.047185 0.005131 2.674155 2.036241 0.010708 2.477534 2.625404 0.016965 2.794224 2.260669 0.004960 2.607912 2.586082 0.004919 
2.410762 2.421887 0.017094 2.811608 2.047184 0.005130 2.674156 2.036240 0.010713 2.477535 2.625403 0.016979 2.794224 2.260669 0.004960 2.607912 2.586082 0.004919 
2.410764 2.421886 0.017109 2.811609 2.047184 0.005129 2.674157 2.036240 0.010719 2.477537 2.625403 0.016994 2.794224 2.260669 0.004960 2.607913 2.586082 0.004919 
2.410765 2.421885 0.017124 2.811609 2.047184 0.005128 2.674157 2.036240 0.010725 2.477538 2.625402 0.017009 2.794224 2.260669 0.004960 2.607913 2.586082 0.004919 
2.410768 2.421884 0.017140 2.811610 2.047184 0.005127 2.674158 2.036239 0.010732 2.477539 2.625401 0.017024 2.794224 2.260669 0.004960 2.607913 2.586082 0.004919 
2.410770 2.421883 0.017156 2.811610 2.047184 0.005126 2.674159 2.036239 0.010739 2.477541 2.625400 0.017040 2.794224 2.260669 0.004960 2.607913 2.586082 0.004919 
2.410772 2.421881 0.017173 2.811611 2.047184 0.005125 2.674160 2.036238 0.010746 2.477542 2.625399 0.017057 2.794225 2.260668 0.004960 2.607913 2.586082 0.004919 
2.410774 2.421880 0.017190 2.811612 2.047184 0.005124 2.674162 2.036238 0.010754 2.477544 2.625398 0.017074 2.794225 2.260668 0.004960 2.607914 2.586082 0.004919 
2.410777 2.421879 0.017208 2.811613 2.047184 0.005123 2.674163 2.036237 0.010763 2.477545 2.625397 0.017091 2.794225 2.260668 0.004960 2.607914 2.586082 0.004919 
2.410779 2.421878 0.017226 2.811614 2.047184 0.005122 2.674165 2.036237 0.010771 2.477547 2.625396 0.017109 2.794225 2.260668 0.004960 2.607914 2.586082 0.004919 
2.410782 2.421876 0.017244 2.811615 2.047184 0.005121 2.674166 2.036236 0.010780 2.477549 2.625395 0.017127 2.794225 2.260668 0.004960 2.607914 2.586082 0.004919 
2.410784 2.421875 0.017262 2.811616 2.047184 0.005120 2.674168 2.036236 0.010789 2.477551 2.625394 0.017145 2.794225 2.260668 0.004960 2.607915 2.586082 0.004919 
2.410787 2.421874 0.017280 2.811617 2.047184 0.005119 2.674169 2.036235 0.010798 2.477552 2.625393 0.017163 2.794225 2.260668 0.004960 2.607915 2.586082 0.004919 
2.410789 2.421873 0.017299 2.811618 2.047184 0.005118 2.674171 2.036234 0.010807 2.477554 2.625392 0.017181 2.794225 2.260668 0.004960 2.607915 2.586082 0.004919 
2.410791 2.421871 0.017316 2.811619 2.047184 0.005117 2.674172 2.036234 0.010816 2.477556 2.625391 0.017199 2.794225 2.260668 0.004960 2.607916 2.586082 0.004919 
2.410794 2.421870 0.017334 2.811620 2.047184 0.005116 2.674174 2.036233 0.010825 2.477557 2.625390 0.017216 2.794225 2.260668 0.004960 2.607916 2.586082 0.004919 
2.410796 2.421869 0.017351 2.811621 2.047184 0.005115 2.674175 2.036232 0.010834 2.477559 2.625389 0.017233 2.794225 2.260668 0.004960 2.607916 2.586082 0.004919 
2.410799 2.421868 0.017368 2.811622 2.047184 0.005114 2.674177 2.036232 0.010842 2.477560 2.625388 0.017250 2.794225 2.260668 0.004960 2.607916 2.586082 0.004919 
2.410801 2.421867 0.017384 2.811623 2.047184 0.005113 2.674178 2.036231 0.010850 2.477561 2.625388 0.017266 2.794225 2.260668 0.004960 2.607917 2.586082 0.004919 
2.410803 2.421866 0.017400 2.811624 2.047184 0.005112 2.674180 2.036231 0.010857 2.477563 2.625387 0.017281 2.794226 2.260667 0.004960 2.607917 2.586082 0.004919 
2.410805 2.421865 0.017415 2.811625 2.047184 0.005111 2.674181 2.036230 0.010864 2.477564 2.625386 0.017296 2.794226 2.260667 0.004960 2.607917 2.586082 0.004919 
2.410807 2.421863 0.017429 2.811626 2.047184 0.005111 2.674182 2.036229 0.010870 2.477566 2.625385 0.017310 2.794226 2.260667 0.004960 2.607917 2.586082 0.004919 
