-0.991690 -0.128651 0.000613 0.683565 0.729890 -0.000053 -0.617736 0.786385 -0.000987 0.104755 -0.994495 0.002483 0.746124 -0.665806 0.001248 0.653892 -0.756588 -0.000177 
-0.991688 -0.128662 0.000540 0.683579 0.729876 -0.000141 -0.617733 0.786388 -0.000872 0.104765 -0.994494 0.002233 0.746111 -0.665820 0.001223 0.653890 -0.756589 -0.000158 
-0.991688 -0.128662 0.000469 0.683579 0.729876 -0.000043 -0.617733 0.786387 -0.000770 0.104765 -0.994495 0.001988 0.746111 -0.665821 0.000903 0.653891 -0.756589 -0.000127 
-0.991688 -0.128663 0.000398 0.683581 0.729875 -0.000036 -0.617735 0.786386 -0.000697 0.104766 -0.994495 0.001812 0.746110 -0.665822 0.000811 0.653893 -0.756587 -0.000104 
-0.991688 -0.128663 0.000329 0.683583 0.729873 -0.000035 -0.617735 0.786386 -0.000636 0.104766 -0.994495 0.001662 0.746108 -0.665824 0.000744 0.653894 -0.756586 -0.000082 
-0.991688 -0.128663 0.000268 0.683867 0.729607 0.000219 -0.617854 0.786292 -0.000790 0.104767 -0.994496 0.001533 0.745848 -0.666114 0.001825 0.654095 -0.756412 -0.000272 
-0.991688 -0.128663 0.000230 0.684043 0.729442 0.000310 -0.617896 0.786260 -0.000772 0.104766 -0.994496 0.001412 0.745687 -0.666294 0.001817 0.654188 -0.756332 -0.000280 
-0.991701 -0.128560 -0.000964 0.683673 0.729789 0.000075 -0.617954 0.786214 -0.000668 0.104660 -0.994505 0.002527 0.746025 -0.665915 0.001695 0.654163 -0.756354 -0.000030 
-0.991701 -0.128560 -0.000866 0.683093 0.730332 0.000044 -0.618244 0.785986 -0.000680 0.104660 -0.994505 0.002310 0.746554 -0.665322 0.002060 0.654349 -0.756193 -0.000093 
-0.991702 -0.128559 -0.000773 0.682145 0.731217 -0.000116 -0.618522 0.785768 -0.000569 0.104660 -0.994506 0.002119 0.747417 -0.664353 0.001762 0.654432 -0.756121 -0.000050 
-0.991703 -0.128551 -0.000684 0.681103 0.732187 -0.000805 -0.618738 0.785597 -0.000457 0.104652 -0.994507 0.001952 0.748362 -0.663288 0.001930 0.654415 -0.756135 0.000096 
-0.991706 -0.128524 -0.000603 0.679823 0.733375 -0.001365 -0.619085 0.785324 -0.000425 0.104625 -0.994510 0.001816 0.749521 -0.661979 0.001647 0.654493 -0.756068 0.000411 
-0.991707 -0.128519 -0.000518 0.678736 0.734378 -0.002482 -0.619337 0.785125 -0.000368 0.104620 -0.994511 0.001730 0.750500 -0.660870 0.001156 0.654516 -0.756047 0.001003 
-0.991718 -0.128433 -0.000419 0.677901 0.735142 -0.004093 -0.619532 0.784971 -0.000343 0.104535 -0.994520 0.001769 0.751248 -0.660020 0.000885 0.654537 -0.756028 0.001757 
-0.991788 -0.127889 -0.000277 0.677364 0.735623 -0.006118 -0.619660 0.784870 -0.000335 0.103989 -0.994576 0.001981 0.751724 -0.659477 0.000716 0.654552 -0.756012 0.002624 
-0.991928 -0.126803 0.000507 0.677337 0.735625 -0.008422 -0.619744 0.784804 -0.000401 0.102902 -0.994688 0.002762 0.751740 -0.659459 0.000859 0.654635 -0.755939 0.003143 
-0.992039 -0.125915 0.002005 0.677504 0.735426 -0.011712 -0.619711 0.784830 -0.000416 0.102017 -0.994774 0.004149 0.751581 -0.659638 0.002057 0.654619 -0.755952 0.003225 
-0.992118 -0.125228 0.004523 0.677370 0.735488 -0.015089 -0.619760 0.784791 -0.000442 0.101347 -0.994833 0.006052 0.751677 -0.659529 0.001810 0.654648 -0.755927 0.003163 
-0.992161 -0.124706 0.008049 0.677154 0.735593 -0.019096 -0.619826 0.784739 -0.000434 0.100863 -0.994865 0.008323 0.751828 -0.659358 0.001338 0.654682 -0.755899 0.002836 
-0.992178 -0.124203 0.012527 0.677041 0.735567 -0.023588 -0.619907 0.784675 -0.000446 0.100430 -0.994884 0.010937 0.751868 -0.659313 0.000722 0.654761 -0.755832 0.002255 
-0.992175 -0.123579 0.017820 0.676758 0.735641 -0.028812 -0.619935 0.784653 -0.000366 0.099918 -0.994899 0.013875 0.752020 -0.659141 -0.000561 0.654747 -0.755846 0.001625 
-0.992135 -0.122826 0.024109 0.676678 0.735461 -0.034700 -0.619933 0.784655 -0.000271 0.099337 -0.994905 0.017199 0.751940 -0.659228 -0.002154 0.654749 -0.755846 0.000798 
-0.991947 -0.123196 0.029397 0.676629 0.735142 -0.041706 -0.619937 0.784651 -0.000260 0.099914 -0.994775 0.020984 0.751793 -0.659392 -0.002937 0.654806 -0.755796 0.000692 
-0.991630 -0.124805 0.033056 0.675918 0.735333 -0.049197 -0.619990 0.784609 -0.000283 0.101734 -0.994500 0.024911 0.752208 -0.658919 -0.003116 0.654810 -0.755792 0.001400 
-0.991320 -0.126819 0.034665 0.674711 0.735916 -0.056501 -0.620091 0.784530 -0.000367 0.103923 -0.994166 0.028882 0.753071 -0.657935 -0.002471 0.654782 -0.755812 0.002801 
-0.991064 -0.128780 0.034752 0.673283 0.736640 -0.063642 -0.620280 0.784380 -0.000552 0.105994 -0.993845 0.032213 0.754132 -0.656721 -0.001294 0.654839 -0.755752 0.005001 
-0.990751 -0.131387 0.033907 0.671353 0.737757 -0.070708 -0.620637 0.784098 -0.000854 0.108659 -0.993464 0.034964 0.755633 -0.654995 0.000130 0.655005 -0.755584 0.007852 
-0.990373 -0.134575 0.032403 0.668899 0.739283 -0.077685 -0.621091 0.783737 -0.001167 0.111871 -0.993010 0.037618 0.757580 -0.652740 0.001609 0.655185 -0.755389 0.010999 
-0.989955 -0.138026 0.030636 0.666289 0.740903 -0.084390 -0.621573 0.783355 -0.001472 0.115317 -0.992525 0.039950 0.759649 -0.650326 0.003052 0.655371 -0.755173 0.014245 
-0.989504 -0.141638 0.028630 0.663589 0.742583 -0.090670 -0.622253 0.782815 -0.001717 0.118895 -0.992025 0.041844 0.761768 -0.647837 0.004064 0.655777 -0.754749 0.017593 
-0.989008 -0.145435 0.026672 0.660821 0.744368 -0.096077 -0.622938 0.782268 -0.001911 0.122643 -0.991505 0.043308 0.763944 -0.645265 0.004746 0.656162 -0.754337 0.020677 
-0.988547 -0.148878 0.024692 0.658279 0.746043 -0.100448 -0.623578 0.781758 -0.002199 0.126027 -0.991022 0.044632 0.765981 -0.642837 0.005824 0.656498 -0.753967 0.023321 
-0.988139 -0.151837 0.022944 0.656120 0.747472 -0.103887 -0.624121 0.781324 -0.002429 0.128926 -0.990606 0.045585 0.767708 -0.640764 0.006688 0.656777 -0.753653 0.025520 
-0.987823 -0.154105 0.021387 0.654425 0.748636 -0.106169 -0.624551 0.780979 -0.002605 0.131132 -0.990293 0.046086 0.769078 -0.639113 0.007356 0.656986 -0.753412 0.027209 
-0.987612 -0.155638 0.019997 0.653254 0.749519 -0.107146 -0.624856 0.780735 -0.002728 0.132601 -0.990097 0.046091 0.770054 -0.637931 0.007837 0.657116 -0.753257 0.028338 
-0.987513 -0.156424 0.018711 0.652735 0.750037 -0.106683 -0.625006 0.780615 -0.002795 0.133321 -0.990024 0.045590 0.770539 -0.637341 0.008132 0.657156 -0.753202 0.028876 
-0.987527 -0.156488 0.017366 0.652862 0.750164 -0.104997 -0.625000 0.780620 -0.002786 0.133311 -0.990070 0.044610 0.770519 -0.637365 0.008145 0.657115 -0.753232 0.028995 
-0.987629 -0.155998 0.015914 0.653485 0.749987 -0.102351 -0.624877 0.780718 -0.002780 0.132741 -0.990209 0.043189 0.770129 -0.637836 0.008195 0.657014 -0.753326 0.028836 
-0.987786 -0.155168 0.014203 0.654365 0.749692 -0.098834 -0.624696 0.780863 -0.002738 0.131818 -0.990413 0.041317 0.769550 -0.638535 0.008118 0.656876 -0.753459 0.028517 
-0.987983 -0.154084 0.012188 0.655448 0.749302 -0.094518 -0.624468 0.781046 -0.002652 0.130631 -0.990663 0.039009 0.768820 -0.639417 0.007878 0.656707 -0.753623 0.028086 
-0.988205 -0.152824 0.009830 0.656691 0.748834 -0.089462 -0.624202 0.781259 -0.002537 0.129262 -0.990946 0.036292 0.767970 -0.640442 0.007542 0.656513 -0.753810 0.027586 
-0.988421 -0.151564 0.007170 0.658020 0.748319 -0.083837 -0.623918 0.781486 -0.002384 0.127894 -0.991232 0.033201 0.767052 -0.641546 0.007096 0.656309 -0.754007 0.027059 
-0.988606 -0.150459 0.004539 0.659366 0.747794 -0.077719 -0.623635 0.781713 -0.002223 0.126698 -0.991494 0.029781 0.766121 -0.642662 0.006638 0.656104 -0.754209 0.026382 
-0.988781 -0.149361 0.001676 0.660741 0.747255 -0.070936 -0.623346 0.781943 -0.002100 0.125520 -0.991749 0.026031 0.765178 -0.643788 0.006352 0.655889 -0.754423 0.025596 
-0.988866 -0.148809 0.000287 0.662116 0.746689 -0.063692 -0.623042 0.782185 -0.002042 0.124944 -0.991920 0.021982 0.764233 -0.644908 0.006361 0.655662 -0.754674 0.023982 
-0.988867 -0.148804 0.000232 0.663252 0.746272 -0.056349 -0.622779 0.782396 -0.001947 0.124950 -0.992008 0.017520 0.763462 -0.645824 0.006172 0.655451 -0.754922 0.021833 
-0.988867 -0.148800 0.000163 0.664504 0.745708 -0.048519 -0.622476 0.782637 -0.001754 0.124955 -0.992083 0.012559 0.762561 -0.646892 0.005600 0.655237 -0.755169 0.019604 
-0.988868 -0.148795 0.000102 0.665701 0.745133 -0.040236 -0.622218 0.782843 -0.001416 0.124957 -0.992136 0.007148 0.761673 -0.647947 0.004482 0.655083 -0.755360 0.017274 
-0.988868 -0.148792 0.000031 0.666991 0.744396 -0.031590 -0.621951 0.783056 -0.000866 0.124957 -0.992161 0.001474 0.760666 -0.649138 0.002566 0.654962 -0.755516 0.014832 
-0.988869 -0.148788 -0.000000 0.668338 0.743510 -0.022750 -0.621849 0.783137 -0.000590 0.124953 -0.992163 0.000206 0.759604 -0.650382 0.002022 0.655071 -0.755489 0.010861 
-0.988869 -0.148786 -0.000006 0.669829 0.742383 -0.014050 -0.621627 0.783313 -0.000422 0.124951 -0.992163 0.000152 0.758373 -0.651819 0.001499 0.655106 -0.755508 0.006702 
-0.988881 -0.148712 0.000063 0.671314 0.741154 -0.005336 -0.621485 0.783426 -0.000253 0.124877 -0.992172 0.000051 0.757105 -0.653293 0.000942 0.655259 -0.755401 0.002520 
-0.988920 -0.148450 0.000686 0.672627 0.739981 0.000187 -0.621561 0.783366 -0.000269 0.124613 -0.992205 -0.000869 0.755950 -0.654629 0.000239 0.655642 -0.755072 0.000110 
-0.988920 -0.148449 0.000592 0.674345 0.738416 0.000225 -0.621289 0.783581 -0.000257 0.124612 -0.992205 -0.000825 0.754427 -0.656384 0.000327 0.655707 -0.755016 0.000083 
-0.989091 -0.147226 -0.004809 0.676775 0.736190 0.000207 -0.620326 0.784344 0.000790 0.123409 -0.992343 -0.005038 0.752260 -0.658866 0.000492 0.655093 -0.755544 0.002581 
-0.989093 -0.147226 -0.004367 0.679663 0.733524 0.000604 -0.619751 0.784798 0.000521 0.123405 -0.992346 -0.004624 0.749664 -0.661818 0.000662 0.655069 -0.755565 0.002340 
-0.989158 -0.146728 -0.006161 0.681669 0.731655 0.002963 -0.619008 0.785385 -0.000115 0.122930 -0.992389 -0.007304 0.747844 -0.663873 0.001280 0.654604 -0.755964 0.003485 
-0.989219 -0.146167 -0.008975 0.682784 0.730595 0.006118 -0.618326 0.785921 -0.000998 0.122413 -0.992425 -0.010429 0.746811 -0.665030 0.002687 0.654001 -0.756478 0.004941 
-0.989228 -0.146031 -0.010113 0.683863 0.729547 0.009667 -0.618012 0.786164 -0.002673 0.122283 -0.992448 -0.009636 0.745789 -0.666168 0.004429 0.653897 -0.756567 0.005125 
-0.989237 -0.146037 -0.009167 0.684981 0.728454 0.012468 -0.617736 0.786373 -0.004386 0.122272 -0.992458 -0.008748 0.744716 -0.667352 0.006340 0.653866 -0.756596 0.004644 
-0.989244 -0.145956 -0.009642 0.686204 0.727264 0.014530 -0.617365 0.786658 -0.005435 0.122200 -0.992462 -0.009299 0.743541 -0.668641 0.008082 0.653726 -0.756716 0.004848 
-0.989252 -0.145960 -0.008745 0.687317 0.726184 0.015871 -0.617105 0.786854 -0.006460 0.122189 -0.992471 -0.008447 0.742473 -0.669809 0.009469 0.653708 -0.756734 0.004397 
-0.989258 -0.145963 -0.007935 0.688090 0.725433 0.016680 -0.616923 0.786991 -0.007139 0.122178 -0.992478 -0.007677 0.741730 -0.670619 0.010333 0.653696 -0.756747 0.003990 
-0.989264 -0.145964 -0.007199 0.688279 0.725251 0.016849 -0.616872 0.787028 -0.007408 0.122169 -0.992485 -0.006981 0.741549 -0.670816 0.010555 0.653689 -0.756754 0.003620 
-0.989263 -0.146044 -0.005520 0.688320 0.725231 0.016008 -0.616943 0.786975 -0.007225 0.122239 -0.992472 -0.007566 0.741529 -0.670841 0.010300 0.653769 -0.756688 0.003249 
-0.989265 -0.146046 -0.005005 0.688077 0.725498 0.014225 -0.617017 0.786923 -0.006523 0.122234 -0.992478 -0.006875 0.741793 -0.670559 0.009682 0.653779 -0.756679 0.002948 
-0.989267 -0.146047 -0.004533 0.687704 0.725896 0.011779 -0.617127 0.786845 -0.005489 0.122229 -0.992482 -0.006224 0.742188 -0.670135 0.008754 0.653796 -0.756666 0.002670 
-0.989256 -0.146160 -0.003192 0.687289 0.726330 0.008815 -0.617283 0.786730 -0.004234 0.122334 -0.992467 -0.006648 0.742621 -0.669670 0.007531 0.653851 -0.756619 0.002367 
-0.989257 -0.146161 -0.002882 0.686702 0.726920 0.005253 -0.617441 0.786613 -0.002609 0.122332 -0.992471 -0.005994 0.743208 -0.669034 0.005992 0.653878 -0.756597 0.002140 
-0.989244 -0.146266 -0.001679 0.685950 0.727648 0.001357 -0.617669 0.786438 -0.000922 0.122431 -0.992458 -0.006191 0.743931 -0.668243 0.004251 0.653954 -0.756532 0.001891 
-0.989250 -0.146224 -0.001635 0.685646 0.727935 0.000151 -0.617746 0.786377 -0.000195 0.122388 -0.992467 -0.005436 0.744218 -0.667931 0.002827 0.653972 -0.756517 0.001735 
-0.989251 -0.146223 -0.001458 0.685643 0.727938 0.000107 -0.617745 0.786378 -0.000001 0.122385 -0.992471 -0.004894 0.744223 -0.667929 0.001830 0.653970 -0.756519 0.001567 
-0.989405 -0.145126 -0.003987 0.685407 0.728160 0.000072 -0.617768 0.786360 -0.000198 0.121284 -0.992617 -0.000949 0.744439 -0.667689 0.001435 0.653961 -0.756525 0.001954 
-0.989543 -0.144195 -0.003506 0.684901 0.728636 0.000029 -0.617900 0.786257 -0.000251 0.120347 -0.992732 -0.000474 0.744903 -0.667171 0.001340 0.653995 -0.756497 0.001698 
-0.989625 -0.143643 -0.003091 0.683914 0.729562 0.000005 -0.618136 0.786071 -0.000322 0.119793 -0.992799 -0.000394 0.745805 -0.666162 0.001548 0.654027 -0.756470 0.001512 
-0.989626 -0.143642 -0.002790 0.681939 0.731409 -0.000058 -0.618647 0.785669 -0.000432 0.119791 -0.992799 -0.000345 0.747603 -0.664143 0.001970 0.654135 -0.756376 0.001393 
-0.989627 -0.143641 -0.002520 0.680048 0.733166 -0.000998 -0.619141 0.785279 -0.000532 0.119790 -0.992799 -0.000299 0.749316 -0.662208 0.002330 0.654248 -0.756278 0.001709 
-0.989627 -0.143639 -0.002274 0.679324 0.733834 -0.002741 -0.619339 0.785123 -0.000601 0.119788 -0.992799 -0.000251 0.749971 -0.661466 0.002549 0.654302 -0.756229 0.002420 
-0.989628 -0.143638 -0.002050 0.678857 0.734254 -0.004986 -0.619473 0.785018 -0.000675 0.119787 -0.992800 -0.000200 0.750390 -0.660989 0.002767 0.654347 -0.756187 0.003382 
-0.989629 -0.143638 -0.001846 0.678447 0.734615 -0.007063 -0.619591 0.784925 -0.000740 0.119786 -0.992800 -0.000151 0.750756 -0.660573 0.002954 0.654388 -0.756147 0.004274 
-0.989661 -0.143425 -0.000347 0.677971 0.735038 -0.008597 -0.619861 0.784711 -0.001242 0.119572 -0.992825 0.000830 0.751180 -0.660090 0.003195 0.654596 -0.755965 0.004545 
-0.989661 -0.143424 -0.000309 0.677792 0.735189 -0.009750 -0.619914 0.784669 -0.001219 0.119571 -0.992825 0.000764 0.751337 -0.659911 0.003232 0.654618 -0.755943 0.005050 
-0.989661 -0.143423 -0.000270 0.677678 0.735285 -0.010427 -0.619948 0.784642 -0.001188 0.119571 -0.992825 0.000702 0.751437 -0.659797 0.003229 0.654631 -0.755929 0.005331 
-0.989662 -0.143422 -0.000240 0.677630 0.735326 -0.010638 -0.619961 0.784631 -0.001150 0.119569 -0.992826 0.000650 0.751479 -0.659749 0.003195 0.654637 -0.755924 0.005394 
-0.989662 -0.143421 -0.000216 0.677595 0.735360 -0.010556 -0.619971 0.784624 -0.001104 0.119568 -0.992826 0.000577 0.751511 -0.659713 0.003140 0.654639 -0.755923 0.005326 
-0.989662 -0.143420 -0.000196 0.677594 0.735364 -0.010360 -0.619971 0.784624 -0.001062 0.119567 -0.992826 0.000501 0.751512 -0.659712 0.003094 0.654638 -0.755924 0.005208 
-0.989662 -0.143418 -0.000175 0.677613 0.735350 -0.010055 -0.619964 0.784629 -0.001022 0.119565 -0.992826 0.000433 0.751496 -0.659730 0.003046 0.654635 -0.755928 0.005040 
-0.989662 -0.143417 -0.000157 0.677646 0.735325 -0.009653 -0.619954 0.784637 -0.000982 0.119564 -0.992826 0.000365 0.751468 -0.659763 0.002995 0.654630 -0.755934 0.004829 
-0.989663 -0.143415 -0.000143 0.677688 0.735292 -0.009164 -0.619941 0.784648 -0.000943 0.119563 -0.992827 0.000305 0.751432 -0.659805 0.002938 0.654623 -0.755941 0.004579 
-0.989663 -0.143414 -0.000128 0.677731 0.735259 -0.008601 -0.619927 0.784659 -0.000903 0.119561 -0.992827 0.000248 0.751394 -0.659847 0.002869 0.654616 -0.755949 0.004294 
-0.989663 -0.143412 -0.000116 0.677804 0.735199 -0.007968 -0.619905 0.784676 -0.000860 0.119559 -0.992827 0.000199 0.751331 -0.659920 0.002784 0.654607 -0.755959 0.003978 
-0.989733 -0.142919 -0.001438 0.677770 0.735239 -0.007242 -0.619952 0.784639 -0.001128 0.119061 -0.992885 0.002089 0.751364 -0.659883 0.002792 0.654663 -0.755910 0.004021 
-0.989734 -0.142917 -0.001287 0.677901 0.735125 -0.006472 -0.619914 0.784669 -0.001058 0.119060 -0.992885 0.001815 0.751247 -0.660015 0.002702 0.654649 -0.755924 0.003610 
-0.989734 -0.142915 -0.001154 0.678035 0.735008 -0.005644 -0.619875 0.784700 -0.000987 0.119059 -0.992886 0.001569 0.751128 -0.660152 0.002595 0.654635 -0.755939 0.003175 
-0.989739 -0.142885 -0.001014 0.678145 0.734913 -0.004776 -0.619868 0.784706 -0.000937 0.119030 -0.992890 0.001369 0.751030 -0.660263 0.002540 0.654653 -0.755925 0.002715 
-0.989739 -0.142884 -0.000917 0.678282 0.734792 -0.003919 -0.619827 0.784738 -0.000874 0.119028 -0.992890 0.001199 0.750908 -0.660402 0.002436 0.654638 -0.755939 0.002270 
-0.989734 -0.142918 0.001236 0.678314 0.734766 -0.003044 -0.620130 0.784498 -0.001236 0.119064 -0.992887 0.000232 0.750880 -0.660435 0.002474 0.654992 -0.755635 0.001573 
-0.989734 -0.142916 0.001107 0.678428 0.734663 -0.002299 -0.620097 0.784524 -0.001118 0.119062 -0.992887 0.000168 0.750777 -0.660552 0.002274 0.654980 -0.755645 0.001215 
-0.989737 -0.142895 0.000991 0.678544 0.734558 -0.001553 -0.620078 0.784540 -0.001021 0.119040 -0.992889 0.000094 0.750673 -0.660670 0.002142 0.654986 -0.755641 0.000860 
-0.989766 -0.142697 0.000957 0.678626 0.734484 -0.000797 -0.620095 0.784526 -0.000972 0.118842 -0.992913 0.000187 0.750599 -0.660755 0.002051 0.655027 -0.755605 0.000458 
-0.989766 -0.142695 0.000854 0.678714 0.734402 -0.000150 -0.620069 0.784547 -0.000884 0.118840 -0.992913 0.000117 0.750518 -0.660847 0.001924 0.655018 -0.755613 0.000153 
-0.989772 -0.142657 0.000758 0.678818 0.734307 -0.000602 -0.619913 0.784670 -0.000612 0.118801 -0.992917 -0.001468 0.750425 -0.660950 0.002613 0.654842 -0.755766 0.000343 
-0.989805 -0.142430 0.000301 0.678803 0.734320 -0.000539 -0.620039 0.784571 -0.000858 0.118574 -0.992945 -0.000513 0.750438 -0.660936 0.002738 0.654995 -0.755633 0.000508 
-0.989805 -0.142429 0.000260 0.678804 0.734319 -0.000494 -0.620039 0.784571 -0.000850 0.118573 -0.992945 -0.000482 0.750437 -0.660936 0.002806 0.654996 -0.755633 0.000467 
-0.989805 -0.142427 0.000229 0.678804 0.734319 -0.000452 -0.620039 0.784571 -0.000829 0.118572 -0.992945 -0.000458 0.750437 -0.660936 0.002799 0.654996 -0.755633 0.000431 
-0.989800 -0.142463 0.000694 0.678807 0.734317 -0.000431 -0.620053 0.784560 -0.000878 0.118606 -0.992941 -0.000952 0.750434 -0.660939 0.002923 0.655009 -0.755621 0.000373 
-0.989800 -0.142461 0.000625 0.678805 0.734318 -0.000387 -0.620053 0.784559 -0.000865 0.118605 -0.992941 -0.000879 0.750435 -0.660938 0.002943 0.655009 -0.755621 0.000342 
-0.989800 -0.142460 0.000564 0.678804 0.734320 -0.000345 -0.620054 0.784559 -0.000854 0.118604 -0.992941 -0.000817 0.750436 -0.660936 0.002959 0.655009 -0.755621 0.000313 
-0.989801 -0.142459 0.000507 0.678803 0.734321 -0.000308 -0.620054 0.784559 -0.000843 0.118603 -0.992941 -0.000759 0.750437 -0.660935 0.002975 0.655009 -0.755621 0.000287 
-0.989812 -0.142382 0.000466 0.678817 0.734308 -0.000253 -0.620007 0.784596 -0.000814 0.118524 -0.992947 -0.002871 0.750425 -0.660949 0.003064 0.654948 -0.755673 0.000851 
-0.989812 -0.142380 0.000417 0.678817 0.734307 -0.000234 -0.620007 0.784596 -0.000808 0.118523 -0.992948 -0.002617 0.750424 -0.660949 0.003079 0.654948 -0.755674 0.000778 
-0.989812 -0.142379 0.000374 0.678818 0.734307 -0.000216 -0.620006 0.784597 -0.000803 0.118522 -0.992949 -0.002387 0.750423 -0.660950 0.003092 0.654947 -0.755674 0.000711 
-0.989877 -0.141911 -0.002279 0.678917 0.734214 -0.000627 -0.619685 0.784850 -0.000267 0.118063 -0.992996 -0.004397 0.750333 -0.661049 0.003821 0.654575 -0.755995 0.001871 
-0.989904 -0.141701 -0.003305 0.678917 0.734215 -0.000572 -0.619648 0.784880 -0.000327 0.117854 -0.993025 -0.003394 0.750333 -0.661049 0.003996 0.654536 -0.756028 0.002049 
-0.989905 -0.141699 -0.002965 0.678918 0.734214 -0.000524 -0.619645 0.784882 -0.000397 0.117849 -0.993027 -0.003058 0.750331 -0.661050 0.003985 0.654533 -0.756031 0.001857 
-0.989887 -0.141856 -0.000643 0.678926 0.734206 -0.000468 -0.619756 0.784794 -0.000640 0.118000 -0.993002 -0.004804 0.750324 -0.661058 0.003959 0.654656 -0.755925 0.001571 
-0.989893 -0.141817 -0.000578 0.678928 0.734205 -0.000435 -0.619757 0.784794 -0.000667 0.117960 -0.993009 -0.004375 0.750323 -0.661060 0.003951 0.654658 -0.755924 0.001432 
-0.989894 -0.141807 -0.000520 0.678929 0.734203 -0.000407 -0.619760 0.784791 -0.000694 0.117950 -0.993012 -0.003980 0.750321 -0.661061 0.003947 0.654662 -0.755921 0.001307 
-0.989895 -0.141805 -0.000467 0.678931 0.734202 -0.000390 -0.619758 0.784792 -0.000716 0.117948 -0.993013 -0.003618 0.750320 -0.661063 0.003938 0.654660 -0.755922 0.001196 
-0.989901 -0.141760 0.000084 0.679030 0.734110 -0.000763 -0.619742 0.784805 -0.000830 0.117901 -0.993019 -0.003483 0.750230 -0.661161 0.004531 0.654660 -0.755923 0.001035 
-0.989889 -0.141838 0.001033 0.679040 0.734101 -0.000693 -0.619780 0.784775 -0.000926 0.117974 -0.993007 -0.004362 0.750221 -0.661172 0.004582 0.654701 -0.755887 0.000923 
-0.989968 -0.141265 -0.002615 0.679150 0.733999 -0.000943 -0.619517 0.784983 -0.000497 0.117419 -0.993063 -0.006166 0.750120 -0.661280 0.005304 0.654396 -0.756147 0.002548 
-0.989969 -0.141264 -0.002366 0.679151 0.733998 -0.000861 -0.619513 0.784986 -0.000605 0.117416 -0.993067 -0.005586 0.750118 -0.661281 0.005433 0.654393 -0.756151 0.002313 
-0.989984 -0.141166 -0.001701 0.679155 0.733994 -0.000762 -0.619560 0.784949 -0.000818 0.117313 -0.993084 -0.004778 0.750114 -0.661286 0.005446 0.654454 -0.756100 0.001971 
-0.989985 -0.141164 -0.001538 0.679157 0.733993 -0.000697 -0.619557 0.784951 -0.000859 0.117310 -0.993086 -0.004339 0.750113 -0.661288 0.005419 0.654451 -0.756102 0.001792 
-0.989985 -0.141163 -0.001391 0.679158 0.733992 -0.000640 -0.619554 0.784953 -0.000896 0.117307 -0.993088 -0.003944 0.750112 -0.661289 0.005395 0.654449 -0.756105 0.001631 
-0.989986 -0.141161 -0.001257 0.679160 0.733990 -0.000589 -0.619552 0.784955 -0.000931 0.117306 -0.993089 -0.003583 0.750110 -0.661291 0.005378 0.654446 -0.756107 0.001484 
-0.989986 -0.141160 -0.001136 0.679191 0.733962 -0.000529 -0.619551 0.784956 -0.000970 0.117303 -0.993091 -0.003262 0.750082 -0.661323 0.005402 0.654453 -0.756102 0.001344 
-0.989987 -0.141158 -0.001025 0.679192 0.733960 -0.000490 -0.619549 0.784958 -0.000998 0.117300 -0.993092 -0.002976 0.750080 -0.661325 0.005386 0.654451 -0.756103 0.001227 
-0.989987 -0.141156 -0.000925 0.679238 0.733918 -0.000431 -0.619554 0.784953 -0.001040 0.117298 -0.993093 -0.002718 0.750039 -0.661371 0.005456 0.654468 -0.756089 0.001106 
-0.989987 -0.141154 -0.000837 0.679239 0.733917 -0.000424 -0.619552 0.784955 -0.001063 0.117296 -0.993094 -0.002481 0.750037 -0.661373 0.005442 0.654467 -0.756090 0.001023 
-0.989988 -0.141152 -0.000755 0.679240 0.733916 -0.000465 -0.619552 0.784955 -0.001084 0.117294 -0.993095 -0.002271 0.750037 -0.661374 0.005434 0.654466 -0.756091 0.000969 
-0.989988 -0.141150 -0.000679 0.679244 0.733912 -0.000552 -0.619550 0.784956 -0.001105 0.117292 -0.993095 -0.002072 0.750033 -0.661378 0.005430 0.654466 -0.756091 0.000942 
-0.989988 -0.141149 -0.000608 0.679249 0.733908 -0.000644 -0.619549 0.784957 -0.001124 0.117289 -0.993096 -0.001895 0.750030 -0.661382 0.005431 0.654466 -0.756091 0.000923 
-0.989989 -0.141146 -0.000544 0.679253 0.733904 -0.000737 -0.619548 0.784958 -0.001143 0.117287 -0.993097 -0.001734 0.750026 -0.661386 0.005435 0.654466 -0.756091 0.000910 
-0.989966 -0.141297 0.001484 0.679313 0.733848 -0.000643 -0.619771 0.784781 -0.001799 0.117438 -0.993080 -0.000247 0.749972 -0.661448 0.005442 0.654747 -0.755848 0.000279 
-0.989966 -0.141296 0.001331 0.679271 0.733887 -0.000588 -0.619782 0.784772 -0.001763 0.117436 -0.993080 -0.000261 0.750009 -0.661405 0.005502 0.654750 -0.755845 0.000267 
-0.989972 -0.141258 0.001372 0.679256 0.733901 -0.000452 -0.619816 0.784745 -0.001767 0.117398 -0.993085 -0.000346 0.750022 -0.661389 0.005570 0.654786 -0.755814 0.000193 
-0.989971 -0.141263 0.001599 0.679256 0.733901 -0.000300 -0.619845 0.784722 -0.001770 0.117402 -0.993084 -0.000773 0.750021 -0.661390 0.005620 0.654819 -0.755786 0.000132 
-0.989982 -0.141184 0.001375 0.679259 0.733898 -0.000226 -0.619944 0.784643 -0.002033 0.117325 -0.993094 0.000286 0.750018 -0.661393 0.005683 0.654941 -0.755680 0.000192 
-0.989983 -0.141183 0.001241 0.679258 0.733900 -0.000185 -0.619945 0.784642 -0.001968 0.117323 -0.993094 0.000222 0.750019 -0.661392 0.005676 0.654942 -0.755679 0.000176 
-0.990020 -0.140926 -0.000613 0.679268 0.733890 -0.000094 -0.619930 0.784655 -0.001861 0.117065 -0.993124 0.001060 0.750009 -0.661402 0.005790 0.654933 -0.755686 0.000587 
-0.990020 -0.140925 -0.000560 0.679269 0.733889 -0.000082 -0.619931 0.784655 -0.001801 0.117064 -0.993124 0.000937 0.750008 -0.661404 0.005731 0.654934 -0.755686 0.000535 
-0.990000 -0.141062 0.001396 0.679268 0.733890 -0.000092 -0.620138 0.784489 -0.002352 0.117204 -0.993106 0.002102 0.750010 -0.661403 0.005658 0.655181 -0.755472 -0.000023 
-0.990000 -0.141061 0.001260 0.679266 0.733892 -0.000074 -0.620140 0.784488 -0.002249 0.117203 -0.993106 0.001868 0.750011 -0.661401 0.005624 0.655183 -0.755470 -0.000015 
-0.990000 -0.141060 0.001134 0.679265 0.733893 -0.000048 -0.620142 0.784487 -0.002159 0.117201 -0.993107 0.001657 0.750013 -0.661400 0.005605 0.655185 -0.755469 -0.000010 
-0.989989 -0.141120 0.002769 0.679277 0.733882 -0.000067 -0.620372 0.784302 -0.002885 0.117270 -0.993093 0.003795 0.749998 -0.661409 0.006467 0.655460 -0.755230 -0.000769 
-0.990049 -0.140724 0.000259 0.679280 0.733879 -0.000030 -0.620331 0.784335 -0.002633 0.116863 -0.993139 0.004223 0.749995 -0.661412 0.006507 0.655425 -0.755260 -0.000062 
-0.990049 -0.140723 0.000227 0.679278 0.733881 -0.000022 -0.620333 0.784334 -0.002523 0.116861 -0.993141 0.003782 0.749996 -0.661410 0.006480 0.655427 -0.755258 -0.000046 
-0.990049 -0.140721 0.000198 0.679277 0.733882 -0.000011 -0.620336 0.784333 -0.002424 0.116860 -0.993143 0.003382 0.749998 -0.661409 0.006452 0.655430 -0.755256 -0.000032 
-0.990059 -0.140651 0.000441 0.679276 0.733882 0.000029 -0.620370 0.784306 -0.002367 0.116791 -0.993153 0.002739 0.749998 -0.661409 0.006452 0.655469 -0.755222 -0.000043 
-0.990080 -0.140508 0.000404 0.679274 0.733885 0.000038 -0.620382 0.784296 -0.002306 0.116647 -0.993170 0.002557 0.750000 -0.661406 0.006455 0.655484 -0.755209 -0.000051 
-0.990080 -0.140507 0.000363 0.679272 0.733887 0.000039 -0.620384 0.784295 -0.002231 0.116645 -0.993171 0.002278 0.750002 -0.661404 0.006446 0.655486 -0.755207 -0.000040 
-0.990080 -0.140505 0.000325 0.679270 0.733888 0.000039 -0.620385 0.784294 -0.002162 0.116644 -0.993172 0.002027 0.750003 -0.661403 0.006437 0.655487 -0.755206 -0.000029 
-0.990095 -0.140397 -0.000727 0.679273 0.733885 0.000051 -0.620326 0.784342 -0.001872 0.116534 -0.993186 0.000890 0.750001 -0.661406 0.006460 0.655415 -0.755269 0.000435 
-0.990096 -0.140392 -0.000907 0.679277 0.733882 0.000050 -0.620325 0.784343 -0.001769 0.116529 -0.993187 0.000511 0.749997 -0.661410 0.006429 0.655414 -0.755270 0.000515 
-0.990096 -0.140390 -0.000824 0.679278 0.733881 0.000027 -0.620325 0.784343 -0.001730 0.116528 -0.993187 0.000450 0.749997 -0.661411 0.006377 0.655414 -0.755269 0.000473 
-0.990096 -0.140389 -0.000748 0.679279 0.733880 0.000017 -0.620325 0.784343 -0.001701 0.116526 -0.993188 0.000398 0.749996 -0.661412 0.006333 0.655415 -0.755269 0.000433 
-0.990101 -0.140358 -0.000360 0.679283 0.733876 0.000029 -0.620357 0.784318 -0.001735 0.116495 -0.993191 0.000224 0.749993 -0.661416 0.006308 0.655453 -0.755236 0.000347 
-0.990101 -0.140357 -0.000326 0.679284 0.733876 0.000020 -0.620357 0.784318 -0.001705 0.116494 -0.993191 0.000190 0.749992 -0.661417 0.006275 0.655453 -0.755236 0.000320 
-0.990101 -0.140355 -0.000296 0.679284 0.733875 0.000012 -0.620358 0.784317 -0.001680 0.116493 -0.993192 0.000163 0.749992 -0.661417 0.006246 0.655453 -0.755236 0.000294 
-0.990094 -0.140399 0.001582 0.679290 0.733870 0.000027 -0.620561 0.784155 -0.002255 0.116539 -0.993185 0.001368 0.749987 -0.661423 0.006207 0.655698 -0.755023 -0.000232 
-0.990094 -0.140397 0.001418 0.679288 0.733872 0.000038 -0.620563 0.784153 -0.002178 0.116537 -0.993186 0.001186 0.749989 -0.661422 0.006192 0.655700 -0.755021 -0.000197 
-0.990183 -0.139777 0.000784 0.679389 0.733779 -0.000231 -0.620658 0.784077 -0.002670 0.115915 -0.993254 0.003260 0.749897 -0.661520 0.006773 0.655846 -0.754895 0.000041 
-0.990185 -0.139760 -0.000132 0.679389 0.733778 -0.000207 -0.620614 0.784113 -0.002446 0.115895 -0.993258 0.002588 0.749896 -0.661521 0.006805 0.655794 -0.754940 0.000375 
-0.990194 -0.139703 -0.000021 0.679395 0.733772 -0.000167 -0.620644 0.784089 -0.002369 0.115838 -0.993266 0.002167 0.749890 -0.661528 0.006789 0.655831 -0.754907 0.000339 
-0.990194 -0.139701 -0.000017 0.679394 0.733774 -0.000145 -0.620646 0.784088 -0.002287 0.115837 -0.993266 0.001932 0.749891 -0.661527 0.006737 0.655833 -0.754906 0.000311 
-0.990194 -0.139700 -0.000014 0.679393 0.733775 -0.000124 -0.620647 0.784087 -0.002212 0.115836 -0.993267 0.001718 0.749893 -0.661525 0.006690 0.655834 -0.754906 0.000285 
-0.990194 -0.139699 -0.000012 0.679391 0.733777 -0.000102 -0.620648 0.784086 -0.002144 0.115835 -0.993267 0.001520 0.749894 -0.661524 0.006648 0.655835 -0.754905 0.000262 
-0.990252 -0.139260 -0.002850 0.679400 0.733768 -0.000031 -0.620460 0.784237 -0.001573 0.115397 -0.993319 -0.001012 0.749886 -0.661534 0.006695 0.655605 -0.755102 0.001599 
-0.990258 -0.139211 -0.002974 0.679480 0.733694 -0.000336 -0.620390 0.784292 -0.001487 0.115350 -0.993324 -0.001384 0.749812 -0.661611 0.007183 0.655537 -0.755161 0.001659 
-0.990259 -0.139210 -0.002687 0.679482 0.733693 -0.000310 -0.620388 0.784294 -0.001528 0.115347 -0.993324 -0.001279 0.749811 -0.661613 0.007252 0.655535 -0.755163 0.001511 
-0.990260 -0.139209 -0.002425 0.679483 0.733691 -0.000293 -0.620386 0.784295 -0.001554 0.115346 -0.993325 -0.001192 0.749809 -0.661614 0.007270 0.655533 -0.755165 0.001380 
-0.990261 -0.139207 -0.002187 0.679484 0.733690 -0.000340 -0.620384 0.784296 -0.001568 0.115344 -0.993325 -0.001105 0.749809 -0.661615 0.007244 0.655532 -0.755166 0.001290 
-0.990261 -0.139210 -0.002135 0.679488 0.733687 -0.000375 -0.620384 0.784297 -0.001542 0.115347 -0.993325 -0.001222 0.749806 -0.661619 0.007225 0.655532 -0.755166 0.001290 
-0.990261 -0.139208 -0.001927 0.679507 0.733668 -0.000486 -0.620382 0.784298 -0.001558 0.115344 -0.993325 -0.001131 0.749788 -0.661639 0.007212 0.655535 -0.755164 0.001242 
-0.990262 -0.139207 -0.001739 0.679512 0.733665 -0.000634 -0.620381 0.784299 -0.001570 0.115343 -0.993325 -0.001037 0.749785 -0.661642 0.007185 0.655535 -0.755164 0.001217 
-0.990262 -0.139205 -0.001567 0.679512 0.733664 -0.000755 -0.620381 0.784299 -0.001580 0.115341 -0.993326 -0.000952 0.749786 -0.661642 0.007158 0.655535 -0.755164 0.001189 
-0.990274 -0.139133 0.000115 0.679564 0.733616 -0.000642 -0.620540 0.784172 -0.002098 0.115267 -0.993335 0.000168 0.749738 -0.661696 0.007135 0.655740 -0.754987 0.000658 
-0.990274 -0.139132 0.000098 0.679550 0.733629 -0.000512 -0.620543 0.784170 -0.002053 0.115266 -0.993335 0.000113 0.749751 -0.661682 0.007114 0.655740 -0.754987 0.000573 
-0.990284 -0.139054 -0.000920 0.679503 0.733673 -0.000311 -0.620500 0.784205 -0.001870 0.115188 -0.993344 -0.000334 0.749793 -0.661634 0.007159 0.655676 -0.755042 0.000849 
-0.990315 -0.138840 0.000561 0.679594 0.733589 -0.000556 -0.620614 0.784113 -0.002128 0.114972 -0.993369 -0.000511 0.749709 -0.661725 0.007544 0.655829 -0.754910 0.000526 
-0.990316 -0.138828 0.000369 0.679666 0.733521 -0.000844 -0.620573 0.784146 -0.002065 0.114961 -0.993370 -0.000559 0.749643 -0.661795 0.007942 0.655794 -0.754940 0.000569 
-0.990317 -0.138827 0.000327 0.679659 0.733528 -0.000851 -0.620575 0.784144 -0.002056 0.114959 -0.993370 -0.000533 0.749649 -0.661787 0.007971 0.655795 -0.754939 0.000564 
-0.990329 -0.138735 -0.000565 0.679623 0.733562 -0.000719 -0.620521 0.784187 -0.001850 0.114869 -0.993380 -0.001451 0.749681 -0.661750 0.008039 0.655718 -0.755005 0.000921 
-0.990330 -0.138733 -0.000507 0.679629 0.733556 -0.000759 -0.620520 0.784189 -0.001854 0.114867 -0.993380 -0.001347 0.749676 -0.661757 0.008028 0.655718 -0.755005 0.000890 
-0.990328 -0.138742 -0.000644 0.679616 0.733568 -0.000740 -0.620524 0.784186 -0.001821 0.114876 -0.993379 -0.001433 0.749687 -0.661743 0.008039 0.655719 -0.755004 0.000926 
-0.990446 -0.137876 -0.002557 0.679630 0.733555 -0.000559 -0.620446 0.784247 -0.001718 0.114009 -0.993479 -0.001106 0.749673 -0.661758 0.008217 0.655636 -0.755076 0.001460 
-0.990447 -0.137875 -0.002306 0.679631 0.733554 -0.000524 -0.620444 0.784249 -0.001755 0.114007 -0.993479 -0.001032 0.749671 -0.661759 0.008267 0.655634 -0.755078 0.001334 
-0.990431 -0.138007 -0.000199 0.679647 0.733539 -0.000523 -0.620657 0.784078 -0.002390 0.114138 -0.993465 0.000324 0.749657 -0.661775 0.008246 0.655895 -0.754851 0.000731 
-0.990433 -0.137996 -0.000093 0.679737 0.733455 -0.000451 -0.620635 0.784096 -0.002358 0.114127 -0.993466 0.000270 0.749576 -0.661868 0.008193 0.655891 -0.754855 0.000641 
-0.990423 -0.138065 0.000594 0.679738 0.733455 -0.000418 -0.620652 0.784083 -0.002367 0.114195 -0.993458 -0.000495 0.749575 -0.661869 0.008146 0.655908 -0.754841 0.000557 
-0.990423 -0.138063 0.000526 0.679738 0.733455 -0.000386 -0.620652 0.784082 -0.002328 0.114194 -0.993458 -0.000502 0.749575 -0.661869 0.008161 0.655909 -0.754840 0.000522 
-0.990422 -0.138076 -0.000210 0.679738 0.733455 -0.000356 -0.620604 0.784121 -0.002140 0.114207 -0.993456 -0.001112 0.749575 -0.661869 0.008182 0.655849 -0.754891 0.000798 
-0.990426 -0.138041 -0.000938 0.679811 0.733387 -0.000636 -0.620509 0.784197 -0.001920 0.114173 -0.993459 -0.001866 0.749508 -0.661940 0.008531 0.655747 -0.754980 0.001121 
-0.990478 -0.137629 -0.003422 0.679796 0.733401 -0.000579 -0.620252 0.784401 -0.001378 0.113772 -0.993499 -0.004001 0.749522 -0.661925 0.008563 0.655427 -0.755255 0.002218 
-0.990485 -0.137607 -0.001777 0.679799 0.733398 -0.000545 -0.620312 0.784353 -0.001708 0.113742 -0.993502 -0.004030 0.749518 -0.661928 0.008614 0.655499 -0.755194 0.001831 
-0.990486 -0.137605 -0.001602 0.679824 0.733375 -0.000560 -0.620303 0.784360 -0.001743 0.113740 -0.993504 -0.003669 0.749495 -0.661953 0.008615 0.655496 -0.755197 0.001692 
-0.990464 -0.137769 0.000373 0.679908 0.733297 -0.000501 -0.620508 0.784196 -0.002359 0.113898 -0.993490 -0.002129 0.749419 -0.662040 0.008610 0.655765 -0.754965 0.001041 
-0.990465 -0.137768 0.000333 0.679935 0.733273 -0.000509 -0.620501 0.784202 -0.002336 0.113896 -0.993491 -0.001955 0.749395 -0.662067 0.008636 0.655763 -0.754966 0.000975 
