-0.545996 -0.837788 -0.000000 0.840155 -0.542347 0.000000 -0.827852 0.560946 0.000000 0.540862 0.841111 0.000000 
-0.545999 -0.837786 -0.000000 0.840153 -0.542349 0.000000 -0.827850 0.560950 0.000000 0.540865 0.841109 0.000000 
-0.545921 -0.837837 -0.000000 0.840205 -0.542269 0.000000 -0.827904 0.560870 0.000000 0.540786 0.841160 0.000000 
-0.546062 -0.837745 -0.000000 0.840113 -0.542411 0.000000 -0.827809 0.561010 0.000000 0.540928 0.841069 0.000000 
-0.545686 -0.837990 -0.000000 0.840358 -0.542032 0.000000 -0.828062 0.560637 0.000000 0.540550 0.841312 0.000000 
-0.545561 -0.838071 -0.000000 0.840439 -0.541906 0.000000 -0.828146 0.560513 0.000000 0.540425 0.841392 0.000000 
-0.545373 -0.838193 -0.000000 0.840559 -0.541720 0.000000 -0.828270 0.560329 0.000000 0.540236 0.841513 0.000000 
-0.545123 -0.838356 -0.000000 0.840729 -0.541456 0.000000 -0.828446 0.560069 0.000000 0.539985 0.841674 0.000000 
-0.545085 -0.838381 -0.000000 0.840754 -0.541418 0.000000 -0.828472 0.560030 0.000000 0.539946 0.841699 0.000000 
-0.544823 -0.838551 -0.000000 0.840910 -0.541175 0.000000 -0.828632 0.559794 0.000000 0.539684 0.841867 0.000000 
-0.544531 -0.838740 -0.000000 0.841108 -0.540867 0.000000 -0.828837 0.559490 0.000000 0.539391 0.842055 0.000000 
-0.544532 -0.838740 -0.000000 0.841108 -0.540867 0.000000 -0.828838 0.559489 0.000000 0.539391 0.842055 0.000000 
-0.544530 -0.838742 -0.000000 0.841109 -0.540865 0.000000 -0.828837 0.559490 0.000000 0.539391 0.842056 0.000000 
-0.544529 -0.838742 -0.000000 0.841109 -0.540865 0.000000 -0.828838 0.559489 0.000000 0.539390 0.842056 0.000000 
-0.544528 -0.838742 -0.000000 0.841109 -0.540865 0.000000 -0.828837 0.559490 0.000000 0.539389 0.842057 0.000000 
-0.544530 -0.838741 -0.000000 0.841108 -0.540867 0.000000 -0.828837 0.559490 0.000000 0.539390 0.842056 0.000000 
-0.544579 -0.838710 -0.000000 0.841080 -0.540910 0.000000 -0.828803 0.559541 0.000000 0.539441 0.842023 0.000000 
-0.549046 -0.835792 -0.000000 0.838180 -0.545394 0.000000 -0.825794 0.563971 0.000000 0.543930 0.839131 0.000000 
-0.583695 -0.811973 -0.000000 0.814512 -0.580146 0.000000 -0.801360 0.598183 0.000000 0.578723 0.815524 0.000000 
-0.597950 -0.801533 -0.000000 0.804131 -0.594452 0.000000 -0.790674 0.612237 0.000000 0.593037 0.805175 0.000000 
-0.595789 -0.803141 -0.000000 0.805719 -0.592298 0.000000 -0.792310 0.610119 0.000000 0.590867 0.806769 0.000000 
0.054879 -0.998493 0.000000 0.600444 0.799667 0.000000 0.935898 -0.352270 0.000000 -0.996881 -0.078921 -0.000000 -0.784790 0.619762 0.000000 -0.924973 0.380033 0.000000 
0.039606 -0.999215 0.000000 0.613568 0.789642 0.000000 0.934402 -0.356221 0.000000 -0.997973 -0.063641 -0.000000 -0.774557 0.632504 0.000000 -0.925341 0.379136 0.000000 
0.036724 -0.999325 0.000000 0.618122 0.786082 0.000000 0.933619 -0.358268 0.000000 -0.998153 -0.060756 -0.000000 -0.770963 0.636880 0.000000 -0.924988 0.379997 0.000000 
0.036722 -0.999326 0.000000 0.617804 0.786332 0.000000 0.933665 -0.358146 0.000000 -0.998153 -0.060754 -0.000000 -0.771229 0.636558 0.000000 -0.925015 0.379930 0.000000 
0.036488 -0.999334 0.000000 0.617270 0.786751 0.000000 0.933679 -0.358110 0.000000 -0.998167 -0.060519 -0.000000 -0.771668 0.636026 0.000000 -0.924974 0.380029 0.000000 
0.035851 -0.999357 0.000000 0.616780 0.787135 0.000000 0.933401 -0.358835 0.000000 -0.998205 -0.059888 -0.000000 -0.772069 0.635539 0.000000 -0.924517 0.381141 0.000000 
0.035851 -0.999357 0.000000 0.616770 0.787144 0.000000 0.933414 -0.358800 0.000000 -0.998205 -0.059888 -0.000000 -0.772077 0.635529 0.000000 -0.924540 0.381084 0.000000 
0.035528 -0.999369 0.000000 0.616660 0.787229 0.000000 0.933333 -0.359013 0.000000 -0.998224 -0.059566 -0.000000 -0.772165 0.635422 0.000000 -0.924416 0.381385 0.000000 
0.035111 -0.999383 0.000000 0.616579 0.787293 0.000000 0.933098 -0.359623 0.000000 -0.998248 -0.059163 -0.000000 -0.772231 0.635342 0.000000 -0.924062 0.382243 0.000000 
0.036943 -0.999317 0.000000 0.616577 0.787295 0.000000 0.933276 -0.359161 0.000000 -0.998136 -0.061032 -0.000000 -0.772233 0.635340 0.000000 -0.924221 0.381859 0.000000 
0.039016 -0.999239 0.000000 0.616028 0.787724 0.000000 0.933269 -0.359178 0.000000 -0.998004 -0.063147 -0.000000 -0.772676 0.634801 0.000000 -0.923985 0.382429 0.000000 
0.039516 -0.999219 0.000000 0.615703 0.787978 0.000000 0.933129 -0.359543 0.000000 -0.997970 -0.063684 -0.000000 -0.772942 0.634477 0.000000 -0.923651 0.383235 0.000000 
0.039343 -0.999226 0.000000 0.615289 0.788302 0.000000 0.932834 -0.360307 0.000000 -0.997979 -0.063547 -0.000000 -0.773271 0.634076 0.000000 -0.923124 0.384503 0.000000 
0.039201 -0.999231 0.000000 0.615183 0.788385 0.000000 0.932632 -0.360830 0.000000 -0.997986 -0.063435 -0.000000 -0.773356 0.633972 0.000000 -0.922786 0.385314 0.000000 
0.038640 -0.999253 0.000000 0.615149 0.788411 0.000000 0.932394 -0.361444 0.000000 -0.998020 -0.062894 -0.000000 -0.773384 0.633938 0.000000 -0.922427 0.386171 0.000000 
0.038094 -0.999274 0.000000 0.614309 0.789066 0.000000 0.932236 -0.361850 0.000000 -0.998053 -0.062364 -0.000000 -0.774054 0.633119 0.000000 -0.922063 0.387039 0.000000 
0.037660 -0.999291 0.000000 0.614186 0.789161 0.000000 0.932243 -0.361834 0.000000 -0.998080 -0.061941 -0.000000 -0.774160 0.632990 0.000000 -0.922070 0.387024 0.000000 
0.037147 -0.999310 0.000000 0.613887 0.789394 0.000000 0.932145 -0.362084 0.000000 -0.998112 -0.061426 -0.000000 -0.774413 0.632681 0.000000 -0.921892 0.387446 0.000000 
0.037149 -0.999310 0.000000 0.613885 0.789396 0.000000 0.932127 -0.362131 0.000000 -0.998112 -0.061421 -0.000000 -0.774411 0.632682 0.000000 -0.921864 0.387513 0.000000 
0.037237 -0.999306 0.000000 0.613594 0.789622 0.000000 0.932115 -0.362163 0.000000 -0.998107 -0.061494 -0.000000 -0.774649 0.632391 0.000000 -0.921778 0.387717 0.000000 
0.037211 -0.999307 0.000000 0.613490 0.789703 0.000000 0.932272 -0.361758 0.000000 -0.998110 -0.061448 -0.000000 -0.774749 0.632268 0.000000 -0.921993 0.387207 0.000000 
0.037304 -0.999304 0.000000 0.613400 0.789772 0.000000 0.932202 -0.361939 0.000000 -0.998106 -0.061512 -0.000000 -0.774810 0.632194 0.000000 -0.921866 0.387508 0.000000 
0.037416 -0.999300 0.000000 0.613389 0.789781 0.000000 0.932192 -0.361964 0.000000 -0.998101 -0.061601 -0.000000 -0.774815 0.632188 0.000000 -0.921844 0.387562 0.000000 
0.037450 -0.999298 0.000000 0.613423 0.789754 0.000000 0.932183 -0.361988 0.000000 -0.998100 -0.061611 -0.000000 -0.774783 0.632227 0.000000 -0.921835 0.387583 0.000000 
0.037506 -0.999296 0.000000 0.613382 0.789786 0.000000 0.932153 -0.362064 0.000000 -0.998098 -0.061645 -0.000000 -0.774813 0.632191 0.000000 -0.921780 0.387713 0.000000 
0.037594 -0.999293 0.000000 0.613381 0.789787 0.000000 0.932157 -0.362053 0.000000 -0.998094 -0.061708 -0.000000 -0.774812 0.632191 0.000000 -0.921784 0.387704 0.000000 
0.037692 -0.999289 0.000000 0.613379 0.789789 0.000000 0.932162 -0.362040 0.000000 -0.998090 -0.061784 -0.000000 -0.774812 0.632192 0.000000 -0.921788 0.387694 0.000000 
0.037796 -0.999285 0.000000 0.613378 0.789790 0.000000 0.932168 -0.362026 0.000000 -0.998084 -0.061866 -0.000000 -0.774810 0.632194 0.000000 -0.921794 0.387680 0.000000 
0.037933 -0.999280 0.000000 0.613305 0.789846 0.000000 0.932106 -0.362186 0.000000 -0.998077 -0.061981 -0.000000 -0.774864 0.632128 0.000000 -0.921681 0.387948 0.000000 
0.038041 -0.999276 0.000000 0.613261 0.789881 0.000000 0.932069 -0.362281 0.000000 -0.998071 -0.062076 -0.000000 -0.774899 0.632085 0.000000 -0.921616 0.388103 0.000000 
0.038219 -0.999269 0.000000 0.612826 0.790218 0.000000 0.931952 -0.362581 0.000000 -0.998060 -0.062256 -0.000000 -0.775244 0.631662 0.000000 -0.921354 0.388724 0.000000 
0.038392 -0.999263 0.000000 0.612781 0.790253 0.000000 0.932032 -0.362377 0.000000 -0.998049 -0.062430 -0.000000 -0.775287 0.631609 0.000000 -0.921454 0.388487 0.000000 
0.038526 -0.999258 0.000000 0.612676 0.790334 0.000000 0.931940 -0.362613 0.000000 -0.998041 -0.062562 -0.000000 -0.775368 0.631510 0.000000 -0.921287 0.388884 0.000000 
0.038542 -0.999257 0.000000 0.612675 0.790335 0.000000 0.931939 -0.362614 0.000000 -0.998040 -0.062578 -0.000000 -0.775368 0.631510 0.000000 -0.921285 0.388888 0.000000 
0.038651 -0.999253 0.000000 0.612674 0.790336 0.000000 0.931933 -0.362631 0.000000 -0.998033 -0.062686 -0.000000 -0.775368 0.631510 0.000000 -0.921269 0.388927 0.000000 
0.038719 -0.999250 0.000000 0.612672 0.790337 0.000000 0.931928 -0.362643 0.000000 -0.998029 -0.062754 -0.000000 -0.775369 0.631509 0.000000 -0.921258 0.388953 0.000000 
0.038741 -0.999249 0.000000 0.612666 0.790342 0.000000 0.931917 -0.362672 0.000000 -0.998028 -0.062775 -0.000000 -0.775375 0.631501 0.000000 -0.921237 0.389002 0.000000 
0.038758 -0.999249 0.000000 0.612419 0.790534 0.000000 0.931821 -0.362919 0.000000 -0.998027 -0.062792 -0.000000 -0.775570 0.631262 0.000000 -0.921042 0.389464 0.000000 
0.038760 -0.999249 0.000000 0.612418 0.790534 0.000000 0.931820 -0.362921 0.000000 -0.998026 -0.062794 -0.000000 -0.775571 0.631261 0.000000 -0.921041 0.389466 0.000000 
0.038762 -0.999248 0.000000 0.612417 0.790535 0.000000 0.931820 -0.362922 0.000000 -0.998026 -0.062796 -0.000000 -0.775571 0.631260 0.000000 -0.921040 0.389469 0.000000 
0.038765 -0.999248 0.000000 0.612393 0.790554 0.000000 0.931951 -0.362584 0.000000 -0.998026 -0.062798 -0.000000 -0.775597 0.631228 0.000000 -0.921238 0.389000 0.000000 
0.038799 -0.999247 0.000000 0.612378 0.790565 0.000000 0.931938 -0.362617 0.000000 -0.998024 -0.062831 -0.000000 -0.775609 0.631213 0.000000 -0.921212 0.389061 0.000000 
0.038884 -0.999244 0.000000 0.612376 0.790567 0.000000 0.931906 -0.362700 0.000000 -0.998019 -0.062914 -0.000000 -0.775610 0.631212 0.000000 -0.921155 0.389196 0.000000 
0.038874 -0.999244 0.000000 0.612060 0.790811 0.000000 0.931838 -0.362874 0.000000 -0.998020 -0.062904 -0.000000 -0.775861 0.630904 0.000000 -0.920998 0.389568 0.000000 
0.038979 -0.999240 0.000000 0.612058 0.790813 0.000000 0.931805 -0.362959 0.000000 -0.998013 -0.063008 -0.000000 -0.775861 0.630904 0.000000 -0.920938 0.389709 0.000000 
0.039096 -0.999235 0.000000 0.612058 0.790813 0.000000 0.931766 -0.363059 0.000000 -0.998006 -0.063125 -0.000000 -0.775861 0.630904 0.000000 -0.920868 0.389875 0.000000 
0.039181 -0.999232 0.000000 0.611748 0.791053 0.000000 0.931620 -0.363435 0.000000 -0.998000 -0.063210 -0.000000 -0.776105 0.630604 0.000000 -0.920576 0.390563 0.000000 
0.039185 -0.999232 0.000000 0.611747 0.791053 0.000000 0.931620 -0.363435 0.000000 -0.998000 -0.063216 -0.000000 -0.776106 0.630603 0.000000 -0.920576 0.390564 0.000000 
0.039261 -0.999229 0.000000 0.611746 0.791054 0.000000 0.931585 -0.363525 0.000000 -0.997995 -0.063290 -0.000000 -0.776106 0.630602 0.000000 -0.920514 0.390709 0.000000 
0.039297 -0.999228 0.000000 0.611745 0.791055 0.000000 0.931535 -0.363652 0.000000 -0.997993 -0.063327 -0.000000 -0.776107 0.630601 0.000000 -0.920432 0.390904 0.000000 
0.039356 -0.999225 0.000000 0.611744 0.791056 0.000000 0.931465 -0.363830 0.000000 -0.997989 -0.063386 -0.000000 -0.776108 0.630600 0.000000 -0.920318 0.391171 0.000000 
0.039357 -0.999225 0.000000 0.611743 0.791056 0.000000 0.931465 -0.363832 0.000000 -0.997989 -0.063388 -0.000000 -0.776109 0.630599 0.000000 -0.920317 0.391174 0.000000 
0.039459 -0.999221 0.000000 0.611743 0.791057 0.000000 0.931442 -0.363889 0.000000 -0.997983 -0.063489 -0.000000 -0.776110 0.630598 0.000000 -0.920276 0.391271 0.000000 
0.039461 -0.999221 0.000000 0.611741 0.791058 0.000000 0.931442 -0.363890 0.000000 -0.997982 -0.063492 -0.000000 -0.776111 0.630597 0.000000 -0.920274 0.391274 0.000000 
0.039463 -0.999221 0.000000 0.611740 0.791059 0.000000 0.931438 -0.363901 0.000000 -0.997982 -0.063494 -0.000000 -0.776111 0.630596 0.000000 -0.920268 0.391289 0.000000 
0.039609 -0.999215 0.000000 0.611740 0.791059 0.000000 0.931411 -0.363970 0.000000 -0.997973 -0.063640 -0.000000 -0.776112 0.630596 0.000000 -0.920216 0.391411 0.000000 
0.039686 -0.999212 0.000000 0.611739 0.791060 0.000000 0.931381 -0.364047 0.000000 -0.997968 -0.063717 -0.000000 -0.776112 0.630595 0.000000 -0.920164 0.391534 0.000000 
0.039686 -0.999212 0.000000 0.611738 0.791060 0.000000 0.931380 -0.364048 0.000000 -0.997968 -0.063717 -0.000000 -0.776113 0.630593 0.000000 -0.920163 0.391535 0.000000 
0.039683 -0.999212 0.000000 0.611737 0.791061 0.000000 0.931372 -0.364069 0.000000 -0.997968 -0.063715 -0.000000 -0.776114 0.630593 0.000000 -0.920150 0.391566 0.000000 
0.039692 -0.999212 0.000000 0.611659 0.791121 0.000000 0.931291 -0.364277 0.000000 -0.997968 -0.063722 -0.000000 -0.776176 0.630516 0.000000 -0.920013 0.391887 0.000000 
0.039693 -0.999212 0.000000 0.611517 0.791231 0.000000 0.931271 -0.364327 0.000000 -0.997968 -0.063724 -0.000000 -0.776289 0.630377 0.000000 -0.919956 0.392021 0.000000 
0.039744 -0.999210 0.000000 0.611516 0.791232 0.000000 0.931259 -0.364357 0.000000 -0.997964 -0.063774 -0.000000 -0.776289 0.630377 0.000000 -0.919934 0.392072 0.000000 
0.039794 -0.999208 0.000000 0.611516 0.791232 0.000000 0.931249 -0.364384 0.000000 -0.997961 -0.063825 -0.000000 -0.776290 0.630376 0.000000 -0.919913 0.392121 0.000000 
0.039814 -0.999207 0.000000 0.611493 0.791250 0.000000 0.931217 -0.364465 0.000000 -0.997960 -0.063844 -0.000000 -0.776308 0.630354 0.000000 -0.919857 0.392253 0.000000 
0.039842 -0.999206 0.000000 0.611492 0.791250 0.000000 0.931206 -0.364493 0.000000 -0.997958 -0.063872 -0.000000 -0.776309 0.630353 0.000000 -0.919838 0.392298 0.000000 
0.039859 -0.999205 0.000000 0.611445 0.791287 0.000000 0.931184 -0.364549 0.000000 -0.997957 -0.063888 -0.000000 -0.776346 0.630307 0.000000 -0.919794 0.392401 0.000000 
0.039853 -0.999206 0.000000 0.611347 0.791363 0.000000 0.931174 -0.364576 0.000000 -0.997957 -0.063882 -0.000000 -0.776424 0.630211 0.000000 -0.919762 0.392477 0.000000 
0.039889 -0.999204 0.000000 0.611333 0.791373 0.000000 0.931198 -0.364513 0.000000 -0.997955 -0.063917 -0.000000 -0.776435 0.630197 0.000000 -0.919791 0.392409 0.000000 
0.040047 -0.999198 0.000000 0.611332 0.791374 0.000000 0.931149 -0.364638 0.000000 -0.997945 -0.064076 -0.000000 -0.776436 0.630196 0.000000 -0.919703 0.392615 0.000000 
0.040062 -0.999197 0.000000 0.611184 0.791489 0.000000 0.931058 -0.364871 0.000000 -0.997944 -0.064090 -0.000000 -0.776555 0.630050 0.000000 -0.919533 0.393013 0.000000 
0.040131 -0.999194 0.000000 0.611089 0.791562 0.000000 0.931124 -0.364703 0.000000 -0.997940 -0.064159 -0.000000 -0.776631 0.629956 0.000000 -0.919620 0.392809 0.000000 
0.040299 -0.999188 0.000000 0.610892 0.791714 0.000000 0.930931 -0.365195 0.000000 -0.997929 -0.064328 -0.000000 -0.776787 0.629764 0.000000 -0.919269 0.393629 0.000000 
0.040392 -0.999184 0.000000 0.610870 0.791731 0.000000 0.930771 -0.365603 0.000000 -0.997923 -0.064421 -0.000000 -0.776805 0.629742 0.000000 -0.919001 0.394256 0.000000 
0.040399 -0.999184 0.000000 0.610869 0.791732 0.000000 0.930722 -0.365727 0.000000 -0.997922 -0.064427 -0.000000 -0.776806 0.629740 0.000000 -0.918921 0.394441 0.000000 
0.040407 -0.999183 0.000000 0.610868 0.791733 0.000000 0.930663 -0.365877 0.000000 -0.997922 -0.064436 -0.000000 -0.776807 0.629739 0.000000 -0.918827 0.394660 0.000000 
0.040409 -0.999183 0.000000 0.610866 0.791734 0.000000 0.930663 -0.365877 0.000000 -0.997922 -0.064438 -0.000000 -0.776807 0.629739 0.000000 -0.918827 0.394660 0.000000 
0.040409 -0.999183 0.000000 0.610865 0.791735 0.000000 0.930607 -0.366020 0.000000 -0.997922 -0.064438 -0.000000 -0.776808 0.629737 0.000000 -0.918737 0.394870 0.000000 
0.040410 -0.999183 0.000000 0.610865 0.791735 0.000000 0.930607 -0.366020 0.000000 -0.997922 -0.064440 -0.000000 -0.776809 0.629736 0.000000 -0.918737 0.394871 0.000000 
0.040413 -0.999183 0.000000 0.610863 0.791736 0.000000 0.930606 -0.366022 0.000000 -0.997921 -0.064441 -0.000000 -0.776810 0.629735 0.000000 -0.918736 0.394873 0.000000 
0.040448 -0.999182 0.000000 0.610862 0.791737 0.000000 0.930523 -0.366233 0.000000 -0.997919 -0.064476 -0.000000 -0.776810 0.629735 0.000000 -0.918602 0.395185 0.000000 
0.040448 -0.999182 0.000000 0.610862 0.791737 0.000000 0.930523 -0.366234 0.000000 -0.997919 -0.064478 -0.000000 -0.776811 0.629734 0.000000 -0.918601 0.395186 0.000000 
0.040449 -0.999182 0.000000 0.610861 0.791738 0.000000 0.930523 -0.366234 0.000000 -0.997919 -0.064478 -0.000000 -0.776812 0.629733 0.000000 -0.918600 0.395188 0.000000 
0.040471 -0.999181 0.000000 0.610729 0.791839 0.000000 0.930448 -0.366425 0.000000 -0.997918 -0.064499 -0.000000 -0.776916 0.629604 0.000000 -0.918459 0.395517 0.000000 
0.040474 -0.999181 0.000000 0.610729 0.791840 0.000000 0.930447 -0.366426 0.000000 -0.997918 -0.064502 -0.000000 -0.776916 0.629604 0.000000 -0.918457 0.395521 0.000000 
0.040478 -0.999180 0.000000 0.610728 0.791841 0.000000 0.930446 -0.366429 0.000000 -0.997917 -0.064506 -0.000000 -0.776917 0.629603 0.000000 -0.918455 0.395525 0.000000 
0.040388 -0.999184 0.000000 0.610643 0.791906 0.000000 0.930472 -0.366362 0.000000 -0.997923 -0.064417 -0.000000 -0.776984 0.629520 0.000000 -0.918491 0.395442 0.000000 
0.040402 -0.999184 0.000000 0.610499 0.792017 0.000000 0.930610 -0.366012 0.000000 -0.997922 -0.064431 -0.000000 -0.777100 0.629377 0.000000 -0.918683 0.394995 0.000000 
0.040419 -0.999183 0.000000 0.610498 0.792018 0.000000 0.930607 -0.366020 0.000000 -0.997921 -0.064448 -0.000000 -0.777101 0.629376 0.000000 -0.918677 0.395010 0.000000 
0.040425 -0.999183 0.000000 0.610497 0.792019 0.000000 0.930601 -0.366035 0.000000 -0.997921 -0.064454 -0.000000 -0.777101 0.629375 0.000000 -0.918668 0.395031 0.000000 
0.040508 -0.999179 0.000000 0.610496 0.792020 0.000000 0.930584 -0.366078 0.000000 -0.997915 -0.064537 -0.000000 -0.777102 0.629374 0.000000 -0.918636 0.395105 0.000000 
0.040519 -0.999179 0.000000 0.610495 0.792020 0.000000 0.930575 -0.366101 0.000000 -0.997915 -0.064546 -0.000000 -0.777103 0.629374 0.000000 -0.918620 0.395141 0.000000 
0.040520 -0.999179 0.000000 0.610494 0.792021 0.000000 0.930575 -0.366102 0.000000 -0.997915 -0.064548 -0.000000 -0.777104 0.629372 0.000000 -0.918620 0.395142 0.000000 
0.040552 -0.999177 0.000000 0.610465 0.792043 0.000000 0.930516 -0.366251 0.000000 -0.997913 -0.064579 -0.000000 -0.777127 0.629344 0.000000 -0.918519 0.395376 0.000000 
0.040553 -0.999177 0.000000 0.610464 0.792044 0.000000 0.930516 -0.366251 0.000000 -0.997912 -0.064581 -0.000000 -0.777128 0.629343 0.000000 -0.918519 0.395377 0.000000 
0.040556 -0.999177 0.000000 0.610463 0.792045 0.000000 0.930515 -0.366253 0.000000 -0.997912 -0.064584 -0.000000 -0.777128 0.629342 0.000000 -0.918517 0.395381 0.000000 
0.040691 -0.999172 0.000000 0.610462 0.792045 0.000000 0.930475 -0.366356 0.000000 -0.997903 -0.064720 -0.000000 -0.777129 0.629341 0.000000 -0.918445 0.395548 0.000000 
0.040695 -0.999172 0.000000 0.610461 0.792046 0.000000 0.930470 -0.366369 0.000000 -0.997903 -0.064724 -0.000000 -0.777130 0.629341 0.000000 -0.918437 0.395567 0.000000 
0.040695 -0.999172 0.000000 0.610459 0.792048 0.000000 0.930469 -0.366370 0.000000 -0.997903 -0.064724 -0.000000 -0.777131 0.629339 0.000000 -0.918436 0.395569 0.000000 
0.040592 -0.999176 0.000000 0.610401 0.792093 0.000000 0.930419 -0.366499 0.000000 -0.997910 -0.064621 -0.000000 -0.777177 0.629281 0.000000 -0.918350 0.395769 0.000000 
0.040749 -0.999169 0.000000 0.610262 0.792200 0.000000 0.930346 -0.366682 0.000000 -0.997900 -0.064778 -0.000000 -0.777288 0.629145 0.000000 -0.918200 0.396118 0.000000 
0.040740 -0.999170 0.000000 0.610261 0.792200 0.000000 0.930329 -0.366726 0.000000 -0.997900 -0.064768 -0.000000 -0.777289 0.629144 0.000000 -0.918172 0.396183 0.000000 
0.040741 -0.999170 0.000000 0.610260 0.792201 0.000000 0.930329 -0.366726 0.000000 -0.997900 -0.064769 -0.000000 -0.777289 0.629144 0.000000 -0.918172 0.396183 0.000000 
0.040743 -0.999170 0.000000 0.610259 0.792202 0.000000 0.930325 -0.366736 0.000000 -0.997900 -0.064771 -0.000000 -0.777290 0.629142 0.000000 -0.918165 0.396199 0.000000 
0.040868 -0.999165 0.000000 0.610258 0.792203 0.000000 0.930281 -0.366847 0.000000 -0.997892 -0.064897 -0.000000 -0.777291 0.629141 0.000000 -0.918088 0.396376 0.000000 
0.040869 -0.999165 0.000000 0.610257 0.792204 0.000000 0.930281 -0.366847 0.000000 -0.997892 -0.064898 -0.000000 -0.777292 0.629140 0.000000 -0.918088 0.396377 0.000000 
0.040870 -0.999164 0.000000 0.610256 0.792204 0.000000 0.930281 -0.366849 0.000000 -0.997892 -0.064898 -0.000000 -0.777293 0.629139 0.000000 -0.918087 0.396379 0.000000 
0.040909 -0.999163 0.000000 0.610120 0.792309 0.000000 0.930158 -0.367160 0.000000 -0.997889 -0.064937 -0.000000 -0.777401 0.629006 0.000000 -0.917865 0.396892 0.000000 
0.040903 -0.999163 0.000000 0.610119 0.792310 0.000000 0.930155 -0.367166 0.000000 -0.997890 -0.064930 -0.000000 -0.777401 0.629006 0.000000 -0.917862 0.396900 0.000000 
0.040849 -0.999165 0.000000 0.610051 0.792363 0.000000 0.930106 -0.367291 0.000000 -0.997893 -0.064877 -0.000000 -0.777456 0.628938 0.000000 -0.917775 0.397101 0.000000 
0.040849 -0.999165 0.000000 0.610050 0.792363 0.000000 0.930106 -0.367291 0.000000 -0.997893 -0.064876 -0.000000 -0.777456 0.628938 0.000000 -0.917775 0.397101 0.000000 
0.040884 -0.999164 0.000000 0.610049 0.792364 0.000000 0.930096 -0.367316 0.000000 -0.997891 -0.064912 -0.000000 -0.777457 0.628937 0.000000 -0.917757 0.397141 0.000000 
0.040884 -0.999164 0.000000 0.610049 0.792364 0.000000 0.930096 -0.367317 0.000000 -0.997891 -0.064912 -0.000000 -0.777457 0.628936 0.000000 -0.917757 0.397143 0.000000 
0.040913 -0.999163 0.000000 0.610009 0.792394 0.000000 0.930084 -0.367348 0.000000 -0.997889 -0.064940 -0.000000 -0.777488 0.628898 0.000000 -0.917728 0.397210 0.000000 
0.040923 -0.999162 0.000000 0.609989 0.792410 0.000000 0.930066 -0.367392 0.000000 -0.997888 -0.064951 -0.000000 -0.777504 0.628879 0.000000 -0.917697 0.397281 0.000000 
0.040910 -0.999163 0.000000 0.609811 0.792547 0.000000 0.930061 -0.367405 0.000000 -0.997889 -0.064938 -0.000000 -0.777646 0.628703 0.000000 -0.917660 0.397367 0.000000 
0.040891 -0.999164 0.000000 0.609679 0.792648 0.000000 0.929982 -0.367605 0.000000 -0.997891 -0.064919 -0.000000 -0.777749 0.628575 0.000000 -0.917513 0.397705 0.000000 
0.040869 -0.999165 0.000000 0.609678 0.792649 0.000000 0.929919 -0.367763 0.000000 -0.997892 -0.064896 -0.000000 -0.777750 0.628573 0.000000 -0.917414 0.397933 0.000000 
0.040867 -0.999165 0.000000 0.609677 0.792650 0.000000 0.929918 -0.367766 0.000000 -0.997892 -0.064895 -0.000000 -0.777751 0.628572 0.000000 -0.917413 0.397936 0.000000 
0.040867 -0.999165 0.000000 0.609677 0.792650 0.000000 0.929918 -0.367767 0.000000 -0.997892 -0.064895 -0.000000 -0.777752 0.628572 0.000000 -0.917411 0.397940 0.000000 
0.040823 -0.999166 0.000000 0.609635 0.792682 0.000000 0.929889 -0.367839 0.000000 -0.997895 -0.064851 -0.000000 -0.777784 0.628531 0.000000 -0.917361 0.398056 0.000000 
0.040823 -0.999166 0.000000 0.609634 0.792683 0.000000 0.929889 -0.367841 0.000000 -0.997895 -0.064851 -0.000000 -0.777785 0.628530 0.000000 -0.917360 0.398059 0.000000 
0.040811 -0.999167 0.000000 0.609633 0.792683 0.000000 0.929887 -0.367846 0.000000 -0.997896 -0.064839 -0.000000 -0.777786 0.628529 0.000000 -0.917357 0.398065 0.000000 
0.040811 -0.999167 0.000000 0.609632 0.792684 0.000000 0.929886 -0.367848 0.000000 -0.997896 -0.064839 -0.000000 -0.777787 0.628528 0.000000 -0.917356 0.398068 0.000000 
0.040811 -0.999167 0.000000 0.609632 0.792685 0.000000 0.929885 -0.367850 0.000000 -0.997896 -0.064839 -0.000000 -0.777787 0.628528 0.000000 -0.917354 0.398071 0.000000 
0.040804 -0.999167 0.000000 0.609631 0.792686 0.000000 0.929884 -0.367854 0.000000 -0.997896 -0.064832 -0.000000 -0.777788 0.628526 0.000000 -0.917352 0.398077 0.000000 
0.040805 -0.999167 0.000000 0.609630 0.792686 0.000000 0.929883 -0.367856 0.000000 -0.997896 -0.064832 -0.000000 -0.777789 0.628525 0.000000 -0.917351 0.398080 0.000000 
0.040817 -0.999167 0.000000 0.609529 0.792764 0.000000 0.929917 -0.367769 0.000000 -0.997895 -0.064845 -0.000000 -0.777870 0.628426 0.000000 -0.917385 0.398001 0.000000 
0.040861 -0.999165 0.000000 0.609528 0.792764 0.000000 0.929828 -0.367994 0.000000 -0.997892 -0.064890 -0.000000 -0.777870 0.628425 0.000000 -0.917238 0.398339 0.000000 
0.040862 -0.999165 0.000000 0.609528 0.792765 0.000000 0.929828 -0.367994 0.000000 -0.997892 -0.064890 -0.000000 -0.777870 0.628425 0.000000 -0.917238 0.398341 0.000000 
0.040863 -0.999165 0.000000 0.609526 0.792766 0.000000 0.929827 -0.367996 0.000000 -0.997892 -0.064892 -0.000000 -0.777871 0.628424 0.000000 -0.917236 0.398344 0.000000 
0.040893 -0.999164 0.000000 0.609367 0.792888 0.000000 0.929783 -0.368108 0.000000 -0.997890 -0.064921 -0.000000 -0.777997 0.628268 0.000000 -0.917135 0.398578 0.000000 
0.040906 -0.999163 0.000000 0.609366 0.792889 0.000000 0.929718 -0.368272 0.000000 -0.997890 -0.064933 -0.000000 -0.777999 0.628265 0.000000 -0.917028 0.398822 0.000000 
0.041000 -0.999159 0.000000 0.609365 0.792890 0.000000 0.929701 -0.368316 0.000000 -0.997883 -0.065027 -0.000000 -0.778000 0.628264 0.000000 -0.916995 0.398899 0.000000 
0.041092 -0.999155 0.000000 0.609363 0.792891 0.000000 0.929682 -0.368364 0.000000 -0.997877 -0.065120 -0.000000 -0.778000 0.628265 0.000000 -0.916960 0.398979 0.000000 
0.041090 -0.999155 0.000000 0.609363 0.792891 0.000000 0.929675 -0.368380 0.000000 -0.997878 -0.065118 -0.000000 -0.778001 0.628263 0.000000 -0.916949 0.399004 0.000000 
0.041133 -0.999154 0.000000 0.609249 0.792979 0.000000 0.929611 -0.368541 0.000000 -0.997875 -0.065160 -0.000000 -0.778091 0.628152 0.000000 -0.916824 0.399292 0.000000 
0.041040 -0.999157 0.000000 0.609032 0.793145 0.000000 0.929816 -0.368025 0.000000 -0.997881 -0.065068 -0.000000 -0.778269 0.627931 0.000000 -0.917112 0.398630 0.000000 
0.041117 -0.999154 0.000000 0.608863 0.793275 0.000000 0.929622 -0.368515 0.000000 -0.997876 -0.065144 -0.000000 -0.778398 0.627771 0.000000 -0.916763 0.399432 0.000000 
0.041179 -0.999152 0.000000 0.608863 0.793276 0.000000 0.929604 -0.368560 0.000000 -0.997872 -0.065207 -0.000000 -0.778398 0.627772 0.000000 -0.916731 0.399505 0.000000 
0.041278 -0.999148 0.000000 0.608862 0.793276 0.000000 0.929585 -0.368609 0.000000 -0.997865 -0.065305 -0.000000 -0.778398 0.627771 0.000000 -0.916694 0.399589 0.000000 
0.041279 -0.999148 0.000000 0.608861 0.793277 0.000000 0.929581 -0.368618 0.000000 -0.997865 -0.065306 -0.000000 -0.778399 0.627770 0.000000 -0.916688 0.399603 0.000000 
0.041280 -0.999148 0.000000 0.608860 0.793278 0.000000 0.929581 -0.368618 0.000000 -0.997865 -0.065306 -0.000000 -0.778399 0.627770 0.000000 -0.916688 0.399603 0.000000 
0.041283 -0.999147 0.000000 0.608859 0.793279 0.000000 0.929575 -0.368632 0.000000 -0.997865 -0.065312 -0.000000 -0.778401 0.627768 0.000000 -0.916678 0.399626 0.000000 
0.041389 -0.999143 0.000000 0.608801 0.793323 0.000000 0.929423 -0.369016 0.000000 -0.997858 -0.065418 -0.000000 -0.778445 0.627713 0.000000 -0.916416 0.400226 0.000000 
0.041390 -0.999143 0.000000 0.608800 0.793324 0.000000 0.929423 -0.369016 0.000000 -0.997858 -0.065418 -0.000000 -0.778445 0.627712 0.000000 -0.916416 0.400228 0.000000 
0.041375 -0.999144 0.000000 0.608763 0.793352 0.000000 0.929408 -0.369054 0.000000 -0.997859 -0.065401 -0.000000 -0.778475 0.627675 0.000000 -0.916386 0.400295 0.000000 
0.041375 -0.999144 0.000000 0.608763 0.793352 0.000000 0.929408 -0.369055 0.000000 -0.997859 -0.065402 -0.000000 -0.778476 0.627675 0.000000 -0.916386 0.400296 0.000000 
0.041376 -0.999144 0.000000 0.608761 0.793353 0.000000 0.929407 -0.369055 0.000000 -0.997859 -0.065402 -0.000000 -0.778477 0.627673 0.000000 -0.916385 0.400298 0.000000 
0.041379 -0.999144 0.000000 0.608760 0.793354 0.000000 0.929395 -0.369088 0.000000 -0.997859 -0.065406 -0.000000 -0.778477 0.627673 0.000000 -0.916365 0.400345 0.000000 
0.041356 -0.999144 0.000000 0.608733 0.793375 0.000000 0.929347 -0.369207 0.000000 -0.997860 -0.065383 -0.000000 -0.778500 0.627645 0.000000 -0.916284 0.400529 0.000000 
0.041379 -0.999144 0.000000 0.608732 0.793376 0.000000 0.929328 -0.369256 0.000000 -0.997859 -0.065407 -0.000000 -0.778500 0.627644 0.000000 -0.916251 0.400606 0.000000 
0.041391 -0.999143 0.000000 0.608544 0.793521 0.000000 0.929229 -0.369504 0.000000 -0.997858 -0.065418 -0.000000 -0.778648 0.627460 0.000000 -0.916062 0.401036 0.000000 
0.041381 -0.999143 0.000000 0.608478 0.793571 0.000000 0.929220 -0.369528 0.000000 -0.997859 -0.065409 -0.000000 -0.778701 0.627395 0.000000 -0.916038 0.401091 0.000000 
0.041382 -0.999143 0.000000 0.608478 0.793571 0.000000 0.929219 -0.369528 0.000000 -0.997859 -0.065409 -0.000000 -0.778701 0.627396 0.000000 -0.916037 0.401093 0.000000 
0.041382 -0.999143 0.000000 0.608477 0.793572 0.000000 0.929219 -0.369531 0.000000 -0.997859 -0.065409 -0.000000 -0.778702 0.627394 0.000000 -0.916036 0.401096 0.000000 
0.041397 -0.999143 0.000000 0.608417 0.793618 0.000000 0.929226 -0.369513 0.000000 -0.997857 -0.065425 -0.000000 -0.778750 0.627334 0.000000 -0.916030 0.401111 0.000000 
0.041399 -0.999143 0.000000 0.608415 0.793619 0.000000 0.929226 -0.369513 0.000000 -0.997857 -0.065427 -0.000000 -0.778752 0.627333 0.000000 -0.916029 0.401111 0.000000 
0.041532 -0.999137 0.000000 0.608413 0.793620 0.000000 0.929193 -0.369594 0.000000 -0.997849 -0.065559 -0.000000 -0.778753 0.627331 0.000000 -0.915971 0.401245 0.000000 
0.041533 -0.999137 0.000000 0.608412 0.793621 0.000000 0.929193 -0.369594 0.000000 -0.997849 -0.065559 -0.000000 -0.778753 0.627330 0.000000 -0.915971 0.401245 0.000000 
0.041533 -0.999137 0.000000 0.608412 0.793622 0.000000 0.929193 -0.369594 0.000000 -0.997849 -0.065561 -0.000000 -0.778754 0.627330 0.000000 -0.915970 0.401246 0.000000 
0.041535 -0.999137 0.000000 0.608411 0.793622 0.000000 0.929193 -0.369594 0.000000 -0.997848 -0.065563 -0.000000 -0.778754 0.627330 0.000000 -0.915970 0.401248 0.000000 
0.041538 -0.999137 0.000000 0.608409 0.793623 0.000000 0.929192 -0.369596 0.000000 -0.997848 -0.065566 -0.000000 -0.778756 0.627327 0.000000 -0.915968 0.401251 0.000000 
0.041542 -0.999137 0.000000 0.608409 0.793624 0.000000 0.929192 -0.369597 0.000000 -0.997848 -0.065570 -0.000000 -0.778756 0.627327 0.000000 -0.915967 0.401253 0.000000 
0.041698 -0.999130 0.000000 0.608246 0.793749 0.000000 0.929054 -0.369945 0.000000 -0.997838 -0.065727 -0.000000 -0.778884 0.627168 0.000000 -0.915704 0.401853 0.000000 
0.041705 -0.999130 0.000000 0.608238 0.793755 0.000000 0.929039 -0.369982 0.000000 -0.997837 -0.065732 -0.000000 -0.778891 0.627160 0.000000 -0.915679 0.401911 0.000000 
0.041705 -0.999130 0.000000 0.608237 0.793755 0.000000 0.929039 -0.369983 0.000000 -0.997837 -0.065732 -0.000000 -0.778891 0.627159 0.000000 -0.915678 0.401912 0.000000 
0.041715 -0.999130 0.000000 0.608070 0.793883 0.000000 0.929170 -0.369652 0.000000 -0.997837 -0.065742 -0.000000 -0.779027 0.626990 0.000000 -0.915856 0.401507 0.000000 
0.041707 -0.999130 0.000000 0.607965 0.793964 0.000000 0.929088 -0.369858 0.000000 -0.997837 -0.065734 -0.000000 -0.779108 0.626890 0.000000 -0.915705 0.401850 0.000000 
0.041716 -0.999129 0.000000 0.607917 0.794000 0.000000 0.929075 -0.369892 0.000000 -0.997837 -0.065742 -0.000000 -0.779145 0.626844 0.000000 -0.915675 0.401919 0.000000 
0.041718 -0.999129 0.000000 0.607916 0.794001 0.000000 0.929075 -0.369892 0.000000 -0.997837 -0.065744 -0.000000 -0.779146 0.626843 0.000000 -0.915675 0.401920 0.000000 
0.041721 -0.999129 0.000000 0.607915 0.794002 0.000000 0.929049 -0.369956 0.000000 -0.997836 -0.065748 -0.000000 -0.779147 0.626842 0.000000 -0.915633 0.402016 0.000000 
0.041697 -0.999130 0.000000 0.607914 0.794003 0.000000 0.929003 -0.370071 0.000000 -0.997838 -0.065725 -0.000000 -0.779147 0.626841 0.000000 -0.915558 0.402185 0.000000 
0.041659 -0.999132 0.000000 0.607913 0.794004 0.000000 0.928963 -0.370172 0.000000 -0.997840 -0.065687 -0.000000 -0.779148 0.626840 0.000000 -0.915495 0.402330 0.000000 
0.041660 -0.999132 0.000000 0.607912 0.794005 0.000000 0.928942 -0.370225 0.000000 -0.997840 -0.065688 -0.000000 -0.779149 0.626839 0.000000 -0.915459 0.402411 0.000000 
0.041795 -0.999126 0.000000 0.607911 0.794006 0.000000 0.928907 -0.370312 0.000000 -0.997831 -0.065823 -0.000000 -0.779150 0.626837 0.000000 -0.915396 0.402554 0.000000 
0.041802 -0.999126 0.000000 0.607786 0.794101 0.000000 0.928817 -0.370539 0.000000 -0.997831 -0.065830 -0.000000 -0.779248 0.626716 0.000000 -0.915230 0.402933 0.000000 
0.041843 -0.999124 0.000000 0.607764 0.794118 0.000000 0.928798 -0.370586 0.000000 -0.997828 -0.065870 -0.000000 -0.779266 0.626694 0.000000 -0.915192 0.403019 0.000000 
0.041832 -0.999125 0.000000 0.607763 0.794119 0.000000 0.928733 -0.370750 0.000000 -0.997829 -0.065859 -0.000000 -0.779267 0.626693 0.000000 -0.915085 0.403262 0.000000 
0.041835 -0.999125 0.000000 0.607761 0.794120 0.000000 0.928732 -0.370752 0.000000 -0.997829 -0.065861 -0.000000 -0.779267 0.626692 0.000000 -0.915083 0.403265 0.000000 
