2.623515 0.428730 0.004661 2.749305 0.424511 0.004891 2.569346 0.543548 0.004230 2.698130 0.544033 0.004452 
2.623499 0.428730 0.004688 2.749301 0.424489 0.004910 2.569342 0.543526 0.004272 2.698114 0.544033 0.004486 
2.624310 0.428220 0.004625 2.749599 0.424849 0.004993 2.569649 0.543879 0.004138 2.698919 0.543533 0.004508 
2.622989 0.429025 0.004658 2.748961 0.424053 0.004718 2.568995 0.543101 0.004357 2.697608 0.544321 0.004403 
2.623884 0.428565 0.004408 2.749317 0.424582 0.004605 2.569318 0.543561 0.004164 2.698457 0.543898 0.004361 
2.623411 0.428917 0.004312 2.748785 0.423884 0.004358 2.568744 0.542838 0.004307 2.697960 0.544262 0.004354 
2.623507 0.429012 0.004139 2.748488 0.423593 0.004195 2.568412 0.542515 0.004414 2.698027 0.544376 0.004493 
2.627361 0.426564 0.003920 2.747437 0.421651 0.004471 2.567338 0.540627 0.003805 2.701848 0.541980 0.004433 
2.628305 0.425978 0.003958 2.745337 0.418372 0.004500 2.565174 0.537410 0.003849 2.702770 0.541416 0.004508 
2.626537 0.427452 0.003591 2.744631 0.417680 0.003952 2.564380 0.536639 0.004257 2.700953 0.542902 0.004820 
2.629157 0.425838 0.003520 2.742041 0.413486 0.004119 2.561692 0.532500 0.003990 2.703513 0.541345 0.004945 
2.630196 0.425152 0.003654 2.739744 0.409915 0.004291 2.559333 0.529004 0.004183 2.704534 0.540677 0.005346 
2.631199 0.424497 0.003774 2.737300 0.406114 0.004387 2.556820 0.525281 0.004294 2.705516 0.540042 0.005591 
2.632288 0.423791 0.003882 2.734617 0.401940 0.004414 2.554061 0.521193 0.004335 2.706584 0.539359 0.005669 
2.633476 0.423017 0.003980 2.732358 0.398426 0.004468 2.551742 0.517756 0.004404 2.707755 0.538606 0.005837 
2.634759 0.422174 0.004068 2.730630 0.395739 0.004564 2.549974 0.515137 0.004517 2.709024 0.537778 0.006187 
2.636252 0.421106 0.004153 2.735234 0.402899 0.005396 2.554768 0.522234 0.005386 2.710546 0.536643 0.008470 
2.637069 0.419316 0.004244 2.742208 0.413078 0.006901 2.562657 0.533229 0.006978 2.711997 0.534328 0.011170 
2.634765 0.412789 0.004311 2.737742 0.405549 0.006731 2.563478 0.533181 0.006798 2.714505 0.524592 0.010420 
2.635780 0.409330 0.004371 2.724490 0.386029 0.004904 2.552195 0.517042 0.004912 2.717468 0.519889 0.006467 
2.638120 0.411463 0.005126 2.718582 0.380924 0.004990 2.545772 0.511660 0.005670 2.719474 0.522302 0.005833 
2.671931 0.160854 0.007630 2.717866 0.535080 0.008875 2.751862 0.386879 0.007317 2.431841 0.413705 0.008936 2.548452 0.524799 0.009511 2.523281 0.482866 0.008960 
2.670061 0.161882 0.005784 2.724693 0.532287 0.007515 2.754237 0.387800 0.006072 2.437622 0.411070 0.005324 2.547193 0.522740 0.008553 2.526949 0.488888 0.008100 
2.669277 0.161223 0.004988 2.730808 0.528247 0.006105 2.754845 0.387560 0.005214 2.438311 0.409834 0.004755 2.545350 0.520253 0.007218 2.526511 0.486673 0.006941 
2.671749 0.161313 0.004989 2.733031 0.526466 0.005867 2.755150 0.388443 0.005139 2.438302 0.409997 0.004778 2.546021 0.521062 0.006927 2.526575 0.486869 0.006694 
2.674829 0.161385 0.005087 2.734992 0.524870 0.005632 2.755610 0.389677 0.005088 2.438325 0.410277 0.004555 2.547028 0.522183 0.006622 2.527115 0.488106 0.006430 
2.675678 0.161303 0.004965 2.737331 0.522919 0.005168 2.756208 0.391420 0.004862 2.438220 0.409322 0.004111 2.548154 0.523393 0.005966 2.527400 0.488726 0.005853 
2.678336 0.161400 0.005048 2.739864 0.520933 0.004969 2.757086 0.393732 0.004891 2.438129 0.410823 0.004105 2.550136 0.525825 0.005323 2.527534 0.489088 0.005268 
2.680820 0.161553 0.005439 2.741266 0.519823 0.004882 2.757760 0.395565 0.005002 2.438143 0.410978 0.003869 2.552198 0.528318 0.005003 2.528173 0.490650 0.004982 
2.682070 0.161722 0.005775 2.741909 0.519364 0.004856 2.758446 0.397366 0.005089 2.438128 0.410868 0.003797 2.554324 0.530819 0.004900 2.528883 0.492256 0.004901 
2.682431 0.161984 0.006062 2.742300 0.519058 0.004862 2.759174 0.399135 0.005175 2.437936 0.410648 0.004244 2.556147 0.533035 0.004908 2.528998 0.492514 0.004957 
2.682452 0.162676 0.006209 2.742904 0.518561 0.004813 2.759884 0.400915 0.005205 2.437679 0.411019 0.004853 2.557453 0.534476 0.004850 2.529030 0.492423 0.004978 
2.682282 0.163600 0.006275 2.741382 0.519613 0.004343 2.759821 0.401334 0.004753 2.437557 0.412083 0.005393 2.557369 0.534549 0.005078 2.529417 0.493764 0.005315 
2.682340 0.164045 0.006442 2.742656 0.518588 0.004339 2.760408 0.402786 0.004874 2.437568 0.412569 0.005659 2.558473 0.535658 0.004836 2.529498 0.493667 0.005134 
2.682310 0.164456 0.006542 2.742829 0.518452 0.004390 2.760827 0.403993 0.004938 2.437549 0.413167 0.005918 2.559617 0.537030 0.004843 2.529684 0.494112 0.005154 
2.682265 0.164813 0.006611 2.742935 0.518366 0.004437 2.761131 0.404928 0.004989 2.437576 0.413823 0.006093 2.560499 0.538100 0.004855 2.529873 0.494593 0.005168 
2.682183 0.165030 0.006685 2.743349 0.517749 0.003981 2.760911 0.404602 0.004710 2.437579 0.414240 0.006199 2.558918 0.535997 0.004663 2.529982 0.494799 0.005128 
2.682045 0.165098 0.006737 2.742397 0.518349 0.003764 2.760670 0.404303 0.004501 2.437590 0.414512 0.006264 2.558522 0.535627 0.004779 2.530145 0.495451 0.005274 
2.681778 0.165246 0.006721 2.740590 0.519809 0.003617 2.760328 0.403794 0.004259 2.437548 0.415028 0.006367 2.559055 0.536430 0.004934 2.530217 0.495851 0.005388 
2.681858 0.165262 0.006729 2.740643 0.519764 0.003739 2.760399 0.403994 0.004366 2.437529 0.415095 0.006301 2.559267 0.536692 0.004940 2.530251 0.495942 0.005367 
2.681931 0.165359 0.006691 2.740369 0.519706 0.003410 2.759975 0.403112 0.004124 2.437450 0.415222 0.006191 2.557420 0.534392 0.004909 2.530373 0.496338 0.005409 
2.681958 0.165379 0.006673 2.738856 0.520644 0.003199 2.759417 0.402070 0.003883 2.437431 0.415259 0.006038 2.555946 0.532762 0.005162 2.530644 0.497380 0.005671 
2.682205 0.165412 0.006638 2.739244 0.520305 0.003306 2.759389 0.401944 0.004014 2.437387 0.415258 0.005789 2.555762 0.532450 0.005018 2.530602 0.497180 0.005496 
2.682251 0.165432 0.006604 2.738996 0.520480 0.003457 2.759300 0.401735 0.004132 2.437353 0.415249 0.005566 2.555657 0.532323 0.005015 2.530620 0.497238 0.005447 
2.682214 0.165428 0.006575 2.738696 0.520709 0.003602 2.759198 0.401466 0.004246 2.437342 0.415234 0.005326 2.555519 0.532151 0.005007 2.530634 0.497272 0.005393 
2.682114 0.165441 0.006542 2.738284 0.521029 0.003732 2.759067 0.401128 0.004344 2.437314 0.415242 0.005084 2.555304 0.531870 0.005005 2.530668 0.497330 0.005345 
2.682057 0.165437 0.006514 2.737823 0.521383 0.003851 2.758913 0.400733 0.004434 2.437298 0.415218 0.004804 2.554992 0.531490 0.005003 2.530717 0.497453 0.005298 
2.681992 0.165433 0.006486 2.737297 0.521787 0.003958 2.758738 0.400285 0.004515 2.437279 0.415192 0.004504 2.554612 0.531025 0.005001 2.530784 0.497618 0.005254 
2.681909 0.165429 0.006458 2.736714 0.522236 0.004056 2.758546 0.399791 0.004588 2.437260 0.415165 0.004186 2.554170 0.530485 0.004999 2.530865 0.497815 0.005211 
2.681893 0.165445 0.006431 2.736650 0.522262 0.004100 2.758385 0.399282 0.004667 2.437226 0.415146 0.003835 2.553560 0.529637 0.004849 2.530872 0.497698 0.005036 
2.681171 0.165432 0.006375 2.735949 0.522905 0.004241 2.758264 0.398913 0.004759 2.437193 0.415293 0.003687 2.553449 0.529483 0.004838 2.530765 0.497365 0.004977 
2.679743 0.165438 0.006273 2.735731 0.523123 0.004334 2.758204 0.398700 0.004848 2.437092 0.415522 0.003750 2.553739 0.529699 0.004594 2.530167 0.495736 0.004690 
2.678424 0.165441 0.006169 2.733360 0.524855 0.004129 2.757622 0.397502 0.004542 2.436991 0.415853 0.003832 2.552389 0.528199 0.004899 2.530215 0.496150 0.005010 
2.677337 0.165440 0.006093 2.733420 0.524826 0.004211 2.757659 0.397507 0.004643 2.436914 0.416280 0.003906 2.552266 0.527946 0.004741 2.529837 0.495104 0.004840 
2.676409 0.165406 0.006096 2.732872 0.525249 0.004285 2.757596 0.397347 0.004704 2.436903 0.416374 0.003903 2.552037 0.527666 0.004762 2.529713 0.494812 0.004851 
2.675659 0.165389 0.006102 2.732387 0.525624 0.004351 2.757583 0.397322 0.004760 2.436864 0.416494 0.003901 2.551925 0.527529 0.004781 2.529646 0.494655 0.004860 
2.675109 0.165377 0.006132 2.731974 0.525942 0.004410 2.757600 0.397369 0.004815 2.436840 0.416574 0.003878 2.551910 0.527511 0.004799 2.529642 0.494648 0.004870 
2.674681 0.165376 0.006148 2.731256 0.526481 0.004396 2.757522 0.397234 0.004781 2.436801 0.416664 0.003852 2.551715 0.527298 0.004880 2.529750 0.494959 0.004951 
2.674346 0.165389 0.006165 2.731849 0.525924 0.004339 2.757585 0.397328 0.004827 2.436758 0.416735 0.003826 2.551189 0.526488 0.004724 2.529686 0.494633 0.004827 
2.674140 0.165382 0.006199 2.731603 0.526112 0.004396 2.757614 0.397404 0.004876 2.436757 0.416746 0.003799 2.551312 0.526639 0.004748 2.529722 0.494718 0.004842 
2.674021 0.165378 0.006219 2.731446 0.526233 0.004447 2.757637 0.397465 0.004917 2.436755 0.416756 0.003782 2.551418 0.526768 0.004770 2.529746 0.494777 0.004855 
2.673926 0.165387 0.006207 2.729792 0.527419 0.004241 2.757209 0.396685 0.004631 2.436729 0.416811 0.003782 2.550670 0.526050 0.005038 2.529988 0.495702 0.005137 
2.673973 0.165416 0.006218 2.729594 0.527559 0.004263 2.757196 0.396701 0.004639 2.436701 0.416840 0.003758 2.550723 0.526130 0.005071 2.530057 0.495900 0.005165 
2.673983 0.165467 0.006214 2.729683 0.527487 0.004329 2.757284 0.396955 0.004699 2.436653 0.417074 0.003797 2.550947 0.526407 0.005056 2.530034 0.495855 0.005143 
2.673959 0.165531 0.006208 2.729870 0.527352 0.004244 2.757235 0.396901 0.004660 2.436596 0.417218 0.003812 2.550849 0.526250 0.004937 2.529933 0.495578 0.005035 
2.673996 0.165589 0.006194 2.729952 0.527286 0.004311 2.757332 0.397174 0.004714 2.436543 0.417473 0.003864 2.551073 0.526527 0.004938 2.529929 0.495575 0.005029 
2.674044 0.165656 0.006171 2.730035 0.527220 0.004372 2.757424 0.397442 0.004761 2.436482 0.417768 0.003924 2.551278 0.526780 0.004939 2.529923 0.495568 0.005023 
2.674126 0.165750 0.006127 2.730981 0.526389 0.004295 2.757525 0.397657 0.004783 2.436389 0.418064 0.003948 2.550803 0.526014 0.004757 2.529866 0.495244 0.004875 
2.674151 0.165752 0.006125 2.730981 0.526387 0.004356 2.757583 0.397807 0.004826 2.436388 0.418062 0.003948 2.551016 0.526277 0.004777 2.529887 0.495295 0.004885 
2.674151 0.165796 0.006084 2.731014 0.526359 0.004412 2.757634 0.397962 0.004854 2.436339 0.418256 0.004009 2.551175 0.526471 0.004796 2.529864 0.495244 0.004896 
2.674204 0.165855 0.006026 2.731038 0.526339 0.004462 2.757683 0.398122 0.004873 2.436291 0.418470 0.004038 2.551301 0.526626 0.004813 2.529884 0.495299 0.004904 
2.674107 0.165885 0.005980 2.731054 0.526325 0.004507 2.757711 0.398241 0.004893 2.436214 0.418562 0.004078 2.551406 0.526756 0.004829 2.529865 0.495264 0.004914 
2.674107 0.165885 0.005969 2.731057 0.526321 0.004548 2.757725 0.398277 0.004919 2.436213 0.418562 0.004081 2.551490 0.526858 0.004844 2.529855 0.495239 0.004920 
2.674029 0.165898 0.005940 2.731060 0.526317 0.004586 2.757743 0.398339 0.004939 2.436167 0.418595 0.004110 2.551557 0.526940 0.004856 2.529822 0.495166 0.004927 
2.674026 0.165897 0.005930 2.731062 0.526315 0.004620 2.757750 0.398359 0.004962 2.436166 0.418596 0.004111 2.551612 0.527007 0.004868 2.529811 0.495141 0.004932 
2.674012 0.165897 0.005921 2.731062 0.526313 0.004652 2.757757 0.398380 0.004982 2.436161 0.418598 0.004114 2.551666 0.527073 0.004878 2.529799 0.495113 0.004936 
2.673919 0.165917 0.005886 2.731065 0.526310 0.004680 2.757775 0.398445 0.004993 2.436101 0.418649 0.004152 2.551709 0.527126 0.004887 2.529762 0.495031 0.004941 
2.673838 0.165933 0.005858 2.731065 0.526309 0.004706 2.757784 0.398489 0.005005 2.436055 0.418698 0.004181 2.551742 0.527167 0.004896 2.529734 0.494968 0.004946 
2.673838 0.165933 0.005852 2.731061 0.526311 0.004729 2.757786 0.398493 0.005020 2.436055 0.418700 0.004179 2.551771 0.527203 0.004904 2.529727 0.494951 0.004949 
2.673822 0.165935 0.005843 2.731058 0.526313 0.004750 2.757787 0.398502 0.005033 2.436047 0.418711 0.004182 2.551798 0.527235 0.004911 2.529717 0.494930 0.004952 
2.673772 0.165945 0.005820 2.731255 0.526293 0.004828 2.757891 0.398678 0.005097 2.436024 0.418731 0.004184 2.552327 0.527838 0.004838 2.529635 0.494603 0.004854 
2.673767 0.165945 0.005821 2.731747 0.525832 0.004825 2.757939 0.398768 0.005143 2.436023 0.418724 0.004181 2.552312 0.527735 0.004714 2.529497 0.494200 0.004737 
2.673731 0.165953 0.005807 2.731680 0.525884 0.004838 2.757937 0.398769 0.005143 2.436001 0.418745 0.004198 2.552310 0.527731 0.004738 2.529507 0.494224 0.004759 
2.673697 0.165975 0.005788 2.731295 0.526162 0.004794 2.757842 0.398573 0.005072 2.435969 0.418783 0.004221 2.552120 0.527513 0.004815 2.529585 0.494444 0.004840 
2.673763 0.165992 0.005780 2.731504 0.525981 0.004775 2.757845 0.398544 0.005073 2.435960 0.418792 0.004213 2.551951 0.527260 0.004786 2.529590 0.494402 0.004820 
2.673737 0.166000 0.005765 2.731467 0.526009 0.004791 2.757842 0.398544 0.005077 2.435944 0.418826 0.004230 2.551953 0.527261 0.004805 2.529589 0.494400 0.004837 
2.673781 0.166016 0.005754 2.731444 0.526026 0.004803 2.757839 0.398525 0.005079 2.435933 0.418839 0.004227 2.551946 0.527229 0.004820 2.529622 0.494447 0.004849 
2.673780 0.166028 0.005740 2.731447 0.526022 0.004814 2.757831 0.398521 0.005082 2.435925 0.418854 0.004240 2.551925 0.527189 0.004834 2.529627 0.494443 0.004861 
2.673846 0.166058 0.005727 2.731108 0.526167 0.004553 2.757540 0.397883 0.004861 2.435903 0.418872 0.004241 2.551049 0.526134 0.004830 2.529643 0.494580 0.004899 
2.673806 0.166118 0.005678 2.731124 0.526154 0.004591 2.757579 0.398014 0.004875 2.435823 0.419120 0.004322 2.551132 0.526235 0.004843 2.529604 0.494497 0.004908 
2.673788 0.166143 0.005652 2.731480 0.525893 0.004581 2.757626 0.398054 0.004892 2.435793 0.419149 0.004318 2.551259 0.526284 0.004725 2.529513 0.494129 0.004788 
2.673824 0.166216 0.005601 2.729884 0.527238 0.004537 2.757347 0.397609 0.004701 2.435731 0.419449 0.004389 2.551693 0.527034 0.004917 2.529581 0.494557 0.004942 
2.673737 0.166376 0.005504 2.730306 0.526938 0.004590 2.757472 0.397983 0.004754 2.435555 0.420058 0.004535 2.551853 0.527162 0.004835 2.529468 0.494205 0.004857 
2.673680 0.166527 0.005397 2.730566 0.526717 0.004590 2.757553 0.398249 0.004752 2.435429 0.420516 0.004594 2.551688 0.526917 0.004806 2.529506 0.494263 0.004837 
2.673710 0.166578 0.005369 2.730597 0.526693 0.004625 2.757582 0.398355 0.004774 2.435385 0.420762 0.004633 2.551691 0.526921 0.004822 2.529523 0.494309 0.004850 
2.673617 0.166601 0.005341 2.730621 0.526674 0.004656 2.757602 0.398445 0.004794 2.435330 0.420842 0.004652 2.551691 0.526921 0.004836 2.529530 0.494334 0.004862 
2.673608 0.166601 0.005339 2.730642 0.526657 0.004685 2.757617 0.398485 0.004818 2.435329 0.420842 0.004646 2.551690 0.526921 0.004849 2.529541 0.494361 0.004872 
2.673502 0.166622 0.005312 2.730658 0.526645 0.004711 2.757633 0.398564 0.004833 2.435278 0.420920 0.004667 2.551689 0.526919 0.004861 2.529542 0.494370 0.004882 
2.673499 0.166622 0.005312 2.730674 0.526632 0.004734 2.757645 0.398593 0.004853 2.435278 0.420920 0.004661 2.551688 0.526918 0.004871 2.529552 0.494393 0.004890 
2.673479 0.166621 0.005311 2.730688 0.526621 0.004756 2.757656 0.398623 0.004871 2.435277 0.420921 0.004660 2.551688 0.526918 0.004880 2.529556 0.494402 0.004897 
2.673341 0.166656 0.005273 2.730695 0.526615 0.004775 2.757668 0.398710 0.004878 2.435195 0.421028 0.004695 2.551687 0.526917 0.004888 2.529549 0.494398 0.004904 
2.673342 0.166657 0.005279 2.730701 0.526610 0.004793 2.757670 0.398715 0.004895 2.435196 0.421001 0.004684 2.551686 0.526916 0.004896 2.529556 0.494415 0.004910 
2.673343 0.166657 0.005286 2.730707 0.526606 0.004809 2.757672 0.398720 0.004911 2.435197 0.420973 0.004674 2.551685 0.526915 0.004902 2.529564 0.494432 0.004915 
2.673373 0.166671 0.005293 2.731385 0.526107 0.004822 2.757781 0.398873 0.004983 2.435193 0.420942 0.004655 2.551907 0.527070 0.004719 2.529400 0.493871 0.004731 
2.673370 0.166672 0.005295 2.731347 0.526136 0.004835 2.757781 0.398872 0.004989 2.435194 0.420909 0.004655 2.551904 0.527065 0.004743 2.529425 0.493929 0.004753 
2.673370 0.166673 0.005294 2.731327 0.526151 0.004847 2.757780 0.398870 0.004993 2.435196 0.420874 0.004657 2.551896 0.527054 0.004765 2.529445 0.493973 0.004774 
2.673312 0.166680 0.005279 2.730217 0.527062 0.004806 2.757580 0.398509 0.004858 2.435187 0.420852 0.004657 2.552163 0.527489 0.004906 2.529548 0.494346 0.004890 
2.673276 0.166666 0.005300 2.729480 0.527539 0.004543 2.757180 0.397792 0.004612 2.435182 0.420504 0.004571 2.551464 0.526800 0.004918 2.529517 0.494581 0.004931 
2.673258 0.166671 0.005315 2.729552 0.527484 0.004581 2.757221 0.397901 0.004656 2.435175 0.420517 0.004564 2.551476 0.526816 0.004924 2.529535 0.494625 0.004936 
2.673216 0.166677 0.005328 2.729597 0.527449 0.004616 2.757256 0.397994 0.004695 2.435168 0.420552 0.004559 2.551478 0.526820 0.004929 2.529547 0.494657 0.004940 
2.673082 0.166687 0.005327 2.729627 0.527425 0.004648 2.757292 0.398101 0.004728 2.435132 0.420586 0.004576 2.551477 0.526819 0.004933 2.529534 0.494630 0.004944 
2.673034 0.166696 0.005334 2.729656 0.527403 0.004677 2.757317 0.398173 0.004761 2.435122 0.420635 0.004577 2.551475 0.526818 0.004936 2.529537 0.494641 0.004946 
2.672983 0.166694 0.005345 2.729680 0.527384 0.004704 2.757339 0.398231 0.004791 2.435120 0.420638 0.004569 2.551473 0.526817 0.004940 2.529542 0.494653 0.004948 
2.672871 0.166708 0.005337 2.729911 0.527187 0.004696 2.757366 0.398285 0.004810 2.435082 0.420640 0.004570 2.551311 0.526573 0.004902 2.529526 0.494567 0.004921 
2.672840 0.166707 0.005343 2.729922 0.527179 0.004721 2.757376 0.398313 0.004835 2.435081 0.420640 0.004565 2.551311 0.526573 0.004908 2.529526 0.494569 0.004925 
2.672775 0.166705 0.005347 2.729926 0.527175 0.004744 2.757386 0.398340 0.004857 2.435079 0.420643 0.004568 2.551311 0.526573 0.004914 2.529516 0.494546 0.004929 
2.672591 0.166728 0.005320 2.729928 0.527173 0.004764 2.757408 0.398424 0.004869 2.435009 0.420717 0.004617 2.551309 0.526572 0.004919 2.529473 0.494453 0.004934 
2.672579 0.166729 0.005328 2.729934 0.527168 0.004783 2.757410 0.398433 0.004888 2.435005 0.420697 0.004608 2.551309 0.526571 0.004924 2.529477 0.494463 0.004937 
2.672577 0.166729 0.005340 2.729938 0.527165 0.004800 2.757412 0.398437 0.004907 2.435007 0.420668 0.004595 2.551307 0.526570 0.004928 2.529484 0.494480 0.004940 
2.672543 0.166761 0.005336 2.729889 0.527211 0.004813 2.757408 0.398444 0.004914 2.434997 0.420805 0.004615 2.551327 0.526577 0.004937 2.529503 0.494500 0.004946 
2.672432 0.166822 0.005292 2.729722 0.527249 0.004671 2.757253 0.398187 0.004791 2.434870 0.420900 0.004645 2.550747 0.525852 0.004933 2.529519 0.494592 0.004970 
2.672408 0.166838 0.005285 2.729732 0.527240 0.004698 2.757264 0.398227 0.004813 2.434857 0.420984 0.004658 2.550773 0.525884 0.004936 2.529507 0.494567 0.004970 
2.672378 0.166837 0.005286 2.729732 0.527239 0.004722 2.757268 0.398240 0.004834 2.434856 0.420985 0.004653 2.550782 0.525897 0.004941 2.529499 0.494550 0.004971 
2.672328 0.166835 0.005285 2.729732 0.527239 0.004744 2.757274 0.398258 0.004853 2.434851 0.420988 0.004653 2.550795 0.525912 0.004944 2.529487 0.494522 0.004972 
2.672170 0.166856 0.005256 2.729733 0.527237 0.004763 2.757291 0.398331 0.004863 2.434781 0.421058 0.004697 2.550809 0.525930 0.004947 2.529445 0.494432 0.004973 
2.672162 0.166856 0.005257 2.729734 0.527237 0.004782 2.757292 0.398335 0.004879 2.434780 0.421057 0.004690 2.550816 0.525938 0.004950 2.529442 0.494425 0.004973 
2.672154 0.166855 0.005259 2.729734 0.527236 0.004798 2.757294 0.398340 0.004894 2.434779 0.421058 0.004683 2.550821 0.525945 0.004952 2.529439 0.494419 0.004973 
2.672127 0.166908 0.005239 2.730478 0.526689 0.004815 2.757420 0.398556 0.004969 2.434731 0.421258 0.004728 2.551080 0.526137 0.004746 2.529213 0.493709 0.004768 
2.672111 0.166908 0.005240 2.730424 0.526730 0.004829 2.757415 0.398543 0.004974 2.434733 0.421232 0.004726 2.551079 0.526136 0.004768 2.529232 0.493754 0.004787 
2.672040 0.166940 0.005209 2.730031 0.527051 0.004824 2.757353 0.398449 0.004927 2.434695 0.421338 0.004757 2.551174 0.526266 0.004827 2.529281 0.493887 0.004837 
2.672048 0.166941 0.005215 2.730031 0.527051 0.004838 2.757348 0.398438 0.004937 2.434698 0.421286 0.004750 2.551168 0.526260 0.004840 2.529292 0.493911 0.004849 
2.672019 0.166947 0.005214 2.730022 0.527058 0.004850 2.757348 0.398444 0.004946 2.434685 0.421249 0.004752 2.551166 0.526256 0.004852 2.529296 0.493922 0.004860 
2.672019 0.166947 0.005223 2.730012 0.527065 0.004861 2.757344 0.398433 0.004956 2.434688 0.421196 0.004742 2.551163 0.526253 0.004862 2.529307 0.493948 0.004868 
2.672148 0.166958 0.005254 2.730107 0.526982 0.004852 2.757330 0.398367 0.004967 2.434697 0.421025 0.004680 2.551072 0.526104 0.004849 2.529365 0.494036 0.004859 
2.672143 0.166971 0.005254 2.730106 0.527004 0.004875 2.757342 0.398395 0.004983 2.434690 0.421007 0.004683 2.551160 0.526209 0.004856 2.529368 0.494029 0.004861 
2.672135 0.166971 0.005255 2.730148 0.526970 0.004884 2.757347 0.398407 0.004993 2.434693 0.420968 0.004683 2.551153 0.526166 0.004855 2.529377 0.494007 0.004860 
2.672071 0.167058 0.005203 2.729514 0.527537 0.004919 2.757301 0.398401 0.004946 2.434613 0.421319 0.004771 2.551696 0.526880 0.004910 2.529370 0.494030 0.004884 
2.671983 0.167082 0.005213 2.729529 0.527526 0.004922 2.757294 0.398425 0.004956 2.434573 0.421256 0.004760 2.551655 0.526829 0.004915 2.529398 0.494101 0.004891 
2.671984 0.167084 0.005254 2.729533 0.527524 0.004925 2.757284 0.398402 0.004973 2.434584 0.421093 0.004720 2.551625 0.526793 0.004918 2.529431 0.494179 0.004897 
2.671984 0.167086 0.005293 2.729533 0.527524 0.004928 2.757275 0.398379 0.004989 2.434594 0.420939 0.004682 2.551601 0.526763 0.004921 2.529463 0.494253 0.004902 
2.671968 0.167114 0.005316 2.729526 0.527534 0.004933 2.757267 0.398388 0.005002 2.434588 0.420910 0.004668 2.551586 0.526746 0.004924 2.529490 0.494319 0.004906 
2.671964 0.167115 0.005346 2.729528 0.527533 0.004934 2.757261 0.398374 0.005014 2.434596 0.420791 0.004639 2.551563 0.526718 0.004926 2.529516 0.494379 0.004910 
2.671964 0.167116 0.005374 2.729537 0.527527 0.004936 2.757258 0.398369 0.005026 2.434605 0.420679 0.004613 2.551552 0.526704 0.004929 2.529542 0.494440 0.004915 
2.671969 0.167118 0.005399 2.729544 0.527522 0.004938 2.757256 0.398365 0.005036 2.434611 0.420575 0.004589 2.551545 0.526696 0.004931 2.529565 0.494494 0.004919 
2.671973 0.167119 0.005420 2.729552 0.527516 0.004940 2.757255 0.398362 0.005045 2.434616 0.420489 0.004569 2.551535 0.526683 0.004934 2.529586 0.494541 0.004923 
2.671975 0.167120 0.005438 2.729559 0.527511 0.004942 2.757254 0.398361 0.005053 2.434622 0.420417 0.004553 2.551528 0.526674 0.004936 2.529603 0.494581 0.004926 
2.671977 0.167121 0.005454 2.729566 0.527506 0.004943 2.757253 0.398359 0.005060 2.434626 0.420350 0.004537 2.551518 0.526663 0.004938 2.529619 0.494617 0.004929 
2.671943 0.167099 0.005478 2.729332 0.527582 0.004776 2.757042 0.397903 0.004931 2.434632 0.419967 0.004440 2.550817 0.525796 0.004953 2.529710 0.494887 0.004975 
2.671825 0.167175 0.005428 2.729328 0.527584 0.004793 2.757060 0.398008 0.004933 2.434542 0.420365 0.004545 2.550824 0.525804 0.004955 2.529657 0.494775 0.004977 
2.671817 0.167175 0.005428 2.729329 0.527583 0.004808 2.757061 0.398011 0.004946 2.434542 0.420365 0.004539 2.550828 0.525809 0.004957 2.529654 0.494769 0.004977 
2.671792 0.167174 0.005428 2.729329 0.527582 0.004822 2.757064 0.398020 0.004958 2.434540 0.420367 0.004536 2.550831 0.525814 0.004959 2.529648 0.494755 0.004977 
2.671750 0.167231 0.005400 2.729336 0.527572 0.004832 2.757070 0.398081 0.004962 2.434494 0.420598 0.004591 2.550804 0.525759 0.004957 2.529631 0.494698 0.004975 
2.671730 0.167285 0.005373 2.729335 0.527572 0.004843 2.757073 0.398130 0.004965 2.434438 0.420793 0.004629 2.550808 0.525763 0.004958 2.529626 0.494693 0.004976 
2.671661 0.167298 0.005356 2.729336 0.527571 0.004854 2.757081 0.398162 0.004970 2.434401 0.420810 0.004646 2.550809 0.525764 0.004960 2.529605 0.494648 0.004976 
2.671599 0.167312 0.005338 2.729335 0.527571 0.004863 2.757088 0.398192 0.004974 2.434362 0.420837 0.004663 2.550810 0.525765 0.004961 2.529586 0.494607 0.004976 
2.671591 0.167316 0.005334 2.729335 0.527571 0.004873 2.757088 0.398197 0.004981 2.434357 0.420858 0.004662 2.550811 0.525767 0.004961 2.529582 0.494600 0.004975 
2.671690 0.167327 0.005350 2.730014 0.527025 0.004824 2.757138 0.398198 0.005012 2.434359 0.420757 0.004615 2.550671 0.525460 0.004793 2.529484 0.494197 0.004823 
2.671564 0.167315 0.005358 2.726967 0.529237 0.004447 2.756307 0.396614 0.004471 2.434354 0.420299 0.004511 2.549626 0.524467 0.005245 2.529971 0.495834 0.005291 
2.671579 0.167376 0.005341 2.729051 0.527508 0.004304 2.756500 0.396856 0.004562 2.434302 0.420525 0.004564 2.549010 0.523397 0.004807 2.529570 0.494544 0.004904 
2.671577 0.167394 0.005345 2.729065 0.527496 0.004366 2.756539 0.396969 0.004609 2.434277 0.420508 0.004570 2.549185 0.523615 0.004821 2.529567 0.494539 0.004910 
2.671522 0.167409 0.005325 2.729091 0.527473 0.004422 2.756586 0.397102 0.004646 2.434236 0.420541 0.004601 2.549337 0.523803 0.004834 2.529542 0.494485 0.004916 
2.671516 0.167411 0.005321 2.729107 0.527459 0.004473 2.756613 0.397173 0.004684 2.434232 0.420544 0.004605 2.549455 0.523949 0.004846 2.529532 0.494464 0.004921 
2.671512 0.167411 0.005318 2.729116 0.527451 0.004519 2.756633 0.397226 0.004717 2.434232 0.420543 0.004606 2.549553 0.524070 0.004858 2.529522 0.494442 0.004926 
2.671462 0.167418 0.005307 2.729118 0.527448 0.004560 2.756656 0.397289 0.004745 2.434225 0.420610 0.004631 2.549636 0.524174 0.004868 2.529495 0.494381 0.004931 
2.671241 0.167477 0.005254 2.729479 0.527123 0.004541 2.756680 0.397382 0.004754 2.434095 0.420713 0.004684 2.549419 0.523836 0.004806 2.529420 0.494150 0.004881 
2.671238 0.167477 0.005249 2.729448 0.527146 0.004580 2.756688 0.397403 0.004778 2.434094 0.420718 0.004687 2.549505 0.523941 0.004822 2.529413 0.494134 0.004890 
2.671230 0.167487 0.005240 2.729428 0.527164 0.004618 2.756695 0.397429 0.004802 2.434087 0.420741 0.004693 2.549593 0.524044 0.004833 2.529406 0.494112 0.004895 
2.671229 0.167486 0.005233 2.729405 0.527180 0.004649 2.756700 0.397443 0.004820 2.434086 0.420747 0.004697 2.549656 0.524121 0.004847 2.529400 0.494096 0.004902 
2.671230 0.167486 0.005227 2.729386 0.527193 0.004678 2.756705 0.397455 0.004838 2.434085 0.420752 0.004700 2.549713 0.524192 0.004859 2.529394 0.494082 0.004909 
2.671203 0.167490 0.005215 2.729370 0.527204 0.004704 2.756709 0.397473 0.004852 2.434073 0.420774 0.004711 2.549764 0.524254 0.004870 2.529381 0.494054 0.004916 
2.671133 0.167516 0.005186 2.729142 0.527375 0.004694 2.756661 0.397396 0.004817 2.434034 0.420864 0.004735 2.549706 0.524183 0.004915 2.529425 0.494166 0.004959 
2.671102 0.167532 0.005171 2.729141 0.527375 0.004719 2.756671 0.397435 0.004831 2.434011 0.420940 0.004758 2.549752 0.524240 0.004920 2.529406 0.494123 0.004960 
2.671095 0.167543 0.005170 2.729885 0.526870 0.004796 2.756844 0.397725 0.004953 2.433999 0.420949 0.004756 2.550336 0.524826 0.004706 2.529170 0.493361 0.004731 
2.671002 0.167545 0.005157 2.729314 0.527331 0.004789 2.756757 0.397561 0.004895 2.433978 0.420904 0.004752 2.550464 0.525011 0.004785 2.529246 0.493567 0.004797 
2.671002 0.167546 0.005165 2.729285 0.527353 0.004805 2.756756 0.397559 0.004908 2.433979 0.420875 0.004746 2.550462 0.525008 0.004802 2.529266 0.493613 0.004813 
2.671002 0.167546 0.005175 2.729254 0.527377 0.004820 2.756755 0.397556 0.004920 2.433981 0.420846 0.004739 2.550460 0.525006 0.004818 2.529286 0.493660 0.004828 
2.670933 0.167585 0.005162 2.728525 0.527822 0.004665 2.756501 0.397085 0.004746 2.433932 0.420873 0.004746 2.549662 0.524064 0.004971 2.529495 0.494274 0.005008 
2.670923 0.167585 0.005175 2.728539 0.527811 0.004692 2.756514 0.397120 0.004774 2.433933 0.420841 0.004733 2.549718 0.524135 0.004971 2.529492 0.494268 0.005004 
2.670783 0.167606 0.005157 2.728543 0.527807 0.004718 2.756540 0.397206 0.004792 2.433875 0.420883 0.004767 2.549765 0.524194 0.004970 2.529453 0.494183 0.005001 
2.670771 0.167606 0.005166 2.728547 0.527804 0.004740 2.756547 0.397224 0.004815 2.433875 0.420866 0.004755 2.549800 0.524237 0.004970 2.529449 0.494174 0.004998 
2.670750 0.167605 0.005171 2.728547 0.527803 0.004761 2.756553 0.397241 0.004835 2.433874 0.420863 0.004748 2.549826 0.524270 0.004969 2.529442 0.494159 0.004994 
2.670713 0.167604 0.005174 2.728547 0.527803 0.004779 2.756560 0.397261 0.004852 2.433873 0.420864 0.004746 2.549847 0.524296 0.004970 2.529431 0.494136 0.004993 
2.670672 0.167603 0.005178 2.728547 0.527802 0.004796 2.756570 0.397286 0.004868 2.433872 0.420865 0.004747 2.549876 0.524331 0.004970 2.529419 0.494109 0.004991 
2.670635 0.167602 0.005180 2.728547 0.527801 0.004811 2.756578 0.397307 0.004882 2.433870 0.420866 0.004749 2.549899 0.524360 0.004971 2.529409 0.494086 0.004990 
2.670429 0.167653 0.005130 2.729171 0.527253 0.004726 2.756610 0.397364 0.004869 2.433756 0.421001 0.004807 2.549475 0.523706 0.004833 2.529282 0.493663 0.004882 
2.670421 0.167663 0.005141 2.729086 0.527320 0.004749 2.756610 0.397366 0.004885 2.433749 0.420982 0.004796 2.549557 0.523801 0.004844 2.529301 0.493701 0.004887 
2.670416 0.167663 0.005144 2.729017 0.527371 0.004768 2.756608 0.397361 0.004896 2.433749 0.420980 0.004790 2.549608 0.523864 0.004856 2.529310 0.493720 0.004895 
2.670260 0.167641 0.005154 2.727220 0.528637 0.004517 2.756079 0.396375 0.004561 2.433738 0.420321 0.004631 2.548753 0.522990 0.005140 2.529679 0.494898 0.005194 
2.670389 0.167667 0.005185 2.728145 0.527897 0.004489 2.756178 0.396507 0.004640 2.433738 0.420327 0.004595 2.548679 0.522762 0.004926 2.529521 0.494362 0.004994 
2.670524 0.167680 0.005241 2.728126 0.527923 0.004537 2.756214 0.396568 0.004695 2.433751 0.420173 0.004517 2.548887 0.522993 0.004920 2.529604 0.494507 0.004979 
2.670503 0.167680 0.005270 2.728116 0.527930 0.004576 2.756240 0.396636 0.004734 2.433754 0.420117 0.004511 2.549032 0.523173 0.004924 2.529601 0.494502 0.004978 
2.670491 0.167705 0.005274 2.728128 0.527919 0.004611 2.756268 0.396723 0.004763 2.433736 0.420169 0.004529 2.549156 0.523327 0.004927 2.529593 0.494486 0.004977 
2.670462 0.167745 0.005268 2.728136 0.527911 0.004644 2.756289 0.396809 0.004788 2.433707 0.420288 0.004561 2.549262 0.523459 0.004931 2.529580 0.494462 0.004976 
2.670422 0.167778 0.005262 2.728139 0.527908 0.004673 2.756307 0.396879 0.004809 2.433686 0.420408 0.004591 2.549348 0.523566 0.004935 2.529564 0.494432 0.004977 
2.670388 0.167799 0.005257 2.728141 0.527906 0.004700 2.756323 0.396936 0.004829 2.433669 0.420488 0.004615 2.549421 0.523657 0.004938 2.529546 0.494392 0.004976 
2.670267 0.167821 0.005233 2.728142 0.527904 0.004724 2.756348 0.397021 0.004841 2.433606 0.420551 0.004659 2.549481 0.523731 0.004941 2.529505 0.494304 0.004977 
2.670205 0.167827 0.005223 2.728760 0.527451 0.004742 2.756454 0.397193 0.004909 2.433581 0.420538 0.004654 2.549725 0.523925 0.004769 2.529325 0.493737 0.004803 
2.670306 0.167869 0.005230 2.728422 0.527704 0.004720 2.756376 0.397030 0.004868 2.433559 0.420566 0.004638 2.549626 0.523808 0.004831 2.529440 0.494013 0.004864 
2.670260 0.167928 0.005199 2.728401 0.527720 0.004742 2.756385 0.397095 0.004874 2.433509 0.420822 0.004705 2.549658 0.523847 0.004845 2.529422 0.493978 0.004876 
2.670254 0.167928 0.005194 2.728401 0.527719 0.004762 2.756390 0.397109 0.004885 2.433508 0.420822 0.004715 2.549691 0.523887 0.004858 2.529416 0.493965 0.004886 
