0.000026 0.000331 1.000000 0.000735 0.000271 1.000000 0.000101 -0.000083 1.000000 0.000195 -0.000571 1.000000 -0.000428 0.000035 1.000000 0.000064 -0.000059 1.000000 
0.000025 0.000310 1.000000 0.001164 0.000429 0.999999 -0.000108 0.000089 1.000000 -0.000054 0.000157 1.000000 -0.000426 0.000035 1.000000 0.000179 -0.000164 1.000000 
0.000023 0.000292 1.000000 0.000962 0.000355 0.999999 -0.000094 0.000077 1.000000 -0.000049 0.000143 1.000000 -0.000425 0.000035 1.000000 0.000152 -0.000139 1.000000 
0.000022 0.000275 1.000000 0.000863 0.000318 1.000000 -0.000082 0.000068 1.000000 -0.000042 0.000122 1.000000 -0.000428 0.000035 1.000000 0.000141 -0.000129 1.000000 
0.000021 0.000262 1.000000 0.000788 0.000291 1.000000 -0.000066 0.000054 1.000000 -0.000033 0.000095 1.000000 -0.000379 0.000031 1.000000 0.000128 -0.000117 1.000000 
0.000020 0.000249 1.000000 0.000989 0.000365 0.999999 0.000160 -0.000132 1.000000 0.000247 -0.000722 1.000000 -0.000327 0.000027 1.000000 0.000144 -0.000132 1.000000 
0.000160 0.001997 0.999998 0.001100 0.000407 0.999999 0.001149 -0.000949 0.999999 0.000842 -0.002459 0.999997 -0.000922 0.000076 1.000000 0.000259 -0.000237 1.000000 
0.000144 0.001791 0.999998 0.002331 0.000862 0.999997 0.001738 -0.001435 0.999997 0.001547 -0.004515 0.999989 -0.000850 0.000070 1.000000 0.000557 -0.000509 1.000000 
-0.000085 -0.001054 0.999999 0.004045 0.001495 0.999991 0.002467 -0.002037 0.999995 0.002298 -0.006711 0.999975 0.002959 -0.000243 0.999996 0.001153 -0.001054 0.999999 
0.000125 0.001548 0.999999 0.005801 0.002143 0.999981 0.003351 -0.002767 0.999991 0.002854 -0.008338 0.999961 0.001960 -0.000161 0.999998 0.001359 -0.001243 0.999998 
0.000113 0.001406 0.999999 0.008628 0.003185 0.999958 0.004004 -0.003302 0.999987 0.003666 -0.010724 0.999936 0.001731 -0.000142 0.999998 0.002021 -0.001845 0.999996 
0.000103 0.001280 0.999999 0.012294 0.004538 0.999914 0.004678 -0.003847 0.999982 0.004606 -0.013477 0.999899 0.000168 -0.000014 1.000000 0.003049 -0.002773 0.999992 
0.000292 0.003596 0.999993 0.015933 0.005879 0.999856 0.005864 -0.004815 0.999971 0.005164 -0.015119 0.999872 0.000425 -0.000035 1.000000 0.003860 -0.003503 0.999986 
0.000265 0.003267 0.999995 0.019099 0.007035 0.999793 0.005688 -0.004665 0.999973 0.005089 -0.014930 0.999876 0.000182 -0.000015 1.000000 0.004592 -0.004159 0.999981 
0.000116 0.001430 0.999999 0.021721 0.007978 0.999732 0.005265 -0.004319 0.999977 0.004652 -0.013690 0.999895 0.002095 -0.000173 0.999998 0.005315 -0.004813 0.999974 
0.000426 0.005243 0.999986 0.024823 0.009090 0.999651 0.005580 -0.004582 0.999974 0.004106 -0.012121 0.999918 0.002947 -0.000245 0.999996 0.005480 -0.004966 0.999973 
0.000387 0.004765 0.999989 0.028457 0.010380 0.999541 0.004882 -0.004011 0.999980 0.003489 -0.010342 0.999940 0.002754 -0.000229 0.999996 0.006291 -0.005701 0.999964 
0.000355 0.004361 0.999990 0.032847 0.011929 0.999389 0.004172 -0.003427 0.999985 0.002834 -0.008438 0.999960 0.002620 -0.000218 0.999997 0.007261 -0.006575 0.999952 
0.000322 0.003941 0.999992 0.038228 0.013816 0.999174 0.003232 -0.002652 0.999991 0.001957 -0.005856 0.999981 0.002303 -0.000192 0.999997 0.008463 -0.007647 0.999935 
0.000394 0.004807 0.999988 0.044361 0.015951 0.998888 0.002541 -0.002081 0.999995 0.000820 -0.002467 0.999997 0.003586 -0.000300 0.999994 0.009644 -0.008688 0.999916 
0.000363 0.004428 0.999990 0.051285 0.018329 0.998516 0.001512 -0.001234 0.999998 -0.000341 0.001031 0.999999 0.003818 -0.000319 0.999993 0.011283 -0.010124 0.999885 
0.000335 0.004088 0.999992 0.057978 0.020587 0.998106 0.001366 -0.001115 0.999998 -0.001142 0.003477 0.999993 0.005757 -0.000482 0.999983 0.013139 -0.011777 0.999844 
0.000310 0.003788 0.999993 0.063329 0.022360 0.997742 0.001262 -0.001031 0.999999 -0.001857 0.005684 0.999982 0.008381 -0.000700 0.999965 0.014493 -0.012989 0.999811 
0.000357 0.004381 0.999990 0.067249 0.023624 0.997457 0.001303 -0.001065 0.999999 -0.002475 0.007615 0.999968 0.010312 -0.000860 0.999946 0.015451 -0.013846 0.999785 
0.000521 0.006456 0.999979 0.069441 0.024366 0.997288 0.001203 -0.000983 0.999999 -0.002881 0.008871 0.999956 0.011516 -0.000951 0.999933 0.015300 -0.013715 0.999789 
0.000672 0.008490 0.999964 0.070373 0.024734 0.997214 0.001103 -0.000902 0.999999 -0.003095 0.009511 0.999950 0.012348 -0.001000 0.999923 0.014760 -0.013234 0.999803 
0.000800 0.010377 0.999946 0.070177 0.024759 0.997227 0.001008 -0.000823 0.999999 -0.003129 0.009576 0.999949 0.012843 -0.001015 0.999917 0.013903 -0.012468 0.999826 
0.000988 0.013027 0.999915 0.068353 0.024263 0.997366 0.000923 -0.000754 0.999999 -0.003136 0.009537 0.999950 0.012966 -0.001008 0.999915 0.012502 -0.011219 0.999859 
0.001202 0.016156 0.999869 0.065789 0.023532 0.997556 0.000864 -0.000706 0.999999 -0.003171 0.009564 0.999949 0.012684 -0.000969 0.999919 0.010922 -0.009810 0.999892 
0.001341 0.018332 0.999831 0.063311 0.022794 0.997734 0.000792 -0.000647 0.999999 -0.003139 0.009405 0.999951 0.012256 -0.000921 0.999924 0.009622 -0.008647 0.999916 
0.001362 0.018769 0.999823 0.061203 0.022122 0.997880 0.000734 -0.000600 1.000000 -0.002959 0.008830 0.999957 0.011653 -0.000869 0.999932 0.008880 -0.007983 0.999929 
0.001274 0.017589 0.999844 0.059082 0.021406 0.998024 0.000672 -0.000549 1.000000 -0.002639 0.007859 0.999966 0.010855 -0.000808 0.999941 0.008562 -0.007697 0.999934 
0.001120 0.015465 0.999880 0.056544 0.020510 0.998189 0.000617 -0.000504 1.000000 -0.002180 0.006484 0.999977 0.009900 -0.000736 0.999951 0.008361 -0.007518 0.999937 
0.000926 0.012800 0.999918 0.053286 0.019361 0.998392 0.000565 -0.000461 1.000000 -0.001562 0.004640 0.999988 0.008831 -0.000656 0.999961 0.008044 -0.007233 0.999941 
0.000680 0.009421 0.999955 0.049459 0.017996 0.998614 0.000516 -0.000422 1.000000 -0.000771 0.002287 0.999997 0.007613 -0.000563 0.999971 0.007692 -0.006917 0.999946 
0.000378 0.005252 0.999986 0.045097 0.016426 0.998848 0.000469 -0.000383 1.000000 -0.000112 0.000332 1.000000 0.006247 -0.000461 0.999980 0.007651 -0.006879 0.999947 
0.000093 0.001280 0.999999 0.040673 0.014818 0.999063 0.000390 -0.000319 1.000000 -0.000097 0.000289 1.000000 0.004515 -0.000336 0.999990 0.008234 -0.007403 0.999939 
0.000057 0.000788 1.000000 0.035307 0.012914 0.999293 0.000222 -0.000181 1.000000 -0.000077 0.000226 1.000000 0.001882 -0.000140 0.999998 0.007549 -0.006782 0.999949 
0.000297 0.004018 0.999992 0.029291 0.010815 0.999512 0.000824 -0.000671 0.999999 -0.000039 0.000114 1.000000 -0.001929 0.000146 0.999998 0.006624 -0.005946 0.999960 
0.000278 0.003771 0.999993 0.023143 0.008614 0.999695 0.001016 -0.000826 0.999999 0.000163 -0.000473 1.000000 -0.001519 0.000115 0.999999 0.005275 -0.004731 0.999975 
0.000242 0.003277 0.999995 0.016674 0.006253 0.999841 0.001416 -0.001149 0.999998 0.000836 -0.002404 0.999997 -0.002722 0.000206 0.999996 0.004046 -0.003624 0.999985 
0.000445 0.005965 0.999982 0.009926 0.003759 0.999944 0.002785 -0.002256 0.999994 0.001585 -0.004511 0.999989 -0.001966 0.000150 0.999998 0.002350 -0.002105 0.999995 
0.000263 0.003540 0.999994 0.003036 0.001160 0.999995 0.003008 -0.002431 0.999993 0.002529 -0.007128 0.999971 -0.004102 0.000312 0.999992 0.001403 -0.001255 0.999998 
0.000238 0.003204 0.999995 -0.000825 -0.000318 1.000000 0.003685 -0.002974 0.999989 0.003280 -0.009171 0.999953 -0.003797 0.000289 0.999993 0.000652 -0.000583 1.000000 
0.000153 0.002061 0.999998 -0.002145 -0.000830 0.999997 0.004382 -0.003533 0.999984 0.004165 -0.011585 0.999924 -0.004591 0.000349 0.999989 0.000869 -0.000776 0.999999 
0.000205 0.002766 0.999996 -0.004908 -0.001909 0.999986 0.005885 -0.004741 0.999971 0.005369 -0.014846 0.999875 -0.005376 0.000408 0.999985 0.000790 -0.000706 0.999999 
0.000183 0.002462 0.999997 -0.008256 -0.003228 0.999961 0.007532 -0.006063 0.999953 0.006727 -0.018499 0.999806 -0.005166 0.000392 0.999987 0.000731 -0.000653 1.000000 
0.000161 0.002166 0.999998 -0.011647 -0.004574 0.999922 0.009193 -0.007393 0.999930 0.008124 -0.022223 0.999720 -0.005129 0.000390 0.999987 0.000685 -0.000612 1.000000 
-0.000110 -0.001488 0.999999 -0.014735 -0.005811 0.999875 0.010005 -0.008032 0.999918 0.009447 -0.025719 0.999625 -0.009054 0.000684 0.999959 0.001744 -0.001556 0.999997 
-0.000006 -0.000077 1.000000 -0.017301 -0.006852 0.999827 0.011673 -0.009365 0.999888 0.010698 -0.028986 0.999523 -0.009428 0.000711 0.999955 0.001576 -0.001406 0.999998 
0.000009 0.000125 1.000000 -0.019268 -0.007661 0.999785 0.012983 -0.010409 0.999862 0.011846 -0.031948 0.999419 -0.008806 0.000662 0.999961 0.001417 -0.001265 0.999998 
-0.000017 -0.000232 1.000000 -0.020809 -0.008303 0.999749 0.013985 -0.011205 0.999839 0.012858 -0.034537 0.999321 -0.008821 0.000661 0.999961 0.001447 -0.001291 0.999998 
-0.000017 -0.000226 1.000000 -0.021861 -0.008746 0.999723 0.014862 -0.011902 0.999819 0.013696 -0.036674 0.999233 -0.008076 0.000605 0.999967 0.001318 -0.001176 0.999998 
-0.000016 -0.000221 1.000000 -0.022434 -0.008992 0.999708 0.015509 -0.012415 0.999803 0.014355 -0.038354 0.999161 -0.007387 0.000553 0.999973 0.001202 -0.001073 0.999999 
-0.000100 -0.001378 0.999999 -0.022761 -0.009133 0.999699 0.015712 -0.012568 0.999798 0.014858 -0.039650 0.999103 -0.010445 0.000780 0.999945 0.001940 -0.001730 0.999997 
-0.000078 -0.001068 0.999999 -0.022813 -0.009162 0.999698 0.015943 -0.012751 0.999792 0.015031 -0.040074 0.999084 -0.009505 0.000709 0.999955 0.001746 -0.001557 0.999997 
-0.000071 -0.000971 1.000000 -0.022606 -0.009078 0.999703 0.015932 -0.012742 0.999792 0.015009 -0.040018 0.999086 -0.008667 0.000647 0.999962 0.001589 -0.001417 0.999998 
-0.000064 -0.000880 1.000000 -0.022179 -0.008901 0.999714 0.015750 -0.012598 0.999797 0.014824 -0.039554 0.999107 -0.007903 0.000590 0.999969 0.001445 -0.001288 0.999998 
-0.000058 -0.000797 1.000000 -0.021486 -0.008613 0.999732 0.015405 -0.012325 0.999805 0.014498 -0.038737 0.999144 -0.007214 0.000538 0.999974 0.001313 -0.001171 0.999998 
-0.000053 -0.000725 1.000000 -0.020502 -0.008206 0.999756 0.014886 -0.011914 0.999818 0.014030 -0.037553 0.999196 -0.006605 0.000493 0.999978 0.001195 -0.001066 0.999999 
-0.000048 -0.000657 1.000000 -0.019219 -0.007678 0.999786 0.014192 -0.011363 0.999835 0.013416 -0.035991 0.999262 -0.006059 0.000452 0.999982 0.001089 -0.000971 0.999999 
-0.000030 -0.000410 1.000000 -0.017735 -0.007068 0.999818 0.013370 -0.010707 0.999853 0.012726 -0.034239 0.999333 -0.008066 0.000599 0.999967 0.001429 -0.001274 0.999998 
-0.000046 -0.000630 1.000000 -0.015940 -0.006336 0.999853 0.012381 -0.009919 0.999874 0.011936 -0.032214 0.999410 -0.007687 0.000571 0.999970 0.001387 -0.001236 0.999998 
-0.000041 -0.000564 1.000000 -0.013886 -0.005504 0.999888 0.011332 -0.009084 0.999895 0.011058 -0.029941 0.999490 -0.006990 0.000519 0.999975 0.001257 -0.001121 0.999999 
-0.000065 -0.000899 1.000000 -0.011704 -0.004625 0.999921 0.010121 -0.008117 0.999916 0.010113 -0.027481 0.999571 -0.006779 0.000503 0.999977 0.001268 -0.001130 0.999999 
-0.000057 -0.000790 1.000000 -0.009377 -0.003693 0.999949 0.008940 -0.007174 0.999934 0.009126 -0.024899 0.999648 -0.006106 0.000453 0.999981 0.001145 -0.001020 0.999999 
-0.000050 -0.000693 1.000000 -0.006899 -0.002706 0.999973 0.007685 -0.006171 0.999951 0.008097 -0.022187 0.999721 -0.005505 0.000408 0.999985 0.001033 -0.000921 0.999999 
-0.000020 -0.000274 1.000000 -0.004312 -0.001685 0.999989 0.006465 -0.005195 0.999966 0.007051 -0.019408 0.999787 -0.004826 0.000358 0.999988 0.000886 -0.000790 0.999999 
-0.000017 -0.000233 1.000000 -0.001656 -0.000644 0.999998 0.005146 -0.004138 0.999978 0.005993 -0.016575 0.999845 -0.004366 0.000324 0.999990 0.000831 -0.000741 0.999999 
-0.000014 -0.000190 1.000000 -0.000283 -0.000110 1.000000 0.004177 -0.003361 0.999986 0.005028 -0.013956 0.999890 -0.003953 0.000293 0.999992 0.000826 -0.000737 0.999999 
0.000027 0.000367 1.000000 0.000329 0.000127 1.000000 0.003469 -0.002794 0.999990 0.004136 -0.011518 0.999925 -0.003995 0.000296 0.999992 0.000819 -0.000731 0.999999 
0.000025 0.000339 1.000000 0.000320 0.000124 1.000000 0.002812 -0.002264 0.999993 0.003358 -0.009357 0.999951 -0.003628 0.000269 0.999993 0.000738 -0.000658 1.000000 
0.000101 0.001389 0.999999 0.000508 0.000196 1.000000 0.002480 -0.001998 0.999995 0.002696 -0.007517 0.999968 -0.004158 0.000309 0.999991 0.000803 -0.000717 0.999999 
0.000092 0.001272 0.999999 0.000730 0.000281 1.000000 0.001941 -0.001564 0.999997 0.002086 -0.005820 0.999981 -0.003796 0.000282 0.999993 0.000780 -0.000696 0.999999 
0.000085 0.001166 0.999999 0.001707 0.000658 0.999998 0.001512 -0.001219 0.999998 0.001599 -0.004468 0.999989 -0.003463 0.000257 0.999994 0.000937 -0.000836 0.999999 
0.000239 0.003283 0.999995 0.002626 0.001011 0.999996 0.001554 -0.001253 0.999998 0.001215 -0.003399 0.999993 -0.003822 0.000285 0.999993 0.000944 -0.000843 0.999999 
0.000216 0.002973 0.999996 0.003827 0.001471 0.999992 0.001276 -0.001029 0.999999 0.000943 -0.002643 0.999996 -0.003463 0.000258 0.999994 0.001180 -0.001054 0.999999 
0.000196 0.002690 0.999996 0.004829 0.001854 0.999987 0.001094 -0.000883 0.999999 0.000778 -0.002181 0.999997 -0.003122 0.000233 0.999995 0.001376 -0.001229 0.999998 
0.000129 0.001771 0.999998 0.005425 0.002081 0.999983 0.000910 -0.000734 0.999999 0.000745 -0.002093 0.999998 -0.003411 0.000254 0.999994 0.001690 -0.001510 0.999997 
0.000117 0.001607 0.999999 0.005783 0.002217 0.999981 0.000934 -0.000754 0.999999 0.000802 -0.002254 0.999997 -0.003101 0.000231 0.999995 0.001730 -0.001545 0.999997 
0.000048 0.000655 1.000000 0.005919 0.002269 0.999980 0.000883 -0.000712 0.999999 0.000913 -0.002565 0.999996 -0.003187 0.000237 0.999995 0.001925 -0.001719 0.999997 
0.000201 0.002757 0.999996 0.005875 0.002254 0.999980 0.001364 -0.001101 0.999998 0.001021 -0.002866 0.999995 -0.003976 0.000297 0.999992 0.001846 -0.001648 0.999997 
0.000102 0.001406 0.999999 0.005593 0.002146 0.999982 0.001449 -0.001169 0.999998 0.001540 -0.004323 0.999989 -0.004405 0.000328 0.999990 0.001909 -0.001704 0.999997 
0.000170 0.002337 0.999997 0.005244 0.002014 0.999984 0.001704 -0.001375 0.999998 0.001720 -0.004822 0.999987 -0.004923 0.000367 0.999988 0.001757 -0.001569 0.999997 
0.000434 0.005926 0.999982 0.004787 0.001841 0.999987 0.002339 -0.001887 0.999995 0.001917 -0.005366 0.999984 -0.007322 0.000549 0.999973 0.001532 -0.001368 0.999998 
0.000393 0.005367 0.999986 0.004179 0.001610 0.999990 0.002471 -0.001992 0.999995 0.002154 -0.006022 0.999980 -0.006649 0.000498 0.999978 0.001361 -0.001215 0.999998 
0.000355 0.004849 0.999988 0.003510 0.001353 0.999993 0.002609 -0.002103 0.999994 0.002394 -0.006686 0.999975 -0.006034 0.000452 0.999982 0.001181 -0.001054 0.999999 
0.000424 0.005798 0.999983 0.002700 0.001043 0.999996 0.003114 -0.002510 0.999992 0.002647 -0.007376 0.999969 -0.004848 0.000363 0.999988 0.000781 -0.000698 0.999999 
0.000381 0.005211 0.999986 0.002006 0.000776 0.999998 0.003258 -0.002625 0.999991 0.002890 -0.008045 0.999963 -0.004400 0.000329 0.999990 0.000657 -0.000587 1.000000 
0.000343 0.004685 0.999989 0.001455 0.000563 0.999999 0.003376 -0.002720 0.999991 0.003101 -0.008629 0.999958 -0.004004 0.000300 0.999992 0.000556 -0.000496 1.000000 
0.000310 0.004236 0.999991 0.000974 0.000377 0.999999 0.003474 -0.002799 0.999990 0.003286 -0.009139 0.999953 -0.003678 0.000275 0.999993 0.000463 -0.000414 1.000000 
0.000255 0.003492 0.999994 0.000531 0.000206 1.000000 0.003476 -0.002800 0.999990 0.003445 -0.009577 0.999948 -0.003830 0.000287 0.999993 0.000491 -0.000438 1.000000 
0.000140 0.001914 0.999998 0.000143 0.000055 1.000000 0.003298 -0.002656 0.999991 0.003572 -0.009930 0.999944 -0.004785 0.000357 0.999988 0.000795 -0.000709 0.999999 
0.000041 0.000567 1.000000 0.000122 0.000047 1.000000 0.003115 -0.002508 0.999992 0.003684 -0.010241 0.999941 -0.005646 0.000421 0.999984 0.001094 -0.000976 0.999999 
0.000037 0.000510 1.000000 0.000105 0.000041 1.000000 0.003187 -0.002566 0.999992 0.003773 -0.010489 0.999938 -0.005187 0.000387 0.999986 0.001008 -0.000899 0.999999 
0.000034 0.000467 1.000000 0.000123 0.000048 1.000000 0.003291 -0.002650 0.999991 0.004039 -0.011228 0.999929 -0.004791 0.000357 0.999988 0.000806 -0.000719 0.999999 
0.000118 0.001608 0.999999 0.000116 0.000045 1.000000 0.003656 -0.002944 0.999989 0.004092 -0.011374 0.999927 -0.004571 0.000342 0.999989 0.000757 -0.000675 0.999999 
0.000108 0.001474 0.999999 0.000098 0.000038 1.000000 0.003675 -0.002959 0.999989 0.004140 -0.011508 0.999925 -0.004235 0.000317 0.999991 0.000701 -0.000626 1.000000 
0.000099 0.001349 0.999999 0.000086 0.000033 1.000000 0.003705 -0.002983 0.999989 0.004199 -0.011671 0.999923 -0.003926 0.000294 0.999992 0.000652 -0.000581 1.000000 
0.000090 0.001236 0.999999 0.000079 0.000030 1.000000 0.003753 -0.003022 0.999988 0.004277 -0.011889 0.999920 -0.003646 0.000273 0.999993 0.000608 -0.000542 1.000000 
0.000083 0.001140 0.999999 0.000197 0.000076 1.000000 0.003821 -0.003077 0.999988 0.004467 -0.012417 0.999913 -0.003410 0.000255 0.999994 0.000511 -0.000456 1.000000 
0.000077 0.001047 0.999999 0.000378 0.000146 1.000000 0.003848 -0.003099 0.999988 0.004566 -0.012692 0.999909 -0.003180 0.000238 0.999995 0.000469 -0.000419 1.000000 
0.000034 0.000459 1.000000 0.000353 0.000137 1.000000 0.003758 -0.003026 0.999988 0.004596 -0.012778 0.999908 -0.003595 0.000269 0.999994 0.000611 -0.000545 1.000000 
0.000182 0.002488 0.999997 0.000465 0.000180 1.000000 0.004197 -0.003380 0.999985 0.004619 -0.012840 0.999907 -0.003793 0.000284 0.999993 0.000501 -0.000447 1.000000 
0.000073 0.000995 1.000000 0.000577 0.000224 1.000000 0.003991 -0.003213 0.999987 0.004644 -0.012911 0.999906 -0.004094 0.000307 0.999992 0.000815 -0.000727 0.999999 
0.000065 0.000884 1.000000 -0.000431 -0.000167 1.000000 0.004131 -0.003327 0.999986 0.004978 -0.013841 0.999892 -0.003980 0.000298 0.999992 0.000441 -0.000393 1.000000 
0.000060 0.000814 1.000000 -0.000148 -0.000057 1.000000 0.004160 -0.003350 0.999986 0.005081 -0.014129 0.999887 -0.003689 0.000276 0.999993 0.000399 -0.000356 1.000000 
0.000055 0.000754 1.000000 -0.000136 -0.000052 1.000000 0.004188 -0.003373 0.999986 0.005104 -0.014191 0.999886 -0.003441 0.000258 0.999994 0.000379 -0.000339 1.000000 
0.000051 0.000701 1.000000 -0.000006 -0.000002 1.000000 0.004231 -0.003408 0.999985 0.005235 -0.014558 0.999880 -0.003233 0.000242 0.999995 0.000305 -0.000272 1.000000 
0.000048 0.000654 1.000000 0.000133 0.000051 1.000000 0.004281 -0.003448 0.999985 0.005370 -0.014931 0.999874 -0.003054 0.000229 0.999995 0.000241 -0.000215 1.000000 
0.000044 0.000607 1.000000 0.000394 0.000152 1.000000 0.004315 -0.003475 0.999985 0.005464 -0.015193 0.999870 -0.002870 0.000215 0.999996 0.000224 -0.000200 1.000000 
0.000042 0.000573 1.000000 0.000594 0.000230 1.000000 0.004350 -0.003504 0.999984 0.005540 -0.015406 0.999866 -0.002702 0.000202 0.999996 0.000212 -0.000189 1.000000 
0.000042 0.000576 1.000000 0.000736 0.000285 1.000000 0.004328 -0.003485 0.999985 0.005688 -0.015820 0.999859 -0.004573 0.000343 0.999989 0.000470 -0.000419 1.000000 
0.000110 0.001500 0.999999 0.000948 0.000367 0.999999 0.004650 -0.003745 0.999982 0.005760 -0.016024 0.999855 -0.004575 0.000344 0.999989 0.000520 -0.000464 1.000000 
0.000101 0.001371 0.999999 0.000913 0.000353 1.000000 0.004699 -0.003785 0.999982 0.005801 -0.016137 0.999853 -0.004242 0.000319 0.999991 0.000501 -0.000447 1.000000 
0.000092 0.001257 0.999999 0.000860 0.000333 1.000000 0.004745 -0.003821 0.999981 0.005841 -0.016249 0.999851 -0.003957 0.000298 0.999992 0.000481 -0.000429 1.000000 
0.000118 0.001609 0.999999 0.000710 0.000275 1.000000 0.004845 -0.003902 0.999981 0.005870 -0.016329 0.999849 -0.004084 0.000307 0.999992 0.000447 -0.000399 1.000000 
0.000108 0.001465 0.999999 0.000665 0.000257 1.000000 0.004885 -0.003935 0.999980 0.005910 -0.016441 0.999847 -0.003777 0.000284 0.999993 0.000427 -0.000381 1.000000 
0.000098 0.001336 0.999999 0.000739 0.000286 1.000000 0.004933 -0.003973 0.999980 0.006047 -0.016821 0.999840 -0.003510 0.000264 0.999994 0.000352 -0.000314 1.000000 
0.000090 0.001219 0.999999 0.000693 0.000268 1.000000 0.004976 -0.004008 0.999980 0.006085 -0.016926 0.999838 -0.003271 0.000246 0.999995 0.000343 -0.000306 1.000000 
0.000082 0.001115 0.999999 0.000440 0.000170 1.000000 0.005028 -0.004051 0.999979 0.006109 -0.016993 0.999837 -0.003059 0.000230 0.999995 0.000314 -0.000280 1.000000 
0.000075 0.001022 0.999999 0.000107 0.000042 1.000000 0.005076 -0.004090 0.999979 0.006120 -0.017024 0.999836 -0.002873 0.000216 0.999996 0.000275 -0.000245 1.000000 
0.000191 0.002598 0.999997 -0.000687 -0.000266 1.000000 0.005513 -0.004444 0.999975 0.006337 -0.017628 0.999825 -0.003213 0.000241 0.999995 -0.000050 0.000045 1.000000 
0.000174 0.002369 0.999997 -0.000454 -0.000175 1.000000 0.005518 -0.004448 0.999975 0.006443 -0.017925 0.999819 -0.003015 0.000226 0.999995 -0.000062 0.000056 1.000000 
0.000158 0.002153 0.999998 -0.000387 -0.000150 1.000000 0.005533 -0.004460 0.999975 0.006517 -0.018132 0.999814 -0.002814 0.000211 0.999996 -0.000073 0.000065 1.000000 
0.000143 0.001955 0.999998 -0.000373 -0.000144 1.000000 0.005537 -0.004463 0.999975 0.006537 -0.018189 0.999813 -0.002630 0.000197 0.999997 -0.000059 0.000053 1.000000 
0.000119 0.001618 0.999999 -0.000325 -0.000126 1.000000 0.005493 -0.004427 0.999975 0.006550 -0.018226 0.999812 -0.002974 0.000223 0.999996 0.000070 -0.000063 1.000000 
0.000105 0.001433 0.999999 -0.000288 -0.000111 1.000000 0.005631 -0.004539 0.999974 0.006560 -0.018256 0.999812 -0.003376 0.000254 0.999994 0.000377 -0.000337 1.000000 
0.000097 0.001325 0.999999 -0.000250 -0.000097 1.000000 0.005620 -0.004529 0.999974 0.006563 -0.018268 0.999812 -0.003191 0.000240 0.999995 0.000365 -0.000325 1.000000 
0.000090 0.001218 0.999999 -0.000213 -0.000082 1.000000 0.005611 -0.004522 0.999974 0.006569 -0.018285 0.999811 -0.003020 0.000227 0.999995 0.000355 -0.000317 1.000000 
0.000084 0.001136 0.999999 -0.000185 -0.000072 1.000000 0.005599 -0.004513 0.999974 0.006571 -0.018293 0.999811 -0.002891 0.000218 0.999996 0.000345 -0.000308 1.000000 
0.000132 0.001794 0.999998 -0.000156 -0.000060 1.000000 0.005676 -0.004575 0.999973 0.006572 -0.018297 0.999811 -0.003388 0.000255 0.999994 0.000329 -0.000294 1.000000 
0.000085 0.001155 0.999999 -0.000118 -0.000046 1.000000 0.005641 -0.004546 0.999974 0.006577 -0.018313 0.999811 -0.003333 0.000251 0.999994 0.000489 -0.000436 1.000000 
0.000078 0.001069 0.999999 -0.000094 -0.000036 1.000000 0.005632 -0.004539 0.999974 0.006585 -0.018333 0.999810 -0.003152 0.000237 0.999995 0.000467 -0.000417 1.000000 
0.000072 0.000987 1.000000 -0.000071 -0.000028 1.000000 0.005623 -0.004532 0.999974 0.006590 -0.018351 0.999810 -0.002982 0.000224 0.999996 0.000447 -0.000399 1.000000 
0.000067 0.000917 1.000000 -0.000051 -0.000020 1.000000 0.005614 -0.004525 0.999974 0.006596 -0.018368 0.999810 -0.002845 0.000214 0.999996 0.000429 -0.000383 1.000000 
0.000063 0.000855 1.000000 0.000273 0.000106 1.000000 0.005600 -0.004513 0.999974 0.006687 -0.018622 0.999804 -0.002730 0.000205 0.999996 0.000393 -0.000350 1.000000 
0.000059 0.000802 1.000000 0.000282 0.000109 1.000000 0.005600 -0.004513 0.999974 0.006693 -0.018641 0.999804 -0.002614 0.000196 0.999997 0.000381 -0.000340 1.000000 
0.000015 0.000202 1.000000 0.000451 0.000174 1.000000 0.005549 -0.004472 0.999975 0.006857 -0.019098 0.999794 -0.003170 0.000238 0.999995 0.000515 -0.000460 1.000000 
0.000014 0.000193 1.000000 0.000458 0.000177 1.000000 0.005567 -0.004486 0.999974 0.006867 -0.019126 0.999793 -0.003013 0.000226 0.999995 0.000498 -0.000444 1.000000 
0.000229 0.003118 0.999995 0.000475 0.000183 1.000000 0.006065 -0.004889 0.999970 0.006865 -0.019118 0.999794 -0.003875 0.000291 0.999992 0.000307 -0.000274 1.000000 
0.000209 0.002840 0.999996 0.000458 0.000177 1.000000 0.006039 -0.004868 0.999970 0.006869 -0.019130 0.999793 -0.003634 0.000273 0.999993 0.000309 -0.000276 1.000000 
0.000190 0.002584 0.999997 0.000499 0.000193 1.000000 0.006014 -0.004848 0.999970 0.006880 -0.019161 0.999793 -0.003418 0.000257 0.999994 0.000317 -0.000283 1.000000 
0.000288 0.003912 0.999992 0.000225 0.000087 1.000000 0.006220 -0.005015 0.999968 0.006998 -0.019486 0.999786 -0.004586 0.000345 0.999989 0.000195 -0.000174 1.000000 
0.000262 0.003560 0.999994 0.000119 0.000046 1.000000 0.006190 -0.004991 0.999968 0.007016 -0.019537 0.999785 -0.004282 0.000322 0.999991 0.000169 -0.000151 1.000000 
0.000238 0.003240 0.999995 0.000166 0.000064 1.000000 0.006163 -0.004969 0.999969 0.007026 -0.019564 0.999784 -0.003987 0.000300 0.999992 0.000182 -0.000163 1.000000 
0.000216 0.002944 0.999996 0.000210 0.000081 1.000000 0.006144 -0.004955 0.999969 0.007040 -0.019603 0.999783 -0.003709 0.000279 0.999993 0.000195 -0.000175 1.000000 
0.000197 0.002684 0.999996 0.000243 0.000094 1.000000 0.006129 -0.004943 0.999969 0.007056 -0.019649 0.999782 -0.003484 0.000262 0.999994 0.000207 -0.000185 1.000000 
0.000179 0.002437 0.999997 0.000263 0.000102 1.000000 0.006121 -0.004936 0.999969 0.007076 -0.019703 0.999781 -0.003256 0.000245 0.999995 0.000217 -0.000193 1.000000 
0.000163 0.002217 0.999998 0.000276 0.000107 1.000000 0.006115 -0.004931 0.999969 0.007096 -0.019758 0.999780 -0.003061 0.000230 0.999995 0.000224 -0.000200 1.000000 
0.000148 0.002013 0.999998 0.000286 0.000111 1.000000 0.006114 -0.004930 0.999969 0.007116 -0.019815 0.999778 -0.002869 0.000216 0.999996 0.000231 -0.000206 1.000000 
0.000134 0.001825 0.999998 0.000294 0.000114 1.000000 0.006114 -0.004931 0.999969 0.007136 -0.019871 0.999777 -0.002673 0.000201 0.999996 0.000235 -0.000210 1.000000 
0.000122 0.001663 0.999999 0.000295 0.000114 1.000000 0.006114 -0.004930 0.999969 0.007154 -0.019923 0.999776 -0.002525 0.000190 0.999997 0.000239 -0.000213 1.000000 
0.000111 0.001513 0.999999 0.000296 0.000114 1.000000 0.006113 -0.004930 0.999969 0.007171 -0.019970 0.999775 -0.002391 0.000180 0.999997 0.000242 -0.000216 1.000000 
0.000101 0.001372 0.999999 0.000288 0.000111 1.000000 0.006104 -0.004922 0.999969 0.007184 -0.020008 0.999774 -0.002321 0.000175 0.999997 0.000248 -0.000221 1.000000 
0.000046 0.000634 1.000000 0.000096 0.000037 1.000000 0.005958 -0.004804 0.999971 0.007182 -0.020008 0.999774 -0.003983 0.000299 0.999992 0.000629 -0.000562 1.000000 
0.000045 0.000613 1.000000 0.000035 0.000013 1.000000 0.005985 -0.004826 0.999970 0.007188 -0.020024 0.999774 -0.003681 0.000276 0.999993 0.000584 -0.000522 1.000000 
0.000041 0.000559 1.000000 -0.000031 -0.000012 1.000000 0.006009 -0.004845 0.999970 0.007201 -0.020060 0.999773 -0.003411 0.000256 0.999994 0.000544 -0.000486 1.000000 
0.000037 0.000509 1.000000 -0.000123 -0.000048 1.000000 0.006025 -0.004858 0.999970 0.007207 -0.020077 0.999772 -0.003197 0.000240 0.999995 0.000507 -0.000453 1.000000 
0.000034 0.000465 1.000000 -0.000089 -0.000034 1.000000 0.006039 -0.004870 0.999970 0.007222 -0.020120 0.999771 -0.002978 0.000223 0.999996 0.000485 -0.000433 1.000000 
0.000032 0.000434 1.000000 -0.000502 -0.000194 1.000000 0.006145 -0.004956 0.999969 0.007451 -0.020758 0.999757 -0.002796 0.000210 0.999996 0.000266 -0.000237 1.000000 
0.000030 0.000405 1.000000 -0.000424 -0.000164 1.000000 0.006156 -0.004965 0.999969 0.007459 -0.020781 0.999756 -0.002654 0.000199 0.999996 0.000268 -0.000239 1.000000 
-0.000025 -0.000345 1.000000 -0.000366 -0.000141 1.000000 0.006059 -0.004886 0.999970 0.007455 -0.020773 0.999756 -0.003120 0.000233 0.999995 0.000515 -0.000460 1.000000 
-0.000020 -0.000278 1.000000 -0.000284 -0.000110 1.000000 0.006061 -0.004888 0.999970 0.007441 -0.020735 0.999757 -0.002967 0.000222 0.999996 0.000494 -0.000441 1.000000 
-0.000015 -0.000208 1.000000 -0.000140 -0.000054 1.000000 0.006057 -0.004885 0.999970 0.007476 -0.020832 0.999755 -0.002876 0.000215 0.999996 0.000446 -0.000398 1.000000 
0.000113 0.001548 0.999999 -0.000040 -0.000015 1.000000 0.006384 -0.005149 0.999966 0.007450 -0.020758 0.999757 -0.003493 0.000262 0.999994 0.000431 -0.000385 1.000000 
0.000104 0.001419 0.999999 0.000056 0.000022 1.000000 0.006359 -0.005129 0.999967 0.007444 -0.020741 0.999757 -0.003283 0.000246 0.999995 0.000427 -0.000381 1.000000 
0.000095 0.001304 0.999999 0.000121 0.000047 1.000000 0.006340 -0.005114 0.999967 0.007442 -0.020737 0.999757 -0.003107 0.000233 0.999995 0.000421 -0.000376 1.000000 
0.000087 0.001192 0.999999 0.000170 0.000065 1.000000 0.006330 -0.005106 0.999967 0.007447 -0.020750 0.999757 -0.002920 0.000219 0.999996 0.000413 -0.000369 1.000000 
0.000080 0.001096 0.999999 0.000197 0.000076 1.000000 0.006323 -0.005100 0.999967 0.007454 -0.020769 0.999757 -0.002766 0.000207 0.999996 0.000403 -0.000360 1.000000 
0.000074 0.001011 0.999999 0.000216 0.000083 1.000000 0.006320 -0.005098 0.999967 0.007465 -0.020801 0.999756 -0.002626 0.000197 0.999997 0.000391 -0.000350 1.000000 
0.000068 0.000925 1.000000 0.000230 0.000089 1.000000 0.006320 -0.005098 0.999967 0.007476 -0.020833 0.999755 -0.002490 0.000187 0.999997 0.000383 -0.000342 1.000000 
0.000062 0.000853 1.000000 0.000246 0.000095 1.000000 0.006319 -0.005097 0.999967 0.007488 -0.020865 0.999754 -0.002381 0.000179 0.999997 0.000375 -0.000335 1.000000 
0.000057 0.000781 1.000000 0.000264 0.000102 1.000000 0.006321 -0.005098 0.999967 0.007500 -0.020898 0.999753 -0.002269 0.000170 0.999997 0.000369 -0.000329 1.000000 
-0.000039 -0.000531 1.000000 0.000272 0.000105 1.000000 0.006091 -0.004912 0.999969 0.007512 -0.020935 0.999753 -0.003447 0.000258 0.999994 0.000770 -0.000687 0.999999 
0.000041 0.000564 1.000000 -0.000068 -0.000026 1.000000 0.006400 -0.005162 0.999966 0.007683 -0.021412 0.999741 -0.004065 0.000305 0.999992 0.000660 -0.000590 1.000000 
0.000040 0.000540 1.000000 -0.000018 -0.000007 1.000000 0.006398 -0.005160 0.999966 0.007687 -0.021422 0.999741 -0.003860 0.000290 0.999993 0.000630 -0.000563 1.000000 
0.000037 0.000501 1.000000 0.000029 0.000011 1.000000 0.006401 -0.005163 0.999966 0.007695 -0.021445 0.999740 -0.003646 0.000274 0.999993 0.000604 -0.000539 1.000000 
0.000035 0.000473 1.000000 0.000066 0.000025 1.000000 0.006400 -0.005162 0.999966 0.007701 -0.021462 0.999740 -0.003477 0.000261 0.999994 0.000578 -0.000517 1.000000 
0.000032 0.000442 1.000000 -0.000253 -0.000098 1.000000 0.006465 -0.005215 0.999966 0.007854 -0.021890 0.999730 -0.003321 0.000249 0.999994 0.000410 -0.000367 1.000000 
0.000038 0.000517 1.000000 0.000010 0.000004 1.000000 0.006459 -0.005209 0.999966 0.007847 -0.021873 0.999730 -0.004903 0.000369 0.999988 0.000780 -0.000697 0.999999 
0.000035 0.000474 1.000000 0.000049 0.000019 1.000000 0.006474 -0.005222 0.999965 0.007859 -0.021906 0.999729 -0.004562 0.000343 0.999990 0.000737 -0.000659 1.000000 
0.000271 0.003674 0.999993 0.000081 0.000031 1.000000 0.006848 -0.005524 0.999961 0.007849 -0.021877 0.999730 -0.007036 0.000532 0.999975 0.000667 -0.000596 1.000000 
0.000247 0.003343 0.999994 0.000114 0.000044 1.000000 0.006816 -0.005498 0.999962 0.007849 -0.021876 0.999730 -0.006509 0.000492 0.999979 0.000634 -0.000567 1.000000 
0.000225 0.003042 0.999995 0.000143 0.000055 1.000000 0.006790 -0.005477 0.999962 0.007850 -0.021877 0.999730 -0.006018 0.000455 0.999982 0.000605 -0.000540 1.000000 
0.000204 0.002765 0.999996 0.000173 0.000067 1.000000 0.006768 -0.005460 0.999962 0.007854 -0.021889 0.999730 -0.005575 0.000422 0.999984 0.000579 -0.000518 1.000000 
0.000185 0.002511 0.999997 0.000223 0.000086 1.000000 0.006753 -0.005448 0.999962 0.007863 -0.021915 0.999729 -0.005155 0.000390 0.999987 0.000559 -0.000499 1.000000 
0.000168 0.002279 0.999997 0.000240 0.000093 1.000000 0.006750 -0.005445 0.999962 0.007877 -0.021954 0.999728 -0.004771 0.000361 0.999989 0.000539 -0.000482 1.000000 
0.000153 0.002080 0.999998 0.000268 0.000104 1.000000 0.006768 -0.005460 0.999962 0.007896 -0.022008 0.999727 -0.004259 0.000320 0.999991 0.000505 -0.000452 1.000000 
0.000139 0.001892 0.999998 0.000312 0.000121 1.000000 0.006762 -0.005455 0.999962 0.007912 -0.022053 0.999726 -0.003968 0.000298 0.999992 0.000492 -0.000439 1.000000 
0.000127 0.001726 0.999999 0.000349 0.000135 1.000000 0.006755 -0.005449 0.999962 0.007926 -0.022092 0.999725 -0.003715 0.000279 0.999993 0.000479 -0.000428 1.000000 
0.000116 0.001577 0.999999 0.000254 0.000098 1.000000 0.006759 -0.005453 0.999962 0.007935 -0.022116 0.999724 -0.003489 0.000262 0.999994 0.000456 -0.000408 1.000000 
0.000158 0.002160 0.999998 0.000310 0.000120 1.000000 0.006881 -0.005551 0.999961 0.007941 -0.022131 0.999724 -0.004280 0.000321 0.999991 0.000581 -0.000520 1.000000 
0.000094 0.001283 0.999999 0.000044 0.000017 1.000000 0.006772 -0.005463 0.999962 0.008074 -0.022505 0.999714 -0.004745 0.000356 0.999989 0.000651 -0.000581 1.000000 
0.000086 0.001174 0.999999 -0.000109 -0.000042 1.000000 0.006786 -0.005475 0.999962 0.008072 -0.022497 0.999714 -0.004422 0.000331 0.999990 0.000603 -0.000539 1.000000 
0.000079 0.001081 0.999999 -0.000096 -0.000037 1.000000 0.006798 -0.005485 0.999962 0.008085 -0.022534 0.999713 -0.004136 0.000310 0.999991 0.000576 -0.000515 1.000000 
0.000073 0.000996 1.000000 -0.000001 -0.000000 1.000000 0.006800 -0.005487 0.999962 0.008101 -0.022579 0.999712 -0.003888 0.000291 0.999992 0.000561 -0.000501 1.000000 
0.000067 0.000916 1.000000 0.000084 0.000033 1.000000 0.006801 -0.005487 0.999962 0.008117 -0.022623 0.999711 -0.003680 0.000276 0.999993 0.000547 -0.000489 1.000000 
0.000097 0.001335 0.999999 -0.000295 -0.000114 1.000000 0.007027 -0.005669 0.999959 0.008294 -0.023115 0.999698 -0.004689 0.000350 0.999989 0.000629 -0.000562 1.000000 
0.000090 0.001235 0.999999 -0.000279 -0.000108 1.000000 0.007018 -0.005662 0.999959 0.008292 -0.023109 0.999699 -0.004421 0.000330 0.999990 0.000601 -0.000537 1.000000 
