0.470607 0.310381 0.003858 0.569792 0.434957 0.004954 0.372971 0.346951 0.003298 0.413856 0.435220 0.003869 
0.475556 0.312532 0.003289 0.569955 0.435170 0.005155 0.373140 0.347195 0.002234 0.418742 0.437376 0.003315 
0.474982 0.312279 0.003361 0.570106 0.434656 0.005005 0.373274 0.346680 0.002383 0.418178 0.437124 0.003314 
0.474464 0.312044 0.003498 0.570212 0.434440 0.004989 0.373378 0.346450 0.002628 0.417660 0.436885 0.003463 
0.473058 0.311553 0.003335 0.569364 0.436010 0.004726 0.372596 0.347947 0.002876 0.416228 0.436373 0.003697 
0.475040 0.312873 0.002719 0.567904 0.439585 0.004936 0.371154 0.351690 0.002513 0.418272 0.437730 0.003912 
0.474224 0.312488 0.002851 0.568924 0.437313 0.004844 0.372126 0.349386 0.002608 0.417452 0.437339 0.003876 
0.472890 0.311891 0.003034 0.570049 0.434868 0.004825 0.373207 0.346884 0.002809 0.416107 0.436728 0.003956 
0.472603 0.311933 0.002788 0.570590 0.433801 0.004867 0.373686 0.345891 0.002620 0.415869 0.436788 0.003988 
0.469575 0.310632 0.002878 0.571779 0.431070 0.004698 0.374848 0.343040 0.002919 0.412818 0.435454 0.004167 
0.466477 0.309274 0.002988 0.573482 0.427261 0.004578 0.376500 0.339106 0.003142 0.409696 0.434062 0.004309 
0.463196 0.307824 0.003103 0.575371 0.423065 0.004550 0.378331 0.334779 0.003363 0.406389 0.432576 0.004543 
0.460465 0.306584 0.003258 0.576846 0.419838 0.004717 0.379759 0.331460 0.003637 0.403648 0.431307 0.004967 
0.457737 0.305360 0.003405 0.578959 0.415205 0.004734 0.381800 0.326706 0.003756 0.400890 0.430049 0.005095 
0.454833 0.304064 0.003540 0.581635 0.409327 0.004680 0.384378 0.320688 0.003800 0.397948 0.428717 0.005074 
0.452273 0.302964 0.003660 0.584339 0.403313 0.004665 0.386960 0.314583 0.003853 0.395374 0.427593 0.005119 
0.450781 0.302033 0.003825 0.586745 0.398133 0.004887 0.388956 0.310053 0.004009 0.394318 0.426846 0.005509 
0.451332 0.302574 0.004067 0.582203 0.407490 0.006386 0.385172 0.318225 0.005052 0.394114 0.426983 0.008399 
0.450035 0.302232 0.004124 0.577413 0.417161 0.007532 0.381145 0.326735 0.006414 0.392138 0.426204 0.010981 
0.448986 0.301791 0.004192 0.577822 0.416178 0.007608 0.381630 0.325519 0.006592 0.390969 0.425677 0.011442 
0.447618 0.301264 0.004253 0.579691 0.412032 0.007217 0.383560 0.320975 0.006289 0.389371 0.425053 0.011110 
0.445957 0.300536 0.004308 0.582718 0.405588 0.006627 0.386481 0.314374 0.005776 0.387629 0.424319 0.010332 
0.444402 0.299801 0.004340 0.584076 0.402795 0.006478 0.387632 0.311878 0.005701 0.386289 0.423675 0.010344 
0.444154 0.299557 0.004454 0.585960 0.398941 0.006588 0.389209 0.308493 0.005580 0.386335 0.423571 0.010356 
0.443866 0.299204 0.004523 0.586097 0.398910 0.006917 0.389026 0.309204 0.005847 0.386531 0.423401 0.011184 
0.446366 0.300243 0.004735 0.584346 0.402724 0.008168 0.387263 0.313295 0.006495 0.389166 0.424439 0.012765 
0.460639 0.303293 0.009079 0.577275 0.414457 0.016720 0.380412 0.325589 0.011805 0.403446 0.427398 0.019768 
0.407789 0.418520 0.024859 0.348953 0.320975 0.020441 0.433561 -0.033817 0.005401 0.577715 0.405041 0.022462 0.578673 0.279379 0.016306 
0.407367 0.412000 0.027128 0.349020 0.329028 0.023479 0.434796 -0.037794 0.005410 0.579209 0.396785 0.024640 0.582905 0.287958 0.019314 
0.407337 0.419699 0.025854 0.349022 0.326802 0.022187 0.435776 -0.058063 0.005472 0.579613 0.402396 0.022957 0.582648 0.290178 0.017782 
0.408571 0.438721 0.019449 0.349680 0.316907 0.015643 0.445607 -0.085231 0.005108 0.578367 0.420871 0.015893 0.578932 0.283509 0.010707 
0.399352 0.440030 0.014387 0.350152 0.315874 0.012313 0.450007 -0.096482 0.004986 0.581630 0.419593 0.008781 0.577837 0.279286 0.005635 
0.400989 0.440877 0.013262 0.350053 0.320665 0.011767 0.450274 -0.096480 0.005339 0.581543 0.419858 0.007666 0.579029 0.284806 0.005021 
0.405369 0.442999 0.011944 0.349985 0.323317 0.011037 0.451136 -0.096349 0.006851 0.582311 0.418160 0.007135 0.580162 0.290029 0.005284 
0.409719 0.445095 0.010605 0.349698 0.325812 0.010322 0.449663 -0.093927 0.008486 0.583047 0.416534 0.006639 0.580905 0.294947 0.005520 
0.413972 0.447123 0.009390 0.349115 0.328275 0.009762 0.446422 -0.090101 0.010476 0.583413 0.415724 0.006243 0.581116 0.298962 0.005794 
0.418091 0.449078 0.008184 0.348548 0.329653 0.009318 0.443227 -0.087058 0.013178 0.583727 0.415031 0.005870 0.581113 0.301775 0.006178 
0.422039 0.450941 0.007030 0.348095 0.329779 0.009048 0.440603 -0.085573 0.016631 0.583925 0.414594 0.005531 0.581015 0.303422 0.006682 
0.425788 0.452699 0.005928 0.347795 0.328924 0.008941 0.438977 -0.085704 0.020691 0.584006 0.414417 0.005216 0.580916 0.304180 0.007293 
0.429175 0.454276 0.005075 0.347559 0.328111 0.009105 0.437769 -0.086462 0.025036 0.583575 0.415375 0.004985 0.580813 0.304546 0.007972 
0.430670 0.454921 0.004575 0.347289 0.327083 0.009847 0.436896 -0.088218 0.030003 0.581803 0.418894 0.004423 0.580289 0.303113 0.008436 
0.433806 0.456558 0.004670 0.347197 0.325565 0.011054 0.436609 -0.090791 0.035594 0.578929 0.425154 0.004361 0.579786 0.301166 0.009331 
0.436984 0.457994 0.004690 0.347281 0.323732 0.012178 0.437081 -0.093347 0.041134 0.576577 0.430381 0.004415 0.579551 0.299457 0.010391 
0.439889 0.459306 0.004709 0.347386 0.322114 0.013265 0.437658 -0.095575 0.046450 0.574283 0.435480 0.004465 0.579350 0.297854 0.011438 
0.443444 0.460935 0.004635 0.347472 0.320628 0.014100 0.437854 -0.097334 0.051338 0.572071 0.440605 0.004563 0.579189 0.296570 0.012452 
0.445205 0.461582 0.004297 0.347470 0.319627 0.014770 0.437539 -0.098608 0.055705 0.571125 0.442739 0.004422 0.579039 0.295613 0.013368 
0.448322 0.462950 0.004213 0.347434 0.319013 0.015334 0.436941 -0.099356 0.059610 0.569369 0.446878 0.004566 0.578909 0.295045 0.014277 
0.448313 0.462433 0.003408 0.347423 0.318084 0.015606 0.436201 -0.099868 0.063135 0.569855 0.445666 0.004035 0.578822 0.294217 0.014972 
0.449718 0.462922 0.003196 0.347362 0.317838 0.016008 0.435738 -0.100378 0.066313 0.568485 0.448644 0.003912 0.578665 0.293598 0.015621 
0.452357 0.463946 0.003042 0.347444 0.317277 0.016252 0.435348 -0.100877 0.069259 0.567721 0.450692 0.004134 0.578768 0.293499 0.016521 
0.451500 0.463449 0.002974 0.347416 0.317481 0.016834 0.435219 -0.101099 0.072002 0.567017 0.452124 0.004012 0.578603 0.292813 0.017208 
0.451710 0.463555 0.003157 0.347395 0.317654 0.017413 0.435096 -0.101045 0.074539 0.566267 0.453789 0.004295 0.578523 0.292595 0.018127 
0.451636 0.463537 0.003321 0.347379 0.317777 0.017934 0.435038 -0.100810 0.076843 0.566001 0.454378 0.004650 0.578474 0.292530 0.019119 
0.451318 0.463412 0.003470 0.347382 0.317856 0.018408 0.435079 -0.100456 0.078943 0.565975 0.454435 0.005027 0.578441 0.292493 0.020118 
0.450759 0.463177 0.003604 0.347415 0.317976 0.018813 0.435271 -0.100053 0.080803 0.565961 0.454467 0.005378 0.578426 0.292419 0.021046 
0.449959 0.462832 0.003726 0.347477 0.318213 0.019133 0.435594 -0.099621 0.082393 0.565947 0.454497 0.005703 0.578443 0.292378 0.021888 
0.448914 0.462375 0.003836 0.347552 0.318542 0.019378 0.435980 -0.099189 0.083749 0.565933 0.454525 0.006004 0.578472 0.292334 0.022658 
0.447628 0.461809 0.003935 0.347632 0.318922 0.019565 0.436381 -0.098775 0.084917 0.565920 0.454554 0.006283 0.578492 0.292237 0.023374 
0.446113 0.461138 0.004024 0.347716 0.319340 0.019701 0.436797 -0.098376 0.085919 0.565907 0.454582 0.006544 0.578503 0.292079 0.024044 
0.444387 0.460371 0.004104 0.347811 0.319803 0.019787 0.437271 -0.097975 0.086759 0.565893 0.454611 0.006786 0.578515 0.291881 0.024670 
0.439556 0.465663 0.014979 0.347158 0.346716 0.024791 0.438908 -0.098304 0.082850 0.558778 0.474543 0.016078 0.581790 0.313642 0.028414 
0.419680 0.468409 0.020843 0.343182 0.376805 0.027424 0.441747 -0.099946 0.072716 0.555831 0.480322 0.019492 0.582153 0.339695 0.027765 
0.375496 0.467112 0.028075 0.329336 0.415528 0.032866 0.448756 -0.102218 0.055740 0.545891 0.482964 0.017762 0.573397 0.371474 0.022331 
0.328978 0.467529 0.035384 0.421472 -0.103896 0.035008 0.312072 0.444151 0.037872 0.546668 0.465839 0.015957 0.560544 0.409465 0.018600 
0.277134 0.479629 0.057307 0.382728 -0.102902 0.021215 0.288520 0.474958 0.054519 0.544602 0.465725 0.025242 0.561088 0.381570 -0.015401 0.540165 0.484703 0.025175 
0.268400 0.495705 0.073349 0.370048 -0.103196 0.010876 0.277782 0.504410 0.071383 0.543601 0.523029 0.043456 0.569399 0.421301 -0.004332 0.527883 0.516696 0.040597 
0.286551 0.538251 0.088831 0.364179 -0.105542 0.004466 0.282678 0.533394 0.089229 0.548091 0.591299 0.077400 0.572484 0.454925 0.006778 0.524803 0.557356 0.069534 
0.310022 0.592353 0.086997 0.365953 -0.115813 0.005357 0.296039 0.539694 0.082712 0.564922 0.635951 0.097184 0.571780 0.466087 0.005568 0.529251 0.575804 0.082532 
0.314682 0.637164 0.076334 0.366758 -0.126851 0.006000 0.304415 0.539642 0.066998 0.573838 0.683842 0.097310 0.571856 0.477705 0.003886 0.529489 0.578360 0.076906 
0.309404 0.655252 0.054195 0.363199 -0.128142 0.005177 0.309826 0.540631 0.046489 0.579607 0.719544 0.079318 0.575700 0.494513 0.004795 0.529690 0.573934 0.058792 
0.323226 0.705937 0.023776 0.359623 -0.128231 0.005947 0.311158 0.532787 0.015826 0.522550 0.780278 0.036974 0.577455 0.511003 0.003060 0.530694 0.556577 0.026195 
0.325982 0.710639 0.020029 0.365318 -0.130392 0.017347 0.311138 0.542060 0.014492 0.525116 0.779497 0.033688 0.567955 0.505242 -0.018087 0.530456 0.574905 0.025134 
0.332330 0.721433 0.019577 0.375179 -0.127883 0.030738 0.311429 0.550165 0.014729 0.520861 0.782300 0.033339 0.565025 0.507002 -0.026658 0.531114 0.590890 0.027033 
0.335614 0.728141 0.017672 0.388063 -0.126452 0.048727 0.312244 0.553921 0.015345 0.516914 0.785124 0.030892 0.566968 0.511807 -0.026188 0.532095 0.600122 0.028783 
0.336860 0.732412 0.015187 0.400253 -0.127219 0.073393 0.313194 0.552756 0.017254 0.511563 0.788782 0.027317 0.568680 0.512436 -0.023305 0.532419 0.604275 0.030730 
0.337587 0.736060 0.013422 0.413137 -0.127880 0.101117 0.314520 0.550319 0.020738 0.502437 0.794888 0.023469 0.571902 0.511620 -0.018263 0.533031 0.606001 0.033089 
0.337385 0.737953 0.010933 0.425937 -0.126521 0.129933 0.316148 0.547481 0.024643 0.494528 0.800164 0.018582 0.576384 0.511280 -0.011358 0.534076 0.606116 0.035347 
0.335231 0.736066 0.007528 0.435558 -0.121498 0.158592 0.317679 0.545483 0.028795 0.486711 0.805522 0.011687 0.581333 0.512828 -0.002748 0.535290 0.604335 0.036798 
0.334029 0.735621 0.004965 0.442161 -0.113391 0.186653 0.319216 0.544739 0.033552 0.478182 0.811718 0.005255 0.586712 0.516321 0.007065 0.536741 0.602738 0.039023 
0.342107 0.750477 0.004963 0.447593 -0.106216 0.216494 0.320893 0.541981 0.039343 0.475357 0.813418 0.006260 0.588431 0.519812 0.017437 0.537784 0.605742 0.046285 
0.348754 0.762281 0.005342 0.453057 -0.101922 0.249168 0.322850 0.538260 0.046663 0.474059 0.814337 0.007439 0.588012 0.516736 0.025404 0.538558 0.608221 0.053802 
0.353655 0.770751 0.006138 0.458835 -0.097172 0.280477 0.324678 0.536407 0.054347 0.472895 0.815351 0.008576 0.587478 0.512514 0.032148 0.539283 0.611623 0.060635 
0.357740 0.777762 0.006985 0.463915 -0.090536 0.308514 0.326103 0.536779 0.061280 0.471984 0.816301 0.009718 0.586764 0.510239 0.038113 0.539782 0.616497 0.066439 
0.361529 0.784291 0.007702 0.468677 -0.082798 0.334349 0.327306 0.538380 0.067481 0.471356 0.817149 0.010885 0.585743 0.508986 0.043317 0.540102 0.622382 0.071421 
0.365335 0.790955 0.008190 0.473377 -0.074484 0.359000 0.328405 0.540484 0.073116 0.470684 0.818036 0.012004 0.584566 0.507623 0.047886 0.540294 0.628816 0.075752 
0.369244 0.797929 0.008435 0.478092 -0.065708 0.383005 0.329451 0.542823 0.078316 0.469924 0.818972 0.013071 0.583237 0.505812 0.052005 0.540374 0.635617 0.079557 
0.373289 0.805284 0.008449 0.482874 -0.056465 0.406766 0.330479 0.545255 0.083198 0.469084 0.819949 0.014092 0.581765 0.503359 0.055860 0.540354 0.642690 0.082940 
0.380800 0.819847 0.007219 0.487342 -0.047601 0.429969 0.331959 0.545483 0.086517 0.466209 0.821762 0.014529 0.576371 0.500481 0.057658 0.539806 0.650182 0.084937 
0.388055 0.833613 0.006242 0.495368 -0.040076 0.449025 0.334247 0.547987 0.087670 0.462640 0.824212 0.014451 0.572887 0.498795 0.056161 0.540022 0.660138 0.084399 
0.394327 0.845832 0.005545 0.510776 -0.033080 0.461910 0.337400 0.553870 0.085916 0.457149 0.827946 0.013564 0.576212 0.501727 0.051874 0.541506 0.672837 0.081160 
0.400108 0.857731 0.004871 0.533776 -0.025923 0.468992 0.341277 0.562283 0.081334 0.449841 0.832693 0.012028 0.587687 0.509407 0.045619 0.543991 0.687665 0.075787 
0.405849 0.871241 0.004135 0.564743 -0.017505 0.473626 0.346502 0.571198 0.075024 0.443629 0.837027 0.010784 0.600729 0.520373 0.037599 0.546617 0.704657 0.069492 
0.411207 0.886743 0.003457 0.601812 -0.006843 0.478889 0.352848 0.579254 0.068358 0.440505 0.839982 0.010267 0.609898 0.531850 0.028202 0.548481 0.723216 0.063213 
0.415625 0.902629 0.002910 0.643350 0.008021 0.485928 0.358607 0.586684 0.062491 0.439123 0.841914 0.010188 0.617736 0.542889 0.019405 0.549073 0.741748 0.057387 
0.418692 0.915166 0.002184 0.672542 0.025408 0.499300 0.361542 0.593148 0.059859 0.437749 0.843267 0.010239 0.621150 0.548334 0.013749 0.547895 0.756972 0.053015 
0.421011 0.925183 0.001081 0.686687 0.043253 0.520616 0.362825 0.598143 0.060338 0.435746 0.844515 0.010215 0.554332 0.744586 0.070457 
0.423193 0.932789 -0.000511 0.690359 0.062221 0.547657 0.362037 0.602650 0.063140 0.432890 0.845641 0.010092 0.552470 0.753070 0.069554 
0.425296 0.938870 -0.002637 0.685634 0.083269 0.579766 0.360236 0.606989 0.067691 0.429427 0.846823 0.009859 0.550275 0.759989 0.069469 
0.427210 0.945107 -0.005251 0.683535 0.107705 0.613091 0.359082 0.611444 0.072618 0.428217 0.847448 0.010085 0.547880 0.768342 0.068671 
0.428798 0.952158 -0.008603 0.693904 0.137344 0.642090 0.358751 0.617360 0.075969 0.428112 0.847973 0.010450 0.545709 0.778923 0.065892 
0.429405 0.958895 -0.013005 0.713196 0.172192 0.668490 0.428106 0.848673 0.010699 0.543795 0.790495 0.061372 0.348876 0.639112 0.057363 0.457600 0.471252 0.066753 
0.429430 0.964979 -0.018798 0.739887 0.214667 0.694406 0.428978 0.849414 0.010932 0.542212 0.802220 0.055915 0.349442 0.645513 0.061091 0.461019 0.472892 0.077359 
0.430421 0.968149 -0.024956 0.769492 0.259021 0.722873 0.428608 0.850126 0.011223 0.541145 0.808636 0.052897 0.348723 0.650382 0.070239 0.470577 0.469890 0.094193 
0.428718 0.961204 -0.029151 0.779825 0.281715 0.744055 0.427306 0.850387 0.010706 0.543863 0.805177 0.055693 0.349532 0.652674 0.084590 0.473591 0.466716 0.115393 
0.426124 0.955089 -0.031847 0.790321 0.296237 0.748880 0.428251 0.850640 0.010328 0.547683 0.803345 0.056439 0.353603 0.655101 0.095857 0.476323 0.480664 0.122085 
0.423439 0.952371 -0.034302 0.815534 0.310019 0.743756 0.430768 0.850509 0.009909 0.551540 0.803504 0.054818 0.360037 0.656427 0.104076 0.484836 0.492761 0.123903 
0.420354 0.950564 -0.036256 0.851122 0.324396 0.731983 0.433869 0.850622 0.009257 0.555500 0.805159 0.051574 0.368283 0.657305 0.110971 0.495545 0.503309 0.123710 
0.416526 0.949100 -0.037844 0.894903 0.340960 0.715297 0.437095 0.850900 0.008215 0.559914 0.807759 0.047217 0.378839 0.657637 0.117002 0.509286 0.512097 0.122556 
0.411785 0.945543 -0.037777 0.945803 0.360864 0.693233 0.443388 0.849160 0.008843 0.562995 0.811213 0.042631 0.390219 0.657102 0.124050 0.523022 0.520468 0.121571 
0.407498 0.940163 -0.034531 0.401565 0.656337 0.135237 0.448195 0.846501 0.012364 0.565206 0.813451 0.040470 0.997663 0.384953 0.672084 0.534007 0.527143 0.126530 
0.403179 0.934714 -0.029631 0.415702 0.655721 0.148082 0.451022 0.844308 0.016634 0.569409 0.814295 0.040782 1.045242 0.412079 0.655746 0.549660 0.532145 0.134671 
0.399132 0.928480 -0.023671 0.432217 0.655624 0.162019 0.453681 0.842198 0.021112 0.575144 0.814303 0.042359 1.091474 0.441606 0.639414 0.567778 0.537693 0.144112 
0.395696 0.921558 -0.016581 0.450940 0.656728 0.175882 0.457199 0.840419 0.025548 0.582159 0.814465 0.044163 1.137610 0.472734 0.619356 0.587656 0.545186 0.152511 
0.392961 0.913605 -0.008228 0.471854 0.659011 0.189189 0.461950 0.838724 0.029711 0.590085 0.814848 0.045567 1.183869 0.504881 0.592959 0.608209 0.555872 0.158126 
0.391345 0.905101 0.001520 0.495034 0.662745 0.201437 0.467685 0.837419 0.033503 0.598891 0.815727 0.046261 1.229664 0.537865 0.559674 0.628822 0.569569 0.160807 
0.391229 0.894806 0.013416 0.520829 0.667898 0.212611 0.473941 0.836028 0.036965 0.608901 0.816536 0.046302 1.274607 0.571823 0.519465 0.649613 0.585893 0.160691 
0.393438 0.883661 0.027322 0.550548 0.673806 0.221561 0.481560 0.835043 0.039283 0.621320 0.817579 0.045703 1.320388 0.605824 0.470179 0.671852 0.603512 0.157498 
0.603390 1.145801 0.145181 0.584085 0.677977 0.227088 0.400544 0.865957 0.046251 1.363570 0.632080 0.411923 0.694863 0.622586 0.146617 0.074873 1.293888 0.136900 0.304079 1.063734 0.063622 
1.395205 0.654175 0.352977 0.449276 1.261635 -0.123917 0.626843 1.150312 0.104430 0.414665 0.840319 0.069133 0.620493 0.680842 0.229555 0.710160 0.648417 0.130044 0.082543 1.308472 0.114154 0.304659 1.067607 0.069752 
0.630627 1.168102 0.116307 0.436704 0.813957 0.092104 1.422958 0.678445 0.289769 0.083600 1.344915 0.121569 0.302102 1.078857 0.084319 0.658728 0.684830 0.228353 0.724546 0.673371 0.112662 
0.460972 0.804614 0.109141 0.637617 1.184688 0.122530 1.449301 0.705961 0.222392 0.741533 0.693525 0.096611 0.691913 0.696271 0.221991 0.080266 1.381847 0.173361 0.301950 1.091781 0.112365 
0.482852 0.807371 0.119516 0.647582 1.203408 0.132994 1.472705 0.734839 0.150072 0.760105 0.710045 0.080776 0.722797 0.710826 0.211206 0.085333 1.419682 0.237949 0.308777 1.105248 0.145844 
0.753627 0.728493 0.207534 0.498731 0.823080 0.128070 0.662320 1.216501 0.149574 1.484530 0.746590 0.130991 0.102210 1.452774 0.295851 0.324999 1.118064 0.177496 
0.766054 0.745064 0.217307 0.508369 0.843368 0.147684 0.677313 1.221113 0.180173 1.488306 0.747420 0.135021 0.132029 1.472576 0.351220 0.342841 1.132731 0.213963 
0.511841 0.866544 0.173248 0.690359 1.226144 0.207295 1.490635 0.744775 0.120346 0.177428 1.473741 0.409986 0.356433 1.155421 0.249556 0.773582 0.762203 0.123438 0.765526 0.764374 0.236668 
0.514698 0.893532 0.195451 0.706302 1.239467 0.229238 1.493384 0.745668 0.095313 0.224374 1.494951 0.457946 0.372758 1.184150 0.280491 0.780679 0.768333 0.141399 0.765250 0.785583 0.259866 
0.390058 1.217592 0.307802 0.520573 0.919617 0.234073 0.721954 1.261329 0.247771 0.787260 0.779894 0.185659 0.728393 0.811645 0.238568 0.757596 0.807892 0.199934 
0.400690 1.253477 0.346189 0.735745 1.288687 0.259814 0.796361 0.793798 0.234823 0.772065 0.818666 0.254668 0.538421 0.924592 0.297678 0.741322 0.825301 0.291153 
0.756142 1.311730 0.325331 0.403762 1.302046 0.247099 0.410682 1.292047 0.372654 0.807783 0.811403 0.289540 0.575674 0.925356 0.255312 0.606941 0.910093 0.236251 0.799445 0.832757 0.298448 
0.769920 1.337996 0.334948 0.624240 0.917924 0.301605 0.584292 0.937574 0.313862 0.816750 0.851531 0.349906 0.414822 1.326215 0.274167 0.423930 1.328820 0.406714 1.497820 0.760643 0.142160 0.790773 0.825616 0.202881 
0.330601 1.727535 0.484573 0.783172 1.360294 0.349768 0.594102 0.955277 0.371596 1.496792 0.764318 0.159817 0.793882 0.841077 0.248882 0.644389 0.931416 0.362270 0.833398 0.873291 0.396717 0.427740 1.350463 0.287637 0.438034 1.365102 0.432981 
0.338584 1.752810 0.467742 0.789161 1.378005 0.344547 0.604077 0.971288 0.418886 1.494823 0.767267 0.171150 0.797398 0.856142 0.285428 0.666138 0.944294 0.413035 0.849670 0.892583 0.432829 0.432883 1.374502 0.276934 0.447739 1.396039 0.445240 
0.773207 0.929944 0.368691 0.346425 1.781350 0.459551 0.796135 1.395256 0.344139 0.433291 1.394353 0.285454 1.494857 0.771859 0.183976 0.800225 0.869450 0.309012 0.614119 0.985449 0.456019 0.457127 1.420248 0.457967 
0.788341 0.932298 0.389327 0.348499 1.802778 0.451934 0.801685 1.407985 0.344782 0.433813 1.405576 0.297948 0.475641 1.397477 0.415800 1.497764 0.778770 0.192424 0.804972 0.878741 0.324977 
0.802442 0.931161 0.400209 0.346529 1.814536 0.444362 0.805324 1.415822 0.342842 0.433231 1.411318 0.303886 0.478242 1.404750 0.421894 1.503039 0.786182 0.194191 0.811839 0.882813 0.332473 
0.816001 0.926595 0.407826 0.342643 1.820806 0.437158 0.807810 1.419949 0.340735 0.434002 1.411887 0.307664 0.478773 1.408575 0.426579 1.508737 0.791757 0.194251 0.819822 0.882309 0.337485 
0.826849 0.921062 0.412383 0.339056 1.822651 0.432414 0.808799 1.421165 0.338987 0.434830 1.410280 0.309034 0.478402 1.409924 0.429653 1.512341 0.794776 0.193129 0.825354 0.880886 0.340230 
0.837573 0.913694 0.415024 0.335010 1.823338 0.428110 0.808816 1.421501 0.336604 0.434386 1.408469 0.309384 0.476911 1.410545 0.431966 1.514676 0.796658 0.189548 0.829969 0.878006 0.340409 
0.846141 0.906678 0.415267 0.330293 1.823400 0.423307 0.808132 1.421160 0.334053 0.433645 1.406071 0.309560 0.474854 1.410038 0.432767 1.515978 0.797828 0.185240 0.833191 0.875389 0.339479 
0.855555 0.898423 0.414505 0.324852 1.823753 0.417430 0.807178 1.420766 0.330460 0.431979 1.403720 0.309645 0.472246 1.409267 0.433215 1.517045 0.798725 0.178710 0.836862 0.871213 0.336639 
0.863549 0.890768 0.412325 0.319118 1.823789 0.411150 0.806026 1.420076 0.326974 0.430536 1.400877 0.309818 0.469553 1.407695 0.432625 1.517852 0.799537 0.172629 0.839905 0.867540 0.333698 
0.872415 0.882367 0.409765 0.313053 1.823847 0.404514 0.804710 1.419319 0.323115 0.428456 1.398077 0.310164 0.466575 1.405999 0.432231 1.518567 0.800281 0.165441 0.843274 0.862753 0.329305 
1.519024 0.801071 0.159008 0.307028 1.823473 0.397894 0.803209 1.418398 0.319565 0.426695 1.395005 0.310488 0.463633 1.403838 0.431109 0.880084 0.874767 0.406422 0.845997 0.858774 0.325292 
1.519528 0.801938 0.152030 0.300682 1.823181 0.390866 0.801598 1.417477 0.315772 0.424367 1.391986 0.311029 0.460447 1.401598 0.430195 0.888532 0.866683 0.402872 0.849090 0.853881 0.320101 
1.519818 0.802862 0.145945 0.294427 1.822564 0.383766 0.799844 1.416463 0.312270 0.422330 1.388817 0.311473 0.457308 1.399037 0.428611 0.895876 0.859395 0.398793 0.851565 0.849824 0.315439 
1.520110 0.803868 0.139361 0.287925 1.822099 0.376230 0.797987 1.415505 0.308528 0.419734 1.385790 0.312167 0.453962 1.396468 0.427208 0.903894 0.851769 0.394539 0.854368 0.844987 0.309683 
1.520165 0.804883 0.133970 0.281499 1.820363 0.368127 0.795821 1.414039 0.304419 0.418437 1.381883 0.309920 0.450828 1.393489 0.424349 0.910834 0.845361 0.390278 0.856593 0.841782 0.306108 
1.520360 0.805193 0.127712 0.794320 1.411843 0.299995 0.418967 1.376742 0.308790 0.449096 1.390128 0.423219 0.918970 0.839683 0.387499 0.859464 0.838899 0.303857 
1.520088 0.805252 0.119303 0.793578 1.410019 0.295946 0.419789 1.373072 0.307547 0.449090 1.387633 0.423246 0.928157 0.834410 0.384660 0.862264 0.836542 0.301312 
1.520546 0.805494 0.116739 0.938187 0.828898 0.401963 0.792839 1.408216 0.293680 0.420300 1.369751 0.306032 0.449435 1.385192 0.423558 
1.520631 0.805652 0.115067 0.945954 0.824138 0.402664 0.792009 1.406903 0.291666 0.420248 1.367231 0.304553 0.449399 1.383369 0.423713 
1.520608 0.805684 0.113321 0.954526 0.819186 0.403537 0.791143 1.405420 0.289468 0.420679 1.364284 0.303780 0.449795 1.381251 0.424057 
1.520817 0.805955 0.111586 0.962458 0.814861 0.404112 0.790379 1.404140 0.287375 0.420817 1.361699 0.302474 0.450014 1.379327 0.424172 
1.520825 0.806024 0.109855 0.971117 0.810303 0.404808 0.789552 1.402647 0.285164 0.421325 1.358767 0.301741 0.450702 1.377086 0.424440 
1.521040 0.806297 0.108069 0.979106 0.806325 0.405204 0.788826 1.401347 0.283028 0.421562 1.356176 0.300496 0.451196 1.375044 0.424470 
1.521072 0.806395 0.106357 0.987815 0.802134 0.405696 0.788033 1.399826 0.280809 0.422154 1.353242 0.299793 0.452168 1.372674 0.424644 
1.521293 0.806695 0.104598 0.995821 0.798509 0.405933 0.787329 1.398505 0.278691 0.422482 1.350652 0.298529 0.452914 1.370543 0.424618 
1.521303 0.806795 0.102885 1.004513 0.794686 0.406237 0.786559 1.396974 0.276462 0.423117 1.347769 0.297857 0.454157 1.368095 0.424703 
1.521513 0.807108 0.101103 1.012513 0.791396 0.406307 0.785884 1.395662 0.274297 0.423468 1.345226 0.296649 0.455155 1.365892 0.424583 
1.521513 0.807216 0.099392 1.021170 0.787933 0.406430 0.785134 1.394113 0.272049 0.424167 1.342361 0.296040 0.456656 1.363364 0.424575 
1.521727 0.807550 0.097582 1.029131 0.784987 0.406342 0.784487 1.392782 0.269869 0.424618 1.339817 0.294846 0.457895 1.361096 0.424378 
1.521734 0.807679 0.095878 1.037751 0.781877 0.406299 0.783769 1.391223 0.267612 0.425368 1.336988 0.294268 0.459661 1.358512 0.424283 
0.782397 1.390465 0.255565 1.521941 0.808014 0.094050 1.045657 0.779255 0.406070 0.425912 1.334458 0.293135 0.461149 1.356196 0.423999 
0.781978 1.388801 0.253543 1.522458 0.808382 0.092889 1.054736 0.776359 0.405785 0.427071 1.331373 0.292643 0.463479 1.353279 0.423828 
0.781616 1.387277 0.251687 1.523051 0.808817 0.091830 1.063090 0.773841 0.405394 0.465629 1.350559 0.433747 0.428185 1.328214 0.308548 
0.781293 1.385539 0.249720 1.523740 0.809307 0.090636 1.072421 0.771140 0.404745 0.468253 1.347405 0.433364 0.429236 1.325070 0.307514 
0.780951 1.384026 0.247847 1.524333 0.809753 0.089556 1.080593 0.769011 0.404278 0.470545 1.344705 0.432965 0.430105 1.322325 0.306447 
0.780655 1.382288 0.245868 1.525009 0.810247 0.088360 1.089836 0.766654 0.403483 0.473435 1.341546 0.432470 0.431197 1.319230 0.305448 
1.525563 0.810699 0.087201 1.097868 0.764845 0.402878 0.780331 1.380834 0.243894 0.431996 1.316603 0.304467 0.475912 1.338892 0.431937 
1.526197 0.811172 0.086020 1.106931 0.762829 0.401968 0.780059 1.379125 0.241893 0.433090 1.313605 0.303649 0.479035 1.335778 0.431336 
1.526747 0.811626 0.084853 1.114848 0.761296 0.401228 0.779762 1.377657 0.239920 0.433941 1.311003 0.302657 0.481746 1.333121 0.430683 
1.527388 0.812121 0.083445 1.124650 0.759373 0.399963 0.779530 1.375909 0.237685 0.434929 1.307996 0.301756 0.485481 1.329829 0.429832 
1.528013 0.812617 0.082310 1.132956 0.758033 0.399049 0.779258 1.374246 0.235673 0.436096 1.305115 0.300815 0.488667 1.326919 0.429025 
1.528675 0.813144 0.080883 1.142499 0.756535 0.397718 0.779031 1.372449 0.233404 0.437191 1.302070 0.299744 0.492618 1.323651 0.427998 
1.529283 0.813638 0.079756 1.150636 0.755484 0.396689 0.778782 1.370771 0.231390 0.438425 1.299219 0.298821 0.496052 1.320768 0.427035 
0.439542 1.296226 0.297731 0.500251 1.317563 0.425835 0.778584 1.368977 0.229100 1.529947 0.814181 0.078306 1.159934 0.754350 0.395260 
0.440767 1.293460 0.296868 0.503851 1.314761 0.424688 0.778362 1.367326 0.227041 1.530539 0.814676 0.077162 1.167757 0.753599 0.394147 
0.441870 1.290559 0.295852 0.508275 1.311663 0.423318 0.778188 1.365556 0.224729 1.531174 0.815214 0.075696 1.176749 0.752806 0.392660 
0.443134 1.287842 0.294974 0.512070 1.308933 0.422011 0.777994 1.363904 0.222675 1.531762 0.815715 0.074556 1.184303 0.752333 0.391500 
0.444248 1.285005 0.293933 0.516722 1.305946 0.420467 0.777867 1.362156 0.220399 1.532431 0.816269 0.073251 1.193005 0.751873 0.390065 
0.445545 1.282345 0.293055 0.520699 1.303310 0.419005 0.777718 1.360519 0.218404 1.533056 0.816783 0.072289 1.200274 0.751667 0.388965 
0.446669 1.279571 0.292009 0.525568 1.300452 0.417307 0.777641 1.358797 0.216161 1.533770 0.817368 0.071097 1.208682 0.751541 0.387618 
0.448000 1.276958 0.291126 0.529727 1.297916 0.415690 0.777522 1.357166 0.214167 1.534404 0.817898 0.070124 1.215678 0.751599 0.386542 
0.449047 1.274265 0.290099 0.534434 1.295196 0.413793 0.195089 1.758728 0.135020 0.777491 1.355456 0.211908 1.535123 0.818471 0.068956 1.223337 0.751711 0.385207 
0.450545 1.271738 0.289609 0.535609 1.292892 0.411993 0.194680 1.756509 0.128899 0.777291 1.353830 0.210161 1.535737 0.818983 0.068333 1.226189 0.751668 0.384143 
0.452123 1.269187 0.288676 0.534756 1.290676 0.409861 0.194377 1.754327 0.122223 0.777003 1.352392 0.208051 1.536614 0.819811 0.067097 1.226497 0.751654 0.383000 
0.453363 1.266944 0.287850 0.533558 1.288625 0.407754 0.194184 1.752455 0.116099 0.776606 1.351068 0.206073 1.537143 0.820377 0.065810 1.226106 0.751393 0.381759 
0.454446 1.264577 0.286880 0.532088 1.286334 0.405314 0.194139 1.750570 0.109272 0.776172 1.349640 0.203899 1.537692 0.820964 0.064362 1.225413 0.750976 0.380203 
0.455788 1.262236 0.285976 0.530662 1.284077 0.402959 0.194128 1.748615 0.103265 0.775800 1.348223 0.201996 1.538303 0.821543 0.063218 1.224702 0.750492 0.378651 
0.457024 1.259759 0.284747 0.529300 1.281603 0.400310 0.194251 1.746650 0.096760 0.775482 1.346753 0.199861 1.539070 0.822271 0.061817 1.224223 0.749974 0.376795 
0.458410 1.257398 0.283793 0.528467 1.279235 0.397848 0.194427 1.744732 0.090769 0.775203 1.345295 0.197929 1.539714 0.822882 0.060676 1.224339 0.749456 0.375028 
0.459657 1.254937 0.282556 0.527617 1.276734 0.395216 0.194760 1.742839 0.084267 0.774961 1.343796 0.195776 1.540481 0.823613 0.059321 1.224534 0.748986 0.373157 
0.461040 1.252636 0.281599 0.526824 1.274416 0.392791 0.195121 1.740986 0.078330 0.774704 1.342347 0.193837 1.541116 0.824223 0.058201 1.224655 0.748526 0.371479 
0.462273 1.250238 0.280362 0.526015 1.271943 0.390139 0.195663 1.739181 0.071861 0.774494 1.340866 0.191676 1.541876 0.824960 0.056860 1.224854 0.748075 0.369617 
0.463636 1.247995 0.279398 0.525254 1.269642 0.387685 0.196211 1.737405 0.065967 0.774266 1.339433 0.189727 1.542502 0.825575 0.055745 1.224974 0.747623 0.367928 
0.464839 1.245653 0.278144 0.524475 1.267184 0.384995 0.196956 1.735695 0.059542 0.774087 1.337969 0.187551 1.543254 0.826318 0.054403 1.225169 0.747176 0.366044 
0.466186 1.243462 0.277169 0.523744 1.264896 0.382502 0.197684 1.734000 0.053703 0.773887 1.336548 0.185592 1.543871 0.826935 0.053291 1.225284 0.746724 0.364333 
0.467360 1.241177 0.275900 0.522997 1.262455 0.379771 0.198627 1.732390 0.047329 0.773739 1.335103 0.183403 1.544615 0.827683 0.051954 1.225475 0.746281 0.362428 
0.468686 1.239040 0.274915 0.522298 1.260185 0.377243 0.199534 1.730783 0.041549 0.773569 1.333697 0.181437 1.545225 0.828304 0.050854 1.225588 0.745833 0.360700 
0.469828 1.236810 0.273630 0.521586 1.257765 0.374475 0.200675 1.729279 0.035229 0.773453 1.332273 0.179237 1.545962 0.829058 0.049524 1.225778 0.745396 0.358777 
