0.015285 -0.045050 0.004634 0.205948 -0.149164 0.003410 -0.050321 -0.166456 0.005316 0.138289 -0.267957 0.004102 
0.015282 -0.045051 0.004666 0.205946 -0.149165 0.003559 -0.050325 -0.166457 0.005285 0.138286 -0.267957 0.004187 
0.015278 -0.045051 0.004691 0.205943 -0.149166 0.003691 -0.050329 -0.166457 0.005253 0.138283 -0.267958 0.004261 
0.015275 -0.045052 0.004709 0.205940 -0.149166 0.003811 -0.050332 -0.166458 0.005218 0.138280 -0.267958 0.004328 
0.015272 -0.045052 0.004724 0.205938 -0.149166 0.003921 -0.050336 -0.166459 0.005184 0.138277 -0.267959 0.004389 
0.015269 -0.045053 0.004738 0.205935 -0.149167 0.004021 -0.050338 -0.166459 0.005156 0.138275 -0.267959 0.004445 
0.015267 -0.045053 0.004753 0.205934 -0.149167 0.004110 -0.050341 -0.166460 0.005135 0.138273 -0.267960 0.004497 
0.015322 -0.045012 0.004758 0.205944 -0.149209 0.004197 -0.050339 -0.166390 0.005116 0.138231 -0.267972 0.004559 
0.015322 -0.045010 0.004770 0.205943 -0.149207 0.004267 -0.050339 -0.166387 0.005184 0.138231 -0.267970 0.004684 
0.015328 -0.044996 0.004778 0.205949 -0.149194 0.004329 -0.050332 -0.166372 0.005604 0.138237 -0.267955 0.005153 
0.015373 -0.044913 0.004809 0.205958 -0.149177 0.004388 -0.050326 -0.166263 0.006194 0.138208 -0.267911 0.005765 
0.015375 -0.044907 0.004818 0.205960 -0.149171 0.004437 -0.050323 -0.166255 0.006385 0.138211 -0.267904 0.005995 
0.015375 -0.044905 0.004824 0.205960 -0.149169 0.004483 -0.050323 -0.166253 0.006434 0.138211 -0.267901 0.006082 
0.015370 -0.044910 0.004827 0.205956 -0.149173 0.004530 -0.050328 -0.166260 0.006269 0.138206 -0.267907 0.005962 
0.015367 -0.044916 0.004830 0.205953 -0.149178 0.004571 -0.050332 -0.166266 0.006116 0.138203 -0.267913 0.005849 
0.015861 -0.044967 0.005567 0.206505 -0.149119 0.004611 -0.049753 -0.166345 0.008043 0.138838 -0.267884 0.007077 
0.031356 -0.033697 0.004878 0.216872 -0.146733 0.004644 -0.039930 -0.151850 0.006293 0.143660 -0.262179 0.006049 
0.034318 -0.030520 0.004898 0.218685 -0.145422 0.004682 -0.038152 -0.147942 0.006877 0.144315 -0.260118 0.006645 
0.256917 0.203556 0.026864 -0.037548 -0.141126 0.007048 0.142819 -0.256645 0.006105 0.219292 -0.143332 0.004725 0.069239 0.286960 0.087678 0.012927 0.160985 0.085808 
0.254667 0.206828 0.040087 -0.037595 -0.138758 0.006182 0.141709 -0.255923 0.005977 0.219220 -0.143316 0.004743 0.065134 0.301095 0.072778 0.003657 0.177558 0.070993 
0.255936 0.202537 0.046545 -0.037604 -0.138769 0.005842 0.141701 -0.255934 0.005666 0.219213 -0.143325 0.004761 0.066966 0.302416 0.060405 0.002635 0.180333 0.059313 
0.259816 0.196371 0.047053 -0.037615 -0.138783 0.005423 0.141690 -0.255947 0.005339 0.219203 -0.143335 0.004842 0.071439 0.298065 0.054143 0.006081 0.176525 0.053575 
0.264867 0.190344 0.047915 -0.037626 -0.138796 0.005018 0.141680 -0.255960 0.005018 0.219193 -0.143347 0.004953 0.076855 0.292912 0.050923 0.010976 0.171652 0.050652 
0.267756 0.186469 0.048124 -0.037626 -0.138797 0.005007 0.141680 -0.255960 0.005006 0.219193 -0.143348 0.004955 0.080017 0.289571 0.049488 0.013802 0.168495 0.049613 
0.268661 0.184688 0.047854 -0.037647 -0.138714 0.004961 0.141664 -0.255869 0.005015 0.219172 -0.143253 0.004946 0.081128 0.288164 0.049072 0.014674 0.167219 0.049600 
0.269370 0.184232 0.047678 -0.038028 -0.138701 0.005497 0.141213 -0.255961 0.004662 0.218784 -0.143390 0.004056 0.081914 0.287848 0.049021 0.015373 0.166952 0.049780 
0.270158 0.184292 0.047877 -0.038035 -0.138677 0.005458 0.141188 -0.255965 0.004686 0.218777 -0.143406 0.004118 0.082741 0.287976 0.049312 0.016156 0.167105 0.050103 
0.270355 0.184733 0.048027 -0.038038 -0.138677 0.005409 0.141185 -0.255965 0.004717 0.218775 -0.143407 0.004195 0.082807 0.288178 0.049589 0.016376 0.167222 0.050333 
0.270460 0.185354 0.048293 -0.038040 -0.138677 0.005365 0.141183 -0.255965 0.004744 0.218773 -0.143407 0.004266 0.082743 0.288490 0.049995 0.016510 0.167425 0.050633 
0.270483 0.185963 0.048596 -0.038042 -0.138677 0.005326 0.141181 -0.255966 0.004770 0.218771 -0.143408 0.004329 0.082548 0.288701 0.050408 0.016571 0.167495 0.050940 
0.270469 0.186323 0.048855 -0.038044 -0.138677 0.005292 0.141179 -0.255966 0.004792 0.218770 -0.143408 0.004387 0.082313 0.288655 0.050733 0.016597 0.167307 0.051201 
0.270473 0.186621 0.049093 -0.038046 -0.138678 0.005262 0.141177 -0.255966 0.004813 0.218768 -0.143408 0.004439 0.082127 0.288602 0.050988 0.016637 0.167132 0.051402 
0.270549 0.186808 0.049311 -0.038047 -0.138679 0.005235 0.141176 -0.255967 0.004832 0.218767 -0.143408 0.004486 0.082061 0.288527 0.051157 0.016740 0.166967 0.051524 
0.270730 0.186814 0.049491 -0.038049 -0.138679 0.005214 0.141175 -0.255967 0.004850 0.218766 -0.143408 0.004528 0.082165 0.288391 0.051211 0.016935 0.166782 0.051551 
0.270968 0.186666 0.049619 -0.038050 -0.138680 0.005194 0.141174 -0.255967 0.004866 0.218765 -0.143409 0.004567 0.082386 0.288213 0.051160 0.017175 0.166593 0.051487 
0.271244 0.186481 0.049750 -0.038051 -0.138680 0.005171 0.141173 -0.255967 0.004878 0.218764 -0.143409 0.004603 0.082652 0.288013 0.051083 0.017451 0.166387 0.051399 
0.271372 0.186293 0.049801 -0.038052 -0.138681 0.005150 0.141172 -0.255968 0.004890 0.218763 -0.143409 0.004636 0.082794 0.287856 0.050974 0.017574 0.166241 0.051294 
0.271293 0.186123 0.049752 -0.038053 -0.138681 0.005131 0.141171 -0.255968 0.004900 0.218762 -0.143409 0.004666 0.082762 0.287772 0.050838 0.017486 0.166187 0.051181 
0.271187 0.185954 0.049684 -0.038054 -0.138681 0.005113 0.141170 -0.255968 0.004909 0.218761 -0.143409 0.004694 0.082707 0.287698 0.050697 0.017369 0.166146 0.051067 
0.271093 0.185800 0.049623 -0.038055 -0.138681 0.005096 0.141169 -0.255968 0.004917 0.218760 -0.143410 0.004718 0.082661 0.287634 0.050569 0.017266 0.166113 0.050962 
0.271026 0.185680 0.049583 -0.038056 -0.138681 0.005082 0.141169 -0.255968 0.004924 0.218759 -0.143410 0.004741 0.082636 0.287592 0.050472 0.017190 0.166098 0.050878 
0.271000 0.185616 0.049582 -0.038057 -0.138681 0.005068 0.141168 -0.255968 0.004931 0.218759 -0.143410 0.004761 0.082639 0.287580 0.050417 0.017159 0.166105 0.050823 
0.271021 0.185616 0.049625 -0.038057 -0.138681 0.005056 0.141167 -0.255969 0.004937 0.218758 -0.143410 0.004779 0.082669 0.287601 0.050410 0.017177 0.166132 0.050799 
0.271047 0.185634 0.049677 -0.038058 -0.138682 0.005044 0.141167 -0.255969 0.004942 0.218758 -0.143410 0.004796 0.082698 0.287624 0.050418 0.017202 0.166157 0.050787 
0.271056 0.185640 0.049715 -0.038058 -0.138682 0.005035 0.141166 -0.255969 0.004947 0.218757 -0.143410 0.004811 0.082708 0.287632 0.050422 0.017211 0.166166 0.050777 
0.271063 0.185645 0.049740 -0.038059 -0.138682 0.005032 0.141166 -0.255969 0.004954 0.218757 -0.143410 0.004822 0.082716 0.287638 0.050423 0.017218 0.166173 0.050770 
0.271065 0.185695 0.049751 -0.038170 -0.138724 0.005258 0.141077 -0.255977 0.004798 0.218645 -0.143403 0.004440 0.082699 0.287654 0.050420 0.017223 0.166177 0.050756 
0.271050 0.185699 0.049789 -0.038175 -0.138729 0.005251 0.141075 -0.255977 0.004803 0.218640 -0.143401 0.004450 0.082683 0.287655 0.050435 0.017209 0.166177 0.050761 
0.271035 0.185697 0.049862 -0.038177 -0.138729 0.005220 0.141073 -0.255977 0.004822 0.218639 -0.143401 0.004498 0.082668 0.287653 0.050461 0.017193 0.166175 0.050762 
0.271022 0.185693 0.049937 -0.038178 -0.138730 0.005193 0.141072 -0.255977 0.004838 0.218638 -0.143401 0.004541 0.082655 0.287649 0.050487 0.017180 0.166171 0.050764 
0.271010 0.185690 0.050006 -0.038179 -0.138730 0.005169 0.141071 -0.255977 0.004853 0.218637 -0.143402 0.004581 0.082643 0.287647 0.050514 0.017168 0.166169 0.050768 
0.270999 0.185688 0.050068 -0.038181 -0.138730 0.005147 0.141070 -0.255978 0.004866 0.218635 -0.143402 0.004616 0.082631 0.287645 0.050538 0.017156 0.166166 0.050772 
0.270989 0.185686 0.050124 -0.038182 -0.138730 0.005127 0.141069 -0.255978 0.004878 0.218634 -0.143402 0.004648 0.082621 0.287643 0.050559 0.017146 0.166164 0.050776 
0.270979 0.185684 0.050174 -0.038183 -0.138730 0.005109 0.141068 -0.255978 0.004889 0.218634 -0.143402 0.004678 0.082612 0.287641 0.050579 0.017137 0.166163 0.050779 
0.270971 0.185683 0.050220 -0.038184 -0.138731 0.005093 0.141067 -0.255978 0.004899 0.218633 -0.143402 0.004704 0.082603 0.287639 0.050597 0.017128 0.166161 0.050782 
0.270963 0.185681 0.050261 -0.038184 -0.138731 0.005078 0.141066 -0.255978 0.004908 0.218632 -0.143403 0.004728 0.082596 0.287638 0.050613 0.017120 0.166159 0.050784 
0.270958 0.185679 0.050299 -0.038185 -0.138731 0.005065 0.141065 -0.255979 0.004916 0.218631 -0.143403 0.004749 0.082590 0.287636 0.050627 0.017114 0.166157 0.050787 
0.270956 0.185675 0.050334 -0.038186 -0.138731 0.005053 0.141065 -0.255979 0.004923 0.218631 -0.143403 0.004769 0.082588 0.287631 0.050639 0.017113 0.166153 0.050787 
0.270963 0.185666 0.050368 -0.038186 -0.138731 0.005042 0.141064 -0.255979 0.004930 0.218630 -0.143403 0.004787 0.082594 0.287622 0.050647 0.017120 0.166143 0.050786 
0.270984 0.185695 0.050388 -0.038358 -0.138828 0.005313 0.140902 -0.256059 0.004685 0.218456 -0.143476 0.004169 0.082588 0.287600 0.050634 0.017146 0.166104 0.050759 
0.271006 0.185710 0.050441 -0.038361 -0.138828 0.005283 0.140900 -0.256059 0.004716 0.218454 -0.143476 0.004242 0.082596 0.287589 0.050654 0.017171 0.166083 0.050755 
0.270985 0.185705 0.050543 -0.038363 -0.138829 0.005254 0.140898 -0.256060 0.004745 0.218453 -0.143477 0.004308 0.082576 0.287585 0.050713 0.017150 0.166081 0.050783 
0.270969 0.185699 0.050653 -0.038365 -0.138829 0.005225 0.140896 -0.256060 0.004768 0.218451 -0.143477 0.004369 0.082559 0.287580 0.050765 0.017133 0.166075 0.050801 
0.270962 0.185689 0.050756 -0.038367 -0.138830 0.005197 0.140894 -0.256061 0.004789 0.218449 -0.143478 0.004425 0.082552 0.287569 0.050810 0.017127 0.166064 0.050814 
0.270967 0.185672 0.050852 -0.038368 -0.138830 0.005172 0.140893 -0.256061 0.004808 0.218448 -0.143478 0.004475 0.082557 0.287551 0.050847 0.017132 0.166046 0.050823 
0.270984 0.185650 0.050943 -0.038370 -0.138830 0.005149 0.140892 -0.256061 0.004825 0.218447 -0.143478 0.004521 0.082573 0.287527 0.050877 0.017149 0.166021 0.050828 
0.271012 0.185621 0.051027 -0.038371 -0.138831 0.005129 0.140890 -0.256062 0.004841 0.218446 -0.143479 0.004562 0.082600 0.287496 0.050900 0.017177 0.165990 0.050829 
0.271049 0.185588 0.051107 -0.038372 -0.138831 0.005110 0.140889 -0.256062 0.004855 0.218445 -0.143479 0.004600 0.082636 0.287461 0.050917 0.017215 0.165953 0.050826 
0.271092 0.185553 0.051181 -0.038373 -0.138831 0.005093 0.140888 -0.256062 0.004868 0.218444 -0.143479 0.004634 0.082677 0.287422 0.050930 0.017258 0.165914 0.050822 
0.271138 0.185520 0.051252 -0.038374 -0.138832 0.005078 0.140887 -0.256062 0.004879 0.218443 -0.143479 0.004665 0.082720 0.287385 0.050940 0.017304 0.165875 0.050816 
0.271183 0.185497 0.051320 -0.038375 -0.138832 0.005064 0.140887 -0.256063 0.004890 0.218442 -0.143480 0.004692 0.082761 0.287354 0.050951 0.017350 0.165840 0.050810 
0.271226 0.185483 0.051385 -0.038376 -0.138832 0.005052 0.140886 -0.256063 0.004899 0.218441 -0.143480 0.004718 0.082797 0.287328 0.050963 0.017394 0.165811 0.050807 
0.271260 0.185504 0.051454 -0.038373 -0.138857 0.005036 0.140892 -0.256083 0.004955 0.218444 -0.143498 0.004738 0.082823 0.287334 0.050991 0.017430 0.165811 0.050817 
0.271344 0.185567 0.051505 -0.038651 -0.138893 0.005438 0.140609 -0.256122 0.004574 0.218162 -0.143538 0.003959 0.082862 0.287312 0.051003 0.017524 0.165761 0.050800 
0.271346 0.185620 0.051614 -0.038655 -0.138894 0.005388 0.140607 -0.256122 0.004614 0.218159 -0.143539 0.004052 0.082845 0.287329 0.051079 0.017530 0.165765 0.050845 
0.271320 0.185624 0.051723 -0.038657 -0.138894 0.005346 0.140604 -0.256123 0.004651 0.218157 -0.143539 0.004137 0.082818 0.287331 0.051156 0.017504 0.165766 0.050889 
0.271294 0.185621 0.051852 -0.038660 -0.138895 0.005309 0.140602 -0.256123 0.004683 0.218155 -0.143539 0.004214 0.082794 0.287331 0.051236 0.017478 0.165767 0.050928 
0.271273 0.185617 0.051973 -0.038662 -0.138895 0.005273 0.140600 -0.256124 0.004712 0.218153 -0.143540 0.004284 0.082773 0.287328 0.051294 0.017457 0.165764 0.050948 
0.271253 0.185614 0.052082 -0.038664 -0.138896 0.005241 0.140598 -0.256124 0.004738 0.218151 -0.143540 0.004348 0.082753 0.287325 0.051341 0.017437 0.165761 0.050961 
0.271228 0.185618 0.052184 -0.038666 -0.138896 0.005211 0.140596 -0.256125 0.004762 0.218150 -0.143540 0.004406 0.082727 0.287325 0.051389 0.017414 0.165760 0.050977 
0.271208 0.185621 0.052280 -0.038668 -0.138896 0.005184 0.140595 -0.256125 0.004783 0.218148 -0.143541 0.004459 0.082706 0.287325 0.051435 0.017394 0.165759 0.050995 
0.271204 0.185620 0.052372 -0.038669 -0.138897 0.005159 0.140593 -0.256125 0.004802 0.218147 -0.143541 0.004507 0.082700 0.287322 0.051477 0.017391 0.165755 0.051010 
0.271212 0.185615 0.052459 -0.038671 -0.138897 0.005137 0.140592 -0.256125 0.004820 0.218146 -0.143541 0.004550 0.082707 0.287314 0.051513 0.017399 0.165746 0.051020 
0.271224 0.185607 0.052539 -0.038672 -0.138897 0.005117 0.140591 -0.256126 0.004836 0.218145 -0.143542 0.004589 0.082715 0.287299 0.051541 0.017412 0.165729 0.051027 
0.271242 0.185597 0.052615 -0.038673 -0.138897 0.005099 0.140590 -0.256126 0.004850 0.218144 -0.143542 0.004624 0.082729 0.287280 0.051566 0.017432 0.165707 0.051032 
0.271267 0.185584 0.052687 -0.038674 -0.138898 0.005082 0.140589 -0.256126 0.004863 0.218143 -0.143542 0.004656 0.082750 0.287259 0.051586 0.017459 0.165682 0.051035 
0.271298 0.185571 0.052755 -0.038675 -0.138898 0.005067 0.140588 -0.256126 0.004875 0.218142 -0.143542 0.004685 0.082775 0.287235 0.051603 0.017490 0.165656 0.051036 
0.271330 0.185558 0.052819 -0.038676 -0.138898 0.005054 0.140587 -0.256126 0.004885 0.218141 -0.143542 0.004711 0.082802 0.287212 0.051618 0.017524 0.165629 0.051036 
0.271362 0.185545 0.052878 -0.038676 -0.138898 0.005042 0.140587 -0.256126 0.004895 0.218141 -0.143542 0.004735 0.082829 0.287189 0.051631 0.017558 0.165602 0.051036 
0.271411 0.185539 0.052935 -0.038777 -0.139099 0.005156 0.140488 -0.256323 0.005068 0.218039 -0.143738 0.004631 0.082874 0.287175 0.051648 0.017608 0.165585 0.051040 
0.271720 0.185636 0.052963 -0.038931 -0.139123 0.005365 0.140201 -0.256551 0.004886 0.217877 -0.144054 0.004007 0.083209 0.287322 0.051678 0.017912 0.165749 0.051036 
0.271792 0.185643 0.053012 -0.038934 -0.139125 0.005325 0.140198 -0.256552 0.004896 0.217875 -0.144055 0.004097 0.083298 0.287359 0.051704 0.017981 0.165797 0.051047 
0.271752 0.185606 0.053066 -0.038937 -0.139127 0.005289 0.140196 -0.256554 0.004906 0.217873 -0.144057 0.004178 0.083259 0.287323 0.051724 0.017942 0.165761 0.051057 
0.271720 0.185575 0.053139 -0.038939 -0.139128 0.005256 0.140194 -0.256555 0.004914 0.217871 -0.144058 0.004251 0.083227 0.287292 0.051753 0.017910 0.165730 0.051069 
0.271695 0.185549 0.053232 -0.038941 -0.139130 0.005226 0.140192 -0.256557 0.004921 0.217869 -0.144059 0.004318 0.083202 0.287266 0.051804 0.017886 0.165704 0.051094 
0.271681 0.185527 0.053350 -0.038943 -0.139131 0.005198 0.140190 -0.256558 0.004928 0.217868 -0.144060 0.004378 0.083188 0.287243 0.051879 0.017872 0.165681 0.051133 
0.271677 0.185506 0.053490 -0.038945 -0.139132 0.005173 0.140188 -0.256559 0.004934 0.217866 -0.144061 0.004432 0.083185 0.287221 0.051974 0.017869 0.165660 0.051184 
0.271678 0.185485 0.053627 -0.038946 -0.139133 0.005149 0.140187 -0.256560 0.004939 0.217865 -0.144062 0.004483 0.083185 0.287200 0.052068 0.017871 0.165638 0.051234 
0.271683 0.185462 0.053753 -0.038948 -0.139134 0.005127 0.140185 -0.256561 0.004943 0.217864 -0.144063 0.004528 0.083191 0.287176 0.052151 0.017877 0.165614 0.051278 
0.271693 0.185439 0.053868 -0.038949 -0.139135 0.005108 0.140184 -0.256562 0.004947 0.217862 -0.144064 0.004569 0.083200 0.287152 0.052225 0.017888 0.165590 0.051317 
0.271732 0.185497 0.053960 -0.039027 -0.139169 0.005137 0.140123 -0.256569 0.004621 0.217783 -0.144059 0.004108 0.083212 0.287158 0.052302 0.017933 0.165578 0.051351 
0.271923 0.185442 0.053986 -0.039086 -0.139167 0.005237 0.140075 -0.256548 0.004488 0.217724 -0.144030 0.003948 0.083370 0.287042 0.052264 0.018131 0.165440 0.051272 
0.271934 0.185468 0.054134 -0.039089 -0.139167 0.005208 0.140073 -0.256549 0.004536 0.217721 -0.144031 0.004044 0.083370 0.287048 0.052400 0.018145 0.165439 0.051361 
0.271932 0.185510 0.054305 -0.039091 -0.139168 0.005182 0.140071 -0.256549 0.004578 0.217719 -0.144031 0.004130 0.083357 0.287069 0.052558 0.018146 0.165454 0.051467 
0.271921 0.185534 0.054455 -0.039094 -0.139168 0.005157 0.140069 -0.256549 0.004617 0.217718 -0.144031 0.004209 0.083341 0.287083 0.052693 0.018137 0.165464 0.051556 
0.271899 0.185534 0.054575 -0.039096 -0.139169 0.005134 0.140067 -0.256550 0.004651 0.217716 -0.144032 0.004281 0.083321 0.287087 0.052801 0.018115 0.165469 0.051628 
0.271878 0.185533 0.054682 -0.039097 -0.139169 0.005114 0.140065 -0.256550 0.004683 0.217715 -0.144032 0.004346 0.083302 0.287089 0.052893 0.018094 0.165473 0.051687 
0.271859 0.185531 0.054779 -0.039099 -0.139169 0.005095 0.140064 -0.256550 0.004711 0.217713 -0.144032 0.004404 0.083285 0.287090 0.052969 0.018075 0.165475 0.051735 
0.271843 0.185529 0.054866 -0.039101 -0.139170 0.005079 0.140062 -0.256551 0.004737 0.217712 -0.144033 0.004457 0.083270 0.287090 0.053031 0.018059 0.165476 0.051771 
0.271832 0.185529 0.054945 -0.039144 -0.139235 0.005124 0.140019 -0.256616 0.004819 0.217668 -0.144098 0.004462 0.083260 0.287092 0.053079 0.018049 0.165478 0.051796 
0.272032 0.185821 0.055099 -0.039188 -0.139425 0.005128 0.140025 -0.256730 0.004884 0.217626 -0.144180 0.004155 0.083454 0.287371 0.053201 0.018252 0.165754 0.051854 
0.272066 0.185855 0.055177 -0.039190 -0.139427 0.005115 0.140023 -0.256732 0.004895 0.217624 -0.144182 0.004230 0.083473 0.287375 0.053227 0.018290 0.165747 0.051865 
0.272046 0.185834 0.055235 -0.039191 -0.139428 0.005102 0.140022 -0.256733 0.004905 0.217623 -0.144183 0.004298 0.083448 0.287347 0.053255 0.018271 0.165716 0.051885 
0.272039 0.185851 0.055282 -0.039378 -0.139355 0.005405 0.139842 -0.256645 0.004424 0.217432 -0.144087 0.003691 0.083417 0.287317 0.053291 0.018270 0.165670 0.051903 
0.272151 0.185810 0.055299 -0.039382 -0.139356 0.005358 0.139839 -0.256645 0.004477 0.217429 -0.144088 0.003812 0.083507 0.287234 0.053265 0.018387 0.165573 0.051857 
0.272125 0.185821 0.055379 -0.039385 -0.139357 0.005317 0.139836 -0.256646 0.004525 0.217427 -0.144088 0.003921 0.083475 0.287234 0.053357 0.018362 0.165569 0.051931 
0.272091 0.185826 0.055460 -0.039388 -0.139357 0.005279 0.139834 -0.256647 0.004568 0.217424 -0.144089 0.004019 0.083439 0.287236 0.053456 0.018329 0.165570 0.052010 
0.272054 0.185820 0.055539 -0.039391 -0.139358 0.005246 0.139831 -0.256647 0.004608 0.217422 -0.144089 0.004108 0.083405 0.287235 0.053557 0.018291 0.165572 0.052090 
0.272019 0.185812 0.055625 -0.039393 -0.139358 0.005215 0.139829 -0.256648 0.004644 0.217420 -0.144090 0.004189 0.083374 0.287236 0.053664 0.018255 0.165575 0.052172 
0.271989 0.185807 0.055721 -0.039395 -0.139359 0.005188 0.139827 -0.256648 0.004677 0.217419 -0.144090 0.004262 0.083348 0.287239 0.053779 0.018224 0.165581 0.052259 
0.271963 0.185806 0.055828 -0.039397 -0.139359 0.005163 0.139825 -0.256648 0.004706 0.217417 -0.144091 0.004328 0.083325 0.287244 0.053903 0.018198 0.165589 0.052349 
0.271940 0.185805 0.055936 -0.039399 -0.139360 0.005140 0.139824 -0.256649 0.004732 0.217415 -0.144091 0.004388 0.083306 0.287249 0.054024 0.018175 0.165596 0.052435 
0.271920 0.185804 0.056035 -0.039401 -0.139360 0.005119 0.139822 -0.256649 0.004756 0.217414 -0.144091 0.004443 0.083288 0.287254 0.054132 0.018154 0.165603 0.052512 
0.271901 0.185803 0.056123 -0.039402 -0.139360 0.005100 0.139821 -0.256649 0.004777 0.217413 -0.144092 0.004493 0.083272 0.287258 0.054227 0.018135 0.165609 0.052579 
0.271885 0.185801 0.056203 -0.039403 -0.139361 0.005082 0.139820 -0.256650 0.004796 0.217412 -0.144092 0.004537 0.083257 0.287260 0.054309 0.018118 0.165613 0.052635 
0.271870 0.185800 0.056276 -0.039404 -0.139361 0.005067 0.139819 -0.256650 0.004814 0.217411 -0.144092 0.004578 0.083245 0.287262 0.054378 0.018104 0.165616 0.052681 
0.271858 0.185798 0.056340 -0.039405 -0.139361 0.005055 0.139818 -0.256650 0.004829 0.217410 -0.144093 0.004614 0.083234 0.287262 0.054432 0.018092 0.165617 0.052716 
0.271849 0.185797 0.056392 -0.039406 -0.139361 0.005048 0.139817 -0.256651 0.004845 0.217409 -0.144093 0.004645 0.083225 0.287262 0.054471 0.018083 0.165617 0.052739 
0.271839 0.185832 0.056417 -0.039327 -0.139558 0.004664 0.139905 -0.256834 0.004832 0.217489 -0.144271 0.004454 0.083209 0.287286 0.054488 0.018075 0.165637 0.052743 
0.272038 0.185855 0.056350 -0.039491 -0.139606 0.004987 0.139769 -0.256838 0.004548 0.217324 -0.144256 0.003922 0.083363 0.287224 0.054374 0.018283 0.165546 0.052608 
0.272062 0.185850 0.056395 -0.039493 -0.139607 0.004989 0.139767 -0.256839 0.004590 0.217322 -0.144257 0.004017 0.083373 0.287192 0.054397 0.018311 0.165504 0.052628 
0.272048 0.185854 0.056445 -0.039495 -0.139608 0.004989 0.139765 -0.256840 0.004629 0.217321 -0.144257 0.004102 0.083350 0.287180 0.054437 0.018299 0.165487 0.052668 
0.272061 0.185900 0.056474 -0.039512 -0.139707 0.005006 0.139776 -0.256896 0.004639 0.217304 -0.144296 0.003954 0.083337 0.287177 0.054459 0.018318 0.165467 0.052687 
0.272063 0.185948 0.056508 -0.039706 -0.139752 0.005381 0.139591 -0.256924 0.004414 0.217105 -0.144316 0.003422 0.083305 0.287160 0.054491 0.018327 0.165428 0.052719 
0.272129 0.185929 0.056482 -0.039711 -0.139754 0.005335 0.139587 -0.256926 0.004467 0.217102 -0.144318 0.003569 0.083344 0.287090 0.054448 0.018398 0.165340 0.052689 
0.272074 0.185910 0.056459 -0.039715 -0.139755 0.005294 0.139584 -0.256927 0.004515 0.217099 -0.144319 0.003701 0.083284 0.287063 0.054462 0.018343 0.165310 0.052730 
0.272016 0.185880 0.056415 -0.039718 -0.139757 0.005258 0.139581 -0.256928 0.004559 0.217097 -0.144320 0.003821 0.083225 0.287034 0.054461 0.018284 0.165281 0.052760 
0.271955 0.185841 0.056356 -0.039721 -0.139758 0.005225 0.139578 -0.256929 0.004599 0.217094 -0.144321 0.003930 0.083168 0.287002 0.054447 0.018221 0.165252 0.052781 
0.271898 0.185803 0.056294 -0.039724 -0.139759 0.005196 0.139576 -0.256930 0.004635 0.217092 -0.144322 0.004027 0.083116 0.286973 0.054430 0.018162 0.165225 0.052799 
0.271847 0.185769 0.056235 -0.039726 -0.139760 0.005170 0.139573 -0.256931 0.004668 0.217090 -0.144323 0.004116 0.083068 0.286946 0.054414 0.018109 0.165202 0.052816 
0.271801 0.185738 0.056184 -0.039729 -0.139761 0.005148 0.139571 -0.256932 0.004698 0.217088 -0.144323 0.004196 0.083025 0.286923 0.054401 0.018061 0.165180 0.052832 
0.271760 0.185711 0.056143 -0.039731 -0.139762 0.005127 0.139569 -0.256933 0.004726 0.217087 -0.144324 0.004268 0.082988 0.286902 0.054394 0.018019 0.165162 0.052849 
0.271732 0.185710 0.056119 -0.039727 -0.139811 0.005082 0.139582 -0.256969 0.004852 0.217091 -0.144356 0.004339 0.082959 0.286901 0.054394 0.017991 0.165160 0.052867 
0.271793 0.185761 0.056045 -0.039873 -0.139928 0.005265 0.139450 -0.257063 0.004669 0.216942 -0.144439 0.003774 0.082986 0.286887 0.054330 0.018058 0.165124 0.052812 
0.271784 0.185733 0.056007 -0.039876 -0.139930 0.005233 0.139447 -0.257064 0.004699 0.216940 -0.144441 0.003887 0.082964 0.286838 0.054311 0.018051 0.165067 0.052818 
0.271731 0.185694 0.055960 -0.039879 -0.139932 0.005205 0.139445 -0.257066 0.004726 0.216938 -0.144442 0.003988 0.082912 0.286799 0.054299 0.017997 0.165029 0.052838 
0.271678 0.185675 0.055912 -0.039837 -0.140013 0.005066 0.139500 -0.257128 0.004854 0.216981 -0.144496 0.004080 0.082861 0.286785 0.054282 0.017943 0.165016 0.052850 
0.271619 0.185838 0.055817 -0.040086 -0.140215 0.005431 0.139266 -0.257305 0.004804 0.216726 -0.144666 0.003352 0.082775 0.286899 0.054235 0.017889 0.165113 0.052819 
0.271648 0.185849 0.055735 -0.040091 -0.140219 0.005381 0.139261 -0.257309 0.004819 0.216723 -0.144668 0.003505 0.082791 0.286886 0.054166 0.017919 0.165092 0.052784 
0.271567 0.185770 0.055616 -0.040095 -0.140222 0.005337 0.139258 -0.257312 0.004834 0.216720 -0.144671 0.003644 0.082709 0.286805 0.054084 0.017837 0.165010 0.052767 
0.271487 0.185685 0.055479 -0.040099 -0.140225 0.005303 0.139254 -0.257315 0.004849 0.216717 -0.144673 0.003767 0.082633 0.286726 0.053983 0.017756 0.164933 0.052736 
0.271415 0.185606 0.055337 -0.040102 -0.140228 0.005272 0.139251 -0.257317 0.004863 0.216715 -0.144675 0.003879 0.082562 0.286652 0.053872 0.017682 0.164861 0.052695 
0.271350 0.185535 0.055197 -0.040172 -0.140333 0.005341 0.139181 -0.257423 0.004970 0.216645 -0.144781 0.003910 0.082500 0.286585 0.053757 0.017616 0.164795 0.052648 
0.271259 0.185507 0.055054 -0.040099 -0.140306 0.005178 0.139267 -0.257377 0.005031 0.216720 -0.144727 0.004081 0.082406 0.286552 0.053634 0.017525 0.164760 0.052590 
0.271201 0.185432 0.054919 -0.040101 -0.140309 0.005161 0.139265 -0.257379 0.005028 0.216718 -0.144729 0.004164 0.082348 0.286477 0.053501 0.017466 0.164685 0.052522 
0.271152 0.185364 0.054800 -0.040103 -0.140311 0.005145 0.139263 -0.257382 0.005026 0.216717 -0.144731 0.004238 0.082298 0.286408 0.053376 0.017417 0.164615 0.052456 
0.271108 0.185303 0.054701 -0.040105 -0.140313 0.005131 0.139261 -0.257384 0.005024 0.216715 -0.144733 0.004305 0.082254 0.286347 0.053273 0.017373 0.164553 0.052402 
0.271070 0.185250 0.054628 -0.040106 -0.140315 0.005118 0.139260 -0.257385 0.005023 0.216714 -0.144734 0.004365 0.082216 0.286294 0.053194 0.017334 0.164500 0.052362 
0.271038 0.185205 0.054584 -0.040108 -0.140317 0.005107 0.139259 -0.257387 0.005022 0.216713 -0.144736 0.004420 0.082183 0.286249 0.053144 0.017302 0.164455 0.052339 
0.271006 0.185166 0.054573 -0.040109 -0.140318 0.005097 0.139257 -0.257389 0.005021 0.216712 -0.144737 0.004470 0.082151 0.286207 0.053126 0.017270 0.164413 0.052334 
0.270965 0.185125 0.054593 -0.040110 -0.140319 0.005089 0.139256 -0.257390 0.005020 0.216711 -0.144738 0.004515 0.082108 0.286161 0.053139 0.017230 0.164365 0.052350 
0.270922 0.185086 0.054648 -0.040111 -0.140321 0.005081 0.139255 -0.257391 0.005020 0.216710 -0.144739 0.004555 0.082060 0.286115 0.053186 0.017188 0.164316 0.052385 
0.270893 0.185061 0.054742 -0.040112 -0.140322 0.005073 0.139254 -0.257392 0.005019 0.216709 -0.144740 0.004592 0.082029 0.286085 0.053270 0.017160 0.164285 0.052442 
0.270886 0.185052 0.054855 -0.040113 -0.140323 0.005065 0.139253 -0.257393 0.005017 0.216708 -0.144741 0.004626 0.082021 0.286075 0.053371 0.017153 0.164274 0.052506 
0.270880 0.185046 0.054959 -0.040114 -0.140324 0.005057 0.139253 -0.257394 0.005015 0.216707 -0.144742 0.004657 0.082014 0.286066 0.053463 0.017148 0.164265 0.052565 
0.270876 0.185042 0.055055 -0.040114 -0.140325 0.005050 0.139252 -0.257395 0.005013 0.216707 -0.144743 0.004685 0.082008 0.286059 0.053547 0.017144 0.164256 0.052618 
0.270872 0.185039 0.055142 -0.040115 -0.140325 0.005044 0.139251 -0.257396 0.005011 0.216706 -0.144744 0.004710 0.082003 0.286053 0.053623 0.017142 0.164249 0.052665 
0.270870 0.185037 0.055221 -0.040116 -0.140326 0.005038 0.139251 -0.257397 0.005010 0.216705 -0.144744 0.004733 0.081999 0.286047 0.053692 0.017140 0.164242 0.052709 
0.270913 0.185072 0.055275 -0.040290 -0.140442 0.005345 0.139089 -0.257491 0.004723 0.216529 -0.144830 0.004047 0.082005 0.286013 0.053732 0.017191 0.164184 0.052737 
0.270942 0.185079 0.055365 -0.040292 -0.140443 0.005307 0.139087 -0.257492 0.004748 0.216526 -0.144831 0.004133 0.082019 0.285992 0.053818 0.017223 0.164154 0.052790 
0.270925 0.185095 0.055488 -0.040295 -0.140444 0.005272 0.139084 -0.257493 0.004771 0.216525 -0.144832 0.004211 0.081996 0.285997 0.053954 0.017208 0.164155 0.052888 
0.270909 0.185107 0.055630 -0.040297 -0.140444 0.005241 0.139082 -0.257494 0.004793 0.216523 -0.144832 0.004281 0.081977 0.286003 0.054106 0.017193 0.164160 0.052994 
0.270899 0.185125 0.055785 -0.040299 -0.140445 0.005211 0.139081 -0.257494 0.004811 0.216521 -0.144833 0.004345 0.081962 0.286012 0.054264 0.017184 0.164165 0.053100 
0.270884 0.185131 0.055921 -0.040301 -0.140446 0.005183 0.139079 -0.257495 0.004827 0.216520 -0.144834 0.004404 0.081946 0.286016 0.054401 0.017170 0.164169 0.053192 
0.270864 0.185126 0.056037 -0.040303 -0.140447 0.005159 0.139077 -0.257496 0.004841 0.216518 -0.144834 0.004457 0.081928 0.286015 0.054517 0.017150 0.164170 0.053269 
0.270846 0.185122 0.056140 -0.040304 -0.140447 0.005136 0.139076 -0.257496 0.004855 0.216517 -0.144835 0.004505 0.081912 0.286014 0.054617 0.017132 0.164170 0.053335 
0.270830 0.185117 0.056234 -0.040305 -0.140448 0.005116 0.139075 -0.257497 0.004867 0.216516 -0.144835 0.004548 0.081898 0.286012 0.054703 0.017116 0.164169 0.053390 
0.270816 0.185112 0.056319 -0.040307 -0.140449 0.005098 0.139074 -0.257497 0.004878 0.216515 -0.144836 0.004587 0.081885 0.286010 0.054774 0.017103 0.164167 0.053433 
0.270804 0.185108 0.056395 -0.040308 -0.140449 0.005081 0.139073 -0.257498 0.004888 0.216514 -0.144836 0.004623 0.081873 0.286006 0.054831 0.017091 0.164165 0.053466 
0.270793 0.185104 0.056464 -0.040309 -0.140449 0.005066 0.139072 -0.257498 0.004897 0.216513 -0.144837 0.004655 0.081863 0.286002 0.054876 0.017080 0.164161 0.053489 
0.270784 0.185142 0.056521 -0.040387 -0.140543 0.005205 0.139017 -0.257555 0.004724 0.216433 -0.144877 0.004240 0.081833 0.286001 0.054923 0.017076 0.164147 0.053523 
0.270819 0.185176 0.056604 -0.040389 -0.140544 0.005180 0.139015 -0.257555 0.004749 0.216432 -0.144878 0.004308 0.081847 0.285997 0.054985 0.017116 0.164129 0.053557 
0.270811 0.185194 0.056707 -0.040391 -0.140545 0.005157 0.139013 -0.257556 0.004772 0.216430 -0.144878 0.004369 0.081833 0.286002 0.055080 0.017109 0.164130 0.053622 
0.270797 0.185200 0.056818 -0.040393 -0.140545 0.005135 0.139012 -0.257556 0.004793 0.216429 -0.144879 0.004425 0.081817 0.286006 0.055184 0.017096 0.164133 0.053690 
0.270783 0.185202 0.056924 -0.040394 -0.140546 0.005115 0.139010 -0.257557 0.004810 0.216427 -0.144879 0.004476 0.081803 0.286007 0.055280 0.017083 0.164134 0.053752 
0.270766 0.185198 0.057017 -0.040396 -0.140546 0.005096 0.139009 -0.257557 0.004826 0.216426 -0.144880 0.004522 0.081788 0.286006 0.055362 0.017067 0.164134 0.053805 
0.270752 0.185194 0.057100 -0.040397 -0.140547 0.005079 0.139008 -0.257558 0.004841 0.216425 -0.144880 0.004564 0.081775 0.286004 0.055432 0.017052 0.164133 0.053848 
0.270740 0.185191 0.057173 -0.040398 -0.140547 0.005066 0.139007 -0.257558 0.004855 0.216424 -0.144880 0.004601 0.081763 0.286002 0.055489 0.017040 0.164131 0.053883 
0.270730 0.185188 0.057231 -0.040399 -0.140547 0.005059 0.139006 -0.257558 0.004869 0.216424 -0.144881 0.004633 0.081754 0.286000 0.055530 0.017031 0.164130 0.053907 
0.270721 0.185187 0.057284 -0.040399 -0.140548 0.005053 0.139005 -0.257559 0.004881 0.216423 -0.144881 0.004662 0.081745 0.285998 0.055564 0.017022 0.164128 0.053926 
0.270806 0.185217 0.057309 -0.040531 -0.140645 0.005263 0.138892 -0.257626 0.004668 0.216289 -0.144935 0.004135 0.081784 0.285941 0.055556 0.017118 0.164041 0.053914 
0.270806 0.185253 0.057398 -0.040534 -0.140646 0.005231 0.138890 -0.257626 0.004698 0.216288 -0.144936 0.004214 0.081769 0.285948 0.055640 0.017121 0.164039 0.053973 
0.270786 0.185262 0.057477 -0.040536 -0.140646 0.005202 0.138888 -0.257627 0.004726 0.216286 -0.144936 0.004284 0.081745 0.285951 0.055728 0.017103 0.164039 0.054040 
0.270763 0.185262 0.057559 -0.040538 -0.140647 0.005176 0.138886 -0.257627 0.004750 0.216284 -0.144937 0.004348 0.081723 0.285951 0.055820 0.017080 0.164040 0.054108 
0.270740 0.185257 0.057647 -0.040539 -0.140647 0.005152 0.138885 -0.257628 0.004773 0.216283 -0.144937 0.004406 0.081702 0.285951 0.055918 0.017056 0.164042 0.054178 
0.270719 0.185254 0.057744 -0.040541 -0.140648 0.005130 0.138883 -0.257628 0.004793 0.216281 -0.144937 0.004459 0.081684 0.285953 0.056024 0.017035 0.164046 0.054252 
0.270700 0.185252 0.057838 -0.040542 -0.140648 0.005110 0.138882 -0.257629 0.004810 0.216280 -0.144938 0.004507 0.081667 0.285955 0.056125 0.017016 0.164050 0.054323 
0.270684 0.185249 0.057923 -0.040544 -0.140649 0.005091 0.138881 -0.257629 0.004826 0.216279 -0.144938 0.004551 0.081652 0.285957 0.056216 0.016999 0.164053 0.054386 
0.270668 0.185247 0.058000 -0.040545 -0.140649 0.005075 0.138880 -0.257630 0.004841 0.216278 -0.144939 0.004590 0.081639 0.285958 0.056296 0.016984 0.164056 0.054441 
0.270654 0.185245 0.058068 -0.040675 -0.140881 0.005222 0.138751 -0.257859 0.005048 0.216147 -0.145168 0.004481 0.081626 0.285959 0.056366 0.016970 0.164058 0.054489 
