0.852215 0.232017 0.004689 0.970803 0.266849 0.004031 0.944405 0.132084 0.004986 1.063691 0.188339 0.004189 
0.852837 0.233799 0.004348 0.973488 0.266417 0.004193 0.947101 0.131664 0.004796 1.064364 0.190167 0.004526 
0.852580 0.232820 0.004480 0.972309 0.266591 0.004151 0.945976 0.131820 0.004831 1.064102 0.189263 0.004392 
0.852638 0.232987 0.004453 0.972354 0.266555 0.004155 0.946028 0.131783 0.004759 1.064167 0.189440 0.004360 
0.852899 0.234762 0.004612 0.971404 0.266822 0.004256 0.945081 0.132043 0.004583 1.064458 0.191177 0.004173 
0.852896 0.234481 0.004518 0.972035 0.266561 0.004102 0.945744 0.131780 0.004526 1.064465 0.190959 0.004041 
0.852991 0.234723 0.004416 0.974459 0.266032 0.004103 0.948172 0.131265 0.004604 1.064579 0.191252 0.004202 
0.853256 0.236090 0.004463 0.976557 0.265613 0.004180 0.950281 0.130857 0.004638 1.064884 0.192658 0.004269 
0.853578 0.237751 0.004505 0.979347 0.265057 0.004248 0.953084 0.130316 0.004670 1.065257 0.194373 0.004328 
0.853680 0.238585 0.004615 0.981718 0.264504 0.004152 0.955491 0.129772 0.004721 1.065400 0.195300 0.004165 
0.853510 0.238518 0.004827 0.983517 0.263979 0.003874 0.957361 0.129249 0.004793 1.065260 0.195377 0.003750 
0.854106 0.241607 0.004822 0.989282 0.262834 0.003949 0.963150 0.128135 0.004788 1.065953 0.198579 0.003845 
0.854662 0.244491 0.004820 0.994877 0.261723 0.004018 0.968769 0.127054 0.004786 1.066601 0.201575 0.003933 
0.855172 0.247132 0.004823 1.000158 0.260674 0.004084 0.974072 0.126034 0.004793 1.067195 0.204320 0.004015 
0.855620 0.249458 0.004834 1.005074 0.259698 0.004146 0.979008 0.125086 0.004815 1.067719 0.206744 0.004094 
0.856007 0.251463 0.004852 1.009627 0.258795 0.004204 0.983579 0.124208 0.004856 1.068173 0.208842 0.004171 
0.856263 0.252789 0.004904 1.013767 0.257977 0.004261 0.987732 0.123414 0.004978 1.068478 0.210253 0.004264 
0.856441 0.253639 0.005190 1.016642 0.257398 0.004379 0.990646 0.122846 0.005208 1.068698 0.211209 0.004362 
0.856525 0.253924 0.005789 1.017998 0.257107 0.004575 0.992072 0.122552 0.005577 1.068815 0.211621 0.004473 
0.856546 0.253807 0.006590 1.018297 0.257017 0.004821 0.992462 0.122448 0.006036 1.068859 0.211646 0.004590 
0.856565 0.253639 0.007387 1.018306 0.256976 0.005064 0.992582 0.122387 0.006474 1.068903 0.211644 0.004698 
0.856583 0.253471 0.008104 1.018314 0.256934 0.005284 0.992701 0.122326 0.006868 1.068946 0.211641 0.004795 
0.856601 0.253300 0.008746 1.018321 0.256891 0.005481 0.992820 0.122264 0.007218 1.068987 0.211639 0.004881 
0.856618 0.253126 0.009317 1.018327 0.256847 0.005657 0.992940 0.122200 0.007528 1.069027 0.211635 0.004958 
0.856632 0.252950 0.009820 1.018333 0.256802 0.005813 0.993060 0.122135 0.007799 1.069066 0.211631 0.005026 
0.856646 0.252772 0.010258 1.018337 0.256756 0.005950 0.993180 0.122069 0.008033 1.069104 0.211627 0.005086 
0.856656 0.252591 0.010634 1.018340 0.256709 0.006069 0.993298 0.122002 0.008231 1.069141 0.211622 0.005138 
0.856665 0.252409 0.010951 1.018341 0.256662 0.006170 0.993414 0.121934 0.008396 1.069176 0.211616 0.005182 
0.856671 0.252223 0.011211 1.018339 0.256615 0.006256 0.993527 0.121867 0.008528 1.069209 0.211605 0.005220 
0.856672 0.252029 0.011415 1.018335 0.256568 0.006326 0.993635 0.121800 0.008630 1.069239 0.211585 0.005251 
0.856670 0.251828 0.011566 1.018329 0.256521 0.006380 0.993740 0.121733 0.008701 1.069266 0.211558 0.005277 
0.856665 0.251622 0.011662 1.018321 0.256473 0.006420 0.993844 0.121665 0.008743 1.069291 0.211528 0.005297 
0.856657 0.251413 0.011706 1.018311 0.256424 0.006445 0.993947 0.121595 0.008754 1.069315 0.211496 0.005311 
0.856647 0.251202 0.011697 1.018300 0.256374 0.006455 0.994049 0.121524 0.008734 1.069338 0.211466 0.005318 
0.856634 0.250992 0.011634 1.018288 0.256323 0.006451 0.994150 0.121452 0.008683 1.069361 0.211438 0.005320 
0.856620 0.250783 0.011517 1.018275 0.256271 0.006433 0.994251 0.121379 0.008601 1.069384 0.211413 0.005316 
0.856604 0.250575 0.011346 1.018260 0.256219 0.006400 0.994350 0.121304 0.008486 1.069406 0.211391 0.005306 
0.856585 0.250367 0.011119 1.018243 0.256165 0.006353 0.994449 0.121229 0.008340 1.069428 0.211372 0.005291 
0.856566 0.250157 0.010850 1.018169 0.256119 0.006296 0.994492 0.121161 0.008165 1.069450 0.211354 0.005269 
0.856546 0.249942 0.010557 1.017959 0.256095 0.006236 0.994405 0.121112 0.007968 1.069473 0.211336 0.005241 
0.856525 0.249718 0.010229 1.017646 0.256087 0.006170 0.994216 0.121078 0.007747 1.069494 0.211311 0.005209 
0.856500 0.249484 0.009851 1.017282 0.256086 0.006091 0.993977 0.121052 0.007495 1.069513 0.211277 0.005170 
0.856473 0.249242 0.009414 1.016899 0.256087 0.005995 0.993719 0.121027 0.007206 1.069529 0.211234 0.005126 
0.856444 0.248996 0.008908 1.016514 0.256087 0.005881 0.993460 0.121001 0.006878 1.069543 0.211187 0.005076 
0.856413 0.248747 0.008330 1.016131 0.256084 0.005745 0.993204 0.120973 0.006506 1.069556 0.211141 0.005019 
0.856199 0.247603 0.007654 1.016077 0.256079 0.005567 0.993164 0.120965 0.006240 1.069334 0.210038 0.005008 
0.855961 0.246344 0.006918 1.015983 0.256091 0.005371 0.993063 0.120977 0.005970 1.069076 0.208787 0.005001 
0.855718 0.245050 0.006157 1.015670 0.256141 0.005170 0.992742 0.121027 0.005688 1.068809 0.207495 0.004990 
0.855471 0.243719 0.005349 1.015200 0.256219 0.004955 0.992263 0.121103 0.005385 1.068534 0.206162 0.004975 
0.855231 0.242340 0.005088 1.012257 0.256728 0.004898 0.989308 0.121595 0.005232 1.068251 0.204724 0.004962 
0.854963 0.240762 0.005067 1.008159 0.257440 0.004907 0.985197 0.122283 0.005169 1.067930 0.203063 0.004954 
0.854686 0.239133 0.005044 1.003858 0.258186 0.004916 0.980881 0.123005 0.005108 1.067599 0.201345 0.004946 
0.854386 0.237367 0.005024 0.999377 0.258965 0.004925 0.976384 0.123758 0.005064 1.067240 0.199487 0.004944 
0.854043 0.235351 0.005016 0.994686 0.259782 0.004929 0.971676 0.124549 0.005053 1.066833 0.197375 0.004947 
0.853700 0.233330 0.005006 0.989816 0.260630 0.004932 0.966789 0.125369 0.005041 1.066424 0.195254 0.004950 
0.853356 0.231304 0.004999 0.984769 0.261509 0.004936 0.961725 0.126219 0.005031 1.066013 0.193124 0.004953 
0.853013 0.229285 0.004991 0.979580 0.262413 0.004939 0.956517 0.127093 0.005019 1.065603 0.190998 0.004955 
0.852673 0.227284 0.004982 0.974285 0.263335 0.004942 0.951204 0.127985 0.005007 1.065196 0.188888 0.004958 
0.852018 0.223698 0.004999 0.967160 0.264442 0.004653 0.944119 0.129041 0.004952 1.064453 0.185265 0.004566 
0.851733 0.222022 0.004984 0.962045 0.265329 0.004699 0.938988 0.129898 0.004945 1.064109 0.183482 0.004615 
0.851475 0.220509 0.004961 0.956951 0.266211 0.004745 0.933880 0.130751 0.004923 1.063796 0.181862 0.004664 
0.851325 0.219542 0.004877 0.952144 0.267069 0.004793 0.929048 0.131582 0.004830 1.063600 0.180773 0.004720 
0.852312 0.222923 0.004138 0.950343 0.267807 0.004781 0.927281 0.132302 0.003992 1.064648 0.184113 0.004837 
0.851851 0.221181 0.004384 0.942508 0.269052 0.004771 0.919426 0.133503 0.003981 1.064119 0.182209 0.004444 
0.852068 0.221691 0.004082 0.939210 0.269704 0.004790 0.916081 0.134144 0.003648 1.064316 0.182562 0.004592 
0.851549 0.218261 0.003959 0.934680 0.270385 0.004595 0.911503 0.134802 0.003731 1.063696 0.179011 0.004604 
0.851577 0.217716 0.003820 0.930203 0.271226 0.004560 0.907026 0.135616 0.003524 1.063694 0.178377 0.004563 
0.851213 0.215563 0.003913 0.925193 0.272103 0.004583 0.901997 0.136463 0.003643 1.063260 0.176122 0.004586 
0.850877 0.213573 0.004000 0.920415 0.272938 0.004607 0.897201 0.137271 0.003753 1.062860 0.174035 0.004610 
0.850572 0.211770 0.004081 0.915904 0.273727 0.004632 0.892674 0.138033 0.003854 1.062495 0.172138 0.004635 
0.850300 0.210166 0.004156 0.911703 0.274462 0.004657 0.888458 0.138744 0.003948 1.062171 0.170448 0.004666 
0.850061 0.208772 0.004227 0.908557 0.275012 0.004728 0.885301 0.139275 0.004076 1.061886 0.168990 0.004886 
0.849851 0.207592 0.004295 0.906814 0.275317 0.004862 0.883548 0.139571 0.004257 1.061640 0.167775 0.005396 
0.849670 0.206615 0.004360 0.906149 0.275434 0.005044 0.882878 0.139685 0.004475 1.061431 0.166787 0.006126 
0.849521 0.205838 0.004422 0.906102 0.275443 0.005250 0.882827 0.139694 0.004711 1.061256 0.166013 0.006961 
0.849406 0.205254 0.004479 0.906070 0.275449 0.005443 0.882792 0.139700 0.004929 1.061118 0.165432 0.007746 
0.849325 0.204868 0.004532 0.906040 0.275455 0.005623 0.882760 0.139706 0.005132 1.061017 0.165049 0.008483 
0.849278 0.204677 0.004580 0.906013 0.275460 0.005792 0.882733 0.139711 0.005321 1.060953 0.164861 0.009176 
0.849261 0.204654 0.004625 0.905994 0.275464 0.005950 0.882715 0.139715 0.005498 1.060921 0.164840 0.009830 
0.849257 0.204711 0.004665 0.905979 0.275467 0.006095 0.882701 0.139718 0.005666 1.060904 0.164899 0.010448 
0.848941 0.204222 0.004788 0.888087 0.278195 0.005196 0.864774 0.142341 0.004891 1.060576 0.163998 0.006695 
0.849626 0.207303 0.004694 0.876995 0.280318 0.005133 0.853971 0.144347 0.004315 1.061372 0.167261 0.004448 
0.849546 0.206217 0.004666 0.873722 0.280876 0.005071 0.850703 0.144882 0.004342 1.061258 0.166129 0.004540 
0.849888 0.204659 0.004065 0.871100 0.281231 0.004427 0.848012 0.145228 0.003822 1.061538 0.164413 0.004447 
0.849714 0.202867 0.003897 0.867304 0.281871 0.004172 0.844186 0.145848 0.003728 1.061303 0.162517 0.004654 
0.849669 0.201186 0.004055 0.862963 0.282577 0.004218 0.840613 0.146399 0.003945 1.061432 0.161969 0.005208 
0.849411 0.199941 0.004297 0.854571 0.284350 0.004418 0.831900 0.148171 0.004186 1.061018 0.160070 0.004790 
0.849150 0.198209 0.004355 0.847370 0.285633 0.004469 0.824559 0.149432 0.004226 1.060651 0.157993 0.004830 
0.851581 0.202495 0.003855 0.842079 0.287363 0.004586 0.816188 0.151664 0.003208 1.062163 0.157248 0.004511 
0.851092 0.199916 0.003935 0.832913 0.289139 0.004576 0.806999 0.153385 0.003329 1.061574 0.154484 0.004634 
0.844368 0.194788 0.004572 0.830439 0.292406 0.004628 0.803009 0.156955 0.004072 1.054157 0.147162 0.006624 
0.838371 0.203853 0.005521 0.818812 0.313341 0.007206 0.788587 0.178441 0.004959 1.046907 0.151847 0.005351 
0.835925 0.192523 0.005123 0.808741 0.316091 0.005898 0.778274 0.181163 0.004990 1.044084 0.140110 0.004995 
0.834511 0.185994 0.004989 0.795181 0.319165 0.005299 0.764680 0.184154 0.004966 1.042461 0.133356 0.004917 
0.833599 0.181874 0.004954 0.778147 0.323029 0.005070 0.747602 0.187918 0.004949 1.041367 0.128886 0.004934 
0.833612 0.182183 0.004992 0.761466 0.326511 0.005158 0.731262 0.191221 0.004559 1.041437 0.129385 0.005754 
0.834068 0.185321 0.005089 0.772803 0.323725 0.002640 0.743002 0.188428 0.001250 1.041976 0.133288 0.013807 
0.834252 0.188400 0.005216 0.799982 0.317827 0.001226 0.769916 0.182772 -0.000883 1.041454 0.136412 0.025253 
0.825725 0.194027 0.005453 0.803794 0.315075 0.002179 0.772955 0.180292 -0.000750 1.032251 0.140918 0.030314 
0.810388 0.195871 0.005512 0.778739 0.317848 0.001795 0.746297 0.183375 -0.001220 1.016572 0.140036 0.027465 
0.810146 0.197832 0.005647 0.762165 0.321801 0.000795 0.729563 0.187273 -0.002652 1.016280 0.141331 0.026820 
0.809490 0.197230 0.005497 0.736973 0.325920 -0.001131 0.707012 0.190622 -0.003986 1.016789 0.144431 0.024640 
0.808128 0.194116 0.005167 0.710124 0.328286 -0.003623 0.683975 0.192034 -0.005041 1.016857 0.146939 0.022601 
0.808116 0.194373 0.005128 0.696912 0.329461 -0.006035 0.672141 0.192873 -0.006989 1.017139 0.149132 0.024192 
0.808653 0.196677 0.005215 0.701058 0.328397 -0.009200 0.676780 0.191748 -0.010358 1.017246 0.152279 0.030506 
0.730977 0.325934 -0.010775 1.023779 0.156754 0.043607 0.817343 0.203167 0.006041 0.705364 0.189689 -0.013925 
0.791295 0.325494 -0.002591 0.850432 0.209640 0.014617 1.051343 0.157619 0.070732 0.762457 0.190195 -0.009665 
0.852075 0.323340 0.015202 1.084738 0.154477 0.105174 0.891310 0.212026 0.030923 0.820522 0.189032 0.004043 
0.892372 0.317725 0.032020 1.106765 0.146927 0.134179 0.920245 0.208153 0.046422 0.859128 0.184129 0.018233 
0.906686 0.312589 0.041074 1.113440 0.138526 0.151661 0.931585 0.202051 0.056139 0.872360 0.179426 0.025875 
0.904280 0.310220 0.043998 1.109421 0.133162 0.160553 0.930315 0.197915 0.060797 0.869503 0.177264 0.027879 
0.894410 0.310907 0.044884 1.100677 0.131777 0.166271 0.923397 0.197140 0.063701 0.859767 0.178019 0.027732 
0.885183 0.313345 0.047248 1.091883 0.133192 0.173378 0.916585 0.198811 0.067607 0.851157 0.180463 0.028718 
0.880325 0.315970 0.053077 1.085151 0.135290 0.184570 0.912668 0.201110 0.074382 0.847197 0.183103 0.032825 
0.879766 0.317567 0.062474 1.080188 0.136648 0.200072 0.911525 0.202616 0.084208 0.847741 0.184728 0.040357 
0.880114 0.318667 0.074032 1.075062 0.137755 0.218012 0.910883 0.203938 0.095992 0.849377 0.185878 0.049900 
0.879146 0.319150 0.086371 1.068095 0.138307 0.236666 0.908802 0.204729 0.108450 0.849833 0.186424 0.060232 
0.875335 0.319375 0.098400 1.058332 0.138202 0.254761 0.904123 0.205019 0.120670 0.847485 0.186746 0.070260 
0.868575 0.319602 0.110070 1.045729 0.138002 0.272342 0.896778 0.205252 0.132640 0.842330 0.187083 0.079940 
0.859426 0.319902 0.121818 1.030336 0.137736 0.289727 0.886981 0.205552 0.144550 0.834918 0.187532 0.089648 
0.847969 0.319669 0.133817 1.012071 0.136769 0.307192 0.874763 0.205333 0.156621 0.825277 0.187494 0.099584 
0.833941 0.318498 0.145791 0.990670 0.134787 0.324499 0.859879 0.204267 0.168634 0.813136 0.186559 0.109515 
0.816859 0.316429 0.157023 0.965698 0.131729 0.340720 0.841820 0.202316 0.179783 0.797986 0.184775 0.118720 
0.797161 0.313303 0.167135 0.937128 0.127841 0.355067 0.820660 0.199658 0.189208 0.780308 0.181974 0.126853 
0.774671 0.309066 0.173721 0.905318 0.123295 0.365121 0.796480 0.196319 0.194655 0.759915 0.178067 0.131618 
0.749359 0.303546 0.174420 0.871242 0.117341 0.369466 0.769946 0.191457 0.194859 0.736642 0.172841 0.130787 
0.723005 0.297992 0.171611 0.836109 0.109859 0.370268 0.742774 0.185913 0.192086 0.712240 0.167767 0.126054 
0.697345 0.292621 0.168997 0.800524 0.101126 0.371072 0.716355 0.180251 0.189678 0.688714 0.163160 0.120861 
0.673620 0.285763 0.170056 0.764011 0.090550 0.374496 0.691066 0.173640 0.190018 0.667430 0.157317 0.118918 
0.650687 0.275503 0.174203 0.725498 0.077660 0.380418 0.665594 0.163998 0.192747 0.646943 0.147871 0.120859 
0.626459 0.262192 0.178698 0.684068 0.068724 0.389198 0.638262 0.153418 0.196830 0.625272 0.134026 0.126584 
0.602278 0.250479 0.179952 0.644213 0.068030 0.395880 0.610466 0.144098 0.197523 0.602147 0.120092 0.133776 
0.566099 0.255905 0.139503 0.617139 0.095166 0.382798 0.577514 0.150173 0.178634 0.565583 0.121334 0.107217 
0.525991 0.277872 0.105610 0.592348 0.137218 0.383062 0.546003 0.174286 0.176242 0.527812 0.140915 0.084845 
0.509031 0.306214 0.122073 0.569802 0.189404 0.413566 0.529581 0.210407 0.203191 0.514971 0.168209 0.111327 
0.546124 0.242183 0.458391 0.518607 0.248166 0.245012 
0.510570 0.281181 0.288562 0.523825 0.291704 0.503059 
0.500194 0.316629 0.324649 0.501437 0.344769 0.537915 
0.480316 0.430778 0.257561 0.485851 0.356702 0.351823 0.478223 0.400849 0.562218 0.492575 0.296747 0.290036 
0.473457 0.466444 0.282259 0.475637 0.398416 0.378928 0.457596 0.458950 0.584543 0.485514 0.335586 0.325780 
0.469211 0.505928 0.297426 0.469699 0.441905 0.392594 0.443447 0.518298 0.591922 0.481201 0.379127 0.351537 
0.463837 0.543715 0.284130 0.465653 0.488519 0.382814 0.438860 0.578931 0.576160 0.478280 0.421473 0.347363 
0.458146 0.576667 0.259820 0.461643 0.532351 0.364569 0.436698 0.635373 0.551813 0.475467 0.459246 0.331021 
0.455075 0.610528 0.240155 0.459888 0.574103 0.348098 0.434797 0.688487 0.528619 0.474809 0.498177 0.318558 
0.453551 0.646956 0.222302 0.459500 0.616390 0.331688 0.432646 0.741067 0.504986 0.475614 0.539983 0.307318 
0.452041 0.681221 0.201900 0.458733 0.657732 0.313643 0.429546 0.793732 0.477778 0.476085 0.580905 0.294181 
0.468491 0.553711 0.197541 0.435010 0.680191 0.140497 0.474625 0.484082 0.165177 0.424228 0.846573 0.450699 0.476556 0.621441 0.286508 
0.471239 0.572279 0.193175 0.436973 0.697431 0.129709 0.478437 0.498017 0.174716 0.419839 0.893482 0.426086 0.477521 0.662109 0.279954 
0.473819 0.587077 0.186797 0.438712 0.711536 0.117354 0.481667 0.510919 0.184137 0.416816 0.934559 0.398724 0.478632 0.699192 0.268686 
0.478286 0.601943 0.182194 0.442956 0.721488 0.103329 0.417137 0.968227 0.366589 0.481760 0.724963 0.254488 
0.483472 0.614287 0.176975 0.448997 0.726802 0.088383 0.420462 0.993833 0.333857 0.486443 0.741421 0.239176 
0.488876 0.625110 0.171686 0.455975 0.730851 0.074372 0.424414 1.014965 0.301730 0.491472 0.754501 0.224110 
0.463759 0.734239 0.069419 0.426317 1.033827 0.271116 0.495038 0.767575 0.209937 0.494038 0.632729 0.174805 
0.471642 0.737785 0.068644 0.427708 1.050474 0.247892 0.498876 0.780236 0.203862 0.499281 0.642719 0.181467 
0.479312 0.740868 0.070413 0.499130 0.706961 0.130296 0.429445 1.063974 0.234120 0.502659 0.790492 0.204851 
0.504126 0.800025 0.210554 0.489116 0.725951 0.174017 0.512340 0.606178 0.256778 0.514917 0.623926 0.047732 0.489985 0.840068 0.161139 
0.504675 0.808868 0.224560 0.492463 0.738016 0.180710 0.515748 0.621551 0.262980 0.519231 0.638938 0.052804 0.490553 0.849728 0.172323 
0.520944 0.652907 0.052388 0.490365 0.855254 0.180976 0.494952 0.746754 0.184729 0.518502 0.632828 0.263532 0.504569 0.814568 0.239336 
0.521210 0.656634 0.050679 0.490585 0.855386 0.184235 0.496179 0.748477 0.186305 0.519806 0.635273 0.261665 0.504716 0.815992 0.248820 
0.520458 0.655531 0.047726 0.490838 0.852891 0.184041 0.496473 0.746084 0.184745 0.520107 0.632633 0.258247 0.500612 0.829414 0.112720 
0.490305 0.769486 0.089762 0.518858 0.654004 0.043049 0.490894 0.849547 0.181369 0.505615 0.808426 0.245172 
0.488609 0.766400 0.083702 0.505095 0.737487 0.157031 0.505893 0.802250 0.237332 
0.486713 0.762847 0.077833 0.504053 0.732503 0.149703 0.432257 1.066488 0.259225 0.506045 0.794759 0.228933 
0.486012 0.759017 0.075135 0.503342 0.728727 0.146256 0.434816 1.058323 0.257531 0.506223 0.785714 0.222687 
0.485671 0.756515 0.073972 0.502705 0.726641 0.145877 0.436772 1.051853 0.258213 0.506270 0.777922 0.220637 
0.485291 0.755765 0.073923 0.502391 0.725302 0.146104 0.437746 1.048185 0.261303 0.506293 0.774510 0.220959 
0.484569 0.755499 0.074196 0.501883 0.724148 0.146090 0.437854 1.046299 0.264665 0.506028 0.773139 0.221838 
0.483839 0.755513 0.074581 0.437521 1.045598 0.267274 0.505664 0.772910 0.222805 0.507178 0.668314 0.188518 
0.483246 0.755739 0.074783 0.437059 1.045655 0.268763 0.505341 0.773357 0.223297 0.506823 0.667985 0.188295 
0.482928 0.755942 0.074814 0.436722 1.046020 0.269253 0.505168 0.773982 0.223385 0.506652 0.667803 0.188114 
0.482838 0.755982 0.074794 0.436585 1.046370 0.269253 0.505124 0.774377 0.223361 0.506596 0.667679 0.188044 
0.482711 0.756077 0.074757 0.436384 1.046888 0.269219 0.505054 0.774940 0.223296 0.506516 0.667580 0.187952 
0.482585 0.756191 0.074720 0.436181 1.047410 0.269181 0.504982 0.775508 0.223230 0.506436 0.667511 0.187864 
0.482494 0.756286 0.074696 0.436032 1.047786 0.269147 0.504928 0.775918 0.223178 0.506380 0.667483 0.187806 
0.482458 0.756297 0.074685 0.435980 1.047923 0.269134 0.504911 0.776069 0.223162 0.506355 0.667430 0.187776 
0.482457 0.756297 0.074685 0.435980 1.047923 0.269134 0.504910 0.776070 0.223162 0.506355 0.667428 0.187776 
0.482456 0.756339 0.074687 0.435969 1.047933 0.269146 0.504906 0.776085 0.223161 0.506358 0.667485 0.187780 
0.482450 0.756354 0.074688 0.435961 1.047938 0.269157 0.504901 0.776094 0.223163 0.506355 0.667501 0.187780 
0.482450 0.756382 0.074689 0.435955 1.047940 0.269165 0.504898 0.776099 0.223163 0.506357 0.667542 0.187784 
0.482443 0.756397 0.074691 0.435944 1.047950 0.269180 0.504892 0.776115 0.223166 0.506354 0.667553 0.187782 
0.482441 0.756404 0.074691 0.435940 1.047952 0.269186 0.504891 0.776118 0.223166 0.506354 0.667560 0.187781 
0.482438 0.756416 0.074691 0.435935 1.047954 0.269196 0.504888 0.776123 0.223167 0.506353 0.667572 0.187780 
0.482438 0.756416 0.074692 0.435935 1.047953 0.269199 0.504888 0.776123 0.223168 0.506353 0.667573 0.187781 
0.482423 0.756435 0.074700 0.435914 1.047969 0.269229 0.504877 0.776146 0.223185 0.506344 0.667588 0.187783 
0.482411 0.756456 0.074706 0.435897 1.047980 0.269256 0.504867 0.776164 0.223197 0.506337 0.667610 0.187786 
0.482406 0.756463 0.074709 0.435890 1.047984 0.269271 0.504863 0.776171 0.223203 0.506334 0.667613 0.187785 
0.482404 0.756467 0.074711 0.435887 1.047984 0.269276 0.504862 0.776173 0.223206 0.506333 0.667619 0.187787 
0.482397 0.756474 0.074713 0.435879 1.047990 0.269293 0.504857 0.776183 0.223213 0.506329 0.667620 0.187785 
0.482395 0.756478 0.074716 0.435876 1.047991 0.269300 0.504855 0.776186 0.223218 0.506328 0.667625 0.187788 
0.482393 0.756482 0.074718 0.435872 1.047993 0.269306 0.504853 0.776190 0.223221 0.506326 0.667630 0.187789 
0.482385 0.756487 0.074725 0.435863 1.048001 0.269325 0.504847 0.776202 0.223236 0.506321 0.667632 0.187793 
0.482357 0.756506 0.074738 0.435829 1.048025 0.269387 0.504826 0.776233 0.223287 0.506312 0.667749 0.187828 
0.482302 0.756502 0.074794 0.435765 1.048074 0.269518 0.504785 0.776289 0.223405 0.506267 0.667730 0.187864 
0.482290 0.756510 0.074805 0.435749 1.048084 0.269549 0.504776 0.776304 0.223428 0.506258 0.667737 0.187871 
0.482282 0.756518 0.074812 0.435739 1.048090 0.269570 0.504770 0.776314 0.223442 0.506253 0.667744 0.187876 
0.482259 0.756524 0.074836 0.435710 1.048111 0.269628 0.504752 0.776340 0.223491 0.506234 0.667746 0.187892 
0.482256 0.756530 0.074839 0.435706 1.048114 0.269637 0.504749 0.776346 0.223497 0.506232 0.667753 0.187894 
0.482250 0.756534 0.074843 0.435698 1.048119 0.269652 0.504745 0.776354 0.223505 0.506229 0.667754 0.187895 
0.482243 0.756542 0.074850 0.435689 1.048123 0.269674 0.504739 0.776362 0.223520 0.506224 0.667761 0.187900 
0.482231 0.756547 0.074865 0.435675 1.048128 0.269715 0.504731 0.776373 0.223550 0.506215 0.667766 0.187909 
