0.863200 0.288329 0.004290 1.076237 0.245802 0.003777 0.836778 0.152885 0.005250 1.047076 0.112241 0.004734 
0.863485 0.288376 0.004104 1.076523 0.245849 0.004276 0.837060 0.152931 0.004710 1.047359 0.112287 0.004875 
0.863375 0.288286 0.004200 1.076432 0.245855 0.004104 0.837012 0.152829 0.004884 1.047329 0.112279 0.004783 
0.863391 0.288250 0.004206 1.076450 0.245829 0.004106 0.837033 0.152792 0.004813 1.047353 0.112252 0.004708 
0.863328 0.288346 0.004482 1.076385 0.245915 0.004037 0.836964 0.152888 0.004810 1.047281 0.112338 0.004368 
0.863335 0.288183 0.004349 1.076401 0.245801 0.003866 0.837002 0.152719 0.004775 1.047329 0.112218 0.004294 
0.863372 0.288129 0.004217 1.076439 0.245746 0.003998 0.837039 0.152666 0.004721 1.047366 0.112163 0.004500 
0.863372 0.288128 0.004285 1.076438 0.245745 0.004086 0.837038 0.152665 0.004746 1.047365 0.112162 0.004546 
0.863371 0.288127 0.004347 1.076438 0.245744 0.004166 0.837038 0.152663 0.004771 1.047364 0.112161 0.004588 
0.863283 0.288038 0.004406 1.076358 0.245697 0.003948 0.836978 0.152569 0.004979 1.047312 0.112109 0.004522 
0.863065 0.287856 0.004490 1.076158 0.245616 0.003400 0.836827 0.152376 0.005414 1.047178 0.112015 0.004330 
0.863063 0.287854 0.004534 1.076155 0.245614 0.003546 0.836824 0.152374 0.005378 1.047175 0.112013 0.004396 
0.863060 0.287852 0.004573 1.076153 0.245612 0.003677 0.836821 0.152372 0.005345 1.047172 0.112011 0.004454 
0.863058 0.287851 0.004609 1.076151 0.245610 0.003793 0.836818 0.152370 0.005322 1.047170 0.112009 0.004511 
0.863056 0.287849 0.004643 1.076150 0.245610 0.003897 0.836816 0.152369 0.005317 1.047168 0.112008 0.004575 
0.863055 0.287849 0.004675 1.076149 0.245609 0.003989 0.836814 0.152368 0.005332 1.047167 0.112007 0.004649 
0.863054 0.287852 0.004717 1.076149 0.245612 0.004072 0.836814 0.152371 0.005439 1.047167 0.112010 0.004796 
0.863051 0.287808 0.004980 1.076153 0.245614 0.004146 0.836841 0.152323 0.005814 1.047202 0.112007 0.004984 
0.863045 0.287712 0.005537 1.076165 0.245618 0.004214 0.836901 0.152215 0.006546 1.047278 0.111998 0.005232 
0.863039 0.287580 0.006285 1.076180 0.245623 0.004275 0.836987 0.152067 0.007509 1.047385 0.111985 0.005515 
0.863030 0.287418 0.007033 1.076196 0.245626 0.004331 0.837089 0.151886 0.008453 1.047510 0.111967 0.005775 
0.863021 0.287255 0.007707 1.076211 0.245630 0.004381 0.837192 0.151703 0.009302 1.047635 0.111949 0.006008 
0.863010 0.287089 0.008310 1.076224 0.245633 0.004426 0.837295 0.151517 0.010060 1.047760 0.111930 0.006214 
0.862998 0.286921 0.008847 1.076235 0.245635 0.004468 0.837397 0.151329 0.010732 1.047885 0.111910 0.006396 
0.862985 0.286750 0.009321 1.076246 0.245637 0.004505 0.837499 0.151138 0.011322 1.048009 0.111890 0.006554 
0.862969 0.286577 0.009735 1.076254 0.245639 0.004539 0.837599 0.150945 0.011834 1.048132 0.111869 0.006690 
0.862951 0.286403 0.010091 1.076262 0.245641 0.004569 0.837697 0.150751 0.012270 1.048255 0.111848 0.006805 
0.862931 0.286227 0.010392 1.076269 0.245642 0.004597 0.837793 0.150554 0.012634 1.048376 0.111826 0.006899 
0.862909 0.286052 0.010640 1.076274 0.245642 0.004622 0.837886 0.150358 0.012929 1.048495 0.111804 0.006974 
0.862885 0.285877 0.010836 1.076278 0.245643 0.004644 0.837976 0.150164 0.013158 1.048611 0.111782 0.007031 
0.862859 0.285703 0.010982 1.076281 0.245643 0.004665 0.838062 0.149969 0.013321 1.048725 0.111760 0.007070 
0.862830 0.285526 0.011078 1.076283 0.245643 0.004683 0.838146 0.149772 0.013419 1.048838 0.111737 0.007091 
0.862798 0.285347 0.011125 1.076283 0.245642 0.004700 0.838227 0.149572 0.013451 1.048950 0.111713 0.007095 
0.862764 0.285166 0.011122 1.076283 0.245641 0.004715 0.838307 0.149369 0.013419 1.049062 0.111689 0.007080 
0.862726 0.284981 0.011071 1.076281 0.245640 0.004729 0.838384 0.149164 0.013320 1.049173 0.111664 0.007046 
0.862686 0.284794 0.010970 1.076278 0.245638 0.004741 0.838459 0.148955 0.013154 1.049284 0.111638 0.006992 
0.862643 0.284605 0.010819 1.076274 0.245636 0.004753 0.838531 0.148744 0.012921 1.049393 0.111611 0.006920 
0.862598 0.284414 0.010618 1.076269 0.245633 0.004763 0.838601 0.148531 0.012620 1.049502 0.111584 0.006828 
0.862550 0.284217 0.010378 1.076263 0.245630 0.004772 0.838672 0.148311 0.012262 1.049613 0.111556 0.006716 
0.862500 0.284011 0.010119 1.076256 0.245626 0.004780 0.838745 0.148082 0.011864 1.049728 0.111526 0.006584 
0.862448 0.283800 0.009830 1.076249 0.245622 0.004788 0.838820 0.147847 0.011419 1.049844 0.111496 0.006432 
0.862395 0.283588 0.009497 1.076240 0.245617 0.004795 0.838893 0.147611 0.010911 1.049960 0.111464 0.006261 
0.862340 0.283375 0.009107 1.076230 0.245612 0.004801 0.838964 0.147374 0.010327 1.050075 0.111433 0.006070 
0.862283 0.283160 0.008656 1.076219 0.245606 0.004807 0.839034 0.147136 0.009661 1.050189 0.111401 0.005856 
0.862224 0.282944 0.008137 1.076206 0.245600 0.004812 0.839104 0.146896 0.008904 1.050302 0.111368 0.005618 
0.862193 0.282905 0.007478 1.076190 0.245600 0.004821 0.839094 0.146854 0.008156 1.050308 0.111363 0.005529 
0.862167 0.282901 0.006756 1.076174 0.245600 0.004830 0.839069 0.146849 0.007359 1.050291 0.111363 0.005454 
0.862144 0.282898 0.006012 1.076156 0.245600 0.004838 0.839046 0.146846 0.006534 1.050274 0.111362 0.005371 
0.862122 0.282895 0.005224 1.076138 0.245600 0.004847 0.839024 0.146843 0.005657 1.050255 0.111362 0.005281 
0.862116 0.282892 0.004988 1.076132 0.245597 0.004860 0.839017 0.146839 0.005325 1.050249 0.111359 0.005195 
0.862115 0.282889 0.004985 1.076131 0.245595 0.004871 0.839017 0.146836 0.005249 1.050249 0.111357 0.005133 
0.862114 0.282886 0.004982 1.076130 0.245592 0.004882 0.839016 0.146833 0.005175 1.050248 0.111354 0.005075 
0.862113 0.282885 0.004977 1.076129 0.245591 0.004896 0.839015 0.146831 0.005117 1.050247 0.111352 0.005036 
0.862113 0.282884 0.004972 1.076129 0.245590 0.004902 0.839015 0.146831 0.005097 1.050247 0.111352 0.005027 
0.862113 0.282884 0.004966 1.076129 0.245590 0.004909 0.839014 0.146830 0.005076 1.050246 0.111351 0.005019 
0.862112 0.282883 0.004963 1.076128 0.245589 0.004916 0.839014 0.146830 0.005058 1.050246 0.111351 0.005011 
0.862112 0.282883 0.004959 1.076128 0.245589 0.004923 0.839014 0.146829 0.005039 1.050246 0.111350 0.005003 
0.862112 0.282882 0.004955 1.076128 0.245588 0.004930 0.839013 0.146829 0.005020 1.050246 0.111350 0.004995 
0.862007 0.282712 0.004869 1.076041 0.245524 0.004429 0.838976 0.146648 0.005169 1.050225 0.111273 0.004733 
0.862005 0.282710 0.004874 1.076039 0.245522 0.004500 0.838975 0.146646 0.005121 1.050224 0.111271 0.004749 
0.862003 0.282708 0.004879 1.076037 0.245520 0.004578 0.838972 0.146644 0.005057 1.050222 0.111269 0.004759 
0.862027 0.282735 0.004860 1.076059 0.245527 0.004702 0.838984 0.146672 0.004897 1.050230 0.111278 0.004740 
0.862491 0.283070 0.004488 1.076525 0.245884 0.005202 0.839465 0.147006 0.003696 1.050713 0.111635 0.004408 
0.862311 0.282984 0.004744 1.076346 0.245800 0.004817 0.839283 0.146921 0.003951 1.050533 0.111551 0.004031 
0.862477 0.283064 0.004599 1.076498 0.245801 0.005130 0.839402 0.147011 0.003453 1.050639 0.111563 0.003988 
0.862532 0.282958 0.004371 1.076547 0.245662 0.005035 0.839435 0.146907 0.003505 1.050666 0.111426 0.004167 
0.862655 0.282995 0.004318 1.076671 0.245709 0.005084 0.839566 0.146944 0.003280 1.050798 0.111473 0.004045 
0.862657 0.282998 0.004380 1.076674 0.245712 0.005074 0.839568 0.146946 0.003439 1.050800 0.111476 0.004132 
0.862659 0.283000 0.004437 1.076676 0.245715 0.005067 0.839569 0.146948 0.003581 1.050802 0.111478 0.004211 
0.862661 0.283003 0.004489 1.076678 0.245718 0.005062 0.839571 0.146950 0.003710 1.050804 0.111480 0.004283 
0.862662 0.283005 0.004536 1.076679 0.245720 0.005064 0.839572 0.146952 0.003826 1.050805 0.111482 0.004353 
0.862660 0.283008 0.004583 1.076676 0.245723 0.005261 0.839569 0.146955 0.003930 1.050802 0.111485 0.004605 
0.862650 0.283011 0.004631 1.076665 0.245725 0.005754 0.839560 0.146958 0.004025 1.050791 0.111487 0.005138 
0.862636 0.283015 0.004679 1.076646 0.245728 0.006471 0.839547 0.146961 0.004112 1.050772 0.111490 0.005884 
0.862619 0.283019 0.004727 1.076621 0.245732 0.007299 0.839530 0.146965 0.004190 1.050748 0.111493 0.006730 
0.862603 0.283022 0.004771 1.076595 0.245737 0.008077 0.839515 0.146968 0.004261 1.050723 0.111497 0.007525 
0.862588 0.283026 0.004812 1.076568 0.245741 0.008807 0.839501 0.146971 0.004325 1.050698 0.111502 0.008268 
0.862573 0.283029 0.004849 1.076541 0.245747 0.009493 0.839487 0.146974 0.004382 1.050671 0.111507 0.008966 
0.862559 0.283032 0.004882 1.076513 0.245752 0.010141 0.839474 0.146977 0.004436 1.050645 0.111512 0.009625 
0.862546 0.283035 0.004909 1.076486 0.245758 0.010750 0.839462 0.146980 0.004486 1.050618 0.111517 0.010248 
0.862265 0.282695 0.004963 1.076271 0.245396 0.006893 0.839165 0.146643 0.004660 1.050388 0.111159 0.006566 
0.862292 0.282849 0.005149 1.076385 0.245997 0.004922 0.839474 0.146751 0.004330 1.050779 0.111708 0.004114 
0.862381 0.282827 0.005077 1.076478 0.245999 0.004969 0.839579 0.146726 0.004347 1.050888 0.111707 0.004247 
0.862985 0.282630 0.004412 1.077065 0.245710 0.004813 0.840125 0.146538 0.003807 1.051419 0.111428 0.004208 
0.863115 0.282594 0.004157 1.077190 0.245650 0.004933 0.840240 0.146504 0.003714 1.051528 0.111370 0.004483 
0.862871 0.282593 0.004217 1.077153 0.246880 0.005387 0.840779 0.146373 0.003946 1.052264 0.112454 0.005103 
0.863057 0.282917 0.004438 1.077263 0.246729 0.004942 0.840663 0.146746 0.004206 1.052075 0.112359 0.004706 
0.863165 0.282950 0.004505 1.077338 0.246570 0.004993 0.840648 0.146800 0.004263 1.052029 0.112223 0.004746 
0.866711 0.282599 0.004668 1.079998 0.241343 0.005375 0.841100 0.147003 0.003292 1.051636 0.107613 0.004002 
0.866707 0.282604 0.004694 1.079995 0.241354 0.005441 0.841100 0.147006 0.003450 1.051637 0.107623 0.004199 
0.862581 0.285829 0.004944 1.075402 0.242279 0.007035 0.835510 0.150511 0.004391 1.045601 0.108857 0.006459 
0.860502 0.303931 0.007188 1.072413 0.256104 0.007095 0.830709 0.169204 0.004944 1.039929 0.123327 0.004874 
0.860773 0.304284 0.005874 1.072629 0.256214 0.005778 0.830823 0.169577 0.004968 1.039991 0.123460 0.004882 
0.860787 0.304292 0.005280 1.072653 0.256263 0.005221 0.830864 0.169575 0.004948 1.040040 0.123499 0.004893 
0.860788 0.304297 0.005064 1.072655 0.256275 0.005048 0.830869 0.169579 0.004943 1.040046 0.123510 0.004929 
0.860404 0.304362 0.005531 1.072396 0.256903 0.006329 0.830845 0.169566 0.004937 1.040143 0.124053 0.005730 
0.859854 0.304448 0.006293 1.071779 0.257518 0.015187 0.830661 0.169578 0.004929 1.039889 0.124587 0.013711 
0.859652 0.304400 0.006988 1.070659 0.256917 0.027362 0.830137 0.169608 0.004929 1.038464 0.124072 0.025037 
0.850559 0.304198 0.007803 1.060715 0.255317 0.033073 0.820220 0.169604 0.004932 1.027715 0.122687 0.029875 
0.836069 0.303808 0.007894 1.045956 0.252405 0.030224 0.804134 0.169586 0.004932 1.011380 0.120179 0.026977 
0.835470 0.303743 0.008325 1.045364 0.252036 0.029888 0.803387 0.169567 0.004932 1.010640 0.119860 0.026225 
0.832869 0.304370 0.007726 1.043969 0.256932 0.027224 0.803454 0.169570 0.004922 1.011871 0.124078 0.024173 
0.829078 0.305216 0.006292 1.041635 0.263994 0.024009 0.803508 0.169613 0.004919 1.013325 0.130256 0.022400 
0.827895 0.305472 0.005871 1.040733 0.266490 0.025217 0.803708 0.169611 0.004962 1.013788 0.132466 0.024046 
0.827658 0.305615 0.006096 1.039969 0.267409 0.031750 0.803942 0.169673 0.004997 1.013499 0.133293 0.030300 
1.046250 0.264842 0.046493 1.018433 0.131039 0.042921 0.836289 0.305528 0.008355 0.811179 0.169866 0.005289 
1.075274 0.260300 0.076668 0.870965 0.307204 0.019645 1.044293 0.127368 0.068983 0.842581 0.172334 0.012694 
1.110072 0.253979 0.114188 1.076470 0.122003 0.102231 0.913349 0.306867 0.038711 0.882212 0.172876 0.027709 
1.133221 0.245595 0.145250 1.098022 0.114317 0.130520 0.943468 0.302423 0.056042 0.910619 0.169081 0.042435 
1.140885 0.237693 0.163955 1.104678 0.106866 0.147736 0.955794 0.296885 0.066840 0.921862 0.163965 0.051841 
1.137415 0.233021 0.173689 1.100805 0.102428 0.156511 0.955053 0.293407 0.072242 0.920676 0.160707 0.056337 
1.128634 0.231873 0.180255 1.092186 0.101378 0.162024 0.948094 0.292792 0.075911 0.913854 0.160183 0.058984 
1.119331 0.233195 0.188425 1.083521 0.102726 0.168795 0.940802 0.294306 0.080783 0.907179 0.161721 0.062490 
1.111868 0.235187 0.200948 1.076982 0.104744 0.179563 0.936215 0.296471 0.088770 0.903483 0.163909 0.068769 
1.106058 0.236619 0.217932 1.072310 0.106204 0.194633 0.934308 0.298056 0.099943 0.902670 0.165521 0.078092 
1.099889 0.237588 0.237439 1.067469 0.107222 0.212070 0.932727 0.299257 0.113151 0.902365 0.166768 0.089300 
1.091766 0.237951 0.257641 1.060811 0.107647 0.230212 0.929605 0.299880 0.127017 0.900652 0.167449 0.101176 
1.080845 0.237754 0.277301 1.051400 0.107548 0.247820 0.923883 0.300094 0.140662 0.896379 0.167756 0.112835 
1.066971 0.237428 0.296430 1.039177 0.107335 0.264913 0.915388 0.300212 0.154042 0.889475 0.167984 0.124241 
1.050209 0.237019 0.315402 1.024200 0.107080 0.281799 0.904351 0.300386 0.167402 0.880159 0.168303 0.135575 
1.030506 0.235852 0.334462 1.006368 0.106114 0.298755 0.890832 0.299987 0.180932 0.868441 0.168096 0.147057 
1.007595 0.233539 0.353321 0.985402 0.104044 0.315527 0.874585 0.298613 0.194364 0.854063 0.166955 0.158459 
0.981077 0.230097 0.371068 0.960877 0.100896 0.331207 0.855133 0.296308 0.206910 0.836524 0.164930 0.168993 
0.950876 0.225661 0.386858 0.932764 0.096790 0.344976 0.832507 0.293149 0.217660 0.815899 0.162087 0.177774 
0.917357 0.220336 0.398146 0.901410 0.091798 0.354402 0.806793 0.289091 0.224244 0.792259 0.158347 0.182544 
0.881638 0.213671 0.403503 0.867799 0.085432 0.358191 0.778781 0.283556 0.225373 0.766267 0.153098 0.182151 
0.844953 0.205497 0.405652 0.833141 0.077759 0.358392 0.750219 0.277351 0.223838 0.739636 0.147371 0.178702 
0.807672 0.195762 0.408236 0.798084 0.068825 0.358388 0.722285 0.270725 0.223079 0.713815 0.141509 0.175376 
0.769214 0.183635 0.413583 0.762178 0.057753 0.360724 0.695269 0.262634 0.225208 0.689214 0.134426 0.174512 
0.728771 0.169534 0.420891 0.724316 0.044492 0.365806 0.668104 0.251866 0.229228 0.664465 0.124459 0.176331 
0.685336 0.159601 0.428226 0.683584 0.033994 0.374283 0.639018 0.240308 0.231924 0.637904 0.112355 0.180245 
0.644617 0.161019 0.430881 0.644061 0.033072 0.382722 0.610519 0.233067 0.228792 0.610441 0.102874 0.183034 
0.617871 0.190786 0.407728 0.616859 0.058501 0.373239 0.577822 0.241160 0.200237 0.577368 0.106893 0.168358 
0.591484 0.233540 0.399596 0.592693 0.098805 0.376468 0.544749 0.265175 0.189813 0.546632 0.128700 0.169436 
0.566056 0.284589 0.422871 0.571407 0.148631 0.409580 0.525693 0.299895 0.209962 0.531666 0.162417 0.199560 
0.548825 0.200351 0.457235 0.512620 0.337002 0.245496 
0.503382 0.372546 0.281749 0.526842 0.252618 0.505098 
0.492330 0.408973 0.309694 0.504563 0.307896 0.543043 
0.477522 0.447808 0.329515 0.489729 0.314293 0.362207 0.469322 0.497807 0.540765 0.481527 0.364858 0.570182 
0.467404 0.487914 0.348920 0.479395 0.357567 0.392624 0.448699 0.554265 0.554933 0.460838 0.424225 0.595331 
0.461428 0.529597 0.354915 0.473342 0.403278 0.409190 0.434441 0.611661 0.554241 0.446621 0.485391 0.605204 
0.455880 0.571381 0.339699 0.470240 0.449625 0.403050 0.428258 0.667416 0.532593 0.442869 0.545469 0.592636 
0.450182 0.610108 0.317173 0.467414 0.493195 0.388436 0.424310 0.718755 0.503506 0.441741 0.601428 0.571478 
0.446904 0.648056 0.296238 0.466540 0.536218 0.374665 0.420787 0.767995 0.475476 0.440604 0.655536 0.550643 
0.444922 0.687074 0.275245 0.466878 0.580610 0.360259 0.416937 0.817185 0.446948 0.439077 0.709906 0.528745 
0.412263 0.865969 0.413956 0.442685 0.724672 0.251773 0.436391 0.765125 0.503053 0.466613 0.624863 0.344022 
0.469760 0.497523 0.131826 0.406229 0.913230 0.380555 0.451257 0.548641 0.004985 0.431230 0.820644 0.477985 0.465903 0.668260 0.331511 
0.473617 0.509984 0.135941 0.401158 0.955998 0.349019 0.457340 0.550397 0.004998 0.426449 0.871359 0.453358 0.466009 0.709275 0.319040 
0.476808 0.521117 0.138829 0.397027 0.993035 0.314804 0.462448 0.551254 0.004928 0.422995 0.916300 0.424928 0.466614 0.746091 0.302437 
0.482007 0.532382 0.140955 0.397141 1.020610 0.276650 0.422934 0.953041 0.392663 0.469074 0.774148 0.284285 
0.487600 0.543618 0.142195 0.400892 1.039787 0.237833 0.425610 0.981744 0.359117 0.472923 0.794830 0.265831 
0.493349 0.554219 0.143002 0.405608 1.054344 0.199799 0.428795 1.005791 0.325476 0.477065 0.812262 0.247410 
0.408271 1.066617 0.164911 0.430180 1.026808 0.293849 0.479779 0.828566 0.229679 0.499145 0.562591 0.155152 
0.411590 1.076542 0.137982 0.430901 1.045309 0.269669 0.482632 0.843582 0.219589 0.505088 0.572660 0.168171 
0.416319 1.084125 0.119902 0.512904 0.557822 0.044022 0.431693 1.060523 0.253680 0.485321 0.856464 0.216781 
0.485916 0.867439 0.220272 0.417828 1.091656 0.115071 0.515014 0.593096 0.195432 0.520892 0.564340 0.060589 0.499997 0.772714 0.015628 
0.485928 0.875810 0.232729 0.418982 1.097920 0.122448 0.519133 0.607386 0.201856 0.526568 0.576276 0.067615 0.502317 0.783383 0.018662 
0.529858 0.586455 0.068591 0.502178 0.792804 0.018279 0.419923 1.102321 0.135165 0.522049 0.618340 0.202629 0.485573 0.880586 0.246970 
0.530639 0.588996 0.067170 0.501892 0.795209 0.016893 0.421072 1.103464 0.144791 0.523173 0.620892 0.201226 0.485707 0.881350 0.256435 
0.529841 0.587808 0.063669 0.501215 0.794429 0.015026 0.422110 1.101417 0.147790 0.523121 0.618751 0.197988 0.481892 0.894277 0.121083 
0.422527 1.097884 0.146482 0.528179 0.585976 0.058067 0.499774 0.793283 0.012300 0.487080 0.873715 0.253990 
0.422566 1.093279 0.144168 0.525565 0.583483 0.049866 0.487840 0.867300 0.247364 
0.422801 1.087787 0.143094 0.522465 0.581079 0.041327 0.433715 1.063204 0.277133 0.488620 0.859428 0.240544 
0.424044 1.081356 0.142705 0.520378 0.580255 0.037662 0.436566 1.054582 0.276182 0.489314 0.850979 0.235672 
0.425453 1.075964 0.144385 0.518993 0.579740 0.035007 0.438690 1.047767 0.277499 0.489670 0.844203 0.234604 
0.426156 1.073432 0.147941 0.518116 0.579430 0.032836 0.439732 1.043859 0.280723 0.489964 0.840586 0.235620 
0.426071 1.072560 0.151606 0.517096 0.579205 0.031153 0.439879 1.041787 0.284091 0.489840 0.838881 0.237072 
0.425628 1.072537 0.154445 0.439571 1.040953 0.286725 0.489528 0.838351 0.238410 0.514741 0.595452 0.167139 
0.425069 1.073004 0.156097 0.439132 1.040926 0.288245 0.489210 0.838548 0.239121 0.514363 0.594969 0.166538 
0.424668 1.073532 0.156656 0.438809 1.041257 0.288747 0.489026 0.838996 0.239285 0.514174 0.594753 0.166279 
0.424520 1.073887 0.156638 0.438671 1.041612 0.288728 0.488962 0.839371 0.239258 0.514087 0.594750 0.166289 
0.424303 1.074408 0.156582 0.438471 1.042135 0.288672 0.488861 0.839921 0.239195 0.513975 0.594759 0.166299 
0.424083 1.074932 0.156527 0.438268 1.042662 0.288615 0.488759 0.840475 0.239130 0.513870 0.594776 0.166305 
0.423921 1.075310 0.156484 0.438120 1.043041 0.288570 0.488683 0.840873 0.239079 0.513799 0.594794 0.166311 
0.423866 1.075446 0.156469 0.438069 1.043178 0.288556 0.488658 0.841017 0.239062 0.513761 0.594792 0.166316 
0.423865 1.075447 0.156471 0.438068 1.043178 0.288557 0.488657 0.841018 0.239063 0.513760 0.594792 0.166316 
0.423852 1.075461 0.156483 0.438058 1.043187 0.288568 0.488652 0.841030 0.239065 0.513773 0.594809 0.166304 
0.423843 1.075470 0.156495 0.438050 1.043192 0.288579 0.488646 0.841038 0.239069 0.513772 0.594816 0.166298 
0.423836 1.075475 0.156503 0.438045 1.043194 0.288585 0.488643 0.841041 0.239070 0.513781 0.594829 0.166291 
0.423823 1.075490 0.156518 0.438033 1.043203 0.288600 0.488636 0.841054 0.239075 0.513780 0.594833 0.166283 
0.423818 1.075494 0.156525 0.438030 1.043205 0.288605 0.488634 0.841057 0.239077 0.513781 0.594835 0.166280 
0.423812 1.075498 0.156534 0.438025 1.043206 0.288614 0.488631 0.841060 0.239079 0.513783 0.594839 0.166273 
0.423812 1.075498 0.156536 0.438024 1.043206 0.288616 0.488631 0.841060 0.239081 0.513782 0.594838 0.166274 
0.423790 1.075520 0.156568 0.438004 1.043221 0.288646 0.488618 0.841079 0.239100 0.513776 0.594846 0.166267 
0.423771 1.075537 0.156595 0.437987 1.043231 0.288672 0.488607 0.841094 0.239116 0.513773 0.594857 0.166260 
0.423763 1.075544 0.156610 0.437980 1.043235 0.288685 0.488603 0.841099 0.239123 0.513770 0.594859 0.166255 
0.423761 1.075545 0.156615 0.437977 1.043235 0.288690 0.488601 0.841100 0.239127 0.513770 0.594861 0.166255 
0.423751 1.075554 0.156631 0.437969 1.043240 0.288705 0.488596 0.841108 0.239135 0.513767 0.594862 0.166250 
0.423748 1.075556 0.156638 0.437965 1.043241 0.288712 0.488593 0.841110 0.239140 0.513766 0.594864 0.166250 
0.423744 1.075559 0.156644 0.437962 1.043243 0.288717 0.488591 0.841112 0.239144 0.513765 0.594866 0.166249 
0.423735 1.075569 0.156662 0.437953 1.043251 0.288735 0.488585 0.841122 0.239159 0.513760 0.594868 0.166249 
0.423704 1.075598 0.156726 0.437919 1.043275 0.288798 0.488561 0.841150 0.239213 0.513771 0.594889 0.166237 
0.423647 1.075655 0.156862 0.437853 1.043321 0.288932 0.488514 0.841204 0.239335 0.513719 0.594904 0.166256 
0.423633 1.075668 0.156893 0.437837 1.043330 0.288962 0.488503 0.841216 0.239359 0.513711 0.594909 0.166256 
0.423623 1.075678 0.156914 0.437827 1.043337 0.288983 0.488497 0.841225 0.239375 0.513707 0.594913 0.166256 
0.423596 1.075702 0.156973 0.437797 1.043356 0.289040 0.488476 0.841248 0.239425 0.513688 0.594921 0.166261 
0.423592 1.075706 0.156981 0.437793 1.043359 0.289049 0.488473 0.841252 0.239432 0.513687 0.594924 0.166261 
0.423584 1.075714 0.156995 0.437785 1.043364 0.289062 0.488468 0.841259 0.239441 0.513683 0.594925 0.166259 
0.423575 1.075721 0.157018 0.437776 1.043368 0.289084 0.488462 0.841264 0.239457 0.513680 0.594928 0.166257 
0.423562 1.075732 0.157059 0.437762 1.043373 0.289124 0.488452 0.841272 0.239489 0.513672 0.594932 0.166257 
