0.018016 -0.091376 0.004575 -0.115076 -0.054901 0.004776 -0.038961 -0.297850 0.004595 -0.171583 -0.264664 0.004794 
0.018015 -0.091376 0.004614 -0.115077 -0.054901 0.004796 -0.038962 -0.297849 0.004631 -0.171584 -0.264664 0.004811 
0.018059 -0.091319 0.004761 -0.115029 -0.054830 0.004864 -0.038941 -0.297786 0.004455 -0.171559 -0.264586 0.004553 
0.018060 -0.091319 0.004776 -0.115029 -0.054829 0.004873 -0.038940 -0.297786 0.004502 -0.171559 -0.264586 0.004594 
0.018134 -0.091377 0.004856 -0.114947 -0.054863 0.004704 -0.038904 -0.297833 0.004263 -0.171516 -0.264609 0.004105 
0.018158 -0.091447 0.004697 -0.114924 -0.054938 0.004467 -0.038871 -0.297906 0.004507 -0.171484 -0.264688 0.004277 
0.018177 -0.091471 0.004671 -0.114904 -0.054957 0.004431 -0.038860 -0.297928 0.004607 -0.171472 -0.264704 0.004368 
0.018185 -0.091485 0.004672 -0.114896 -0.054969 0.004436 -0.038855 -0.297941 0.004671 -0.171467 -0.264715 0.004438 
0.018225 -0.091481 0.004796 -0.114852 -0.054951 0.004463 -0.038838 -0.297931 0.004655 -0.171445 -0.264691 0.004323 
0.018296 -0.091553 0.004772 -0.114785 -0.055038 0.004198 -0.038744 -0.298009 0.004950 -0.171355 -0.264784 0.004385 
0.018376 -0.091528 0.005014 -0.114695 -0.054985 0.004270 -0.038707 -0.297973 0.004835 -0.171310 -0.264719 0.004097 
0.018369 -0.091526 0.005259 -0.114701 -0.054983 0.004330 -0.038714 -0.297970 0.005099 -0.171315 -0.264717 0.004176 
0.018355 -0.091522 0.005660 -0.114712 -0.054979 0.004385 -0.038728 -0.297966 0.005513 -0.171327 -0.264714 0.004248 
0.018272 -0.091448 0.005731 -0.114814 -0.054969 0.004439 -0.038712 -0.297920 0.005597 -0.171327 -0.264731 0.004315 
0.018258 -0.091434 0.005636 -0.114832 -0.054970 0.004488 -0.038704 -0.297912 0.005515 -0.171323 -0.264737 0.004376 
0.018251 -0.091426 0.005560 -0.114843 -0.054971 0.004532 -0.038695 -0.297908 0.005452 -0.171318 -0.264743 0.004433 
0.018254 -0.091426 0.005512 -0.114840 -0.054972 0.004569 -0.038691 -0.297908 0.005416 -0.171315 -0.264744 0.004481 
0.018242 -0.091422 0.005848 -0.114851 -0.054968 0.004599 -0.038704 -0.297904 0.005763 -0.171325 -0.264741 0.004524 
0.018207 -0.091413 0.006648 -0.114876 -0.054961 0.004626 -0.038738 -0.297895 0.006568 -0.171351 -0.264733 0.004564 
0.018162 -0.091400 0.007556 -0.114906 -0.054953 0.004650 -0.038783 -0.297883 0.007480 -0.171381 -0.264725 0.004601 
0.018119 -0.091389 0.008343 -0.114932 -0.054946 0.004672 -0.038827 -0.297871 0.008271 -0.171407 -0.264718 0.004635 
0.017637 -0.092815 0.009577 -0.114972 -0.054934 0.004690 -0.041556 -0.298665 0.009508 -0.173730 -0.264078 0.004667 
0.016404 -0.096480 0.011307 -0.115016 -0.054890 0.004727 -0.048581 -0.300574 0.011304 -0.179660 -0.262290 0.004786 
0.016363 -0.096633 0.011240 -0.115013 -0.054892 0.004745 -0.048855 -0.300653 0.011230 -0.179894 -0.262218 0.004797 
0.016414 -0.096649 0.010587 -0.114990 -0.054899 0.004762 -0.048803 -0.300670 0.010573 -0.179871 -0.262226 0.004803 
0.016477 -0.096671 0.009721 -0.114960 -0.054910 0.004777 -0.048742 -0.300691 0.009701 -0.179841 -0.262236 0.004804 
0.016464 -0.096669 0.009914 -0.114965 -0.054908 0.004790 -0.048757 -0.300689 0.009884 -0.179849 -0.262233 0.004809 
0.016394 -0.096660 0.010845 -0.114996 -0.054899 0.004800 -0.048844 -0.300674 0.010804 -0.179898 -0.262219 0.004817 
0.016214 -0.096686 0.012765 -0.115061 -0.054879 0.004813 -0.049141 -0.300663 0.012709 -0.180082 -0.262161 0.004833 
0.015996 -0.096619 0.015018 -0.115137 -0.054855 0.004825 -0.049358 -0.300596 0.014936 -0.180158 -0.262138 0.004840 
0.015744 -0.096538 0.017231 -0.115217 -0.054832 0.004837 -0.049602 -0.300517 0.017124 -0.180233 -0.262116 0.004847 
0.015664 -0.096512 0.017892 -0.115240 -0.054825 0.004843 -0.049680 -0.300492 0.017780 -0.180254 -0.262109 0.004854 
0.015606 -0.096488 0.018367 -0.115256 -0.054819 0.004849 -0.049731 -0.300470 0.018249 -0.180263 -0.262106 0.004860 
0.015629 -0.096536 0.018372 -0.115213 -0.054801 0.004855 -0.049832 -0.300479 0.018462 -0.180345 -0.262048 0.005077 
-0.313396 0.149579 0.017020 0.016588 -0.096258 0.020303 -0.051761 -0.299222 0.023744 -0.181603 -0.259226 0.008539 -0.443014 -0.020469 0.004348 
0.023755 -0.083073 0.025447 -0.048414 -0.284739 0.025961 -0.312644 0.149585 0.009827 -0.177274 -0.242160 0.009467 -0.443028 -0.020266 0.004484 
-0.038653 -0.262725 0.021031 -0.313062 0.150119 0.006314 0.034631 -0.061562 0.027402 -0.167120 -0.218909 0.004711 -0.442992 -0.020154 0.004544 -0.336347 -0.105682 0.005811 
-0.038148 -0.260666 0.020232 -0.313899 0.150585 0.004964 0.034513 -0.059213 0.024117 -0.166910 -0.217422 0.004735 -0.443084 -0.020263 0.004643 -0.336056 -0.105317 0.005478 
-0.038289 -0.261188 0.020028 -0.313884 0.150577 0.004962 0.035404 -0.060087 0.022330 -0.166891 -0.217390 0.004754 -0.443070 -0.020269 0.004770 -0.336041 -0.105324 0.005169 
-0.038172 -0.261102 0.019447 -0.313870 0.150574 0.004983 0.035544 -0.059997 0.020125 -0.166869 -0.217381 0.004770 -0.443082 -0.020254 0.004965 -0.336065 -0.105324 0.005003 
-0.038156 -0.261192 0.018800 -0.313692 0.150845 0.005121 0.035578 -0.060093 0.019285 -0.166921 -0.217449 0.004803 -0.443288 -0.019691 0.004928 -0.336462 -0.105002 0.004728 
-0.038391 -0.261465 0.018245 -0.313269 0.151382 0.005105 0.035852 -0.060554 0.018633 -0.167101 -0.217383 0.004818 -0.443720 -0.018501 0.004936 -0.337324 -0.104348 0.004755 
-0.038560 -0.261682 0.017567 -0.312710 0.152065 0.005205 0.035887 -0.060846 0.017808 -0.167294 -0.217455 0.004863 -0.444241 -0.016984 0.005218 -0.338394 -0.103507 0.004932 
-0.038583 -0.261746 0.016796 -0.312335 0.152551 0.005436 0.035877 -0.060914 0.017018 -0.167381 -0.217487 0.004870 -0.444589 -0.015931 0.005894 -0.339116 -0.102908 0.005389 
-0.038529 -0.261783 0.016077 -0.312297 0.152622 0.006005 0.035931 -0.060951 0.016282 -0.167385 -0.217506 0.004877 -0.444585 -0.015831 0.007066 -0.339134 -0.102831 0.006008 
-0.038499 -0.261827 0.015322 -0.312433 0.152423 0.006636 0.035864 -0.060959 0.015510 -0.167434 -0.217592 0.004883 -0.444339 -0.016326 0.008186 -0.338701 -0.103090 0.006535 
-0.038453 -0.261853 0.014525 -0.312655 0.152071 0.007316 0.035829 -0.060956 0.014695 -0.167461 -0.217651 0.004895 -0.444007 -0.017104 0.009335 -0.338101 -0.103524 0.007033 
-0.038368 -0.261878 0.013666 -0.312787 0.151825 0.008054 0.035851 -0.060957 0.013814 -0.167446 -0.217698 0.004903 -0.443761 -0.017635 0.010653 -0.337685 -0.103824 0.007633 
-0.038233 -0.261852 0.012693 -0.312917 0.151577 0.008842 0.035779 -0.060855 0.012823 -0.167413 -0.217785 0.004907 -0.443502 -0.018172 0.012078 -0.337259 -0.104125 0.008287 
-0.038102 -0.261834 0.011609 -0.312973 0.151410 0.009692 0.035732 -0.060772 0.011721 -0.167375 -0.217863 0.004911 -0.443285 -0.018533 0.013698 -0.336947 -0.104327 0.009078 
-0.037930 -0.261806 0.010344 -0.312845 0.151305 0.010600 0.035616 -0.060637 0.010417 -0.167321 -0.218001 0.004965 -0.442970 -0.018757 0.015532 -0.336595 -0.104453 0.010030 
-0.037791 -0.261831 0.009074 -0.312060 0.151294 0.011488 0.035682 -0.060636 0.009116 -0.167240 -0.218060 0.004972 -0.442133 -0.018777 0.017373 -0.335799 -0.104465 0.011006 
-0.037710 -0.261860 0.007667 -0.310532 0.151411 0.012336 0.035763 -0.060664 0.007693 -0.167192 -0.218077 0.004968 -0.440739 -0.018521 0.019204 -0.334550 -0.104323 0.012013 
-0.037637 -0.261885 0.006145 -0.308488 0.151630 0.013166 0.035835 -0.060690 0.006156 -0.167139 -0.218096 0.004964 -0.438979 -0.018039 0.021052 -0.333020 -0.104055 0.013054 
-0.037591 -0.261902 0.004994 -0.306242 0.151859 0.014011 0.035881 -0.060706 0.004991 -0.167098 -0.218110 0.004990 -0.437025 -0.017535 0.022907 -0.331314 -0.103773 0.014088 
-0.037591 -0.261902 0.004989 -0.303653 0.152174 0.014610 0.035881 -0.060706 0.004985 -0.167098 -0.218110 0.004989 -0.434678 -0.016991 0.024253 -0.329167 -0.103414 0.014853 
-0.037562 -0.261878 0.004876 -0.301098 0.153708 0.015501 0.035924 -0.060688 0.004902 -0.167066 -0.218078 0.004880 -0.432218 -0.015378 0.025267 -0.326824 -0.101860 0.015131 
-0.037579 -0.261889 0.004864 -0.300038 0.156058 0.017442 0.035897 -0.060695 0.004728 -0.167086 -0.218095 0.005028 -0.431266 -0.012933 0.027396 -0.326033 -0.099479 0.016185 
-0.037577 -0.261890 0.004871 -0.300805 0.157281 0.020009 0.035900 -0.060696 0.004739 -0.167083 -0.218095 0.005116 -0.431903 -0.011762 0.030768 -0.326764 -0.098258 0.018358 
-0.037564 -0.261895 0.004879 -0.302422 0.157183 0.022758 0.035913 -0.060702 0.004752 -0.167068 -0.218101 0.005532 -0.433213 -0.012019 0.034676 -0.328102 -0.098384 0.021164 
-0.037541 -0.261903 0.004886 -0.303909 0.156521 0.025467 0.035936 -0.060710 0.004763 -0.167041 -0.218110 0.006201 -0.434374 -0.012848 0.038538 -0.329281 -0.099078 0.024052 
-0.037514 -0.261913 0.004893 -0.304823 0.155449 0.027965 0.035963 -0.060720 0.004774 -0.167004 -0.218123 0.007014 -0.434989 -0.014062 0.042121 -0.329920 -0.100178 0.026817 
-0.037484 -0.261924 0.004900 -0.305205 0.154082 0.030200 0.035992 -0.060730 0.004783 -0.166959 -0.218140 0.007887 -0.435033 -0.015606 0.045321 -0.329950 -0.101581 0.029329 
-0.037456 -0.261935 0.004906 -0.305509 0.152752 0.032305 0.036020 -0.060741 0.004792 -0.166912 -0.218157 0.008722 -0.434962 -0.017144 0.048280 -0.329844 -0.102951 0.031632 
-0.037429 -0.261944 0.004912 -0.305758 0.151702 0.034338 0.036047 -0.060750 0.004800 -0.166861 -0.218175 0.009525 -0.434897 -0.018358 0.051075 -0.329776 -0.104031 0.033771 
-0.037402 -0.261954 0.004918 -0.305845 0.151063 0.036312 0.036072 -0.060760 0.004806 -0.166808 -0.218195 0.010299 -0.434750 -0.019112 0.053674 -0.329660 -0.104689 0.035712 
-0.025656 -0.260799 0.015397 -0.308777 0.154889 0.035172 0.046809 -0.059243 0.014148 -0.155335 -0.217651 0.018744 -0.437062 -0.015744 0.052638 -0.331894 -0.100921 0.033292 
-0.009470 -0.265680 0.021211 -0.314250 0.164369 0.029408 0.066791 -0.065571 0.016907 -0.138307 -0.220040 0.024003 -0.441331 -0.007264 0.045839 -0.335901 -0.091519 0.024034 
0.016990 -0.278707 0.035337 -0.314930 0.169617 0.023516 0.080950 -0.074542 0.025150 -0.114364 -0.240887 0.037755 -0.445302 0.000014 0.034284 -0.340513 -0.085853 0.015953 
0.046223 -0.299211 0.049409 -0.315215 0.170245 0.019661 0.105483 -0.094205 0.031001 -0.085691 -0.263925 0.055990 -0.447102 0.001530 0.023993 -0.342256 -0.084980 0.009392 
0.103623 -0.330749 0.071965 -0.313871 0.173447 0.014567 0.153952 -0.124405 0.044273 -0.029511 -0.300656 0.079681 -0.450223 0.008263 0.014048 -0.347161 -0.081045 0.004449 
0.167374 -0.346400 0.092856 -0.313909 0.173484 0.014045 0.213995 -0.139541 0.062631 0.033459 -0.319117 0.096331 -0.450261 0.008300 0.013579 -0.347174 -0.081033 0.004495 
0.225375 -0.335207 0.102135 -0.313731 0.173339 0.016130 0.271150 -0.126759 0.083914 0.091159 -0.309291 0.100104 -0.450087 0.008158 0.015690 -0.347118 -0.081078 0.004541 
-0.313776 0.172709 0.019387 0.257261 -0.305903 0.089984 0.305854 -0.097319 0.093054 -0.449370 0.006903 0.019814 0.123408 -0.278105 0.090477 -0.346260 -0.081705 0.005434 
-0.314941 0.170921 0.022183 0.282024 -0.293938 0.090197 0.335965 -0.087052 0.103087 -0.447784 0.002902 0.022060 0.149284 -0.262234 0.082155 -0.343455 -0.083765 0.004906 
-0.315620 0.169549 0.024981 0.296294 -0.298326 0.103881 0.353865 -0.092378 0.116065 -0.446461 -0.000035 0.024823 0.169157 -0.264033 0.067138 -0.341408 -0.085223 0.004903 
-0.315168 0.169025 0.028448 0.302132 -0.304903 0.131655 0.367624 -0.101014 0.135868 -0.445839 -0.000689 0.028290 0.192144 -0.271500 0.057651 -0.341135 -0.085435 0.004942 
-0.314324 0.169015 0.032013 0.310779 -0.309068 0.105872 0.378407 -0.105908 0.111354 -0.445522 -0.000292 0.032107 0.208348 -0.276163 0.021521 -0.341626 -0.084978 0.005205 
-0.312768 0.168828 0.037068 0.314519 -0.310421 0.086887 0.384297 -0.107916 0.087662 -0.444748 0.000133 0.037960 0.210156 -0.277625 0.004895 -0.342188 -0.084451 0.006074 
-0.304308 0.166573 0.041293 0.317842 -0.311283 0.081325 0.387298 -0.108678 0.083547 -0.437383 -0.001247 0.043585 0.210784 -0.277205 0.003434 -0.336195 -0.086164 0.008375 
-0.295988 0.159655 0.052968 0.320907 -0.312247 0.076881 0.390419 -0.109659 0.078921 -0.428041 -0.008962 0.055763 0.210948 -0.277257 0.003570 -0.326941 -0.092942 0.018133 
-0.294499 0.152040 0.076873 0.323759 -0.313146 0.072372 0.393321 -0.110574 0.074237 -0.423649 -0.018779 0.081248 0.211112 -0.277310 0.003698 -0.322448 -0.100495 0.039169 
-0.294384 0.148619 0.107690 0.395944 -0.111403 0.069625 0.326339 -0.313962 0.067921 -0.421397 -0.023743 0.113765 0.211273 -0.277362 0.003814 -0.321034 -0.103464 0.066210 
-0.291182 0.150633 0.141466 0.328769 -0.314734 0.063334 0.398412 -0.112188 0.064886 -0.417666 -0.022123 0.147394 0.211436 -0.277414 0.003918 -0.318956 -0.100298 0.094150 
-0.285448 0.156436 0.177042 0.330945 -0.315427 0.058828 0.400624 -0.112891 0.060233 -0.411696 -0.016562 0.180343 0.211596 -0.277465 0.004016 -0.314735 -0.092525 0.121031 
-0.276322 0.163721 0.211998 0.332953 -0.316070 0.054252 0.402664 -0.113545 0.055523 -0.403868 -0.008354 0.211518 0.211756 -0.277517 0.004104 -0.309122 -0.082495 0.146585 
-0.266511 0.167154 0.245779 0.334489 -0.316506 0.049528 0.404532 -0.114096 0.050808 -0.395988 -0.003459 0.243561 0.211676 -0.277201 0.004119 -0.304060 -0.076441 0.173471 
-0.257268 0.163542 0.275991 0.335744 -0.317729 0.044914 0.406730 -0.115658 0.047421 -0.388112 -0.006037 0.275455 0.211725 -0.277143 0.004145 -0.299377 -0.078422 0.200780 
-0.247800 0.154296 0.301657 0.336820 -0.319538 0.040121 0.408949 -0.117945 0.046044 -0.378930 -0.015046 0.304107 0.211863 -0.277269 0.004220 -0.293154 -0.086765 0.225438 
-0.237583 0.143562 0.325051 0.337768 -0.321236 0.035137 0.411248 -0.120243 0.044088 -0.368110 -0.026196 0.329820 0.212007 -0.277391 0.004287 -0.285019 -0.096558 0.247147 
-0.225040 0.134622 0.347032 0.413702 -0.122617 0.041333 0.338565 -0.322872 0.029921 -0.355309 -0.035285 0.353292 -0.275078 -0.104138 0.266619 
-0.209241 0.128875 0.369036 0.416407 -0.125223 0.037667 0.339153 -0.324559 0.024440 -0.340267 -0.040393 0.376672 -0.263507 -0.108063 0.286016 
-0.190002 0.124442 0.390474 0.419529 -0.128680 0.032831 0.339113 -0.326689 0.018572 -0.322547 -0.043412 0.402080 -0.250342 -0.111145 0.307802 
-0.167417 0.121621 0.413196 0.422453 -0.133844 0.025943 0.338336 -0.330349 0.012238 -0.301426 -0.044638 0.429848 -0.234654 -0.112520 0.331749 
-0.141093 0.121991 0.437006 0.423611 -0.138141 0.015867 0.335484 -0.333091 0.005565 -0.276476 -0.042645 0.458085 -0.215796 -0.109930 0.355710 
-0.108544 0.128042 0.461550 0.426530 -0.139586 0.008597 0.335276 -0.333330 0.004927 -0.246473 -0.034145 0.484971 0.210340 -0.278252 0.011799 -0.192350 -0.099956 0.378062 
-0.068593 0.138200 0.486678 0.333048 -0.331732 0.004927 0.428982 -0.140227 0.004881 -0.210926 -0.019721 0.512755 0.210169 -0.273852 0.020425 -0.164138 -0.084654 0.401920 
-0.025060 0.144915 0.519261 0.326148 -0.328238 0.004928 0.429300 -0.140522 0.004842 -0.170778 -0.008320 0.553366 0.206821 -0.266408 0.029987 -0.133650 -0.073643 0.439154 
0.023508 0.146186 0.560202 0.318169 -0.323572 0.005661 0.429531 -0.140608 0.004852 -0.122904 -0.003452 0.605474 0.203665 -0.257574 0.040634 -0.097655 -0.068443 0.487880 
0.076751 0.146419 0.600903 0.310588 -0.318562 0.010018 0.429865 -0.140731 0.004863 -0.068906 0.000232 0.658272 0.201859 -0.248322 0.053997 -0.056122 -0.064345 0.538454 
0.306978 -0.319917 0.018902 0.134961 0.152652 0.631605 0.431781 -0.146408 0.004880 -0.012198 0.012227 0.698707 0.204070 -0.245828 0.069996 -0.010804 -0.051933 0.577995 
0.441647 -0.153715 0.004970 0.315647 -0.325834 0.024379 0.188837 0.158313 0.649420 0.036499 0.025569 0.720480 0.216017 -0.250696 0.080216 0.029687 -0.036913 0.599074 
0.466607 -0.150821 0.004972 0.342667 -0.324956 0.018891 0.222241 0.148879 0.657808 0.060927 0.020460 0.715809 0.242241 -0.252859 0.077256 0.055360 -0.034511 0.590761 
0.233329 0.118999 0.655645 0.380569 -0.314159 0.004776 0.507125 -0.141355 0.005254 0.068900 -0.011907 0.696931 0.278878 -0.243922 0.063218 0.070416 -0.059598 0.568817 
0.402531 -0.314309 0.004789 0.235640 0.078977 0.651608 0.530227 -0.142422 0.009909 0.071821 -0.057083 0.674605 0.082006 -0.096578 0.544120 
0.421325 -0.314496 0.004803 0.239342 0.041436 0.652103 0.076361 -0.097324 0.659856 0.092810 -0.129094 0.527909 0.550725 -0.144231 0.016772 0.451315 -0.073522 0.081287 
0.435491 -0.314729 0.004812 0.244263 0.012559 0.659107 0.081546 -0.126720 0.657674 0.100736 -0.152832 0.524860 0.566163 -0.146153 0.024420 0.466739 -0.077099 0.090681 
0.443036 -0.314903 0.004822 0.249701 -0.004907 0.669336 0.087163 -0.144390 0.667444 0.105543 -0.169052 0.534238 0.575489 -0.148686 0.031385 0.476394 -0.080908 0.099432 
0.453855 -0.315122 0.004831 0.254787 -0.016341 0.684207 0.091354 -0.154777 0.682527 0.108261 -0.178204 0.548904 0.585755 -0.150018 0.039770 0.484987 -0.084095 0.107178 
0.462911 -0.315218 0.004843 0.257671 -0.026849 0.702032 0.094288 -0.165354 0.702479 0.108683 -0.187854 0.568403 0.593845 -0.151064 0.047121 0.491109 -0.086322 0.112680 
0.464659 -0.314898 0.005073 0.256400 -0.037709 0.717455 0.094082 -0.177445 0.719498 0.106077 -0.198388 0.584934 0.593693 -0.150540 0.052130 0.489358 -0.087453 0.116769 
0.464447 -0.314891 0.005211 0.250496 -0.047010 0.721997 0.101322 -0.208146 0.588734 0.592154 -0.150300 0.054994 0.486925 -0.088441 0.119371 
0.464280 -0.314841 0.005282 0.240916 -0.053065 0.717981 0.094655 -0.213967 0.581252 0.590330 -0.149420 0.056514 0.484261 -0.088779 0.120669 
0.464224 -0.314835 0.005350 0.230284 -0.057597 0.708992 0.071502 -0.201246 0.703396 0.088036 -0.219185 0.568880 0.589320 -0.149153 0.058058 0.482663 -0.089261 0.121942 
0.464180 -0.314845 0.005420 0.221647 -0.062823 0.702162 0.064090 -0.207666 0.693552 0.083067 -0.225191 0.559303 0.588600 -0.149144 0.059644 0.481474 -0.089852 0.123303 
0.464118 -0.314838 0.005493 0.215952 -0.068557 0.701346 0.059471 -0.214446 0.690961 0.079510 -0.231218 0.556771 0.587455 -0.148843 0.061272 0.479717 -0.090420 0.124702 
0.464079 -0.314867 0.005579 0.212583 -0.074213 0.703088 0.057101 -0.221154 0.692526 0.077241 -0.237612 0.558312 0.586836 -0.149080 0.063227 0.478687 -0.091349 0.126592 
0.464048 -0.314899 0.005658 0.210973 -0.079754 0.706463 0.056193 -0.227427 0.695790 0.076044 -0.243295 0.561462 0.586336 -0.149380 0.065045 0.477872 -0.092319 0.128477 
0.464053 -0.314985 0.005728 0.210451 -0.084885 0.709034 0.056218 -0.233132 0.698412 0.075761 -0.248585 0.563991 0.586274 -0.150004 0.066728 0.477708 -0.093446 0.130434 
0.464064 -0.315018 0.005683 0.210915 -0.089436 0.710727 0.056919 -0.237905 0.699776 0.076296 -0.252827 0.565270 0.586438 -0.150651 0.068021 0.477922 -0.094509 0.132180 
0.464116 -0.315206 0.005820 0.212548 -0.093330 0.712288 0.058526 -0.241752 0.701071 0.077630 -0.256151 0.566470 0.586838 -0.151437 0.069041 0.478527 -0.095591 0.133801 
0.464230 -0.315425 0.005838 0.215517 -0.096403 0.714006 0.079725 -0.258632 0.568338 0.587697 -0.152501 0.069784 0.479794 -0.096772 0.135323 
0.464370 -0.320425 0.005854 0.214312 -0.100357 0.711939 0.062149 -0.250934 0.704824 0.080173 -0.267472 0.570319 0.586711 -0.157020 0.070733 0.478620 -0.102813 0.137231 
0.211815 -0.105659 0.708331 0.062820 -0.259480 0.704194 0.081199 -0.278256 0.570032 0.983724 -0.918628 0.017495 0.981671 -0.907669 0.004676 0.583223 -0.168896 0.065927 0.473978 -0.115616 0.131277 
0.082232 -0.288499 0.568289 0.209339 -0.109593 0.701754 0.063568 -0.266527 0.701926 0.469334 -0.132279 0.123005 0.579738 -0.185077 0.059228 0.982495 -0.916637 0.017826 0.981235 -0.905811 0.004793 
0.083686 -0.298518 0.566546 0.207588 -0.112663 0.693363 0.065093 -0.272462 0.699456 0.464921 -0.150752 0.114132 0.576156 -0.203424 0.051711 0.981324 -0.913568 0.017779 0.980983 -0.902689 0.004734 
0.085173 -0.308485 0.565412 0.205972 -0.115751 0.684735 0.066831 -0.278097 0.697435 0.460589 -0.170652 0.104645 0.572678 -0.223371 0.043810 0.980138 -0.909284 0.017649 0.980709 -0.898263 0.004731 
0.086442 -0.318842 0.564091 0.203913 -0.119587 0.675781 0.068266 -0.284223 0.695091 0.456079 -0.190415 0.095851 0.568974 -0.242929 0.036345 0.976662 -0.901542 0.017444 0.978058 -0.890310 0.004773 
0.087104 -0.330345 0.562723 0.200682 -0.124887 0.666951 0.068909 -0.291785 0.692615 0.451010 -0.209767 0.087807 0.564824 -0.261577 0.029445 0.959136 -0.879125 0.016988 0.961300 -0.867484 0.004804 
0.089068 -0.341759 0.560393 0.198480 -0.129962 0.656036 0.070839 -0.298799 0.688891 0.446282 -0.231071 0.078368 0.560772 -0.282579 0.021071 0.904901 -0.779497 0.044136 0.929789 -0.836436 0.016151 0.933370 -0.824253 0.004864 
0.198397 -0.132833 0.643474 0.557555 -0.305833 0.011387 0.074270 -0.302595 0.684105 0.092333 -0.350309 0.557271 0.888676 -0.701895 0.050755 0.897535 -0.759087 0.014766 0.904080 -0.746855 0.004959 
0.199283 -0.132656 0.630866 0.556241 -0.323589 0.004854 0.077435 -0.302246 0.678510 0.897509 -0.679501 0.007602 0.892450 -0.637569 0.058318 0.888208 -0.690901 0.016099 0.095284 -0.354374 0.553394 0.468032 -0.518773 0.004974 0.352544 -0.470156 0.059644 
0.200027 -0.130818 0.624868 0.556371 -0.324397 0.004853 0.902457 -0.674099 0.007843 0.898063 -0.632964 0.059269 0.078825 -0.300160 0.674978 0.096970 -0.354091 0.550672 0.892721 -0.685366 0.016024 0.353138 -0.471227 0.060657 0.468288 -0.519638 0.005098 
0.201506 -0.128174 0.623467 0.556410 -0.324382 0.004870 0.906906 -0.672671 0.004934 0.902123 -0.630680 0.055628 0.081016 -0.297415 0.675593 0.098947 -0.352485 0.551756 0.896834 -0.683660 0.013085 0.352100 -0.469288 0.061760 0.466738 -0.518894 0.006199 
0.204805 -0.122662 0.623904 0.556480 -0.324436 0.004872 0.085289 -0.291346 0.679935 0.897949 -0.659061 0.013879 0.464186 -0.517700 0.007769 0.908960 -0.648876 0.005899 0.907514 -0.607217 0.057070 0.350359 -0.466156 0.063235 0.101860 -0.348194 0.556714 
0.211610 -0.111593 0.626153 0.556497 -0.324375 0.004879 0.091975 -0.278612 0.686732 0.902129 -0.644305 0.012755 0.460373 -0.515702 0.010519 0.913637 -0.634575 0.004909 0.913659 -0.593160 0.056298 0.347817 -0.461207 0.065756 0.106060 -0.337394 0.564110 
0.222296 -0.096396 0.629468 0.916189 -0.633816 0.004923 0.101243 -0.260674 0.694561 0.905068 -0.643932 0.012839 0.456165 -0.513301 0.014070 0.556467 -0.324272 0.004850 0.915537 -0.592703 0.056549 0.345314 -0.455510 0.069405 0.111964 -0.321240 0.572468 
0.236980 -0.080152 0.631715 0.916543 -0.633835 0.004921 0.915260 -0.594245 0.057714 0.114293 -0.240999 0.702101 0.906135 -0.644698 0.012815 0.451172 -0.510838 0.017421 0.342619 -0.450228 0.074275 0.121030 -0.303615 0.580760 
0.256132 -0.064015 0.633815 0.918108 -0.633810 0.004972 0.916771 -0.596042 0.059080 0.131500 -0.220807 0.709716 0.908291 -0.645293 0.012744 0.445894 -0.507549 0.021523 0.340375 -0.443357 0.080132 0.133778 -0.285422 0.589261 
0.279044 -0.048736 0.637968 0.920821 -0.633982 0.004948 0.919608 -0.598504 0.060589 0.152210 -0.201094 0.719071 0.911563 -0.646084 0.012464 0.440698 -0.504421 0.026240 0.338407 -0.437014 0.086925 0.149528 -0.267177 0.599423 
0.303668 -0.035297 0.644023 0.924082 -0.633626 0.004436 0.923013 -0.601206 0.061915 0.175031 -0.183500 0.729850 0.915335 -0.646381 0.011468 0.435082 -0.501267 0.031845 0.336207 -0.430957 0.094855 0.167239 -0.250390 0.610876 
0.324507 -0.024704 0.649558 0.434254 -0.500122 0.036019 0.923739 -0.604085 0.064259 0.192978 -0.169255 0.737210 0.916066 -0.645508 0.010687 0.924471 -0.632099 0.004504 0.337140 -0.428653 0.100446 0.181732 -0.235941 0.618398 
0.336102 -0.021207 0.653172 0.436765 -0.501333 0.037915 0.924826 -0.599443 0.066069 0.202247 -0.163895 0.740354 0.916036 -0.637165 0.009994 0.924701 -0.623568 0.004636 0.339628 -0.430798 0.103330 0.189979 -0.230041 0.621341 
0.338028 -0.024937 0.654494 0.441238 -0.503211 0.038188 0.926152 -0.590282 0.066980 0.203314 -0.168151 0.739464 0.916354 -0.625164 0.009257 0.925482 -0.611635 0.004533 0.343390 -0.434088 0.104049 0.192093 -0.233460 0.619887 
0.333428 -0.033622 0.654112 0.925945 -0.604363 0.004563 0.926949 -0.584106 0.067370 0.198361 -0.178736 0.735207 0.916547 -0.617789 0.009044 0.446947 -0.504638 0.035992 0.348030 -0.437023 0.101822 0.189464 -0.242659 0.614690 
0.324479 -0.045648 0.651581 0.927394 -0.598361 0.004601 0.928566 -0.578938 0.067667 0.189511 -0.193448 0.727848 0.917747 -0.611676 0.008881 0.451167 -0.506378 0.032971 0.351178 -0.440750 0.099190 0.183810 -0.255737 0.606286 
0.314001 -0.059394 0.649213 0.928618 -0.594655 0.004635 0.929903 -0.575523 0.067788 0.179155 -0.209882 0.720259 0.918780 -0.607855 0.008834 0.453862 -0.508097 0.029220 0.352775 -0.444631 0.095879 0.176617 -0.270198 0.597599 
0.303786 -0.073628 0.648510 0.929745 -0.589144 0.004666 0.931127 -0.570706 0.068024 0.168987 -0.226437 0.714515 0.919598 -0.602168 0.008678 0.454899 -0.509180 0.024679 0.352886 -0.447545 0.091644 0.168995 -0.284512 0.590753 
0.294824 -0.087727 0.649886 0.930981 -0.581959 0.004697 0.932275 -0.565312 0.068550 0.159641 -0.242173 0.711121 0.920410 -0.594776 0.008253 0.455048 -0.509715 0.019424 0.352135 -0.449547 0.086346 0.161382 -0.297772 0.586239 
0.285932 -0.102351 0.651785 0.932757 -0.573699 0.004811 0.933838 -0.559291 0.069210 0.150150 -0.258055 0.708330 0.921669 -0.586220 0.007799 0.454800 -0.509971 0.013423 0.350964 -0.451066 0.080042 0.153294 -0.311070 0.582356 
0.274580 -0.119110 0.653824 0.938330 -0.561609 0.005458 0.939421 -0.548918 0.070217 0.138481 -0.276273 0.705347 0.926365 -0.573406 0.007972 0.454522 -0.510188 0.006411 0.349434 -0.452988 0.072551 0.143241 -0.326529 0.578298 
0.262277 -0.137314 0.655742 0.950261 -0.532820 0.070767 0.125871 -0.296366 0.700166 0.133049 -0.342810 0.571787 0.935998 -0.554475 0.007741 0.454490 -0.510388 0.004986 
0.253703 -0.153118 0.659788 0.957182 -0.522117 0.072446 0.116614 -0.313296 0.697567 0.125713 -0.356035 0.568028 0.942429 -0.540687 0.008554 0.454429 -0.510463 0.004978 
0.249215 -0.165623 0.665385 0.962945 -0.513379 0.074582 0.110811 -0.325796 0.698044 0.120984 -0.365574 0.567645 0.948115 -0.528773 0.009869 0.454385 -0.510581 0.004972 
0.248514 -0.176806 0.672883 0.107976 -0.336136 0.700100 0.118687 -0.372445 0.568735 0.956609 -0.516771 0.011536 0.454353 -0.510661 0.004968 0.457886 -0.269239 0.085719 0.971173 -0.504827 0.077033 
0.250657 -0.187995 0.683714 0.456225 -0.270583 0.089589 0.106676 -0.345255 0.704116 0.117174 -0.376559 0.571453 0.966643 -0.506852 0.015095 0.454314 -0.510691 0.004960 0.980808 -0.498420 0.081223 
0.251783 -0.202323 0.692854 0.989725 -0.495946 0.020035 0.454160 -0.272818 0.095532 0.104677 -0.357349 0.707156 0.114951 -0.383977 0.573457 0.454054 -0.510743 0.004926 0.971771 -0.503100 0.085389 
0.250811 -0.224166 0.701613 0.994586 -0.495057 0.025581 0.453555 -0.275839 0.103034 0.102481 -0.378456 0.710010 0.112922 -0.400382 0.575474 0.453747 -0.510748 0.004874 0.976184 -0.504392 0.090533 
0.998908 -0.495843 0.032617 0.248150 -0.252947 0.711579 0.453600 -0.280210 0.112487 0.110734 -0.424069 0.578122 0.453685 -0.510943 0.004878 0.980476 -0.507341 0.097214 
1.002399 -0.497243 0.041241 0.244095 -0.287783 0.722031 0.453193 -0.285759 0.123238 0.108033 -0.453550 0.580662 0.453655 -0.511170 0.004886 0.984100 -0.511298 0.105368 
1.005226 -0.499576 0.051879 0.239053 -0.328014 0.732445 0.452333 -0.292719 0.135633 0.104807 -0.487358 0.582231 0.453620 -0.511441 0.005338 1.003084 -0.511085 0.116832 0.987168 -0.516828 0.115289 
0.232432 -0.373507 0.742011 0.087165 -0.529165 0.718646 1.006033 -0.503182 0.063867 0.560148 -0.338816 0.073965 0.450936 -0.301478 0.149613 1.004291 -0.518364 0.128073 0.988413 -0.524137 0.126278 
0.449799 -0.312681 0.164895 0.080078 -0.581338 0.715611 1.004381 -0.506863 0.073585 0.559843 -0.345024 0.088159 0.222448 -0.424563 0.747705 1.003148 -0.524946 0.137048 0.987339 -0.530844 0.135060 
0.448629 -0.328198 0.181297 0.071341 -0.638531 0.705364 1.000331 -0.510304 0.080391 0.559726 -0.354292 0.103705 0.209028 -0.479835 0.747025 0.227252 -0.460428 0.611618 0.999412 -0.530491 0.143221 0.983721 -0.536624 0.141022 
0.449363 -0.345637 0.194060 0.060820 -0.696994 0.687678 0.998012 -0.514930 0.085859 0.562663 -0.365894 0.117923 0.080109 -0.671665 0.554725 0.214984 -0.510261 0.609051 0.996009 -0.537134 0.147980 0.980438 -0.543360 0.145253 
0.450344 -0.360351 0.203461 0.043395 -0.747268 0.661061 0.988849 -0.536397 0.080253 0.566717 -0.376599 0.131092 0.067840 -0.715445 0.530372 0.196325 -0.553790 0.597845 0.984241 -0.558082 0.142419 0.969190 -0.565112 0.138851 
0.449217 -0.375604 0.210148 0.020732 -0.784583 0.626583 0.974635 -0.553402 0.073557 0.569670 -0.387530 0.143869 0.142186 -0.628369 0.708582 0.175593 -0.587711 0.581008 0.967547 -0.574460 0.135705 0.953107 -0.582309 0.131399 
0.447946 -0.388718 0.216142 -0.003124 -0.817250 0.584542 0.955770 -0.565577 0.072542 0.572646 -0.396257 0.157515 0.112912 -0.665949 0.682119 0.153900 -0.618456 0.559202 0.948425 -0.586652 0.134654 0.934401 -0.595108 0.130126 
0.933897 -0.574608 0.078948 0.573723 -0.404427 0.170246 -0.024871 -0.850964 0.533956 0.445227 -0.400849 0.220446 0.927876 -0.596505 0.140918 0.914147 -0.605448 0.136424 0.082749 -0.704223 0.646927 0.131470 -0.650073 0.529718 
0.918569 -0.579496 0.090290 -0.042012 -0.887869 0.483567 0.866952 -1.247045 0.340838 0.567287 -0.414065 0.180322 0.883136 -1.247851 0.346606 0.898522 -1.194528 0.310886 0.436492 -0.414229 0.224329 0.054461 -0.742451 0.607761 0.109272 -0.683459 0.495691 
0.907242 -0.581769 0.103471 -0.057644 -0.921881 0.439439 0.855819 -1.255009 0.328135 0.558096 -0.422690 0.188415 0.871799 -1.255521 0.334475 0.887232 -1.201433 0.299945 0.425459 -0.425800 0.226386 0.028265 -0.778087 0.572934 0.087382 -0.714298 0.465788 
0.895817 -0.583160 0.117561 -0.074351 -0.946386 0.399895 0.851233 -1.263398 0.319338 0.547880 -0.430387 0.195865 0.867115 -1.263741 0.325930 0.881896 -1.208368 0.293199 0.413603 -0.436071 0.227193 0.003653 -0.806237 0.541850 0.066444 -0.738023 0.439633 
0.874454 -0.587337 0.123117 -0.087836 -0.968358 0.360500 0.851330 -1.271420 0.320042 0.535650 -0.437575 0.202354 0.867251 -1.271637 0.326545 0.880656 -1.214891 0.295622 0.400074 -0.446703 0.226434 -0.018267 -0.831600 0.509950 0.048132 -0.759555 0.412766 
0.849097 -0.590893 0.126768 -0.095928 -0.991115 0.319473 0.849814 -1.274386 0.320411 0.523323 -0.443904 0.206314 0.865736 -1.274203 0.326915 0.877517 -1.216846 0.296462 -0.036732 -0.858428 0.476850 0.386885 -0.455858 0.223214 0.032714 -0.781611 0.385633 
0.824702 -0.591638 0.130263 -0.100648 -1.010958 0.282094 0.847870 -1.274641 0.320385 0.510635 -0.448779 0.208201 0.863775 -1.273962 0.326898 0.873851 -1.216365 0.296287 -0.051654 -0.883433 0.447063 0.373716 -0.462863 0.218152 0.019882 -0.801480 0.362149 
0.802781 -0.591024 0.133794 -0.104963 -1.027042 0.252312 0.846060 -1.273491 0.319500 0.493255 -0.453438 0.209709 0.861962 -1.272316 0.325949 0.870257 -1.214625 0.294981 -0.064273 -0.904212 0.423002 0.356506 -0.471288 0.214713 0.008383 -0.818049 0.343372 
0.782706 -0.589907 0.136774 -0.109846 -1.043095 0.230558 0.844827 -1.271705 0.318752 0.476468 -0.458255 0.211728 0.860718 -1.270089 0.325131 0.867305 -1.212229 0.294069 -0.075770 -0.923534 0.404976 0.340141 -0.479671 0.212280 -0.003009 -0.834091 0.329150 
0.764632 -0.588400 0.141475 -0.114029 -1.058908 0.212914 0.843855 -1.269842 0.318624 0.463289 -0.463549 0.214986 0.859719 -1.267871 0.324973 0.864835 -1.209741 0.294138 -0.085616 -0.941517 0.389804 0.327415 -0.487424 0.211490 -0.013104 -0.849540 0.316823 
0.750295 -0.586969 0.147848 -0.092713 -0.958220 0.374850 0.452429 -0.469111 0.219032 0.858519 -1.266699 0.325209 0.862500 -1.208283 0.294750 0.842688 -1.268928 0.318865 -0.115427 -1.074208 0.196220 -0.020343 -0.864234 0.304329 0.317050 -0.495002 0.212228 
0.739656 -0.587252 0.154537 -0.097632 -0.972781 0.360943 0.443415 -0.473923 0.222263 0.857472 -1.267171 0.325511 0.860595 -1.208442 0.295559 0.841662 -1.269563 0.319172 -0.115099 -1.087463 0.180886 -0.025258 -0.877125 0.292708 0.308540 -0.501527 0.212734 
0.731688 -0.588749 0.160791 -0.101203 -0.984538 0.348704 0.436481 -0.477936 0.224922 0.856219 -1.268762 0.326136 0.858801 -1.209724 0.296745 0.840432 -1.271238 0.319775 -0.114204 -1.098108 0.167567 -0.028672 -0.887621 0.282445 0.302035 -0.506715 0.213085 
0.725738 -0.590702 0.165696 -0.104191 -0.993286 0.338418 0.431599 -0.481225 0.227215 0.854544 -1.270869 0.326973 0.856834 -1.211571 0.298085 0.838781 -1.273382 0.320566 -0.113682 -1.105909 0.156474 -0.031391 -0.895474 0.273788 0.297503 -0.510704 0.213314 
0.721357 -0.592672 0.169434 -0.106730 -0.998759 0.330056 0.428559 -0.483532 0.229089 0.852446 -1.272959 0.327490 0.854572 -1.213510 0.298901 0.836699 -1.275491 0.321052 -0.113669 -1.110232 0.147290 -0.033551 -0.900259 0.266916 0.294722 -0.513297 0.213417 
0.718116 -0.594538 0.171666 -0.109028 -1.001555 0.323581 0.426501 -0.485094 0.230425 0.850161 -1.274950 0.327902 0.852250 -1.215382 0.299561 0.834422 -1.277473 0.321440 -0.114240 -1.111999 0.140134 -0.035404 -0.902624 0.261645 0.292833 -0.514897 0.213438 
0.715836 -0.596066 0.172699 -0.111009 -1.002892 0.318925 0.425112 -0.486121 0.231357 0.848002 -1.276543 0.328462 0.850156 -1.216880 0.300325 0.832275 -1.279042 0.321960 -0.115080 -1.112604 0.135010 -0.037002 -0.903716 0.257841 0.291550 -0.515851 0.213436 
0.714108 -0.597016 0.173578 -0.112448 -1.003671 0.315704 0.424151 -0.486830 0.231993 0.846323 -1.277456 0.328753 0.848501 -1.217752 0.300703 0.830605 -1.279948 0.322229 -0.115741 -1.112925 0.131502 -0.038168 -0.904353 0.255186 0.290664 -0.516505 0.213428 
0.712981 -0.597531 0.174328 -0.113297 -1.004059 0.313856 0.423599 -0.487238 0.232354 0.845310 -1.277942 0.328813 0.847487 -1.218205 0.300835 0.829591 -1.280426 0.322287 -0.116148 -1.113074 0.129505 -0.038856 -0.904672 0.253651 0.290157 -0.516880 0.213420 
0.712502 -0.597791 0.174626 -0.113568 -1.004149 0.313320 0.423426 -0.487367 0.232466 0.845003 -1.278082 0.328759 0.847187 -1.218342 0.300787 0.829282 -1.280560 0.322238 -0.116306 -1.113089 0.128922 -0.039077 -0.904745 0.253205 0.289998 -0.516999 0.213416 
0.712413 -0.597814 0.174343 -0.113476 -1.003781 0.313637 0.423534 -0.487289 0.232394 0.845035 -1.277852 0.328693 0.847227 -1.218138 0.300668 0.829312 -1.280334 0.322176 -0.116364 -1.112731 0.129248 -0.038987 -0.904406 0.253470 0.290097 -0.516927 0.213416 
0.712376 -0.597527 0.174033 -0.113277 -1.003142 0.314321 0.423788 -0.487102 0.232226 0.845157 -1.277266 0.328508 0.847355 -1.217612 0.300357 0.829431 -1.279757 0.322002 -0.116404 -1.112197 0.129998 -0.038823 -0.903825 0.254015 0.290330 -0.516756 0.213418 
0.712365 -0.597059 0.173802 -0.112982 -1.002480 0.315341 0.424126 -0.486854 0.232002 0.845313 -1.276443 0.328271 0.847464 -1.216851 0.299985 0.829585 -1.278956 0.321780 -0.116393 -1.111769 0.131161 -0.038600 -0.903252 0.254800 0.290641 -0.516528 0.213420 
0.712417 -0.596510 0.173713 -0.112612 -1.001805 0.316564 0.424509 -0.486571 0.231747 0.845556 -1.275554 0.327980 0.847653 -1.216030 0.299547 0.829823 -1.278091 0.321508 -0.116345 -1.111396 0.132571 -0.038313 -0.902689 0.255738 0.290994 -0.516268 0.213422 
0.712510 -0.595973 0.173804 -0.112212 -1.001178 0.317799 0.424888 -0.486292 0.231493 0.845803 -1.274724 0.327692 0.847854 -1.215265 0.299119 0.830066 -1.277282 0.321240 -0.116263 -1.111087 0.134002 -0.037992 -0.902182 0.256681 0.291343 -0.516010 0.213423 
0.712680 -0.595548 0.173981 -0.111848 -1.000587 0.318836 0.425232 -0.486038 0.231262 0.845956 -1.274054 0.327482 0.847978 -1.214650 0.298794 0.830216 -1.276628 0.321043 -0.116158 -1.110799 0.135227 -0.037683 -0.901710 0.257460 0.291660 -0.515777 0.213422 
0.712951 -0.595313 0.174042 -0.111602 -0.999958 0.319671 0.425514 -0.485830 0.231071 0.846020 -1.273628 0.327368 0.848050 -1.214265 0.298595 0.830278 -1.276208 0.320935 -0.116140 -1.110431 0.136225 -0.037456 -0.901201 0.258081 0.291921 -0.515584 0.213421 
0.713167 -0.595266 0.173924 -0.111477 -0.999406 0.320326 0.425706 -0.485688 0.230940 0.846023 -1.273392 0.327322 0.848072 -1.214054 0.298498 0.830281 -1.275972 0.320891 -0.116227 -1.110059 0.136992 -0.037332 -0.900748 0.258575 0.292098 -0.515453 0.213420 
0.713182 -0.595364 0.173714 -0.111447 -0.999088 0.320722 0.425795 -0.485622 0.230879 0.845983 -1.273270 0.327319 0.848033 -1.213942 0.298475 0.830241 -1.275853 0.320888 -0.116340 -1.109821 0.137441 -0.037302 -0.900484 0.258885 0.292180 -0.515392 0.213418 
0.713024 -0.595562 0.173564 -0.111456 -0.999031 0.320799 0.425803 -0.485615 0.230871 0.845968 -1.273260 0.327325 0.848022 -1.213933 0.298478 0.830227 -1.275842 0.320893 -0.116383 -1.109771 0.137523 -0.037311 -0.900436 0.258949 0.292188 -0.515385 0.213417 
0.712847 -0.595756 0.173498 -0.111456 -0.999030 0.320799 0.425803 -0.485614 0.230870 0.845968 -1.273259 0.327326 0.848022 -1.213933 0.298479 0.830227 -1.275841 0.320894 -0.116383 -1.109771 0.137523 -0.037311 -0.900435 0.258948 0.292188 -0.515385 0.213415 
0.712682 -0.595944 0.173421 -0.111456 -0.999030 0.320799 0.425803 -0.485614 0.230869 0.845968 -1.273258 0.327327 0.848022 -1.213932 0.298479 0.830227 -1.275841 0.320895 -0.116383 -1.109770 0.137524 -0.037311 -0.900435 0.258948 0.292188 -0.515384 0.213414 
