0.194503 -0.098508 0.004675 0.100014 -0.197309 0.004576 -0.058298 -0.053036 0.003992 0.034834 0.048799 0.004084 
0.194497 -0.098496 0.004676 0.100008 -0.197297 0.004568 -0.058304 -0.053024 0.004094 0.034829 0.048811 0.004196 
0.194481 -0.098442 0.004520 0.099990 -0.197240 0.004336 -0.058319 -0.052963 0.004214 0.034816 0.048869 0.004398 
0.194500 -0.098458 0.004592 0.100005 -0.197253 0.004405 -0.058299 -0.052970 0.004232 0.034840 0.048859 0.004419 
0.194539 -0.098421 0.004611 0.100047 -0.197219 0.004272 -0.058261 -0.052940 0.004035 0.034875 0.048892 0.004374 
0.194527 -0.098480 0.004650 0.100043 -0.197285 0.004506 -0.058276 -0.053019 0.004075 0.034852 0.048820 0.004214 
0.194529 -0.098480 0.004676 0.100044 -0.197285 0.004551 -0.058275 -0.053019 0.004162 0.034853 0.048820 0.004283 
0.194385 -0.098431 0.004115 0.099942 -0.197276 0.004369 -0.058438 -0.053077 0.004598 0.034647 0.048801 0.004345 
0.194375 -0.098477 0.003855 0.099932 -0.197321 0.004206 -0.058446 -0.053120 0.004614 0.034639 0.048757 0.004266 
0.194365 -0.098529 0.003949 0.099924 -0.197376 0.004402 -0.058458 -0.053179 0.004623 0.034625 0.048701 0.004169 
0.194364 -0.098530 0.004043 0.099923 -0.197376 0.004459 -0.058459 -0.053180 0.004659 0.034624 0.048700 0.004242 
0.194367 -0.098556 0.004121 0.099929 -0.197406 0.004586 -0.058458 -0.053215 0.004676 0.034620 0.048668 0.004208 
0.194309 -0.098537 0.003864 0.099891 -0.197404 0.004503 -0.058522 -0.053242 0.004919 0.034537 0.048658 0.004280 
0.194319 -0.098538 0.003819 0.099925 -0.197428 0.004563 -0.058523 -0.053304 0.004999 0.034511 0.048618 0.004253 
0.194087 -0.098666 0.003221 0.099731 -0.197586 0.004553 -0.058765 -0.053515 0.005282 0.034231 0.048437 0.003948 
0.193776 -0.098841 0.002532 0.099484 -0.197807 0.004639 -0.059088 -0.053821 0.005640 0.033843 0.048177 0.003527 
0.193858 -0.098933 0.002744 0.099584 -0.197914 0.004962 -0.059019 -0.053960 0.005447 0.033893 0.048052 0.003215 
0.193863 -0.098941 0.002946 0.099590 -0.197928 0.004980 -0.059019 -0.053981 0.005420 0.033891 0.048037 0.003372 
0.193860 -0.098944 0.003127 0.099585 -0.197932 0.005002 -0.059024 -0.053986 0.005409 0.033887 0.048033 0.003521 
0.193131 -0.100208 0.001220 0.098934 -0.199177 0.005914 -0.059723 -0.055283 0.006029 0.033108 0.046716 0.001292 
0.193107 -0.100210 0.001460 0.098910 -0.199195 0.005782 -0.059757 -0.055311 0.006003 0.033076 0.046704 0.001642 
0.192954 -0.100192 0.001021 0.098823 -0.199238 0.005389 -0.059925 -0.055447 0.006159 0.032839 0.046628 0.001760 
0.192827 -0.100851 0.001096 0.098672 -0.199847 0.006035 -0.060043 -0.056016 0.005936 0.032747 0.046010 0.000947 
0.192759 -0.100843 0.001050 0.098636 -0.199882 0.005730 -0.060128 -0.056105 0.005866 0.032628 0.045963 0.001142 
0.192754 -0.100848 0.001415 0.098622 -0.199897 0.005708 -0.060143 -0.056122 0.005835 0.032622 0.045956 0.001501 
0.192748 -0.100855 0.001744 0.098609 -0.199912 0.005667 -0.060156 -0.056137 0.005784 0.032616 0.045950 0.001825 
0.192745 -0.100858 0.002043 0.098603 -0.199918 0.005790 -0.060163 -0.056143 0.005900 0.032613 0.045946 0.002117 
0.192745 -0.100858 0.002313 0.098603 -0.199918 0.006064 -0.060163 -0.056143 0.006168 0.032613 0.045946 0.002383 
0.192747 -0.100855 0.002562 0.098607 -0.199913 0.006428 -0.060158 -0.056138 0.006525 0.032615 0.045949 0.002623 
0.192749 -0.100853 0.002787 0.098611 -0.199909 0.006760 -0.060155 -0.056134 0.006850 0.032617 0.045951 0.002840 
0.192751 -0.100851 0.002991 0.098614 -0.199905 0.007048 -0.060151 -0.056130 0.007131 0.032619 0.045953 0.003036 
0.192752 -0.100850 0.003176 0.098616 -0.199902 0.007295 -0.060149 -0.056127 0.007370 0.032620 0.045955 0.003213 
0.192753 -0.100849 0.003344 0.098618 -0.199900 0.007503 -0.060148 -0.056125 0.007571 0.032621 0.045956 0.003372 
0.192753 -0.100848 0.003496 0.098618 -0.199899 0.007675 -0.060147 -0.056124 0.007735 0.032621 0.045956 0.003516 
0.192753 -0.100848 0.003635 0.098618 -0.199899 0.007813 -0.060147 -0.056123 0.007864 0.032621 0.045956 0.003645 
0.192752 -0.100848 0.003761 0.098617 -0.199899 0.007918 -0.060148 -0.056124 0.007960 0.032620 0.045956 0.003762 
0.192751 -0.100849 0.003873 0.098615 -0.199901 0.007990 -0.060150 -0.056126 0.008027 0.032620 0.045955 0.003871 
0.192750 -0.100851 0.003975 0.098613 -0.199904 0.008032 -0.060153 -0.056129 0.008065 0.032618 0.045954 0.003969 
0.192748 -0.100852 0.004068 0.098609 -0.199907 0.008045 -0.060156 -0.056132 0.008072 0.032616 0.045952 0.004058 
0.192746 -0.100855 0.004153 0.098605 -0.199912 0.008028 -0.060161 -0.056137 0.008049 0.032614 0.045950 0.004138 
0.192743 -0.100858 0.004231 0.098599 -0.199917 0.007981 -0.060166 -0.056142 0.007996 0.032611 0.045947 0.004209 
0.191080 -0.103933 0.004408 0.095388 -0.201525 0.007342 -0.061119 -0.055295 0.006971 0.033255 0.045347 0.004003 
0.190144 -0.106068 0.004671 0.093468 -0.202722 0.005863 -0.061574 -0.054941 0.005341 0.033814 0.044777 0.004130 
0.190137 -0.106085 0.004749 0.093458 -0.202743 0.005462 -0.061583 -0.054959 0.005188 0.033807 0.044762 0.004464 
0.190025 -0.106229 0.004604 0.093276 -0.202817 0.005136 -0.061656 -0.054919 0.005150 0.033807 0.044733 0.004612 
0.190043 -0.106308 0.004640 0.093285 -0.202886 0.005252 -0.061634 -0.054975 0.005102 0.033839 0.044668 0.004481 
0.189396 -0.107109 0.004670 0.092141 -0.203186 0.005440 -0.062012 -0.054477 0.005303 0.033972 0.044671 0.004524 
0.188927 -0.107797 0.004732 0.091316 -0.203513 0.005371 -0.062284 -0.054233 0.005224 0.034068 0.044559 0.004578 
0.188598 -0.108313 0.004779 0.090726 -0.203762 0.005277 -0.062467 -0.054064 0.005137 0.034155 0.044465 0.004632 
0.189791 -0.106507 0.006249 0.092845 -0.202897 0.006702 -0.061784 -0.054690 0.005147 0.033883 0.044766 0.004667 
0.189917 -0.106189 0.008421 0.093108 -0.202716 0.008820 -0.061718 -0.054751 0.005163 0.033808 0.044841 0.004708 
0.189922 -0.106041 0.010114 0.093162 -0.202618 0.010457 -0.061717 -0.054760 0.005170 0.033758 0.044882 0.004747 
0.189743 -0.106233 0.011026 0.092867 -0.202694 0.011338 -0.061819 -0.054667 0.005175 0.033776 0.044859 0.004772 
0.190033 -0.105732 0.011747 0.093404 -0.202441 0.012028 -0.061645 -0.054825 0.005176 0.033695 0.044945 0.004794 
0.190324 -0.105225 0.012455 0.093946 -0.202183 0.012717 -0.061469 -0.054985 0.005184 0.033613 0.045032 0.004811 
0.191819 -0.102797 0.013737 0.096679 -0.200971 0.013988 -0.060559 -0.055793 0.005208 0.033246 0.045423 0.004829 
0.191983 -0.102325 0.015519 0.097044 -0.200693 0.015808 -0.060437 -0.055895 0.005282 0.033162 0.045511 0.004839 
0.192461 -0.101261 0.017925 0.098011 -0.200098 0.018289 -0.060100 -0.056180 0.005397 0.032996 0.045686 0.004845 
0.192021 -0.101389 0.020454 0.097373 -0.200037 0.020965 -0.060347 -0.055934 0.005589 0.032954 0.045744 0.004852 
0.192264 -0.100543 0.023494 0.097923 -0.199484 0.024002 -0.060083 -0.056041 0.005672 0.032904 0.045924 0.004896 
0.191602 -0.100912 0.026265 0.096910 -0.199517 0.026915 -0.060424 -0.055710 0.005857 0.032928 0.045920 0.004898 
0.192017 -0.099536 0.030025 0.097919 -0.198706 0.030702 -0.060002 -0.056136 0.005955 0.032742 0.046048 0.004916 
0.192574 -0.097892 0.034590 0.099202 -0.197749 0.035024 -0.059330 -0.056696 0.005885 0.032671 0.046159 0.005027 
0.193513 -0.095726 0.039748 0.101193 -0.196557 0.040169 -0.058264 -0.057689 0.006007 0.032661 0.046117 0.005091 
0.193129 -0.094990 0.043844 0.100870 -0.195873 0.044709 -0.058265 -0.057651 0.006649 0.032604 0.046199 0.005229 
0.193421 -0.093444 0.047626 0.101672 -0.194784 0.049085 -0.057782 -0.057974 0.007426 0.032568 0.046317 0.005354 
0.192088 -0.094357 0.049860 0.099365 -0.194777 0.052713 -0.058728 -0.057063 0.008905 0.032625 0.046313 0.005394 
0.195869 -0.098897 0.057885 0.101130 -0.197390 0.061541 -0.053238 -0.057954 0.010493 0.040204 0.043501 0.006068 
0.217998 -0.120594 0.086481 0.118651 -0.214509 0.086271 -0.024510 -0.070419 0.018296 0.073745 0.026480 0.017532 
0.245101 -0.145768 0.124025 0.143349 -0.236999 0.120381 0.009887 -0.092484 0.035640 0.110710 0.001711 0.038101 
0.271496 -0.166544 0.162438 0.168186 -0.255763 0.154890 0.043983 -0.111530 0.056665 0.146513 -0.019371 0.062874 
0.293910 -0.177878 0.194790 0.190177 -0.266213 0.183550 0.072856 -0.122753 0.076160 0.175911 -0.031497 0.085966 
0.314088 -0.182992 0.222817 0.210044 -0.270221 0.206820 0.099728 -0.125902 0.093329 0.203198 -0.035752 0.107851 
0.332021 -0.182565 0.246978 0.228484 -0.269461 0.226506 0.123591 -0.124770 0.108438 0.226627 -0.034951 0.127413 
-0.116648 0.374460 0.004486 -0.132905 0.239486 0.018895 -0.345663 0.272188 0.048192 -0.326236 0.407992 0.033230 0.345016 -0.176545 0.266710 0.243278 -0.264866 0.243497 0.140461 -0.122251 0.121155 0.241709 -0.031023 0.142836 
-0.115702 0.374207 0.005023 -0.131262 0.239163 0.019545 -0.344232 0.270763 0.048513 -0.325505 0.406653 0.033442 0.348140 -0.168180 0.276166 0.247829 -0.257660 0.251251 0.145003 -0.115918 0.127908 0.244811 -0.023530 0.151293 
-0.115713 0.374186 0.004988 -0.131242 0.239162 0.019727 -0.344608 0.270508 0.045924 -0.325907 0.406382 0.030673 0.344332 -0.161217 0.280192 0.244921 -0.251343 0.254029 0.141634 -0.109556 0.131123 0.240527 -0.016515 0.155774 
-0.115838 0.374195 0.004974 -0.131886 0.239214 0.019548 -0.345798 0.270847 0.040400 -0.326565 0.406674 0.025392 0.336583 -0.156969 0.282533 0.237783 -0.247446 0.255288 0.134302 -0.105374 0.132876 0.232575 -0.011975 0.158626 
-0.115985 0.374191 0.004962 -0.133215 0.239290 0.018915 -0.347464 0.272118 0.033534 -0.327033 0.407847 0.019240 0.325681 -0.157105 0.285395 0.227066 -0.247375 0.256824 0.124582 -0.104505 0.134501 0.222682 -0.011304 0.161592 
-0.116133 0.374163 0.004965 -0.135361 0.239426 0.017843 -0.349582 0.274690 0.025562 -0.327134 0.410219 0.012452 0.310848 -0.161541 0.287774 0.211880 -0.250928 0.257686 0.111525 -0.106533 0.135389 0.210013 -0.014202 0.164011 
-0.116317 0.374134 0.004955 -0.138415 0.239699 0.016309 -0.352108 0.278805 0.016481 -0.326770 0.413974 0.005015 0.291570 -0.169235 0.288509 0.191740 -0.257067 0.256741 0.094352 -0.110312 0.134855 0.193754 -0.019517 0.165180 
-0.116961 0.374213 0.004946 -0.141750 0.240070 0.013952 -0.354631 0.283373 0.013830 -0.326589 0.418188 0.004740 0.269312 -0.182112 0.288806 0.167805 -0.267135 0.254786 0.074960 -0.116355 0.134275 0.176119 -0.028339 0.166894 
-0.118043 0.371190 0.004947 -0.145937 0.237547 0.012102 -0.357765 0.285740 0.011978 -0.326602 0.419982 0.004756 0.247895 -0.199030 0.291053 0.144738 -0.280870 0.254303 0.057840 -0.126107 0.134408 0.160751 -0.041247 0.169793 
-0.119146 0.366821 0.006198 -0.149840 0.233682 0.010868 -0.360625 0.286231 0.009464 -0.326651 0.419901 0.004769 0.226869 -0.218316 0.292868 0.122270 -0.297003 0.253407 0.041440 -0.138622 0.133993 0.145894 -0.056894 0.172122 
-0.120099 0.363562 0.008744 -0.152844 0.230839 0.010274 -0.362768 0.286601 0.006268 -0.326735 0.419805 0.004780 0.207331 -0.236914 0.293274 0.101735 -0.313168 0.251745 0.025702 -0.152231 0.132599 0.131232 -0.072922 0.172819 
-0.120523 0.361290 0.009194 -0.155804 0.229211 0.008927 -0.364605 0.289029 0.004736 -0.326028 0.421527 0.005065 0.196332 -0.262743 0.263870 0.085500 -0.341256 0.248321 -0.018236 -0.183700 0.146868 0.092183 -0.102160 0.161109 
-0.121217 0.363039 0.009707 -0.155518 0.230714 0.007866 -0.364765 0.289025 0.004766 -0.327170 0.421792 0.006669 0.171430 -0.284462 0.248831 0.060713 -0.364450 0.243059 -0.061441 -0.199719 0.181256 0.048597 -0.116585 0.186196 
-0.122161 0.366029 0.010082 -0.154762 0.233312 0.006449 -0.364749 0.288955 0.004779 -0.328861 0.422155 0.008470 0.132948 -0.296691 0.233367 0.023315 -0.378270 0.229436 -0.107128 -0.210361 0.203577 0.001695 -0.125576 0.207174 
-0.124554 0.373016 0.011485 -0.153203 0.239465 0.005707 -0.364749 0.288876 0.004791 -0.332828 0.423007 0.010638 0.076589 -0.328445 0.225475 -0.040645 -0.398697 0.222225 -0.153653 -0.218861 0.194549 -0.036903 -0.145341 0.197432 
-0.126453 0.378151 0.012815 -0.152052 0.244084 0.005031 -0.364669 0.288667 0.004831 -0.335813 0.423388 0.012693 0.013850 -0.349882 0.208078 -0.110768 -0.405868 0.202990 -0.201295 -0.214172 0.172415 -0.076767 -0.154886 0.177113 
-0.129977 0.386837 0.014456 -0.150573 0.252018 0.004985 -0.364695 0.288695 0.004816 -0.340868 0.424285 0.014380 -0.072808 -0.370619 0.182925 -0.204896 -0.405653 0.179008 -0.263231 -0.202170 0.146309 -0.130698 -0.163870 0.149794 
-0.131842 0.390895 0.016639 -0.149982 0.255889 0.005052 -0.364729 0.288714 0.004803 -0.343372 0.424548 0.016504 -0.154882 -0.367288 0.150657 -0.290428 -0.384610 0.146513 -0.321855 -0.173947 0.123898 -0.185444 -0.153430 0.127758 
-0.134445 0.396339 0.018622 -0.149248 0.261123 0.004938 -0.364735 0.288667 0.004810 -0.346738 0.424789 0.018627 -0.249641 -0.348872 0.115313 -0.386327 -0.346278 0.115273 -0.387416 -0.132254 0.106883 -0.249417 -0.131798 0.106802 
-0.135009 0.397588 0.022455 -0.149204 0.262686 0.005426 -0.364795 0.289405 0.004785 -0.347409 0.425220 0.021987 -0.313714 -0.330228 0.087142 -0.446511 -0.297895 0.084067 -0.401164 -0.088835 0.094813 -0.266425 -0.118478 0.098072 
-0.135099 0.399515 0.025254 -0.149186 0.265056 0.004951 -0.364796 0.291631 0.004799 -0.347519 0.427002 0.025299 -0.389232 -0.310763 0.069815 -0.512292 -0.251228 0.071076 -0.423756 -0.056676 0.084805 -0.298227 -0.113994 0.083728 
-0.133594 0.398032 0.029982 -0.149577 0.264578 0.004992 -0.364763 0.294386 0.004759 -0.345579 0.428697 0.029991 -0.436539 -0.292793 0.055657 -0.550654 -0.217565 0.058560 -0.437209 -0.036826 0.077037 -0.320354 -0.110188 0.074371 
-0.132438 0.395988 0.034628 -0.149775 0.263660 0.004989 -0.364614 0.295876 0.004800 -0.344068 0.429016 0.034726 -0.488187 -0.281030 0.054657 -0.591877 -0.192114 0.060333 -0.456250 -0.026907 0.074108 -0.349603 -0.114313 0.068574 
-0.132048 0.393072 0.040874 -0.150092 0.262323 0.005252 -0.364683 0.296149 0.004760 -0.343425 0.427672 0.040730 -0.529079 -0.275486 0.050684 -0.623911 -0.177106 0.054915 -0.473275 -0.025182 0.065190 -0.375355 -0.122336 0.061066 
-0.129203 0.388092 0.047949 -0.150929 0.260048 0.005257 -0.364355 0.300580 0.004787 -0.339397 0.429276 0.047895 -0.562646 -0.263986 0.040720 -0.655285 -0.168791 0.073058 -0.505233 -0.015954 0.074787 -0.409537 -0.109878 0.042159 
-0.129920 0.382530 0.060019 -0.151497 0.257361 0.009453 -0.364422 0.300200 0.004808 -0.339621 0.425962 0.055924 -0.589694 -0.248837 0.003934 -0.674883 -0.151751 0.048734 -0.516269 -0.007919 0.054373 -0.427972 -0.103882 0.009219 
-0.132956 0.368772 0.074280 -0.153088 0.244980 0.019872 -0.365003 0.290361 0.004829 -0.341675 0.414696 0.059972 -0.589704 -0.248958 0.003993 -0.675804 -0.153855 0.051239 -0.518345 -0.009016 0.061547 -0.429145 -0.102962 0.013991 
-0.145127 0.341258 0.085006 -0.160721 0.216024 0.032440 -0.372044 0.258167 0.004867 -0.353307 0.384003 0.058328 -0.589893 -0.249248 0.004087 -0.675316 -0.154632 0.053490 -0.514329 -0.015961 0.080535 -0.425762 -0.109504 0.031041 
-0.160272 0.307439 0.097584 -0.173561 0.180894 0.047588 -0.384179 0.221036 0.012625 -0.367779 0.348226 0.063595 -0.590074 -0.249847 0.004790 -0.675843 -0.156922 0.056736 -0.513035 -0.027055 0.106795 -0.424093 -0.119017 0.055063 
-0.165064 0.284693 0.134855 -0.178256 0.159652 0.081184 -0.386716 0.203979 0.039078 -0.370445 0.329591 0.093860 -0.590404 -0.250461 0.005633 -0.678426 -0.159449 0.057197 -0.517940 -0.038315 0.131012 -0.426756 -0.128471 0.080007 
-0.166203 0.270059 0.192223 -0.177599 0.148045 0.131622 -0.382603 0.197480 0.079434 -0.368193 0.319963 0.141355 -0.590706 -0.250959 0.005974 -0.680518 -0.161342 0.056888 -0.523421 -0.047870 0.148115 -0.430478 -0.136728 0.098016 
-0.169665 0.257002 0.256014 -0.177876 0.138386 0.188542 -0.378274 0.192971 0.124867 -0.367146 0.311951 0.193888 -0.590988 -0.251345 0.006475 -0.682467 -0.162938 0.056531 -0.529192 -0.055067 0.160204 -0.434621 -0.142783 0.111152 
-0.179567 0.244562 0.319998 -0.183515 0.129364 0.246487 -0.378563 0.188601 0.171382 -0.371815 0.304063 0.246661 -0.591286 -0.251559 0.006874 -0.684883 -0.164562 0.055464 -0.536375 -0.060206 0.169186 -0.439733 -0.146548 0.121757 
-0.198259 0.232868 0.382773 -0.196727 0.121118 0.304037 -0.385996 0.183981 0.217901 -0.384860 0.295912 0.298612 -0.591612 -0.251726 0.007290 -0.687567 -0.166207 0.053862 -0.544531 -0.064209 0.176397 -0.445588 -0.149094 0.131133 
-0.224320 0.223172 0.443281 -0.216137 0.114896 0.360219 -0.399273 0.180276 0.263368 -0.404940 0.288663 0.348598 -0.591922 -0.251844 0.007605 -0.690232 -0.167748 0.051793 -0.552856 -0.066987 0.181612 -0.451615 -0.150453 0.138859 
-0.247938 0.211096 0.496691 -0.235005 0.106833 0.409216 -0.410516 0.178931 0.303426 -0.421086 0.283171 0.393239 -0.594698 -0.250344 0.011471 -0.695712 -0.168253 0.053269 -0.565367 -0.069836 0.191840 -0.461498 -0.151311 0.151628 
-0.268739 0.193487 0.538207 -0.252978 0.093255 0.446583 -0.420456 0.174572 0.334634 -0.433995 0.274613 0.428722 -0.601316 -0.246421 0.010939 -0.704691 -0.166545 0.051226 -0.580894 -0.071491 0.197912 -0.474735 -0.150778 0.159341 
-0.292128 0.174213 0.568848 -0.273528 0.077476 0.474055 -0.433320 0.166844 0.357121 -0.449835 0.263242 0.454479 -0.606314 -0.245320 0.008706 -0.711815 -0.166912 0.046280 -0.595599 -0.075944 0.201511 -0.487403 -0.153806 0.165801 
-0.316227 0.152739 0.591504 -0.294572 0.058089 0.495263 -0.445390 0.154435 0.372115 -0.465115 0.248626 0.471023 -0.606851 -0.245610 0.009143 -0.714624 -0.168591 0.042951 -0.608156 -0.082844 0.207844 -0.497806 -0.159379 0.176078 
-0.342918 0.130561 0.610403 -0.317955 0.037751 0.513177 -0.459616 0.140354 0.384342 -0.482812 0.232601 0.484325 -0.607446 -0.245940 0.010074 -0.717299 -0.170228 0.039907 -0.621486 -0.090547 0.214115 -0.509189 -0.165850 0.186496 
-0.369913 0.110021 0.639959 -0.342219 0.018332 0.542410 -0.474794 0.126506 0.408559 -0.500876 0.217541 0.508940 -0.607574 -0.248606 0.022349 -0.718309 -0.172645 0.047990 -0.631530 -0.097974 0.229019 -0.518471 -0.173601 0.205730 
-0.412049 0.095191 0.700933 -0.376636 0.007932 0.601829 -0.498089 0.122553 0.462886 -0.532120 0.209024 0.564908 -0.608049 -0.248168 0.038308 -0.720461 -0.173186 0.059073 -0.642887 -0.098800 0.244348 -0.528267 -0.173441 0.226044 
-0.448000 0.084487 0.750765 -0.407498 0.002850 0.648859 -0.524569 0.123285 0.511079 -0.563801 0.203998 0.615913 -0.616239 -0.236000 0.058291 -0.730586 -0.163540 0.077379 -0.660412 -0.093051 0.267076 -0.543946 -0.165202 0.250528 
-0.478022 0.072992 0.783547 -0.434712 -0.003718 0.679002 -0.551002 0.121003 0.544410 -0.593080 0.196681 0.651864 -0.628994 -0.214040 0.079501 -0.744845 -0.144429 0.100058 -0.679881 -0.083739 0.294928 -0.561970 -0.153155 0.276971 
-0.506249 0.059792 0.810466 -0.460739 -0.011427 0.703011 -0.577168 0.117889 0.572952 -0.621465 0.187958 0.683279 -0.642293 -0.190013 0.098434 -0.759763 -0.123637 0.120451 -0.700537 -0.074507 0.320341 -0.581073 -0.140822 0.300983 
-0.536752 0.046019 0.836443 -0.488185 -0.019736 0.726865 -0.603024 0.114409 0.600331 -0.650429 0.178894 0.712752 -0.654164 -0.171267 0.111663 -0.772853 -0.107183 0.133933 -0.718994 -0.067121 0.337334 -0.598377 -0.131252 0.317771 
-0.565382 0.045475 0.857118 -0.512445 -0.021186 0.750142 -0.617242 0.115707 0.617962 -0.669201 0.181067 0.727836 -0.653638 -0.173149 0.120195 -0.772627 -0.107702 0.135944 -0.728198 -0.065552 0.341193 -0.607413 -0.131029 0.328240 -1.767633 -0.986493 0.236238 -1.729165 -1.040110 0.235031 -1.741285 -1.048608 0.226272 -1.779753 -0.994991 0.227479 
-0.593779 0.061703 0.862045 -0.536952 -0.009376 0.760025 -0.632829 0.124648 0.618466 -0.688843 0.194510 0.723470 -0.650429 -0.186046 0.125431 -0.768590 -0.117645 0.132438 -0.732463 -0.065904 0.337122 -0.612634 -0.134227 0.332988 -1.758659 -0.975052 0.270630 -1.720244 -1.028706 0.271879 -1.732892 -1.037927 0.264749 -1.771307 -0.984274 0.263500 
-0.620601 0.090787 0.853032 -0.560181 0.013963 0.757441 -0.649224 0.140557 0.604997 -0.708961 0.216322 0.703663 -0.648677 -0.195749 0.129921 -0.766106 -0.125751 0.129073 -0.737074 -0.064524 0.332263 -0.618088 -0.134322 0.336039 -1.749269 -0.960034 0.308465 -1.710436 -1.013193 0.313175 -1.723386 -1.023133 0.307757 -1.762219 -0.969974 0.303047 
-0.635985 0.124342 0.830628 -0.574221 0.041455 0.741158 -0.660751 0.157926 0.579477 -0.721881 0.239958 0.672095 -0.652495 -0.201490 0.130177 -0.769212 -0.130546 0.124358 -0.742561 -0.060317 0.324945 -0.624326 -0.130941 0.333704 -1.746315 -0.946899 0.343463 -1.706889 -0.999365 0.350464 -1.719929 -1.009734 0.346192 -1.759355 -0.957269 0.339190 
-0.641938 0.153626 0.806212 -0.580599 0.065990 0.721081 -0.665784 0.175094 0.553649 -0.726504 0.262024 0.641968 -0.657031 -0.202526 0.126058 -0.773414 -0.131542 0.115754 -0.748983 -0.052859 0.313465 -0.631117 -0.123403 0.326711 -1.748299 -0.926843 0.372918 -1.709169 -0.979152 0.382334 -1.722397 -0.989640 0.379041 -1.761528 -0.937332 0.369625 
-0.647966 0.182311 0.779634 -0.586631 0.091596 0.697788 -0.672260 0.194137 0.526478 -0.732969 0.284269 0.611536 -0.663440 -0.199506 0.113831 -0.779985 -0.129219 0.100917 -0.755577 -0.042982 0.295455 -0.637548 -0.112713 0.311290 -1.752175 -0.906649 0.396809 -1.713564 -0.958943 0.408231 -1.726979 -0.969403 0.405689 -1.765590 -0.917109 0.394268 
-0.651231 0.211652 0.747562 -0.590258 0.118961 0.667684 -0.679566 0.215142 0.494574 -0.739859 0.307359 0.577670 -0.673324 -0.191499 0.094484 -0.790769 -0.122790 0.081232 -0.764134 -0.030122 0.272494 -0.645164 -0.098168 0.288623 -1.754513 -0.889886 0.415999 -1.716144 -0.942047 0.428768 -1.729682 -0.952479 0.426831 -1.768050 -0.900318 0.414062 
-0.654310 0.242696 0.718729 -0.593485 0.146865 0.642528 -0.684572 0.234933 0.466060 -0.744689 0.330435 0.545491 -0.676537 -0.186431 0.086006 -0.794288 -0.118858 0.069933 -0.767921 -0.017981 0.257032 -0.648646 -0.084762 0.275951 -1.755480 -0.875168 0.428278 -1.717320 -0.927022 0.442804 -1.730885 -0.937467 0.441154 -1.769045 -0.885613 0.426628 
-0.662039 0.273383 0.697158 -0.599904 0.175230 0.625081 -0.690113 0.256004 0.444716 -0.751565 0.353953 0.520039 -0.677458 -0.181956 0.078944 -0.795395 -0.115553 0.059672 -0.769971 -0.006751 0.242411 -0.650522 -0.072236 0.264497 -1.755778 -0.864875 0.438364 -1.717426 -0.915987 0.454875 -1.730892 -0.926580 0.453360 -1.769244 -0.875468 0.436850 
-0.668518 0.303411 0.674822 -0.605086 0.203302 0.606672 -0.694741 0.276869 0.422978 -0.757511 0.376895 0.494383 -0.678069 -0.177737 0.070690 -0.796254 -0.112645 0.048663 -0.771103 0.004030 0.226517 -0.651407 -0.060018 0.251314 -1.753468 -0.856635 0.449893 -1.714630 -0.906740 0.468254 -1.727937 -0.917553 0.466891 -1.766774 -0.867448 0.448530 
-0.671643 0.332205 0.649002 -0.607523 0.230048 0.584640 -0.697459 0.296222 0.398290 -0.760919 0.398420 0.465909 -0.678349 -0.174133 0.061491 -0.796763 -0.110362 0.036975 -0.771398 0.014090 0.209445 -0.651468 -0.048513 0.236679 -1.748502 -0.848212 0.464353 -1.708961 -0.897109 0.484393 -1.722086 -0.908172 0.483298 -1.761627 -0.859275 0.463258 
-0.673009 0.359935 0.620615 -0.608490 0.255606 0.560260 -0.698656 0.314161 0.371488 -0.762515 0.418660 0.435095 -0.678361 -0.171319 0.051967 -0.796925 -0.108814 0.025034 -0.771131 0.023208 0.191715 -0.651043 -0.038008 0.221305 -1.742885 -0.837588 0.481504 -1.702608 -0.885192 0.503129 -1.715563 -0.896483 0.502403 -1.755840 -0.848879 0.480778 
-0.673255 0.386935 0.589557 -0.608547 0.280334 0.533531 -0.698988 0.330798 0.342567 -0.763036 0.437706 0.401835 -0.678308 -0.169073 0.042815 -0.796976 -0.107885 0.013425 -0.770788 0.031510 0.173927 -0.650591 -0.028270 0.205910 -1.737890 -0.822845 0.500863 -1.697029 -0.869179 0.524088 -1.709859 -0.880631 0.523815 -1.750721 -0.834297 0.500590 
-0.672014 0.411123 0.557232 -0.607306 0.301859 0.506597 -0.696636 0.343546 0.313009 -0.760698 0.453267 0.366872 -0.678466 -0.167109 0.043352 -0.796863 -0.107205 0.010436 -0.772079 0.038647 0.165326 -0.652174 -0.019743 0.200787 -1.734956 -0.803186 0.522107 -1.693752 -0.848313 0.547042 -1.706523 -0.859831 0.547302 -1.747728 -0.814704 0.522367 
-0.668669 0.429493 0.527174 -0.604681 0.317418 0.482068 -0.692580 0.350805 0.286230 -0.755936 0.463482 0.334542 -0.678920 -0.165612 0.046437 -0.796902 -0.106845 0.010155 -0.773796 0.044199 0.160253 -0.654334 -0.012968 0.199044 -1.736634 -0.779028 0.544754 -1.695455 -0.823006 0.571702 -1.708250 -0.834469 0.572547 -1.749429 -0.790491 0.545599 
-0.667052 0.444060 0.502870 -0.603831 0.329690 0.462713 -0.690501 0.355782 0.265225 -0.753099 0.470878 0.308565 -0.679451 -0.164296 0.049122 -0.797003 -0.106548 0.009923 -0.775341 0.048775 0.155812 -0.656335 -0.007303 0.197488 -1.743920 -0.751571 0.567243 -1.703129 -0.794469 0.596432 -1.716015 -0.805777 0.597819 -1.756805 -0.762880 0.568631 
-0.667272 0.456371 0.485448 -0.604669 0.340304 0.449402 -0.690017 0.360582 0.250661 -0.752011 0.477473 0.289867 -0.680053 -0.163387 0.051412 -0.797054 -0.106278 0.009708 -0.776006 0.052791 0.151596 -0.657566 -0.002588 0.195744 -1.755718 -0.720154 0.587795 -1.715706 -0.762089 0.619362 -1.728757 -0.773134 0.621232 -1.768769 -0.731199 0.589664 
-0.667192 0.467898 0.471589 -0.605205 0.350400 0.439314 -0.689042 0.365598 0.239479 -0.750435 0.484007 0.274894 -0.680680 -0.162831 0.053328 -0.797052 -0.106026 0.009505 -0.775772 0.056417 0.147480 -0.657963 0.001394 0.193713 -1.769097 -0.684162 0.604576 -1.730281 -0.725363 0.638513 -1.743587 -0.736019 0.640796 -1.782404 -0.694818 0.606859 
-0.665903 0.479425 0.456560 -0.604719 0.360473 0.428334 -0.686640 0.370500 0.227381 -0.747250 0.490451 0.258725 -0.681410 -0.162291 0.055367 -0.797049 -0.105773 0.009289 -0.775475 0.060002 0.143195 -0.658402 0.005317 0.191645 -1.780643 -0.645480 0.617485 -1.743171 -0.686231 0.653418 -1.756784 -0.696401 0.656081 -1.794257 -0.655650 0.620149 
-0.663793 0.491045 0.439543 -0.603627 0.370699 0.415320 -0.684120 0.375488 0.213598 -0.743722 0.496919 0.240911 -0.682297 -0.161580 0.057766 -0.797066 -0.105507 0.009047 -0.775453 0.063766 0.138496 -0.659257 0.009581 0.189549 -1.790860 -0.608071 0.627130 -1.754598 -0.648312 0.664836 -1.768479 -0.658019 0.667825 -1.804741 -0.617779 0.630119 
-0.661947 0.502922 0.421924 -0.602778 0.381300 0.401996 -0.681355 0.380641 0.199464 -0.739978 0.503437 0.222453 -0.683326 -0.160833 0.060344 -0.797071 -0.105225 0.008774 -0.775167 0.067695 0.133260 -0.660001 0.014031 0.187121 -1.800862 -0.573923 0.634091 -1.765553 -0.613395 0.673476 -1.779623 -0.622739 0.676725 -1.814932 -0.583267 0.637339 
-0.661225 0.515544 0.402845 -0.602953 0.392817 0.387606 -0.679258 0.386171 0.184315 -0.737008 0.510168 0.202580 -0.684464 -0.159751 0.063227 -0.797090 -0.104923 0.008464 -0.775068 0.071891 0.127332 -0.661030 0.019071 0.184335 -1.811441 -0.543060 0.638911 -1.776885 -0.581486 0.679963 -1.791076 -0.590578 0.683399 -1.825632 -0.552152 0.642346 
-0.662343 0.529431 0.381236 -0.604727 0.405856 0.371263 -0.678410 0.392271 0.167351 -0.735535 0.517223 0.180309 -0.685599 -0.158022 0.066446 -0.797099 -0.104605 0.008101 -0.775572 0.076390 0.120595 -0.662679 0.025055 0.181124 -1.822599 -0.513258 0.642035 -1.788770 -0.550338 0.684891 -1.803052 -0.559226 0.688474 -1.836882 -0.522146 0.645619 
-0.665316 0.544731 0.355746 -0.608080 0.420642 0.351784 -0.678937 0.398774 0.147591 -0.735718 0.524363 0.154484 -0.686745 -0.155481 0.069895 -0.797186 -0.104262 0.007691 -0.776670 0.081281 0.112718 -0.664861 0.032231 0.177036 -1.833899 -0.483189 0.644196 -1.800814 -0.518542 0.689046 -1.815170 -0.527252 0.692771 -1.848255 -0.491899 0.647921 
-0.669961 0.561289 0.325380 -0.612840 0.437117 0.328246 -0.680851 0.405418 0.124375 -0.737556 0.531230 0.124370 -0.687819 -0.152024 0.073458 -0.797296 -0.103893 0.007216 -0.778227 0.086524 0.103421 -0.667412 0.040661 0.171691 -1.844841 -0.452132 0.645989 -1.812494 -0.485306 0.692990 -1.826904 -0.493855 0.696874 -1.859251 -0.460681 0.649872 
-0.675891 0.578727 0.290677 -0.618687 0.454995 0.301066 -0.683649 0.412237 0.098223 -0.740481 0.537760 0.090607 -0.688906 -0.147801 0.077060 -0.797408 -0.103504 0.006668 -0.779823 0.091930 0.092542 -0.670014 0.050010 0.164851 -1.854774 -0.419527 0.647698 -1.823074 -0.450063 0.696879 -1.837517 -0.458456 0.700977 -1.869217 -0.427921 0.651796 
-0.682769 0.596371 0.251513 -0.625391 0.473672 0.270022 -0.687040 0.418869 0.069050 -0.744094 0.543520 0.053211 -0.690110 -0.142840 0.080708 -0.797517 -0.103102 0.006046 -0.781339 0.097271 0.079982 -0.672655 0.060027 0.156432 -1.864151 -0.385073 0.648403 -1.833024 -0.412537 0.699714 -1.847482 -0.420766 0.704081 -1.878610 -0.393302 0.652769 
-0.690440 0.613525 0.207442 -0.632866 0.492579 0.234774 -0.690712 0.424683 0.036689 -0.748018 0.547751 0.011901 -0.691496 -0.137103 0.084361 -0.797628 -0.102704 0.005352 -0.782815 0.102254 0.065772 -0.675438 0.070465 0.146418 -1.873804 -0.348339 0.646922 -1.843271 -0.372261 0.700321 -1.857738 -0.380309 0.704988 -1.888271 -0.356387 0.651589 
-0.695203 0.638643 0.210024 -0.637938 0.518234 0.240226 -0.686183 0.449463 0.039885 -0.743314 0.572000 0.012231 -0.690579 -0.132084 0.090133 -0.794408 -0.100885 0.006851 -0.779754 0.106626 0.057860 -0.674705 0.078106 0.142684 -1.881645 -0.308407 0.646240 -1.851279 -0.329448 0.700931 -1.865799 -0.337123 0.706040 -1.896165 -0.316082 0.651349 
-0.704200 0.661863 0.211536 -0.647003 0.542185 0.244634 -0.686121 0.472113 0.042759 -0.743313 0.593931 0.012205 -0.690168 -0.121628 0.098388 -0.791207 -0.092909 0.010889 -0.777631 0.116089 0.055760 -0.675414 0.090094 0.144754 -1.885642 -0.266866 0.643689 -1.855275 -0.285953 0.699092 -1.869899 -0.293108 0.704642 -1.900265 -0.274020 0.649239 
-0.713857 0.681296 0.211987 -0.657046 0.562561 0.248923 -0.687033 0.489721 0.046466 -0.743963 0.610626 0.012044 -0.688500 -0.102398 0.108613 -0.786382 -0.075970 0.016904 -0.776893 0.133724 0.059522 -0.677924 0.110053 0.152735 -1.885860 -0.226012 0.637532 -1.855536 -0.243731 0.693411 -1.870299 -0.250257 0.699353 -1.900623 -0.232538 0.643473 
-0.722168 0.695446 0.211909 -0.666399 0.577364 0.252360 -0.688674 0.501980 0.049838 -0.744662 0.622262 0.011869 -0.687061 -0.077670 0.115299 -0.782407 -0.052800 0.020534 -0.779006 0.156765 0.064676 -0.682684 0.134665 0.160997 -1.876801 -0.189059 0.630445 -1.846367 -0.206401 0.686382 -1.861281 -0.212185 0.692703 -1.891715 -0.194843 0.636766 
-0.724964 0.704325 0.212534 -0.670213 0.585525 0.252267 -0.692843 0.511673 0.049222 -0.747798 0.632658 0.011985 -0.686858 -0.054635 0.111409 -0.781711 -0.029404 0.016245 -0.783530 0.178945 0.065895 -0.687781 0.156463 0.162697 -1.863944 -0.164456 0.628711 -1.832949 -0.182454 0.684131 -1.847934 -0.187565 0.690852 -1.878929 -0.169567 0.635431 
-0.726790 0.714245 0.213505 -0.671117 0.595127 0.250940 -0.695679 0.524069 0.047123 -0.751538 0.645335 0.012217 -0.687551 -0.041615 0.099191 -0.784268 -0.015814 0.006079 -0.787295 0.191676 0.059152 -0.689680 0.168605 0.153932 -1.858829 -0.152751 0.632133 -1.827428 -0.170613 0.687368 -1.842383 -0.175572 0.694267 -1.873784 -0.157710 0.639032 
-0.726916 0.719596 0.213826 -0.670848 0.600507 0.250758 -0.695360 0.530156 0.046690 -0.751618 0.651383 0.012295 -0.687652 -0.040185 0.097145 -0.784448 -0.014228 0.004157 -0.786553 0.193400 0.056731 -0.688846 0.170174 0.151378 -1.854970 -0.151806 0.639469 -1.822642 -0.169756 0.694138 -1.837467 -0.174809 0.701246 -1.869795 -0.156859 0.646577 
-0.727181 0.720836 0.213752 -0.671112 0.601815 0.250902 -0.695374 0.531189 0.046900 -0.751636 0.652351 0.012284 -0.687938 -0.041438 0.097691 -0.784563 -0.015201 0.004605 -0.785431 0.192604 0.056509 -0.687878 0.169099 0.151246 -1.854887 -0.158313 0.646954 -1.821639 -0.176273 0.701065 -1.836304 -0.181589 0.708311 -1.869553 -0.163629 0.654200 
-0.727298 0.720690 0.213849 -0.671171 0.601664 0.250894 -0.695357 0.531221 0.046819 -0.751679 0.652387 0.012310 -0.688222 -0.043672 0.098312 -0.784690 -0.017366 0.005081 -0.784833 0.190598 0.056352 -0.687430 0.167025 0.151226 -1.857368 -0.168908 0.651943 -1.823506 -0.186900 0.705661 -1.838029 -0.192590 0.712910 -1.871891 -0.174599 0.659191 
-0.727173 0.720072 0.214092 -0.670900 0.600981 0.250704 -0.695243 0.531155 0.046436 -0.751710 0.652377 0.012367 -0.688247 -0.044429 0.098190 -0.784722 -0.018088 0.004977 -0.784901 0.189847 0.056363 -0.687491 0.166239 0.151220 -1.860178 -0.179924 0.653992 -1.826019 -0.198049 0.707477 -1.840439 -0.204101 0.714636 -1.874599 -0.185977 0.661151 
-0.727159 0.719524 0.214307 -0.670785 0.600373 0.250565 -0.695207 0.531079 0.046125 -0.751775 0.652354 0.012416 -0.688187 -0.044421 0.098153 -0.784705 -0.018109 0.004977 -0.785165 0.189769 0.056594 -0.687715 0.166189 0.151417 -1.862974 -0.188999 0.653815 -1.828766 -0.207249 0.707226 -1.843126 -0.213591 0.714256 -1.877334 -0.195341 0.660845 
-0.727237 0.719202 0.214446 -0.670804 0.600023 0.250518 -0.695188 0.531037 0.045969 -0.751817 0.652337 0.012449 -0.688154 -0.044430 0.098117 -0.784704 -0.018112 0.004976 -0.785251 0.189737 0.056709 -0.687770 0.166150 0.151499 -1.865272 -0.194682 0.652601 -1.831155 -0.213017 0.706042 -1.845490 -0.219540 0.712955 -1.879607 -0.201205 0.659515 
-0.727306 0.719136 0.214485 -0.670821 0.599963 0.250502 -0.695193 0.531056 0.045926 -0.751874 0.652347 0.012462 -0.688129 -0.044448 0.098099 -0.784692 -0.018120 0.004975 -0.785238 0.189722 0.056738 -0.687743 0.166124 0.151511 -1.866602 -0.196563 0.651391 -1.832612 -0.214931 0.704901 -1.846951 -0.221515 0.711749 -1.880940 -0.203147 0.658239 
-0.727305 0.719134 0.214492 -0.670818 0.599962 0.250507 -0.695191 0.531056 0.045930 -0.751874 0.652347 0.012468 -0.688122 -0.044451 0.098092 -0.784692 -0.018120 0.004975 -0.785233 0.189720 0.056743 -0.687732 0.166120 0.151509 -1.866680 -0.195847 0.650873 -1.832759 -0.214220 0.704425 -1.847111 -0.220783 0.711264 -1.881032 -0.202410 0.657712 
-0.727327 0.719146 0.214495 -0.670818 0.599983 0.250506 -0.695193 0.531075 0.045931 -0.751898 0.652356 0.012473 -0.688119 -0.044464 0.098091 -0.784688 -0.018126 0.004975 -0.785217 0.189714 0.056746 -0.687717 0.166107 0.151511 -1.866260 -0.194060 0.650578 -1.832391 -0.212431 0.704163 -1.846761 -0.218944 0.711013 -1.880630 -0.200573 0.657428 
-0.727328 0.719150 0.214499 -0.670818 0.599988 0.250511 -0.695192 0.531076 0.045937 -0.751898 0.652356 0.012477 -0.688118 -0.044468 0.098090 -0.784687 -0.018126 0.004975 -0.785210 0.189713 0.056748 -0.687710 0.166102 0.151512 -1.865628 -0.192107 0.650513 -1.831784 -0.210471 0.704117 -1.846169 -0.216928 0.710987 -1.880013 -0.198564 0.657383 
-0.727329 0.719153 0.214501 -0.670817 0.599993 0.250516 -0.695191 0.531077 0.045942 -0.751899 0.652356 0.012481 -0.688118 -0.044472 0.098089 -0.784687 -0.018126 0.004976 -0.785204 0.189712 0.056751 -0.687704 0.166098 0.151514 -1.864988 -0.190637 0.650682 -1.831136 -0.208993 0.704284 -1.845530 -0.215407 0.711177 -1.879382 -0.197051 0.657576 
-0.727329 0.719156 0.214504 -0.670817 0.599996 0.250519 -0.695190 0.531078 0.045947 -0.751899 0.652357 0.012484 -0.688117 -0.044475 0.098089 -0.784686 -0.018126 0.004976 -0.785198 0.189711 0.056753 -0.687698 0.166094 0.151515 -1.864499 -0.189956 0.651014 -1.830613 -0.208306 0.704596 -1.845006 -0.214699 0.711509 -1.878893 -0.196349 0.657928 
-0.727328 0.719157 0.214506 -0.670814 0.599998 0.250522 -0.695189 0.531079 0.045950 -0.751899 0.652357 0.012488 -0.688112 -0.044477 0.098089 -0.784680 -0.018127 0.004976 -0.785190 0.189711 0.056755 -0.687690 0.166091 0.151517 -1.864286 -0.189794 0.651234 -1.830375 -0.208141 0.704801 -1.844766 -0.214530 0.711723 -1.878678 -0.196182 0.658157 
-0.727327 0.719158 0.214509 -0.670813 0.600000 0.250525 -0.695189 0.531079 0.045953 -0.751899 0.652357 0.012491 -0.688107 -0.044479 0.098089 -0.784675 -0.018127 0.004976 -0.785183 0.189710 0.056757 -0.687683 0.166089 0.151519 -1.864258 -0.189785 0.651256 -1.830344 -0.208132 0.704821 -1.844735 -0.214521 0.711744 -1.878649 -0.196173 0.658180 
-0.727326 0.719159 0.214511 -0.670811 0.600001 0.250527 -0.695188 0.531080 0.045956 -0.751899 0.652357 0.012493 -0.688103 -0.044480 0.098089 -0.784670 -0.018127 0.004976 -0.785176 0.189710 0.056758 -0.687677 0.166087 0.151520 -1.864240 -0.189782 0.651269 -1.830324 -0.208130 0.704832 -1.844715 -0.214518 0.711756 -1.878630 -0.196170 0.658192 
-0.727325 0.719160 0.214513 -0.670809 0.600002 0.250529 -0.695187 0.531080 0.045959 -0.751900 0.652357 0.012496 -0.688099 -0.044482 0.098089 -0.784666 -0.018127 0.004976 -0.785170 0.189709 0.056760 -0.687671 0.166085 0.151522 -1.864223 -0.189780 0.651280 -1.830306 -0.208129 0.704843 -1.844696 -0.214517 0.711767 -1.878613 -0.196168 0.658204 
-0.727325 0.719161 0.214515 -0.670808 0.600004 0.250531 -0.695187 0.531081 0.045961 -0.751900 0.652357 0.012498 -0.688095 -0.044483 0.098089 -0.784662 -0.018127 0.004976 -0.785164 0.189709 0.056761 -0.687666 0.166083 0.151523 -1.864207 -0.189778 0.651290 -1.830289 -0.208127 0.704852 -1.844679 -0.214515 0.711777 -1.878598 -0.196166 0.658215 
-0.727324 0.719162 0.214517 -0.670806 0.600005 0.250533 -0.695186 0.531081 0.045963 -0.751900 0.652357 0.012500 -0.688092 -0.044485 0.098089 -0.784658 -0.018127 0.004976 -0.785159 0.189709 0.056762 -0.687661 0.166082 0.151524 -1.864193 -0.189777 0.651300 -1.830273 -0.208126 0.704861 -1.844664 -0.214513 0.711786 -1.878583 -0.196164 0.658225 
-0.727323 0.719163 0.214518 -0.670805 0.600006 0.250534 -0.695186 0.531081 0.045965 -0.751900 0.652357 0.012502 -0.688088 -0.044486 0.098089 -0.784655 -0.018127 0.004976 -0.785155 0.189708 0.056763 -0.687656 0.166080 0.151525 -1.864181 -0.189775 0.651309 -1.830261 -0.208125 0.704870 -1.844651 -0.214513 0.711795 -1.878571 -0.196163 0.658234 
-0.727323 0.719163 0.214520 -0.670804 0.600007 0.250536 -0.695186 0.531082 0.045967 -0.751901 0.652357 0.012503 -0.688086 -0.044487 0.098089 -0.784652 -0.018127 0.004976 -0.785150 0.189708 0.056764 -0.687652 0.166079 0.151526 -1.864184 -0.189779 0.651325 -1.830263 -0.208128 0.704885 -1.844652 -0.214517 0.711810 -1.878574 -0.196168 0.658250 
-0.727350 0.719176 0.214520 -0.670805 0.600030 0.250530 -0.695189 0.531104 0.045962 -0.751931 0.652368 0.012505 -0.688080 -0.044495 0.098089 -0.784646 -0.018133 0.004976 -0.785139 0.189702 0.056765 -0.687642 0.166071 0.151527 -1.864194 -0.189782 0.651347 -1.830272 -0.208132 0.704906 -1.844661 -0.214523 0.711830 -1.878583 -0.196173 0.658271 
-0.727350 0.719177 0.214522 -0.670804 0.600031 0.250531 -0.695189 0.531104 0.045963 -0.751931 0.652368 0.012507 -0.688078 -0.044496 0.098089 -0.784643 -0.018133 0.004976 -0.785136 0.189702 0.056766 -0.687639 0.166069 0.151528 -1.864202 -0.189782 0.651377 -1.830278 -0.208132 0.704934 -1.844666 -0.214525 0.711858 -1.878591 -0.196175 0.658300 
-0.727376 0.719187 0.214523 -0.670805 0.600051 0.250525 -0.695193 0.531123 0.045958 -0.751961 0.652378 0.012508 -0.688073 -0.044505 0.098088 -0.784638 -0.018138 0.004976 -0.785125 0.189697 0.056768 -0.687628 0.166060 0.151529 -1.864191 -0.189764 0.651429 -1.830263 -0.208115 0.704984 -1.844650 -0.214510 0.711908 -1.878579 -0.196159 0.658353 
-0.727401 0.719196 0.214524 -0.670806 0.600069 0.250520 -0.695199 0.531141 0.045953 -0.751990 0.652386 0.012510 -0.688069 -0.044513 0.098088 -0.784634 -0.018143 0.004976 -0.785114 0.189691 0.056769 -0.687618 0.166051 0.151530 -1.864154 -0.189725 0.651511 -1.830218 -0.208076 0.705061 -1.844605 -0.214471 0.711986 -1.878541 -0.196121 0.658436 
-0.727400 0.719196 0.214524 -0.670805 0.600070 0.250521 -0.695199 0.531142 0.045954 -0.751991 0.652386 0.012511 -0.688067 -0.044514 0.098088 -0.784632 -0.018143 0.004976 -0.785111 0.189691 0.056770 -0.687615 0.166050 0.151531 -1.864094 -0.189666 0.651614 -1.830147 -0.208015 0.705158 -1.844532 -0.214412 0.712086 -1.878479 -0.196062 0.658542 
-0.727400 0.719197 0.214525 -0.670805 0.600071 0.250521 -0.695198 0.531142 0.045955 -0.751991 0.652386 0.012512 -0.688065 -0.044515 0.098088 -0.784630 -0.018143 0.004976 -0.785108 0.189691 0.056771 -0.687612 0.166049 0.151532 -1.864018 -0.189594 0.651734 -1.830059 -0.207942 0.705270 -1.844442 -0.214339 0.712202 -1.878401 -0.195990 0.658665 
-0.727400 0.719197 0.214526 -0.670804 0.600071 0.250522 -0.695198 0.531142 0.045956 -0.751991 0.652386 0.012513 -0.688064 -0.044516 0.098088 -0.784628 -0.018143 0.004976 -0.785106 0.189690 0.056771 -0.687610 0.166048 0.151532 -1.863937 -0.189519 0.651857 -1.829966 -0.207866 0.705386 -1.844347 -0.214262 0.712321 -1.878319 -0.195915 0.658792 
-0.727400 0.719198 0.214526 -0.670804 0.600072 0.250523 -0.695198 0.531142 0.045957 -0.751991 0.652386 0.012514 -0.688062 -0.044516 0.098088 -0.784626 -0.018143 0.004976 -0.785103 0.189690 0.056772 -0.687607 0.166048 0.151533 -1.863862 -0.189448 0.651974 -1.829879 -0.207794 0.705496 -1.844259 -0.214190 0.712434 -1.878242 -0.195844 0.658912 
-0.727427 0.719211 0.214525 -0.670805 0.600096 0.250517 -0.695204 0.531160 0.045953 -0.752023 0.652393 0.012514 -0.688057 -0.044524 0.098087 -0.784621 -0.018148 0.004976 -0.785093 0.189685 0.056773 -0.687597 0.166039 0.151534 -1.863798 -0.189388 0.652078 -1.829804 -0.207733 0.705593 -1.844183 -0.214129 0.712535 -1.878177 -0.195784 0.659019 
-0.727427 0.719211 0.214525 -0.670805 0.600097 0.250517 -0.695204 0.531160 0.045954 -0.752023 0.652393 0.012515 -0.688056 -0.044525 0.098087 -0.784619 -0.018148 0.004976 -0.785091 0.189685 0.056774 -0.687595 0.166039 0.151534 -1.863750 -0.189339 0.652167 -1.829747 -0.207683 0.705677 -1.844125 -0.214080 0.712620 -1.878127 -0.195736 0.659110 
-0.727452 0.719222 0.214523 -0.670805 0.600118 0.250511 -0.695211 0.531177 0.045950 -0.752055 0.652399 0.012515 -0.688053 -0.044532 0.098088 -0.784616 -0.018154 0.004977 -0.785083 0.189679 0.056774 -0.687588 0.166032 0.151535 -1.863710 -0.189297 0.652246 -1.829700 -0.207641 0.705751 -1.844076 -0.214038 0.712696 -1.878086 -0.195695 0.659191 
-0.727454 0.719222 0.214524 -0.670806 0.600119 0.250512 -0.695210 0.531177 0.045951 -0.752055 0.652399 0.012516 -0.688050 -0.044533 0.098087 -0.784613 -0.018154 0.004977 -0.785079 0.189679 0.056775 -0.687585 0.166030 0.151535 -1.863674 -0.189263 0.652323 -1.829657 -0.207606 0.705824 -1.844032 -0.214004 0.712770 -1.878049 -0.195662 0.659269 
-0.727543 0.719245 0.214521 -0.670826 0.600170 0.250494 -0.695251 0.531216 0.045940 -0.752165 0.652409 0.012520 -0.688045 -0.044547 0.098085 -0.784607 -0.018159 0.004976 -0.785065 0.189671 0.056786 -0.687570 0.166013 0.151544 -1.863628 -0.189231 0.652407 -1.829602 -0.207576 0.705902 -1.843976 -0.213975 0.712850 -1.878002 -0.195630 0.659355 
-0.727563 0.719249 0.214521 -0.670830 0.600180 0.250489 -0.695261 0.531225 0.045935 -0.752191 0.652412 0.012521 -0.688042 -0.044554 0.098085 -0.784604 -0.018164 0.004977 -0.785057 0.189666 0.056787 -0.687563 0.166005 0.151545 -1.863584 -0.189236 0.652514 -1.829548 -0.207581 0.706002 -1.843920 -0.213982 0.712952 -1.877957 -0.195638 0.659464 
-0.727599 0.719256 0.214520 -0.670840 0.600196 0.250479 -0.695282 0.531241 0.045927 -0.752239 0.652418 0.012521 -0.688037 -0.044569 0.098084 -0.784598 -0.018173 0.004977 -0.785043 0.189656 0.056790 -0.687549 0.165990 0.151547 -1.863538 -0.189229 0.652620 -1.829490 -0.207574 0.706101 -1.843860 -0.213977 0.713053 -1.877908 -0.195632 0.659572 
-0.727599 0.719256 0.214520 -0.670840 0.600197 0.250479 -0.695282 0.531241 0.045927 -0.752239 0.652418 0.012521 -0.688036 -0.044569 0.098084 -0.784597 -0.018173 0.004977 -0.785041 0.189656 0.056790 -0.687548 0.165990 0.151547 -1.863490 -0.189226 0.652729 -1.829430 -0.207570 0.706203 -1.843799 -0.213974 0.713157 -1.877858 -0.195630 0.659684 
-0.727599 0.719257 0.214519 -0.670840 0.600197 0.250479 -0.695282 0.531241 0.045928 -0.752239 0.652418 0.012521 -0.688035 -0.044570 0.098084 -0.784596 -0.018173 0.004977 -0.785040 0.189655 0.056790 -0.687546 0.165989 0.151548 -1.863437 -0.189236 0.652852 -1.829364 -0.207579 0.706317 -1.843730 -0.213986 0.713275 -1.877803 -0.195643 0.659809 
-0.727599 0.719257 0.214519 -0.670840 0.600198 0.250479 -0.695282 0.531241 0.045928 -0.752240 0.652418 0.012522 -0.688034 -0.044570 0.098084 -0.784595 -0.018174 0.004977 -0.785039 0.189655 0.056791 -0.687545 0.165989 0.151548 -1.863381 -0.189264 0.652988 -1.829293 -0.207606 0.706445 -1.843657 -0.214015 0.713405 -1.877745 -0.195673 0.659949 
-0.727600 0.719256 0.214520 -0.670840 0.600197 0.250479 -0.695283 0.531240 0.045928 -0.752240 0.652418 0.012522 -0.688034 -0.044571 0.098084 -0.784594 -0.018174 0.004977 -0.785037 0.189655 0.056791 -0.687544 0.165988 0.151548 -1.863325 -0.189305 0.653133 -1.829220 -0.207646 0.706579 -1.843581 -0.214058 0.713543 -1.877686 -0.195717 0.660097 
-0.727604 0.719250 0.214523 -0.670844 0.600190 0.250479 -0.695283 0.531239 0.045926 -0.752241 0.652417 0.012522 -0.688032 -0.044572 0.098084 -0.784593 -0.018174 0.004977 -0.785035 0.189655 0.056793 -0.687542 0.165987 0.151550 -1.863267 -0.189354 0.653279 -1.829146 -0.207694 0.706715 -1.843504 -0.214109 0.713681 -1.877625 -0.195769 0.660246 
-0.727609 0.719240 0.214527 -0.670850 0.600179 0.250479 -0.695284 0.531237 0.045922 -0.752241 0.652416 0.012523 -0.688031 -0.044573 0.098084 -0.784592 -0.018174 0.004977 -0.785033 0.189654 0.056795 -0.687539 0.165985 0.151551 -1.863210 -0.189404 0.653421 -1.829073 -0.207743 0.706847 -1.843428 -0.214161 0.713816 -1.877565 -0.195822 0.660390 
-0.727616 0.719229 0.214532 -0.670856 0.600167 0.250480 -0.695285 0.531235 0.045918 -0.752242 0.652415 0.012524 -0.688029 -0.044575 0.098083 -0.784590 -0.018174 0.004977 -0.785030 0.189653 0.056797 -0.687537 0.165983 0.151553 -1.863156 -0.189451 0.653557 -1.829003 -0.207790 0.706973 -1.843356 -0.214211 0.713945 -1.877509 -0.195872 0.660529 
-0.727622 0.719218 0.214537 -0.670863 0.600154 0.250480 -0.695285 0.531233 0.045914 -0.752243 0.652414 0.012525 -0.688028 -0.044576 0.098083 -0.784588 -0.018174 0.004977 -0.785028 0.189653 0.056799 -0.687535 0.165981 0.151555 -1.863104 -0.189493 0.653685 -1.828936 -0.207831 0.707092 -1.843287 -0.214255 0.714067 -1.877454 -0.195917 0.660660 
-0.727629 0.719206 0.214542 -0.670869 0.600141 0.250480 -0.695286 0.531231 0.045910 -0.752244 0.652414 0.012526 -0.688026 -0.044578 0.098083 -0.784587 -0.018174 0.004977 -0.785025 0.189652 0.056801 -0.687532 0.165978 0.151557 -1.863052 -0.189529 0.653808 -1.828871 -0.207867 0.707207 -1.843219 -0.214293 0.714184 -1.877400 -0.195955 0.660786 
-0.727636 0.719195 0.214547 -0.670876 0.600128 0.250481 -0.695287 0.531228 0.045906 -0.752245 0.652413 0.012527 -0.688025 -0.044579 0.098082 -0.784585 -0.018174 0.004977 -0.785023 0.189651 0.056804 -0.687530 0.165976 0.151559 -1.863001 -0.189561 0.653928 -1.828807 -0.207898 0.707318 -1.843152 -0.214327 0.714298 -1.877347 -0.195989 0.660908 
-0.727642 0.719183 0.214552 -0.670883 0.600115 0.250481 -0.695288 0.531226 0.045902 -0.752245 0.652412 0.012528 -0.688023 -0.044581 0.098082 -0.784584 -0.018174 0.004977 -0.785020 0.189651 0.056806 -0.687527 0.165974 0.151561 -1.862949 -0.189590 0.654048 -1.828741 -0.207927 0.707429 -1.843084 -0.214358 0.714412 -1.877292 -0.196021 0.661030 
