-0.000448 -0.000490 1.000000 -0.002001 0.001846 0.999996 -0.002015 0.001836 0.999996 -0.000501 -0.000524 1.000000 
-0.000498 -0.000545 1.000000 -0.001625 0.001499 0.999998 -0.001637 0.001492 0.999998 -0.000544 -0.000569 1.000000 
-0.000900 -0.000984 0.999999 -0.000413 0.000381 1.000000 -0.000422 0.000384 1.000000 -0.000930 -0.000973 0.999999 
-0.000911 -0.000996 0.999999 -0.000586 0.000541 1.000000 -0.000595 0.000543 1.000000 -0.000945 -0.000988 0.999999 
-0.001658 -0.001813 0.999997 -0.000803 0.000741 0.999999 -0.000819 0.000747 0.999999 -0.001715 -0.001793 0.999997 
-0.000679 -0.000743 0.999999 -0.001473 0.001359 0.999998 -0.001486 0.001354 0.999998 -0.000726 -0.000759 0.999999 
-0.000589 -0.000644 1.000000 -0.001330 0.001227 0.999998 -0.001342 0.001222 0.999998 -0.000631 -0.000660 1.000000 
0.001237 0.001354 0.999998 0.000777 -0.000716 0.999999 0.000789 -0.000719 0.999999 0.001283 0.001342 0.999998 
0.001703 0.001864 0.999997 0.001390 -0.001281 0.999998 0.001409 -0.001283 0.999998 0.001773 0.001856 0.999997 
0.002218 0.002428 0.999995 0.000745 -0.000686 0.999999 0.000764 -0.000695 0.999999 0.002287 0.002394 0.999995 
0.002038 0.002230 0.999995 0.000675 -0.000622 1.000000 0.000692 -0.000630 1.000000 0.002101 0.002199 0.999995 
0.002288 0.002505 0.999994 0.000296 -0.000273 1.000000 0.000313 -0.000285 1.000000 0.002349 0.002459 0.999994 
0.003122 0.003418 0.999989 0.001406 -0.001296 0.999998 0.001435 -0.001306 0.999998 0.003226 0.003378 0.999989 
0.003643 0.003991 0.999985 0.001472 -0.001355 0.999998 0.001505 -0.001369 0.999998 0.003761 0.003940 0.999985 
0.006516 0.007144 0.999953 0.002462 -0.002265 0.999994 0.002519 -0.002290 0.999994 0.006724 0.007049 0.999953 
0.010312 0.011318 0.999883 0.003371 -0.003099 0.999990 0.003459 -0.003141 0.999989 0.010631 0.011158 0.999881 
0.010891 0.011958 0.999869 0.001596 -0.001466 0.999998 0.001678 -0.001523 0.999997 0.011187 0.011745 0.999868 
0.009991 0.010971 0.999890 0.001445 -0.001327 0.999998 0.001520 -0.001380 0.999998 0.010262 0.010775 0.999889 
0.009210 0.010113 0.999906 0.001337 -0.001229 0.999998 0.001407 -0.001277 0.999998 0.009459 0.009932 0.999906 
0.023108 0.025389 0.999411 0.000243 -0.000223 1.000000 0.000400 -0.000363 1.000000 0.023670 0.024869 0.999410 
0.021269 0.023373 0.999501 0.000616 -0.000565 1.000000 0.000762 -0.000691 0.999999 0.021795 0.022903 0.999500 
0.021440 0.023592 0.999492 0.002505 -0.002297 0.999994 0.002664 -0.002413 0.999994 0.022010 0.023159 0.999489 
0.024324 0.026746 0.999346 -0.000504 0.000462 1.000000 -0.000343 0.000310 1.000000 0.024901 0.026181 0.999347 
0.023022 0.025334 0.999414 0.000315 -0.000289 1.000000 0.000472 -0.000427 1.000000 0.023585 0.024817 0.999414 
0.021117 0.023238 0.999507 0.000294 -0.000269 1.000000 0.000438 -0.000397 1.000000 0.021634 0.022764 0.999507 
0.019294 0.021231 0.999588 0.000273 -0.000250 1.000000 0.000404 -0.000366 1.000000 0.019765 0.020798 0.999588 
0.018433 0.020284 0.999624 0.000253 -0.000232 1.000000 0.000379 -0.000343 1.000000 0.018883 0.019870 0.999624 
0.018448 0.020300 0.999624 0.000236 -0.000216 1.000000 0.000361 -0.000327 1.000000 0.018899 0.019886 0.999624 
0.019019 0.020928 0.999600 0.000208 -0.000191 1.000000 0.000337 -0.000306 1.000000 0.019482 0.020500 0.999600 
0.019544 0.021506 0.999578 0.000181 -0.000166 1.000000 0.000313 -0.000284 1.000000 0.020020 0.021065 0.999578 
0.019957 0.021961 0.999560 0.000153 -0.000140 1.000000 0.000288 -0.000261 1.000000 0.020442 0.021510 0.999560 
0.020262 0.022296 0.999546 0.000125 -0.000114 1.000000 0.000262 -0.000237 1.000000 0.020754 0.021838 0.999546 
0.020462 0.022516 0.999537 0.000096 -0.000088 1.000000 0.000234 -0.000212 1.000000 0.020958 0.022053 0.999537 
0.020560 0.022624 0.999533 0.000066 -0.000061 1.000000 0.000205 -0.000186 1.000000 0.021058 0.022158 0.999533 
0.020558 0.022621 0.999533 0.000036 -0.000033 1.000000 0.000175 -0.000158 1.000000 0.021055 0.022155 0.999533 
0.020457 0.022510 0.999537 0.000005 -0.000005 1.000000 0.000143 -0.000129 1.000000 0.020951 0.022045 0.999537 
0.020259 0.022292 0.999546 -0.000008 0.000008 1.000000 0.000128 -0.000116 1.000000 0.020748 0.021831 0.999546 
0.019962 0.021966 0.999559 -0.000021 0.000019 1.000000 0.000114 -0.000103 1.000000 0.020444 0.021511 0.999560 
0.019565 0.021528 0.999577 -0.000036 0.000033 1.000000 0.000095 -0.000086 1.000000 0.020036 0.021083 0.999577 
0.019063 0.020976 0.999598 -0.000054 0.000050 1.000000 0.000074 -0.000067 1.000000 0.019522 0.020542 0.999598 
0.018454 0.020306 0.999624 -0.000074 0.000068 1.000000 0.000050 -0.000045 1.000000 0.018898 0.019884 0.999624 
0.014713 0.015690 0.999769 -0.001354 0.001281 0.999998 -0.001266 0.001182 0.999998 0.015028 0.015326 0.999770 
0.006066 0.006341 0.999961 -0.001793 0.001730 0.999997 -0.001765 0.001682 0.999997 0.006166 0.006164 0.999962 
0.003629 0.003794 0.999986 -0.000944 0.000911 0.999999 -0.000926 0.000883 0.999999 0.003692 0.003691 0.999986 
0.002694 0.002812 0.999992 0.000028 -0.000027 1.000000 0.000046 -0.000044 1.000000 0.002756 0.002751 0.999992 
0.003111 0.003247 0.999990 -0.000526 0.000508 1.000000 -0.000509 0.000486 1.000000 0.003170 0.003164 0.999990 
0.003930 0.004060 0.999984 -0.000483 0.000471 1.000000 -0.000461 0.000444 1.000000 0.004008 0.003960 0.999984 
0.003273 0.003356 0.999989 -0.000507 0.000499 1.000000 -0.000490 0.000476 1.000000 0.003335 0.003270 0.999989 
0.002560 0.002610 0.999993 -0.000481 0.000476 1.000000 -0.000468 0.000457 1.000000 0.002606 0.002541 0.999993 
0.002408 0.002504 0.999994 -0.005226 0.005070 0.999973 -0.005241 0.005024 0.999974 0.002348 0.002335 0.999995 
0.002281 0.002378 0.999995 -0.012283 0.011883 0.999854 -0.012341 0.011794 0.999854 0.002064 0.002057 0.999996 
0.002119 0.002212 0.999995 -0.017764 0.017168 0.999695 -0.017855 0.017046 0.999695 0.001778 0.001775 0.999997 
0.002027 0.002110 0.999996 -0.020679 0.020032 0.999585 -0.020788 0.019893 0.999586 0.001618 0.001611 0.999997 
0.001913 0.002002 0.999996 -0.023044 0.022209 0.999488 -0.023167 0.022057 0.999488 0.001452 0.001454 0.999998 
0.001862 0.001958 0.999996 -0.025398 0.024352 0.999381 -0.025535 0.024185 0.999381 0.001352 0.001360 0.999998 
0.001868 0.002016 0.999996 -0.029956 0.028000 0.999159 -0.030115 0.027805 0.999160 0.001276 0.001317 0.999998 
0.002175 0.002356 0.999995 -0.035985 0.033496 0.998791 -0.036176 0.033262 0.998792 0.001465 0.001518 0.999998 
0.002699 0.002953 0.999992 -0.044277 0.040801 0.998186 -0.044508 0.040513 0.998187 0.001836 0.001921 0.999996 
0.003610 0.003934 0.999986 -0.052723 0.048768 0.997418 -0.052998 0.048422 0.997420 0.002587 0.002697 0.999993 
0.003791 0.004157 0.999984 -0.063030 0.057931 0.996329 -0.063359 0.057520 0.996332 0.002565 0.002690 0.999993 
0.004701 0.005117 0.999976 -0.072189 0.066801 0.995151 -0.072567 0.066328 0.995156 0.003293 0.003429 0.999989 
0.005060 0.005575 0.999972 -0.085314 0.077980 0.993298 -0.085759 0.077423 0.993303 0.003408 0.003591 0.999988 
0.004143 0.004632 0.999981 -0.101106 0.091083 0.990698 -0.101638 0.090433 0.990703 0.002171 0.002322 0.999995 
0.004375 0.004994 0.999978 -0.119655 0.105515 0.987193 -0.120276 0.104746 0.987199 0.002080 0.002272 0.999995 
0.006776 0.007744 0.999947 -0.133473 0.117396 0.984075 -0.134154 0.116524 0.984086 0.004268 0.004667 0.999980 
0.009830 0.011347 0.999887 -0.146883 0.127624 0.980886 -0.147608 0.126647 0.980904 0.007163 0.007911 0.999943 
0.016844 0.019061 0.999676 -0.153494 0.135405 0.978828 -0.154221 0.134342 0.978861 0.014157 0.015333 0.999782 
0.021724 0.023587 0.999486 -0.175997 0.160996 0.971136 -0.176862 0.159755 0.971184 0.018539 0.019274 0.999642 
0.003943 0.003889 0.999985 -0.222242 0.226590 0.948296 -0.223677 0.225129 0.948307 -0.001120 -0.001058 0.999999 
-0.266403 0.292346 0.918457 -0.013031 -0.012175 0.999841 -0.019843 -0.017791 0.999645 -0.268419 0.290648 0.918409 
-0.296668 0.349338 0.888792 -0.041785 -0.036085 0.998475 -0.033464 -0.030080 0.998987 -0.299244 0.347502 0.888648 
-0.314384 0.390002 0.865483 -0.062599 -0.053307 0.996614 -0.053201 -0.047110 0.997472 -0.317401 0.388118 0.865229 
-0.318371 0.422735 0.848490 -0.089668 -0.075176 0.993130 -0.079338 -0.069125 0.994448 -0.321780 0.420961 0.848086 
-0.319812 0.447928 0.834914 -0.114706 -0.096269 0.988724 -0.103646 -0.090351 0.990502 -0.323537 0.446290 0.834356 
0.015354 0.107328 0.994105 -0.128220 -0.111311 0.985479 -0.175857 0.160363 0.971266 0.132514 -0.021201 0.990954 -0.330079 0.464965 0.821496 -0.164030 0.185600 0.968838 
0.014909 0.108189 0.994019 -0.136000 -0.121316 0.983253 -0.184669 0.164820 0.968882 0.131122 -0.020278 0.991159 -0.334121 0.467735 0.818283 -0.176557 0.194786 0.964824 
0.015069 0.109484 0.993874 -0.141777 -0.128537 0.981518 -0.191347 0.169380 0.966797 0.118531 -0.018156 0.992784 -0.333837 0.465358 0.819753 -0.184781 0.202656 0.961658 
0.015248 0.107684 0.994068 -0.146970 -0.134590 0.979941 -0.198468 0.176265 0.964127 0.094211 -0.014520 0.995446 -0.332449 0.463460 0.821391 -0.189786 0.210353 0.959027 
0.015418 0.102424 0.994621 -0.154156 -0.141112 0.977918 -0.205460 0.185778 0.960871 0.065829 -0.010498 0.997776 -0.328817 0.465460 0.821722 -0.192686 0.219328 0.956435 
0.015524 0.093726 0.995477 -0.163325 -0.147514 0.975482 -0.210934 0.197468 0.957347 0.034454 -0.005887 0.999389 -0.321753 0.470144 0.821851 -0.192440 0.229152 0.954178 
0.015308 0.081663 0.996542 -0.174461 -0.153493 0.972627 -0.213816 0.210681 0.953885 0.000277 -0.000052 1.000000 -0.310509 0.475265 0.823230 -0.188451 0.239249 0.952495 
-0.000942 0.000198 1.000000 -0.190769 -0.159788 0.968543 -0.290854 0.479927 0.827692 -0.182044 0.250040 0.950968 0.013414 0.064491 0.997828 -0.208303 0.219496 0.953117 
-0.000867 0.000203 1.000000 -0.210593 -0.167075 0.963191 -0.269865 0.488613 0.829717 -0.176041 0.260428 0.949308 0.011834 0.050977 0.998630 -0.202206 0.228003 0.952432 
-0.006461 0.001653 0.999978 -0.230669 -0.173526 0.957434 -0.249218 0.496811 0.831306 -0.167094 0.267129 0.949064 0.008381 0.032974 0.999421 -0.195559 0.236193 0.951824 
-0.017857 0.004860 0.999829 -0.246271 -0.177841 0.952745 0.002816 0.010408 0.999942 -0.188513 0.243409 0.951428 -0.154558 0.268419 0.950822 -0.233394 0.502963 0.832199 
-0.018499 0.005422 0.999814 -0.092805 -0.065743 0.993512 -0.154815 0.304902 0.939717 -0.000667 -0.002291 0.999997 -0.174356 0.244152 0.953934 
-0.013643 0.003892 0.999899 -0.034224 -0.024725 0.999108 -0.131361 0.290644 0.947771 -0.003757 -0.013266 0.999905 -0.171865 0.231771 0.957468 -0.154677 0.249230 0.956012 
-0.007261 0.001972 0.999972 -0.023068 -0.017165 0.999587 -0.107756 0.279929 0.953954 -0.006958 -0.025825 0.999642 -0.074066 0.095339 0.992686 -0.152942 0.296429 0.942729 
-0.003848 0.000924 0.999992 -0.020391 -0.012219 0.999717 -0.077564 0.270495 0.959592 -0.009809 -0.041215 0.999102 -0.068751 0.109408 0.991616 -0.125234 0.301219 0.945295 
-0.000558 0.000121 1.000000 -0.033944 -0.015250 0.999307 -0.048193 0.250074 0.967027 -0.011931 -0.055704 0.998376 -0.060956 0.129077 0.989759 -0.093365 0.287364 0.953260 
-0.000351 0.000062 1.000000 -0.027692 -0.007345 0.999590 -0.016295 0.215908 0.976278 -0.011995 -0.068261 0.997595 -0.042071 0.146751 0.988278 -0.054993 0.266045 0.962391 
-0.000621 0.000099 1.000000 -0.030071 -0.003843 0.999540 0.005285 0.173906 0.984748 -0.013170 -0.083764 0.996399 -0.015579 0.104427 0.994411 -0.022910 0.247229 0.968686 
-0.000290 0.000006 1.000000 0.028543 0.173429 0.984433 -0.000199 0.039170 0.999233 0.000023 -0.000003 1.000000 -0.010892 -0.099500 0.994978 -0.013123 -0.099259 0.994975 0.012663 0.235005 0.971912 
-0.002170 0.000282 0.999998 -0.021852 0.005320 0.999747 0.011507 0.083966 0.996402 -0.013036 -0.123877 0.992212 0.035197 0.126855 0.991297 
0.000208 -0.000027 1.000000 0.008306 -0.004018 0.999957 0.015451 0.063597 0.997856 -0.015474 -0.147699 0.988911 -0.026885 -0.058131 0.997947 0.069487 0.176725 0.981804 
0.000042 -0.000006 1.000000 0.017732 -0.011690 0.999774 0.012733 0.040128 0.999113 -0.021736 -0.181491 0.983152 -0.046244 -0.072680 0.996283 0.068884 0.151163 0.986106 
0.000451 -0.000070 1.000000 0.031518 -0.027027 0.999138 0.014179 0.035539 0.999268 -0.028163 -0.214969 0.976215 -0.040953 -0.049266 0.997946 0.068755 0.130049 0.989121 
-0.000663 0.000109 1.000000 0.021479 -0.022282 0.999521 0.008950 0.019298 0.999774 -0.033854 -0.033728 0.998858 -0.035624 -0.258122 0.965455 0.062783 0.107208 0.992252 
-0.000248 0.000049 1.000000 0.164970 -0.169522 0.971621 0.017363 0.032874 0.999309 -0.052239 -0.307881 0.949990 -0.004668 -0.004699 0.999978 0.046688 0.066785 0.996674 
-0.018719 0.003877 0.999817 0.216133 -0.246317 0.944783 -0.005403 -0.009310 0.999942 -0.062835 -0.364498 0.929082 -0.018115 -0.016237 0.999704 -0.000313 -0.000408 1.000000 
-0.065241 0.014355 0.997766 0.231937 -0.256191 0.938388 -0.006709 -0.011417 0.999912 -0.063884 -0.392818 0.917394 -0.034049 -0.030960 0.998941 -0.008230 -0.010373 0.999912 
-0.122007 0.025052 0.992213 0.242160 -0.268221 0.932425 -0.003956 -0.006617 0.999970 -0.047511 -0.381561 0.923122 -0.094470 -0.080433 0.992273 -0.002103 -0.002583 0.999994 
-0.155704 0.030604 0.987330 0.257713 -0.279216 0.924998 -0.006036 -0.009898 0.999933 -0.038194 -0.363707 0.930730 -0.181748 -0.143258 0.972854 0.012262 0.014679 0.999817 
-0.186976 0.040875 0.981514 0.262215 -0.271122 0.926140 -0.033738 -0.053572 0.997994 -0.041189 -0.390420 0.919715 -0.274485 -0.204611 0.939570 -0.002021 -0.002343 0.999995 
-0.230554 0.056961 0.971391 0.263630 -0.263058 0.928062 -0.079282 -0.122177 0.989337 -0.041222 -0.441356 0.896385 -0.344991 -0.245953 0.905808 -0.058364 -0.065725 0.996129 
-0.279435 0.077752 0.957011 0.263286 -0.254444 0.930558 -0.129579 -0.195153 0.972175 -0.034082 -0.492364 0.869722 -0.395804 -0.274797 0.876257 -0.134309 -0.147086 0.979963 
-0.327081 0.101233 0.939558 0.260337 -0.241978 0.934704 -0.178465 -0.267141 0.946988 -0.018415 -0.537392 0.843132 -0.434680 -0.301189 0.848728 -0.213978 -0.230425 0.949272 
-0.372253 0.125767 0.919571 0.254313 -0.226656 0.940187 -0.221955 -0.338841 0.914288 0.007892 -0.575874 0.817500 -0.466398 -0.327806 0.821593 -0.288501 -0.313253 0.904787 
-0.415577 0.150685 0.896989 0.245620 -0.210107 0.946322 -0.255950 -0.409470 0.875685 0.045788 -0.605847 0.794262 -0.489705 -0.353881 0.796842 -0.351365 -0.395938 0.848396 
-0.445904 0.185613 0.875624 0.237269 -0.192821 0.952115 -0.281217 -0.462260 0.840971 0.078765 -0.634989 0.768495 -0.517744 -0.384941 0.764043 -0.395736 -0.451038 0.799974 
-0.458848 0.225252 0.859488 0.233187 -0.180180 0.955593 -0.308183 -0.502249 0.807942 0.104106 -0.662068 0.742178 -0.545033 -0.411820 0.730304 -0.441741 -0.486117 0.754026 
-0.464980 0.262493 0.845512 -0.327516 -0.537760 0.776883 0.130923 -0.680911 0.720569 -0.474847 -0.513493 0.714735 0.220597 -0.163946 0.961488 -0.573077 -0.441037 0.690702 
-0.472907 0.304563 0.826801 -0.339192 -0.567181 0.750503 0.157005 -0.686247 0.710222 -0.499357 -0.534333 0.682006 0.201199 -0.143785 0.968940 -0.602742 -0.476637 0.639937 
-0.347157 -0.596386 0.723744 0.179675 -0.123834 0.975901 -0.475556 0.346874 0.808409 0.184718 -0.686771 0.703011 -0.520343 -0.553993 0.649873 -0.629483 -0.513092 0.583514 
-0.349572 -0.627311 0.695903 0.154669 -0.106099 0.982253 -0.472771 0.388144 0.791095 0.206322 -0.683068 0.700606 -0.645788 -0.543619 0.536130 -0.534887 -0.582471 0.612065 
-0.338061 -0.686045 0.644250 0.126356 -0.084283 0.988398 -0.460868 0.436925 0.772462 0.272600 -0.671709 0.688837 -0.630722 -0.590759 0.503184 -0.542903 -0.649391 0.532493 
-0.330671 -0.728689 0.599724 0.117938 -0.074735 0.990205 -0.438112 0.452148 0.776930 0.331287 -0.667749 0.666603 -0.632223 -0.619148 0.465779 -0.553833 -0.682109 0.477490 
-0.336677 -0.756719 0.560380 0.128895 -0.077448 0.988629 -0.418734 0.450148 0.788688 0.375970 -0.665912 0.644367 -0.672829 -0.611200 0.416817 -0.582618 -0.684161 0.438726 
-0.346988 -0.781788 0.518079 0.140211 -0.079224 0.986947 -0.396979 0.441598 0.804611 0.423236 -0.662319 0.618226 -0.726813 -0.584001 0.361506 -0.623439 -0.670387 0.402375 
-0.346527 -0.809758 0.473510 0.143337 -0.077391 0.986643 -0.375409 0.438807 0.816405 0.476200 -0.644734 0.597957 -0.770935 -0.552981 0.316025 -0.656330 -0.664212 0.357846 
0.010666 -0.014866 0.999833 -0.202892 -0.214860 0.955338 -0.416978 -0.292372 0.860609 0.064497 0.051990 0.996563 0.495460 -0.623243 0.605052 -0.369857 0.483133 0.793592 -0.707874 -0.645017 0.287867 -0.618428 -0.715290 0.325432 
-0.011017 0.015388 0.999821 -0.186833 -0.203458 0.961092 -0.334979 -0.244231 0.910022 0.083994 0.066160 0.994267 0.475968 -0.593648 0.648873 -0.379127 0.529972 0.758546 -0.563008 -0.771916 0.295241 -0.490503 -0.809168 0.323502 
-0.042094 0.057623 0.997451 -0.162561 -0.183094 0.969562 -0.249871 -0.191794 0.949094 0.107364 0.082659 0.990778 0.442673 -0.561451 0.699152 -0.403714 0.573968 0.712444 -0.422947 -0.849315 0.315880 -0.340282 -0.871391 0.353390 
0.126982 0.096149 0.987234 -0.063726 0.084803 0.994358 -0.134676 -0.155414 0.978626 0.401026 -0.538152 0.741330 -0.443839 0.597419 0.667905 -0.347405 -0.870078 0.349678 -0.255396 -0.878747 0.403208 
0.150884 0.111476 0.982246 -0.085462 0.114243 0.989770 -0.110692 -0.128266 0.985543 -0.471668 0.604590 0.641873 0.357075 -0.510162 0.782453 -0.287476 -0.877766 0.383256 -0.230792 -0.865236 0.445086 
0.175773 0.127242 0.976173 -0.102793 0.139219 0.984912 -0.088569 -0.103044 0.990726 -0.502554 0.602790 0.619744 0.335326 -0.495958 0.800988 -0.259832 -0.871011 0.416925 -0.212350 -0.852081 0.478399 
0.200692 0.144575 0.968928 -0.114644 0.155855 0.981105 -0.066516 -0.078128 0.994722 -0.538925 0.581974 0.608988 0.321105 -0.488135 0.811551 -0.258139 -0.855562 0.448751 -0.211071 -0.834679 0.508684 
0.215495 0.153502 0.964365 -0.580325 0.563366 0.588083 0.298692 -0.470599 0.830253 -0.130454 0.177267 0.975478 -0.048028 -0.057016 0.997217 -0.231311 -0.843199 0.485295 -0.194281 -0.815808 0.544713 
0.227613 0.160889 0.960368 -0.614660 0.553167 0.562315 0.281999 -0.445470 0.849725 -0.150142 0.200096 0.968204 -0.033192 -0.040098 0.998644 -0.203643 -0.829501 0.520056 -0.164132 -0.802424 0.573739 
0.240961 0.169799 0.955566 -0.649586 0.536384 0.538824 0.266810 -0.421086 0.866890 -0.170433 0.219878 0.960524 -0.018021 -0.022218 0.999591 -0.183659 -0.810907 0.555607 -0.138443 -0.787004 0.601213 
0.256730 0.180553 0.949468 -0.686578 0.509230 0.518937 0.250280 -0.398750 0.882246 -0.190918 0.236092 0.952791 -0.001027 -0.001290 0.999999 -0.168743 -0.788567 0.591344 -0.121061 -0.767402 0.629633 
0.274808 0.192133 0.942107 -0.724188 0.475137 0.499796 0.232204 -0.375479 0.897272 -0.211639 0.250140 0.944796 0.017491 0.022319 0.999598 -0.156476 -0.763628 0.626408 -0.107929 -0.744691 0.658625 
0.294971 0.203469 0.933591 -0.762891 0.431414 0.481539 0.212651 -0.350320 0.912171 -0.232759 0.263933 0.936036 0.037538 0.048344 0.998125 -0.145005 -0.736618 0.660581 -0.097837 -0.718128 0.689000 
0.312310 0.210439 0.926379 -0.802710 0.381459 0.458416 0.188732 -0.318689 0.928880 -0.254743 0.278998 0.925887 0.059165 0.076006 0.995350 -0.127282 -0.713438 0.689061 -0.094734 -0.679018 0.727983 
0.330318 0.214640 0.919141 -0.838030 0.326391 0.437234 0.163586 -0.286522 0.944005 -0.279074 0.298046 0.912845 0.081221 0.102516 0.991410 -0.111706 -0.693541 0.711704 -0.096063 -0.639200 0.763017 
0.349027 0.215997 0.911880 -0.866069 0.269924 0.420791 0.142104 -0.257072 0.955887 -0.096477 -0.630238 0.770385 -0.304747 0.320489 0.896892 0.101838 0.125180 0.986894 
0.367548 0.213703 0.905118 -0.886051 0.220658 0.407706 0.125167 -0.232057 0.964615 -0.091138 -0.608957 0.787950 -0.330181 0.346048 0.878198 0.120045 0.142703 0.982459 
0.136535 0.155965 0.978281 -0.901589 0.174468 0.395851 -0.352607 0.374267 0.857667 0.385038 0.207637 0.899240 0.110154 -0.208802 0.971734 -0.086852 -0.590598 0.802278 
0.152942 0.167418 0.973951 -0.915272 0.124056 0.383259 -0.368518 0.400756 0.838802 0.400724 0.199029 0.894320 0.094437 -0.183603 0.978454 -0.083707 -0.570584 0.816962 
0.079233 -0.158484 0.984177 -0.080921 -0.547515 0.832874 0.169045 0.177598 0.969476 -0.924864 0.067978 0.374174 -0.382445 0.424410 0.820739 0.413745 0.189102 0.890537 
0.063772 -0.131083 0.989318 -0.077742 -0.523251 0.848625 0.184215 0.186229 0.965082 -0.931257 0.006155 0.364312 -0.397859 0.444763 0.802430 0.423950 0.178624 0.887897 
0.047809 -0.100691 0.993768 -0.073289 -0.496831 0.864747 0.198781 0.193978 0.960655 -0.932638 -0.066157 0.354696 -0.415917 0.462501 0.783011 0.431377 0.167944 0.886402 
0.030827 -0.066117 0.997336 -0.066980 -0.467019 0.881707 0.213611 0.201590 0.955893 -0.925291 -0.154341 0.346433 -0.437638 0.479687 0.760509 0.436774 0.156817 0.885797 
0.012139 -0.026318 0.999580 -0.059016 -0.432219 0.899835 0.229774 0.209890 0.950342 -0.902621 -0.261146 0.342166 -0.464338 0.496166 0.733627 0.441007 0.145294 0.885665 
-0.008760 0.019042 0.999780 -0.049776 -0.391107 0.918998 0.248070 0.219367 0.943578 -0.857498 -0.381326 0.345381 -0.497169 0.509878 0.702031 0.444687 0.133447 0.885689 
-0.031892 0.068982 0.997108 -0.040067 -0.343954 0.938131 0.268541 0.229748 0.935469 -0.788788 -0.500300 0.357090 -0.536674 0.516959 0.666885 0.448279 0.121242 0.885634 
0.192808 0.159567 0.968175 -0.057353 0.122644 0.990792 -0.030494 -0.290482 0.956394 -0.582967 0.514362 0.628953 0.451121 0.108330 0.885864 
0.215199 0.174252 0.960898 -0.085933 0.180519 0.979810 -0.021452 -0.230392 0.972862 -0.636877 0.498993 0.587703 0.452288 0.094319 0.886871 
0.216398 0.172029 0.961030 -0.094884 0.199508 0.975291 -0.018088 -0.223461 0.974545 -0.681127 0.471962 0.559748 0.451922 0.078846 0.888566 
0.218104 0.170659 0.960888 -0.104395 0.218433 0.970252 -0.710707 0.446725 0.543444 0.448585 0.065204 0.891359 -0.014837 -0.212916 0.976958 -0.013505 -0.214897 0.976543 
0.219328 0.168887 0.960923 -0.116611 0.243722 0.962809 -0.731015 0.427141 0.532134 0.440906 0.055163 0.895857 -0.010098 -0.202848 0.979158 -0.009573 -0.207490 0.978190 
0.220948 0.168192 0.960673 -0.126360 0.267547 0.955223 -0.006454 -0.204608 0.978823 -0.736384 0.419599 0.530731 0.436105 0.049959 0.898508 
0.223558 0.169300 0.959875 -0.121647 0.263953 0.956834 -0.005584 -0.214754 0.976652 -0.726154 0.421666 0.543046 0.441331 0.050527 0.895921 
0.225487 0.171417 0.959047 -0.115942 0.248068 0.961779 -0.005979 -0.231677 0.972774 -0.727438 0.413791 0.547367 0.452605 0.052501 0.890164 
0.228343 0.175113 0.957703 -0.115071 0.244414 0.962819 -0.006111 -0.232998 0.972458 -0.724177 0.402095 0.560256 0.459488 0.053798 0.886553 
0.230580 0.178523 0.956537 -0.115806 0.245830 0.962370 -0.006056 -0.231546 0.972805 -0.721350 0.389654 0.572560 0.463345 0.056548 0.884372 
0.230798 0.180528 0.956108 -0.115572 0.245091 0.962587 -0.006076 -0.229939 0.973186 -0.718765 0.381892 0.580978 0.464480 0.060157 0.883538 
0.229494 0.181217 0.956291 -0.114415 0.242137 0.963472 -0.006177 -0.229811 0.973216 -0.715854 0.379822 0.585908 0.463830 0.064278 0.883589 
0.227519 0.180972 0.956809 -0.113428 0.239742 0.964188 -0.006204 -0.229872 0.973201 -0.714000 0.380922 0.587455 0.461859 0.067651 0.884370 
0.225742 0.180302 0.957357 -0.112922 0.238475 0.964561 -0.006191 -0.229972 0.973177 -0.713232 0.383302 0.586838 0.459791 0.069569 0.885298 
0.224746 0.179675 0.957709 -0.112837 0.238066 0.964672 -0.006177 -0.229989 0.973174 -0.713268 0.385455 0.585384 0.458450 0.070051 0.885955 
0.224630 0.179424 0.957783 -0.112835 0.238053 0.964675 -0.006176 -0.230005 0.973170 -0.713458 0.386444 0.584499 0.458198 0.069712 0.886112 
0.224842 0.179304 0.957756 -0.112865 0.238003 0.964684 -0.006174 -0.229995 0.973172 -0.713679 0.387103 0.583792 0.458347 0.069022 0.886089 
0.225207 0.179299 0.957671 -0.112874 0.238014 0.964681 -0.006174 -0.230000 0.973171 -0.713865 0.387342 0.583406 0.458716 0.068313 0.885953 
0.225593 0.179409 0.957560 -0.112881 0.238024 0.964677 -0.006175 -0.230005 0.973170 -0.713939 0.387129 0.583457 0.459174 0.067814 0.885754 
0.225901 0.179593 0.957452 -0.112888 0.238032 0.964675 -0.006175 -0.230009 0.973169 -0.713891 0.386581 0.583878 0.459597 0.067625 0.885549 
0.226044 0.179708 0.957397 -0.112890 0.238031 0.964675 -0.006173 -0.230011 0.973168 -0.713834 0.386209 0.584195 0.459810 0.067602 0.885441 
0.226056 0.179720 0.957392 -0.112893 0.238031 0.964674 -0.006172 -0.230014 0.973168 -0.713820 0.386180 0.584231 0.459831 0.067602 0.885429 
0.226062 0.179727 0.957389 -0.112895 0.238031 0.964674 -0.006172 -0.230016 0.973167 -0.713810 0.386168 0.584252 0.459843 0.067603 0.885423 
0.226067 0.179734 0.957387 -0.112897 0.238031 0.964674 -0.006171 -0.230018 0.973167 -0.713801 0.386153 0.584273 0.459854 0.067604 0.885417 
0.226072 0.179740 0.957384 -0.112899 0.238030 0.964674 -0.006170 -0.230020 0.973166 -0.713792 0.386139 0.584293 0.459864 0.067605 0.885412 
0.226076 0.179745 0.957382 -0.112901 0.238031 0.964673 -0.006169 -0.230022 0.973166 -0.713784 0.386129 0.584308 0.459873 0.067606 0.885407 
0.226081 0.179751 0.957380 -0.112902 0.238030 0.964673 -0.006168 -0.230024 0.973166 -0.713776 0.386120 0.584324 0.459882 0.067607 0.885403 
0.226086 0.179756 0.957378 -0.112904 0.238030 0.964673 -0.006168 -0.230025 0.973165 -0.713771 0.386108 0.584338 0.459889 0.067609 0.885399 
0.226093 0.179767 0.957374 -0.112935 0.237962 0.964686 -0.006165 -0.230006 0.973170 -0.713759 0.386105 0.584355 0.459897 0.067609 0.885395 
0.226105 0.179776 0.957370 -0.112936 0.237962 0.964686 -0.006164 -0.230008 0.973169 -0.713751 0.386081 0.584380 0.459911 0.067611 0.885387 
0.226132 0.179802 0.957359 -0.112962 0.237891 0.964701 -0.006162 -0.229990 0.973173 -0.713730 0.386026 0.584443 0.459946 0.067607 0.885369 
0.226178 0.179843 0.957340 -0.112987 0.237826 0.964714 -0.006159 -0.229974 0.973177 -0.713700 0.385926 0.584546 0.460010 0.067601 0.885337 
0.226240 0.179890 0.957317 -0.112988 0.237826 0.964714 -0.006159 -0.229974 0.973177 -0.713676 0.385775 0.584675 0.460095 0.067593 0.885293 
0.226312 0.179946 0.957289 -0.112989 0.237826 0.964714 -0.006158 -0.229975 0.973177 -0.713649 0.385593 0.584827 0.460197 0.067584 0.885241 
0.226388 0.180004 0.957260 -0.112990 0.237826 0.964713 -0.006158 -0.229976 0.973177 -0.713620 0.385406 0.584986 0.460303 0.067574 0.885186 
0.226459 0.180059 0.957233 -0.112991 0.237827 0.964713 -0.006158 -0.229976 0.973177 -0.713593 0.385230 0.585135 0.460402 0.067565 0.885135 
0.226522 0.180114 0.957208 -0.113029 0.237775 0.964721 -0.006154 -0.229958 0.973181 -0.713565 0.385080 0.585268 0.460490 0.067554 0.885091 
0.226575 0.180155 0.957188 -0.113030 0.237776 0.964721 -0.006154 -0.229958 0.973181 -0.713544 0.384952 0.585378 0.460562 0.067548 0.885054 
0.226621 0.180196 0.957169 -0.113063 0.237723 0.964730 -0.006152 -0.229939 0.973186 -0.713521 0.384844 0.585476 0.460625 0.067541 0.885022 
0.226665 0.180230 0.957152 -0.113065 0.237723 0.964730 -0.006151 -0.229940 0.973185 -0.713502 0.384740 0.585568 0.460684 0.067538 0.884991 
0.226712 0.180288 0.957130 -0.113153 0.237559 0.964760 -0.006140 -0.229897 0.973196 -0.713450 0.384653 0.585689 0.460752 0.067534 0.884956 
0.226763 0.180341 0.957108 -0.113167 0.237514 0.964770 -0.006137 -0.229884 0.973199 -0.713408 0.384500 0.585840 0.460828 0.067548 0.884915 
0.226817 0.180397 0.957085 -0.113190 0.237431 0.964787 -0.006131 -0.229860 0.973204 -0.713357 0.384358 0.585996 0.460906 0.067555 0.884874 
0.226871 0.180448 0.957062 -0.113191 0.237432 0.964787 -0.006130 -0.229860 0.973204 -0.713327 0.384190 0.586142 0.460985 0.067568 0.884832 
0.226929 0.180505 0.957038 -0.113192 0.237432 0.964787 -0.006130 -0.229860 0.973204 -0.713290 0.383996 0.586314 0.461073 0.067590 0.884784 
0.226991 0.180569 0.957011 -0.113193 0.237433 0.964786 -0.006130 -0.229859 0.973205 -0.713248 0.383775 0.586510 0.461168 0.067619 0.884732 
0.227054 0.180637 0.956983 -0.113193 0.237432 0.964787 -0.006129 -0.229859 0.973205 -0.713200 0.383545 0.586719 0.461267 0.067655 0.884678 
0.227116 0.180706 0.956956 -0.113183 0.237414 0.964792 -0.006128 -0.229862 0.973204 -0.713147 0.383313 0.586934 0.461366 0.067694 0.884624 
0.227176 0.180772 0.956929 -0.113169 0.237387 0.964801 -0.006125 -0.229866 0.973203 -0.713094 0.383089 0.587146 0.461462 0.067733 0.884571 
0.227233 0.180835 0.956903 -0.113153 0.237357 0.964810 -0.006123 -0.229871 0.973202 -0.713042 0.382875 0.587348 0.461554 0.067770 0.884520 
0.227288 0.180895 0.956879 -0.113137 0.237326 0.964819 -0.006120 -0.229876 0.973201 -0.712993 0.382676 0.587538 0.461641 0.067804 0.884472 
0.227341 0.180952 0.956855 -0.113120 0.237294 0.964829 -0.006117 -0.229880 0.973200 -0.712944 0.382487 0.587719 0.461726 0.067835 0.884425 
0.227394 0.181008 0.956832 -0.113104 0.237263 0.964839 -0.006115 -0.229885 0.973199 -0.712898 0.382300 0.587897 0.461809 0.067863 0.884379 
0.227446 0.181064 0.956809 -0.113087 0.237232 0.964848 -0.006112 -0.229890 0.973197 -0.712852 0.382117 0.588073 0.461893 0.067892 0.884334 
