0.537943 0.842981 0.000000 -0.845312 0.534272 0.000000 0.842029 -0.539432 0.000000 -0.519012 -0.854767 -0.000000 
0.538151 0.842848 0.000000 -0.845174 0.534492 0.000000 0.841889 -0.539651 0.000000 -0.519223 -0.854639 -0.000000 
0.538145 0.842852 0.000000 -0.845182 0.534478 0.000000 0.841897 -0.539638 0.000000 -0.519217 -0.854643 -0.000000 
0.538175 0.842833 0.000000 -0.845165 0.534505 0.000000 0.841880 -0.539664 0.000000 -0.519247 -0.854624 -0.000000 
0.538148 0.842850 0.000000 -0.845181 0.534479 0.000000 0.841897 -0.539639 0.000000 -0.519219 -0.854641 -0.000000 
0.537916 0.842999 0.000000 -0.845333 0.534240 0.000000 0.842050 -0.539400 0.000000 -0.518983 -0.854784 -0.000000 
0.537871 0.843027 0.000000 -0.845359 0.534198 0.000000 0.842076 -0.539358 0.000000 -0.518938 -0.854812 -0.000000 
0.537805 0.843070 0.000000 -0.845403 0.534129 0.000000 0.842120 -0.539290 0.000000 -0.518871 -0.854853 -0.000000 
0.537707 0.843132 0.000000 -0.845457 0.534043 0.000000 0.842175 -0.539204 0.000000 -0.518772 -0.854913 -0.000000 
0.537709 0.843131 0.000000 -0.845458 0.534042 0.000000 0.842176 -0.539203 0.000000 -0.518773 -0.854912 -0.000000 
0.537859 0.843035 0.000000 -0.845363 0.534192 0.000000 0.842080 -0.539352 0.000000 -0.518926 -0.854819 -0.000000 
0.537797 0.843074 0.000000 -0.845406 0.534124 0.000000 0.842124 -0.539284 0.000000 -0.518863 -0.854858 -0.000000 
0.537430 0.843308 0.000000 -0.845657 0.533727 0.000000 0.842377 -0.538889 0.000000 -0.518491 -0.855083 -0.000000 
0.537478 0.843278 0.000000 -0.845624 0.533779 0.000000 0.842344 -0.538941 0.000000 -0.518540 -0.855053 -0.000000 
0.537475 0.843279 0.000000 -0.845623 0.533780 0.000000 0.842343 -0.538942 0.000000 -0.518537 -0.855055 -0.000000 
0.537473 0.843281 0.000000 -0.845623 0.533781 0.000000 0.842342 -0.538943 0.000000 -0.518535 -0.855057 -0.000000 
0.536947 0.843616 0.000000 -0.845982 0.533212 0.000000 0.842705 -0.538376 0.000000 -0.518002 -0.855380 -0.000000 
0.536941 0.843620 0.000000 -0.845980 0.533215 0.000000 0.842702 -0.538380 0.000000 -0.517995 -0.855384 -0.000000 
0.536935 0.843623 0.000000 -0.845978 0.533218 0.000000 0.842701 -0.538383 0.000000 -0.517990 -0.855387 -0.000000 
0.536781 0.843722 0.000000 -0.846069 0.533074 0.000000 0.842792 -0.538239 0.000000 -0.517834 -0.855481 -0.000000 
0.536826 0.843693 0.000000 -0.846037 0.533124 0.000000 0.842760 -0.538289 0.000000 -0.517879 -0.855454 -0.000000 
0.536825 0.843693 0.000000 -0.846035 0.533128 0.000000 0.842758 -0.538292 0.000000 -0.517879 -0.855454 -0.000000 
0.536823 0.843695 0.000000 -0.846034 0.533129 0.000000 0.842758 -0.538293 0.000000 -0.517876 -0.855456 -0.000000 
0.536820 0.843697 0.000000 -0.846034 0.533129 0.000000 0.842757 -0.538294 0.000000 -0.517873 -0.855457 -0.000000 
0.536819 0.843698 0.000000 -0.846034 0.533130 0.000000 0.842757 -0.538294 0.000000 -0.517871 -0.855459 -0.000000 
0.536941 0.843620 0.000000 -0.845952 0.533259 0.000000 0.842675 -0.538423 0.000000 -0.517995 -0.855384 -0.000000 
0.536940 0.843620 0.000000 -0.845952 0.533259 0.000000 0.842675 -0.538423 0.000000 -0.517995 -0.855384 -0.000000 
0.536675 0.843789 0.000000 -0.846122 0.532989 0.000000 0.842846 -0.538155 0.000000 -0.517726 -0.855546 -0.000000 
0.536684 0.843783 0.000000 -0.846119 0.532995 0.000000 0.842843 -0.538160 0.000000 -0.517735 -0.855541 -0.000000 
0.536683 0.843784 0.000000 -0.846118 0.532995 0.000000 0.842842 -0.538160 0.000000 -0.517734 -0.855542 -0.000000 
0.536590 0.843843 0.000000 -0.846171 0.532912 0.000000 0.842896 -0.538077 0.000000 -0.517640 -0.855598 -0.000000 
0.536923 0.843631 0.000000 -0.845958 0.533249 0.000000 0.842681 -0.538413 0.000000 -0.517977 -0.855395 -0.000000 
0.536903 0.843644 0.000000 -0.845974 0.533224 0.000000 0.842697 -0.538388 0.000000 -0.517957 -0.855407 -0.000000 
0.536941 0.843620 0.000000 -0.845949 0.533263 0.000000 0.842672 -0.538427 0.000000 -0.517995 -0.855383 -0.000000 
0.536941 0.843620 0.000000 -0.845949 0.533263 0.000000 0.842672 -0.538427 0.000000 -0.517995 -0.855383 -0.000000 
0.536941 0.843620 0.000000 -0.845950 0.533263 0.000000 0.842672 -0.538427 0.000000 -0.517996 -0.855383 -0.000000 
0.536941 0.843620 0.000000 -0.845950 0.533263 0.000000 0.842672 -0.538427 0.000000 -0.517995 -0.855383 -0.000000 
0.536712 0.843765 0.000000 -0.846093 0.533036 0.000000 0.842817 -0.538201 0.000000 -0.517763 -0.855524 -0.000000 
0.537074 0.843535 0.000000 -0.845862 0.533402 0.000000 0.842584 -0.538565 0.000000 -0.518130 -0.855302 -0.000000 
0.537509 0.843258 0.000000 -0.845585 0.533840 0.000000 0.842305 -0.539002 0.000000 -0.518572 -0.855034 -0.000000 
0.537511 0.843257 0.000000 -0.845586 0.533840 0.000000 0.842305 -0.539002 0.000000 -0.518573 -0.855033 -0.000000 
0.538387 0.842698 0.000000 -0.845022 0.534732 0.000000 0.841735 -0.539891 0.000000 -0.519462 -0.854493 -0.000000 
0.538938 0.842346 0.000000 -0.844671 0.535286 0.000000 0.841381 -0.540443 0.000000 -0.520021 -0.854153 -0.000000 
0.538944 0.842342 0.000000 -0.844658 0.535307 0.000000 0.841368 -0.540463 0.000000 -0.520027 -0.854150 -0.000000 
0.538944 0.842342 0.000000 -0.844671 0.535287 0.000000 0.841381 -0.540443 0.000000 -0.520027 -0.854150 -0.000000 
0.539397 0.842052 0.000000 -0.844381 0.535743 0.000000 0.841088 -0.540898 0.000000 -0.520487 -0.853870 -0.000000 
0.539398 0.842051 0.000000 -0.844381 0.535742 0.000000 0.841089 -0.540897 0.000000 -0.520488 -0.853869 -0.000000 
0.539403 0.842048 0.000000 -0.844378 0.535747 0.000000 0.841086 -0.540902 0.000000 -0.520493 -0.853866 -0.000000 
0.539410 0.842043 0.000000 -0.844374 0.535754 0.000000 0.841081 -0.540909 0.000000 -0.520501 -0.853861 -0.000000 
0.539254 0.842143 0.000000 -0.844481 0.535586 0.000000 0.841189 -0.540741 0.000000 -0.520342 -0.853958 -0.000000 
0.539872 0.841747 0.000000 -0.844088 0.536204 0.000000 0.840793 -0.541357 0.000000 -0.520968 -0.853576 -0.000000 
0.539053 0.842272 0.000000 -0.844609 0.535384 0.000000 0.841319 -0.540539 0.000000 -0.520137 -0.854083 -0.000000 
0.539054 0.842271 0.000000 -0.844609 0.535383 0.000000 0.841319 -0.540539 0.000000 -0.520138 -0.854082 -0.000000 
0.539760 0.841819 0.000000 -0.844169 0.536077 0.000000 0.840875 -0.541230 0.000000 -0.520854 -0.853646 -0.000000 
0.539759 0.841820 0.000000 -0.844169 0.536078 0.000000 0.840874 -0.541231 0.000000 -0.520853 -0.853646 -0.000000 
0.539822 0.841779 0.000000 -0.844127 0.536144 0.000000 0.840832 -0.541297 0.000000 -0.520917 -0.853607 -0.000000 
0.540164 0.841560 0.000000 -0.843905 0.536492 0.000000 0.840608 -0.541643 0.000000 -0.521264 -0.853395 -0.000000 
0.540172 0.841554 0.000000 -0.843894 0.536510 0.000000 0.840597 -0.541661 0.000000 -0.521272 -0.853390 -0.000000 
0.547545 0.836776 0.000000 -0.839148 0.543904 0.000000 0.835805 -0.549026 0.000000 -0.528750 -0.848777 -0.000000 
0.556560 0.830807 0.000000 -0.833221 0.552941 0.000000 0.829823 -0.558027 0.000000 -0.537899 -0.843009 -0.000000 
0.565649 0.824646 0.000000 -0.827152 0.561978 0.000000 0.823698 -0.567029 0.000000 -0.547128 -0.837049 -0.000000 
0.574800 0.818294 0.000000 -0.820973 0.570966 0.000000 0.817463 -0.575981 0.000000 -0.556426 -0.830897 -0.000000 
0.579340 0.815086 0.000000 -0.817935 0.575310 0.000000 0.814397 -0.580308 0.000000 -0.561042 -0.827788 -0.000000 
0.576964 0.816769 0.000000 -0.819638 0.572882 0.000000 0.816116 -0.577889 0.000000 -0.558624 -0.829421 -0.000000 
0.556821 0.830633 0.000000 -0.833153 0.553043 0.000000 0.829754 -0.558129 0.000000 -0.538162 -0.842841 -0.000000 
0.543574 0.839361 0.000000 -0.841734 0.539893 0.000000 0.838416 -0.545031 0.000000 -0.524722 -0.851274 -0.000000 
0.535406 0.844595 0.000000 -0.846919 0.531722 0.000000 0.843651 -0.536892 0.000000 -0.516439 -0.856324 -0.000000 
0.535391 0.844604 0.000000 -0.846928 0.531708 0.000000 0.843660 -0.536878 0.000000 -0.516424 -0.856333 -0.000000 
0.534910 0.844909 0.000000 -0.847231 0.531225 0.000000 0.843966 -0.536397 0.000000 -0.515936 -0.856627 -0.000000 
0.535574 0.844488 0.000000 -0.846813 0.531891 0.000000 0.843544 -0.537060 0.000000 -0.516610 -0.856221 -0.000000 
0.537652 0.843167 0.000000 -0.845496 0.533981 0.000000 0.842214 -0.539143 0.000000 -0.518717 -0.854946 -0.000000 
0.542131 0.840294 0.000000 -0.842625 0.538500 0.000000 0.839316 -0.543645 0.000000 -0.523262 -0.852172 -0.000000 
0.549561 0.835454 0.000000 -0.837783 0.546003 0.000000 0.834427 -0.551119 0.000000 -0.530802 -0.847496 -0.000000 
0.560625 0.828070 0.000000 -0.830398 0.557170 0.000000 0.826973 -0.562242 0.000000 -0.542033 -0.840357 -0.000000 
0.574039 0.818828 0.000000 -0.821093 0.570794 0.000000 0.817583 -0.575811 0.000000 -0.555657 -0.831412 -0.000000 
0.589565 0.807721 0.000000 -0.809852 0.586635 0.000000 0.806243 -0.591585 0.000000 -0.571438 -0.820645 -0.000000 
0.609867 0.792504 0.000000 -0.794395 0.607402 0.000000 0.790655 -0.612262 0.000000 -0.592090 -0.805872 -0.000000 
0.630994 0.775788 0.000000 -0.777333 0.629090 0.000000 0.773454 -0.633852 0.000000 -0.613611 -0.789608 -0.000000 
0.647066 0.762434 0.000000 -0.014925 -0.999889 -0.000000 0.758846 -0.651271 0.000000 -0.972633 -0.232348 -0.000000 -0.506781 0.862075 0.000000 
0.660783 0.750577 0.000000 0.027086 -0.999633 0.000000 0.744851 -0.667231 0.000000 -0.983277 -0.182116 -0.000000 -0.525159 0.851004 0.000000 
0.671293 0.741192 0.000000 0.056243 -0.998417 0.000000 0.733272 -0.679935 0.000000 -0.988797 -0.149269 -0.000000 -0.537077 0.843533 0.000000 
0.677749 0.735294 0.000000 0.055140 -0.998479 0.000000 0.725718 -0.687993 0.000000 -0.990901 -0.134596 -0.000000 -0.532800 0.846241 0.000000 
0.681392 0.731919 0.000000 0.052506 -0.998621 0.000000 0.720716 -0.693230 0.000000 -0.992560 -0.121757 -0.000000 -0.528772 0.848764 0.000000 
0.685331 0.728232 0.000000 0.049970 -0.998751 0.000000 0.715201 -0.698919 0.000000 -0.994059 -0.108842 -0.000000 -0.524563 0.851371 0.000000 
0.689230 0.724543 0.000000 0.047763 -0.998859 0.000000 0.709322 -0.704884 0.000000 -0.995317 -0.096669 -0.000000 -0.520322 0.853970 0.000000 
0.693453 0.720502 0.000000 0.045968 -0.998943 0.000000 0.702659 -0.711527 0.000000 -0.996357 -0.085279 -0.000000 -0.515903 0.856647 0.000000 
0.697751 0.716340 0.000000 0.044345 -0.999016 0.000000 0.695498 -0.718528 0.000000 -0.997274 -0.073782 -0.000000 -0.511291 0.859408 0.000000 
0.701877 0.712299 0.000000 0.042778 -0.999085 0.000000 0.688109 -0.725607 0.000000 -0.998080 -0.061935 -0.000000 -0.506515 0.862231 0.000000 
-0.532144 0.846654 0.000000 0.699024 0.715098 0.000000 0.689345 -0.724434 0.000000 -0.924145 -0.382041 -0.000000 0.090547 -0.995892 0.000000 
0.693921 0.720052 0.000000 0.694307 -0.719679 0.000000 -0.570671 0.821179 0.000000 -0.511047 0.859553 0.000000 -0.813926 -0.580968 -0.000000 0.066010 -0.997819 0.000000 
0.685492 0.728080 0.000000 0.702836 -0.711352 0.000000 -0.818780 0.574107 0.000000 -0.458775 0.888552 0.000000 -0.551148 -0.834407 -0.000000 0.029529 -0.999564 0.000000 
0.677096 0.735894 0.000000 0.709692 -0.704512 0.000000 -0.986393 0.164402 0.000000 -0.410502 0.911860 0.000000 -0.148822 -0.988864 -0.000000 -0.014390 -0.999896 -0.000000 
-0.114079 -0.993472 -0.000000 0.717240 -0.696826 0.000000 0.667363 0.744733 0.000000 -0.998689 -0.051192 -0.000000 -0.332644 0.943052 0.000000 
0.722521 -0.691349 0.000000 -0.244558 0.969635 0.000000 0.658203 0.752840 0.000000 -0.994199 -0.107553 -0.000000 -0.243253 -0.969963 -0.000000 
-0.338225 -0.941065 -0.000000 0.728980 -0.684534 0.000000 0.645011 0.764173 0.000000 -0.994132 0.108175 0.000000 -0.219494 0.975614 0.000000 
0.729632 -0.683840 0.000000 0.638562 0.769571 0.000000 -0.415183 -0.909738 -0.000000 -0.333612 -0.942710 -0.000000 -0.763294 0.646051 0.000000 -0.339777 0.940506 0.000000 
0.729554 -0.683924 0.000000 -0.522278 0.852775 0.000000 0.631710 0.775205 0.000000 -0.692181 -0.721724 -0.000000 -0.228745 -0.973486 -0.000000 
0.628791 0.777574 0.000000 0.724981 -0.688769 0.000000 -0.780779 0.624808 0.000000 -0.728956 0.684560 0.000000 -0.758697 -0.651444 -0.000000 0.188511 -0.982071 0.000000 
0.625774 0.780005 0.000000 -0.723768 0.690043 0.000000 0.652675 -0.757638 0.000000 0.818298 -0.574794 0.000000 -0.666765 -0.745268 -0.000000 -0.998709 -0.050794 -0.000000 
-0.715573 0.698538 0.000000 0.623140 0.782110 0.000000 -0.685024 -0.728521 -0.000000 -0.975439 -0.220268 -0.000000 0.693755 -0.720211 0.000000 0.947277 -0.320417 0.000000 
-0.706667 0.707546 0.000000 0.616611 0.787268 0.000000 -0.738781 -0.673945 -0.000000 -0.976052 -0.217538 -0.000000 0.674832 -0.737971 0.000000 0.980811 -0.194960 0.000000 
-0.701528 0.712642 0.000000 0.600527 0.799605 0.000000 -0.760592 -0.649230 -0.000000 -0.987422 -0.158109 -0.000000 0.660063 -0.751210 0.000000 0.985616 -0.168999 0.000000 
-0.684275 0.729224 0.000000 0.591400 0.806378 0.000000 -0.841856 -0.539703 -0.000000 -0.999998 -0.002101 -0.000000 0.533685 -0.845683 0.000000 0.966240 -0.257643 0.000000 
-0.655426 0.755259 0.000000 0.584390 0.811473 0.000000 -0.769784 -0.638305 -0.000000 -0.996904 0.078628 0.000000 0.632802 -0.774314 0.000000 0.948448 -0.316933 0.000000 
-0.613845 0.789427 0.000000 0.580607 0.814184 0.000000 -0.608081 -0.793875 -0.000000 -0.997820 0.065993 0.000000 0.813302 -0.581842 0.000000 0.945702 -0.325036 0.000000 
-0.572866 0.819649 0.000000 0.574302 0.818644 0.000000 -0.431970 -0.901888 -0.000000 -0.999870 0.016151 0.000000 0.913003 -0.407954 0.000000 0.951953 -0.306243 0.000000 
-0.526093 0.850427 0.000000 0.577762 0.816205 0.000000 0.969613 -0.244645 0.000000 -0.170982 -0.985274 -0.000000 -0.995661 -0.093053 -0.000000 
-0.462710 0.886510 0.000000 -0.986358 -0.164614 -0.000000 0.622009 0.783010 0.000000 0.028892 -0.999583 0.000000 0.978887 -0.204404 0.000000 
-0.387526 0.921859 0.000000 -0.988207 -0.153126 -0.000000 0.710729 0.703466 0.000000 0.114319 -0.993444 0.000000 0.976402 -0.215961 0.000000 
-0.311563 0.950226 0.000000 0.870205 0.492691 0.000000 -0.991431 -0.130634 -0.000000 -0.992076 -0.125639 -0.000000 0.134124 -0.990965 0.000000 0.971616 -0.236563 0.000000 
-0.281537 0.959550 0.000000 0.963367 0.268186 0.000000 -0.993167 -0.116705 -0.000000 -0.994325 -0.106386 -0.000000 0.123335 -0.992365 0.000000 0.969083 -0.246737 0.000000 
-0.283528 0.958964 0.000000 -0.993983 -0.109532 -0.000000 0.958101 0.286431 0.000000 0.109825 -0.993951 0.000000 0.968850 -0.247647 0.000000 
-0.285593 0.958351 0.000000 -0.993919 -0.110109 -0.000000 0.957501 0.288431 0.000000 0.095717 -0.995409 0.000000 0.969202 -0.246267 0.000000 
-0.297939 0.954585 0.000000 -0.994007 -0.109315 -0.000000 0.954981 0.296666 0.000000 0.082309 -0.996607 0.000000 0.970034 -0.242968 0.000000 
-0.313817 0.949483 0.000000 -0.995061 -0.099265 -0.000000 0.975150 0.221544 0.000000 0.064920 -0.997890 0.000000 0.970659 -0.240460 0.000000 
-0.332198 0.943210 0.000000 -0.995691 -0.092738 -0.000000 0.983630 0.180200 0.000000 0.054092 -0.998536 0.000000 0.970929 -0.239367 0.000000 
-0.353042 0.935608 0.000000 -0.995656 -0.093108 -0.000000 0.979716 0.200389 0.000000 0.060299 -0.998180 0.000000 0.970870 -0.239608 0.000000 
-0.367735 0.929931 0.000000 -0.995786 -0.091708 -0.000000 0.976139 0.217148 0.000000 0.079260 -0.996854 0.000000 0.970373 -0.241611 0.000000 
-0.373066 0.927805 0.000000 0.976588 0.215120 0.000000 -0.994301 -0.106614 -0.000000 -0.996007 -0.089280 -0.000000 0.104006 -0.994577 0.000000 0.970661 -0.240454 0.000000 
-0.373326 0.927700 0.000000 0.979953 0.199227 0.000000 -0.990862 -0.134883 -0.000000 -0.996325 -0.085659 -0.000000 0.132664 -0.991161 0.000000 0.971515 -0.236978 0.000000 
-0.369927 0.929061 0.000000 0.986599 0.163167 0.000000 -0.987627 -0.156824 -0.000000 -0.996746 -0.080610 -0.000000 0.153607 -0.988132 0.000000 0.972290 -0.233777 0.000000 
-0.363107 0.931748 0.000000 0.993534 0.113537 0.000000 -0.984280 -0.176615 -0.000000 -0.997241 -0.074227 -0.000000 0.169895 -0.985462 0.000000 0.973193 -0.229991 0.000000 
-0.355927 0.934514 0.000000 0.181292 -0.983429 0.000000 -0.981325 -0.192357 -0.000000 -0.997739 -0.067210 -0.000000 0.998726 0.050452 0.000000 0.974015 -0.226485 0.000000 
-0.347538 0.937666 0.000000 0.193176 -0.981164 0.000000 -0.977674 -0.210130 -0.000000 0.999781 -0.020923 0.000000 0.974939 -0.222471 0.000000 -0.999147 -0.041305 -0.000000 -0.998108 -0.061480 -0.000000 
-0.345250 0.938511 0.000000 0.203674 -0.979039 0.000000 -0.973824 -0.227304 -0.000000 0.995508 -0.094677 0.000000 0.975055 -0.221964 0.000000 -0.999449 0.033199 0.000000 -0.998521 -0.054365 -0.000000 
-0.346361 0.938101 0.000000 -0.965986 -0.258593 -0.000000 0.228982 -0.973431 0.000000 -0.994822 0.101629 0.000000 -0.999116 -0.042029 -0.000000 0.986927 -0.161167 0.000000 0.974685 -0.223583 0.000000 
-0.352454 0.935829 0.000000 -0.956359 -0.292194 -0.000000 0.259977 -0.965615 0.000000 -0.990743 0.135751 0.000000 -0.999677 -0.025429 -0.000000 0.981078 -0.193614 0.000000 0.973545 -0.228497 0.000000 
-0.364377 0.931252 0.000000 -0.945331 -0.326113 -0.000000 0.292337 -0.956315 0.000000 -0.992298 0.123871 0.000000 -0.999895 -0.014509 -0.000000 0.983311 -0.181930 0.000000 0.973168 -0.230097 0.000000 
-0.373093 0.927794 0.000000 -0.937291 -0.348547 -0.000000 0.315651 -0.948876 0.000000 -0.993240 0.116081 0.000000 -0.999966 -0.008257 -0.000000 0.984735 -0.174062 0.000000 0.973007 -0.230774 0.000000 
-0.379598 0.925152 0.000000 -0.934609 -0.355677 -0.000000 0.318543 -0.947908 0.000000 -0.993629 0.112704 0.000000 -1.000000 0.000462 0.000000 0.985413 -0.170179 0.000000 0.972226 -0.234044 0.000000 
-0.387281 0.921962 0.000000 -0.933024 -0.359813 -0.000000 0.315739 -0.948846 0.000000 -0.994452 0.105195 0.000000 -0.999987 0.005089 0.000000 0.986735 -0.162342 0.000000 0.972116 -0.234501 0.000000 
-0.395621 0.918414 0.000000 -0.932323 -0.361628 -0.000000 0.305620 -0.952153 0.000000 -0.995724 0.092383 0.000000 -0.999942 0.010788 0.000000 0.988748 -0.149589 0.000000 0.971952 -0.235181 0.000000 
-0.403662 0.914908 0.000000 -0.931221 -0.364455 -0.000000 0.289720 -0.957111 0.000000 -0.996421 0.084532 0.000000 -0.999734 0.023085 0.000000 0.989960 -0.141346 0.000000 0.970925 -0.239383 0.000000 
-0.410126 0.912029 0.000000 -0.926986 -0.375096 -0.000000 0.274330 -0.961636 0.000000 -0.996716 0.080976 0.000000 -0.999120 0.041950 0.000000 0.990545 -0.137190 0.000000 0.968995 -0.247081 0.000000 
-0.415552 0.909569 0.000000 -0.918809 -0.394702 -0.000000 0.270729 -0.962656 0.000000 -0.997046 0.076801 0.000000 -0.998132 0.061101 0.000000 0.991156 -0.132700 0.000000 0.966876 -0.255245 0.000000 
-0.421113 0.907008 0.000000 -0.908121 -0.418707 -0.000000 -0.996960 0.077912 0.000000 0.284075 -0.958802 0.000000 0.991881 -0.127173 0.000000 0.964752 -0.263159 0.000000 
-0.426563 0.904458 0.000000 -0.896274 -0.443501 -0.000000 -0.995751 0.092091 0.000000 0.309038 -0.951050 0.000000 0.992679 -0.120783 0.000000 0.962663 -0.270703 0.000000 
-0.429311 0.903157 0.000000 -0.882358 -0.470579 -0.000000 -0.994482 0.104903 0.000000 0.338156 -0.941090 0.000000 0.991095 -0.133155 0.000000 0.961144 -0.276048 0.000000 
-0.426789 0.904351 0.000000 -0.867435 -0.497551 -0.000000 -0.993213 0.116311 0.000000 0.361129 -0.932516 0.000000 0.987326 -0.158706 0.000000 0.960077 -0.279737 0.000000 
-0.421118 0.907006 0.000000 -0.858183 -0.513344 -0.000000 0.369450 -0.929251 0.000000 -0.992186 0.124765 0.000000 -0.992694 0.120657 0.000000 0.984160 -0.177280 0.000000 0.959875 -0.280427 0.000000 
-0.417377 0.908734 0.000000 -0.859032 -0.511922 -0.000000 -0.993364 0.115012 0.000000 0.366433 -0.930444 0.000000 0.986231 -0.165374 0.000000 0.960918 -0.276833 0.000000 
-0.414251 0.910163 0.000000 -0.866572 -0.499052 -0.000000 -0.994725 0.102574 0.000000 0.349261 -0.937025 0.000000 0.988547 -0.150917 0.000000 0.962802 -0.270208 0.000000 
-0.404348 0.914605 0.000000 -0.862619 -0.505853 -0.000000 0.326560 -0.945176 0.000000 -0.994983 0.100046 0.000000 -0.995642 0.093258 0.000000 0.986943 -0.161069 0.000000 0.964663 -0.263486 0.000000 
-0.394816 0.918760 0.000000 -0.854564 -0.519346 -0.000000 -0.996406 0.084710 0.000000 0.359523 -0.933136 0.000000 0.991451 -0.130480 0.000000 0.966100 -0.258169 0.000000 
-0.400610 0.916249 0.000000 -0.852330 -0.523005 -0.000000 -0.997195 0.074842 0.000000 0.380068 -0.924959 0.000000 0.995272 -0.097129 0.000000 0.967830 -0.251605 0.000000 
-0.418838 0.908061 0.000000 -0.850671 -0.525698 -0.000000 -0.998180 0.060304 0.000000 0.396645 -0.917972 0.000000 0.998434 -0.055940 0.000000 0.970678 -0.240383 0.000000 
-0.435550 0.900165 0.000000 -0.849857 -0.527014 -0.000000 -0.998956 0.045677 0.000000 0.406242 -0.913765 0.000000 1.000000 -0.000184 0.000000 0.973244 -0.229775 0.000000 
-0.444340 0.895858 0.000000 -0.849639 -0.527365 -0.000000 -0.999351 0.036009 0.000000 0.998637 0.052194 0.000000 0.402488 -0.915425 0.000000 0.974679 -0.223609 0.000000 
-0.444266 0.895895 0.000000 -0.850036 -0.526725 -0.000000 -0.999470 0.032543 0.000000 0.996075 0.088513 0.000000 0.384774 -0.923011 0.000000 0.974888 -0.222698 0.000000 
-0.440458 0.897773 0.000000 -0.999503 0.031519 0.000000 0.970974 0.239183 0.000000 0.804641 -0.593762 0.000000 -0.593868 -0.804563 -0.000000 -0.850401 -0.526135 -0.000000 -0.828022 -0.560695 -0.000000 
-0.436375 0.899765 0.000000 -0.999560 0.029662 0.000000 0.970951 0.239279 0.000000 0.782263 -0.622948 0.000000 -0.623129 -0.782119 -0.000000 -0.848617 -0.529007 -0.000000 -0.828719 -0.559665 -0.000000 
-0.430722 0.902485 0.000000 -0.999501 0.031585 0.000000 0.971310 0.237817 0.000000 0.762982 -0.646420 0.000000 -0.646737 -0.762713 -0.000000 -0.844850 -0.535003 -0.000000 -0.829376 -0.558691 -0.000000 
-0.425351 0.905029 0.000000 -0.999415 0.034203 0.000000 0.971894 0.235421 0.000000 0.751585 -0.659636 0.000000 -0.659655 -0.751569 -0.000000 -0.841550 -0.540179 -0.000000 -0.830138 -0.557558 -0.000000 
-0.423648 0.905827 0.000000 -0.999311 0.037113 0.000000 0.972380 0.233403 0.000000 0.741769 -0.670656 0.000000 -0.670623 -0.741798 -0.000000 -0.838389 -0.545073 -0.000000 -0.830584 -0.556893 -0.000000 
-0.425549 0.904936 0.000000 -0.999217 0.039563 0.000000 0.972661 0.232229 0.000000 0.735260 -0.677785 0.000000 -0.677756 -0.735287 -0.000000 -0.836262 -0.548330 -0.000000 -0.830710 -0.556705 -0.000000 
-0.432615 0.901579 0.000000 -0.999263 0.038392 0.000000 0.972422 0.233229 0.000000 0.729390 -0.684098 0.000000 -0.684071 -0.729416 -0.000000 -0.833200 -0.552972 -0.000000 -0.830776 -0.556607 -0.000000 
-0.439135 0.898421 0.000000 -0.999364 0.035659 0.000000 0.971996 0.234997 0.000000 0.722437 -0.691437 0.000000 -0.691207 -0.722657 -0.000000 -0.830777 -0.556606 -0.000000 
-0.443871 0.896091 0.000000 -0.999426 0.033877 0.000000 0.971726 0.236113 0.000000 0.716626 -0.697458 0.000000 -0.696950 -0.717120 -0.000000 -0.830724 -0.556685 -0.000000 
-0.447120 0.894474 0.000000 -0.999454 0.033055 0.000000 0.971576 0.236729 0.000000 0.712486 -0.701686 0.000000 -0.701037 -0.713125 -0.000000 -0.830739 -0.556662 -0.000000 
-0.449437 0.893312 0.000000 -0.999472 0.032489 0.000000 0.971475 0.237143 0.000000 0.709781 -0.704422 0.000000 -0.703727 -0.710470 -0.000000 -0.830731 -0.556674 -0.000000 
-0.450596 0.892728 0.000000 -0.999482 0.032174 0.000000 0.971418 0.237376 0.000000 0.708624 -0.705586 0.000000 -0.704856 -0.709351 -0.000000 -0.830739 -0.556662 -0.000000 
-0.450829 0.892610 0.000000 -0.999486 0.032065 0.000000 0.971403 0.237435 0.000000 0.708534 -0.705677 0.000000 -0.704946 -0.709261 -0.000000 -0.830726 -0.556682 -0.000000 
-0.450893 0.892578 0.000000 -0.999491 0.031910 0.000000 0.971391 0.237487 0.000000 0.708703 -0.705507 0.000000 -0.704788 -0.709418 -0.000000 -0.830698 -0.556724 -0.000000 
-0.450942 0.892553 0.000000 -0.999498 0.031696 0.000000 0.971372 0.237565 0.000000 0.708928 -0.705281 0.000000 -0.704593 -0.709612 -0.000000 -0.830693 -0.556731 -0.000000 
-0.450937 0.892556 0.000000 -0.999504 0.031484 0.000000 0.971354 0.237635 0.000000 0.709110 -0.705097 0.000000 -0.704431 -0.709772 -0.000000 -0.830685 -0.556743 -0.000000 
-0.451031 0.892508 0.000000 -0.999515 0.031134 0.000000 0.971334 0.237718 0.000000 0.709104 -0.705104 0.000000 -0.704466 -0.709738 -0.000000 -0.830695 -0.556728 -0.000000 
-0.451029 0.892509 0.000000 -0.999519 0.030998 0.000000 0.971323 0.237763 0.000000 0.708974 -0.705234 0.000000 -0.704609 -0.709596 -0.000000 -0.830703 -0.556716 -0.000000 
-0.451314 0.892365 0.000000 -0.999523 0.030883 0.000000 0.971311 0.237813 0.000000 0.708858 -0.705351 0.000000 -0.704747 -0.709459 -0.000000 -0.830662 -0.556778 -0.000000 
-0.451402 0.892321 0.000000 -0.999524 0.030847 0.000000 0.971307 0.237829 0.000000 0.708775 -0.705434 0.000000 -0.704840 -0.709366 -0.000000 -0.830648 -0.556798 -0.000000 
-0.451403 0.892320 0.000000 -0.999525 0.030832 0.000000 0.971306 0.237835 0.000000 0.708676 -0.705534 0.000000 -0.704944 -0.709263 -0.000000 -0.830649 -0.556797 -0.000000 
-0.451543 0.892249 0.000000 -0.999528 0.030718 0.000000 0.971298 0.237864 0.000000 0.708491 -0.705720 0.000000 -0.705147 -0.709061 -0.000000 -0.830612 -0.556852 -0.000000 
-0.451716 0.892162 0.000000 -0.999531 0.030625 0.000000 0.971290 0.237900 0.000000 0.708206 -0.706005 0.000000 -0.705444 -0.708765 -0.000000 -0.830570 -0.556915 -0.000000 
-0.451939 0.892049 0.000000 -0.999533 0.030551 0.000000 0.971280 0.237939 0.000000 0.707981 -0.706231 0.000000 -0.705698 -0.708513 -0.000000 -0.830544 -0.556952 -0.000000 
-0.452110 0.891962 0.000000 -0.999535 0.030499 0.000000 0.971273 0.237970 0.000000 0.707634 -0.706579 0.000000 -0.706075 -0.708138 -0.000000 -0.830477 -0.557054 -0.000000 
-0.452329 0.891851 0.000000 -0.999536 0.030443 0.000000 0.971265 0.237999 0.000000 0.707289 -0.706924 0.000000 -0.706434 -0.707779 -0.000000 -0.830424 -0.557132 -0.000000 
-0.452331 0.891850 0.000000 -0.999536 0.030446 0.000000 0.971266 0.237995 0.000000 0.707043 -0.707171 0.000000 -0.706711 -0.707502 -0.000000 -0.830427 -0.557127 -0.000000 
-0.452342 0.891844 0.000000 -0.999535 0.030506 0.000000 0.971267 0.237994 0.000000 0.706808 -0.707405 0.000000 -0.706957 -0.707256 -0.000000 -0.830360 -0.557227 -0.000000 
-0.452344 0.891843 0.000000 -0.999535 0.030507 0.000000 0.971268 0.237990 0.000000 0.706549 -0.707664 0.000000 -0.707239 -0.706975 -0.000000 -0.830317 -0.557291 -0.000000 
-0.452485 0.891772 0.000000 -0.999535 0.030495 0.000000 0.971266 0.237997 0.000000 0.706257 -0.707955 0.000000 -0.707550 -0.706664 -0.000000 -0.830308 -0.557304 -0.000000 
-0.452487 0.891771 0.000000 -0.999539 0.030370 0.000000 0.971268 0.237989 0.000000 0.705948 -0.708264 0.000000 -0.707878 -0.706335 -0.000000 -0.830352 -0.557239 -0.000000 
-0.452491 0.891769 0.000000 -0.999538 0.030383 0.000000 0.971270 0.237982 0.000000 0.705653 -0.708558 0.000000 -0.708197 -0.706014 -0.000000 -0.830355 -0.557235 -0.000000 
-0.452697 0.891665 0.000000 -0.999539 0.030367 0.000000 0.971263 0.238007 0.000000 0.705387 -0.708822 0.000000 -0.708485 -0.705726 -0.000000 -0.830278 -0.557349 -0.000000 
-0.452700 0.891663 0.000000 -0.999539 0.030376 0.000000 0.971265 0.238001 0.000000 0.705154 -0.709054 0.000000 -0.708733 -0.705477 -0.000000 -0.830282 -0.557343 -0.000000 
-0.452887 0.891568 0.000000 -0.999539 0.030366 0.000000 0.971262 0.238013 0.000000 0.704922 -0.709285 0.000000 -0.708982 -0.705227 -0.000000 -0.830273 -0.557357 -0.000000 
-0.452890 0.891567 0.000000 -0.999539 0.030374 0.000000 0.971264 0.238006 0.000000 0.704714 -0.709491 0.000000 -0.709206 -0.705001 -0.000000 -0.830277 -0.557351 -0.000000 
-0.452892 0.891565 0.000000 -0.999538 0.030381 0.000000 0.971265 0.238001 0.000000 0.704517 -0.709687 0.000000 -0.709416 -0.704790 -0.000000 -0.830280 -0.557346 -0.000000 
-0.452896 0.891563 0.000000 -0.999538 0.030388 0.000000 0.971266 0.237995 0.000000 0.704320 -0.709883 0.000000 -0.709627 -0.704578 -0.000000 -0.830284 -0.557340 -0.000000 
-0.453326 0.891345 0.000000 -0.999539 0.030354 0.000000 0.971258 0.238030 0.000000 0.704105 -0.710096 0.000000 -0.709858 -0.704345 -0.000000 -0.830259 -0.557378 -0.000000 
-0.453331 0.891342 0.000000 -0.999538 0.030391 0.000000 0.971262 0.238013 0.000000 0.703851 -0.710348 0.000000 -0.710129 -0.704071 -0.000000 -0.830264 -0.557371 -0.000000 
-0.453541 0.891236 0.000000 -0.999538 0.030383 0.000000 0.971258 0.238031 0.000000 0.703648 -0.710549 0.000000 -0.710346 -0.703852 -0.000000 -0.830218 -0.557439 -0.000000 
-0.453733 0.891138 0.000000 -0.999538 0.030386 0.000000 0.971256 0.238038 0.000000 0.703405 -0.710789 0.000000 -0.710602 -0.703594 -0.000000 -0.830208 -0.557454 -0.000000 
-0.454132 0.890934 0.000000 -0.999540 0.030339 0.000000 0.971247 0.238072 0.000000 0.703169 -0.711023 0.000000 -0.710856 -0.703338 -0.000000 -0.830130 -0.557570 -0.000000 
-0.454304 0.890847 0.000000 -0.999539 0.030345 0.000000 0.971246 0.238078 0.000000 0.702944 -0.711245 0.000000 -0.711091 -0.703100 -0.000000 -0.830119 -0.557587 -0.000000 
-0.454306 0.890845 0.000000 -0.999539 0.030350 0.000000 0.971247 0.238073 0.000000 0.702774 -0.711413 0.000000 -0.711270 -0.702919 -0.000000 -0.830121 -0.557583 -0.000000 
-0.454322 0.890837 0.000000 -0.999540 0.030338 0.000000 0.971247 0.238074 0.000000 0.702601 -0.711584 0.000000 -0.711459 -0.702727 -0.000000 -0.830091 -0.557628 -0.000000 
-0.454516 0.890739 0.000000 -0.999540 0.030342 0.000000 0.971245 0.238083 0.000000 0.702426 -0.711757 0.000000 -0.711648 -0.702536 -0.000000 -0.830079 -0.557646 -0.000000 
-0.454518 0.890738 0.000000 -0.999539 0.030354 0.000000 0.971247 0.238076 0.000000 0.702215 -0.711964 0.000000 -0.711872 -0.702310 -0.000000 -0.830081 -0.557642 -0.000000 
-0.454520 0.890736 0.000000 -0.999539 0.030363 0.000000 0.971248 0.238070 0.000000 0.702026 -0.712151 0.000000 -0.712073 -0.702106 -0.000000 -0.830084 -0.557639 -0.000000 
-0.454523 0.890735 0.000000 -0.999538 0.030379 0.000000 0.971250 0.238062 0.000000 0.701841 -0.712333 0.000000 -0.712272 -0.701904 -0.000000 -0.830086 -0.557635 -0.000000 
-0.454526 0.890733 0.000000 -0.999538 0.030394 0.000000 0.971252 0.238054 0.000000 0.701654 -0.712518 0.000000 -0.712476 -0.701696 -0.000000 -0.830089 -0.557631 -0.000000 
