-0.677463 -0.735554 -0.001794 0.738486 -0.674223 -0.007946 -0.723266 0.690523 0.007985 0.672952 0.739684 0.001843 
-0.677463 -0.735556 -0.001589 0.738489 -0.674228 -0.007177 -0.723270 0.690528 0.007212 0.672951 0.739685 0.001633 
-0.677462 -0.735557 -0.001388 0.738492 -0.674232 -0.006474 -0.723273 0.690532 0.006504 0.672950 0.739686 0.001428 
-0.677461 -0.735558 -0.001212 0.738494 -0.674235 -0.005841 -0.723275 0.690535 0.005868 0.672950 0.739687 0.001248 
-0.677461 -0.735558 -0.001060 0.738496 -0.674238 -0.005273 -0.723277 0.690538 0.005296 0.672949 0.739688 0.001092 
-0.677395 -0.735619 -0.000210 0.738555 -0.674177 -0.004777 -0.723337 0.690478 0.004781 0.672883 0.739748 0.000240 
-0.677395 -0.735619 -0.000181 0.738556 -0.674178 -0.004305 -0.723339 0.690480 0.004309 0.672883 0.739749 0.000208 
-0.677395 -0.735619 -0.000159 0.738558 -0.674179 -0.003878 -0.723340 0.690481 0.003880 0.672883 0.739749 0.000183 
-0.677329 -0.735680 0.000377 0.738619 -0.674116 -0.002996 -0.723403 0.690420 0.002988 0.672817 0.739809 -0.000359 
-0.677194 -0.735803 -0.001210 0.738747 -0.673983 -0.000883 -0.723534 0.690289 0.000910 0.672681 0.739931 0.001215 
-0.676888 -0.736072 -0.004443 0.739024 -0.673678 -0.001250 -0.723818 0.689990 0.001348 0.672374 0.740199 0.004451 
-0.676712 -0.736245 -0.001976 0.739183 -0.673502 0.001978 -0.723981 0.689818 -0.001934 0.672196 0.740370 0.001964 
-0.676460 -0.736477 -0.001714 0.739408 -0.673247 0.003723 -0.724211 0.689569 -0.003684 0.671943 0.740601 0.001692 
-0.676461 -0.736477 -0.001557 0.739406 -0.673247 0.004039 -0.724209 0.689568 -0.004004 0.671944 0.740600 0.001532 
-0.676770 -0.736176 -0.005268 0.739072 -0.673576 0.008248 -0.723869 0.689890 -0.008129 0.672255 0.740301 0.005218 
-0.676727 -0.736222 -0.004155 0.739124 -0.673523 0.007837 -0.723922 0.689839 -0.007743 0.672212 0.740347 0.004107 
-0.676750 -0.736207 -0.003098 0.739113 -0.673537 0.007716 -0.723909 0.689853 -0.007646 0.672234 0.740332 0.003051 
-0.676704 -0.736253 -0.002138 0.739164 -0.673486 0.007289 -0.723962 0.689802 -0.007241 0.672188 0.740377 0.002093 
-0.676613 -0.736326 -0.004323 0.739248 -0.673413 0.005189 -0.724048 0.689731 -0.005092 0.672097 0.740451 0.004291 
-0.676454 -0.736466 -0.005183 0.739371 -0.673260 0.007251 -0.724174 0.689580 -0.007134 0.671938 0.740590 0.005139 
-0.676556 -0.736355 -0.007282 0.739254 -0.673382 0.007793 -0.724055 0.689700 -0.007630 0.672040 0.740479 0.007234 
-0.676570 -0.736348 -0.006688 0.739253 -0.673390 0.007184 -0.724054 0.689708 -0.007033 0.672054 0.740473 0.006644 
-0.676464 -0.736386 -0.011542 0.739204 -0.673348 0.013400 -0.724007 0.689667 -0.013141 0.671948 0.740510 0.011460 
-0.676469 -0.736395 -0.010604 0.739234 -0.673339 0.012157 -0.724037 0.689658 -0.011919 0.671953 0.740519 0.010530 
-0.676487 -0.736377 -0.010697 0.739246 -0.673357 0.010273 -0.724049 0.689676 -0.010033 0.671971 0.740501 0.010634 
-0.676446 -0.736322 -0.015826 0.739082 -0.673418 0.016318 -0.723886 0.689735 -0.015963 0.671931 0.740447 0.015726 
-0.676476 -0.736257 -0.017502 0.738981 -0.673489 0.017868 -0.723784 0.689805 -0.017475 0.671962 0.740382 0.017393 
-0.676379 -0.736353 -0.017199 0.739062 -0.673384 0.018475 -0.723867 0.689702 -0.018089 0.671864 0.740477 0.017086 
-0.676063 -0.736742 -0.012271 0.739399 -0.672939 0.021010 -0.724211 0.689266 -0.020733 0.671546 0.740864 0.012143 
-0.675868 -0.737002 -0.005422 0.739645 -0.672561 0.024248 -0.724461 0.688893 -0.024123 0.671350 0.741122 0.005274 
-0.675841 -0.737036 -0.004120 0.739740 -0.672534 0.021974 -0.724556 0.688868 -0.021879 0.671322 0.741155 0.003986 
-0.675797 -0.737088 -0.000723 0.739827 -0.672421 0.022487 -0.724645 0.688756 -0.022467 0.671277 0.741206 0.000586 
-0.675799 -0.737086 -0.000626 0.739861 -0.672452 0.020358 -0.724679 0.688787 -0.020341 0.671279 0.741204 0.000502 
-0.675614 -0.737255 -0.000611 0.740055 -0.672289 0.018607 -0.724877 0.688627 -0.018591 0.671093 0.741373 0.000497 
-0.675616 -0.737254 -0.000526 0.740079 -0.672309 0.016834 -0.724901 0.688648 -0.016820 0.671095 0.741372 0.000423 
-0.675636 -0.737235 0.000692 0.740088 -0.672329 0.015620 -0.724909 0.688667 -0.015633 0.671115 0.741353 -0.000788 
-0.675623 -0.737247 -0.000166 0.740104 -0.672337 0.014492 -0.724925 0.688675 -0.014486 0.671102 0.741365 0.000078 
-0.675622 -0.737248 -0.000158 0.740119 -0.672348 0.013107 -0.724940 0.688687 -0.013101 0.671101 0.741366 0.000078 
-0.675623 -0.737248 -0.000135 0.740130 -0.672359 0.011854 -0.724952 0.688698 -0.011850 0.671101 0.741366 0.000062 
-0.676054 -0.736851 0.000732 0.739766 -0.672810 0.008543 -0.724578 0.689139 -0.008558 0.671535 0.740972 -0.000784 
-0.676099 -0.736811 0.000520 0.739734 -0.672865 0.006838 -0.724545 0.689194 -0.006848 0.671580 0.740932 -0.000562 
-0.677216 -0.735773 -0.004161 0.738674 -0.674013 0.008114 -0.723461 0.690319 -0.008020 0.672703 0.739901 0.004111 
-0.677533 -0.735472 -0.005423 0.738390 -0.674345 0.006142 -0.723170 0.690644 -0.006020 0.673022 0.739602 0.005385 
-0.668646 -0.743434 -0.014793 0.746319 -0.665541 0.007952 -0.731296 0.682018 -0.007621 0.664086 0.747510 0.014744 
-0.656850 -0.753495 -0.028175 0.756445 -0.653991 0.009324 -0.741683 0.670694 -0.008694 0.652229 0.757501 0.028118 
-0.650130 -0.758771 -0.039971 0.761953 -0.647574 0.008705 -0.747339 0.664396 -0.007812 0.645475 0.762738 0.039918 
-0.649242 -0.758867 -0.051046 0.762398 -0.647059 0.007959 -0.747805 0.663884 -0.006819 0.644584 0.762831 0.050997 
-0.648703 -0.758290 -0.064655 0.762390 -0.647078 0.007168 -0.747809 0.663890 -0.005725 0.644046 0.762254 0.064611 
-0.648063 -0.757466 -0.079120 0.762337 -0.647149 0.006386 -0.747770 0.663942 -0.004621 0.643406 0.761430 0.079081 
-0.647060 -0.756279 -0.096729 0.762320 -0.647176 0.005522 -0.747776 0.663943 -0.003364 0.642402 0.760243 0.096696 
-0.645840 -0.754773 -0.114932 0.762296 -0.647212 0.004626 -0.747779 0.663945 -0.002062 0.641183 0.758737 0.114904 
-0.644111 -0.752551 -0.137072 0.762255 -0.647268 0.003506 -0.747776 0.663951 -0.000449 0.639454 0.756515 0.137052 
-0.642034 -0.749853 -0.159731 0.762222 -0.647311 0.002320 -0.747790 0.663934 0.001243 0.637377 0.753818 0.159718 
-0.639158 -0.746332 -0.185650 0.762208 -0.647330 0.001659 -0.747839 0.663875 0.002481 0.634501 0.750297 0.185642 
-0.635718 -0.742292 -0.211813 0.762196 -0.647344 0.001565 -0.747905 0.663799 0.003158 0.631061 0.746257 0.211805 
-0.631338 -0.737184 -0.240775 0.762194 -0.647346 0.001523 -0.748000 0.663687 0.003847 0.626681 0.741149 0.240768 
-0.626438 -0.730376 -0.272261 0.761709 -0.647918 0.001525 -0.747624 0.664107 0.004547 0.621785 0.734345 0.272253 
-0.419200 -0.907713 -0.018148 0.627195 0.706414 0.328032 -0.733601 0.679460 0.012775 -0.972495 -0.063304 -0.224156 0.907924 -0.417979 0.031119 0.993120 0.116847 -0.007769 
-0.432371 -0.901022 -0.034838 0.626504 0.671026 0.396507 -0.720113 0.693406 0.025021 -0.958972 -0.078730 -0.272350 0.901413 -0.431819 0.031422 0.987185 0.158322 0.020006 
-0.435951 -0.897771 -0.062881 0.617199 0.639995 0.457681 -0.712345 0.701060 0.032868 -0.945928 -0.086359 -0.312671 0.899121 -0.436708 0.029449 0.981046 0.183650 0.061814 
-0.436859 -0.894539 -0.094631 0.606934 0.612742 0.506141 -0.706802 0.706276 0.040062 -0.936212 -0.081217 -0.341923 0.897855 -0.439427 0.027573 0.977017 0.189576 0.097465 
-0.441817 -0.888185 -0.126195 0.602789 0.587128 0.540301 -0.700601 0.711589 0.052898 -0.929927 -0.066270 -0.361725 0.894435 -0.446498 0.025017 0.975517 0.184002 0.120457 
-0.449223 -0.878918 -0.160319 0.602544 0.563142 0.565519 -0.694581 0.716043 0.069567 -0.926541 -0.043214 -0.373704 0.889495 -0.456462 0.021030 0.976409 0.168926 0.134497 
-0.458578 -0.866073 -0.199060 0.604562 0.538437 0.587019 -0.688221 0.719974 0.089386 -0.924477 -0.013772 -0.380989 0.883117 -0.468925 0.014598 0.978482 0.146554 0.145242 
-0.468677 -0.849304 -0.242951 0.607328 0.510955 0.608341 -0.681199 0.723488 0.111946 -0.922625 0.021525 -0.385097 0.875795 -0.482658 0.005017 0.980837 0.117373 0.155504 
-0.474877 -0.829573 -0.293770 0.609009 0.481912 0.629976 -0.674508 0.725815 0.135026 -0.920743 0.064887 -0.384737 0.868814 -0.495139 -0.000221 0.983474 0.076991 0.163864 
-0.477239 -0.804752 -0.353010 0.608012 0.451395 0.653119 -0.669430 0.725788 0.158415 -0.917054 0.112580 -0.382542 0.861168 -0.508321 -0.000425 0.984479 0.029883 0.172938 
-0.494028 -0.773894 -0.396263 0.614731 0.402406 0.678362 -0.656493 0.727687 0.198717 -0.914782 0.149440 -0.375287 0.850729 -0.524658 -0.031526 0.985251 0.005487 0.171030 
-0.530985 -0.731505 -0.427732 0.831047 -0.549128 -0.088425 -0.626747 0.732429 0.265964 -0.916370 0.193173 -0.350641 0.642176 0.331359 0.691239 0.988469 -0.018774 0.150255 
-0.571861 -0.681651 -0.456429 0.805653 -0.573218 -0.149479 -0.592024 0.731429 0.338405 -0.916777 0.243862 -0.316308 0.673239 0.257052 0.693306 0.991533 -0.049931 0.119875 
-0.607436 -0.624283 -0.491215 0.779189 -0.590939 -0.208937 -0.558745 0.722462 0.407250 -0.914004 0.300188 -0.272917 0.699175 0.184703 0.690680 0.992152 -0.091781 0.084920 
-0.644384 -0.556017 -0.524990 0.748045 -0.603880 -0.275241 -0.518771 0.709660 0.476718 -0.905548 0.363882 -0.218113 0.723250 0.103993 0.682711 0.987985 -0.147895 0.044858 
-0.686984 -0.475610 -0.549407 0.708613 -0.609824 -0.354940 -0.463239 0.688919 0.557494 -0.889879 0.429655 -0.153334 0.749548 0.003266 0.661942 0.978150 -0.207897 0.001100 
-0.714107 -0.406260 -0.570092 0.679330 -0.603100 -0.418068 -0.433579 0.645369 0.628894 -0.877579 0.460199 -0.134436 0.755731 -0.087446 0.649018 0.977765 -0.209706 0.000036 
-0.729937 -0.341253 -0.592232 0.659518 -0.583816 -0.473491 0.930224 -0.206307 0.303514 -0.415928 0.596628 0.686323 -0.867228 0.485603 -0.110019 
-0.731176 -0.276378 -0.623697 0.652795 -0.553515 -0.517186 0.921244 -0.250099 0.297926 -0.416433 0.544174 0.728325 -0.855726 0.510492 -0.084439 
-0.737797 -0.211977 -0.640876 0.644434 -0.508726 -0.570879 0.913762 -0.291464 0.282998 -0.413034 0.474942 0.777067 -0.846733 0.528610 -0.060129 
-0.767558 -0.196739 -0.610040 0.624047 -0.454215 -0.635810 0.923659 -0.294671 0.244997 -0.388012 0.401062 0.829817 -0.853967 0.518907 -0.038416 
-0.822127 -0.220237 -0.524979 0.568007 -0.406530 -0.715612 0.944534 -0.269126 0.188219 -0.320288 0.331430 0.887451 -0.800952 0.440703 0.405287 -0.765349 0.446768 -0.463292 
-0.862442 -0.237666 -0.446888 0.506999 -0.358411 -0.783897 0.959625 -0.253321 0.122263 -0.836169 0.403704 0.371274 -0.249275 0.266134 0.931147 -0.795058 0.480935 -0.369572 
-0.891112 -0.244125 -0.382520 0.447262 -0.311976 -0.838229 0.968937 -0.241399 0.053735 -0.841152 0.376941 0.387786 -0.181708 0.208530 0.960988 -0.821588 0.495684 -0.281584 
-0.910154 -0.251247 -0.329386 0.393758 -0.265769 -0.879956 0.976526 -0.214415 -0.020565 -0.813496 0.353166 0.462059 -0.117585 0.167998 0.978750 -0.863872 0.461710 -0.201368 
-0.921040 -0.255521 -0.293930 0.352810 -0.218150 -0.909910 0.978190 -0.180659 -0.102503 -0.755548 0.305529 0.579482 -0.897323 0.420532 -0.134029 
-0.929399 -0.248063 -0.273279 0.320196 -0.164822 -0.932903 0.969052 -0.139854 -0.203417 -0.622852 0.228710 0.748162 -0.928606 0.363779 -0.073180 
-0.946200 -0.219629 -0.237630 -0.781608 0.254924 0.569300 0.267193 -0.106908 -0.957694 0.934674 -0.096841 -0.342063 
-0.970599 -0.175900 -0.164307 -0.862830 0.269093 0.427918 -0.198747 0.045410 0.978998 0.177155 -0.049347 -0.982945 0.890961 -0.073319 -0.448122 
0.875422 -0.049814 -0.480786 -0.830734 0.247305 0.498720 -0.477863 -0.084480 0.874362 -0.245476 0.003467 -0.969396 
-0.606312 -0.173202 0.776136 0.833938 -0.028644 -0.551114 -0.349584 0.072622 -0.934086 -0.289337 0.097093 -0.952291 -0.457412 0.125306 0.880382 
-0.526195 -0.219597 0.821521 0.765652 0.002518 -0.643251 -0.396611 0.160234 -0.903894 -0.886295 0.228565 0.402788 
-0.429109 -0.265346 0.863399 0.198433 -0.205003 0.958435 0.689395 0.041214 -0.723212 -0.478975 0.217265 -0.850517 -0.838409 0.217984 0.499552 
-0.340515 -0.311572 0.887115 0.274300 -0.276504 0.921035 -0.552760 0.270845 -0.788099 -0.785128 0.195992 0.587504 0.266558 0.049447 -0.962550 0.960486 0.115138 -0.253396 
-0.267382 -0.360354 0.893674 0.346140 -0.339500 0.874601 -0.618845 0.320025 -0.717366 -0.725486 0.168228 0.667359 0.184460 0.108770 -0.976803 0.937572 0.126619 -0.323924 
-0.199612 -0.410609 0.889694 0.416228 -0.394923 0.819018 -0.676113 0.366991 -0.638897 -0.660765 0.133958 0.738543 0.105148 0.164658 -0.980730 0.907677 0.142397 -0.394772 
-0.123909 -0.462002 0.878180 0.018836 0.221955 -0.974875 -0.725335 0.408919 -0.553782 -0.591593 0.093901 0.800750 0.482390 -0.444454 0.754825 0.870721 0.158201 -0.465637 
0.825046 0.176034 -0.536945 -0.072860 0.280952 -0.956952 -0.043144 -0.514825 0.856209 0.545128 -0.489974 0.680265 -0.515399 0.048023 0.855604 -0.767455 0.447291 -0.459285 
0.769782 0.197987 -0.606826 -0.166372 0.340656 -0.925351 0.037566 -0.567046 0.822829 0.602524 -0.534234 0.592924 -0.427677 -0.002381 0.903928 -0.802147 0.482612 -0.351633 
0.118594 -0.618694 0.776629 0.701775 0.226005 -0.675598 0.653451 -0.578908 0.487717 -0.262485 0.401763 -0.877319 -0.322086 -0.056099 0.945047 -0.827690 0.513604 -0.226142 
0.203433 -0.670178 0.713776 0.619928 0.263234 -0.739186 0.693449 -0.622885 0.362135 -0.361255 0.465648 -0.807878 -0.200114 -0.117172 0.972741 -0.839649 0.536695 -0.083352 
0.532863 0.317101 -0.784541 0.716461 -0.661535 0.221483 -0.833473 0.549353 0.059438 -0.446296 0.535474 -0.716999 -0.081790 -0.186229 0.979096 0.276677 -0.727948 0.627328 
-0.513450 0.592509 -0.620727 -0.813386 0.560594 0.155365 0.466427 0.328711 -0.821216 0.646735 -0.757437 -0.089568 -0.454856 -0.868575 -0.196682 0.306248 0.150334 0.940006 0.675005 0.404380 0.617127 
-0.543088 0.637401 -0.546604 -0.503727 -0.841384 -0.195788 -0.778203 0.576433 0.249249 0.407761 0.353066 -0.842066 0.686825 -0.715165 -0.129656 0.744851 0.344822 0.571223 0.332464 0.150500 0.931030 
-0.558101 -0.807358 -0.191564 0.356382 0.381968 -0.852697 -0.552380 0.678627 -0.484089 -0.729390 0.593931 0.339465 0.710654 -0.685959 -0.156304 0.779493 0.274360 0.563132 
-0.611572 -0.769529 -0.183862 0.294581 0.432125 -0.852344 -0.548835 0.698206 -0.459661 -0.668100 0.613314 0.421293 0.709034 -0.675109 -0.203713 0.823312 0.217329 0.524333 
-0.648857 -0.735124 -0.196411 0.294435 0.476102 -0.828634 -0.519577 0.712018 -0.472302 -0.623403 0.618089 0.478889 0.667953 -0.686811 -0.286582 0.855419 0.182120 0.484862 0.471924 0.093148 0.876705 
-0.666671 -0.711389 -0.222431 0.293851 0.504134 -0.812096 -0.512210 0.746930 -0.423955 -0.603497 0.605714 0.518557 0.863519 0.150784 0.481247 0.606884 -0.705834 -0.365364 0.537880 0.026311 0.842611 
-0.671507 -0.694976 -0.257075 0.274055 0.542369 -0.794185 -0.522720 0.788163 -0.324905 -0.586389 0.571590 0.573962 0.878636 0.113860 0.463718 0.563053 -0.711749 -0.419982 0.582242 -0.019001 0.812793 
-0.672513 -0.678515 -0.295539 0.252791 0.581022 -0.773634 -0.531842 0.819501 -0.213452 -0.572779 0.528735 0.626389 0.892984 0.078563 0.443179 0.535178 -0.706435 -0.463179 0.611836 -0.053895 0.789146 
-0.676489 -0.658720 -0.329319 0.235315 0.617884 -0.750230 -0.534834 0.835884 -0.123493 -0.561285 0.490295 0.666761 0.903336 0.050437 0.425957 0.526433 -0.690311 -0.496325 0.631451 -0.073462 0.771928 
-0.685502 -0.638871 -0.349186 0.220804 0.644524 -0.732007 -0.536703 0.840515 -0.074060 -0.551661 0.469496 0.689379 0.908982 0.035444 0.415327 0.532833 -0.666787 -0.521041 0.645140 -0.078373 0.760034 
-0.695800 -0.625275 -0.353402 0.206940 0.659050 -0.723069 -0.541026 0.838600 -0.063569 -0.541622 0.462564 0.701912 0.911596 0.032031 0.409838 0.534639 -0.645727 -0.545159 0.660167 -0.083604 0.746452 
-0.703963 -0.617383 -0.351105 0.185146 0.678513 -0.710874 -0.546892 0.834976 -0.061032 -0.523414 0.445813 0.726146 0.917085 0.026386 0.397818 0.541524 -0.622333 -0.565202 0.669906 -0.086752 0.737360 
-0.713602 -0.607659 -0.348601 0.165646 0.703078 -0.691551 -0.549242 0.834011 -0.052525 -0.502547 0.425230 0.752745 0.924556 0.013204 0.380816 0.554364 -0.597384 -0.579493 0.675351 -0.084035 0.732693 
-0.724753 -0.596656 -0.344579 0.150407 0.724868 -0.672267 -0.548789 0.834534 -0.048827 -0.484725 0.412780 0.771138 0.930733 0.000352 0.365699 0.568683 -0.576745 -0.586485 0.678554 -0.074080 0.730805 
-0.732539 -0.591052 -0.337703 0.140854 0.731619 -0.667004 -0.549671 0.833511 -0.055868 -0.475006 0.412840 0.777131 0.933456 -0.000931 0.358690 0.575204 -0.561201 -0.595142 0.682407 -0.071979 0.727420 
-0.735090 -0.591475 -0.331359 0.133279 0.730750 -0.669508 -0.552685 0.831049 -0.062428 -0.469891 0.414714 0.779240 0.934986 0.001561 0.354682 0.579458 -0.553270 -0.598431 0.684782 -0.067635 0.725603 
-0.736212 -0.594097 -0.324100 0.126868 0.726782 -0.675050 -0.555760 0.828159 -0.072684 -0.468097 0.419551 0.777729 0.935857 0.005685 0.352335 0.586215 -0.546963 -0.597648 0.684219 -0.060764 0.726741 
-0.736609 -0.597854 -0.316192 0.124031 0.720020 -0.682779 -0.558151 0.824857 -0.089883 -0.468907 0.427566 0.772861 0.935545 0.011327 0.353026 0.595443 -0.542355 -0.592705 0.680184 -0.052291 0.731174 
-0.736165 -0.603276 -0.306789 0.123176 0.710252 -0.693087 -0.560146 0.820734 -0.112393 -0.472433 0.438716 0.764418 0.934581 0.018325 0.355279 0.608163 -0.537785 -0.583888 0.672542 -0.041673 0.738885 
-0.734545 -0.609876 -0.297481 0.126225 0.697864 -0.705020 -0.561202 0.815721 -0.140184 -0.478806 0.451739 0.752779 0.932380 0.026551 0.360503 0.623825 -0.535061 -0.569696 0.660829 -0.028103 0.750010 
-0.730656 -0.618854 -0.288377 0.131597 0.682374 -0.719060 -0.561298 0.809496 -0.172223 -0.488073 0.467373 0.737121 0.928861 0.036186 0.368656 0.639067 -0.541572 -0.546162 0.643570 -0.012345 0.765288 
-0.724966 -0.629792 -0.278902 0.141073 0.663316 -0.734922 -0.559861 0.801794 -0.209001 -0.499837 0.484564 0.717886 0.923921 0.048073 0.379552 0.654308 -0.552812 -0.516024 0.619763 0.000984 0.784789 
-0.719542 -0.642295 -0.264038 0.152705 0.642621 -0.750813 -0.555083 0.792253 -0.253413 -0.510519 0.503176 0.697269 0.918862 0.061241 0.389797 0.664770 -0.564781 -0.488982 0.597491 0.009056 0.801825 
-0.714385 -0.655243 -0.245582 0.165368 0.621591 -0.765688 -0.547903 0.779727 -0.303032 -0.520473 0.524162 0.674063 0.913677 0.073865 0.399673 0.675679 -0.577948 -0.457640 0.572576 0.020408 0.819598 
-0.709160 -0.668283 -0.224700 0.179681 0.597620 -0.781387 -0.538797 0.764346 -0.354221 -0.530606 0.546472 0.647940 0.908049 0.087325 0.409660 0.686121 -0.591505 -0.423509 0.545161 0.032586 0.837698 
-0.704034 -0.680767 -0.202218 0.191653 0.567685 -0.800627 -0.532734 0.746785 -0.398129 -0.540116 0.570862 0.618377 0.903112 0.103299 0.416796 0.694460 -0.606012 -0.387911 0.518631 0.047899 0.853655 
-0.699329 -0.692210 -0.178281 0.198130 0.535018 -0.821280 -0.529292 0.727774 -0.436114 -0.548054 0.594084 0.588813 0.700065 -0.620153 -0.354004 0.899270 0.121900 0.420064 0.494784 0.063819 0.866669 
-0.694711 -0.702680 -0.153678 0.204061 0.502596 -0.840093 -0.526490 0.706822 -0.472453 -0.554878 0.615521 0.559682 0.704407 -0.632661 -0.321793 0.875396 0.137612 0.463406 
-0.690533 -0.711802 -0.128463 0.206497 0.470513 -0.857891 -0.595393 0.802516 0.038411 0.706531 -0.644285 -0.292763 0.872132 0.155531 0.463891 -0.559777 0.634611 0.532840 -0.325897 0.402510 -0.855439 
-0.686492 -0.718730 -0.110251 0.207624 0.442701 -0.872300 -0.588815 0.808230 0.007804 0.707650 -0.654087 -0.267209 0.869300 0.171568 0.463554 -0.329647 0.367634 -0.869585 -0.569714 0.655847 0.495268 
-0.682760 -0.722627 -0.107928 0.201206 0.422037 -0.883969 -0.590582 0.805726 0.044924 0.707269 -0.661079 -0.250491 0.869248 0.183503 0.459059 -0.327175 0.354747 -0.875849 -0.575644 0.659080 0.483992 
-0.680628 -0.724902 -0.106123 0.195507 0.406917 -0.892298 -0.590218 0.803911 0.073279 0.707143 -0.665361 -0.239258 0.869804 0.190561 0.455113 -0.325278 0.345075 -0.880407 -0.579887 0.661517 0.475528 
-0.679854 -0.725994 -0.103598 0.189264 0.400166 -0.896686 -0.586888 0.805283 0.084159 0.705008 -0.668736 -0.236125 0.870898 0.193888 0.451601 -0.328699 0.340275 -0.881005 -0.579804 0.662532 0.474214 
-0.679502 -0.726623 -0.101470 0.184566 0.398062 -0.898600 -0.584013 0.807288 0.084937 0.703108 -0.670365 -0.237169 0.871981 0.194790 0.449118 -0.333679 0.338353 -0.879872 -0.578664 0.662181 0.476092 
-0.678993 -0.727459 -0.098855 0.178351 0.396649 -0.900478 -0.580955 0.809456 0.085275 0.701351 -0.671351 -0.239572 0.873337 0.195862 0.446005 -0.339989 0.336046 -0.878339 -0.577466 0.661427 0.478589 
-0.678490 -0.728233 -0.096584 0.172914 0.396695 -0.901518 -0.578184 0.811659 0.083139 0.699763 -0.671849 -0.242798 0.874591 0.196082 0.443444 -0.346256 0.334750 -0.876384 -0.575960 0.660395 0.481818 
-0.678028 -0.729012 -0.093909 0.166757 0.397699 -0.902235 -0.574864 0.814492 0.078321 0.697756 -0.672266 -0.247375 0.876007 0.196099 0.440632 -0.353959 0.333558 -0.873758 -0.574034 0.658930 0.486104 
-0.677603 -0.729706 -0.091565 0.161635 0.399822 -0.902229 -0.571843 0.817278 0.071080 0.695897 -0.672346 -0.252344 0.877267 0.195411 0.438426 -0.361347 0.333132 -0.870891 -0.571998 0.657245 0.490762 
-0.677482 -0.729857 -0.091251 0.155911 0.402007 -0.902265 -0.570016 0.818325 0.073658 0.694035 -0.672333 -0.257454 0.878620 0.194732 0.436012 -0.366022 0.334593 -0.868375 -0.570810 0.655072 0.495031 
-0.677614 -0.729663 -0.091819 0.152895 0.405308 -0.901304 -0.569001 0.819000 0.074008 0.692239 -0.672562 -0.261660 0.879478 0.193323 0.434908 -0.369821 0.336394 -0.866066 -0.569324 0.653403 0.498934 
-0.677703 -0.729448 -0.092864 0.147869 0.410094 -0.899976 -0.569553 0.818401 0.076355 0.689687 -0.672972 -0.267284 -0.376198 0.338294 -0.862573 -0.566894 0.651123 0.504649 0.901411 0.195063 0.386535 0.433163 0.087641 0.897044 
-0.678616 -0.728165 -0.096206 0.142405 0.417236 -0.897572 -0.568842 0.818120 0.084254 0.903705 0.189281 0.384043 -0.382580 0.343618 -0.857647 -0.563820 0.647323 0.512914 0.686476 -0.672973 -0.275423 0.435788 0.077546 0.896703 
-0.682353 -0.723555 -0.104227 0.137910 0.428658 -0.892879 -0.565282 0.818466 0.102810 0.906646 0.179174 0.381955 -0.386410 0.356655 -0.850579 -0.558497 0.642177 0.525061 0.681808 -0.672628 -0.287592 0.442052 0.065589 0.894588 
-0.688661 -0.715873 -0.115201 0.134992 0.444400 -0.885599 -0.558965 0.819757 0.124727 0.909950 0.165024 0.380471 -0.388657 0.375642 -0.841332 -0.550828 0.635963 0.540499 0.675626 -0.671814 -0.303636 0.451632 0.051627 0.890709 
-0.696853 -0.705682 -0.128098 0.132154 0.464048 -0.875897 -0.550491 0.821494 0.148684 0.913815 0.147130 0.378542 -0.391294 0.398968 -0.829285 -0.540729 0.628171 0.559476 0.667204 -0.670683 -0.324072 0.463394 0.033100 0.885534 
-0.706356 -0.693446 -0.142108 0.129380 0.484940 -0.864924 -0.540331 0.822834 0.176030 0.918026 0.126642 0.375753 -0.393678 0.424374 -0.815429 -0.528981 0.619530 0.579967 0.657715 -0.668577 -0.347009 0.475954 0.011793 0.879391 
-0.716320 -0.679779 -0.157437 0.126244 0.507176 -0.852546 -0.528441 0.822914 0.208715 0.922592 0.104015 0.371491 -0.396131 0.451667 -0.799423 -0.516064 0.609205 0.602119 0.646753 -0.664682 -0.374043 0.489272 -0.014637 0.872008 
-0.725276 -0.666150 -0.173834 0.122278 0.531877 -0.837947 -0.516210 0.820925 0.244150 0.926887 0.081689 0.366343 -0.494299 0.584958 0.643034 -0.401882 0.484134 -0.777242 0.634819 -0.659179 -0.403097 0.505869 -0.039765 0.861693 
-0.732898 -0.653080 -0.190649 0.119810 0.553390 -0.824260 -0.507779 0.816749 0.274010 0.929515 0.062749 0.363407 -0.481996 0.570347 0.665119 -0.404853 0.510813 -0.758396 0.626913 -0.649826 -0.429774 0.522996 -0.057854 0.850370 
-0.735779 -0.643700 -0.210427 0.117187 0.575801 -0.809148 -0.503280 0.808479 0.305077 0.930231 0.048404 0.363769 -0.477929 0.552212 0.683115 -0.405876 0.533862 -0.741793 0.626140 -0.641220 -0.443605 0.537624 -0.057011 0.841255 
-0.736483 -0.637011 -0.227616 0.110511 0.596582 -0.794907 -0.500695 0.797421 0.336786 0.931360 0.037959 0.362117 -0.475900 0.533762 0.699012 -0.409754 0.552050 -0.726183 0.625434 -0.630507 -0.459667 0.554192 -0.055752 0.830520 
-0.736941 -0.632302 -0.238982 0.104733 0.609314 -0.785982 -0.498019 0.788620 0.360632 0.932482 0.031369 0.359852 -0.474032 0.520880 0.709913 -0.413381 0.563823 -0.714996 0.622675 -0.622751 -0.473769 0.567645 -0.057229 0.821282 
-0.737737 -0.629353 -0.244250 0.101607 0.615930 -0.781221 -0.496729 0.784587 0.371058 0.933091 0.028037 0.358547 -0.472144 0.514232 0.715992 -0.415913 0.569931 -0.708657 0.619964 -0.618731 -0.482511 0.576491 -0.057965 0.815045 
-0.738442 -0.628145 -0.245231 0.101334 0.616870 -0.780514 -0.496056 0.784114 0.372952 0.933131 0.027080 0.358514 -0.471381 0.513563 0.716975 -0.415990 0.571146 -0.707633 0.618563 -0.619168 -0.483747 0.579885 -0.055701 0.812792 
-0.738622 -0.629224 -0.241899 0.103677 0.612542 -0.783609 -0.496373 0.786444 0.367587 0.932781 0.029433 0.359241 -0.472615 0.517967 0.712983 -0.413733 0.567618 -0.711783 0.615847 -0.623601 -0.481512 0.578254 -0.057340 0.813840 
-0.738581 -0.631941 -0.234837 0.108290 0.603388 -0.790061 -0.497978 0.790919 0.355619 0.932028 0.034202 0.360768 -0.475881 0.526788 0.704295 -0.409353 0.559584 -0.720622 0.614096 -0.629500 -0.476041 0.572078 -0.060484 0.817966 
-0.737574 -0.636827 -0.224581 0.113970 0.589990 -0.799327 -0.501277 0.796777 0.337441 0.930834 0.041941 0.363027 -0.480820 0.539165 0.691458 -0.403988 0.546871 -0.733298 0.614897 -0.637166 -0.464674 0.561684 -0.059746 0.825192 
-0.735039 -0.643626 -0.213222 0.119083 0.574481 -0.809809 -0.505762 0.803219 0.314713 0.929268 0.051337 0.365822 -0.486317 0.552264 0.677126 -0.399905 0.531177 -0.746945 0.619090 -0.645353 -0.447490 0.548621 -0.052304 0.834433 
-0.731631 -0.651088 -0.201992 0.123391 0.559401 -0.819662 -0.510566 0.809075 0.291067 0.927565 0.061490 0.368567 -0.491989 0.564101 0.663126 -0.397003 0.515007 -0.759708 0.624056 -0.652278 -0.430218 0.535955 -0.043333 0.843134 
-0.728247 -0.658031 -0.191444 0.126651 0.545555 -0.828450 -0.515143 0.813651 0.269444 0.925917 0.071623 0.370876 -0.497135 0.574493 0.650242 -0.394881 0.499678 -0.770968 0.629223 -0.657778 -0.414012 0.524955 -0.033137 0.850485 
-0.724902 -0.664243 -0.182477 0.128728 0.533253 -0.836104 -0.519551 0.816331 0.252329 0.924424 0.081243 0.372612 -0.501919 0.583028 0.638870 -0.393329 0.485886 -0.780517 0.633584 -0.662012 -0.400390 0.515964 -0.024073 0.856272 
-0.722073 -0.669229 -0.175337 0.130158 0.523595 -0.841966 -0.523291 0.817908 0.239152 0.923126 0.089517 0.373932 -0.505841 0.589458 0.629813 -0.392013 0.474961 -0.787869 0.637135 -0.664912 -0.389808 0.509059 -0.016720 0.860569 
-0.719629 -0.673362 -0.169462 0.131104 0.515572 -0.846757 -0.526099 0.818863 0.229526 0.922190 0.096233 0.374572 -0.509039 0.594401 0.622549 -0.391030 0.466130 -0.793611 0.640189 -0.666909 -0.381301 0.503512 -0.010604 0.863923 
-0.718157 -0.676163 -0.164480 0.132184 0.508026 -0.851139 -0.527357 0.819852 0.223019 0.921563 0.101197 0.374808 -0.511561 0.598798 0.616236 -0.389811 0.458757 -0.798492 0.640528 -0.670014 -0.375240 0.500464 -0.006412 0.865734 
-0.719394 -0.676782 -0.156329 0.137728 0.492802 -0.859172 -0.523674 0.823819 0.216997 0.920796 0.105785 0.375426 -0.380072 0.444129 -0.811354 -0.522846 0.619084 0.585975 0.628850 -0.677435 -0.381615 0.505394 -0.016845 0.862724 
-0.724059 -0.675199 -0.140872 0.143880 0.473728 -0.868839 -0.517946 0.833181 0.193753 0.919594 0.112453 0.376432 -0.372794 0.429332 -0.822617 -0.521362 0.635138 0.569897 0.602842 -0.686714 -0.406208 0.518466 -0.049808 0.853646 
-0.732470 -0.670514 -0.117893 0.156619 0.449311 -0.879540 -0.514658 0.847094 0.132511 0.916085 0.122317 0.381874 -0.366475 0.407893 -0.836253 -0.513885 0.659282 0.548880 0.576934 -0.699212 -0.422195 0.527532 -0.075647 0.846161 
-0.738670 -0.667491 -0.093930 0.167470 0.422775 -0.890626 -0.512612 0.855956 0.067587 0.913152 0.132239 0.385574 -0.361155 0.381368 -0.850955 -0.509400 0.682492 0.524134 0.568546 -0.714102 -0.408429 0.524636 -0.067677 0.848632 
-0.740633 -0.666329 -0.086421 0.183250 0.372472 -0.909771 -0.502359 0.859365 0.095536 0.910947 0.141247 0.387589 -0.336725 0.352499 -0.873133 -0.525169 0.698260 0.486448 0.560146 -0.733494 -0.384997 0.518659 -0.051854 0.853407 
-0.741539 -0.665594 -0.084291 0.191268 0.326708 -0.925569 -0.488422 0.862620 0.131646 0.911190 0.143690 0.386116 -0.321404 0.331686 -0.886952 -0.530361 0.711873 0.460385 0.543224 -0.759063 -0.358791 0.510866 -0.040291 0.858716 
-0.749265 -0.656802 -0.084929 0.201128 0.305398 -0.930741 -0.473123 0.868999 0.144898 0.911250 0.136307 0.388644 -0.304302 0.324976 -0.895428 -0.525352 0.725890 0.443948 0.520366 -0.781088 -0.345139 0.509559 -0.040311 0.859491 
-0.763665 -0.639726 -0.086989 0.213877 0.299779 -0.929725 -0.457792 0.878171 0.138714 0.911156 0.120163 0.394152 -0.290135 0.330205 -0.898213 -0.512146 0.738337 0.438822 0.501162 -0.791549 -0.349696 0.510094 -0.056216 0.858280 
-0.779223 -0.620275 -0.089842 0.228550 0.298586 -0.926613 -0.438642 0.889484 0.128109 0.911524 0.097640 0.399487 -0.277468 0.339735 -0.898661 -0.496601 0.749084 0.438477 0.485571 -0.798818 -0.355120 0.504526 -0.075673 0.860074 
-0.793265 -0.602179 -0.090065 0.243492 0.285617 -0.926895 -0.419734 0.900639 0.112570 0.910697 0.076121 0.406000 -0.263821 0.337821 -0.903480 -0.483217 0.763462 0.428518 0.467099 -0.808786 -0.357327 0.494612 -0.095978 0.863798 
-0.808721 -0.581295 -0.089815 0.261396 0.270569 -0.926533 -0.395627 0.914404 0.085702 0.908324 0.051041 0.415141 -0.249852 0.334506 -0.908669 -0.468205 0.778828 0.417386 0.453840 -0.814666 -0.361038 0.486315 -0.113063 0.866438 
-0.819788 -0.565479 -0.090448 0.278927 0.252818 -0.926436 -0.375326 0.924785 0.062472 0.904519 0.033117 0.425146 -0.233976 0.327338 -0.915481 -0.456559 0.793521 0.402340 0.449832 -0.823661 -0.345303 0.470227 -0.110279 0.875628 
-0.824187 -0.558801 -0.091962 0.295963 0.228735 -0.927409 -0.363909 0.930475 0.042255 0.898723 0.029869 0.437498 -0.214862 0.311064 -0.925783 -0.452823 0.807378 0.378276 0.455500 -0.837441 -0.302013 0.445327 -0.079410 0.891839 
-0.827994 -0.552839 -0.093783 0.314156 0.202809 -0.927456 -0.357493 0.933736 0.018348 0.891320 0.032004 0.452243 -0.193321 0.289432 -0.937473 -0.452270 0.820934 0.348595 0.470260 -0.845228 -0.253860 0.421929 -0.037322 0.905861 
-0.830646 -0.548495 -0.095819 0.331638 0.180438 -0.925990 -0.353045 0.935583 -0.006659 0.883308 0.038386 0.467220 -0.173080 0.269744 -0.947250 -0.451942 0.832136 0.321401 0.473333 -0.853434 -0.218188 0.406314 -0.008244 0.913696 
-0.833805 -0.543503 -0.096819 0.344469 0.162107 -0.924696 -0.351581 0.935823 -0.025020 0.877223 0.047550 0.477722 -0.156612 0.253699 -0.954520 -0.450279 0.841226 0.299312 0.464896 -0.861036 -0.206129 0.404362 -0.000625 0.914599 
-0.835855 -0.540095 -0.098202 0.354680 0.147973 -0.923204 -0.349775 0.936118 -0.036612 0.872435 0.054651 0.485664 -0.142750 0.241211 -0.959916 -0.448556 0.848206 0.281680 0.454680 -0.868521 -0.197322 0.399863 0.001095 0.916574 
-0.836330 -0.539206 -0.099037 0.363887 0.134066 -0.921744 -0.347354 0.936486 -0.048355 0.867918 0.060453 0.493014 -0.131396 0.228493 -0.964638 -0.448370 0.853632 0.265097 0.441899 -0.876851 -0.189362 0.393897 0.000013 0.919154 
-0.837351 -0.537586 -0.099223 0.371966 0.122372 -0.920145 -0.344172 0.936854 -0.062046 0.864188 0.064750 0.498985 -0.122633 0.217543 -0.968316 -0.448086 0.857940 0.251313 0.434858 -0.881609 -0.183477 0.392516 0.002196 0.919743 
-0.837649 -0.537077 -0.099461 0.378253 0.113331 -0.918738 -0.342160 0.936815 -0.072824 0.861052 0.068672 0.503859 -0.115736 0.208647 -0.971119 -0.448287 0.861005 0.240229 0.429167 -0.885699 -0.177067 0.389789 0.004768 0.920892 
-0.837468 -0.537318 -0.099680 -0.341790 0.936278 -0.081008 0.429785 -0.886874 -0.169528 0.387755 0.011728 0.921688 0.382910 0.106804 -0.917591 0.858609 0.072088 0.507537 -0.110626 0.201497 -0.973222 -0.449449 0.862780 0.231529 
-0.837257 -0.537663 -0.099599 -0.341691 0.935620 -0.088673 0.432169 -0.886932 -0.163037 0.388253 0.019819 0.921340 0.386679 0.101371 -0.916626 0.856628 0.074981 0.510457 -0.106930 0.195246 -0.974908 -0.450977 0.863896 0.224284 
-0.837165 -0.537882 -0.099183 -0.341359 0.934952 -0.096635 0.435145 -0.886556 -0.157060 0.388683 0.027620 0.920958 0.389927 0.096122 -0.915815 0.854842 0.077540 0.513063 -0.104011 0.188946 -0.976464 -0.452292 0.864979 0.217354 
-0.836907 -0.538427 -0.098405 0.436782 -0.886875 -0.150580 -0.340781 0.934195 -0.105585 0.392610 0.090931 -0.915199 -0.102097 0.182794 -0.977836 -0.453246 0.866048 0.211022 0.389076 0.035322 0.920528 0.853117 0.080286 0.515506 
-0.837069 -0.538392 -0.097207 0.440729 -0.885914 -0.144618 -0.340338 0.933259 -0.114877 0.394962 0.084961 -0.914760 0.827674 0.081094 0.555320 -0.100250 0.175499 -0.979362 -0.454180 0.867308 0.203708 
-0.836758 -0.539095 -0.095978 0.442939 -0.886002 -0.137131 -0.340494 0.932034 -0.124005 0.397195 0.078025 -0.914412 0.825919 0.085473 0.557272 -0.098210 0.167522 -0.980964 -0.455252 0.868588 0.195704 
-0.836570 -0.539668 -0.094390 0.446255 -0.885485 -0.129510 -0.340789 0.930527 -0.134097 0.399441 0.070089 -0.914076 0.824100 0.090369 0.559189 -0.096079 0.158192 -0.982723 -0.456528 0.869950 0.186465 
-0.836127 -0.540675 -0.092531 0.448740 -0.885407 -0.121189 -0.341654 0.928600 -0.144825 0.401775 0.061074 -0.913699 0.822019 0.096384 0.561244 -0.093490 0.147386 -0.984651 -0.458140 0.871340 0.175712 
-0.835613 -0.541855 -0.090247 0.452659 -0.884608 -0.112107 0.932110 0.117545 0.342571 -0.342616 0.926208 -0.157332 -0.460085 0.872680 0.163561 
-0.834926 -0.543311 -0.087818 0.457112 -0.883593 -0.101554 0.930252 0.123103 0.345655 -0.344213 0.923142 -0.171249 -0.462430 0.873907 0.149817 
-0.345904 0.919464 -0.186910 -0.833915 -0.545304 -0.085028 0.460549 -0.883203 -0.088586 0.928138 0.129654 0.348927 -0.464811 0.875050 0.135051 
-0.347859 0.915123 -0.203824 -0.833033 -0.547135 -0.081847 0.464364 -0.882444 -0.075229 0.925896 0.137003 0.352060 -0.466800 0.876259 0.119446 
-0.350136 0.910022 -0.221957 -0.832098 -0.549047 -0.078485 0.468765 -0.881168 -0.061661 0.923387 0.145186 0.355356 -0.469076 0.877212 0.102309 
0.580267 0.242470 -0.777495 0.785507 0.586849 0.196436 -0.472377 0.877443 0.083389 -0.352341 0.904435 -0.240526 0.067751 -0.965715 -0.250607 -0.507382 -0.859777 0.057857 -0.830723 -0.551600 -0.075080 
0.612127 0.242520 -0.752652 0.787774 0.582704 0.199671 -0.475813 0.877318 0.062575 -0.354433 0.898032 -0.260608 0.027827 -0.957826 -0.286000 -0.517062 -0.853976 0.058062 -0.829155 -0.554452 -0.071309 
0.635196 0.245387 -0.732333 0.789430 0.579310 0.202976 -0.479305 0.876767 0.039325 -0.356554 0.890466 -0.282736 -0.001249 -0.947858 -0.318691 -0.525966 -0.848492 0.058497 -0.827611 -0.557286 -0.067020 
0.653064 0.250851 -0.714550 0.790719 0.576308 0.206476 -0.481826 0.876120 0.016035 -0.358277 0.881868 -0.306505 -0.025003 -0.935886 -0.351416 -0.534942 -0.842833 0.058907 -0.826271 -0.559727 -0.063100 
