2.600554 2.939124 0.004534 2.626490 2.846328 0.004400 2.507136 2.914772 0.004616 2.490645 2.753554 0.004456 
2.600984 2.938768 0.004389 2.626183 2.845757 0.004348 2.506841 2.914216 0.004470 2.491050 2.753200 0.004452 
2.601194 2.938648 0.004444 2.626218 2.845822 0.004405 2.506875 2.914280 0.004515 2.491255 2.753077 0.004495 
2.602369 2.937911 0.004351 2.626125 2.845510 0.004478 2.506792 2.913982 0.004392 2.492386 2.752332 0.004618 
2.602731 2.937739 0.004453 2.626837 2.846775 0.004499 2.507490 2.915240 0.004459 2.492730 2.752160 0.004538 
2.603230 2.937420 0.004407 2.627009 2.847151 0.004438 2.507652 2.915605 0.004522 2.493229 2.751824 0.004639 
2.605073 2.936364 0.004458 2.627565 2.848115 0.004486 2.508197 2.916561 0.004563 2.495026 2.750741 0.004668 
2.605558 2.936000 0.004194 2.627514 2.848399 0.004108 2.508136 2.916831 0.004621 2.495515 2.750354 0.004694 
2.608614 2.934340 0.004355 2.628892 2.850833 0.004121 2.509476 2.919232 0.004720 2.498513 2.748638 0.004448 
2.609954 2.933435 0.004045 2.628891 2.851367 0.003646 2.509485 2.919782 0.004844 2.499781 2.747728 0.004422 
2.614252 2.931051 0.004204 2.630210 2.853762 0.003685 2.510763 2.922135 0.005076 2.504006 2.745258 0.004272 
2.619273 2.928180 0.004272 2.631065 2.855243 0.003805 2.511592 2.923590 0.005210 2.508927 2.742297 0.004336 
2.625506 2.924593 0.004265 2.632201 2.857175 0.003918 2.512712 2.925524 0.005171 2.514984 2.738628 0.004339 
2.631013 2.921484 0.004323 2.634211 2.860764 0.003954 2.514668 2.929067 0.005282 2.520376 2.735423 0.004142 
2.632905 2.920373 0.004571 2.636336 2.864336 0.004051 2.516806 2.932693 0.006210 2.522074 2.734373 0.004461 
2.629741 2.922199 0.005162 2.638945 2.868757 0.004133 2.519459 2.937175 0.008108 2.518785 2.736371 0.005115 
2.623649 2.924511 0.006179 2.642203 2.873559 0.004210 2.524665 2.945194 0.010530 2.507666 2.741986 0.006213 
2.616618 2.930323 0.007758 2.646406 2.876748 0.004334 2.530317 2.950504 0.013180 2.497425 2.750187 0.008318 
2.612233 2.933937 0.008907 2.645877 2.876200 0.004698 2.530705 2.951172 0.015094 2.491324 2.755122 0.011404 
2.616435 2.930611 0.008272 2.645168 2.874551 0.005040 2.529205 2.948367 0.014740 2.497392 2.750439 0.012616 
2.620319 2.926639 0.007646 2.643398 2.869974 0.005549 2.525459 2.940639 0.014436 2.506303 2.743164 0.014130 
2.516891 2.927197 0.018271 2.860432 3.140994 0.019786 2.625043 2.993516 0.015762 2.504192 2.744561 0.020124 2.841360 2.682338 0.011889 2.675717 2.745598 0.013534 
2.514591 2.929898 0.026244 2.872410 3.131083 0.012382 2.597594 2.990975 0.022000 2.502736 2.750187 0.027215 2.835809 2.679896 0.012537 2.658330 2.745334 0.019124 
2.508444 2.940708 0.032485 2.878590 3.126387 0.007761 2.573822 2.994989 0.028566 2.495998 2.759520 0.030799 2.829625 2.674130 0.014417 2.643454 2.750363 0.022045 
2.497927 2.950923 0.033511 2.877731 3.128146 0.006635 2.564384 3.002740 0.029855 2.481598 2.769351 0.029256 2.828529 2.673941 0.013423 2.637656 2.757907 0.019682 
2.489303 2.953662 0.029308 2.877036 3.128158 0.005034 2.563477 3.005874 0.025729 2.470695 2.772376 0.024183 2.831198 2.675871 0.009419 2.636048 2.760449 0.014794 
2.872602 3.132196 0.005005 2.485919 2.949742 0.022352 2.566796 3.004108 0.019401 2.467578 2.768973 0.017661 2.833966 2.677473 0.005020 2.635562 2.758186 0.009766 
2.487963 2.948080 0.016639 2.867223 3.137286 0.005252 2.565907 3.000891 0.014915 2.469483 2.765493 0.011503 2.831396 2.673585 0.003800 2.634929 2.755275 0.005675 
2.863328 3.140888 0.005360 2.486485 2.945547 0.014446 2.558829 2.999380 0.013429 2.470975 2.764503 0.009354 2.830032 2.670805 0.002908 2.626419 2.753510 0.004951 
2.862987 3.140938 0.005576 2.483371 2.940280 0.012080 2.553300 2.998472 0.011548 2.473672 2.762952 0.008084 2.828610 2.669968 0.003715 2.619439 2.752376 0.005475 
2.480618 2.935643 0.009385 2.853651 3.148656 0.007194 2.546283 2.997827 0.009286 2.477081 2.760995 0.006763 2.819848 2.675651 0.001337 2.608934 2.751748 0.005304 
2.839127 3.160180 0.009346 2.478242 2.931621 0.006384 2.539077 2.997143 0.006621 2.481310 2.758566 0.005475 2.808688 2.684169 -0.001804 2.597810 2.751262 0.004982 
2.827299 3.169521 0.011875 2.476298 2.928163 0.004979 2.532106 2.995924 0.005364 2.478200 2.760349 0.004988 2.800188 2.690900 -0.002853 2.590094 2.750835 0.005071 
2.822121 3.175238 0.015775 2.475263 2.926678 0.005005 2.528943 2.995452 0.005671 2.468405 2.766062 0.004664 2.797022 2.694205 -0.000810 2.588805 2.751357 0.005262 
2.826600 3.174854 0.019953 2.474581 2.925274 0.004307 2.532307 2.996364 0.005524 2.463099 2.769149 0.004044 2.800576 2.693875 0.004298 2.592843 2.752259 0.006160 
2.834778 3.171129 0.024434 2.474131 2.924315 0.004196 2.537395 2.997507 0.006167 2.457412 2.772484 0.003847 2.807200 2.690774 0.011409 2.598910 2.753099 0.007848 
2.473260 2.922731 0.004253 2.844347 3.165187 0.028754 2.542996 2.998510 0.007030 2.451394 2.775928 0.003963 2.814016 2.686171 0.019429 2.605281 2.753568 0.010069 
2.472663 2.921621 0.004307 2.851836 3.159711 0.032544 2.547324 2.999082 0.007856 2.447204 2.778313 0.004200 2.819071 2.681932 0.027041 2.610148 2.753682 0.012522 
2.472629 2.921010 0.004364 2.854927 3.157023 0.035587 2.549504 2.999064 0.008447 2.444941 2.779503 0.004586 2.821440 2.679830 0.033028 2.612321 2.753480 0.014888 
2.472729 2.921123 0.004419 2.854282 3.156443 0.037613 2.549495 2.998970 0.008768 2.444484 2.779736 0.005095 2.821210 2.679355 0.037782 2.612362 2.753407 0.017059 
2.459997 2.925427 0.019481 2.855633 3.160332 0.036656 2.515114 2.997551 0.020779 2.434564 2.781686 0.020393 2.822323 2.680833 0.037988 2.580970 2.751717 0.027373 
2.440872 2.922908 0.030937 2.861220 3.166669 0.031286 2.484426 2.991664 0.029751 2.420189 2.775941 0.034692 2.830103 2.684431 0.033346 2.547997 2.746660 0.038852 
2.400336 2.917542 0.045717 2.872212 3.178494 0.022507 2.449656 2.988949 0.041491 2.400088 2.761087 0.054179 2.842959 2.692539 0.021027 2.507905 2.742112 0.054570 
2.364496 2.922064 0.052539 2.877454 3.190799 0.007059 2.421860 2.991764 0.046561 2.405826 2.742116 0.066109 2.853516 2.693934 0.005880 2.475336 2.742153 0.064448 
2.319334 2.929230 0.091645 2.834735 3.228646 0.000268 2.375079 2.994246 0.082498 2.836431 2.666640 0.004047 2.246740 2.796951 0.108830 2.451405 2.748609 0.067891 
2.807092 3.251731 -0.001024 2.318515 2.932146 0.115713 2.346330 2.983282 0.109818 2.827146 2.651158 0.003348 2.186608 2.819555 0.158033 2.431792 2.741665 0.077536 
2.777610 3.272165 -0.001632 2.325070 2.946513 0.128288 2.325668 2.976464 0.128719 2.826270 2.639893 0.003887 2.180859 2.817169 0.170288 2.414854 2.736933 0.085458 
2.751780 3.284966 -0.004707 2.332189 2.952971 0.113889 2.320602 2.980264 0.117012 2.832621 2.633180 0.007446 2.187813 2.819802 0.149941 2.413044 2.741285 0.071750 
2.726278 3.295725 -0.009228 2.332786 2.963316 0.093967 2.317315 2.991719 0.097970 2.839546 2.626814 0.012302 2.184445 2.829311 0.127065 2.413992 2.753769 0.048368 
2.707161 3.304288 -0.013825 2.330165 2.965416 0.067873 2.318795 3.000151 0.070946 2.843214 2.621382 0.016070 2.178373 2.835465 0.100395 2.417908 2.762633 0.022240 
2.690914 3.312626 -0.018526 2.322639 2.957073 0.047746 2.316253 3.002049 0.049428 2.843532 2.615685 0.018633 2.168547 2.836246 0.083682 2.414474 2.763961 0.005225 
2.320150 2.952760 0.039758 2.681413 3.303432 -0.032256 2.299952 3.000537 0.041882 2.843491 2.608276 0.029990 2.172208 2.836595 0.067520 2.396856 2.760433 0.004684 
2.317192 2.950861 0.031350 2.676331 3.292006 -0.041093 2.285249 2.999529 0.033019 2.826371 2.594826 0.048460 2.174109 2.835455 0.051334 2.380610 2.757516 0.003531 
2.315440 2.951071 0.022644 2.674554 3.289738 -0.040148 2.278398 2.999408 0.022264 2.816098 2.592343 0.068072 2.175093 2.835079 0.035523 2.372744 2.756301 0.001960 
2.314675 2.952437 0.014328 2.676530 3.291254 -0.032981 2.278320 2.999692 0.010977 2.812462 2.595861 0.094167 2.173768 2.835487 0.021113 2.373689 2.756439 0.000704 
2.314660 2.954434 0.006166 2.679532 3.296486 -0.020226 2.283073 3.000230 -0.000080 2.810210 2.603710 0.124284 2.170941 2.836436 0.007034 2.379944 2.757471 0.000535 
2.315434 2.956236 0.004858 2.679000 3.300479 -0.005613 2.284720 2.999936 -0.004195 2.808501 2.612230 0.162219 2.165617 2.838379 -0.000241 2.384010 2.758103 0.006815 
2.315754 2.958421 0.004867 2.679790 3.301162 0.012808 2.287317 3.000199 -0.006675 2.797599 2.617529 0.205166 2.164470 2.838764 -0.007828 2.386606 2.759048 0.016328 
2.315979 2.960581 0.004880 2.679587 3.304056 0.034625 2.291747 3.000707 -0.008455 2.782359 2.624867 0.248091 2.163485 2.839268 -0.015804 2.389580 2.760508 0.027190 
2.315469 2.961442 0.004895 2.676654 3.306759 0.055844 2.295816 3.001166 -0.009827 2.763481 2.633133 0.291819 2.162595 2.840448 -0.024108 2.390396 2.762043 0.039243 
2.315045 2.962165 0.004955 2.672826 3.307700 0.076303 2.298742 3.001477 -0.011226 2.738697 2.640845 0.335216 2.163580 2.840664 -0.032535 2.388552 2.763645 0.051342 
2.314827 2.963204 0.005060 2.667426 3.307811 0.095394 2.300310 3.001438 -0.013067 2.708556 2.649281 0.377781 2.166333 2.839944 -0.040939 2.384263 2.765341 0.063150 
2.314685 2.964540 0.005152 2.658405 3.309261 0.112346 2.300623 3.000872 -0.015693 2.673779 2.659854 0.417737 2.170030 2.838870 -0.049522 2.377468 2.767053 0.074164 
2.314452 2.965920 0.005184 2.646018 3.312315 0.127909 2.300608 2.999924 -0.018889 2.633949 2.672606 0.454688 2.174592 2.837695 -0.058391 2.368493 2.768891 0.084481 
2.307146 2.965017 0.009436 2.641957 3.311545 0.148315 2.299744 3.003297 -0.013383 2.168462 2.838562 -0.056509 2.595308 2.682127 0.490909 2.362305 2.775770 0.101622 
2.298307 2.968914 0.023619 2.626179 3.326530 0.154913 2.289718 3.006702 -0.002264 2.157225 2.842527 -0.044009 2.580277 2.702115 0.516174 2.351625 2.782784 0.119762 
2.291598 2.975951 0.034183 2.611654 3.345268 0.162863 2.284485 3.013652 0.008297 2.149664 2.848391 -0.034794 2.571327 2.726210 0.536797 2.345787 2.793089 0.135995 
2.285628 2.994490 0.039349 2.596933 3.367676 0.170086 2.278165 3.029298 0.014520 2.143229 2.862471 -0.032585 2.566593 2.749955 0.547166 2.341869 2.809872 0.143032 
2.279308 3.020659 0.038631 2.581612 3.393714 0.175064 2.270492 3.051685 0.015083 2.136361 2.883539 -0.037392 2.563858 2.771097 0.544310 2.338146 2.831302 0.140016 
2.271293 3.050569 0.032867 2.566465 3.420682 0.177292 2.260839 3.078407 0.010269 2.127605 2.910650 -0.048455 2.560990 2.788417 0.530858 2.332110 2.855290 0.128253 
2.260898 3.080869 0.021457 2.553799 3.445500 0.176809 2.249161 3.107423 -0.000484 2.116044 2.941518 -0.065292 2.554998 2.800240 0.507527 2.322898 2.880402 0.108325 
2.252225 3.103086 0.010789 2.544426 3.462798 0.167746 2.237032 3.128728 -0.013868 2.543759 2.808764 0.483500 2.109923 2.963204 -0.076440 2.310519 2.899325 0.089721 
2.243605 3.106313 0.006387 2.536637 3.465506 0.142217 2.223983 3.129397 -0.023207 2.099286 2.965088 -0.076749 2.530427 2.820767 0.483693 2.296654 2.902688 0.087383 
2.240142 3.107490 0.006162 2.533670 3.463623 0.117336 2.215300 3.125455 -0.028779 2.099344 2.960833 -0.069770 2.518794 2.838935 0.495656 2.285836 2.903826 0.093699 
2.238991 3.106726 0.007989 2.536249 3.462748 0.102016 2.213673 3.123692 -0.029545 2.100786 2.958530 -0.060107 2.505591 2.860877 0.513663 2.279363 2.908232 0.106138 
2.237481 3.104847 0.010479 2.544720 3.462085 0.095282 2.216865 3.124082 -0.026405 2.100238 2.957074 -0.048718 2.490473 2.888545 0.538276 2.276579 2.916770 0.124057 
2.099373 2.956239 -0.034250 1.176095 3.799386 0.211663 1.618460 3.058687 0.177352 1.749849 3.179118 0.138895 2.474621 2.922634 0.565101 2.275800 2.929450 0.145538 2.557481 3.462128 0.093813 1.868071 3.508753 0.332085 
2.093568 2.954407 -0.016661 1.215613 3.829331 0.161901 1.608531 3.068641 0.216023 1.751873 3.193355 0.140553 2.481939 2.971810 0.587477 2.283264 2.945919 0.168152 2.564153 3.470328 0.076579 1.873352 3.538542 0.307996 
2.090369 2.952828 0.005851 1.246702 3.857558 0.118290 1.592516 3.084056 0.241779 1.754220 3.208520 0.146682 2.501432 3.029302 0.595576 2.286489 2.960752 0.189211 2.558446 3.482851 0.040134 1.879370 3.571374 0.279318 
2.090338 2.953916 0.030037 1.264756 3.876791 0.077924 1.867273 3.608402 0.340700 1.581752 3.103286 0.262986 1.757251 3.224401 0.154330 2.519129 3.087622 0.596696 2.290438 2.978612 0.207094 
2.091827 2.959103 0.052252 1.268599 3.884906 0.039294 1.873230 3.640956 0.307603 1.581813 3.125771 0.282417 1.760724 3.240090 0.160488 2.536839 3.146592 0.591246 2.296475 3.000400 0.220813 
2.095294 2.967982 0.072857 1.263552 3.883392 0.001000 1.878010 3.668816 0.272450 1.590325 3.151277 0.302284 1.765019 3.255609 0.165174 2.554297 3.205575 0.579827 2.304435 3.025334 0.231028 
2.100867 2.980020 0.093277 1.255132 3.876073 -0.036762 1.882268 3.693945 0.234715 1.602734 3.180365 0.321809 1.770423 3.272111 0.169279 2.572046 3.266163 0.562430 2.313983 3.053101 0.239023 
2.106214 2.992275 0.123505 1.264467 3.875604 -0.074659 1.890763 3.720047 0.189164 1.611079 3.210391 0.341359 1.780219 3.290651 0.175423 2.607603 3.334151 0.539267 2.327895 3.079919 0.254740 
2.113349 3.003579 0.157050 1.306999 3.879045 -0.121168 1.901745 3.739831 0.145857 1.601953 3.239722 0.364960 1.792137 3.308412 0.179237 2.635364 3.385017 0.518271 2.342729 3.104024 0.273479 
2.123786 3.016705 0.186494 1.349560 3.872596 -0.161204 1.911540 3.750989 0.110213 1.592726 3.269738 0.389608 1.805074 3.323972 0.181850 2.654621 3.424592 0.502345 2.357512 3.126272 0.286910 
2.135034 3.031036 0.212624 1.378872 3.856236 -0.189048 1.917250 3.755810 0.083291 1.588192 3.298862 0.415328 1.815958 3.336008 0.187383 2.670441 3.460658 0.488526 2.370293 3.147264 0.298699 
2.146513 3.046964 0.239600 1.376513 3.833551 -0.198532 1.919544 3.755374 0.080350 1.597695 3.323828 0.441456 1.823102 3.345835 0.201445 2.666148 3.491318 0.504217 2.379327 3.167323 0.314186 
2.153345 3.063295 0.271590 1.346113 3.812572 -0.191523 1.918244 3.754518 0.083694 1.622115 3.343578 0.460627 1.825217 3.354382 0.225351 2.667715 3.518419 0.511763 2.381293 3.185972 0.341399 
2.154496 3.079618 0.301930 1.312199 3.799368 -0.176713 1.914554 3.758141 0.088125 1.647314 3.362692 0.472022 1.823869 3.364426 0.248988 2.667222 3.548134 0.517351 2.382018 3.207511 0.366619 
2.154957 3.096490 0.328282 1.288082 3.794304 -0.164358 1.910744 3.766571 0.090940 1.662613 3.382077 0.480200 1.821972 3.377824 0.268565 2.665878 3.578690 0.521034 2.382462 3.229797 0.387206 
2.155206 3.113583 0.352360 1.274469 3.793593 -0.158736 1.908166 3.777686 0.091799 1.667202 3.402121 0.489641 1.820347 3.393740 0.285324 2.405624 3.281689 0.379814 2.664367 3.607509 0.523032 2.471442 3.361893 -0.047101 
2.155532 3.130632 0.373990 1.266882 3.793732 -0.157867 1.906670 3.789232 0.091146 1.666196 3.423132 0.500457 1.819144 3.410520 0.299489 2.404599 3.300733 0.394964 2.515857 3.419799 -0.156035 2.544915 3.470074 0.425152 
2.154413 3.146523 0.394074 1.258921 3.793444 -0.156858 1.905529 3.800413 0.092530 1.664289 3.444623 0.511222 1.816873 3.426636 0.312947 2.518530 3.418465 -0.143916 2.401756 3.317818 0.410597 2.544465 3.488436 0.433011 
1.899551 3.811853 0.125620 1.662506 3.465956 0.520572 1.813471 3.442604 0.325557 2.522474 3.417197 -0.128110 2.327091 3.250061 0.294537 2.151636 3.162113 0.412842 
1.898749 3.823491 0.129551 1.662881 3.487250 0.527831 1.809947 3.458891 0.337850 2.526171 3.415943 -0.111999 2.323858 3.261524 0.311488 2.176533 3.196108 0.222623 
1.898117 3.834779 0.131379 1.663851 3.507407 0.532182 1.806342 3.475450 0.348850 2.528782 3.414128 -0.097243 2.320433 3.273306 0.327980 2.174663 3.205048 0.240463 
1.897575 3.844317 0.129139 1.663405 3.524473 0.531760 1.802295 3.491573 0.356908 2.529716 3.410896 -0.083701 2.316195 3.285158 0.344464 2.171332 3.213967 0.258036 
1.896826 3.851030 0.121790 2.529996 3.407010 -0.069808 2.167315 3.223356 0.275376 2.311334 3.297491 0.360944 1.658294 3.540799 0.529283 1.797931 3.506456 0.360916 
1.895743 3.854852 0.111129 2.530255 3.403238 -0.054770 2.253468 3.302032 0.347837 2.162790 3.233235 0.292432 2.306019 3.310348 0.377146 1.650373 3.559174 0.526724 1.793138 3.519662 0.361923 
1.894425 3.856680 0.098416 2.530436 3.400416 -0.038898 1.640720 3.579049 0.523502 1.823618 3.511827 0.232400 2.158017 3.244118 0.309544 2.300385 3.324413 0.393378 
1.889817 3.860775 0.104038 2.531046 3.399305 -0.021907 1.211825 3.784476 -0.181206 1.823883 3.518478 0.221105 2.153551 3.256496 0.326751 2.294335 3.339646 0.409629 
1.885380 3.864451 0.107771 2.531737 3.399614 -0.004979 1.181848 3.792703 -0.160178 1.818170 3.527176 0.232333 2.149287 3.269658 0.343276 2.288147 3.355503 0.425288 
1.880819 3.868083 0.112302 2.532484 3.400985 0.011415 1.155534 3.798882 -0.136260 1.812636 3.535775 0.243305 2.145109 3.282813 0.358382 2.282335 3.371323 0.439288 
2.533250 3.403138 0.026452 1.880013 3.873355 0.179680 2.579398 3.878423 0.569031 1.133424 3.804404 -0.111792 1.807580 3.544051 0.253311 2.141075 3.295309 0.371644 2.277100 3.386324 0.451238 
2.534331 3.406261 0.039259 1.876449 3.878667 0.182536 2.572003 3.896774 0.569424 1.118577 3.808064 -0.093912 1.804120 3.551092 0.261768 2.137481 3.306213 0.383242 2.273161 3.398924 0.460895 
2.535611 3.409416 0.046173 1.875826 3.882886 0.182183 2.569500 3.910519 0.566919 1.116948 3.807313 -0.090347 1.804436 3.556413 0.265997 2.138821 3.314165 0.390262 2.273430 3.407422 0.465687 
2.536658 3.410918 0.046910 2.216269 3.371293 0.411257 1.876902 3.886115 0.179795 2.573626 3.919643 0.559489 1.116023 3.806519 -0.086214 1.806188 3.560000 0.268740 
2.537048 3.411141 0.044994 2.220000 3.375836 0.413002 1.878464 3.888293 0.176888 2.579906 3.925337 0.550966 1.114035 3.806429 -0.081312 1.808236 3.562606 0.271047 
2.537004 3.410627 0.042986 2.223029 3.379158 0.414511 1.879955 3.889751 0.174658 2.585296 3.928791 0.544144 1.112082 3.806396 -0.077115 1.810124 3.564588 0.273007 
2.536945 3.410328 0.042069 2.225026 3.381159 0.415548 1.881048 3.890750 0.173359 2.588242 3.931133 0.540293 1.111333 3.805909 -0.075422 1.811643 3.565928 0.274171 
2.537263 3.410723 0.041426 2.226577 3.382205 0.415851 1.881722 3.891489 0.172411 2.589709 3.932757 0.538188 1.111169 3.805582 -0.075278 1.812758 3.566580 0.274542 
2.537619 3.411216 0.040923 2.227557 3.382371 0.415694 1.882039 3.891960 0.172012 2.590156 3.933366 0.537510 1.111047 3.805393 -0.075635 1.813435 3.566712 0.274471 
2.537894 3.411576 0.040389 2.227910 3.381640 0.415070 1.882059 3.891930 0.171942 2.589907 3.932743 0.538025 1.110975 3.805579 -0.076527 1.813669 3.566217 0.273884 
2.538000 3.411646 0.039720 2.227573 3.379847 0.413860 1.881836 3.891309 0.172284 2.589092 3.930582 0.539746 1.111022 3.806017 -0.077882 1.813439 3.565010 0.272770 
2.537927 3.411412 0.038921 2.226529 3.376917 0.412011 1.881385 3.890103 0.173130 2.587656 3.926773 0.542760 1.111218 3.806599 -0.079705 1.812750 3.563075 0.271125 
2.537783 3.411033 0.037854 1.880740 3.888390 0.174340 2.585637 3.921403 0.546928 1.111518 3.807397 -0.082155 1.811749 3.560415 0.268853 2.149157 3.319591 0.393859 2.287300 3.416527 0.464490 
2.537606 3.410560 0.036472 1.879903 3.886164 0.175874 2.583009 3.914416 0.552217 1.111919 3.808461 -0.085307 1.810471 3.557015 0.265878 2.147285 3.314611 0.389423 2.285086 3.410638 0.461941 
2.537392 3.409997 0.034758 1.878856 3.883376 0.177735 2.579712 3.905662 0.558640 1.112440 3.809832 -0.089191 1.808906 3.552855 0.262125 2.144993 3.308520 0.383828 2.282351 3.403381 0.458667 
2.537143 3.409346 0.032698 1.877580 3.879969 0.179939 2.575647 3.894945 0.566231 1.113113 3.811548 -0.093869 1.807053 3.547911 0.257494 2.142276 3.301281 0.376924 2.279055 3.394665 0.454544 
2.536629 3.408050 0.031383 1.877169 3.875882 0.182238 2.572747 3.882882 0.575001 1.114136 3.813783 -0.099712 1.806405 3.543142 0.253245 2.140000 3.294724 0.371440 2.275192 3.385858 0.451913 
2.536260 3.407951 0.029385 1.877731 3.872946 0.184040 2.570071 3.872681 0.583066 1.116816 3.814739 -0.107873 1.807734 3.539765 0.249227 2.141313 3.289772 0.366451 2.273714 3.378957 0.449783 
1.875713 3.873522 0.120232 2.537250 3.410904 0.024749 1.121607 3.814148 -0.117331 1.809793 3.537007 0.244999 2.144213 3.285371 0.360723 2.275992 3.373746 0.445170 
1.876649 3.875061 0.117605 2.538648 3.414948 0.018263 1.812405 3.535041 0.241635 2.148325 3.281840 0.354723 2.280365 3.369996 0.439354 1.129288 3.812940 -0.129007 1.725780 3.567781 0.417377 
1.877819 3.877708 0.115210 2.540176 3.419435 0.010661 1.815689 3.533563 0.237942 2.153186 3.279160 0.348744 2.285962 3.367401 0.432841 1.137475 3.808209 -0.139722 1.714640 3.564472 0.428565 
1.879372 3.879918 0.112007 2.541549 3.423405 0.002530 1.819329 3.532410 0.234350 2.158215 3.277168 0.343069 2.292022 3.365567 0.426081 1.147433 3.802247 -0.150042 1.704594 3.564094 0.440016 
1.881029 3.879666 0.107671 2.542081 3.425159 -0.005467 1.823117 3.530468 0.230793 2.163002 3.275746 0.337776 2.297674 3.364184 0.419762 1.158965 3.793523 -0.159886 1.696179 3.564907 0.450480 
1.882071 3.877534 0.104439 2.542551 3.426051 -0.012771 1.825413 3.527041 0.228422 2.165766 3.273065 0.333876 2.302909 3.362502 0.415021 1.167479 3.785549 -0.165246 1.693288 3.565740 0.456169 
1.882649 3.874373 0.103820 2.541978 3.425273 -0.016567 1.826372 3.523881 0.226552 2.166482 3.270481 0.330789 2.304015 3.359404 0.412256 1.172492 3.780229 -0.168652 1.691469 3.565359 0.459270 
1.883042 3.871813 0.103294 2.541180 3.424052 -0.019123 1.827022 3.521739 0.225141 2.166777 3.268647 0.328689 2.304350 3.357102 0.410672 1.175950 3.777729 -0.171167 1.690475 3.564058 0.460354 
1.883234 3.870269 0.102968 2.540798 3.423450 -0.020676 1.827444 3.520366 0.224175 2.166955 3.267436 0.327294 2.304604 3.355609 0.409582 1.177985 3.776457 -0.172703 1.689907 3.562755 0.460674 
1.883257 3.869547 0.102798 2.540727 3.423369 -0.021395 1.827653 3.519637 0.223672 2.167076 3.266842 0.326574 2.304830 3.354918 0.408951 1.178852 3.775822 -0.173384 1.689772 3.561975 0.460679 
1.883252 3.869451 0.102814 2.540727 3.423359 -0.021423 1.827662 3.519554 0.223634 2.167077 3.266786 0.326512 2.304822 3.354841 0.408908 1.179075 3.775623 -0.173531 1.689675 3.562018 0.460806 
1.883118 3.869534 0.102943 2.540748 3.423337 -0.020864 1.827487 3.519848 0.223968 2.166912 3.267174 0.327035 2.304580 3.355295 0.409416 1.179154 3.775431 -0.173406 1.689962 3.563054 0.460973 
1.882864 3.869657 0.103248 2.540801 3.423299 -0.019771 1.827156 3.520419 0.224615 2.166616 3.267926 0.328034 2.304109 3.356156 0.410386 1.179160 3.775134 -0.172845 1.691308 3.565654 0.461122 
1.882505 3.869907 0.103645 2.540860 3.423300 -0.018376 1.826690 3.521237 0.225539 2.166237 3.268981 0.329403 2.303556 3.357411 0.411669 1.178981 3.774615 -0.171817 1.693498 3.569727 0.461367 
1.882087 3.870175 0.104010 2.540931 3.423318 -0.016702 1.826146 3.522198 0.226596 2.165784 3.270275 0.331063 2.302893 3.358949 0.413218 1.178751 3.774245 -0.170786 1.695363 3.573344 0.461362 
1.881626 3.870228 0.104144 2.540994 3.423329 -0.014897 1.178830 3.774510 -0.170341 2.165271 3.271671 0.332855 2.302142 3.360596 0.414918 1.825607 3.523112 0.227565 1.696230 3.574920 0.460712 
1.881178 3.870220 0.104299 2.541026 3.423287 -0.013199 1.178768 3.774867 -0.169766 2.164727 3.272961 0.334540 2.301394 3.362120 0.416523 1.825082 3.523957 0.228472 1.697420 3.576540 0.459889 
1.880820 3.870126 0.104449 2.541023 3.423198 -0.011833 1.178620 3.775245 -0.169137 1.825181 3.524388 0.227286 2.164225 3.273996 0.335924 2.300735 3.363331 0.417846 
1.880572 3.869991 0.104590 2.541012 3.423118 -0.010860 1.178260 3.775647 -0.168442 1.824838 3.524818 0.227812 2.163843 3.274712 0.336895 2.300228 3.364144 0.418773 
1.880433 3.869903 0.104667 2.540998 3.423071 -0.010318 1.178068 3.775883 -0.168040 1.824634 3.525067 0.228114 2.163618 3.275127 0.337459 2.299930 3.364612 0.419311 
1.880400 3.869835 0.104743 2.541004 3.423011 -0.010060 1.177947 3.776002 -0.167839 1.824563 3.525134 0.228212 2.163525 3.275248 0.337638 2.299777 3.364712 0.419504 
1.880403 3.869828 0.104758 2.541008 3.423005 -0.010043 1.177950 3.776001 -0.167839 1.824563 3.525125 0.228205 2.163525 3.275237 0.337624 2.299765 3.364689 0.419498 
1.880409 3.869822 0.104761 2.541008 3.423005 -0.010070 1.177956 3.775995 -0.167846 1.824571 3.525106 0.228187 2.163532 3.275210 0.337591 2.299773 3.364655 0.419469 
1.880420 3.869812 0.104762 2.541007 3.423004 -0.010116 1.177968 3.775988 -0.167860 1.824584 3.525077 0.228159 2.163545 3.275169 0.337540 2.299789 3.364604 0.419423 
1.880435 3.869792 0.104775 2.541010 3.422997 -0.010152 1.177994 3.775980 -0.167867 1.824602 3.525038 0.228122 2.163560 3.275116 0.337473 2.299798 3.364531 0.419367 
1.880458 3.869763 0.104811 2.540989 3.422974 -0.010144 1.178026 3.775972 -0.167867 1.824624 3.524990 0.228080 2.163576 3.275052 0.337396 2.299808 3.364436 0.419295 
1.880475 3.869744 0.104816 2.540990 3.422973 -0.010207 1.178051 3.775964 -0.167884 1.824645 3.524945 0.228036 2.163596 3.274991 0.337320 2.299828 3.364357 0.419228 
1.880491 3.869731 0.104815 2.540987 3.422972 -0.010272 1.178065 3.775955 -0.167901 1.824665 3.524905 0.227997 2.163615 3.274935 0.337250 2.299853 3.364288 0.419164 
1.880505 3.869720 0.104815 2.540987 3.422973 -0.010327 1.178078 3.775948 -0.167917 1.824681 3.524870 0.227964 2.163630 3.274887 0.337190 2.299872 3.364229 0.419110 
1.880515 3.869711 0.104816 2.540987 3.422973 -0.010370 1.178088 3.775942 -0.167929 1.824694 3.524843 0.227937 2.163643 3.274848 0.337143 2.299888 3.364181 0.419066 
1.880524 3.869704 0.104817 2.540986 3.422972 -0.010402 1.178096 3.775938 -0.167938 1.824704 3.524821 0.227917 2.163653 3.274818 0.337106 2.299898 3.364144 0.419033 
1.880532 3.869688 0.104844 2.540990 3.422960 -0.010382 1.178120 3.775929 -0.167949 1.824710 3.524801 0.227898 2.163654 3.274791 0.337071 2.299879 3.364091 0.419012 
1.880538 3.869677 0.104858 2.540992 3.422954 -0.010383 1.178136 3.775923 -0.167955 1.824716 3.524784 0.227881 2.163659 3.274768 0.337042 2.299873 3.364054 0.418991 
1.880544 3.869665 0.104874 2.540994 3.422948 -0.010382 1.178155 3.775917 -0.167965 1.824721 3.524766 0.227865 2.163662 3.274745 0.337012 2.299864 3.364014 0.418970 
1.880551 3.869646 0.104901 2.540999 3.422938 -0.010361 1.178186 3.775907 -0.167974 1.824725 3.524747 0.227846 2.163664 3.274719 0.336979 2.299843 3.363963 0.418951 
1.880558 3.869640 0.104902 2.540998 3.422937 -0.010389 1.178192 3.775904 -0.167983 1.824734 3.524728 0.227828 2.163672 3.274693 0.336947 2.299853 3.363931 0.418922 
1.880568 3.869634 0.104904 2.540967 3.422925 -0.010399 1.178192 3.775904 -0.167984 1.824744 3.524708 0.227810 2.163679 3.274666 0.336916 2.299877 3.363902 0.418882 
1.880579 3.869621 0.104930 2.540975 3.422921 -0.010393 1.178206 3.775898 -0.167994 1.824753 3.524685 0.227789 2.163686 3.274635 0.336877 2.299864 3.363846 0.418855 
1.880587 3.869609 0.104939 2.540976 3.422920 -0.010417 1.178221 3.775893 -0.168005 1.824761 3.524662 0.227766 2.163694 3.274602 0.336837 2.299867 3.363800 0.418822 
1.880596 3.869595 0.104953 2.540976 3.422916 -0.010433 1.178240 3.775885 -0.168015 1.824770 3.524637 0.227741 2.163702 3.274568 0.336793 2.299865 3.363747 0.418788 
1.880605 3.869580 0.104967 2.540977 3.422912 -0.010450 1.178262 3.775877 -0.168028 1.824779 3.524611 0.227715 2.163709 3.274532 0.336748 2.299862 3.363693 0.418753 
1.880615 3.869549 0.105009 2.540981 3.422900 -0.010435 1.178312 3.775861 -0.168045 1.824785 3.524578 0.227685 2.163710 3.274490 0.336695 2.299830 3.363612 0.418720 
1.880625 3.869534 0.105021 2.540981 3.422897 -0.010461 1.178330 3.775852 -0.168060 1.824796 3.524549 0.227656 2.163720 3.274449 0.336643 2.299832 3.363552 0.418678 
1.880634 3.869526 0.105021 2.540981 3.422898 -0.010498 1.178338 3.775849 -0.168069 1.824807 3.524525 0.227632 2.163731 3.274416 0.336602 2.299845 3.363510 0.418641 
1.880641 3.869511 0.105037 2.540981 3.422893 -0.010508 1.178361 3.775841 -0.168079 1.824815 3.524502 0.227610 2.163735 3.274385 0.336564 2.299836 3.363460 0.418613 
1.880647 3.869495 0.105054 2.540982 3.422888 -0.010514 1.178386 3.775835 -0.168087 1.824821 3.524481 0.227591 2.163738 3.274357 0.336529 2.299826 3.363413 0.418589 
1.880653 3.869479 0.105071 2.540981 3.422883 -0.010519 1.178412 3.775826 -0.168097 1.824827 3.524460 0.227571 2.163740 3.274329 0.336495 2.299814 3.363366 0.418566 
1.880659 3.869464 0.105088 2.540982 3.422878 -0.010524 1.178422 3.775837 -0.168095 1.824833 3.524440 0.227550 2.163742 3.274301 0.336459 2.299802 3.363318 0.418542 
1.880665 3.869458 0.105087 2.540981 3.422878 -0.010551 1.178426 3.775835 -0.168101 1.824843 3.524422 0.227533 2.163749 3.274276 0.336429 2.299810 3.363286 0.418516 
1.880672 3.869441 0.105106 2.540984 3.422873 -0.010554 1.178454 3.775825 -0.168100 1.824849 3.524402 0.227516 2.163751 3.274251 0.336397 2.299801 3.363242 0.418493 
1.880683 3.869384 0.105182 2.540981 3.422851 -0.010519 1.178514 3.775760 -0.168154 1.824847 3.524348 0.227477 2.163738 3.274191 0.336328 2.299726 3.363116 0.418459 
1.880694 3.869369 0.105190 2.540981 3.422849 -0.010551 1.178532 3.775752 -0.168165 1.824860 3.524319 0.227450 2.163746 3.274151 0.336279 2.299731 3.363060 0.418419 
1.880702 3.869360 0.105196 2.540980 3.422846 -0.010577 1.178545 3.775746 -0.168180 1.824870 3.524296 0.227427 2.163753 3.274119 0.336239 2.299732 3.363014 0.418387 
1.880717 3.869337 0.105246 2.540974 3.422833 -0.010532 1.178560 3.775744 -0.168180 1.824878 3.524271 0.227408 2.163753 3.274088 0.336205 2.299705 3.362948 0.418364 
1.880724 3.869325 0.105258 2.540972 3.422830 -0.010551 1.178575 3.775736 -0.168196 1.824885 3.524248 0.227384 2.163758 3.274054 0.336163 2.299699 3.362896 0.418333 
1.880735 3.869303 0.105301 2.540962 3.422819 -0.010520 1.178596 3.775730 -0.168204 1.824889 3.524223 0.227364 2.163754 3.274022 0.336128 2.299674 3.362832 0.418308 
1.880742 3.869276 0.105334 2.540959 3.422812 -0.010520 1.178635 3.775714 -0.168222 1.824891 3.524193 0.227338 2.163749 3.273983 0.336082 2.299646 3.362762 0.418278 
1.880749 3.869270 0.105335 2.540959 3.422811 -0.010547 1.178643 3.775711 -0.168231 1.824901 3.524174 0.227320 2.163756 3.273957 0.336050 2.299653 3.362728 0.418251 
1.880755 3.869250 0.105355 2.540959 3.422808 -0.010553 1.178670 3.775703 -0.168236 1.824906 3.524152 0.227301 2.163755 3.273930 0.336017 2.299640 3.362681 0.418228 
1.880762 3.869214 0.105403 2.540952 3.422791 -0.010545 1.178718 3.775683 -0.168266 1.824903 3.524118 0.227272 2.163741 3.273883 0.335965 2.299591 3.362591 0.418199 
1.880775 3.869197 0.105434 2.540945 3.422778 -0.010530 1.178724 3.775681 -0.168273 1.824910 3.524095 0.227252 2.163742 3.273852 0.335931 2.299572 3.362534 0.418175 
1.880781 3.869191 0.105434 2.540944 3.422777 -0.010552 1.178730 3.775680 -0.168280 1.824918 3.524080 0.227238 2.163747 3.273831 0.335905 2.299578 3.362506 0.418154 
1.880785 3.869186 0.105440 2.540945 3.422777 -0.010562 1.178737 3.775677 -0.168282 1.824923 3.524068 0.227228 2.163749 3.273816 0.335886 2.299577 3.362483 0.418140 
1.880789 3.869175 0.105447 2.540943 3.422773 -0.010576 1.178750 3.775674 -0.168290 1.824928 3.524052 0.227212 2.163751 3.273794 0.335861 2.299573 3.362450 0.418121 
1.880794 3.869170 0.105448 2.540943 3.422773 -0.010591 1.178752 3.775674 -0.168294 1.824933 3.524041 0.227202 2.163756 3.273779 0.335842 2.299576 3.362429 0.418105 
1.880797 3.869167 0.105448 2.540943 3.422773 -0.010604 1.178755 3.775674 -0.168297 1.824938 3.524031 0.227192 2.163758 3.273765 0.335826 2.299579 3.362410 0.418092 
1.880802 3.869142 0.105478 2.540949 3.422773 -0.010603 1.178794 3.775660 -0.168309 1.824939 3.524006 0.227171 2.163753 3.273733 0.335787 2.299554 3.362351 0.418068 
1.880809 3.869136 0.105478 2.540949 3.422773 -0.010634 1.178798 3.775658 -0.168316 1.824949 3.523987 0.227151 2.163762 3.273706 0.335754 2.299563 3.362316 0.418039 
1.880817 3.869119 0.105493 2.540953 3.422773 -0.010652 1.178820 3.775649 -0.168328 1.824956 3.523961 0.227128 2.163765 3.273672 0.335713 2.299555 3.362263 0.418008 
1.880825 3.869103 0.105508 2.540958 3.422774 -0.010672 1.178841 3.775639 -0.168341 1.824964 3.523934 0.227103 2.163768 3.273637 0.335669 2.299547 3.362207 0.417975 
1.880833 3.869090 0.105518 2.540966 3.422777 -0.010693 1.178858 3.775632 -0.168351 1.824973 3.523911 0.227083 2.163770 3.273606 0.335632 2.299545 3.362161 0.417946 
1.880841 3.869079 0.105526 2.540965 3.422775 -0.010717 1.178871 3.775626 -0.168365 1.824981 3.523889 0.227061 2.163778 3.273575 0.335594 2.299545 3.362116 0.417915 
1.880853 3.869067 0.105549 2.540964 3.422767 -0.010703 1.178870 3.775626 -0.168365 1.824990 3.523871 0.227046 2.163781 3.273551 0.335567 2.299535 3.362072 0.417895 
1.880859 3.869050 0.105567 2.540957 3.422758 -0.010715 1.178882 3.775621 -0.168376 1.824992 3.523849 0.227026 2.163778 3.273520 0.335532 2.299519 3.362021 0.417871 
1.880864 3.869036 0.105581 2.540970 3.422764 -0.010725 1.178899 3.775615 -0.168381 1.824996 3.523830 0.227010 2.163778 3.273496 0.335503 2.299509 3.361980 0.417850 
1.880875 3.869002 0.105631 2.540984 3.422760 -0.010693 1.178932 3.775608 -0.168380 1.824998 3.523801 0.226988 2.163771 3.273459 0.335464 2.299469 3.361904 0.417829 
1.880886 3.868968 0.105666 2.540973 3.422742 -0.010710 1.178950 3.775598 -0.168398 1.824997 3.523764 0.226957 2.163761 3.273409 0.335410 2.299432 3.361816 0.417794 
1.880893 3.868962 0.105666 2.540980 3.422746 -0.010739 1.178950 3.775600 -0.168398 1.825008 3.523744 0.226938 2.163769 3.273382 0.335376 2.299441 3.361780 0.417764 
