2.721674 2.619672 0.004991 2.663822 2.410279 0.003769 2.589269 2.653710 0.004698 2.530968 2.447610 0.003491 
2.721666 2.619650 0.004923 2.663804 2.410259 0.003891 2.589262 2.653693 0.004676 2.530951 2.447595 0.003656 
2.721668 2.619652 0.004925 2.663806 2.410260 0.003990 2.589264 2.653695 0.004702 2.530952 2.447597 0.003779 
2.721729 2.619638 0.004866 2.663815 2.410261 0.003951 2.589334 2.653715 0.004679 2.530971 2.447631 0.003775 
2.721721 2.619580 0.004675 2.663775 2.410211 0.004041 2.589331 2.653676 0.004514 2.530937 2.447600 0.003887 
2.721685 2.619637 0.004709 2.663724 2.410273 0.003894 2.589297 2.653743 0.004740 2.530888 2.447671 0.003937 
2.721661 2.619676 0.004742 2.663750 2.410297 0.003982 2.589264 2.653749 0.004777 2.530905 2.447664 0.004027 
2.721655 2.619675 0.004727 2.663750 2.410294 0.004074 2.589258 2.653744 0.004780 2.530904 2.447657 0.004137 
2.721562 2.619599 0.004319 2.663646 2.410220 0.004087 2.589166 2.653675 0.004654 2.530802 2.447589 0.004429 
2.721069 2.619983 0.003853 2.663240 2.410580 0.003403 2.588664 2.654000 0.005107 2.530386 2.447890 0.004675 
2.720824 2.620713 0.003692 2.663314 2.411224 0.002946 2.588371 2.654525 0.005333 2.530406 2.448328 0.004613 
2.720860 2.620733 0.003819 2.663387 2.411233 0.003128 2.588403 2.654520 0.005661 2.530475 2.448312 0.004997 
2.720884 2.620930 0.003933 2.663965 2.411280 0.003199 2.588364 2.654355 0.007256 2.530981 2.447995 0.006564 
2.720922 2.621101 0.004044 2.664476 2.411323 0.003346 2.588343 2.654221 0.008036 2.531427 2.447731 0.007386 
2.720919 2.621104 0.004122 2.664481 2.411324 0.003496 2.588341 2.654220 0.008156 2.531432 2.447729 0.007578 
2.720908 2.621109 0.004192 2.664473 2.411327 0.003633 2.588321 2.654227 0.007916 2.531415 2.447735 0.007401 
2.720895 2.621156 0.004288 2.664437 2.411380 0.003728 2.588302 2.654292 0.007600 2.531373 2.447805 0.007080 
2.717108 2.623094 0.004426 2.666752 2.411771 0.003907 2.583604 2.652378 0.007396 2.532681 2.444329 0.006912 
2.716361 2.626765 0.004492 2.677522 2.413024 0.004064 2.581469 2.648777 0.007587 2.541888 2.438275 0.007195 
2.721016 2.627699 0.004536 2.687717 2.413025 0.004143 2.585604 2.646214 0.007812 2.551480 2.434760 0.007455 
2.723210 2.627534 0.004607 2.689289 2.412958 0.004380 2.587827 2.646450 0.006465 2.553089 2.435095 0.006259 
2.724880 2.626586 0.004947 2.686863 2.412697 0.004901 2.589871 2.648091 0.004997 2.551099 2.437438 0.004952 
2.890514 2.015774 0.005027 2.590053 2.648281 0.005202 2.550910 2.437697 0.004914 2.677181 2.034663 0.008212 2.905875 2.151602 0.007198 2.725024 2.626539 0.004974 
2.890163 2.015784 0.004566 2.589542 2.648069 0.005187 2.550860 2.437401 0.004923 2.676651 2.032803 0.005456 2.904307 2.151752 0.006083 2.724560 2.626623 0.004973 
2.890563 2.015570 0.004626 2.588690 2.647859 0.005411 2.550731 2.437059 0.004875 2.676956 2.031364 0.005194 2.903924 2.151621 0.005896 2.723781 2.626876 0.005043 
2.890562 2.015574 0.004657 2.588686 2.647861 0.005319 2.550730 2.437060 0.004882 2.676954 2.031360 0.004989 2.903917 2.151626 0.005822 2.723776 2.626880 0.004988 
2.890623 2.015461 0.004697 2.588284 2.648139 0.005889 2.550409 2.437328 0.004557 2.677017 2.031267 0.004979 2.903991 2.151513 0.005719 2.723381 2.627215 0.004885 
2.890601 2.015343 0.004569 2.588110 2.648221 0.005959 2.550263 2.437405 0.004516 2.677004 2.031274 0.004969 2.904048 2.151388 0.005520 2.723207 2.627318 0.004743 
2.890595 2.015221 0.004610 2.588084 2.648213 0.005811 2.550240 2.437396 0.004549 2.677007 2.031277 0.004969 2.904122 2.151258 0.005455 2.723183 2.627310 0.004673 
2.890586 2.014984 0.004646 2.588067 2.648230 0.005752 2.550205 2.437416 0.004563 2.677016 2.031279 0.004968 2.904265 2.151006 0.005405 2.723164 2.627315 0.004633 
2.890582 2.014836 0.004678 2.588063 2.648235 0.005675 2.550201 2.437419 0.004602 2.677025 2.031306 0.004968 2.904371 2.150848 0.005369 2.723161 2.627318 0.004658 
2.890581 2.014832 0.004707 2.588060 2.648238 0.005604 2.550198 2.437423 0.004637 2.677027 2.031338 0.004968 2.904393 2.150842 0.005347 2.723158 2.627321 0.004681 
2.890580 2.014833 0.004733 2.588056 2.648242 0.005535 2.550195 2.437425 0.004665 2.677029 2.031371 0.004969 2.904413 2.150841 0.005328 2.723155 2.627324 0.004704 
2.890589 2.014754 0.004760 2.588015 2.648174 0.005217 2.550090 2.437367 0.004878 2.677047 2.031404 0.004967 2.904493 2.150755 0.005309 2.723106 2.627213 0.004322 
2.890586 2.014717 0.004782 2.588012 2.648175 0.005191 2.550086 2.437368 0.004883 2.677047 2.031406 0.004965 2.904515 2.150716 0.005303 2.723104 2.627214 0.004384 
2.890586 2.014718 0.004802 2.588009 2.648176 0.005167 2.550084 2.437370 0.004887 2.677046 2.031407 0.004965 2.904514 2.150717 0.005299 2.723101 2.627215 0.004440 
2.890574 2.014730 0.004813 2.588001 2.648177 0.005145 2.550075 2.437371 0.004890 2.677036 2.031436 0.004954 2.904513 2.150728 0.005317 2.723093 2.627216 0.004492 
2.890574 2.014730 0.004831 2.587998 2.648178 0.005127 2.550072 2.437372 0.004894 2.677036 2.031436 0.004955 2.904513 2.150728 0.005335 2.723091 2.627217 0.004538 
2.890572 2.014713 0.004847 2.587996 2.648179 0.005112 2.550070 2.437373 0.004899 2.677035 2.031436 0.004956 2.904523 2.150709 0.005364 2.723089 2.627217 0.004579 
2.890560 2.014712 0.004857 2.587995 2.648178 0.005101 2.550069 2.437371 0.004905 2.677025 2.031463 0.004946 2.904528 2.150706 0.005409 2.723088 2.627216 0.004616 
2.890547 2.014718 0.004881 2.587993 2.648176 0.005091 2.550067 2.437370 0.004911 2.677014 2.031491 0.004935 2.904528 2.150711 0.005466 2.723086 2.627214 0.004648 
2.890546 2.014711 0.004918 2.587991 2.648177 0.005081 2.550066 2.437370 0.004916 2.677013 2.031491 0.004934 2.904531 2.150703 0.005513 2.723085 2.627215 0.004678 
2.890543 2.014711 0.004942 2.587980 2.648189 0.005042 2.550053 2.437383 0.004797 2.677010 2.031493 0.004936 2.904530 2.150703 0.005549 2.723074 2.627226 0.004649 
2.890542 2.014709 0.004977 2.587979 2.648190 0.005037 2.550052 2.437383 0.004813 2.677009 2.031493 0.004940 2.904531 2.150701 0.005592 2.723073 2.627227 0.004678 
2.890527 2.014724 0.005001 2.587984 2.648141 0.004865 2.550061 2.437334 0.004834 2.676996 2.031525 0.004933 2.904526 2.150715 0.005641 2.723078 2.627180 0.004586 
2.890527 2.014720 0.005020 2.587983 2.648141 0.004878 2.550060 2.437334 0.004846 2.676996 2.031525 0.004937 2.904528 2.150710 0.005668 2.723077 2.627180 0.004621 
2.890524 2.014719 0.005006 2.587976 2.648252 0.004963 2.550047 2.437446 0.004682 2.676994 2.031528 0.004941 2.904528 2.150709 0.005666 2.723070 2.627287 0.004656 
2.890522 2.014720 0.005022 2.588113 2.648227 0.004860 2.550184 2.437422 0.004601 2.676991 2.031530 0.004945 2.904526 2.150710 0.005687 2.723207 2.627263 0.004763 
2.890522 2.014725 0.005014 2.588026 2.648276 0.004962 2.550121 2.437467 0.004543 2.676992 2.031530 0.004949 2.904524 2.150716 0.005687 2.723122 2.627328 0.004855 
2.890522 2.014721 0.005017 2.588026 2.648277 0.004966 2.550121 2.437467 0.004584 2.676992 2.031530 0.004952 2.904526 2.150711 0.005695 2.723122 2.627329 0.004864 
2.890522 2.014717 0.005019 2.588026 2.648278 0.004969 2.550121 2.437468 0.004620 2.676992 2.031530 0.004954 2.904529 2.150706 0.005700 2.723122 2.627329 0.004873 
2.890522 2.014713 0.005018 2.588026 2.648279 0.004972 2.550121 2.437469 0.004653 2.676992 2.031530 0.004957 2.904531 2.150702 0.005702 2.723122 2.627330 0.004881 
2.890521 2.014709 0.005013 2.588026 2.648279 0.004975 2.550121 2.437469 0.004682 2.676992 2.031530 0.004959 2.904533 2.150699 0.005700 2.723122 2.627331 0.004889 
2.890521 2.014706 0.005007 2.588026 2.648280 0.004978 2.550121 2.437470 0.004709 2.676992 2.031530 0.004962 2.904535 2.150695 0.005696 2.723122 2.627331 0.004895 
2.890521 2.014704 0.005000 2.588026 2.648280 0.004981 2.550121 2.437470 0.004734 2.676992 2.031530 0.004963 2.904536 2.150693 0.005689 2.723122 2.627332 0.004901 
2.890521 2.014704 0.005000 2.588026 2.648281 0.004983 2.550121 2.437471 0.004755 2.676992 2.031530 0.004965 2.904536 2.150693 0.005689 2.723122 2.627332 0.004907 
2.890521 2.014704 0.004999 2.588026 2.648281 0.004985 2.550121 2.437471 0.004775 2.676992 2.031530 0.004966 2.904537 2.150693 0.005688 2.723122 2.627332 0.004912 
2.890521 2.014704 0.004999 2.588026 2.648282 0.004987 2.550121 2.437472 0.004793 2.676992 2.031530 0.004968 2.904537 2.150693 0.005685 2.723122 2.627333 0.004915 
2.890522 2.014705 0.004999 2.588026 2.648282 0.004988 2.550121 2.437472 0.004810 2.676992 2.031531 0.004969 2.904536 2.150693 0.005682 2.723122 2.627333 0.004919 
2.890522 2.014705 0.004999 2.588026 2.648283 0.004990 2.550121 2.437472 0.004825 2.676992 2.031531 0.004970 2.904536 2.150694 0.005679 2.723122 2.627333 0.004922 
2.890522 2.014706 0.004999 2.588026 2.648283 0.004991 2.550121 2.437473 0.004838 2.676992 2.031531 0.004971 2.904536 2.150695 0.005675 2.723122 2.627333 0.004926 
2.890523 2.014709 0.004998 2.588018 2.648415 0.005092 2.550114 2.437605 0.004594 2.676994 2.031533 0.004972 2.904536 2.150698 0.005679 2.723114 2.627466 0.004979 
2.890522 2.014707 0.004998 2.588002 2.648384 0.004987 2.550079 2.437577 0.004700 2.676994 2.031535 0.004973 2.904539 2.150695 0.005675 2.723097 2.627423 0.004813 
2.890523 2.014708 0.004998 2.588002 2.648384 0.004989 2.550079 2.437577 0.004725 2.676994 2.031535 0.004974 2.904539 2.150697 0.005674 2.723097 2.627424 0.004827 
2.890523 2.014708 0.004997 2.588002 2.648385 0.004990 2.550079 2.437578 0.004748 2.676994 2.031535 0.004975 2.904538 2.150697 0.005673 2.723096 2.627424 0.004839 
2.890523 2.014709 0.004997 2.588002 2.648385 0.004992 2.550078 2.437579 0.004769 2.676994 2.031535 0.004975 2.904538 2.150697 0.005671 2.723096 2.627424 0.004850 
2.890523 2.014709 0.004997 2.588002 2.648386 0.004993 2.550078 2.437579 0.004787 2.676994 2.031535 0.004976 2.904538 2.150698 0.005670 2.723096 2.627425 0.004860 
2.890523 2.014709 0.004996 2.588001 2.648386 0.004994 2.550078 2.437580 0.004804 2.676994 2.031535 0.004977 2.904538 2.150698 0.005668 2.723096 2.627425 0.004869 
2.890523 2.014709 0.004996 2.588001 2.648387 0.004995 2.550077 2.437580 0.004819 2.676994 2.031535 0.004977 2.904538 2.150698 0.005666 2.723096 2.627425 0.004878 
2.890523 2.014710 0.004996 2.588001 2.648387 0.004996 2.550077 2.437580 0.004833 2.676994 2.031535 0.004978 2.904538 2.150699 0.005663 2.723095 2.627426 0.004885 
2.890523 2.014710 0.004996 2.588001 2.648387 0.004997 2.550077 2.437581 0.004845 2.676994 2.031536 0.004978 2.904538 2.150699 0.005661 2.723095 2.627426 0.004892 
2.890523 2.014710 0.004996 2.588001 2.648387 0.004998 2.550077 2.437581 0.004856 2.676994 2.031536 0.004978 2.904538 2.150699 0.005659 2.723095 2.627426 0.004898 
2.890523 2.014711 0.004996 2.588001 2.648388 0.004998 2.550076 2.437581 0.004867 2.676994 2.031536 0.004979 2.904538 2.150700 0.005657 2.723095 2.627426 0.004904 
2.890523 2.014711 0.004995 2.588001 2.648388 0.004998 2.550076 2.437581 0.004876 2.676994 2.031536 0.004979 2.904538 2.150700 0.005655 2.723095 2.627426 0.004910 
2.890523 2.014713 0.004995 2.588017 2.648337 0.004781 2.550108 2.437527 0.004880 2.676994 2.031538 0.004980 2.904538 2.150702 0.005652 2.723113 2.627385 0.004795 
2.890523 2.014713 0.004993 2.588017 2.648337 0.004801 2.550108 2.437527 0.004887 2.676994 2.031537 0.004980 2.904538 2.150702 0.005656 2.723113 2.627385 0.004812 
2.890522 2.014697 0.004987 2.587880 2.648623 0.005110 2.550001 2.437809 0.004538 2.676995 2.031542 0.004981 2.904550 2.150684 0.005660 2.722978 2.627692 0.004761 
2.890522 2.014697 0.004988 2.587879 2.648625 0.005099 2.550000 2.437810 0.004579 2.676995 2.031542 0.004981 2.904550 2.150685 0.005660 2.722977 2.627693 0.004779 
2.890523 2.014697 0.004988 2.587878 2.648626 0.005089 2.549999 2.437812 0.004616 2.676995 2.031542 0.004981 2.904550 2.150685 0.005660 2.722977 2.627694 0.004795 
2.890523 2.014698 0.004988 2.587878 2.648627 0.005080 2.549998 2.437813 0.004649 2.676995 2.031542 0.004981 2.904550 2.150685 0.005660 2.722976 2.627695 0.004810 
2.890523 2.014698 0.004988 2.587877 2.648628 0.005072 2.549998 2.437814 0.004679 2.676995 2.031542 0.004982 2.904550 2.150685 0.005659 2.722975 2.627696 0.004824 
2.890523 2.014698 0.004988 2.587877 2.648629 0.005064 2.549997 2.437815 0.004706 2.676995 2.031542 0.004982 2.904550 2.150686 0.005659 2.722975 2.627697 0.004837 
2.890523 2.014698 0.004989 2.587876 2.648630 0.005058 2.549996 2.437815 0.004731 2.676995 2.031543 0.004982 2.904550 2.150686 0.005659 2.722975 2.627697 0.004849 
2.890523 2.014699 0.004989 2.587876 2.648631 0.005052 2.549996 2.437816 0.004753 2.676995 2.031543 0.004982 2.904550 2.150686 0.005659 2.722974 2.627698 0.004859 
2.890523 2.014699 0.004989 2.587875 2.648632 0.005047 2.549995 2.437817 0.004773 2.676995 2.031543 0.004982 2.904550 2.150686 0.005658 2.722974 2.627699 0.004869 
2.890517 2.014709 0.004980 2.587841 2.648791 0.005125 2.549909 2.437987 0.004298 2.676990 2.031555 0.004982 2.904546 2.150696 0.005660 2.722934 2.627825 0.004951 
2.890517 2.014707 0.004982 2.587842 2.648793 0.005113 2.549910 2.437990 0.004357 2.676990 2.031555 0.004981 2.904547 2.150694 0.005666 2.722936 2.627827 0.004951 
2.890513 2.014713 0.004974 2.587852 2.648719 0.004836 2.549929 2.437913 0.004410 2.676986 2.031563 0.004981 2.904544 2.150700 0.005657 2.722946 2.627759 0.004765 
2.890513 2.014713 0.004976 2.587852 2.648720 0.004852 2.549929 2.437914 0.004462 2.676986 2.031564 0.004978 2.904545 2.150700 0.005658 2.722946 2.627759 0.004783 
2.890513 2.014713 0.004978 2.587852 2.648721 0.004866 2.549929 2.437914 0.004510 2.676986 2.031565 0.004977 2.904545 2.150700 0.005662 2.722947 2.627760 0.004800 
2.890522 2.014715 0.004978 2.587908 2.648768 0.004910 2.550026 2.437954 0.004232 2.676996 2.031579 0.004971 2.904561 2.150701 0.005673 2.723006 2.627833 0.005036 
2.890522 2.014714 0.004976 2.587909 2.648769 0.004918 2.550027 2.437956 0.004301 2.676997 2.031595 0.004973 2.904572 2.150699 0.005678 2.723007 2.627834 0.005027 
2.890521 2.014714 0.004975 2.587910 2.648770 0.004925 2.550027 2.437957 0.004365 2.676999 2.031621 0.004975 2.904589 2.150697 0.005682 2.723008 2.627835 0.005017 
2.890523 2.014713 0.004976 2.587926 2.648877 0.004952 2.550062 2.438061 0.004153 2.677002 2.031646 0.004976 2.904606 2.150695 0.005692 2.723026 2.627953 0.005082 
2.890534 2.014710 0.004975 2.587893 2.649006 0.005052 2.550026 2.438192 0.003873 2.677015 2.031658 0.004970 2.904627 2.150691 0.005691 2.722993 2.628082 0.004951 
2.890535 2.014712 0.004976 2.587894 2.649009 0.005047 2.550027 2.438195 0.003977 2.677015 2.031658 0.004972 2.904627 2.150692 0.005689 2.722994 2.628084 0.004950 
2.890535 2.014716 0.004978 2.587863 2.649015 0.005035 2.550008 2.438198 0.003964 2.677016 2.031660 0.004973 2.904626 2.150697 0.005692 2.722964 2.628098 0.005004 
2.890536 2.014714 0.004978 2.587829 2.649074 0.005158 2.549949 2.438263 0.003903 2.677016 2.031658 0.004974 2.904627 2.150695 0.005712 2.722927 2.628142 0.004993 
2.890533 2.014717 0.004976 2.587812 2.649052 0.005098 2.549914 2.438243 0.004079 2.677014 2.031668 0.004972 2.904627 2.150698 0.005718 2.722909 2.628108 0.004876 
2.890533 2.014717 0.004978 2.587812 2.649055 0.005088 2.549914 2.438245 0.004163 2.677014 2.031667 0.004973 2.904627 2.150698 0.005726 2.722909 2.628110 0.004883 
2.890533 2.014717 0.004979 2.587812 2.649057 0.005080 2.549914 2.438247 0.004240 2.677014 2.031667 0.004974 2.904628 2.150697 0.005735 2.722908 2.628112 0.004889 
2.890533 2.014717 0.004981 2.587812 2.649059 0.005072 2.549913 2.438249 0.004309 2.677014 2.031667 0.004975 2.904628 2.150697 0.005742 2.722908 2.628114 0.004896 
2.890533 2.014717 0.004982 2.587811 2.649060 0.005065 2.549913 2.438250 0.004371 2.677014 2.031668 0.004976 2.904628 2.150697 0.005747 2.722908 2.628116 0.004902 
2.890533 2.014716 0.004983 2.587811 2.649062 0.005059 2.549913 2.438251 0.004427 2.677014 2.031668 0.004976 2.904628 2.150697 0.005751 2.722908 2.628117 0.004907 
2.890534 2.014717 0.004984 2.587846 2.649141 0.004952 2.549989 2.438323 0.004105 2.677015 2.031671 0.004978 2.904631 2.150697 0.005757 2.722947 2.628222 0.004987 
2.890536 2.014719 0.004982 2.587864 2.649247 0.004984 2.550031 2.438427 0.003877 2.677017 2.031678 0.004979 2.904635 2.150698 0.005758 2.722968 2.628344 0.005087 
2.890537 2.014717 0.004980 2.587804 2.649263 0.005015 2.549963 2.438444 0.003994 2.677019 2.031681 0.004980 2.904640 2.150697 0.005755 2.722906 2.628355 0.004992 
2.890537 2.014718 0.004981 2.587805 2.649266 0.005014 2.549963 2.438446 0.004086 2.677019 2.031684 0.004981 2.904642 2.150697 0.005748 2.722907 2.628357 0.004988 
2.890537 2.014718 0.004982 2.587805 2.649268 0.005010 2.549963 2.438448 0.004170 2.677020 2.031687 0.004981 2.904644 2.150697 0.005739 2.722908 2.628359 0.004983 
2.890537 2.014719 0.004983 2.587806 2.649270 0.005008 2.549964 2.438450 0.004246 2.677020 2.031691 0.004982 2.904645 2.150697 0.005729 2.722908 2.628361 0.004979 
2.890538 2.014725 0.004983 2.587859 2.649330 0.005057 2.550026 2.438509 0.004055 2.677022 2.031702 0.004983 2.904650 2.150703 0.005732 2.722963 2.628426 0.005135 
2.890538 2.014725 0.004983 2.587861 2.649332 0.005047 2.550027 2.438511 0.004142 2.677023 2.031722 0.004983 2.904662 2.150702 0.005735 2.722964 2.628428 0.005113 
2.890538 2.014728 0.004983 2.587830 2.649305 0.005016 2.549957 2.438490 0.004152 2.677024 2.031738 0.004983 2.904671 2.150704 0.005731 2.722929 2.628376 0.005010 
2.890536 2.014731 0.004981 2.587835 2.649304 0.005015 2.549946 2.438492 0.004236 2.677022 2.031747 0.004981 2.904672 2.150707 0.005727 2.722932 2.628365 0.004995 
2.890537 2.014732 0.004981 2.587815 2.649365 0.005130 2.549912 2.438557 0.004136 2.677023 2.031750 0.004981 2.904675 2.150707 0.005727 2.722911 2.628418 0.005006 
2.890537 2.014733 0.004982 2.587815 2.649368 0.005113 2.549912 2.438559 0.004217 2.677023 2.031751 0.004982 2.904674 2.150709 0.005723 2.722912 2.628420 0.004993 
2.890538 2.014736 0.004983 2.587831 2.649385 0.005116 2.549942 2.438574 0.004178 2.677024 2.031753 0.004982 2.904675 2.150712 0.005726 2.722929 2.628446 0.005056 
2.890537 2.014736 0.004983 2.587832 2.649387 0.005101 2.549942 2.438576 0.004255 2.677024 2.031754 0.004983 2.904675 2.150712 0.005728 2.722929 2.628448 0.005041 
2.890538 2.014731 0.004984 2.587819 2.649287 0.005181 2.549912 2.438479 0.004323 2.677025 2.031758 0.004985 2.904680 2.150707 0.005735 2.722915 2.628337 0.004965 
2.890538 2.014732 0.004985 2.587819 2.649289 0.005161 2.549912 2.438481 0.004385 2.677025 2.031758 0.004984 2.904680 2.150707 0.005737 2.722915 2.628339 0.004962 
2.890550 2.014724 0.004984 2.587677 2.649379 0.005100 2.549935 2.438542 0.004120 2.677039 2.031769 0.004986 2.904705 2.150698 0.005742 2.722790 2.628534 0.004978 
2.890550 2.014724 0.004985 2.587678 2.649381 0.005089 2.549935 2.438544 0.004201 2.677039 2.031770 0.004985 2.904705 2.150698 0.005743 2.722790 2.628536 0.004974 
2.890550 2.014724 0.004986 2.587678 2.649384 0.005079 2.549935 2.438546 0.004274 2.677039 2.031770 0.004985 2.904706 2.150698 0.005746 2.722790 2.628538 0.004972 
2.890550 2.014724 0.004987 2.587678 2.649385 0.005071 2.549935 2.438547 0.004340 2.677039 2.031774 0.004985 2.904708 2.150697 0.005748 2.722790 2.628540 0.004969 
2.890549 2.014724 0.004987 2.587678 2.649387 0.005063 2.549935 2.438549 0.004400 2.677039 2.031780 0.004986 2.904711 2.150697 0.005751 2.722791 2.628542 0.004966 
2.890549 2.014724 0.004988 2.587679 2.649389 0.005056 2.549935 2.438550 0.004455 2.677039 2.031785 0.004986 2.904714 2.150697 0.005753 2.722791 2.628543 0.004964 
2.890549 2.014724 0.004988 2.587679 2.649390 0.005051 2.549935 2.438551 0.004503 2.677039 2.031789 0.004986 2.904717 2.150696 0.005754 2.722791 2.628544 0.004963 
2.890549 2.014724 0.004989 2.587679 2.649391 0.005047 2.549935 2.438553 0.004547 2.677039 2.031792 0.004986 2.904719 2.150696 0.005754 2.722791 2.628545 0.004963 
2.890549 2.014727 0.004989 2.587588 2.649473 0.005257 2.549852 2.438634 0.004517 2.677040 2.031797 0.004986 2.904720 2.150700 0.005760 2.722701 2.628633 0.004962 
2.890550 2.014730 0.004989 2.587558 2.649435 0.005128 2.549780 2.438602 0.004725 2.677041 2.031804 0.004987 2.904723 2.150702 0.005758 2.722666 2.628568 0.004706 
2.890551 2.014733 0.004988 2.587639 2.649553 0.005088 2.549902 2.438715 0.004251 2.677042 2.031811 0.004987 2.904727 2.150705 0.005754 2.722751 2.628712 0.004983 
2.890547 2.014742 0.004983 2.587654 2.649559 0.005090 2.549927 2.438719 0.004223 2.677038 2.031827 0.004982 2.904727 2.150713 0.005761 2.722768 2.628724 0.005038 
2.890549 2.014756 0.004969 2.587647 2.649534 0.004995 2.549905 2.438696 0.004252 2.677042 2.031854 0.004976 2.904738 2.150726 0.005737 2.722760 2.628689 0.004911 
2.890530 2.014781 0.004955 2.587649 2.649533 0.004995 2.549905 2.438694 0.004320 2.677025 2.031908 0.004958 2.904737 2.150749 0.005755 2.722761 2.628687 0.004916 
2.890529 2.014804 0.004948 2.587584 2.649730 0.005303 2.549860 2.438892 0.003935 2.677026 2.031947 0.004946 2.904746 2.150770 0.005785 2.722698 2.628898 0.005070 
2.890531 2.014809 0.004952 2.587595 2.649714 0.005186 2.549873 2.438875 0.003997 2.677027 2.031949 0.004950 2.904746 2.150776 0.005787 2.722709 2.628884 0.004998 
2.890531 2.014810 0.004956 2.587595 2.649718 0.005167 2.549873 2.438877 0.004090 2.677027 2.031949 0.004953 2.904745 2.150778 0.005788 2.722710 2.628886 0.004991 
2.890531 2.014810 0.004959 2.587596 2.649720 0.005151 2.549873 2.438879 0.004174 2.677027 2.031950 0.004957 2.904745 2.150778 0.005793 2.722710 2.628888 0.004987 
2.890531 2.014810 0.004962 2.587596 2.649722 0.005136 2.549873 2.438881 0.004249 2.677027 2.031952 0.004960 2.904747 2.150777 0.005799 2.722710 2.628891 0.004983 
2.890532 2.014821 0.004965 2.587616 2.649719 0.004975 2.549914 2.438874 0.004188 2.677029 2.031967 0.004962 2.904751 2.150788 0.005798 2.722733 2.628899 0.004946 
2.890532 2.014822 0.004967 2.587617 2.649720 0.004978 2.549914 2.438875 0.004260 2.677029 2.031975 0.004965 2.904755 2.150788 0.005794 2.722733 2.628901 0.004948 
2.890532 2.014822 0.004969 2.587617 2.649722 0.004981 2.549915 2.438876 0.004327 2.677029 2.031978 0.004967 2.904757 2.150788 0.005792 2.722733 2.628902 0.004949 
2.890532 2.014822 0.004971 2.587618 2.649723 0.004984 2.549915 2.438878 0.004387 2.677029 2.031980 0.004969 2.904758 2.150788 0.005790 2.722734 2.628903 0.004950 
2.890534 2.014832 0.004972 2.587677 2.649780 0.005039 2.549976 2.438935 0.004200 2.677032 2.031997 0.004972 2.904766 2.150797 0.005799 2.722793 2.628962 0.005099 
2.890536 2.014836 0.004973 2.587715 2.649747 0.004888 2.550021 2.438900 0.004213 2.677035 2.032023 0.004973 2.904780 2.150800 0.005793 2.722832 2.628933 0.005051 
2.890502 2.014887 0.004942 2.587616 2.649889 0.005124 2.549909 2.439045 0.004215 2.677006 2.032126 0.004942 2.904780 2.150847 0.005839 2.722732 2.629067 0.005049 
2.890496 2.014904 0.004940 2.587541 2.649906 0.005258 2.549809 2.439067 0.004300 2.677001 2.032155 0.004940 2.904782 2.150864 0.005849 2.722654 2.629068 0.004997 
2.890472 2.014935 0.004924 2.587560 2.649928 0.005245 2.549825 2.439089 0.004308 2.676979 2.032219 0.004924 2.904778 2.150892 0.005879 2.722673 2.629089 0.004999 
2.890472 2.014936 0.004930 2.587560 2.649930 0.005218 2.549825 2.439091 0.004371 2.676979 2.032219 0.004930 2.904778 2.150893 0.005879 2.722673 2.629091 0.004992 
2.890467 2.014957 0.004920 2.587626 2.650117 0.005259 2.549933 2.439273 0.003856 2.676975 2.032247 0.004934 2.904778 2.150913 0.005890 2.722744 2.629303 0.005150 
2.890469 2.014957 0.004928 2.587570 2.650181 0.005481 2.549841 2.439345 0.003885 2.676977 2.032253 0.004938 2.904783 2.150913 0.005903 2.722683 2.629347 0.005126 
2.890469 2.014961 0.004935 2.587572 2.650187 0.005417 2.549840 2.439351 0.003992 2.676977 2.032254 0.004940 2.904781 2.150917 0.005908 2.722685 2.629351 0.005084 
2.890470 2.014965 0.004940 2.587598 2.650158 0.005227 2.549874 2.439319 0.004039 2.676978 2.032258 0.004942 2.904782 2.150921 0.005910 2.722712 2.629326 0.005009 
2.890470 2.014972 0.004945 2.587634 2.650154 0.005255 2.549834 2.439328 0.004121 2.676979 2.032268 0.004945 2.904785 2.150928 0.005908 2.722740 2.629274 0.004974 
2.890471 2.014977 0.004949 2.587619 2.650182 0.005316 2.549804 2.439358 0.004175 2.676980 2.032273 0.004949 2.904785 2.150933 0.005910 2.722723 2.629292 0.004975 
2.890471 2.014977 0.004953 2.587618 2.650185 0.005285 2.549804 2.439361 0.004250 2.676980 2.032273 0.004953 2.904785 2.150933 0.005911 2.722723 2.629295 0.004972 
2.890472 2.014982 0.004957 2.587615 2.650197 0.005293 2.549798 2.439373 0.004281 2.676981 2.032277 0.004956 2.904786 2.150938 0.005914 2.722720 2.629306 0.004987 
2.890473 2.014986 0.004960 2.587606 2.650210 0.005315 2.549781 2.439388 0.004330 2.676982 2.032283 0.004959 2.904788 2.150942 0.005918 2.722710 2.629313 0.004984 
2.890474 2.014991 0.004962 2.587476 2.650326 0.005556 2.549673 2.439502 0.004300 2.676983 2.032288 0.004962 2.904789 2.150946 0.005929 2.722582 2.629446 0.004983 
2.890491 2.015017 0.004959 2.587335 2.650389 0.005670 2.549518 2.439567 0.004346 2.676999 2.032305 0.004956 2.904800 2.150973 0.005944 2.722438 2.629502 0.004781 
2.890491 2.015023 0.004961 2.587287 2.650561 0.005875 2.549470 2.439743 0.004078 2.677000 2.032315 0.004959 2.904803 2.150980 0.005954 2.722390 2.629675 0.004913 
2.890491 2.015026 0.004964 2.587285 2.650567 0.005787 2.549467 2.439747 0.004162 2.677000 2.032315 0.004962 2.904802 2.150982 0.005954 2.722388 2.629680 0.004914 
2.890492 2.015035 0.004966 2.587282 2.650572 0.005710 2.549465 2.439751 0.004237 2.676999 2.032316 0.004965 2.904797 2.150992 0.005947 2.722385 2.629684 0.004916 
2.890485 2.015046 0.004962 2.587280 2.650568 0.005638 2.549462 2.439747 0.004306 2.676993 2.032334 0.004960 2.904795 2.151002 0.005944 2.722383 2.629679 0.004918 
2.890487 2.015057 0.004963 2.587264 2.650522 0.005469 2.549428 2.439702 0.004419 2.676996 2.032354 0.004963 2.904802 2.151013 0.005928 2.722366 2.629621 0.004763 
2.890487 2.015058 0.004966 2.587262 2.650525 0.005422 2.549426 2.439705 0.004470 2.676996 2.032360 0.004966 2.904805 2.151014 0.005897 2.722364 2.629623 0.004781 
2.890487 2.015059 0.004968 2.587260 2.650528 0.005378 2.549424 2.439708 0.004516 2.676996 2.032362 0.004968 2.904805 2.151015 0.005876 2.722363 2.629626 0.004797 
2.890487 2.015060 0.004970 2.587273 2.650526 0.005332 2.549414 2.439709 0.004565 2.676996 2.032367 0.004970 2.904808 2.151016 0.005859 2.722373 2.629608 0.004802 
2.890486 2.015061 0.004972 2.587272 2.650528 0.005300 2.549412 2.439711 0.004603 2.676997 2.032376 0.004972 2.904813 2.151016 0.005845 2.722372 2.629609 0.004817 
2.890486 2.015062 0.004973 2.587271 2.650530 0.005271 2.549411 2.439713 0.004638 2.676997 2.032387 0.004973 2.904819 2.151016 0.005835 2.722371 2.629611 0.004831 
2.890447 2.015113 0.004948 2.587285 2.650513 0.005208 2.549425 2.439696 0.004594 2.676962 2.032492 0.004947 2.904814 2.151063 0.005874 2.722385 2.629594 0.004843 
2.890448 2.015120 0.004952 2.587272 2.650539 0.005260 2.549400 2.439724 0.004607 2.676964 2.032505 0.004952 2.904819 2.151071 0.005878 2.722371 2.629612 0.004857 
2.890450 2.015129 0.004955 2.587244 2.650581 0.005354 2.549356 2.439770 0.004602 2.676965 2.032512 0.004955 2.904820 2.151079 0.005884 2.722341 2.629645 0.004866 
2.890455 2.015146 0.004957 2.586912 2.650858 0.006001 2.549027 2.440051 0.004368 2.676970 2.032529 0.004957 2.904824 2.151097 0.005923 2.722006 2.629931 0.004722 
2.890457 2.015157 0.004960 2.586790 2.651030 0.006117 2.548898 2.440227 0.004138 2.676973 2.032549 0.004960 2.904833 2.151106 0.005948 2.721881 2.630104 0.004622 
2.890457 2.015169 0.004962 2.586838 2.651034 0.005825 2.548911 2.440234 0.004133 2.676974 2.032572 0.004962 2.904839 2.151118 0.005945 2.721927 2.630081 0.004519 
2.890457 2.015170 0.004964 2.586833 2.651040 0.005742 2.548908 2.440239 0.004211 2.676974 2.032573 0.004964 2.904839 2.151119 0.005932 2.721924 2.630086 0.004560 
2.890452 2.015185 0.004962 2.586828 2.651036 0.005670 2.548902 2.440235 0.004282 2.676969 2.032587 0.004962 2.904834 2.151134 0.005921 2.721919 2.630080 0.004597 
2.890452 2.015193 0.004964 2.586826 2.651021 0.005601 2.548897 2.440218 0.004351 2.676969 2.032588 0.004964 2.904830 2.151142 0.005906 2.721917 2.630062 0.004626 
2.890453 2.015203 0.004966 2.586774 2.651039 0.005771 2.548670 2.440269 0.004375 2.676970 2.032606 0.004966 2.904836 2.151152 0.005922 2.721846 2.629971 0.004559 
2.890455 2.015208 0.004968 2.586658 2.651134 0.005931 2.548560 2.440365 0.004339 2.676972 2.032611 0.004968 2.904837 2.151157 0.005931 2.721730 2.630072 0.004547 
2.890455 2.015209 0.004970 2.586653 2.651140 0.005841 2.548556 2.440369 0.004397 2.676972 2.032612 0.004970 2.904837 2.151158 0.005926 2.721725 2.630076 0.004586 
2.890437 2.015232 0.004957 2.586649 2.651136 0.005761 2.548552 2.440365 0.004451 2.676956 2.032660 0.004957 2.904835 2.151179 0.005940 2.721722 2.630071 0.004621 
2.890439 2.015242 0.004960 2.586508 2.651268 0.006039 2.548401 2.440501 0.004371 2.676959 2.032678 0.004959 2.904842 2.151188 0.005953 2.721578 2.630201 0.004601 
2.890440 2.015247 0.004962 2.586492 2.651247 0.005875 2.548371 2.440480 0.004470 2.676962 2.032706 0.004962 2.904858 2.151192 0.005947 2.721561 2.630168 0.004528 
2.890441 2.015252 0.004964 2.586423 2.651423 0.005942 2.548320 2.440656 0.004205 2.676963 2.032711 0.004964 2.904860 2.151196 0.005955 2.721494 2.630359 0.004563 
2.890425 2.015271 0.004953 2.586418 2.651421 0.005849 2.548316 2.440652 0.004276 2.676949 2.032751 0.004952 2.904857 2.151214 0.005960 2.721491 2.630355 0.004600 
2.890425 2.015273 0.004956 2.586414 2.651426 0.005768 2.548312 2.440656 0.004341 2.676949 2.032752 0.004956 2.904856 2.151217 0.005940 2.721487 2.630359 0.004633 
2.890426 2.015277 0.004959 2.586411 2.651431 0.005696 2.548309 2.440660 0.004400 2.676949 2.032753 0.004959 2.904855 2.151221 0.005922 2.721484 2.630362 0.004663 
2.890428 2.015291 0.004962 2.586388 2.651400 0.005560 2.548252 2.440634 0.004583 2.676953 2.032788 0.004962 2.904870 2.151234 0.005911 2.721458 2.630307 0.004491 
2.890428 2.015294 0.004965 2.586385 2.651403 0.005505 2.548248 2.440636 0.004619 2.676953 2.032790 0.004965 2.904870 2.151236 0.005883 2.721455 2.630310 0.004535 
2.890446 2.015362 0.004958 2.586348 2.651525 0.005611 2.548225 2.440757 0.004503 2.676969 2.032833 0.004960 2.904872 2.151306 0.005892 2.721420 2.630441 0.004653 
2.890438 2.015385 0.004947 2.586185 2.651655 0.005875 2.548088 2.440884 0.004427 2.676961 2.032850 0.004961 2.904860 2.151330 0.005880 2.721257 2.630592 0.004634 
2.890440 2.015395 0.004951 2.586115 2.651913 0.005938 2.548002 2.441150 0.003965 2.676965 2.032881 0.004961 2.904876 2.151339 0.005900 2.721186 2.630844 0.004546 
2.890426 2.015405 0.004947 2.586117 2.651906 0.005845 2.547997 2.441142 0.004060 2.676952 2.032911 0.004957 2.904874 2.151347 0.005890 2.721187 2.630829 0.004583 
2.890431 2.015426 0.004951 2.586026 2.652154 0.005903 2.547898 2.441395 0.003767 2.676956 2.032920 0.004956 2.904872 2.151368 0.005883 2.721095 2.631076 0.004523 
2.890431 2.015435 0.004955 2.586021 2.652162 0.005818 2.547894 2.441401 0.003881 2.676955 2.032923 0.004957 2.904867 2.151379 0.005861 2.721091 2.631082 0.004564 
2.890431 2.015453 0.004959 2.586017 2.652168 0.005739 2.547891 2.441405 0.003984 2.676954 2.032924 0.004959 2.904857 2.151397 0.005849 2.721088 2.631087 0.004600 
2.890445 2.015493 0.004956 2.586024 2.652157 0.005656 2.547881 2.441396 0.004084 2.676966 2.032945 0.004955 2.904858 2.151439 0.005849 2.721094 2.631063 0.004623 
2.890440 2.015521 0.004948 2.585942 2.652293 0.005731 2.547780 2.441537 0.003968 2.676963 2.032988 0.004955 2.904864 2.151465 0.005846 2.721008 2.631190 0.004519 
