2.143165 -0.340737 0.004597 2.007517 -0.323721 0.004789 2.038420 -0.108690 0.004372 2.174930 -0.128915 0.004185 
2.143153 -0.340708 0.004508 2.007505 -0.323699 0.004743 2.038396 -0.108666 0.004490 2.174906 -0.128884 0.004257 
2.143160 -0.340886 0.004818 2.007522 -0.323793 0.004737 2.038548 -0.108780 0.004067 2.175047 -0.129083 0.004159 
2.143149 -0.340902 0.004841 2.007513 -0.323794 0.004757 2.038561 -0.108784 0.004140 2.175057 -0.129102 0.004234 
2.143162 -0.340945 0.004965 2.007531 -0.323803 0.004720 2.038635 -0.108801 0.004045 2.175126 -0.129154 0.004302 
2.143160 -0.341026 0.005007 2.007533 -0.323851 0.004652 2.038689 -0.108857 0.003813 2.175175 -0.129242 0.004183 
2.143271 -0.341144 0.005232 2.007647 -0.323953 0.004607 2.038832 -0.108964 0.003586 2.175314 -0.129366 0.004232 
2.143204 -0.341171 0.005191 2.007575 -0.324011 0.004866 2.038710 -0.109016 0.003653 2.175198 -0.129387 0.003998 
2.143290 -0.341283 0.005055 2.007646 -0.324237 0.004994 2.038598 -0.109218 0.003294 2.175103 -0.129475 0.003380 
2.143567 -0.341372 0.005348 2.007919 -0.324361 0.004863 2.038820 -0.109336 0.003058 2.175330 -0.129557 0.003573 
2.143865 -0.341459 0.005559 2.008193 -0.324653 0.004962 2.038772 -0.109585 0.002861 2.175312 -0.129600 0.003494 
2.142877 -0.341748 0.006048 2.007280 -0.324341 0.005454 2.038813 -0.109415 0.002994 2.175262 -0.130034 0.003629 
2.142266 -0.342216 0.006040 2.006733 -0.324337 0.004996 2.039021 -0.109523 0.002534 2.175395 -0.130616 0.003623 
2.142205 -0.342562 0.006104 2.006713 -0.324413 0.004563 2.039440 -0.109666 0.002065 2.175767 -0.131031 0.003656 
2.141826 -0.342670 0.006213 2.006363 -0.324290 0.004821 2.039455 -0.109598 0.002339 2.175746 -0.131197 0.003780 
2.141164 -0.342822 0.007213 2.005754 -0.324049 0.005957 2.039471 -0.109466 0.002590 2.175701 -0.131460 0.003907 
2.140435 -0.342948 0.009039 2.005082 -0.323762 0.007913 2.039460 -0.109318 0.002825 2.175623 -0.131727 0.004034 
2.139451 -0.342926 0.012559 2.004169 -0.323242 0.011546 2.039341 -0.109044 0.002829 2.175422 -0.131952 0.003975 
2.136325 -0.343097 0.016083 2.001338 -0.321472 0.015195 2.039569 -0.107971 0.002966 2.175308 -0.132828 0.004035 
2.136218 -0.343104 0.016296 2.001254 -0.321338 0.015441 2.039705 -0.107879 0.003172 2.175418 -0.132878 0.004208 
2.140260 -0.343476 0.015201 2.004925 -0.324162 0.014107 2.039520 -0.109985 0.002918 2.175662 -0.132519 0.004181 
2.144894 -0.343087 0.014879 2.009185 -0.326597 0.013895 2.039300 -0.111723 0.003116 2.175883 -0.131416 0.004261 
2.148072 -0.342482 0.015542 2.012132 -0.328012 0.014738 2.039033 -0.112745 0.003330 2.175895 -0.130403 0.004302 
2.150558 -0.342122 0.016375 2.014444 -0.329364 0.016251 2.038571 -0.113852 0.003355 2.175648 -0.129785 0.003663 
2.152469 -0.341762 0.018562 2.016245 -0.330246 0.018603 2.038376 -0.114662 0.003521 2.175593 -0.129342 0.003694 
2.153372 -0.341591 0.020633 2.017102 -0.330623 0.020715 2.038351 -0.115094 0.003695 2.175626 -0.129222 0.003853 
2.153851 -0.341446 0.022841 2.017559 -0.330761 0.022966 2.038337 -0.115362 0.003857 2.175642 -0.129201 0.004001 
2.154184 -0.341309 0.025049 2.017877 -0.330814 0.025218 2.038332 -0.115581 0.004009 2.175656 -0.129225 0.004139 
2.154266 -0.340916 0.028222 2.017954 -0.330481 0.028534 2.038260 -0.115570 0.004146 2.175590 -0.129150 0.004177 
2.154333 -0.340518 0.031740 2.018022 -0.330079 0.031994 2.038303 -0.115605 0.004014 2.175634 -0.129182 0.004154 
2.154500 -0.340193 0.034146 2.018175 -0.329942 0.034739 2.038051 -0.115824 0.003880 2.175401 -0.129207 0.003718 
2.155735 -0.340163 0.033787 2.019354 -0.330691 0.034379 2.038014 -0.116393 0.004017 2.175438 -0.128992 0.003850 
2.155617 -0.340069 0.034049 2.019228 -0.330798 0.035504 2.037369 -0.116544 0.004524 2.174807 -0.128939 0.003494 
2.156208 -0.340372 0.036459 2.019804 -0.331261 0.037337 2.037776 -0.117426 0.003498 2.175233 -0.129653 0.003091 
2.156958 -0.339988 0.039114 2.020526 -0.331316 0.039994 2.037769 -0.117816 0.003740 2.175265 -0.129596 0.003365 
2.160184 -0.337851 0.046460 2.023604 -0.332136 0.048186 2.035865 -0.119495 0.005436 2.173580 -0.128278 0.004299 
2.157713 -0.329873 0.049261 2.021149 -0.328986 0.055533 2.024423 -0.116224 0.011769 2.162249 -0.120134 0.006058 
2.148976 -0.324169 0.050774 2.012648 -0.325991 0.060837 2.010635 -0.112783 0.019219 2.148298 -0.113964 0.009649 
2.136203 -0.326749 0.055403 2.000265 -0.330353 0.069463 1.994215 -0.117253 0.027682 2.131542 -0.116634 0.014079 1.888784 0.150739 0.019796 1.861327 0.283836 0.004925 2.068807 0.333930 0.022823 2.099512 0.200259 0.038096 
2.122195 -0.336371 0.062092 1.986679 -0.339010 0.079934 1.980587 -0.126505 0.035235 2.117488 -0.126851 0.017856 1.882086 0.151195 0.018112 1.854211 0.284383 0.004927 2.061712 0.334765 0.021743 2.092840 0.201007 0.035298 
2.113041 -0.347279 0.067478 1.977873 -0.347461 0.087956 1.974078 -0.135897 0.038764 2.110596 -0.138710 0.018786 1.856698 0.150623 0.016999 1.828440 0.283832 0.004886 2.036717 0.333662 0.008829 2.068243 0.199875 0.021116 
2.109105 -0.350977 0.066776 1.974311 -0.350193 0.089575 1.970807 -0.139137 0.038225 2.106943 -0.142919 0.015935 1.845564 0.151702 0.015010 1.818531 0.285334 0.004942 2.027384 0.332855 0.004936 2.057681 0.198606 0.015102 
2.108051 -0.345824 0.059699 1.973700 -0.345344 0.084985 1.969197 -0.133754 0.035960 2.104899 -0.137237 0.011127 1.845189 0.152053 0.014599 1.818429 0.285783 0.005112 2.027384 0.332852 0.004942 2.057407 0.198498 0.014518 
2.109913 -0.339068 0.048960 1.975931 -0.339200 0.076134 1.970677 -0.126627 0.031649 2.106018 -0.129506 0.004844 1.844636 0.152644 0.014925 1.818213 0.286523 0.006675 2.027306 0.332946 0.004938 2.056990 0.198432 0.013243 
2.108899 -0.340165 0.044823 1.975250 -0.339744 0.073590 1.971243 -0.126304 0.033327 2.106230 -0.129753 0.004854 1.843881 0.153477 0.018140 1.817750 0.287489 0.011239 2.026907 0.333197 0.004759 2.056298 0.198538 0.011633 
2.106486 -0.340968 0.041607 1.973329 -0.339004 0.072512 1.971908 -0.124937 0.035539 2.106362 -0.129953 0.004861 1.842967 0.155080 0.023879 1.817745 0.289328 0.018295 2.026937 0.333318 0.004823 2.055411 0.198397 0.010267 
2.102571 -0.341507 0.039689 1.970139 -0.336799 0.073295 1.972904 -0.122413 0.038298 2.106566 -0.130204 0.004867 1.841251 0.158122 0.032264 1.817919 0.292751 0.027748 2.026957 0.333444 0.004841 2.053521 0.198091 0.009072 
2.097612 -0.341646 0.038758 1.966164 -0.333395 0.075407 1.974193 -0.118984 0.041390 2.106787 -0.130352 0.004872 1.839364 0.162314 0.043222 1.818603 0.297390 0.039567 2.026841 0.333674 0.004954 2.050796 0.197807 0.008147 
2.118567 -0.337417 0.042743 1.983532 -0.319338 0.054075 2.015847 -0.104563 0.049463 2.151718 -0.125859 0.038089 1.838454 0.174084 0.051860 1.823352 0.309928 0.048993 2.031298 0.337314 0.005561 2.049535 0.200543 0.007831 
2.152972 -0.345954 0.055226 2.017295 -0.332830 0.065677 2.041548 -0.117063 0.058583 2.178182 -0.133371 0.048132 1.834899 0.190373 0.058093 1.826848 0.326837 0.056468 2.034279 0.343634 0.005793 2.045389 0.206085 0.006705 
2.208581 -0.359532 0.076923 2.072242 -0.359177 0.086993 2.075196 -0.142931 0.066436 2.212800 -0.146353 0.056561 1.829400 0.204651 0.063225 1.828006 0.341353 0.062470 2.034515 0.348302 0.006049 2.038891 0.210371 0.006001 
2.258423 -0.365764 0.088653 2.122350 -0.373390 0.099409 2.111833 -0.158521 0.069170 2.249360 -0.153866 0.058739 1.829622 0.211957 0.065150 1.832113 0.348643 0.064519 2.038196 0.349772 0.006154 2.038642 0.211773 0.005952 
2.315775 -0.364446 0.101932 2.180436 -0.381652 0.110718 2.154725 -0.170182 0.068137 2.291725 -0.155808 0.059870 1.829633 0.218338 0.067270 1.835958 0.354901 0.066699 2.041385 0.350293 0.006231 2.037951 0.212336 0.005939 
2.350897 -0.351669 0.119349 2.217776 -0.376936 0.101180 2.189571 -0.168412 0.047181 2.324368 -0.145857 0.066289 1.829879 0.215091 0.068454 1.834312 0.351728 0.069152 2.039428 0.350543 0.007478 2.037900 0.212561 0.005888 
2.350561 -0.338314 0.121250 2.218308 -0.368908 0.105032 2.184629 -0.167136 0.031905 2.318626 -0.139108 0.049315 1.831004 0.211602 0.071750 1.833893 0.348246 0.074889 2.038025 0.350576 0.010065 2.038042 0.212637 0.005963 
2.352638 -0.312680 0.105094 2.220983 -0.347236 0.092337 2.180358 -0.148410 0.014804 2.313850 -0.116340 0.028782 1.831482 0.215544 0.079925 1.838265 0.351999 0.084825 2.039791 0.349748 0.012300 2.035838 0.211935 0.006311 
2.354793 -0.277004 0.077859 2.222611 -0.310408 0.067767 2.179832 -0.106544 0.006098 2.313887 -0.075708 0.017161 1.834293 0.218527 0.087463 1.843917 0.354747 0.093890 2.042665 0.349638 0.014199 2.035805 0.212020 0.006565 
2.347736 -0.239696 0.044036 2.214034 -0.267615 0.038188 2.175049 -0.055826 0.009559 2.310585 -0.030641 0.015869 1.838090 0.217541 0.096141 1.848850 0.353510 0.105432 2.044105 0.349251 0.017481 2.036046 0.211898 0.006835 
2.344382 -0.205557 0.021262 2.209789 -0.229529 0.021330 2.175543 -0.015016 0.019014 2.311911 0.006145 0.018977 1.842638 0.215569 0.105422 1.854145 0.351264 0.117437 2.045202 0.348826 0.020643 2.036329 0.211777 0.007120 
2.343637 -0.192203 0.004336 2.209006 -0.215089 0.010706 2.176909 -0.000430 0.019906 2.313284 0.019635 0.013343 1.847545 0.213458 0.115730 1.859582 0.348750 0.131259 2.045422 0.349646 0.024768 2.035939 0.213052 0.007558 
2.343718 -0.192175 0.004366 2.209774 -0.214854 0.019685 2.178215 -0.000041 0.026970 2.313889 0.019812 0.011402 1.854779 0.212758 0.137669 1.869229 0.347740 0.153821 2.047108 0.348194 0.034503 2.035074 0.211907 0.016480 
2.344054 -0.192234 0.004411 2.211154 -0.212312 0.029393 2.184956 0.002991 0.041727 2.319502 0.020211 0.016331 1.868658 0.212704 0.172128 1.885839 0.347496 0.187153 2.053739 0.346146 0.054166 2.038803 0.210024 0.037083 
2.344400 -0.192316 0.004464 2.213257 -0.209247 0.039170 2.194264 0.006405 0.057253 2.326933 0.020444 0.021958 1.890743 0.217703 0.213304 1.911055 0.352189 0.227117 2.067995 0.348692 0.081393 2.049740 0.212848 0.065351 
2.344683 -0.192750 0.004576 2.216282 -0.207555 0.049116 2.202731 0.008271 0.069828 2.332555 0.020161 0.024569 1.920241 0.227990 0.256962 1.944214 0.362012 0.269339 2.088942 0.355952 0.111558 2.066815 0.220540 0.096792 
2.347170 -0.201273 0.006345 2.222338 -0.213900 0.060635 2.212787 0.002340 0.079151 2.338951 0.012025 0.024078 1.954979 0.242459 0.297929 1.983265 0.375852 0.307738 2.113828 0.365912 0.138232 2.087143 0.231080 0.125892 
2.353825 -0.215086 0.012603 2.233573 -0.224948 0.076885 2.226473 -0.008138 0.088573 2.347977 -0.001253 0.023510 1.993110 0.254076 0.328865 2.024943 0.386950 0.333465 2.139825 0.370963 0.153398 2.109334 0.236568 0.146165 
2.361616 -0.228883 0.021060 2.247211 -0.234588 0.095684 2.242691 -0.017409 0.098215 2.358256 -0.014726 0.022839 2.033504 0.259330 0.346496 2.066824 0.391863 0.342653 2.165673 0.366865 0.154287 2.133449 0.232685 0.155460 
2.372173 -0.244658 0.029607 2.264747 -0.245136 0.114161 2.261569 -0.028109 0.105047 2.370069 -0.030701 0.019811 2.075518 0.261875 0.353033 2.108581 0.393768 0.338855 2.190952 0.357566 0.144479 2.158752 0.223871 0.156001 
2.386596 -0.259860 0.036189 2.287130 -0.254969 0.129850 2.282056 -0.038941 0.107491 2.382548 -0.046939 0.013249 2.119147 0.265251 0.353075 2.150664 0.395884 0.327947 2.215082 0.347558 0.129472 2.184185 0.214960 0.151992 
2.404406 -0.271242 0.058838 2.312068 -0.255518 0.158418 2.305401 -0.043109 0.113345 2.398719 -0.061993 0.013449 2.160807 0.279236 0.343002 2.189294 0.406346 0.301513 2.236809 0.336944 0.104528 2.208728 0.207601 0.143589 
2.423446 -0.275548 0.087721 2.337726 -0.249067 0.190875 2.328529 -0.042266 0.124976 2.415201 -0.071931 0.021768 2.201629 0.302136 0.321615 2.228812 0.423751 0.265395 2.265205 0.333256 0.074702 2.238281 0.209158 0.128728 
2.445099 -0.274961 0.110730 2.365243 -0.238216 0.215433 2.352525 -0.038628 0.130599 2.433327 -0.078553 0.026095 2.240193 0.326334 0.298008 2.265658 0.441546 0.228962 2.290926 0.332601 0.046287 2.265576 0.214702 0.113379 
2.467583 -0.269140 0.129349 2.393419 -0.221898 0.234028 2.376929 -0.031240 0.131210 2.452037 -0.081636 0.026984 2.277178 0.350503 0.268921 2.300257 0.458193 0.187927 2.314453 0.331977 0.015457 2.291354 0.221426 0.094760 
2.489675 -0.257780 0.148113 2.421953 -0.199087 0.251355 2.401732 -0.019485 0.130824 2.470389 -0.081285 0.028301 2.314123 0.373440 0.261836 2.329296 0.473332 0.169742 2.323872 0.332505 0.008447 2.308474 0.229618 0.099118 
2.509488 -0.243420 0.173512 2.449653 -0.173470 0.274589 2.423295 -0.006485 0.138152 2.484077 -0.079471 0.038039 2.348035 0.395203 0.256419 2.353469 0.486862 0.155133 2.328442 0.333329 0.007895 2.322596 0.238573 0.108050 
2.530179 -0.228168 0.209670 2.478560 -0.147188 0.306971 2.440484 0.003878 0.155567 2.493137 -0.080018 0.059478 2.377928 0.420854 0.245078 2.373107 0.501625 0.134885 2.331172 0.334416 0.007762 2.335437 0.250456 0.117200 
2.549403 -0.204812 0.252128 2.505065 -0.112509 0.342705 2.454573 0.019420 0.177662 2.500051 -0.075636 0.088555 2.400734 0.448268 0.228245 2.386017 0.515826 0.110308 2.331922 0.335659 0.007880 2.346005 0.264855 0.125491 
2.564708 -0.185143 0.288819 2.523910 -0.087488 0.375356 2.465952 0.033965 0.204817 2.507962 -0.066347 0.119866 2.408884 0.464287 0.218455 2.390552 0.522694 0.096216 2.334291 0.335190 0.009298 2.351994 0.273520 0.131476 
2.578387 -0.167836 0.317378 2.539938 -0.066188 0.400319 2.474321 0.045860 0.226154 2.514069 -0.058349 0.144886 2.413777 0.473436 0.214781 2.391813 0.525498 0.090294 2.335738 0.333312 0.014152 2.357110 0.277981 0.138755 
2.584842 -0.148464 0.337594 2.548293 -0.042934 0.416446 2.480195 0.061402 0.238484 2.518058 -0.046617 0.161399 2.419389 0.484489 0.213969 2.394211 0.530749 0.087811 2.336824 0.335176 0.021966 2.361422 0.285655 0.148404 
2.588123 -0.133103 0.352801 2.552709 -0.024710 0.428210 2.483294 0.073541 0.247317 2.520032 -0.037284 0.173748 2.424277 0.495460 0.215228 2.397004 0.538097 0.088232 2.337748 0.340910 0.029207 2.364434 0.295025 0.156590 
2.589466 -0.120886 0.364240 2.554782 -0.010342 0.436815 2.484527 0.083028 0.253676 2.520538 -0.029898 0.183001 2.427782 0.506320 0.211406 2.399819 0.545733 0.083521 2.338736 0.347464 0.030265 2.366094 0.304819 0.158627 
2.588413 -0.111708 0.370250 2.553930 0.000237 0.440742 2.483949 0.090336 0.255868 2.519754 -0.023958 0.187319 2.428796 0.514310 0.204708 2.401177 0.551305 0.076029 2.339228 0.352306 0.026639 2.366226 0.312091 0.155860 
2.585065 -0.105876 0.370023 2.550164 0.006713 0.439273 2.481710 0.095276 0.253090 2.517915 -0.019646 0.185814 2.427108 0.518341 0.198644 2.400806 0.554305 0.069398 2.339111 0.354975 0.021035 2.364782 0.315796 0.150843 
2.580677 -0.101851 0.366581 2.545767 0.010617 0.436024 2.479324 0.100323 0.249659 2.515510 -0.014493 0.182192 2.424256 0.519277 0.199015 2.398360 0.555795 0.069842 2.337674 0.356469 0.020204 2.362949 0.316732 0.149920 
2.576786 -0.101186 0.361394 2.541900 0.010524 0.432060 2.476173 0.102560 0.246579 2.512324 -0.011525 0.177864 2.421852 0.521782 0.200334 2.396457 0.559832 0.071504 2.335714 0.361171 0.019333 2.360483 0.319896 0.148666 
2.572153 -0.103011 0.351453 2.537148 0.007068 0.424578 2.472380 0.103558 0.241033 2.508639 -0.008943 0.169808 2.419287 0.524213 0.202822 2.394874 0.565248 0.074720 2.333998 0.367985 0.017631 2.357774 0.323716 0.146157 
2.566238 -0.107344 0.334176 2.530495 0.000033 0.410873 2.468169 0.103356 0.230225 2.505137 -0.006514 0.155353 2.416855 0.525865 0.206446 2.394326 0.571726 0.079643 2.333632 0.376944 0.014422 2.355508 0.327837 0.141520 
2.559620 -0.113419 0.311032 2.522716 -0.009646 0.392020 2.463741 0.102140 0.215330 2.501835 -0.004211 0.136069 2.413923 0.525985 0.210991 2.393652 0.577844 0.086132 2.333504 0.386568 0.010810 2.353108 0.331456 0.135800 
2.551547 -0.122869 0.283021 2.512539 -0.024254 0.369295 2.458714 0.098573 0.198385 2.498859 -0.002727 0.113706 2.408571 0.521617 0.218982 2.391326 0.580983 0.097047 2.333490 0.394622 0.008717 2.350071 0.332000 0.130568 
2.542034 -0.133662 0.255315 2.500029 -0.040142 0.345755 2.452370 0.092569 0.180497 2.495452 -0.003728 0.091531 2.402335 0.514041 0.227426 2.388407 0.580870 0.108978 2.333141 0.400404 0.007708 2.346410 0.330332 0.125852 
2.531280 -0.142910 0.236774 2.487043 -0.052366 0.329157 2.444649 0.086186 0.167294 2.489911 -0.007188 0.076319 2.396937 0.509414 0.232828 2.386011 0.580708 0.116692 2.331037 0.404683 0.007738 2.341278 0.330166 0.123438 
2.522104 -0.153658 0.222993 2.475715 -0.065809 0.316910 2.436642 0.077227 0.158141 2.484029 -0.013490 0.065573 2.389721 0.502635 0.237159 2.381291 0.577519 0.123093 2.327070 0.405300 0.007861 2.334802 0.327213 0.121381 
2.514719 -0.165836 0.207384 2.465390 -0.081734 0.303214 2.429128 0.066660 0.148754 2.479444 -0.020349 0.054194 2.380972 0.493384 0.242277 2.375537 0.572589 0.130980 2.323657 0.405086 0.007980 2.328399 0.322704 0.118591 
2.508308 -0.175567 0.190036 2.455406 -0.095468 0.287378 2.423388 0.058664 0.137671 2.477251 -0.024387 0.041518 2.371695 0.483457 0.247380 2.369689 0.567105 0.139265 2.321689 0.404767 0.008040 2.323026 0.317973 0.115320 
2.503026 -0.182200 0.172659 2.446726 -0.106147 0.271331 2.419465 0.053916 0.127003 2.476691 -0.025134 0.029431 2.363053 0.473438 0.251919 2.364431 0.561385 0.147262 2.321268 0.404422 0.008059 2.319257 0.313364 0.111733 
2.497777 -0.185564 0.157716 2.438628 -0.112186 0.256746 2.415610 0.051787 0.116116 2.475652 -0.024617 0.018130 2.356584 0.467706 0.254881 2.360828 0.558627 0.152875 2.320148 0.405988 0.008223 2.315277 0.311990 0.109142 
2.492337 -0.187666 0.143948 2.430819 -0.116171 0.242912 2.411961 0.050778 0.105195 2.474335 -0.023767 0.007233 2.351188 0.464104 0.256993 2.357758 0.557311 0.157197 2.318317 0.408357 0.008420 2.311116 0.312103 0.107047 
2.486204 -0.188353 0.144751 2.424952 -0.116601 0.243693 2.407327 0.050613 0.106133 2.469417 -0.024196 0.008192 2.348562 0.464052 0.257107 2.356099 0.557225 0.157349 2.316085 0.408573 0.008423 2.307899 0.312357 0.107011 
2.476688 -0.184611 0.153558 2.417755 -0.110009 0.251799 2.401225 0.054838 0.111279 2.460958 -0.022814 0.014087 2.349734 0.470215 0.255371 2.357172 0.561325 0.153718 2.313331 0.410341 0.008255 2.305191 0.316175 0.108807 
2.465966 -0.177322 0.169801 2.411342 -0.098237 0.267021 2.394175 0.062108 0.121459 2.449566 -0.020006 0.025369 2.354575 0.482168 0.251814 2.360948 0.569579 0.146892 2.310383 0.414583 0.007978 2.303221 0.324095 0.111924 
2.455381 -0.167229 0.189779 2.406413 -0.082692 0.285412 2.387161 0.071543 0.133640 2.436870 -0.015989 0.039242 2.362212 0.497716 0.246670 2.366433 0.580307 0.137809 2.306970 0.420696 0.007938 2.301853 0.335009 0.115991 
2.445669 -0.153710 0.214337 2.403666 -0.062508 0.307115 2.381062 0.083371 0.147735 2.423788 -0.010772 0.056326 2.373544 0.516785 0.238690 2.374249 0.593046 0.125228 2.303838 0.428297 0.007848 2.302114 0.348927 0.120726 
2.438538 -0.139036 0.242471 2.403475 -0.041398 0.331506 2.376702 0.095441 0.164917 2.412481 -0.005071 0.077389 2.385202 0.535151 0.228719 2.382168 0.604244 0.110791 2.301386 0.434808 0.007624 2.303288 0.362609 0.125215 
2.434021 -0.123834 0.270930 2.405638 -0.021147 0.356603 2.372885 0.107856 0.184908 2.402003 0.002358 0.100847 2.391919 0.548692 0.220243 2.384856 0.611320 0.098926 2.296652 0.438155 0.008860 2.302517 0.372430 0.130062 
2.430284 -0.108794 0.296287 2.407815 -0.001599 0.378105 2.369030 0.119656 0.202075 2.392264 0.009715 0.121967 2.396576 0.560798 0.213760 2.385405 0.617715 0.089964 2.290359 0.442237 0.012172 2.300273 0.382245 0.136053 
2.427362 -0.099714 0.310995 2.408330 0.008564 0.392258 2.366483 0.128532 0.216048 2.386290 0.017518 0.136503 2.398137 0.567853 0.216476 2.385655 0.623400 0.092184 2.287958 0.447867 0.017880 2.299157 0.389257 0.142312 
2.423868 -0.094831 0.315302 2.406110 0.013832 0.396338 2.363437 0.133412 0.220061 2.381969 0.022013 0.140746 2.399727 0.573795 0.221010 2.386148 0.628956 0.096661 2.286018 0.453979 0.024310 2.298290 0.395767 0.148828 
2.419212 -0.090099 0.313800 2.402084 0.018923 0.394488 2.361325 0.138454 0.217727 2.379194 0.026694 0.138769 2.400881 0.577320 0.222490 2.387420 0.632725 0.098236 2.285903 0.458544 0.025896 2.298035 0.400097 0.150318 
2.415323 -0.086436 0.310918 2.398753 0.022726 0.391534 2.360173 0.142677 0.214568 2.377448 0.030769 0.135687 2.403090 0.580222 0.221954 2.390552 0.636125 0.097828 2.287948 0.462982 0.024536 2.299133 0.404047 0.148817 3.239014 -0.953684 0.388695 3.292948 -0.926275 0.362317 3.296241 -0.940734 0.354025 3.242306 -0.968143 0.380404 
2.411260 -0.082863 0.308096 2.395289 0.026385 0.388717 2.358874 0.146856 0.211646 2.375514 0.034855 0.132761 2.405620 0.583680 0.220469 2.394186 0.639915 0.096386 2.290364 0.467844 0.022291 2.300416 0.408589 0.146516 3.220994 -0.968346 0.384348 3.275966 -0.941979 0.359073 3.278810 -0.956275 0.350344 3.223838 -0.982642 0.375619 
2.406950 -0.079166 0.305339 2.391654 0.030128 0.386028 2.357384 0.151198 0.208937 2.373312 0.039141 0.129984 2.408470 0.587517 0.218619 2.398255 0.644032 0.094556 2.293101 0.473114 0.019675 2.301903 0.413593 0.143868 3.206057 -0.979932 0.375403 3.261794 -0.953961 0.351426 3.264440 -0.968053 0.342312 3.208703 -0.994024 0.366289 
2.402402 -0.075191 0.302315 2.387834 0.034123 0.383113 2.355863 0.155861 0.206049 2.371024 0.043775 0.126986 2.411602 0.591593 0.216776 2.402694 0.648425 0.092758 2.296122 0.478781 0.016990 2.303584 0.418958 0.141125 3.194057 -0.988855 0.364657 3.250362 -0.962834 0.342103 3.252980 -0.976700 0.332641 3.196675 -1.002721 0.355195 
2.397505 -0.070955 0.298890 2.383710 0.038334 0.379856 2.354247 0.160844 0.202890 2.368591 0.048772 0.123655 2.415029 0.595973 0.214726 2.407579 0.653147 0.090768 2.299502 0.484916 0.013986 2.305472 0.424769 0.138046 3.183525 -0.995394 0.354385 3.240305 -0.969100 0.333395 3.243029 -0.982754 0.323659 3.186249 -1.009049 0.344649 
2.392181 -0.066330 0.295033 2.379226 0.042917 0.376193 2.352513 0.166243 0.199358 2.365970 0.054202 0.119925 2.418519 0.600427 0.213412 2.412530 0.657950 0.089537 2.302820 0.491248 0.011743 2.307290 0.430770 0.135705 3.171841 -1.000814 0.345608 3.229146 -0.974301 0.326394 3.232053 -0.987778 0.316465 3.174747 -1.014291 0.335679 
2.386670 -0.061176 0.292772 2.374943 0.048117 0.374057 2.350705 0.172088 0.197316 2.362887 0.059991 0.117756 2.422291 0.604923 0.213626 2.417216 0.662742 0.089848 2.305424 0.497636 0.011615 2.308942 0.436882 0.135472 3.157659 -1.006166 0.338812 3.215608 -0.979671 0.321609 3.218725 -0.993012 0.311561 3.160776 -1.019507 0.328764 
2.381162 -0.055777 0.291623 2.370929 0.053509 0.373120 2.348781 0.178190 0.196604 2.359426 0.066090 0.116827 2.426618 0.609837 0.213864 2.422575 0.667973 0.090197 2.308508 0.504672 0.011461 2.310951 0.443624 0.135199 3.140910 -1.011582 0.333063 3.199579 -0.985293 0.318135 3.202934 -0.998524 0.308019 3.144265 -1.024813 0.322947 
2.375544 -0.049625 0.290660 2.366969 0.059667 0.372339 2.347023 0.184997 0.196020 2.355963 0.072881 0.116056 2.431655 0.615226 0.214099 2.428711 0.673659 0.090540 2.312179 0.512342 0.011326 2.313477 0.451023 0.134948 3.122046 -1.017452 0.327283 3.181454 -0.991538 0.314829 3.185048 -1.004665 0.304659 3.125639 -1.030578 0.317113 
2.369765 -0.042807 0.288981 2.362942 0.066373 0.370975 2.345579 0.192566 0.194999 2.352714 0.080552 0.114712 2.437702 0.621257 0.214415 2.436041 0.680061 0.091008 2.316897 0.521004 0.011112 2.316861 0.459343 0.134570 3.101101 -1.023326 0.321054 3.161230 -0.997937 0.311261 3.165076 -1.010976 0.301070 3.104947 -1.036364 0.310862 
2.365459 -0.035700 0.290719 2.360194 0.074171 0.371900 2.344629 0.199290 0.194992 2.350164 0.086594 0.115538 2.443285 0.627378 0.213730 2.441955 0.685495 0.089994 2.320012 0.527838 0.011561 2.319601 0.466890 0.135373 3.082307 -1.033196 0.313683 3.143084 -1.008732 0.305699 3.146884 -1.021582 0.295254 3.086108 -1.046046 0.303237 
2.363552 -0.029007 0.295985 2.360231 0.081466 0.376449 2.344775 0.205561 0.198812 2.348347 0.092271 0.120093 2.448231 0.632209 0.212768 2.446790 0.689383 0.088595 2.322619 0.532501 0.012127 2.322289 0.472517 0.136408 3.064108 -1.039589 0.312938 3.125495 -1.016165 0.306695 3.129296 -1.028935 0.296153 3.067909 -1.052359 0.302396 
2.362594 -0.021879 0.300636 2.361246 0.089077 0.380490 2.346065 0.212359 0.202263 2.347641 0.098593 0.124168 2.455075 0.637744 0.211925 2.453701 0.694119 0.087387 2.327155 0.538327 0.012603 2.326724 0.479165 0.137278 3.047295 -1.041489 0.319008 3.109156 -1.018947 0.314410 3.113061 -1.031789 0.303993 3.051200 -1.054330 0.308591 
2.361462 -0.014397 0.304152 2.361972 0.097010 0.383385 2.347534 0.219486 0.204541 2.347225 0.105275 0.127082 2.462245 0.643483 0.211181 2.461025 0.699168 0.086331 2.332063 0.544655 0.013033 2.331442 0.486209 0.138044 3.031825 -1.040816 0.328502 3.094048 -1.019030 0.325403 3.098087 -1.032014 0.315216 3.035864 -1.053800 0.318315 
2.360141 -0.007941 0.303898 2.361915 0.103571 0.382967 2.348378 0.225927 0.203971 2.346779 0.111613 0.126680 2.468019 0.648394 0.210947 2.467188 0.703842 0.085988 2.336026 0.550880 0.013348 2.334980 0.492694 0.138477 3.017654 -1.040645 0.335149 3.080198 -1.019656 0.333233 3.084290 -1.032762 0.323226 3.021746 -1.053751 0.325142 
2.358388 -0.002538 0.300538 2.360759 0.109154 0.379336 2.349594 0.231176 0.199950 2.347358 0.116685 0.122938 2.470420 0.650703 0.210912 2.469825 0.706104 0.085931 2.337577 0.553982 0.013492 2.336278 0.495857 0.138647 3.006499 -1.043830 0.333146 3.069319 -1.023619 0.332070 3.073359 -1.036713 0.322026 3.010539 -1.056924 0.323102 
2.357988 -0.001351 0.298343 2.360382 0.110182 0.377365 2.350518 0.232583 0.198160 2.348241 0.118247 0.120920 2.470915 0.651521 0.210905 2.470333 0.706894 0.085912 2.337678 0.555054 0.013626 2.336359 0.496961 0.138796 2.997082 -1.048909 0.326859 3.060124 -1.029375 0.326589 3.064101 -1.042349 0.316364 3.001058 -1.061883 0.316635 
2.359567 -0.007282 0.297381 2.360859 0.103537 0.377427 2.349459 0.227471 0.199370 2.348316 0.113834 0.121081 2.467091 0.649251 0.211683 2.466423 0.705081 0.086894 2.334948 0.552630 0.013745 2.333732 0.494066 0.138697 2.984393 -1.054345 0.321217 3.047688 -1.035665 0.322083 3.051617 -1.048493 0.311658 2.988321 -1.067173 0.310793 
2.361643 -0.015044 0.295232 2.361329 0.094886 0.376504 2.348011 0.220609 0.199840 2.348517 0.107844 0.120292 2.460001 0.644287 0.214122 2.459051 0.701153 0.089803 2.329912 0.547574 0.014873 2.329016 0.487948 0.139324 2.964529 -1.058020 0.320613 3.028198 -1.040775 0.322812 3.032026 -1.053569 0.312308 2.968357 -1.070814 0.310109 
2.363160 -0.022909 0.290577 2.360740 0.086103 0.373042 2.346313 0.213538 0.197697 2.348959 0.101676 0.116926 2.451220 0.638347 0.216454 2.450084 0.696478 0.092723 2.323915 0.541609 0.015427 2.323249 0.480687 0.139250 2.933903 -1.057861 0.328036 2.998085 -1.042936 0.331765 3.001704 -1.055911 0.321410 2.937522 -1.070836 0.317681 
2.363969 -0.029583 0.285481 2.359486 0.078660 0.368866 2.344359 0.207403 0.194538 2.349099 0.096298 0.112824 2.442271 0.632370 0.217870 2.441260 0.691761 0.094738 2.318255 0.535713 0.014759 2.317508 0.473502 0.137939 2.891800 -1.052816 0.343064 2.956496 -1.041123 0.348875 2.959806 -1.054495 0.338929 2.895110 -1.066187 0.333119 
2.361683 -0.033692 0.279498 2.355539 0.074186 0.363251 2.341201 0.203496 0.189278 2.347607 0.092753 0.107187 2.434854 0.628660 0.215591 2.434747 0.688609 0.092725 2.314090 0.531842 0.010606 2.312464 0.469057 0.133485 2.843465 -1.043157 0.361651 2.908413 -1.034948 0.370040 2.911374 -1.048834 0.360708 2.846426 -1.057043 0.352319 
2.359078 -0.038032 0.272924 2.351340 0.069484 0.357009 2.338047 0.199362 0.183375 2.346047 0.088975 0.100945 2.431115 0.626597 0.216567 2.431645 0.687561 0.094203 2.311814 0.531242 0.010045 2.309557 0.467439 0.132389 2.792999 -1.029819 0.379662 2.857933 -1.025227 0.390549 2.860404 -1.039633 0.381886 2.795470 -1.044225 0.371000 
2.356685 -0.041922 0.267778 2.347742 0.065250 0.352182 2.335331 0.195701 0.178912 2.344536 0.085653 0.096154 2.427871 0.624328 0.217433 2.428903 0.686090 0.095473 2.309594 0.530220 0.009754 2.306838 0.465618 0.131668 2.746346 -1.014598 0.393869 2.811027 -1.013300 0.406931 2.812946 -1.028151 0.398905 2.748264 -1.029449 0.385843 
2.354685 -0.045199 0.263647 2.344918 0.061354 0.348740 2.333527 0.193009 0.176314 2.343550 0.083570 0.092848 2.426187 0.622666 0.218630 2.428041 0.685252 0.097100 2.309099 0.530101 0.009587 2.305517 0.464677 0.131040 2.707794 -1.001261 0.402643 2.772182 -1.002617 0.417075 2.773564 -1.017755 0.409488 2.709176 -1.016400 0.395055 
2.354520 -0.048348 0.262837 2.344256 0.057882 0.348276 2.332755 0.190088 0.176279 2.343280 0.080968 0.092458 2.424728 0.620879 0.218912 2.426734 0.683616 0.097463 2.308177 0.528409 0.009527 2.304448 0.462831 0.130893 2.671057 -0.989154 0.404025 2.734861 -0.992905 0.420487 2.735858 -1.008190 0.413137 2.672054 -1.004439 0.396675 
2.355148 -0.052156 0.263306 2.344358 0.053996 0.348776 2.331970 0.186172 0.176818 2.343039 0.077130 0.092965 2.421772 0.617738 0.218828 2.423427 0.680415 0.097343 2.305643 0.524553 0.009527 2.302280 0.459026 0.130931 2.631937 -0.975210 0.400918 2.694800 -0.981581 0.419986 2.695413 -0.996975 0.412821 2.632550 -0.990603 0.393753 
2.355549 -0.056656 0.263764 2.344216 0.049698 0.348912 2.330838 0.181255 0.176553 2.342469 0.072018 0.093031 2.418721 0.613766 0.218566 2.419837 0.676330 0.097016 2.302604 0.519834 0.009592 2.299792 0.454412 0.131067 2.588428 -0.957871 0.394719 2.649908 -0.966963 0.416936 2.650132 -0.982459 0.409973 2.588652 -0.973368 0.387757 
2.355636 -0.060915 0.264001 2.343803 0.045924 0.348471 2.329547 0.176287 0.175277 2.341695 0.066577 0.092452 2.416989 0.610322 0.218362 2.417653 0.672883 0.096808 2.300240 0.516300 0.009781 2.297882 0.450880 0.131266 2.540022 -0.935541 0.384704 2.599564 -0.947607 0.410495 2.599326 -0.963199 0.403751 2.539784 -0.951134 0.377960 
2.354906 -0.064470 0.264499 2.342521 0.042861 0.348264 2.328089 0.172063 0.174217 2.340798 0.061873 0.092115 2.418149 0.610171 0.217883 2.418879 0.672377 0.096147 2.300416 0.516188 0.009838 2.297977 0.451132 0.131517 2.487043 -0.906754 0.369890 2.543992 -0.922279 0.399417 2.543116 -0.937934 0.392875 2.486167 -0.922410 0.363348 
2.352761 -0.061184 0.268963 2.341300 0.046693 0.352156 2.327107 0.174995 0.177424 2.338879 0.064266 0.095910 2.418863 0.611558 0.217018 2.419570 0.673037 0.094913 2.300556 0.516656 0.009718 2.298132 0.452332 0.131786 2.440281 -0.877966 0.351319 2.494420 -0.896849 0.384005 2.492842 -0.912497 0.377579 2.438703 -0.893614 0.344893 
2.349957 -0.056593 0.273065 2.339798 0.051817 0.355732 2.326395 0.179357 0.180382 2.336841 0.068101 0.099407 2.419818 0.613072 0.216017 2.420376 0.673687 0.093480 2.300672 0.517064 0.009708 2.298388 0.453608 0.132233 2.404098 -0.855718 0.330144 2.455567 -0.877244 0.365409 2.453473 -0.892822 0.358957 2.402004 -0.871295 0.323692 
2.347358 -0.055640 0.274655 2.337702 0.053083 0.356970 2.324932 0.180118 0.181207 2.334861 0.068553 0.100593 2.420570 0.613354 0.215664 2.421234 0.673695 0.092992 2.300775 0.517389 0.009712 2.298373 0.454215 0.132379 2.382996 -0.850357 0.313688 2.433044 -0.873371 0.350041 2.430814 -0.888820 0.343331 2.380766 -0.865805 0.306978 
2.344691 -0.054421 0.273858 2.335728 0.054073 0.356554 2.323875 0.181811 0.181236 2.333092 0.070467 0.100232 2.420516 0.612617 0.216083 2.421510 0.673279 0.093572 2.300790 0.517490 0.009701 2.298052 0.453999 0.132198 2.374369 -0.855186 0.306862 2.424452 -0.878655 0.342874 2.422295 -0.893988 0.335882 2.372212 -0.870519 0.299869 
2.341891 -0.052781 0.270937 2.333318 0.055134 0.354429 2.322848 0.184274 0.180053 2.331651 0.073496 0.098232 2.419313 0.612090 0.217086 2.420774 0.673469 0.094937 2.300616 0.518028 0.009624 2.297414 0.453819 0.131734 2.372532 -0.861830 0.308573 2.423340 -0.885320 0.343542 2.421239 -0.900569 0.336351 2.370431 -0.877080 0.301383 
2.339467 -0.051785 0.266938 2.330375 0.055387 0.351326 2.321673 0.186120 0.178043 2.330975 0.076068 0.095301 2.416900 0.611970 0.218726 2.419464 0.674300 0.097078 2.300488 0.519293 0.009356 2.296190 0.454129 0.130926 2.377869 -0.867071 0.316333 2.429548 -0.890182 0.350261 2.427452 -0.905430 0.343067 2.375773 -0.882319 0.309139 
2.337062 -0.052209 0.260052 2.326459 0.053808 0.345713 2.320138 0.186830 0.174077 2.330932 0.077913 0.090027 2.412949 0.611530 0.221303 2.417206 0.675411 0.100510 2.300277 0.521075 0.008936 2.294298 0.454355 0.129587 2.392697 -0.875749 0.328675 2.445717 -0.897919 0.361130 2.443689 -0.913206 0.354000 2.390669 -0.891036 0.321544 
2.334528 -0.054250 0.250305 2.321524 0.050212 0.337531 2.318115 0.186151 0.168113 2.331292 0.078762 0.082451 2.407657 0.610519 0.224627 2.414137 0.676504 0.105071 2.300010 0.523196 0.008379 2.291827 0.454366 0.127708 2.418318 -0.890552 0.343818 2.473201 -0.911099 0.374177 2.471371 -0.926437 0.367104 2.416488 -0.905890 0.336745 
2.332496 -0.058107 0.238915 2.316581 0.044617 0.327709 2.316037 0.183639 0.160777 2.332112 0.077962 0.073497 2.401972 0.608617 0.228075 2.410770 0.676948 0.109993 2.299739 0.524943 0.007794 2.289261 0.453764 0.125555 2.454460 -0.911549 0.359654 2.511588 -0.929699 0.387276 2.510130 -0.945072 0.380190 2.453002 -0.926922 0.352568 
2.331225 -0.062756 0.227079 2.312223 0.038054 0.317446 2.314447 0.180332 0.153295 2.333600 0.076541 0.064388 2.396092 0.605669 0.232026 2.407136 0.676513 0.115626 2.299463 0.526016 0.007761 2.286764 0.452320 0.123743 2.500563 -0.936421 0.374329 2.560069 -0.951506 0.398568 2.559098 -0.966873 0.391386 2.499592 -0.951788 0.367148 
2.331041 -0.068035 0.215431 2.308954 0.030808 0.307257 2.313533 0.176273 0.145973 2.335767 0.074422 0.055552 2.390373 0.601819 0.235789 2.403445 0.675138 0.121145 2.299196 0.526214 0.007869 2.284498 0.450042 0.121999 2.555394 -0.962598 0.386077 2.617143 -0.974031 0.406384 2.616733 -0.989335 0.399016 2.554984 -0.977902 0.378710 
2.331425 -0.073155 0.203500 2.306186 0.023581 0.296747 2.313094 0.172338 0.138579 2.338477 0.072568 0.046679 2.384322 0.597376 0.239458 2.399400 0.673221 0.126719 2.298910 0.525983 0.007975 2.282241 0.447284 0.120103 2.618348 -0.988133 0.393494 2.682017 -0.995454 0.409261 2.682169 -1.010621 0.401607 2.618499 -1.003301 0.385840 
2.332422 -0.078652 0.191162 2.303901 0.015924 0.285670 2.312923 0.167883 0.130684 2.341590 0.070248 0.037466 2.378393 0.592684 0.242892 2.395387 0.671065 0.132179 2.298633 0.525747 0.008085 2.280084 0.444516 0.118092 2.687878 -1.011016 0.395548 2.752939 -1.013843 0.406277 2.753613 -1.028802 0.398249 2.688552 -1.025975 0.387520 
2.333849 -0.084185 0.178380 2.301956 0.008130 0.274039 2.313050 0.163308 0.122413 2.345092 0.067910 0.027985 2.372535 0.587528 0.246176 2.391451 0.668518 0.137674 2.298371 0.525509 0.008206 2.277933 0.441676 0.115902 2.764214 -1.030099 0.391272 2.829993 -1.028038 0.396261 2.831097 -1.042715 0.387774 2.765318 -1.044776 0.382785 
2.335909 -0.090165 0.164993 2.300618 -0.000183 0.261676 2.313531 0.158162 0.113507 2.348977 0.065074 0.017997 2.367125 0.581904 0.249202 2.387844 0.665555 0.143073 2.298139 0.525268 0.008349 2.275929 0.438789 0.113573 2.846533 -1.043435 0.379230 2.912098 -1.036011 0.377787 2.913524 -1.050351 0.368787 2.847958 -1.057775 0.370231 
2.339972 -0.098286 0.151070 2.301698 -0.010649 0.248767 2.316354 0.150838 0.104196 2.354787 0.060074 0.007610 2.364554 0.573606 0.251626 2.386937 0.659863 0.147951 2.298761 0.523289 0.008488 2.274892 0.434230 0.111166 2.928250 -1.054053 0.358056 2.992582 -1.041164 0.350902 2.994288 -1.055039 0.341245 2.929955 -1.067928 0.348399 
2.347200 -0.109631 0.148173 2.307781 -0.024275 0.247422 2.319961 0.139910 0.105688 2.359586 0.051410 0.007495 2.361746 0.560558 0.252842 2.384021 0.647999 0.150139 2.299961 0.511087 0.008482 2.276261 0.420829 0.110147 2.999966 -1.061842 0.335533 3.062522 -1.044180 0.324096 3.064380 -1.057491 0.313702 3.001824 -1.075153 0.325139 
2.360192 -0.126743 0.148349 2.317692 -0.042348 0.247147 2.326588 0.121917 0.105262 2.369369 0.034386 0.007527 2.357651 0.544667 0.253580 2.378901 0.632941 0.151374 2.299697 0.494482 0.008428 2.277102 0.403360 0.109573 3.060273 -1.064471 0.319097 3.120839 -1.043449 0.303417 3.122526 -1.056407 0.292560 3.061960 -1.077429 0.308239 
2.373998 -0.143752 0.147326 2.328559 -0.061064 0.246260 2.334313 0.104206 0.105383 2.380105 0.018384 0.007497 2.353087 0.526352 0.254444 2.373177 0.615685 0.152926 2.299347 0.475918 0.008385 2.278001 0.383708 0.108813 3.111860 -1.063808 0.310635 3.170404 -1.040515 0.290990 3.171816 -1.053363 0.279963 3.113272 -1.076656 0.299609 
2.388336 -0.159435 0.145102 2.340040 -0.079195 0.244696 2.342786 0.087978 0.105991 2.391506 0.004601 0.007407 2.347330 0.505972 0.255554 2.366122 0.596646 0.154982 2.299020 0.455677 0.008343 2.279080 0.362096 0.107786 3.158821 -1.059800 0.306450 3.215213 -1.034853 0.282922 3.216331 -1.047754 0.271923 3.159939 -1.072701 0.295452 
2.402788 -0.172997 0.141881 2.352107 -0.095754 0.242652 2.351788 0.073997 0.107085 2.402959 -0.006392 0.007269 2.342879 0.485713 0.256891 2.360415 0.577981 0.157548 2.299949 0.436585 0.008455 2.281373 0.341388 0.106620 3.204090 -1.053103 0.302476 3.258065 -1.026800 0.275075 3.258908 -1.039840 0.264217 3.204932 -1.066143 0.291617 
2.417305 -0.183933 0.138398 2.364950 -0.109710 0.240573 2.361548 0.062662 0.108399 2.414453 -0.014714 0.007117 2.340351 0.467886 0.258132 2.356809 0.561605 0.159970 2.303123 0.419947 0.008547 2.285734 0.323282 0.105488 3.249796 -1.043786 0.294203 3.300844 -1.016127 0.262818 3.301402 -1.029307 0.252110 3.250354 -1.056965 0.283496 
2.432968 -0.193600 0.138466 2.378789 -0.120370 0.240407 2.372657 0.051885 0.108178 2.427442 -0.024487 0.007134 2.341996 0.455327 0.258382 2.356890 0.549447 0.160355 2.307331 0.406683 0.008565 2.291580 0.309596 0.105364 3.297647 -1.033613 0.277664 3.344517 -1.004074 0.241795 3.344589 -1.017235 0.231050 3.297718 -1.046774 0.266920 
2.448765 -0.202109 0.138826 2.392798 -0.129834 0.240482 2.383460 0.042016 0.107915 2.440095 -0.033386 0.007163 2.344847 0.446257 0.258383 2.358135 0.540554 0.160295 2.311440 0.396770 0.008560 2.297351 0.299490 0.105421 3.340871 -1.020820 0.264462 3.383158 -0.990155 0.224121 3.382640 -1.003408 0.213503 3.340353 -1.034073 0.253845 
2.464542 -0.207934 0.138163 2.407095 -0.137224 0.240093 2.394175 0.034897 0.108180 2.452356 -0.038929 0.007142 2.347478 0.438407 0.258593 2.359142 0.533161 0.160739 2.315687 0.388810 0.008581 2.303285 0.291060 0.105199 3.377325 -1.005844 0.259317 3.415284 -0.975122 0.214918 3.414271 -0.988651 0.204690 3.376312 -1.019373 0.249089 
2.477873 -0.209981 0.136421 2.420066 -0.141271 0.239509 2.402743 0.031757 0.109298 2.461349 -0.040063 0.007067 2.350405 0.432123 0.259291 2.360581 0.528107 0.162476 2.320356 0.384571 0.008667 2.309503 0.285591 0.104214 3.402699 -0.992173 0.268840 3.439091 -0.962021 0.222770 3.438061 -0.975827 0.212921 3.401669 -1.005979 0.258991 
2.486414 -0.209697 0.136619 2.428630 -0.141127 0.239813 2.409985 0.031626 0.109420 2.468586 -0.040048 0.007084 2.358207 0.433766 0.259273 2.368042 0.529827 0.162498 2.327847 0.386305 0.008669 2.317338 0.287247 0.104174 3.417121 -0.979246 0.291088 3.454625 -0.949310 0.245775 3.454301 -0.963359 0.236226 3.416797 -0.993295 0.281539 
2.489692 -0.208701 0.138130 2.432263 -0.138829 0.240647 2.415205 0.032979 0.108795 2.473427 -0.039997 0.007164 2.366293 0.436851 0.258711 2.376227 0.532175 0.161219 2.334275 0.387856 0.008609 2.323642 0.289532 0.104855 3.420657 -0.971622 0.314083 3.460422 -0.941680 0.270744 3.461003 -0.955895 0.261456 3.421238 -0.985837 0.304795 
2.490004 -0.208407 0.138937 2.432953 -0.137513 0.240962 2.418111 0.033900 0.108330 2.475919 -0.040102 0.007207 2.371127 0.437906 0.258384 2.381614 0.532701 0.160436 2.338300 0.388004 0.008567 2.327088 0.290208 0.105284 3.416986 -0.972244 0.325264 3.458517 -0.942214 0.283678 3.459644 -0.956471 0.274508 3.418113 -0.986501 0.316093 
2.489045 -0.209191 0.139211 2.432126 -0.137874 0.241015 2.418424 0.033427 0.108116 2.476082 -0.041001 0.007220 2.372116 0.437998 0.258328 2.383081 0.532641 0.160286 2.339054 0.388010 0.008559 2.327350 0.290368 0.105373 3.410462 -0.980509 0.320551 3.452613 -0.950454 0.279611 3.453661 -0.964621 0.270291 3.411511 -0.994676 0.311230 
2.488898 -0.209366 0.139175 2.431959 -0.138048 0.240967 2.418401 0.033291 0.108103 2.476077 -0.041137 0.007218 2.371842 0.437861 0.258394 2.382990 0.532540 0.160408 2.339049 0.388006 0.008563 2.327162 0.290329 0.105320 3.401303 -0.993195 0.307029 3.443698 -0.963313 0.266215 3.444280 -0.977296 0.256582 3.401885 -1.007178 0.297395 
2.489389 -0.209148 0.139580 2.432377 -0.137690 0.241232 2.418461 0.033314 0.107975 2.476218 -0.041252 0.007236 2.372154 0.438533 0.258210 2.383054 0.532999 0.159990 2.339056 0.388068 0.008541 2.327417 0.290600 0.105540 3.392047 -1.005896 0.291304 3.434484 -0.976244 0.250366 3.434455 -0.989990 0.240381 3.392019 -1.019642 0.281319 
2.490432 -0.208653 0.140409 2.433269 -0.136835 0.241723 2.419002 0.033510 0.107660 2.476915 -0.041409 0.007275 2.372945 0.439633 0.257870 2.383436 0.533732 0.159254 2.339080 0.388181 0.008506 2.327849 0.291075 0.105914 3.385201 -1.014906 0.278931 3.427544 -0.985462 0.237747 3.426991 -0.999001 0.227498 3.384647 -1.028445 0.268682 
2.491273 -0.208133 0.141178 2.434007 -0.135940 0.242166 2.419582 0.033807 0.107364 2.477601 -0.041483 0.007317 2.373807 0.440712 0.257523 2.383948 0.534441 0.158519 2.339121 0.388314 0.008468 2.328237 0.291573 0.106278 3.382304 -1.018565 0.273527 3.424544 -0.989245 0.232149 3.423727 -1.002687 0.221790 3.381487 -1.032007 0.263168 
2.492422 -0.207779 0.141770 2.435156 -0.135309 0.242560 2.420407 0.033956 0.107187 2.478431 -0.041607 0.007350 2.374763 0.441661 0.257170 2.384522 0.535045 0.157802 2.339195 0.388381 0.008428 2.328689 0.291981 0.106615 3.383886 -1.017447 0.274602 3.425870 -0.988300 0.232844 3.424980 -1.001780 0.222540 3.382996 -1.030927 0.264299 
2.494388 -0.207395 0.142367 2.437187 -0.134680 0.243017 2.421809 0.034068 0.107071 2.479776 -0.041735 0.007382 2.375852 0.442525 0.256807 2.385067 0.535608 0.157105 2.339272 0.388420 0.008389 2.329311 0.292316 0.106923 3.389386 -1.013413 0.278778 3.430775 -0.984555 0.236233 3.429832 -0.998153 0.226091 3.388443 -1.027012 0.268637 
2.497554 -0.207235 0.143047 2.440436 -0.134345 0.243618 2.423764 0.033752 0.107019 2.481666 -0.042218 0.007420 2.377142 0.443648 0.256347 2.385509 0.536370 0.156236 2.339297 0.388473 0.008355 2.330185 0.292724 0.107315 3.398943 -1.006623 0.283791 3.439061 -0.978250 0.239729 3.437980 -0.992040 0.229864 3.397862 -1.020414 0.273926 
2.500851 -0.207184 0.143492 2.443887 -0.134393 0.244222 2.425005 0.033124 0.107200 2.482782 -0.042737 0.007446 2.376809 0.444775 0.255839 2.384050 0.537178 0.155345 2.337443 0.388555 0.008319 2.329462 0.293118 0.107678 3.412957 -0.996202 0.288041 3.450753 -0.968579 0.241517 3.449405 -0.982639 0.232074 3.411609 -1.010261 0.278598 
2.505239 -0.206277 0.144219 2.448266 -0.133533 0.244977 2.426819 0.033101 0.107256 2.484643 -0.042701 0.007484 2.376534 0.445846 0.255392 2.382341 0.537961 0.154541 2.335742 0.388503 0.008361 2.329208 0.293345 0.108092 3.428471 -0.982707 0.293534 3.463632 -0.956104 0.244422 3.462044 -0.970476 0.235500 3.426883 -0.997079 0.284612 
2.511150 -0.205178 0.145028 2.454210 -0.132478 0.245837 2.429773 0.033097 0.107340 2.487604 -0.042646 0.007527 2.377153 0.447037 0.254873 2.381247 0.538825 0.153641 2.334640 0.388428 0.008430 2.329837 0.293586 0.108560 3.445050 -0.968183 0.300007 3.477361 -0.943043 0.248238 3.475525 -0.957758 0.239946 3.443213 -0.982898 0.291714 
2.518278 -0.202138 0.152462 2.461419 -0.126390 0.251047 2.435152 0.034190 0.107110 2.492928 -0.044560 0.009619 2.382127 0.453993 0.251963 2.383239 0.542976 0.148182 2.333073 0.388571 0.008467 2.331229 0.296503 0.111250 3.462065 -0.953573 0.308236 3.491681 -0.929958 0.254187 3.489593 -0.944959 0.246489 3.459977 -0.968574 0.300537 
2.523387 -0.195129 0.175751 2.470298 -0.113146 0.271407 2.439054 0.038231 0.118756 2.493094 -0.046682 0.024345 2.392850 0.468363 0.244964 2.389328 0.551115 0.136200 2.331717 0.389184 0.008384 2.334445 0.303300 0.116369 3.478409 -0.935409 0.323058 3.505711 -0.913592 0.267070 3.503523 -0.928903 0.260037 3.476221 -0.950720 0.316025 
2.528648 -0.181846 0.210423 2.481874 -0.092454 0.302679 2.441967 0.047320 0.141234 2.489755 -0.044908 0.050381 2.405613 0.485632 0.234291 2.396106 0.560065 0.120014 2.330460 0.389548 0.008245 2.339115 0.311941 0.122027 3.491022 -0.913952 0.346111 3.516797 -0.894382 0.288590 3.514661 -0.910024 0.282311 3.488887 -0.929594 0.339832 
2.536618 -0.166183 0.239345 2.494544 -0.072238 0.329311 2.448718 0.060386 0.163466 2.491844 -0.036338 0.074987 2.414921 0.496844 0.227047 2.402046 0.564759 0.109099 2.334129 0.388099 0.008818 2.346153 0.316985 0.126471 3.500600 -0.895488 0.374541 3.525585 -0.878374 0.315899 3.523484 -0.894297 0.310357 3.498498 -0.911411 0.368998 
2.544179 -0.152215 0.264470 2.505815 -0.054793 0.352373 2.455655 0.072345 0.183513 2.495098 -0.027812 0.097160 2.422117 0.506712 0.222509 2.407273 0.569390 0.101923 2.338414 0.388362 0.010462 2.352412 0.322473 0.130906 3.507514 -0.879424 0.404940 3.532554 -0.864602 0.345701 3.530566 -0.880754 0.340819 3.505526 -0.895575 0.400059 
2.550347 -0.141021 0.283776 2.514528 -0.040806 0.369589 2.460577 0.081330 0.198224 2.497504 -0.021576 0.114017 2.428993 0.516095 0.223219 2.411692 0.575112 0.101123 2.340577 0.391553 0.016703 2.357024 0.329325 0.138773 3.511642 -0.865375 0.432314 3.537291 -0.852330 0.372917 3.535441 -0.868641 0.368536 3.509793 -0.881686 0.427933 
2.554521 -0.131138 0.297321 2.520395 -0.028552 0.380996 2.464105 0.089186 0.207321 2.499355 -0.016051 0.125305 2.435162 0.525162 0.224534 2.415643 0.581267 0.101404 2.342020 0.396054 0.022960 2.360670 0.336742 0.146160 3.514198 -0.853486 0.453641 3.540754 -0.841489 0.394423 3.539076 -0.857897 0.390346 3.512520 -0.869894 0.449565 
2.557453 -0.122434 0.307000 2.524561 -0.017900 0.388734 2.466714 0.096124 0.213104 2.500741 -0.011028 0.133074 2.440034 0.533086 0.223371 2.418975 0.586694 0.099385 2.343436 0.400220 0.025906 2.363615 0.343410 0.150041 3.514880 -0.844464 0.468264 3.542709 -0.832711 0.409584 3.541244 -0.849161 0.405594 3.513415 -0.860914 0.464275 3.366589 0.110957 0.324665 3.402266 0.147284 0.366659 3.414037 0.134770 0.367483 3.378360 0.098443 0.325490 
2.559018 -0.115254 0.313860 2.527100 -0.009472 0.394367 2.468621 0.102401 0.217567 2.501673 -0.005980 0.138793 2.443063 0.539190 0.222219 2.421098 0.590809 0.097548 2.344432 0.403366 0.027796 2.365508 0.348552 0.152676 3.513356 -0.839381 0.476832 3.543129 -0.827124 0.419219 3.541942 -0.843566 0.415107 3.512168 -0.855823 0.472721 3.372663 0.115357 0.347795 3.408912 0.151638 0.389336 3.420867 0.139277 0.389701 3.384617 0.102995 0.348160 
2.560996 -0.111131 0.319048 2.529944 -0.004796 0.399164 2.470388 0.106168 0.222151 2.502581 -0.002757 0.143775 2.445717 0.542644 0.225169 2.422795 0.593678 0.100430 2.345211 0.406029 0.032267 2.367241 0.351802 0.157239 3.511540 -0.838700 0.475661 3.543428 -0.825056 0.419509 3.542577 -0.841428 0.415048 3.510689 -0.855072 0.471200 3.369332 0.119603 0.361808 3.404196 0.155995 0.404424 3.416214 0.143708 0.405085 3.381351 0.107316 0.362468 
2.561821 -0.108825 0.321336 2.531186 -0.002132 0.401137 2.471211 0.108226 0.223886 2.502989 -0.001053 0.145832 2.447620 0.545202 0.225882 2.424368 0.595900 0.101066 2.346064 0.408232 0.033783 2.368416 0.354345 0.158845 3.509453 -0.842878 0.464682 3.543225 -0.826970 0.410254 3.542678 -0.843174 0.405178 3.508906 -0.859083 0.459606 3.362252 0.120920 0.375227 3.394919 0.157125 0.419702 3.406998 0.144926 0.420761 3.374331 0.108721 0.376286 
2.561312 -0.108333 0.320449 2.530728 -0.001704 0.400353 2.471116 0.108969 0.223176 2.502838 -0.000250 0.145016 2.448202 0.546117 0.225685 2.425185 0.597000 0.100901 2.346657 0.409540 0.033300 2.368768 0.355469 0.158325 3.506554 -0.850038 0.448190 3.542298 -0.831464 0.395908 3.542081 -0.847425 0.390089 3.506338 -0.865999 0.442371 3.353043 0.118689 0.391603 3.383263 0.153957 0.438495 3.395390 0.141830 0.439800 3.365170 0.106562 0.392908 
2.559363 -0.109581 0.316178 2.528428 -0.003401 0.396545 2.469950 0.108397 0.219697 2.502010 -0.000384 0.141066 2.447452 0.545537 0.224576 2.425252 0.597215 0.099971 2.346944 0.410261 0.030733 2.368235 0.355394 0.155555 3.502069 -0.859387 0.428755 3.540023 -0.837975 0.379187 3.540183 -0.853616 0.372554 3.502229 -0.875028 0.422121 3.340880 0.113267 0.410490 3.368302 0.146993 0.460154 3.380469 0.134925 0.461631 3.353047 0.101199 0.411967 
2.555964 -0.112643 0.308270 2.524240 -0.007344 0.389483 2.467718 0.106463 0.213282 2.500546 -0.001457 0.133787 2.445432 0.543531 0.222792 2.424596 0.596615 0.098543 2.346919 0.410504 0.026385 2.366842 0.354230 0.150805 3.495538 -0.870200 0.408329 3.536042 -0.845983 0.362188 3.536670 -0.861237 0.354733 3.496167 -0.885454 0.400874 3.324983 0.104558 0.430375 3.349041 0.136236 0.483041 3.361232 0.124218 0.484701 3.337175 0.092540 0.432035 
2.551222 -0.117516 0.296527 2.518244 -0.013567 0.378972 2.464485 0.103166 0.203823 2.498541 -0.003433 0.123070 2.442098 0.540044 0.220196 2.423216 0.595190 0.096534 2.346658 0.410331 0.020090 2.364623 0.351992 0.143856 3.487155 -0.881899 0.387113 3.530449 -0.855002 0.345181 3.531668 -0.869810 0.336942 3.488375 -0.896707 0.378873 3.305102 0.092137 0.450627 3.325219 0.121228 0.506350 3.337418 0.109245 0.508202 3.317302 0.080154 0.452479 
2.545039 -0.124028 0.280708 2.510185 -0.021909 0.364653 2.460281 0.098631 0.190948 2.496175 -0.006175 0.108659 2.437121 0.535330 0.216134 2.420996 0.593119 0.093292 2.346193 0.409965 0.011213 2.361400 0.348982 0.134070 3.478325 -0.894181 0.362495 3.524247 -0.864266 0.325723 3.526239 -0.878486 0.316642 3.480317 -0.908402 0.353414 3.281919 0.075283 0.471610 3.298107 0.101137 0.530138 3.310334 0.089188 0.532034 3.294145 0.063335 0.473506 
2.534583 -0.128128 0.267053 2.497741 -0.027176 0.351559 2.453602 0.096377 0.178410 2.491424 -0.007293 0.095548 2.430431 0.530420 0.218692 2.416560 0.591039 0.096943 2.343550 0.409784 0.009227 2.356507 0.345971 0.130899 3.476278 -0.906058 0.329888 3.522118 -0.873517 0.295307 3.524221 -0.887097 0.285316 3.478381 -0.919638 0.319896 3.264179 0.057004 0.493715 3.279301 0.080411 0.553544 3.291720 0.068604 0.555024 3.276599 0.045197 0.495195 
2.524789 -0.131376 0.261534 2.487428 -0.031055 0.346562 2.446714 0.094632 0.174112 2.485010 -0.008431 0.090712 2.425275 0.527740 0.220543 2.413036 0.589784 0.099339 2.339912 0.409944 0.008851 2.351219 0.344712 0.129933 3.466913 -0.918654 0.310099 3.513551 -0.884675 0.278063 3.515809 -0.897764 0.267468 3.469170 -0.931742 0.299504 3.245936 0.044753 0.502510 3.258503 0.066977 0.563372 3.270816 0.055101 0.565166 3.258248 0.032878 0.504304 
2.516135 -0.134001 0.260978 2.479091 -0.033839 0.346332 2.439529 0.092798 0.174310 2.477489 -0.010117 0.090576 2.420921 0.526576 0.221242 2.409736 0.589174 0.100221 2.335812 0.410205 0.008661 2.346043 0.344427 0.129544 3.451065 -0.930711 0.302849 3.499155 -0.896301 0.273534 3.501673 -0.909097 0.262645 3.453584 -0.943507 0.291960 3.226905 0.033247 0.509792 3.236752 0.054413 0.571526 3.248918 0.042448 0.573687 3.239071 0.021282 0.511953 
2.506963 -0.134450 0.263321 2.470986 -0.033742 0.348488 2.431907 0.092697 0.176210 2.468782 -0.010768 0.092668 2.417252 0.526964 0.220772 2.406471 0.589236 0.099546 2.330908 0.410595 0.008687 2.340707 0.345150 0.129786 3.431337 -0.941565 0.304526 3.481173 -0.907346 0.278041 3.484034 -0.920002 0.267074 3.434198 -0.954221 0.293559 3.206604 0.021523 0.518019 3.213867 0.041383 0.580540 3.225915 0.029348 0.582963 3.218651 0.009488 0.520442 
2.497217 -0.132468 0.268063 2.463060 -0.030514 0.352493 2.424063 0.094647 0.179266 2.459099 -0.010058 0.096480 2.414200 0.528778 0.219176 2.403167 0.589918 0.097398 2.325139 0.411139 0.008924 2.335158 0.346835 0.130614 3.409886 -0.950556 0.311066 3.461473 -0.916758 0.287560 3.464754 -0.929358 0.276645 3.413168 -0.963156 0.300151 3.184660 0.010203 0.525784 3.189271 0.028704 0.588970 3.201197 0.016602 0.591643 3.196586 -0.001899 0.528457 
