0.687586 0.295805 0.004585 0.708904 0.432148 0.004141 0.473101 0.330297 0.004472 0.497226 0.464862 0.004033 
0.687597 0.295863 0.004591 0.708909 0.432207 0.004263 0.473110 0.330346 0.004488 0.497229 0.464912 0.004165 
0.687620 0.295830 0.004658 0.708924 0.432175 0.004360 0.473131 0.330300 0.004447 0.497242 0.464867 0.004155 
0.687662 0.295952 0.004346 0.708930 0.432303 0.004480 0.473164 0.330368 0.004120 0.497241 0.464941 0.004256 
0.687638 0.295965 0.004322 0.708905 0.432317 0.004474 0.473140 0.330380 0.004225 0.497216 0.464954 0.004376 
0.687638 0.295966 0.004382 0.708906 0.432317 0.004521 0.473140 0.330380 0.004295 0.497216 0.464954 0.004434 
0.687638 0.295966 0.004434 0.708906 0.432317 0.004564 0.473141 0.330380 0.004357 0.497216 0.464954 0.004487 
0.687602 0.296013 0.004303 0.708862 0.432365 0.004514 0.473102 0.330415 0.004434 0.497171 0.464991 0.004641 
0.687528 0.296152 0.003784 0.708778 0.432505 0.004367 0.473026 0.330537 0.004359 0.497084 0.465113 0.004929 
0.687621 0.296199 0.003894 0.708879 0.432550 0.004612 0.473121 0.330597 0.004038 0.497186 0.465171 0.004747 
0.687624 0.296236 0.003968 0.708880 0.432587 0.004695 0.473123 0.330633 0.004108 0.497188 0.465207 0.004826 
0.687568 0.296197 0.004040 0.708863 0.432541 0.004947 0.473077 0.330654 0.004218 0.497180 0.465220 0.005114 
0.687565 0.296182 0.004120 0.708860 0.432523 0.005470 0.473074 0.330639 0.004287 0.497177 0.465202 0.005622 
0.687562 0.296164 0.004192 0.708856 0.432498 0.006088 0.473071 0.330621 0.004351 0.497173 0.465177 0.006226 
0.687559 0.296143 0.004257 0.708851 0.432467 0.006789 0.473067 0.330600 0.004410 0.497168 0.465146 0.006916 
0.687534 0.296068 0.004345 0.708939 0.432369 0.007115 0.473071 0.330696 0.004835 0.497283 0.465218 0.007572 
0.687533 0.296069 0.004399 0.708927 0.432373 0.007135 0.473067 0.330681 0.004850 0.497268 0.465205 0.007554 
0.687536 0.296096 0.004447 0.708922 0.432415 0.006391 0.473068 0.330694 0.004855 0.497261 0.465234 0.006774 
0.687536 0.296104 0.004494 0.708922 0.432426 0.006229 0.473068 0.330702 0.004856 0.497260 0.465244 0.006569 
0.687534 0.296096 0.004533 0.708919 0.432415 0.006503 0.473066 0.330694 0.004860 0.497258 0.465233 0.006807 
0.683425 0.282095 0.004702 0.715530 0.416304 0.005702 0.472366 0.333553 0.004952 0.507128 0.465767 0.005938 
0.677493 0.262753 0.004984 0.720870 0.393758 0.004976 0.471562 0.331936 0.004977 0.517418 0.460727 0.004969 
0.674532 0.258104 0.004939 0.721267 0.387949 0.004791 0.470450 0.332564 0.004938 0.519606 0.460132 0.004792 
0.676151 0.261080 0.004415 0.720479 0.391766 0.004516 0.470729 0.331757 0.004958 0.517519 0.460211 0.005051 
0.679706 0.275923 0.004461 0.714411 0.409488 0.004544 0.469687 0.331471 0.004969 0.507010 0.462988 0.005044 
0.680476 0.281729 0.004396 0.711742 0.416136 0.005542 0.469104 0.331855 0.006069 0.503039 0.464283 0.007180 
1.019951 0.196913 0.013001 0.469234 0.331785 0.004852 0.818776 0.123849 0.004770 0.972454 0.326369 0.018415 0.503059 0.464244 0.005296 0.711806 0.416257 0.005153 
1.020373 0.196600 0.006896 0.469234 0.331777 0.004886 0.818908 0.123900 0.004783 0.973288 0.326210 0.012222 0.503052 0.464239 0.005195 0.711801 0.416263 0.005072 
1.020690 0.195909 0.004968 0.469513 0.333094 0.005452 0.818966 0.123902 0.004795 0.974104 0.325682 0.010682 0.504124 0.465351 0.005736 0.712581 0.416127 0.005076 
1.021229 0.195028 0.004912 0.469760 0.335195 0.007315 0.819166 0.123986 0.003831 0.975248 0.324980 0.011391 0.505595 0.467125 0.007586 0.713575 0.415979 0.005106 
1.021319 0.194684 0.004930 0.469912 0.336165 0.009421 0.819167 0.123892 0.003965 0.975504 0.324684 0.011650 0.506308 0.467941 0.009683 0.714037 0.415922 0.005146 
1.021433 0.194425 0.004975 0.470024 0.336609 0.011440 0.819243 0.123741 0.004089 0.975693 0.324443 0.011843 0.506704 0.468308 0.011650 0.714272 0.415858 0.005157 
1.021724 0.194351 0.004983 0.470109 0.336714 0.013268 0.819534 0.123664 0.004161 0.975984 0.324365 0.011925 0.506858 0.468393 0.013436 0.714340 0.415850 0.005176 
1.021731 0.194353 0.004970 0.470148 0.336936 0.014560 0.819541 0.123666 0.004239 0.975994 0.324370 0.011863 0.507030 0.468578 0.014680 0.714409 0.415837 0.005182 
1.021731 0.194359 0.004958 0.470170 0.337053 0.015227 0.819541 0.123673 0.004310 0.975994 0.324388 0.011650 0.507113 0.468677 0.015183 0.714441 0.415836 0.005142 
1.021776 0.194392 0.004974 0.470180 0.337045 0.015361 0.819606 0.123649 0.004371 0.976000 0.324424 0.011316 0.507102 0.468675 0.015053 0.714436 0.415847 0.005061 
1.021795 0.194417 0.004980 0.470161 0.337037 0.015047 0.819637 0.123640 0.004425 0.975992 0.324462 0.010853 0.507063 0.468672 0.014543 0.714421 0.415858 0.004994 
1.021789 0.194439 0.004971 0.470164 0.336708 0.014202 0.819728 0.123385 0.004479 0.975803 0.324445 0.010221 0.506878 0.468396 0.013721 0.714346 0.415873 0.004988 
1.021782 0.194465 0.004963 0.470220 0.335943 0.012908 0.819939 0.122793 0.004528 0.975391 0.324357 0.009441 0.506502 0.467751 0.012473 0.714188 0.415903 0.004982 
1.021773 0.194497 0.004958 0.470366 0.334615 0.011224 0.820331 0.121705 0.004628 0.974656 0.324156 0.008505 0.505901 0.466626 0.010863 0.713927 0.415950 0.004978 
1.021765 0.194533 0.004953 0.470602 0.332851 0.009315 0.820884 0.120207 0.004833 0.973657 0.323851 0.007470 0.505146 0.465126 0.009044 0.713589 0.416008 0.004973 
1.021755 0.194554 0.004957 0.471124 0.330889 0.007212 0.821512 0.118525 0.005073 0.972547 0.323475 0.006405 0.504562 0.463447 0.007041 0.713437 0.416070 0.004968 
1.021748 0.194577 0.004957 0.471878 0.328656 0.004976 0.822276 0.116548 0.005373 0.971250 0.323005 0.005238 0.504053 0.461527 0.004913 0.713380 0.416140 0.004959 
1.021741 0.194211 0.005000 0.471783 0.328363 0.005118 0.822400 0.115851 0.005547 0.971028 0.322555 0.005005 0.503822 0.461266 0.004835 0.713195 0.416092 0.004638 
1.021291 0.192376 0.005357 0.471813 0.328269 0.005118 0.821881 0.114195 0.006335 0.970693 0.320764 0.004996 0.503732 0.461201 0.004875 0.713145 0.416217 0.004668 
1.019983 0.190493 0.006043 0.471875 0.328157 0.005006 0.820557 0.112361 0.007595 0.969410 0.318889 0.004996 0.503711 0.461108 0.004666 0.713153 0.416255 0.004679 
1.018462 0.189010 0.006556 0.471769 0.327996 0.005272 0.819007 0.110966 0.008705 0.967940 0.317419 0.004996 0.503496 0.460973 0.004746 0.712974 0.416290 0.004342 
1.017417 0.187847 0.006955 0.471843 0.327784 0.005116 0.817943 0.109865 0.009537 0.966928 0.316264 0.004995 0.503428 0.460794 0.004452 0.712954 0.416334 0.004391 
1.016973 0.187269 0.007184 0.471874 0.327567 0.004915 0.817486 0.109327 0.009955 0.966506 0.315691 0.004995 0.503362 0.460599 0.003917 0.712920 0.416296 0.004249 
1.016793 0.187029 0.007202 0.471809 0.327420 0.004897 0.817293 0.109122 0.010076 0.966346 0.315458 0.004946 0.503239 0.460464 0.003782 0.712817 0.416252 0.004085 
1.016789 0.186971 0.007081 0.471681 0.327315 0.005108 0.817276 0.109099 0.009917 0.966366 0.315412 0.004936 0.503058 0.460371 0.003857 0.712653 0.416239 0.003765 
1.016730 0.186935 0.006859 0.471680 0.327311 0.005099 0.817181 0.109152 0.009603 0.966367 0.315403 0.004940 0.503057 0.460367 0.003957 0.712652 0.416236 0.003874 
1.016644 0.186887 0.006582 0.471679 0.327306 0.005086 0.817042 0.109235 0.009218 0.966369 0.315393 0.004944 0.503056 0.460364 0.004053 0.712651 0.416233 0.003976 
1.016587 0.186844 0.006264 0.471693 0.327311 0.004969 0.816947 0.109285 0.008771 0.966375 0.315378 0.004946 0.503083 0.460366 0.004035 0.712674 0.416215 0.004066 
1.016569 0.186813 0.005924 0.471680 0.327310 0.004984 0.816912 0.109295 0.008330 0.966387 0.315362 0.004947 0.503076 0.460364 0.004124 0.712665 0.416202 0.004129 
1.016563 0.186790 0.005586 0.471679 0.327307 0.004984 0.816896 0.109297 0.007944 0.966400 0.315349 0.004947 0.503077 0.460362 0.004206 0.712665 0.416199 0.004206 
1.016574 0.186777 0.005274 0.471668 0.327316 0.004985 0.816908 0.109282 0.007593 0.966413 0.315337 0.004947 0.503067 0.460370 0.004305 0.712655 0.416205 0.004271 
1.016635 0.186783 0.005111 0.471557 0.327262 0.005029 0.817007 0.109184 0.007317 0.966408 0.315318 0.004974 0.502939 0.460321 0.004390 0.712533 0.416181 0.004105 
1.016660 0.186786 0.005031 0.471556 0.327260 0.005023 0.817055 0.109125 0.007088 0.966396 0.315307 0.004999 0.502939 0.460319 0.004448 0.712532 0.416179 0.004187 
1.016666 0.186785 0.005024 0.471555 0.327259 0.005017 0.817064 0.109110 0.006928 0.966393 0.315302 0.005005 0.502938 0.460318 0.004499 0.712531 0.416178 0.004261 
1.016664 0.186781 0.005002 0.471554 0.327257 0.005010 0.817060 0.109108 0.006776 0.966392 0.315299 0.005038 0.502937 0.460316 0.004545 0.712530 0.416176 0.004328 
1.016665 0.186781 0.004998 0.471553 0.327255 0.005002 0.817069 0.109089 0.006669 0.966381 0.315294 0.005034 0.502936 0.460315 0.004586 0.712529 0.416174 0.004390 
1.016668 0.186782 0.004995 0.471552 0.327254 0.004996 0.817080 0.109066 0.006586 0.966369 0.315289 0.005029 0.502935 0.460313 0.004623 0.712529 0.416173 0.004445 
1.016677 0.186785 0.004997 0.471551 0.327253 0.004992 0.817100 0.109041 0.006523 0.966360 0.315285 0.005031 0.502935 0.460312 0.004657 0.712528 0.416172 0.004495 
1.016705 0.186773 0.004995 0.471402 0.327266 0.005167 0.817143 0.108987 0.006447 0.966362 0.315262 0.005029 0.502822 0.460317 0.004786 0.712402 0.416118 0.004185 
1.016711 0.186759 0.004992 0.471410 0.327270 0.005073 0.817155 0.108956 0.006394 0.966356 0.315244 0.005021 0.502837 0.460319 0.004728 0.712415 0.416109 0.004262 
1.016729 0.186759 0.004990 0.471308 0.327259 0.005076 0.817187 0.108921 0.006358 0.966352 0.315235 0.005026 0.502719 0.460312 0.004777 0.712302 0.416128 0.004131 
1.016733 0.186755 0.004988 0.471078 0.327360 0.005129 0.817194 0.108908 0.006314 0.966351 0.315229 0.005030 0.502485 0.460414 0.005018 0.712067 0.416236 0.003847 
1.016745 0.186758 0.004988 0.471065 0.327361 0.005009 0.817220 0.108873 0.006248 0.966338 0.315223 0.005023 0.502476 0.460415 0.004922 0.712058 0.416233 0.003933 
1.016746 0.186758 0.004989 0.471063 0.327361 0.005001 0.817222 0.108872 0.006211 0.966338 0.315222 0.005020 0.502473 0.460415 0.004927 0.712056 0.416233 0.004031 
1.016754 0.186746 0.004994 0.471061 0.327361 0.004996 0.817231 0.108856 0.006205 0.966344 0.315209 0.005012 0.502471 0.460415 0.004932 0.712054 0.416233 0.004118 
1.016762 0.186736 0.004997 0.471059 0.327361 0.004993 0.817241 0.108840 0.006211 0.966348 0.315198 0.005007 0.502469 0.460415 0.004936 0.712053 0.416233 0.004196 
1.016765 0.186737 0.004996 0.471057 0.327362 0.004991 0.817247 0.108833 0.006220 0.966346 0.315197 0.005008 0.502468 0.460415 0.004940 0.712051 0.416233 0.004266 
1.016769 0.186737 0.004995 0.471056 0.327362 0.004989 0.817255 0.108825 0.006228 0.966344 0.315195 0.005010 0.502466 0.460415 0.004943 0.712050 0.416233 0.004330 
1.016772 0.186738 0.004993 0.471055 0.327362 0.004987 0.817262 0.108815 0.006236 0.966341 0.315193 0.005012 0.502465 0.460415 0.004946 0.712049 0.416233 0.004387 
1.016780 0.186734 0.004992 0.470948 0.327341 0.005020 0.817275 0.108799 0.006241 0.966341 0.315186 0.005013 0.502347 0.460397 0.004917 0.711934 0.416233 0.004226 
1.016783 0.186735 0.004990 0.470947 0.327341 0.005013 0.817285 0.108783 0.006242 0.966334 0.315182 0.005016 0.502346 0.460397 0.004922 0.711933 0.416233 0.004295 
1.016786 0.186735 0.004989 0.470945 0.327341 0.005009 0.817290 0.108775 0.006242 0.966330 0.315180 0.005020 0.502344 0.460397 0.004927 0.711932 0.416233 0.004356 
1.016787 0.186735 0.004988 0.470944 0.327341 0.005005 0.817294 0.108769 0.006241 0.966327 0.315179 0.005023 0.502343 0.460397 0.004931 0.711930 0.416233 0.004411 
1.016800 0.186734 0.004987 0.470893 0.327435 0.004904 0.817316 0.108745 0.006238 0.966326 0.315172 0.005023 0.502304 0.460489 0.004978 0.711888 0.416307 0.004414 
1.016800 0.186734 0.004987 0.470892 0.327436 0.004911 0.817317 0.108744 0.006236 0.966325 0.315172 0.005022 0.502303 0.460489 0.004977 0.711886 0.416307 0.004464 
1.016804 0.186723 0.004990 0.470891 0.327436 0.004918 0.817320 0.108734 0.006244 0.966330 0.315161 0.005016 0.502302 0.460490 0.004976 0.711886 0.416308 0.004509 
1.016814 0.186708 0.004992 0.470745 0.327332 0.005137 0.817334 0.108710 0.006253 0.966334 0.315144 0.005008 0.502139 0.460389 0.004979 0.711727 0.416232 0.004140 
1.016817 0.186708 0.004990 0.470743 0.327332 0.005114 0.817341 0.108699 0.006248 0.966329 0.315141 0.005014 0.502137 0.460389 0.004973 0.711725 0.416232 0.004217 
1.016819 0.186709 0.004989 0.470741 0.327332 0.005092 0.817349 0.108685 0.006240 0.966323 0.315138 0.005019 0.502135 0.460389 0.004967 0.711724 0.416232 0.004288 
1.016821 0.186709 0.004987 0.470739 0.327332 0.005071 0.817354 0.108676 0.006228 0.966319 0.315136 0.005025 0.502133 0.460389 0.004963 0.711722 0.416231 0.004352 
1.016823 0.186709 0.004986 0.470737 0.327332 0.005053 0.817359 0.108666 0.006221 0.966314 0.315134 0.005027 0.502132 0.460389 0.004959 0.711721 0.416231 0.004411 
1.016825 0.186709 0.004985 0.470736 0.327331 0.005042 0.817366 0.108656 0.006221 0.966309 0.315131 0.005029 0.502130 0.460389 0.004959 0.711720 0.416231 0.004464 
1.016826 0.186709 0.004985 0.470735 0.327331 0.005032 0.817370 0.108649 0.006226 0.966306 0.315130 0.005032 0.502129 0.460388 0.004960 0.711718 0.416231 0.004512 
1.016827 0.186710 0.004984 0.470734 0.327331 0.005024 0.817373 0.108644 0.006234 0.966304 0.315129 0.005034 0.502128 0.460388 0.004960 0.711717 0.416231 0.004554 
1.016828 0.186710 0.004984 0.470733 0.327331 0.005015 0.817376 0.108640 0.006243 0.966302 0.315127 0.005038 0.502127 0.460388 0.004961 0.711716 0.416231 0.004593 
1.016829 0.186710 0.004983 0.470732 0.327331 0.005008 0.817378 0.108636 0.006252 0.966300 0.315126 0.005041 0.502126 0.460388 0.004962 0.711716 0.416231 0.004629 
1.016830 0.186710 0.004982 0.470731 0.327330 0.005003 0.817381 0.108632 0.006259 0.966299 0.315126 0.005045 0.502125 0.460388 0.004963 0.711715 0.416231 0.004660 
1.016837 0.186706 0.004982 0.470606 0.327306 0.005040 0.817392 0.108618 0.006266 0.966298 0.315119 0.005044 0.501974 0.460369 0.004974 0.711572 0.416253 0.004452 
1.016838 0.186706 0.004982 0.470604 0.327306 0.005028 0.817395 0.108611 0.006272 0.966296 0.315118 0.005044 0.501973 0.460369 0.004971 0.711571 0.416253 0.004501 
1.016839 0.186707 0.004981 0.470603 0.327306 0.005020 0.817399 0.108607 0.006285 0.966294 0.315117 0.005046 0.501972 0.460369 0.004970 0.711570 0.416253 0.004545 
1.016840 0.186707 0.004981 0.470602 0.327306 0.005012 0.817401 0.108603 0.006298 0.966292 0.315116 0.005049 0.501970 0.460369 0.004970 0.711569 0.416253 0.004584 
1.016841 0.186707 0.004981 0.470601 0.327306 0.005005 0.817404 0.108598 0.006310 0.966290 0.315115 0.005052 0.501969 0.460369 0.004970 0.711568 0.416253 0.004621 
1.016842 0.186707 0.004980 0.470601 0.327305 0.005000 0.817407 0.108595 0.006321 0.966289 0.315114 0.005055 0.501969 0.460369 0.004971 0.711567 0.416253 0.004653 
1.016848 0.186703 0.004980 0.470563 0.327375 0.004913 0.817421 0.108571 0.006325 0.966282 0.315105 0.005052 0.501934 0.460437 0.005009 0.711532 0.416318 0.004638 
1.016848 0.186703 0.004980 0.470563 0.327375 0.004920 0.817420 0.108573 0.006333 0.966283 0.315106 0.005051 0.501934 0.460438 0.005004 0.711531 0.416318 0.004666 
1.016849 0.186696 0.004983 0.470562 0.327376 0.004925 0.817421 0.108566 0.006357 0.966284 0.315098 0.005046 0.501933 0.460438 0.005001 0.711530 0.416319 0.004693 
1.016884 0.186678 0.004987 0.470390 0.327176 0.005165 0.817456 0.108550 0.006371 0.966321 0.315081 0.005030 0.501657 0.460263 0.004912 0.711288 0.416305 0.004257 
1.016889 0.186679 0.004987 0.470388 0.327175 0.005146 0.817466 0.108535 0.006377 0.966315 0.315078 0.005031 0.501655 0.460262 0.004917 0.711286 0.416305 0.004322 
1.016890 0.186679 0.004985 0.470387 0.327174 0.005129 0.817470 0.108529 0.006386 0.966312 0.315077 0.005040 0.501654 0.460261 0.004921 0.711285 0.416304 0.004382 
1.016889 0.186663 0.004985 0.470354 0.327094 0.005240 0.817473 0.108504 0.006390 0.966306 0.315058 0.005031 0.501609 0.460184 0.004900 0.711244 0.416245 0.004248 
1.016889 0.186662 0.004983 0.470353 0.327093 0.005207 0.817476 0.108496 0.006377 0.966301 0.315055 0.005045 0.501607 0.460183 0.004902 0.711242 0.416245 0.004316 
1.016890 0.186661 0.004980 0.470351 0.327092 0.005180 0.817478 0.108489 0.006360 0.966298 0.315053 0.005062 0.501605 0.460182 0.004906 0.711241 0.416244 0.004378 
1.016890 0.186661 0.004979 0.470350 0.327091 0.005158 0.817480 0.108484 0.006347 0.966295 0.315052 0.005077 0.501604 0.460181 0.004912 0.711239 0.416243 0.004433 
1.016890 0.186660 0.004978 0.470348 0.327090 0.005137 0.817482 0.108479 0.006332 0.966293 0.315050 0.005092 0.501603 0.460180 0.004918 0.711238 0.416243 0.004484 
1.016892 0.186645 0.004977 0.470217 0.327104 0.005097 0.817493 0.108441 0.006332 0.966280 0.315029 0.005082 0.501450 0.460199 0.004939 0.711092 0.416296 0.004309 
1.016893 0.186645 0.004976 0.470215 0.327103 0.005081 0.817495 0.108437 0.006326 0.966278 0.315028 0.005087 0.501448 0.460199 0.004942 0.711091 0.416296 0.004372 
1.016895 0.186631 0.004976 0.470088 0.327106 0.005047 0.817504 0.108405 0.006329 0.966268 0.315009 0.005074 0.501299 0.460206 0.004926 0.710948 0.416338 0.004176 
1.016895 0.186631 0.004976 0.470086 0.327106 0.005037 0.817505 0.108402 0.006324 0.966267 0.315009 0.005075 0.501297 0.460206 0.004931 0.710947 0.416338 0.004251 
1.016896 0.186631 0.004976 0.470085 0.327106 0.005028 0.817508 0.108397 0.006324 0.966264 0.315007 0.005076 0.501296 0.460206 0.004934 0.710945 0.416338 0.004319 
1.016897 0.186631 0.004976 0.470083 0.327105 0.005019 0.817511 0.108392 0.006329 0.966262 0.315006 0.005078 0.501294 0.460206 0.004937 0.710944 0.416338 0.004380 
1.016898 0.186631 0.004976 0.470082 0.327105 0.005011 0.817515 0.108387 0.006339 0.966259 0.315005 0.005082 0.501293 0.460206 0.004940 0.710943 0.416338 0.004436 
1.016905 0.186628 0.004975 0.469940 0.327142 0.004956 0.817532 0.108358 0.006339 0.966250 0.314995 0.005082 0.501142 0.460245 0.004952 0.710794 0.416390 0.004252 
1.016905 0.186628 0.004975 0.469938 0.327142 0.004958 0.817532 0.108358 0.006345 0.966250 0.314995 0.005082 0.501141 0.460245 0.004956 0.710793 0.416390 0.004318 
1.016905 0.186614 0.004976 0.469800 0.327147 0.005093 0.817534 0.108339 0.006367 0.966247 0.314980 0.005066 0.501005 0.460249 0.004992 0.710655 0.416391 0.004033 
1.016908 0.186610 0.004976 0.469809 0.327145 0.005032 0.817538 0.108332 0.006366 0.966248 0.314975 0.005069 0.501018 0.460246 0.004922 0.710667 0.416380 0.004118 
1.016913 0.186605 0.004976 0.469754 0.327179 0.004992 0.817550 0.108311 0.006366 0.966243 0.314966 0.005070 0.500958 0.460281 0.004955 0.710609 0.416424 0.004059 
1.016914 0.186593 0.004979 0.469752 0.327179 0.004991 0.817550 0.108300 0.006379 0.966244 0.314954 0.005066 0.500956 0.460281 0.004958 0.710607 0.416424 0.004144 
1.016917 0.186588 0.004979 0.469734 0.327194 0.004957 0.817554 0.108293 0.006384 0.966245 0.314949 0.005065 0.500935 0.460296 0.004952 0.710588 0.416443 0.004179 
1.016917 0.186589 0.004979 0.469732 0.327194 0.004959 0.817555 0.108291 0.006395 0.966245 0.314949 0.005064 0.500934 0.460296 0.004955 0.710586 0.416444 0.004252 
1.016917 0.186589 0.004979 0.469731 0.327194 0.004961 0.817556 0.108291 0.006405 0.966245 0.314948 0.005064 0.500932 0.460297 0.004958 0.710585 0.416444 0.004318 
1.016918 0.186589 0.004979 0.469730 0.327194 0.004963 0.817557 0.108290 0.006417 0.966244 0.314948 0.005064 0.500931 0.460297 0.004961 0.710584 0.416444 0.004377 
1.016918 0.186589 0.004979 0.469729 0.327194 0.004964 0.817558 0.108288 0.006431 0.966244 0.314948 0.005065 0.500929 0.460297 0.004964 0.710583 0.416445 0.004431 
1.016919 0.186589 0.004979 0.469728 0.327194 0.004966 0.817559 0.108286 0.006447 0.966243 0.314947 0.005067 0.500928 0.460297 0.004966 0.710582 0.416445 0.004480 
1.016919 0.186589 0.004979 0.469727 0.327194 0.004968 0.817560 0.108284 0.006463 0.966242 0.314947 0.005069 0.500927 0.460297 0.004968 0.710581 0.416445 0.004524 
1.016920 0.186576 0.004979 0.469578 0.327204 0.004928 0.817569 0.108252 0.006496 0.966231 0.314929 0.005051 0.500760 0.460311 0.004942 0.710419 0.416488 0.004261 
1.016921 0.186576 0.004979 0.469576 0.327204 0.004933 0.817570 0.108252 0.006500 0.966231 0.314929 0.005049 0.500759 0.460311 0.004946 0.710418 0.416489 0.004326 
1.016947 0.186549 0.004984 0.469331 0.326958 0.005278 0.817593 0.108234 0.006498 0.966263 0.314904 0.005017 0.500368 0.460098 0.004894 0.710072 0.416501 0.003758 
1.016954 0.186550 0.004984 0.469328 0.326957 0.005244 0.817608 0.108213 0.006490 0.966256 0.314900 0.005021 0.500365 0.460097 0.004897 0.710070 0.416500 0.003870 
1.016956 0.186551 0.004982 0.469325 0.326956 0.005213 0.817616 0.108200 0.006466 0.966249 0.314897 0.005029 0.500362 0.460096 0.004901 0.710067 0.416500 0.003973 
1.016961 0.186535 0.004979 0.469167 0.327024 0.005111 0.817628 0.108165 0.006470 0.966241 0.314877 0.005024 0.500195 0.460167 0.004918 0.709902 0.416585 0.003718 
1.016962 0.186535 0.004978 0.469164 0.327023 0.005088 0.817631 0.108160 0.006446 0.966239 0.314875 0.005031 0.500192 0.460166 0.004920 0.709899 0.416585 0.003836 
1.016962 0.186535 0.004978 0.469161 0.327023 0.005068 0.817633 0.108156 0.006427 0.966237 0.314874 0.005034 0.500189 0.460166 0.004921 0.709897 0.416585 0.003943 
1.016971 0.186513 0.004990 0.469158 0.327022 0.005054 0.817642 0.108131 0.006439 0.966243 0.314852 0.005028 0.500187 0.460166 0.004925 0.709895 0.416585 0.004041 
1.016972 0.186513 0.004989 0.469156 0.327022 0.005041 0.817646 0.108124 0.006433 0.966240 0.314850 0.005031 0.500184 0.460165 0.004930 0.709893 0.416585 0.004129 
1.016973 0.186514 0.004989 0.469155 0.327022 0.005031 0.817651 0.108117 0.006438 0.966236 0.314848 0.005034 0.500182 0.460165 0.004934 0.709892 0.416585 0.004208 
1.016975 0.186509 0.004989 0.468996 0.326970 0.005240 0.817654 0.108108 0.006455 0.966235 0.314843 0.005036 0.500005 0.460117 0.004988 0.709718 0.416564 0.003826 
1.016977 0.186509 0.004987 0.468992 0.326969 0.005207 0.817663 0.108091 0.006453 0.966227 0.314838 0.005049 0.500002 0.460116 0.004983 0.709716 0.416564 0.003933 
1.016978 0.186509 0.004985 0.468990 0.326968 0.005180 0.817665 0.108086 0.006455 0.966225 0.314837 0.005066 0.499999 0.460116 0.004979 0.709714 0.416564 0.004031 
1.016982 0.186498 0.004984 0.468942 0.326949 0.005176 0.817674 0.108066 0.006451 0.966223 0.314824 0.005074 0.499948 0.460098 0.004929 0.709663 0.416552 0.003949 
1.016983 0.186497 0.004982 0.468940 0.326949 0.005152 0.817676 0.108059 0.006433 0.966219 0.314822 0.005088 0.499945 0.460097 0.004931 0.709661 0.416552 0.004046 
1.016982 0.186497 0.004981 0.468938 0.326948 0.005129 0.817677 0.108057 0.006417 0.966218 0.314821 0.005102 0.499943 0.460096 0.004933 0.709659 0.416551 0.004133 
1.016984 0.186491 0.004980 0.468890 0.327034 0.004991 0.817678 0.108049 0.006387 0.966218 0.314814 0.005107 0.499890 0.460184 0.004997 0.709608 0.416649 0.004150 
1.016984 0.186491 0.004980 0.468888 0.327034 0.004989 0.817679 0.108047 0.006381 0.966217 0.314814 0.005103 0.499888 0.460184 0.004996 0.709606 0.416649 0.004227 
1.016985 0.186492 0.004980 0.468887 0.327034 0.004987 0.817683 0.108041 0.006393 0.966213 0.314813 0.005097 0.499886 0.460184 0.004996 0.709605 0.416650 0.004296 
1.016986 0.186488 0.004981 0.468884 0.327040 0.004984 0.817688 0.108029 0.006414 0.966210 0.314807 0.005091 0.499880 0.460191 0.005009 0.709600 0.416662 0.004352 
1.016988 0.186488 0.004982 0.468882 0.327041 0.004982 0.817691 0.108024 0.006440 0.966208 0.314806 0.005087 0.499878 0.460191 0.005002 0.709598 0.416663 0.004408 
1.016988 0.186489 0.004982 0.468881 0.327041 0.004982 0.817693 0.108022 0.006459 0.966207 0.314806 0.005085 0.499876 0.460191 0.004998 0.709597 0.416663 0.004459 
1.016989 0.186475 0.004986 0.468880 0.327040 0.004983 0.817695 0.108006 0.006486 0.966206 0.314791 0.005079 0.499875 0.460191 0.004996 0.709596 0.416664 0.004505 
1.016990 0.186475 0.004986 0.468879 0.327040 0.004983 0.817698 0.108002 0.006501 0.966205 0.314790 0.005079 0.499874 0.460191 0.004995 0.709595 0.416664 0.004547 
1.016990 0.186475 0.004985 0.468879 0.327040 0.004983 0.817699 0.108001 0.006516 0.966204 0.314790 0.005079 0.499873 0.460191 0.004994 0.709594 0.416664 0.004584 
1.016989 0.186464 0.004984 0.468723 0.327088 0.004954 0.817699 0.107986 0.006546 0.966199 0.314778 0.005069 0.499706 0.460242 0.005027 0.709430 0.416733 0.004220 
1.016989 0.186451 0.004987 0.468715 0.327085 0.004972 0.817702 0.107968 0.006565 0.966197 0.314764 0.005062 0.499698 0.460239 0.005036 0.709422 0.416731 0.004269 
1.016990 0.186430 0.004990 0.468646 0.326993 0.005103 0.817701 0.107950 0.006584 0.966199 0.314744 0.005055 0.499606 0.460152 0.004984 0.709337 0.416679 0.004091 
1.016990 0.186430 0.004989 0.468644 0.326993 0.005088 0.817702 0.107948 0.006576 0.966198 0.314743 0.005058 0.499604 0.460152 0.004982 0.709335 0.416679 0.004173 
1.016989 0.186423 0.004990 0.468642 0.326992 0.005073 0.817701 0.107941 0.006578 0.966197 0.314736 0.005060 0.499602 0.460151 0.004980 0.709333 0.416679 0.004249 
1.016979 0.186425 0.004979 0.468641 0.326992 0.005058 0.817692 0.107940 0.006577 0.966186 0.314738 0.005060 0.499600 0.460151 0.004978 0.709332 0.416679 0.004317 
1.016979 0.186425 0.004979 0.468639 0.326991 0.005045 0.817694 0.107937 0.006573 0.966184 0.314737 0.005063 0.499598 0.460150 0.004977 0.709330 0.416679 0.004379 
1.016980 0.186425 0.004979 0.468638 0.326991 0.005034 0.817696 0.107933 0.006573 0.966182 0.314736 0.005066 0.499596 0.460150 0.004975 0.709329 0.416679 0.004435 
1.016978 0.186362 0.004991 0.468420 0.326882 0.005118 0.817696 0.107866 0.006629 0.966177 0.314671 0.005036 0.499324 0.460053 0.004881 0.709072 0.416667 0.003899 
1.016981 0.186358 0.004990 0.468395 0.326937 0.005012 0.817702 0.107852 0.006619 0.966174 0.314665 0.005042 0.499290 0.460111 0.004937 0.709042 0.416739 0.003954 
1.016980 0.186357 0.004989 0.468392 0.326936 0.005003 0.817701 0.107852 0.006597 0.966173 0.314664 0.005044 0.499288 0.460110 0.004940 0.709040 0.416739 0.004051 
1.016979 0.186357 0.004989 0.468390 0.326936 0.004999 0.817700 0.107853 0.006580 0.966173 0.314664 0.005043 0.499286 0.460110 0.004946 0.709038 0.416739 0.004136 
1.016980 0.186357 0.004989 0.468389 0.326936 0.004997 0.817701 0.107850 0.006573 0.966172 0.314664 0.005041 0.499284 0.460110 0.004951 0.709036 0.416740 0.004214 
1.016979 0.186349 0.004990 0.468376 0.326943 0.005009 0.817704 0.107834 0.006592 0.966166 0.314653 0.005034 0.499267 0.460118 0.004991 0.709021 0.416755 0.004247 
1.016980 0.186345 0.004990 0.468338 0.326919 0.005008 0.817708 0.107821 0.006610 0.966162 0.314647 0.005035 0.499222 0.460096 0.004938 0.708978 0.416743 0.004200 
1.016980 0.186345 0.004989 0.468337 0.326918 0.005004 0.817709 0.107819 0.006611 0.966161 0.314646 0.005041 0.499220 0.460095 0.004944 0.708977 0.416743 0.004271 
1.016984 0.186338 0.004987 0.468061 0.326833 0.005123 0.817719 0.107796 0.006618 0.966153 0.314636 0.005044 0.498882 0.460024 0.004933 0.708655 0.416769 0.003588 
1.016986 0.186334 0.004986 0.468031 0.326900 0.005011 0.817726 0.107781 0.006611 0.966148 0.314629 0.005048 0.498849 0.460092 0.004976 0.708624 0.416843 0.003677 
1.016986 0.186327 0.004986 0.468003 0.326961 0.004943 0.817729 0.107767 0.006614 0.966144 0.314620 0.005040 0.498811 0.460155 0.005046 0.708589 0.416924 0.003755 
1.016983 0.186320 0.004989 0.468000 0.326962 0.004946 0.817723 0.107768 0.006606 0.966146 0.314615 0.005033 0.498807 0.460156 0.005040 0.708587 0.416925 0.003868 
1.016981 0.186320 0.004991 0.467998 0.326962 0.004947 0.817719 0.107772 0.006603 0.966147 0.314616 0.005028 0.498805 0.460156 0.005033 0.708585 0.416926 0.003969 
1.016980 0.186320 0.004993 0.467995 0.326962 0.004950 0.817717 0.107774 0.006609 0.966147 0.314616 0.005026 0.498802 0.460157 0.005029 0.708583 0.416927 0.004061 
1.016979 0.186307 0.004998 0.467994 0.326962 0.004953 0.817715 0.107764 0.006632 0.966147 0.314605 0.005020 0.498800 0.460157 0.005026 0.708581 0.416927 0.004144 
1.016979 0.186308 0.004999 0.467992 0.326963 0.004955 0.817716 0.107764 0.006648 0.966147 0.314605 0.005019 0.498798 0.460157 0.005021 0.708579 0.416928 0.004219 
1.016979 0.186308 0.004999 0.467990 0.326963 0.004958 0.817716 0.107764 0.006665 0.966147 0.314605 0.005020 0.498796 0.460158 0.005018 0.708578 0.416929 0.004287 
1.016980 0.186308 0.004999 0.467989 0.326963 0.004961 0.817717 0.107763 0.006682 0.966147 0.314605 0.005020 0.498794 0.460158 0.005015 0.708576 0.416929 0.004349 
1.016980 0.186308 0.004999 0.467988 0.326963 0.004963 0.817717 0.107764 0.006700 0.966148 0.314605 0.005021 0.498792 0.460158 0.005012 0.708575 0.416930 0.004404 
1.016981 0.186293 0.005003 0.467975 0.326984 0.004966 0.817717 0.107752 0.006727 0.966151 0.314590 0.005016 0.498767 0.460182 0.005087 0.708554 0.416974 0.004428 
1.016981 0.186293 0.005003 0.467974 0.326985 0.004968 0.817717 0.107753 0.006746 0.966151 0.314591 0.005017 0.498766 0.460182 0.005076 0.708552 0.416975 0.004476 
1.016980 0.186293 0.005004 0.467973 0.326985 0.004969 0.817716 0.107754 0.006762 0.966152 0.314591 0.005016 0.498764 0.460183 0.005067 0.708551 0.416976 0.004520 
1.016979 0.186291 0.005005 0.467867 0.327023 0.005047 0.817714 0.107755 0.006781 0.966151 0.314590 0.005016 0.498632 0.460227 0.005260 0.708427 0.417064 0.004292 
1.016976 0.186282 0.005006 0.467747 0.326927 0.005145 0.817706 0.107759 0.006779 0.966158 0.314584 0.005012 0.498463 0.460143 0.005205 0.708272 0.417057 0.003965 
1.016970 0.186280 0.005011 0.467765 0.326909 0.004993 0.817695 0.107768 0.006756 0.966159 0.314585 0.005007 0.498461 0.460129 0.005049 0.708278 0.417072 0.004066 
1.016966 0.186267 0.005020 0.467763 0.326910 0.004992 0.817689 0.107760 0.006780 0.966157 0.314574 0.004999 0.498459 0.460130 0.005042 0.708276 0.417073 0.004149 
1.016966 0.186268 0.005022 0.467761 0.326910 0.004991 0.817690 0.107759 0.006801 0.966156 0.314574 0.004998 0.498457 0.460130 0.005036 0.708274 0.417074 0.004224 
1.016968 0.186268 0.005022 0.467759 0.326910 0.004990 0.817693 0.107755 0.006820 0.966155 0.314573 0.004998 0.498455 0.460130 0.005030 0.708272 0.417074 0.004292 
1.016969 0.186269 0.005021 0.467758 0.326911 0.004989 0.817696 0.107752 0.006837 0.966153 0.314572 0.005000 0.498453 0.460131 0.005024 0.708271 0.417075 0.004353 
1.016962 0.186270 0.005012 0.467757 0.326911 0.004989 0.817691 0.107750 0.006855 0.966145 0.314573 0.005000 0.498452 0.460131 0.005020 0.708270 0.417076 0.004409 
1.016960 0.186268 0.005011 0.467760 0.326912 0.004984 0.817689 0.107748 0.006865 0.966143 0.314571 0.005003 0.498455 0.460132 0.005015 0.708273 0.417075 0.004463 
1.016960 0.186268 0.005010 0.467759 0.326912 0.004984 0.817690 0.107748 0.006872 0.966143 0.314571 0.005006 0.498454 0.460132 0.005015 0.708272 0.417076 0.004510 
1.016961 0.186268 0.005009 0.467758 0.326912 0.004985 0.817690 0.107747 0.006880 0.966143 0.314571 0.005008 0.498453 0.460132 0.005013 0.708271 0.417076 0.004551 
1.016960 0.186265 0.005008 0.467685 0.326993 0.004998 0.817691 0.107740 0.006899 0.966139 0.314567 0.005010 0.498347 0.460220 0.005258 0.708175 0.417218 0.004389 
1.016959 0.186262 0.005007 0.467436 0.326869 0.005163 0.817691 0.107734 0.006916 0.966137 0.314562 0.005010 0.498014 0.460116 0.005230 0.707865 0.417247 0.003734 
1.016952 0.186259 0.005010 0.467428 0.326870 0.004987 0.817679 0.107744 0.006887 0.966138 0.314563 0.005007 0.498006 0.460117 0.005052 0.707859 0.417248 0.003849 
