1.766014 0.350745 0.004190 1.979002 0.393520 0.004570 1.741505 0.485240 0.004245 1.951240 0.528699 0.004620 
1.766015 0.350745 0.004265 1.979003 0.393520 0.004611 1.741506 0.485241 0.004314 1.951241 0.528699 0.004654 
1.766015 0.350745 0.004331 1.979003 0.393521 0.004644 1.741506 0.485241 0.004373 1.951242 0.528699 0.004683 
1.766114 0.350741 0.004069 1.979092 0.393567 0.004675 1.741573 0.485231 0.004126 1.951297 0.528739 0.004724 
1.766218 0.350737 0.003838 1.979184 0.393615 0.004705 1.741644 0.485221 0.003901 1.951357 0.528780 0.004757 
1.766220 0.350737 0.003942 1.979186 0.393615 0.004728 1.741645 0.485221 0.004002 1.951359 0.528781 0.004778 
1.766241 0.350728 0.003983 1.979211 0.393586 0.004817 1.741680 0.485214 0.003976 1.951397 0.528754 0.004798 
1.766279 0.350756 0.003896 1.979245 0.393632 0.004827 1.741706 0.485240 0.004004 1.951419 0.528798 0.004923 
1.766207 0.350810 0.003996 1.979170 0.393708 0.004507 1.741620 0.485291 0.004365 1.951330 0.528870 0.004872 
1.766123 0.350904 0.003882 1.979081 0.393833 0.004136 1.741517 0.485380 0.004674 1.951221 0.528989 0.004931 
1.766054 0.350955 0.003983 1.979008 0.393898 0.003910 1.741440 0.485428 0.004958 1.951141 0.529052 0.004896 
1.766055 0.350950 0.004065 1.979009 0.393892 0.004005 1.741441 0.485422 0.005215 1.951143 0.529045 0.005167 
1.766057 0.350936 0.004146 1.979012 0.393879 0.004096 1.741444 0.485404 0.005700 1.951146 0.529028 0.005665 
1.766056 0.350939 0.004215 1.979011 0.393883 0.004175 1.741443 0.485408 0.005658 1.951144 0.529032 0.005634 
1.766056 0.350942 0.004276 1.979010 0.393886 0.004247 1.741441 0.485412 0.005618 1.951143 0.529037 0.005602 
1.766055 0.350945 0.004332 1.979009 0.393889 0.004312 1.741440 0.485415 0.005597 1.951141 0.529040 0.005590 
1.766056 0.350937 0.004382 1.979010 0.393881 0.004371 1.741442 0.485405 0.005875 1.951143 0.529030 0.005879 
1.766059 0.350920 0.004428 1.979014 0.393864 0.004424 1.741447 0.485382 0.006430 1.951148 0.529006 0.006445 
1.766070 0.350869 0.004472 1.979024 0.393813 0.004472 1.741463 0.485301 0.007983 1.951164 0.528925 0.008017 
1.766083 0.350804 0.004514 1.979037 0.393747 0.004514 1.741489 0.485176 0.009928 1.951190 0.528798 0.009980 
1.766231 0.349711 0.004555 1.979026 0.393440 0.004555 1.741169 0.483853 0.012774 1.950709 0.528249 0.012853 
1.766350 0.349129 0.004590 1.979024 0.393438 0.004589 1.740923 0.483199 0.012877 1.950341 0.528165 0.012956 
1.766340 0.349178 0.004620 1.979015 0.393482 0.004620 1.740902 0.483317 0.011641 1.950320 0.528280 0.011708 
1.766282 0.349458 0.004648 1.979005 0.393532 0.004647 1.740976 0.483689 0.010254 1.950443 0.528425 0.010307 
1.766204 0.349837 0.004671 1.979000 0.393559 0.004671 1.741114 0.484140 0.009479 1.950655 0.528529 0.009525 
1.765016 0.352007 0.004763 1.978326 0.393147 0.004854 1.741564 0.486549 0.010958 1.951627 0.528395 0.011107 
1.756799 0.358352 0.005828 1.971183 0.393458 0.004866 1.737217 0.493361 0.014718 1.948376 0.529263 0.013855 
1.755399 0.359740 0.006395 1.970026 0.393309 0.004878 1.736830 0.494797 0.016620 1.948238 0.529185 0.015223 
1.755264 0.359671 0.005944 1.969898 0.393208 0.004885 1.736720 0.494611 0.017649 1.948136 0.528966 0.016717 
1.755588 0.356085 0.005534 1.969810 0.392174 0.004913 1.735447 0.490639 0.018928 1.946440 0.527507 0.018444 
1.755155 0.354682 0.004969 1.969712 0.388727 0.004918 1.736284 0.489286 0.019654 1.947621 0.524138 0.019744 
1.753984 0.349154 0.004979 1.969170 0.378961 0.004923 1.737754 0.484230 0.018422 1.949736 0.514910 0.018495 
1.753532 0.348649 0.004985 1.969394 0.373093 0.004936 1.740655 0.484194 0.017294 1.953334 0.509591 0.017363 
2.166597 0.127942 0.014947 1.953506 0.509510 0.016085 1.740796 0.484363 0.016018 1.753526 0.348695 0.004975 2.301500 0.260872 0.114990 2.206463 0.360800 0.109845 
2.166941 0.137030 0.009213 1.953489 0.509668 0.014659 1.740779 0.484522 0.014602 1.753521 0.348747 0.004969 2.306493 0.273266 0.097773 2.210238 0.372150 0.096745 
2.165572 0.135374 0.008210 1.953953 0.509795 0.013883 1.741170 0.485273 0.013836 1.753518 0.349410 0.004971 2.309777 0.270707 0.090476 2.215238 0.371237 0.090185 
2.163317 0.134081 0.007710 1.956017 0.510013 0.013196 1.743105 0.486646 0.013212 1.754718 0.350677 0.005012 2.310795 0.269008 0.084668 2.217460 0.370658 0.084638 
2.159751 0.132115 0.007424 1.957399 0.510333 0.012421 1.744524 0.486633 0.012396 1.756356 0.350638 0.004961 2.309681 0.267696 0.078251 2.216933 0.369882 0.078240 
2.154124 0.128206 0.007309 1.956761 0.512972 0.011934 1.744211 0.486511 0.011912 1.757810 0.350656 0.004963 2.306245 0.264657 0.071483 2.213960 0.367260 0.071266 
2.148088 0.124382 0.007339 1.953796 0.518440 0.011729 1.742061 0.486100 0.011707 1.759421 0.350664 0.004962 2.301125 0.263373 0.063363 2.208290 0.365477 0.062717 
2.139893 0.119457 0.007355 1.948524 0.525864 0.011617 1.738202 0.485335 0.011585 1.760803 0.350668 0.004957 2.293169 0.261884 0.053167 2.199239 0.362977 0.052007 
2.127960 0.112685 0.007172 1.941685 0.533935 0.011373 1.733339 0.484239 0.011332 1.761816 0.350680 0.004950 2.281124 0.258711 0.040260 2.185907 0.358586 0.038675 
2.114817 0.106563 0.007278 1.932529 0.542526 0.010962 1.726855 0.482728 0.010914 1.761817 0.350699 0.004943 2.266873 0.255743 0.029681 2.170214 0.354216 0.027692 
2.104653 0.103231 0.007779 1.923092 0.550534 0.010959 1.720525 0.480937 0.010335 1.761803 0.350719 0.004936 2.253719 0.256341 0.022423 2.154813 0.352543 0.019817 
2.099515 0.105301 0.008450 1.914390 0.557225 0.011651 1.714961 0.479119 0.009350 1.761757 0.350743 0.004930 2.243845 0.263254 0.018324 2.141940 0.356250 0.014974 
2.096455 0.110566 0.009026 1.904313 0.564263 0.012573 2.234980 0.273828 0.014839 1.708841 0.476806 0.008182 1.761700 0.350769 0.004925 
2.096233 0.121198 0.009121 1.893626 0.571043 0.013515 2.227946 0.290076 0.012222 1.702714 0.474162 0.006840 1.761683 0.350843 0.004596 
2.100540 0.137479 0.009361 1.883584 0.577449 0.013817 2.224645 0.312038 0.011577 1.697450 0.471765 0.005905 1.762104 0.351314 0.004747 
2.109279 0.156963 0.011038 1.874742 0.583657 0.013716 2.225220 0.337045 0.013389 1.693539 0.469763 0.005259 1.763491 0.352305 0.005000 
2.121968 0.177667 0.014533 1.866837 0.589041 0.013468 2.229301 0.362995 0.017836 1.690263 0.468083 0.005194 1.764793 0.353474 0.004998 
2.136178 0.197487 0.019392 1.860072 0.594754 0.012800 2.235676 0.387117 0.023684 1.688062 0.467348 0.005168 1.766769 0.355567 0.004999 
2.150834 0.215953 0.025121 1.853321 0.600917 0.012035 2.242228 0.409617 0.029459 1.686673 0.466534 0.005137 1.769906 0.358081 0.005003 
2.164746 0.233871 0.030873 1.845923 0.607109 0.011317 2.247669 0.431324 0.034586 1.685244 0.465613 0.005104 1.773100 0.360870 0.005015 
2.176423 0.251594 0.035878 1.838695 0.612647 0.010539 2.251095 0.452329 0.038636 1.683927 0.464681 0.005011 1.775992 0.363617 0.005179 
2.184957 0.269025 0.039643 1.832438 0.617539 0.009880 2.252040 0.472432 0.041371 1.683077 0.464096 0.004965 1.778712 0.366405 0.005246 
2.191443 0.286197 0.042376 1.826725 0.622743 0.009451 2.251205 0.491882 0.042759 1.683059 0.463942 0.004954 1.782195 0.369806 0.005386 
2.197110 0.303734 0.044500 1.820770 0.627833 0.008994 2.249389 0.511444 0.043361 1.683081 0.463811 0.004951 1.785633 0.373410 0.005670 
2.204175 0.320271 0.043846 1.808364 0.634185 0.015291 2.251567 0.529130 0.040723 1.677796 0.464392 0.015628 1.784122 0.378484 0.017696 
2.217302 0.337035 0.039397 1.782655 0.642205 0.021849 2.260141 0.546835 0.034219 1.660059 0.466705 0.028753 1.770236 0.385780 0.030141 
2.232298 0.355113 0.029108 1.756979 0.647699 0.024505 1.640462 0.468470 0.037869 1.753278 0.391260 0.038716 2.269424 0.565965 0.022712 2.134561 0.588914 0.004564 
1.717218 0.645377 0.024668 2.244603 0.359395 0.016979 2.274861 0.571438 0.016933 2.138757 0.590611 0.004607 1.605433 0.464603 0.051170 1.720203 0.390507 0.056432 
1.671966 0.642802 0.030413 2.248251 0.360925 0.015215 2.275532 0.573372 0.015191 2.139029 0.590654 0.004584 1.564807 0.461040 0.067253 1.681470 0.390649 0.078422 
1.615266 0.672326 0.053916 2.263002 0.368621 0.016861 2.276315 0.582397 0.016609 1.513302 0.486822 0.086614 2.126909 0.373787 0.004956 1.631710 0.418587 0.090283 
1.576436 0.706686 0.080120 2.273924 0.375353 0.020110 2.276198 0.589530 0.019403 1.490037 0.511581 0.098744 2.138012 0.373458 0.005475 1.613669 0.453229 0.098826 
2.284224 0.382415 0.023554 1.553556 0.740706 0.098329 2.275773 0.596436 0.022326 2.148919 0.373680 0.006058 1.490808 0.535913 0.098945 1.620499 0.492729 0.096683 
2.290504 0.385854 0.026354 1.561472 0.763995 0.111864 2.276955 0.599616 0.026206 2.155983 0.374017 0.005049 1.494278 0.561377 0.094301 1.622909 0.516069 0.084758 
2.297134 0.385952 0.032390 1.563190 0.777583 0.138211 2.283486 0.599707 0.032398 2.163722 0.374139 0.004977 1.489741 0.579772 0.101416 1.615442 0.535096 0.071530 
2.304448 0.385063 0.038984 1.554780 0.779027 0.160560 2.291972 0.598890 0.039079 2.172491 0.374084 0.004977 1.479618 0.584635 0.111162 1.600081 0.547960 0.057932 
2.312499 0.390574 0.048547 1.541566 0.788512 0.144957 1.469208 0.594106 0.091586 2.182724 0.374701 0.008591 2.292887 0.603838 0.045155 1.657479 0.764583 0.073996 
2.316861 0.394421 0.061175 1.533707 0.783633 0.133638 1.466367 0.589566 0.072965 2.189598 0.374251 0.015492 2.292334 0.606964 0.051081 1.651973 0.763666 0.065385 
2.316393 0.402615 0.074891 1.520540 0.774597 0.143051 1.462213 0.582316 0.068863 2.191424 0.375965 0.026288 2.285108 0.613496 0.054196 1.642470 0.761781 0.079703 
2.306075 0.408746 0.082387 1.510351 0.769438 0.146205 1.458715 0.578588 0.063818 2.182374 0.378879 0.032429 2.271669 0.618535 0.056260 1.635356 0.760268 0.088468 
2.294235 0.416406 0.094359 1.502388 0.766607 0.146353 1.630117 0.758857 0.094687 2.257370 0.625390 0.065298 2.171973 0.384234 0.042332 1.455640 0.577075 0.058205 
2.287427 0.423229 0.118739 1.494302 0.764752 0.144586 1.624518 0.757957 0.099403 2.248996 0.631391 0.086033 2.167631 0.388896 0.062525 1.452772 0.576063 0.052121 
2.283044 0.428743 0.152157 1.484996 0.763652 0.139686 1.617328 0.757998 0.100952 2.244741 0.636209 0.115164 2.166292 0.392844 0.090757 1.449870 0.574277 0.045978 
2.278884 0.436419 0.192437 1.476407 0.765732 0.130305 1.610355 0.760923 0.097460 2.241652 0.643179 0.150703 2.165641 0.399117 0.125547 1.447793 0.573550 0.040167 
2.273433 0.449647 0.235925 1.467915 0.767438 0.120430 1.603180 0.763946 0.093315 2.236130 0.655416 0.189607 2.164539 0.410139 0.163323 1.446021 0.572510 0.034399 
2.264132 0.466128 0.277731 1.459916 0.769244 0.109333 1.596242 0.767082 0.088009 2.226183 0.670722 0.226950 2.159833 0.424047 0.200008 1.444521 0.571480 0.028526 
2.250370 0.484239 0.316871 1.453105 0.771555 0.096610 1.590286 0.770221 0.081656 2.211680 0.687556 0.261710 2.150697 0.439509 0.234686 1.443408 0.570986 0.022074 
2.232642 0.500156 0.354361 1.442023 0.772800 0.088681 1.579731 0.773116 0.079724 2.194937 0.701533 0.291886 2.137706 0.452230 0.268453 1.438253 0.570715 0.017793 
2.211022 0.510448 0.381465 1.431123 0.772899 0.077632 1.569085 0.774051 0.074597 2.175954 0.710095 0.312262 2.119797 0.460198 0.292905 1.431746 0.569178 0.011489 
2.188273 0.520357 0.405351 1.422823 0.774360 0.072369 1.560710 0.777138 0.077222 2.156007 0.718835 0.331574 2.100919 0.468582 0.313818 1.429612 0.570538 0.006882 
2.163861 0.534675 0.437978 1.412236 0.773169 0.073687 1.549386 0.779611 0.087559 2.133008 0.730356 0.356523 2.081817 0.478968 0.343875 1.428907 0.570379 0.006784 
2.135609 0.552207 0.481766 1.401508 0.772664 0.071441 1.537201 0.782952 0.094367 2.107514 0.745443 0.393743 2.060586 0.493097 0.383953 1.428201 0.570299 0.006528 
2.100544 0.574774 0.533070 1.392205 0.773017 0.065170 1.525697 0.786922 0.097273 2.075669 0.765966 0.439771 2.034165 0.512634 0.430980 1.427929 0.570264 0.006068 
2.056931 0.602345 0.587028 1.385095 0.774116 0.055594 1.515680 0.791106 0.096861 2.034513 0.791746 0.489547 2.000524 0.537294 0.480838 1.427853 0.570311 0.005464 
2.005837 0.631280 0.638826 1.380906 0.776031 0.043454 1.508083 0.795218 0.093475 1.984856 0.819631 0.539018 1.959852 0.564190 0.528944 1.427451 0.570528 0.004982 
1.953416 0.659179 0.681958 1.367357 0.781004 0.036196 1.491274 0.803319 0.092683 1.932610 0.847121 0.581346 1.917277 0.591012 0.569099 1.419011 0.575491 0.004990 
1.900367 0.680399 0.709106 1.344262 0.790710 0.035936 1.465057 0.814915 0.098119 1.879589 0.867880 0.607632 1.871801 0.611472 0.594551 1.401514 0.586646 0.004990 
1.849174 0.691889 0.724780 1.324275 0.797129 0.033226 1.441467 0.821910 0.101752 1.830277 0.878883 0.622048 1.825675 0.622375 0.609431 1.384293 0.593466 0.004993 
1.305293 0.797892 0.028303 1.366348 0.593915 0.004994 1.418320 0.822883 0.103431 1.787455 0.880837 0.630540 1.799043 0.696125 0.738359 1.779032 0.624204 0.623831 
1.282685 0.793625 0.019649 1.344639 0.589114 0.004992 1.392425 0.820947 0.098735 1.753736 0.882545 0.633730 1.754802 0.702225 0.749320 1.736490 0.626288 0.637124 
1.257426 0.787808 0.008360 1.316323 0.581902 0.004991 1.366868 0.817574 0.086976 1.725792 0.894773 0.629279 1.720957 0.719026 0.751621 1.702521 0.639292 0.642111 
1.234667 0.786834 0.004922 1.699926 0.916429 0.616070 1.286363 0.578991 0.007439 1.695798 0.745539 0.745134 1.676507 0.661662 0.638916 
1.215253 0.787202 0.004925 1.678176 0.931325 0.601318 1.259100 0.577675 0.012254 1.370975 0.600355 0.087483 1.674635 0.765497 0.736840 1.653327 0.677789 0.634160 
1.662656 0.931457 0.594968 0.597760 0.685074 0.005117 0.602570 0.668568 0.004636 1.654786 0.768471 0.733716 1.630363 0.679469 0.632859 1.234136 0.579759 0.016271 1.346535 0.599585 0.091526 
0.620947 0.690327 0.066521 1.648389 0.922236 0.600749 0.597718 0.684842 0.004988 0.599961 0.667803 0.005659 1.632619 0.759409 0.739011 1.605729 0.671653 0.637691 1.212219 0.587604 0.017294 1.324501 0.603654 0.093616 
1.305630 0.612513 0.092747 0.595846 0.666472 0.005705 1.193833 0.600880 0.014928 1.608068 0.744122 0.749607 1.580010 0.659437 0.646017 0.596453 0.683573 0.003960 0.616691 0.689240 0.066525 1.633035 0.908841 0.614988 1.172333 0.813755 0.004938 
0.591861 0.666891 0.006726 1.617122 0.892327 0.631466 1.581260 0.726424 0.762110 1.552598 0.644933 0.656151 1.290092 0.622450 0.091650 1.179476 0.615362 0.011625 1.164257 0.828907 0.004944 0.595245 0.683549 0.004104 0.611209 0.690330 0.067784 
1.603003 0.875857 0.643334 0.575833 0.656361 0.016523 1.555243 0.712746 0.773685 1.524905 0.632341 0.667362 1.159699 0.834166 0.004948 1.275044 0.623306 0.095560 1.166202 0.620221 0.012892 0.582751 0.671729 0.013090 0.594880 0.680622 0.077354 
1.592350 0.868066 0.648841 0.560696 0.650067 0.028799 1.535567 0.710447 0.782294 1.502725 0.629059 0.677474 1.148110 0.833308 0.004951 1.257016 0.621355 0.100825 1.148263 0.619516 0.018006 0.569727 0.664042 0.024442 0.580368 0.677066 0.088263 
1.584069 0.870347 0.649642 0.543469 0.644726 0.038391 1.521255 0.719085 0.787671 1.486012 0.635632 0.685282 1.141504 0.830490 0.004956 1.242406 0.617967 0.108054 1.133978 0.617352 0.024789 0.554399 0.660914 0.101434 0.565296 0.673226 0.096384 
1.230382 0.615800 0.117207 1.579936 0.880519 0.647165 0.525982 0.641855 0.041125 1.121914 0.614956 0.033998 1.542629 0.795145 0.545364 1.474789 0.650633 0.692700 1.136045 0.826698 0.004961 0.540037 0.658362 0.103463 0.552187 0.669171 0.097862 
1.222318 0.615236 0.127826 1.578601 0.898833 0.643777 0.509591 0.640531 0.043446 1.113739 0.613184 0.044782 1.539230 0.809500 0.546239 1.468244 0.673910 0.700415 1.133743 0.822689 0.004967 0.526591 0.656779 0.105115 0.539702 0.666109 0.099042 
1.218300 0.617985 0.139010 0.496583 0.640287 0.045181 1.109461 0.613558 0.056401 1.539153 0.829665 0.547044 1.465555 0.703974 0.708224 0.516110 0.655734 0.106304 0.529947 0.663674 0.099877 1.580098 0.923418 0.639661 1.133620 0.820075 0.004974 
1.217967 0.624736 0.149042 1.584960 0.950603 0.633714 0.488020 0.644666 0.057652 1.108635 0.616683 0.067363 1.542556 0.852280 0.546659 1.465626 0.738038 0.714660 0.508197 0.662820 0.117813 0.522471 0.669569 0.110990 
1.217377 0.632618 0.159143 1.594278 0.977821 0.618661 0.475509 0.653553 0.075342 1.107417 0.620847 0.078769 1.548809 0.875085 0.538523 1.472082 0.773158 0.714357 0.498153 0.675509 0.133318 0.512392 0.681266 0.125576 
1.215410 0.642414 0.170309 1.605958 1.008556 0.593886 0.463273 0.667878 0.093874 1.104253 0.626587 0.092312 1.556800 0.901893 0.521426 1.484401 0.811593 0.705268 0.487960 0.692350 0.149978 0.502120 0.697326 0.141577 
1.212603 0.652585 0.180389 0.482498 0.709355 0.175475 1.616911 1.044142 0.564677 0.458364 0.680550 0.121217 1.099484 0.633558 0.106013 1.564945 0.933708 0.500274 1.498847 0.854500 0.691456 
1.207362 0.664048 0.189253 0.480994 0.729799 0.203602 1.628218 1.079090 0.534244 0.458865 0.695626 0.151655 1.091404 0.641863 0.120323 1.573582 0.965145 0.478788 1.513338 0.898854 0.676702 
1.201026 0.676735 0.196090 0.478705 0.749565 0.235399 1.642459 1.112207 0.499146 0.456402 0.710930 0.186758 1.081268 0.651638 0.135115 1.584820 0.995503 0.453297 1.531497 0.942850 0.657204 
1.599282 1.025368 0.418246 0.482286 0.770538 0.270988 1.659672 1.144425 0.453210 0.459476 0.728404 0.225596 1.071307 0.662375 0.149446 1.195436 0.690013 0.199626 1.555703 0.987086 0.627600 
1.614899 1.052469 0.368079 0.491824 0.792499 0.308243 1.677697 1.173262 0.390647 0.469271 0.746934 0.266158 1.062379 0.673743 0.162029 1.190606 0.702703 0.199568 
1.186503 0.716379 0.195806 0.506887 0.816327 0.347398 1.693012 1.192146 0.311220 0.485978 0.767144 0.308670 1.055115 0.686952 0.172124 1.627546 1.070997 0.302210 
1.646820 1.087002 0.441973 1.182323 0.729857 0.190189 0.526353 0.841291 0.383107 1.713450 1.206015 0.432696 0.507999 0.788797 0.347561 1.048999 0.700779 0.181889 
0.550259 0.865530 0.413332 1.733698 1.226608 0.326580 0.534939 0.810195 0.380785 1.053934 0.715645 0.196334 1.667687 1.110095 0.354093 1.187084 0.746473 0.193107 
0.581239 0.885751 0.436334 1.744146 1.248487 0.220582 0.569030 0.828198 0.406425 1.061677 0.734083 0.217450 1.682204 1.136072 0.267656 1.193559 0.764386 0.197989 
0.613963 0.909657 0.454511 1.758085 1.272134 0.207553 0.606087 0.849884 0.427657 1.068085 0.754534 0.240186 1.197549 0.782432 0.206264 1.695640 1.163230 0.261684 1.640838 1.099912 0.061231 
1.207870 0.800365 0.232073 0.635742 0.930448 0.467810 1.766946 1.288828 0.202207 0.631170 0.869337 0.443305 1.079951 0.773434 0.272090 1.704563 1.184293 0.264420 1.650634 1.105455 0.069304 
1.218754 0.817003 0.273289 0.646575 0.943601 0.477545 1.767094 1.306755 0.194559 0.643532 0.881846 0.454457 1.091172 0.791310 0.315151 1.714316 1.213333 0.009182 1.652478 1.111279 0.078500 
1.226148 0.832553 0.321514 0.654082 0.951176 0.484572 1.766042 1.325741 0.184343 0.651660 0.889101 0.462282 1.098601 0.809942 0.365222 1.713319 1.214534 0.009040 1.654463 1.118059 0.088239 
1.231832 0.850656 0.369091 0.663490 0.957045 0.487937 1.764985 1.343276 0.172420 0.661944 0.894790 0.466078 1.712354 1.215612 0.008683 1.656651 1.125525 0.097146 1.104279 0.831878 0.414560 1.026766 0.837584 0.214968 
1.238658 0.873933 0.408852 0.676093 0.962507 0.490330 1.764096 1.358486 0.160132 0.676539 0.900144 0.468729 1.711982 1.216524 0.008446 1.658864 1.133335 0.104894 1.161147 0.859914 0.206394 1.033693 0.844219 0.256922 
0.692644 0.968013 0.490953 1.763579 1.371664 0.147582 0.696254 0.905733 0.469407 1.042604 0.857248 0.291071 1.712043 1.217406 0.008204 1.660892 1.141512 0.111489 1.169484 0.870944 0.238554 1.247957 0.902010 0.438730 
1.180238 0.886697 0.266147 0.712547 0.972762 0.489305 1.763270 1.383441 0.133980 0.719798 0.910891 0.467499 1.054054 0.874082 0.320575 1.711907 1.218135 0.007832 1.662605 1.150186 0.117359 
1.191661 0.905057 0.292304 0.735082 0.976779 0.485359 0.746324 0.915725 0.462952 1.066276 0.893512 0.348778 1.711834 1.218836 0.007493 1.664390 1.159621 0.122761 1.762819 1.394388 0.119115 0.748152 0.982672 0.475858 
1.203058 0.925136 0.319888 1.761905 1.404734 0.102889 0.775147 0.920749 0.456026 1.078457 0.915237 0.378375 1.711904 1.219624 0.007433 1.666501 1.170026 0.127943 0.759758 0.980541 0.479352 0.772416 0.987454 0.469981 
1.214429 0.947587 0.349964 1.760368 1.414501 0.086759 0.805832 0.926535 0.446861 1.090484 0.939895 0.410152 1.712267 1.220861 0.008864 1.668819 1.181649 0.133839 0.786077 0.984537 0.471387 0.798213 0.992553 0.462205 
1.712548 1.222556 0.010238 0.825348 0.998573 0.452898 1.757883 1.423561 0.068712 0.813855 0.989405 0.461825 0.838079 0.933766 0.435875 1.225426 0.973386 0.381012 1.671557 1.194599 0.139010 
1.715086 1.226157 0.021556 1.236861 1.004229 0.412305 1.756519 1.432651 0.060562 0.842517 0.995548 0.450379 0.871220 0.942858 0.422885 0.853235 1.005881 0.441765 1.716910 1.419420 0.190738 
1.755063 1.442101 0.051355 1.718586 1.231809 0.033346 0.871992 1.002956 0.435044 1.246338 1.038649 0.444418 0.903683 0.952968 0.405841 0.668366 2.028264 0.166201 0.668444 2.016168 0.154270 
0.933495 0.966229 0.387707 1.755140 1.450712 0.041637 1.724051 1.238822 0.045395 0.899792 1.013770 0.418690 0.620154 2.033203 0.157611 0.620846 2.020624 0.146211 
0.961194 0.983959 0.369377 1.729281 1.246933 0.058486 0.925763 1.029017 0.402095 1.713785 1.482712 0.159208 1.755421 1.457790 0.031398 0.577512 2.034240 0.166478 0.578800 2.021798 0.154980 
0.987563 1.004565 0.349005 1.711939 1.503119 0.144360 0.950712 1.047052 0.383542 1.733896 1.257524 0.072405 1.755342 1.464266 0.020681 0.538573 2.031709 0.179198 0.540191 2.019573 0.167418 
1.011508 1.026678 0.330910 1.709197 1.519521 0.128592 0.973700 1.067008 0.366967 1.734299 1.267727 0.084473 1.754071 1.467695 0.010312 0.505345 2.028168 0.193744 0.507284 2.016434 0.181611 
1.032534 1.050680 0.320907 1.706731 1.532333 0.122194 0.993564 1.089200 0.357697 1.733017 1.277437 0.104481 1.754483 1.468903 0.010900 0.479154 2.024592 0.204246 0.481367 2.013218 0.191820 
1.049275 1.075935 0.316562 1.705960 1.545100 0.115018 1.008869 1.112892 0.353407 1.731299 1.289667 0.124408 1.755458 1.470291 0.011852 0.458340 2.021981 0.206273 0.460743 2.010772 0.193734 
1.060365 1.098337 0.315994 1.705080 1.557015 0.107226 1.018822 1.134368 0.352490 1.732893 1.304186 0.143015 1.756393 1.472576 0.012744 0.442458 2.021830 0.199349 0.445024 2.010564 0.186893 
1.067403 1.115232 0.318879 1.706029 1.570579 0.099373 1.025491 1.151477 0.354735 1.738567 1.322787 0.158675 1.759540 1.478757 0.013378 0.432523 2.024707 0.184033 0.435225 2.013180 0.171847 
1.071815 1.130618 0.328002 1.705391 1.591418 0.092642 1.029534 1.167526 0.362732 1.747644 1.350378 0.170686 1.761573 1.495169 0.013462 0.426384 2.027761 0.163044 0.429107 2.015818 0.151270 
1.073063 1.146024 0.341618 1.704490 1.607831 0.087538 1.030156 1.183637 0.374789 1.752990 1.373317 0.180421 1.762728 1.508165 0.014292 0.421409 2.030537 0.139994 0.424188 2.018149 0.128704 
1.073036 1.161870 0.357291 1.029418 1.200180 0.388690 1.276779 1.761929 0.518267 1.702945 1.619877 0.085117 1.754094 1.390788 0.189417 1.762619 1.517502 0.016939 0.415809 2.032631 0.117446 0.418743 2.019846 0.106649 
1.072686 1.178817 0.372525 1.028455 1.217869 0.402099 1.272859 1.785174 0.509314 1.701442 1.628668 0.083822 1.753250 1.404085 0.197201 1.761933 1.524021 0.019951 0.410750 2.034660 0.093933 0.413861 2.021475 0.083679 
1.071478 1.195536 0.386898 1.026839 1.235474 0.414619 1.270638 1.804551 0.500855 1.700624 1.634838 0.082562 1.752302 1.414346 0.203761 1.761521 1.528162 0.022547 0.407797 2.036993 0.069104 0.411039 2.023388 0.059457 
1.069082 1.211539 0.400367 1.024309 1.252599 0.426163 1.269709 1.821301 0.492266 1.700440 1.637779 0.081182 1.751303 1.421369 0.209853 1.761354 1.529059 0.024975 0.407984 2.039820 0.043956 0.411272 2.025800 0.034940 
1.066412 1.227171 0.411738 1.021592 1.268966 0.436240 1.269057 1.836548 0.483372 1.700288 1.638944 0.080125 1.749792 1.426556 0.215835 1.760997 1.528257 0.027662 0.410834 2.043696 0.022350 0.413929 2.029184 0.014075 
1.066084 1.240569 0.416322 1.268342 1.850270 0.473226 1.021411 1.282985 0.440011 1.699809 1.641527 0.079710 0.418964 2.047366 0.014006 0.421512 2.032617 0.005968 1.748552 1.433489 0.222260 1.760836 1.529276 0.031075 
1.066262 1.251085 0.418747 1.266688 1.863538 0.463350 1.021514 1.293760 0.441823 1.699198 1.644969 0.078907 0.425461 2.050875 0.013150 0.427600 2.036085 0.005067 1.747782 1.441499 0.227958 1.760753 1.531457 0.034007 
1.066572 1.258254 0.419275 1.263724 1.875921 0.454771 1.021697 1.300967 0.442031 1.698676 1.648498 0.077363 0.428248 2.054688 0.014558 0.430223 2.039927 0.006379 1.747647 1.449329 0.231992 1.760759 1.534042 0.035703 
1.067334 1.262458 0.417387 1.260347 1.886255 0.447469 1.022428 1.305151 0.440120 1.698171 1.651670 0.075983 0.427869 2.057489 0.016529 0.429833 2.042794 0.008231 1.747575 1.456260 0.235203 1.760767 1.536532 0.037061 
1.068449 1.265678 0.417821 1.257717 1.893960 0.441886 1.023387 1.308283 0.440411 1.697680 1.654868 0.074344 0.425727 2.057917 0.019271 0.427824 2.043290 0.010886 1.748084 1.462414 0.236817 1.760865 1.539416 0.037355 
1.068967 1.267635 0.418296 1.023743 1.310117 0.440791 1.124120 1.924205 0.465054 1.255800 1.898581 0.438719 1.697372 1.657027 0.073024 0.423136 2.058484 0.022679 0.425417 2.043940 0.014197 1.748624 1.466426 0.237404 1.760958 1.541441 0.037158 
1.068961 1.268234 0.418494 1.023649 1.310646 0.440945 1.123213 1.925709 0.463860 1.254959 1.900140 0.437805 1.697263 1.657765 0.072564 0.421926 2.058737 0.024261 0.424294 2.044233 0.015735 1.748837 1.467743 0.237513 1.760993 1.542155 0.037032 
1.068502 1.267601 0.418413 1.023180 1.310000 0.440868 1.123208 1.924816 0.464824 1.254957 1.899216 0.438810 1.697324 1.657555 0.072542 0.422019 2.058726 0.024096 0.424382 2.044218 0.015576 1.749007 1.467107 0.236965 1.761020 1.542032 0.036666 
1.067601 1.265924 0.418048 1.022320 1.308332 0.440567 1.123707 1.922250 0.467231 1.255419 1.896540 0.441139 1.697443 1.656878 0.072893 0.422332 2.058698 0.023418 0.424671 2.044174 0.014918 1.749199 1.465292 0.235966 1.761040 1.541568 0.036167 
1.066414 1.263610 0.417640 1.256507 1.892232 0.444383 1.021174 1.306015 0.440249 1.697619 1.655497 0.073902 0.423058 2.058540 0.022451 0.425348 2.043991 0.013982 1.749031 1.462211 0.235067 1.761017 1.540446 0.036036 
1.065100 1.260760 0.417114 1.258005 1.886606 0.448471 1.019911 1.303162 0.439833 1.697860 1.653477 0.075358 0.423875 2.058210 0.021288 0.426110 2.043631 0.012855 1.748631 1.458004 0.234069 1.760953 1.538739 0.036060 
1.063733 1.257326 0.416373 1.259776 1.879895 0.453242 1.018628 1.299739 0.439235 1.698164 1.651076 0.076863 0.424265 2.057833 0.020514 0.426482 2.043235 0.012110 1.748256 1.453065 0.232616 1.760884 1.536735 0.035848 
1.062198 1.253392 0.415480 1.261736 1.872234 0.458504 1.017198 1.295825 0.438512 1.698493 1.648469 0.078385 0.424143 2.057659 0.020594 0.426392 2.043061 0.012198 1.747919 1.447692 0.230773 1.760816 1.534621 0.035440 
1.060479 1.249136 0.414530 1.263790 1.863798 0.464032 1.015583 1.291578 0.437748 1.698768 1.645702 0.079952 0.423922 2.057509 0.021004 0.426216 2.042919 0.012606 1.747507 1.442036 0.228684 1.760682 1.532428 0.034949 
1.058498 1.244847 0.413763 1.265742 1.854849 0.469729 1.013674 1.287272 0.437150 1.698730 1.642696 0.081205 0.423900 2.057383 0.021854 0.426233 2.042810 0.013437 1.746841 1.436035 0.225956 1.760157 1.530067 0.033970 
1.056167 1.240703 0.413338 1.267360 1.845552 0.475617 1.011342 1.283055 0.436854 1.698271 1.639373 0.082140 0.424185 2.057281 0.023296 0.426544 2.042737 0.014837 1.745723 1.429674 0.222679 1.759098 1.527426 0.032565 
1.053523 1.236558 0.413133 1.008623 1.278773 0.436755 1.268608 1.835938 0.481592 1.697415 1.635849 0.082813 1.744203 1.423098 0.218918 1.757571 1.524646 0.030803 0.424486 2.057090 0.025315 0.426870 2.042588 0.016790 
1.050659 1.232084 0.412865 1.005672 1.274142 0.436600 1.269776 1.825689 0.487728 1.696404 1.632160 0.083286 1.742564 1.416270 0.214578 1.755842 1.521822 0.028674 0.424593 2.056931 0.027855 0.427022 2.042484 0.019251 
1.047555 1.227209 0.412495 1.002476 1.269095 0.436358 1.270960 1.814566 0.494030 1.695252 1.628277 0.083645 1.740758 1.409171 0.209733 1.753930 1.518935 0.026278 0.424581 2.056738 0.030780 0.427068 2.042355 0.022086 
1.044179 1.221929 0.412033 0.998997 1.263625 0.436033 1.272115 1.802475 0.500535 1.693955 1.624120 0.084136 1.738658 1.401707 0.204595 1.751829 1.515914 0.023871 0.424560 2.056493 0.034002 0.427110 2.042181 0.025208 
1.040457 1.216232 0.411508 0.995147 1.257707 0.435648 1.273200 1.789354 0.507177 1.692424 1.619689 0.084591 1.736230 1.393896 0.198936 1.749437 1.512785 0.021261 0.424584 2.056162 0.037578 0.427197 2.041930 0.028674 
1.036382 1.209981 0.410805 0.990932 1.251213 0.435100 1.274251 1.775019 0.513958 1.690687 1.614962 0.084840 1.733558 1.385711 0.192463 1.746770 1.509575 0.018219 0.424565 2.055777 0.041561 0.427251 2.041636 0.032534 
1.031930 1.203097 0.409886 0.986329 1.244061 0.434350 1.275328 1.759230 0.520853 1.688735 1.609886 0.084861 1.730596 1.377119 0.185080 1.743802 1.506266 0.014715 0.424564 2.055298 0.045951 0.427329 2.041260 0.036788 
1.027157 1.195515 0.408622 1.687397 1.606092 0.087239 0.981421 1.236209 0.433284 1.727287 1.369544 0.179054 1.741978 1.504704 0.013544 0.424450 2.054741 0.050743 0.427308 2.040816 0.041438 
1.022705 1.188246 0.407193 1.686339 1.603025 0.090732 0.976818 1.228647 0.432055 1.723222 1.362746 0.173691 1.740360 1.503954 0.013553 0.424319 2.054133 0.056088 0.427264 2.040330 0.046630 
1.018183 1.180985 0.405593 1.684321 1.599731 0.094294 0.972131 1.221078 0.430649 1.719515 1.356223 0.168064 1.737674 1.503292 0.013407 0.424765 2.053656 0.062369 0.427779 2.039991 0.052734 
1.012780 1.173169 0.404104 1.681987 1.596200 0.097835 0.966555 1.212967 0.429309 1.715893 1.349834 0.162106 1.734673 1.502651 0.013203 0.425895 2.053365 0.069295 0.428970 2.039856 0.059461 
1.006607 1.164833 0.402597 1.679465 1.592436 0.101327 0.960208 1.204358 0.427913 1.712256 1.343568 0.155791 1.731495 1.502023 0.012963 0.427390 2.053122 0.076327 0.430528 2.039774 0.066293 
1.001110 1.155390 0.402398 1.677593 1.588440 0.104809 0.954848 1.194966 0.427884 1.709289 1.337412 0.149044 1.728808 1.501408 0.012655 0.428951 2.052855 0.083372 0.432187 2.039641 0.073195 
0.996947 1.147291 0.403160 1.677810 1.584308 0.108203 0.951092 1.187314 0.428684 1.708273 1.331501 0.141927 1.728114 1.500862 0.012308 0.434279 2.054008 0.089382 0.437594 2.040897 0.079097 
0.992740 1.140665 0.404309 1.678606 1.580099 0.111298 0.947360 1.181299 0.429716 1.707897 1.326007 0.134873 1.728130 1.500266 0.011981 0.443981 2.055322 0.090853 0.447137 2.042206 0.080525 
0.987614 1.135078 0.406932 1.679205 1.576010 0.114037 0.942670 1.176388 0.432024 1.707311 1.321076 0.128019 1.728125 1.499713 0.011687 0.454845 2.056613 0.090206 0.457775 2.043450 0.079870 
0.981973 1.130520 0.410504 1.679785 1.572192 0.116498 0.937449 1.172560 0.435127 1.706522 1.316780 0.121661 1.728122 1.499196 0.011499 0.465504 2.057940 0.087908 0.468232 2.044713 0.077600 
0.976458 1.126980 0.414100 1.680342 1.568698 0.118675 0.932287 1.169659 0.438254 1.705602 1.313100 0.115854 1.728022 1.498716 0.011349 0.475892 2.059545 0.083192 0.478383 2.046191 0.072987 
0.972690 1.123285 0.415623 1.680903 1.565581 0.120496 0.928814 1.166397 0.439544 1.704900 1.310033 0.110691 1.728011 1.498305 0.011205 0.486452 2.060002 0.081429 0.488597 2.046582 0.071232 
0.969327 1.119355 0.416674 1.681429 1.562634 0.122116 0.925792 1.162896 0.440441 1.704267 1.307312 0.105821 1.728017 1.497929 0.011064 0.494487 2.060442 0.082390 0.496467 2.047027 0.072155 
0.966313 1.115315 0.417285 1.681906 1.559846 0.123561 0.923104 1.159225 0.440968 1.703706 1.304890 0.101229 1.728023 1.497586 0.010925 0.500993 2.060619 0.083001 0.502852 2.047200 0.072747 
0.963479 1.111292 0.417687 1.682353 1.557160 0.124876 0.920590 1.155541 0.441321 1.703179 1.302689 0.096814 1.728029 1.497265 0.010788 0.506746 2.060724 0.083257 0.508507 2.047293 0.073002 
0.960711 1.107386 0.418005 1.682746 1.554645 0.126039 0.918123 1.151946 0.441599 1.702940 1.300757 0.092730 1.728043 1.496997 0.010649 0.512090 2.060740 0.083436 0.513762 2.047297 0.073183 
0.958062 1.103584 0.418252 1.682977 1.552726 0.126873 0.915726 1.148392 0.441830 1.703836 1.299414 0.089799 1.728089 1.496907 0.010516 0.516242 2.060562 0.083616 0.517855 2.047107 0.073368 
0.955722 1.100184 0.418409 1.683128 1.551353 0.127446 0.913562 1.145153 0.441996 1.705020 1.298519 0.087790 1.728141 1.496900 0.010405 0.518764 2.060291 0.083872 0.520362 2.046827 0.073633 
0.954085 1.097689 0.418389 1.683255 1.550488 0.127804 0.912003 1.142716 0.442004 1.705655 1.297963 0.086503 1.728171 1.496883 0.010335 0.519909 2.060049 0.084550 0.521513 2.046587 0.074310 
0.953512 1.096207 0.417915 1.683325 1.549979 0.128011 0.911432 1.141201 0.441596 1.705860 1.297630 0.085718 1.728181 1.496858 0.010300 0.520115 2.059857 0.085865 0.521727 2.046413 0.075603 
0.953994 1.095713 0.417033 1.683356 1.549919 0.128014 0.911878 1.140619 0.440817 1.705886 1.297579 0.085664 1.728184 1.496822 0.010281 0.519539 2.059745 0.087615 0.521169 2.046331 0.077316 
0.954939 1.096028 0.416206 1.683342 1.550006 0.127956 0.912757 1.140828 0.440072 1.705736 1.297618 0.085817 1.728184 1.496788 0.010284 0.518306 2.059724 0.088982 0.519968 2.046340 0.078650 
0.956001 1.097027 0.415668 1.683292 1.550363 0.127811 0.913728 1.141723 0.439568 1.705502 1.297846 0.086354 1.728173 1.496797 0.010312 0.516812 2.059790 0.089494 0.518508 2.046424 0.079144 
0.956934 1.098703 0.415622 1.683225 1.550892 0.127595 0.914552 1.143322 0.439474 1.705261 1.298194 0.087165 1.728161 1.496821 0.010348 0.515404 2.059965 0.088934 0.517131 2.046599 0.078588 
0.957518 1.100944 0.416266 1.683146 1.551574 0.127314 0.915031 1.145545 0.439967 1.705067 1.298654 0.088227 1.728149 1.496862 0.010391 0.514337 2.060285 0.087085 0.516090 2.046900 0.076770 
0.957668 1.103687 0.417655 1.683049 1.552397 0.126969 0.915053 1.148302 0.441095 1.704919 1.299224 0.089528 1.728134 1.496920 0.010438 0.513627 2.060957 0.084043 0.515388 2.047521 0.073795 
0.958275 1.106302 0.418475 1.682952 1.553334 0.126571 0.915525 1.150887 0.441725 1.704854 1.299892 0.091020 1.728127 1.496997 0.010488 0.514104 2.061721 0.084398 0.515831 2.048305 0.074117 
0.958934 1.108831 0.419158 1.682864 1.554181 0.126204 0.916063 1.153388 0.442238 1.704712 1.300501 0.092355 1.728117 1.497060 0.010535 0.514925 2.062214 0.085148 0.516607 2.048827 0.074822 
0.959568 1.111138 0.419707 1.682784 1.554903 0.125885 0.916581 1.155661 0.442638 1.704535 1.301026 0.093484 1.728105 1.497109 0.010578 0.515467 2.062664 0.085939 0.517120 2.049306 0.075571 
0.960109 1.113056 0.420098 1.682719 1.555475 0.125628 0.917016 1.157539 0.442908 1.704373 1.301445 0.094375 1.728096 1.497146 0.010613 0.515610 2.063079 0.086748 0.517261 2.049748 0.076346 
0.960477 1.114422 0.420341 1.682675 1.555864 0.125452 0.917297 1.158865 0.443063 1.704262 1.301734 0.094981 1.728089 1.497172 0.010637 0.515473 2.063417 0.087417 0.517137 2.050107 0.076990 
