0.000325 0.001818 0.999998 -0.005286 0.000922 0.999986 -0.005303 0.001048 0.999985 0.000320 0.001852 0.999998 
0.000294 0.001644 0.999999 -0.004779 0.000834 0.999988 -0.004795 0.000947 0.999988 0.000289 0.001675 0.999999 
0.000264 0.001476 0.999999 -0.004299 0.000750 0.999990 -0.004314 0.000852 0.999990 0.000260 0.001504 0.999999 
0.000236 0.001319 0.999999 -0.003874 0.000676 0.999992 -0.003887 0.000768 0.999992 0.000232 0.001345 0.999999 
0.000210 0.001175 0.999999 -0.003511 0.000613 0.999994 -0.003522 0.000696 0.999994 0.000207 0.001198 0.999999 
0.000187 0.001047 0.999999 -0.003186 0.000556 0.999995 -0.003195 0.000631 0.999995 0.000184 0.001068 0.999999 
0.000167 0.000932 1.000000 -0.002896 0.000505 0.999996 -0.002905 0.000574 0.999996 0.000164 0.000951 1.000000 
0.000076 0.000422 1.000000 -0.002663 0.000465 0.999996 -0.002661 0.000526 0.999996 0.000076 0.000439 1.000000 
0.000069 0.000387 1.000000 -0.007507 0.001308 0.999971 -0.007484 0.001477 0.999971 0.000075 0.000434 1.000000 
-0.000005 -0.000028 1.000000 -0.006882 0.001199 0.999976 -0.006852 0.001352 0.999976 0.000002 0.000014 1.000000 
-0.000062 -0.000347 1.000000 -0.006670 0.001161 0.999977 -0.006633 0.001308 0.999977 -0.000053 -0.000306 1.000000 
-0.000056 -0.000315 1.000000 -0.006200 0.001079 0.999980 -0.006166 0.001216 0.999980 -0.000048 -0.000278 1.000000 
-0.000052 -0.000293 1.000000 -0.005782 0.001007 0.999983 -0.005751 0.001134 0.999983 -0.000045 -0.000258 1.000000 
0.000069 0.000387 1.000000 -0.007155 0.001248 0.999974 -0.007133 0.001409 0.999974 0.000075 0.000432 1.000000 
0.000061 0.000339 1.000000 -0.006472 0.001129 0.999978 -0.006452 0.001274 0.999978 0.000065 0.000379 1.000000 
0.000050 0.000279 1.000000 -0.005839 0.001019 0.999982 -0.005820 0.001150 0.999982 0.000054 0.000315 1.000000 
-0.000001 -0.000006 1.000000 -0.005589 0.000937 0.999984 -0.005566 0.001062 0.999984 0.000005 0.000028 1.000000 
0.000091 0.000533 1.000000 -0.006430 0.001074 0.999979 -0.006415 0.001219 0.999979 0.000095 0.000573 1.000000 
0.001369 0.006840 0.999976 -0.006090 0.001191 0.999981 -0.006213 0.001360 0.999980 0.001334 0.006886 0.999975 
0.000462 0.002188 0.999997 -0.016247 0.003353 0.999862 -0.016214 0.003725 0.999862 0.000469 0.002290 0.999997 
-0.000251 -0.001167 0.999999 -0.013619 0.002871 0.999903 -0.013524 0.003167 0.999904 -0.000227 -0.001085 0.999999 
0.000748 0.003305 0.999994 -0.099410 0.066688 0.992809 0.069037 0.084204 0.994054 -0.016880 0.004248 0.999848 -0.005169 -0.008145 0.999953 0.029023 0.033697 0.999011 
-0.000042 -0.000184 1.000000 -0.030207 0.020201 0.999340 0.053831 0.067549 0.996263 -0.016077 0.004132 0.999862 -0.005246 -0.008276 0.999952 0.045352 0.053466 0.997539 
-0.000047 -0.000201 1.000000 -0.019490 0.013198 0.999723 0.045168 0.058400 0.997271 -0.002937 0.000755 0.999995 -0.006148 -0.009572 0.999935 0.039084 0.047563 0.998103 
-0.000111 -0.000478 1.000000 -0.015463 0.010492 0.999825 0.036074 0.047172 0.998235 -0.003786 0.000973 0.999992 -0.009933 -0.015437 0.999832 0.033741 0.041503 0.998568 
0.000818 0.003537 0.999993 -0.011294 0.007670 0.999907 0.027840 0.035945 0.998966 -0.004734 0.001215 0.999988 -0.015894 -0.024680 0.999569 0.032001 0.038876 0.998732 
0.000731 0.003160 0.999995 -0.004924 0.003346 0.999982 0.020839 0.026248 0.999438 -0.004304 0.001105 0.999990 -0.022360 -0.034692 0.999148 0.030978 0.036747 0.998844 
0.000352 0.001523 0.999999 0.001420 -0.000963 0.999999 0.013178 0.016179 0.999782 -0.009804 0.002519 0.999949 -0.028404 -0.044134 0.998622 0.030460 0.035237 0.998915 
-0.000076 -0.000329 1.000000 0.006125 -0.004143 0.999973 0.006458 0.007804 0.999949 -0.010912 0.002804 0.999937 -0.032814 -0.051075 0.998156 0.028079 0.031982 0.999094 
0.000270 0.001167 0.999999 0.009214 -0.006205 0.999938 -0.000379 -0.000455 1.000000 -0.011172 0.002869 0.999933 -0.036454 -0.056966 0.997710 0.025566 0.028886 0.999256 
0.000223 0.000963 1.000000 0.006792 -0.004563 0.999967 -0.000991 -0.001189 0.999999 -0.011011 0.002827 0.999935 -0.037542 -0.058826 0.997562 0.024197 0.027310 0.999334 
0.000021 0.000092 1.000000 0.004494 -0.003013 0.999985 -0.001561 -0.001872 0.999997 -0.012535 0.003210 0.999916 -0.039245 -0.061641 0.997327 0.023395 0.026405 0.999378 
-0.000776 -0.003370 0.999994 0.002972 -0.001992 0.999994 -0.001972 -0.002365 0.999995 -0.013414 0.003433 0.999904 -0.041070 -0.064552 0.997069 0.021911 0.024730 0.999454 
-0.001760 -0.007573 0.999970 0.002113 -0.001421 0.999997 -0.002208 -0.002645 0.999994 -0.013551 0.003496 0.999902 -0.042959 -0.067292 0.996808 0.020417 0.023016 0.999527 
-0.002543 -0.010779 0.999939 0.001396 -0.000945 0.999999 -0.002369 -0.002834 0.999993 -0.013399 0.003505 0.999904 -0.044240 -0.068892 0.996643 0.019079 0.021459 0.999588 
-0.002954 -0.012295 0.999920 0.000232 -0.000158 1.000000 -0.002354 -0.002812 0.999993 -0.012952 0.003446 0.999910 -0.045155 -0.069805 0.996538 0.018127 0.020335 0.999629 
-0.003046 -0.012553 0.999917 0.000174 -0.000119 1.000000 -0.002272 -0.002711 0.999994 -0.012333 0.003311 0.999918 -0.045229 -0.069745 0.996539 0.017915 0.020062 0.999638 
-0.002853 -0.011639 0.999928 0.000355 -0.000244 1.000000 -0.002293 -0.002734 0.999994 -0.011637 0.003153 0.999927 -0.044764 -0.068785 0.996627 0.017922 0.020041 0.999639 
-0.002343 -0.009502 0.999952 0.000328 -0.000225 1.000000 -0.002168 -0.002585 0.999994 -0.010920 0.002975 0.999936 -0.043984 -0.067406 0.996756 0.018334 0.020495 0.999622 
-0.001510 -0.006089 0.999980 0.000301 -0.000207 1.000000 -0.001970 -0.002348 0.999995 -0.010005 0.002740 0.999946 -0.042794 -0.065405 0.996941 0.019119 0.021361 0.999589 
-0.000498 -0.002000 0.999998 0.000295 -0.000204 1.000000 -0.001747 -0.002083 0.999996 -0.009050 0.002485 0.999956 -0.041168 -0.062790 0.997177 0.020019 0.022359 0.999550 
-0.000441 -0.001773 0.999998 0.001320 -0.000913 0.999999 -0.001532 -0.001826 0.999997 -0.008027 0.002204 0.999965 -0.039681 -0.060416 0.997384 0.019825 0.022153 0.999558 
-0.000381 -0.001531 0.999999 0.003819 -0.002642 0.999989 -0.001280 -0.001526 0.999998 -0.006867 0.001886 0.999975 -0.038253 -0.058201 0.997572 0.020420 0.022822 0.999531 
-0.000370 -0.001487 0.999999 0.007215 -0.004994 0.999962 -0.001007 -0.001198 0.999999 -0.005761 0.001582 0.999982 -0.036719 -0.055804 0.997766 0.021360 0.023825 0.999488 
-0.000324 -0.001302 0.999999 0.009985 -0.006919 0.999926 0.000005 0.000006 1.000000 -0.005091 0.001398 0.999986 -0.034863 -0.052903 0.997991 0.022694 0.025238 0.999424 
-0.000284 -0.001139 0.999999 0.010496 -0.007278 0.999918 0.001899 0.002248 0.999996 -0.004529 0.001244 0.999989 -0.032898 -0.049893 0.998213 0.023678 0.026337 0.999373 
-0.000247 -0.000993 0.999999 0.010217 -0.007086 0.999923 0.003574 0.004236 0.999985 -0.004045 0.001111 0.999991 -0.031434 -0.047667 0.998369 0.024328 0.027098 0.999337 
-0.000214 -0.000860 1.000000 0.010030 -0.006956 0.999925 0.004584 0.005439 0.999975 -0.003606 0.000990 0.999993 -0.030677 -0.046524 0.998446 0.024771 0.027616 0.999312 
-0.000184 -0.000740 1.000000 0.010034 -0.006959 0.999925 0.005109 0.006063 0.999969 -0.003216 0.000883 0.999994 -0.030324 -0.045989 0.998482 0.025056 0.027942 0.999295 
-0.000159 -0.000640 1.000000 0.010167 -0.007051 0.999923 0.005261 0.006244 0.999967 -0.002884 0.000792 0.999996 -0.030219 -0.045829 0.998492 0.025173 0.028073 0.999289 
-0.000140 -0.000562 1.000000 0.010423 -0.007229 0.999920 0.005032 0.005969 0.999970 -0.002610 0.000717 0.999996 -0.030350 -0.046023 0.998479 0.025111 0.027993 0.999293 
-0.000123 -0.000493 1.000000 0.010801 -0.007492 0.999914 0.004491 0.005323 0.999976 -0.002363 0.000649 0.999997 -0.030694 -0.046538 0.998445 0.024926 0.027761 0.999304 
-0.000107 -0.000431 1.000000 0.011259 -0.007810 0.999906 0.003754 0.004444 0.999983 -0.002145 0.000589 0.999998 -0.031189 -0.047282 0.998395 0.024670 0.027448 0.999319 
-0.000094 -0.000377 1.000000 0.011779 -0.008171 0.999897 0.002867 0.003391 0.999990 -0.001954 0.000537 0.999998 -0.031793 -0.048188 0.998332 0.024356 0.027070 0.999337 
-0.000082 -0.000331 1.000000 0.012347 -0.008566 0.999887 0.001831 0.002163 0.999996 -0.001784 0.000490 0.999998 -0.032490 -0.049233 0.998259 0.023969 0.026613 0.999358 
-0.000075 -0.000300 1.000000 0.012964 -0.008995 0.999876 0.000627 0.000740 1.000000 -0.001628 0.000447 0.999999 -0.033289 -0.050433 0.998173 0.023490 0.026055 0.999384 
-0.000069 -0.000277 1.000000 0.013140 -0.009120 0.999872 -0.000180 -0.000212 1.000000 -0.001524 0.000419 0.999999 -0.034041 -0.051553 0.998090 0.023154 0.025666 0.999402 
-0.000067 -0.000269 1.000000 0.012777 -0.008869 0.999879 -0.000192 -0.000226 1.000000 -0.001530 0.000420 0.999999 -0.034546 -0.052308 0.998033 0.023205 0.025723 0.999400 
-0.000066 -0.000264 1.000000 0.012684 -0.008806 0.999881 -0.000190 -0.000225 1.000000 -0.001487 0.000408 0.999999 -0.034961 -0.052931 0.997986 0.023347 0.025882 0.999392 
-0.000063 -0.000252 1.000000 0.012709 -0.008824 0.999880 -0.000168 -0.000198 1.000000 -0.001360 0.000373 0.999999 -0.035244 -0.053353 0.997954 0.023486 0.026037 0.999385 
-0.000060 -0.000240 1.000000 0.012790 -0.008881 0.999879 -0.000133 -0.000157 1.000000 -0.001186 0.000326 0.999999 -0.035366 -0.053533 0.997940 0.023576 0.026138 0.999380 
-0.000056 -0.000227 1.000000 0.012943 -0.008987 0.999876 -0.000094 -0.000111 1.000000 -0.001005 0.000276 0.999999 -0.035349 -0.053506 0.997942 0.023639 0.026208 0.999377 
-0.000279 -0.001120 0.999999 0.013082 -0.009084 0.999873 0.000027 0.000032 1.000000 -0.002311 0.000634 0.999997 -0.035326 -0.053469 0.997944 0.023791 0.026372 0.999369 
-0.000257 -0.001032 0.999999 0.013238 -0.009192 0.999870 0.000019 0.000022 1.000000 -0.002171 0.000596 0.999997 -0.035267 -0.053377 0.997951 0.023832 0.026417 0.999367 
-0.000236 -0.000948 1.000000 0.013389 -0.009297 0.999867 0.000013 0.000015 1.000000 -0.002037 0.000559 0.999998 -0.035203 -0.053280 0.997959 0.023871 0.026460 0.999365 
-0.000217 -0.000873 1.000000 0.013514 -0.009384 0.999865 0.000004 0.000005 1.000000 -0.001930 0.000530 0.999998 -0.035148 -0.053196 0.997965 0.023902 0.026495 0.999363 
-0.000201 -0.000806 1.000000 0.013622 -0.009459 0.999862 -0.000003 -0.000004 1.000000 -0.001832 0.000503 0.999998 -0.035100 -0.053123 0.997971 0.023928 0.026524 0.999362 
-0.000106 -0.000424 1.000000 0.013708 -0.009519 0.999861 -0.000047 -0.000056 1.000000 -0.001881 0.000516 0.999998 -0.035056 -0.053056 0.997976 0.024086 0.026697 0.999353 
-0.000438 -0.001761 0.999998 0.013735 -0.009538 0.999860 0.000034 0.000039 1.000000 -0.005549 0.001522 0.999983 -0.035063 -0.053063 0.997975 0.024617 0.027260 0.999325 
-0.000398 -0.001601 0.999999 0.013737 -0.009540 0.999860 -0.000468 -0.000550 1.000000 -0.008102 0.002223 0.999965 -0.035013 -0.052984 0.997981 0.024886 0.027512 0.999312 
-0.000899 -0.003614 0.999993 0.013645 -0.009478 0.999862 0.000232 0.000273 1.000000 -0.007176 0.001969 0.999972 -0.035021 -0.052987 0.997981 0.024390 0.026994 0.999338 
-0.001039 -0.004176 0.999991 0.013537 -0.009404 0.999864 0.000518 0.000609 1.000000 -0.006067 0.001665 0.999980 -0.034973 -0.052908 0.997987 0.024040 0.026614 0.999357 
-0.000991 -0.003983 0.999992 0.013447 -0.009342 0.999866 0.000481 0.000566 1.000000 -0.005805 0.001593 0.999982 -0.034931 -0.052840 0.997992 0.023947 0.026512 0.999362 
-0.000591 -0.002380 0.999997 0.013236 -0.009195 0.999870 -0.000074 -0.000087 1.000000 -0.009450 0.002589 0.999952 -0.034880 -0.052771 0.997997 0.024983 0.027624 0.999306 
-0.000838 -0.003377 0.999994 0.012972 -0.009013 0.999875 0.000072 0.000084 1.000000 -0.010251 0.002809 0.999944 -0.034888 -0.052778 0.997997 0.024786 0.027399 0.999317 
-0.000807 -0.003252 0.999994 0.012641 -0.008784 0.999882 0.000078 0.000091 1.000000 -0.009568 0.002622 0.999951 -0.034867 -0.052741 0.997999 0.024480 0.027059 0.999334 
-0.000736 -0.002965 0.999995 0.012354 -0.008586 0.999887 0.000062 0.000073 1.000000 -0.008760 0.002400 0.999959 -0.034827 -0.052674 0.998004 0.024202 0.026752 0.999349 
-0.000672 -0.002706 0.999996 0.012090 -0.008403 0.999892 0.000045 0.000053 1.000000 -0.008040 0.002203 0.999965 -0.034788 -0.052612 0.998009 0.023946 0.026468 0.999363 
-0.000614 -0.002474 0.999997 0.011809 -0.008209 0.999897 0.000019 0.000022 1.000000 -0.007441 0.002038 0.999970 -0.034764 -0.052571 0.998012 0.023701 0.026198 0.999376 
-0.000561 -0.002261 0.999997 0.011520 -0.008009 0.999902 -0.000006 -0.000008 1.000000 -0.006903 0.001891 0.999974 -0.034748 -0.052544 0.998014 0.023467 0.025938 0.999388 
-0.000185 -0.000746 1.000000 0.011190 -0.007780 0.999907 -0.000451 -0.000530 1.000000 -0.007883 0.002160 0.999967 -0.034731 -0.052518 0.998016 0.023789 0.026274 0.999372 
-0.000244 -0.000981 0.999999 0.010938 -0.007606 0.999911 -0.000524 -0.000615 1.000000 -0.008261 0.002263 0.999963 -0.034801 -0.052621 0.998008 0.023629 0.026085 0.999380 
-0.000371 -0.001496 0.999999 0.010556 -0.007341 0.999917 -0.000330 -0.000388 1.000000 -0.007634 0.002091 0.999969 -0.034851 -0.052695 0.998002 0.023253 0.025679 0.999400 
-0.000137 -0.000552 1.000000 0.010261 -0.007136 0.999922 -0.000616 -0.000722 1.000000 -0.008189 0.002243 0.999964 -0.034930 -0.052813 0.997993 0.023428 0.025858 0.999391 
-0.000639 -0.002576 0.999996 0.009872 -0.006866 0.999928 -0.000308 -0.000360 1.000000 -0.010394 0.002845 0.999942 -0.035035 -0.052972 0.997981 0.023308 0.025723 0.999397 
-0.000362 -0.001461 0.999999 0.009424 -0.006555 0.999934 -0.000498 -0.000584 1.000000 -0.010039 0.002748 0.999946 -0.035072 -0.053024 0.997977 0.023296 0.025706 0.999398 
-0.000027 -0.000110 1.000000 0.009052 -0.006297 0.999939 -0.000834 -0.000977 0.999999 -0.010614 0.002905 0.999939 -0.035095 -0.053058 0.997975 0.023537 0.025958 0.999386 
0.000099 0.000400 1.000000 0.008722 -0.006068 0.999944 -0.000918 -0.001075 0.999999 -0.010174 0.002784 0.999944 -0.035127 -0.053104 0.997971 0.023404 0.025808 0.999393 
-0.000542 -0.002185 0.999997 0.008399 -0.005844 0.999948 -0.000474 -0.000555 1.000000 -0.011423 0.003127 0.999930 -0.035195 -0.053204 0.997963 0.022923 0.025278 0.999418 
-0.000501 -0.002022 0.999998 0.008070 -0.005616 0.999952 -0.000502 -0.000588 1.000000 -0.010706 0.002930 0.999938 -0.035226 -0.053245 0.997960 0.022616 0.024940 0.999433 
-0.000284 -0.001144 0.999999 0.007771 -0.005408 0.999955 -0.000735 -0.000860 0.999999 -0.010784 0.002951 0.999937 -0.035253 -0.053284 0.997957 0.022654 0.024973 0.999431 
-0.000265 -0.001070 0.999999 0.007511 -0.005228 0.999958 -0.000756 -0.000885 0.999999 -0.010183 0.002787 0.999944 -0.035318 -0.053380 0.997949 0.022399 0.024698 0.999444 
-0.000250 -0.001007 0.999999 0.007216 -0.005022 0.999961 -0.000813 -0.000953 0.999999 -0.009783 0.002677 0.999949 -0.035400 -0.053506 0.997940 0.022150 0.024431 0.999456 
-0.000235 -0.000947 1.000000 0.006980 -0.004858 0.999964 -0.000905 -0.001061 0.999999 -0.009536 0.002610 0.999951 -0.035472 -0.053613 0.997932 0.021933 0.024197 0.999467 
-0.000220 -0.000887 1.000000 0.006797 -0.004731 0.999966 -0.001035 -0.001213 0.999999 -0.009467 0.002591 0.999952 -0.035532 -0.053704 0.997925 0.021749 0.023996 0.999475 
-0.000207 -0.000834 1.000000 0.006665 -0.004639 0.999967 -0.001178 -0.001379 0.999998 -0.009492 0.002598 0.999952 -0.035580 -0.053776 0.997919 0.021596 0.023827 0.999483 
-0.000195 -0.000786 1.000000 0.006539 -0.004552 0.999968 -0.001310 -0.001535 0.999998 -0.009530 0.002608 0.999951 -0.035622 -0.053839 0.997914 0.021454 0.023670 0.999490 
-0.000185 -0.000745 1.000000 0.006428 -0.004474 0.999969 -0.001427 -0.001671 0.999998 -0.009552 0.002614 0.999951 -0.035657 -0.053891 0.997910 0.021324 0.023527 0.999496 
-0.000175 -0.000708 1.000000 0.006392 -0.004450 0.999970 -0.001552 -0.001818 0.999997 -0.009633 0.002636 0.999950 -0.035712 -0.053974 0.997904 0.021251 0.023445 0.999499 
-0.000167 -0.000674 1.000000 0.006414 -0.004465 0.999969 -0.001661 -0.001946 0.999997 -0.009700 0.002655 0.999949 -0.035757 -0.054040 0.997898 0.021214 0.023400 0.999501 
-0.000160 -0.000644 1.000000 0.006461 -0.004498 0.999969 -0.001750 -0.002050 0.999996 -0.009725 0.002662 0.999949 -0.035792 -0.054091 0.997894 0.021191 0.023372 0.999502 
-0.000153 -0.000617 1.000000 0.006536 -0.004550 0.999968 -0.001820 -0.002131 0.999996 -0.009710 0.002657 0.999949 -0.035818 -0.054128 0.997891 0.021184 0.023361 0.999503 
-0.000147 -0.000594 1.000000 0.006647 -0.004627 0.999967 -0.001870 -0.002189 0.999996 -0.009653 0.002642 0.999950 -0.035846 -0.054168 0.997888 0.021201 0.023377 0.999502 
-0.000142 -0.000573 1.000000 0.006796 -0.004731 0.999966 -0.001902 -0.002227 0.999996 -0.009555 0.002615 0.999951 -0.035883 -0.054222 0.997884 0.021247 0.023426 0.999500 
-0.000138 -0.000555 1.000000 0.006972 -0.004854 0.999964 -0.001917 -0.002244 0.999996 -0.009414 0.002577 0.999952 -0.035926 -0.054284 0.997879 0.021314 0.023497 0.999497 
-0.000770 -0.003104 0.999995 0.007143 -0.004973 0.999962 -0.001617 -0.001891 0.999997 -0.012155 0.003326 0.999921 -0.035968 -0.054340 0.997874 0.021359 0.023539 0.999495 
-0.000635 -0.002563 0.999997 0.007321 -0.005097 0.999960 -0.001620 -0.001895 0.999997 -0.011519 0.003150 0.999929 -0.035890 -0.054231 0.997883 0.021473 0.023666 0.999489 
-0.000583 -0.002352 0.999997 0.007576 -0.005274 0.999957 -0.001538 -0.001799 0.999997 -0.010755 0.002941 0.999938 -0.035820 -0.054122 0.997892 0.021532 0.023731 0.999486 
-0.000535 -0.002159 0.999998 0.007942 -0.005530 0.999953 -0.001474 -0.001724 0.999997 -0.010102 0.002762 0.999945 -0.035802 -0.054087 0.997894 0.021680 0.023890 0.999479 
-0.000491 -0.001983 0.999998 0.008234 -0.005733 0.999950 -0.001383 -0.001618 0.999998 -0.009535 0.002607 0.999951 -0.035853 -0.054159 0.997888 0.021864 0.024093 0.999471 
-0.000452 -0.001825 0.999998 0.008523 -0.005934 0.999946 -0.001255 -0.001468 0.999998 -0.009049 0.002474 0.999956 -0.035796 -0.054070 0.997895 0.022044 0.024291 0.999462 
-0.000417 -0.001682 0.999998 0.008855 -0.006166 0.999942 -0.001106 -0.001293 0.999999 -0.008608 0.002354 0.999960 -0.035693 -0.053910 0.997908 0.022250 0.024517 0.999452 
-0.000385 -0.001554 0.999999 0.009224 -0.006423 0.999937 -0.000916 -0.001071 0.999999 -0.008134 0.002224 0.999964 -0.035559 -0.053705 0.997924 0.022483 0.024773 0.999440 
-0.000355 -0.001434 0.999999 0.009623 -0.006701 0.999931 -0.000693 -0.000810 0.999999 -0.007614 0.002082 0.999969 -0.035407 -0.053471 0.997941 0.022737 0.025053 0.999428 
-0.000327 -0.001319 0.999999 0.010047 -0.006996 0.999925 -0.000466 -0.000544 1.000000 -0.007066 0.001932 0.999973 -0.035252 -0.053232 0.997960 0.022996 0.025339 0.999414 
-0.000300 -0.001211 0.999999 0.010472 -0.007292 0.999919 -0.000241 -0.000282 1.000000 -0.006518 0.001782 0.999977 -0.035101 -0.052999 0.997977 0.023252 0.025622 0.999401 
-0.000275 -0.001110 0.999999 0.010888 -0.007582 0.999912 -0.000026 -0.000030 1.000000 -0.005984 0.001636 0.999981 -0.034955 -0.052775 0.997994 0.023499 0.025894 0.999388 
-0.000252 -0.001016 0.999999 0.011284 -0.007858 0.999905 0.000177 0.000207 1.000000 -0.005476 0.001497 0.999984 -0.034819 -0.052566 0.998010 0.023732 0.026151 0.999376 
-0.000230 -0.000930 1.000000 0.011659 -0.008119 0.999899 0.000367 0.000429 1.000000 -0.005000 0.001367 0.999987 -0.034692 -0.052370 0.998025 0.023951 0.026393 0.999365 
-0.000211 -0.000851 1.000000 0.012007 -0.008361 0.999893 0.000541 0.000633 1.000000 -0.004558 0.001246 0.999989 -0.034576 -0.052192 0.998038 0.024153 0.026616 0.999354 
-0.000193 -0.000779 1.000000 0.012330 -0.008586 0.999887 0.000701 0.000819 0.999999 -0.004152 0.001135 0.999991 -0.034469 -0.052028 0.998051 0.024340 0.026822 0.999344 
-0.000177 -0.000714 1.000000 0.012625 -0.008792 0.999882 0.000846 0.000989 0.999999 -0.003781 0.001034 0.999992 -0.034374 -0.051881 0.998062 0.024510 0.027010 0.999335 
-0.000162 -0.000655 1.000000 0.012896 -0.008981 0.999877 0.000977 0.001142 0.999999 -0.003443 0.000941 0.999994 -0.034287 -0.051747 0.998071 0.024666 0.027182 0.999326 
-0.000149 -0.000601 1.000000 0.013142 -0.009152 0.999872 0.001095 0.001280 0.999999 -0.003138 0.000858 0.999995 -0.034210 -0.051629 0.998080 0.024808 0.027338 0.999318 
-0.000137 -0.000553 1.000000 0.013367 -0.009309 0.999867 0.001201 0.001404 0.999998 -0.002862 0.000783 0.999996 -0.034141 -0.051522 0.998088 0.024936 0.027480 0.999311 
-0.000126 -0.000509 1.000000 0.013570 -0.009450 0.999863 0.001296 0.001515 0.999998 -0.002615 0.000715 0.999996 -0.034080 -0.051427 0.998095 0.025053 0.027608 0.999305 
-0.000116 -0.000470 1.000000 0.013755 -0.009580 0.999860 0.001381 0.001614 0.999998 -0.002392 0.000654 0.999997 -0.034025 -0.051343 0.998101 0.025158 0.027725 0.999299 
-0.000108 -0.000434 1.000000 0.013922 -0.009696 0.999856 0.001457 0.001703 0.999997 -0.002193 0.000599 0.999997 -0.033977 -0.051269 0.998107 0.025254 0.027830 0.999294 
-0.000100 -0.000402 1.000000 0.014074 -0.009802 0.999853 0.001524 0.001781 0.999997 -0.002014 0.000551 0.999998 -0.033935 -0.051204 0.998112 0.025340 0.027925 0.999289 
-0.000093 -0.000374 1.000000 0.014211 -0.009897 0.999850 0.001583 0.001851 0.999997 -0.001854 0.000507 0.999998 -0.033898 -0.051147 0.998116 0.025418 0.028011 0.999284 
-0.000086 -0.000348 1.000000 0.014336 -0.009984 0.999847 0.001636 0.001912 0.999997 -0.001711 0.000468 0.999998 -0.033866 -0.051096 0.998119 0.025489 0.028089 0.999280 
-0.000080 -0.000325 1.000000 0.014448 -0.010063 0.999845 0.001683 0.001967 0.999997 -0.001583 0.000433 0.999999 -0.033838 -0.051053 0.998123 0.025553 0.028159 0.999277 
-0.000075 -0.000304 1.000000 0.014552 -0.010135 0.999843 0.001724 0.002015 0.999996 -0.001469 0.000402 0.999999 -0.033813 -0.051014 0.998125 0.025611 0.028223 0.999273 
-0.000071 -0.000286 1.000000 0.014644 -0.010199 0.999841 0.001761 0.002059 0.999996 -0.001368 0.000374 0.999999 -0.033792 -0.050982 0.998128 0.025664 0.028281 0.999270 
-0.000068 -0.000273 1.000000 0.014724 -0.010255 0.999839 0.001801 0.002105 0.999996 -0.001282 0.000351 0.999999 -0.033771 -0.050950 0.998130 0.025714 0.028337 0.999268 
-0.000065 -0.000262 1.000000 0.014788 -0.010300 0.999838 0.001847 0.002159 0.999996 -0.001210 0.000331 0.999999 -0.033748 -0.050914 0.998133 0.025766 0.028394 0.999265 
-0.000062 -0.000252 1.000000 0.014840 -0.010336 0.999836 0.001909 0.002232 0.999996 -0.001149 0.000314 0.999999 -0.033717 -0.050867 0.998136 0.025823 0.028458 0.999261 
-0.000060 -0.000243 1.000000 0.014877 -0.010362 0.999836 0.001992 0.002328 0.999995 -0.001096 0.000300 0.999999 -0.033677 -0.050805 0.998141 0.025890 0.028534 0.999257 
-0.000058 -0.000235 1.000000 0.014903 -0.010380 0.999835 0.002099 0.002454 0.999995 -0.001050 0.000287 0.999999 -0.033623 -0.050725 0.998147 0.025969 0.028624 0.999253 
-0.000057 -0.000228 1.000000 0.014915 -0.010388 0.999835 0.002232 0.002610 0.999994 -0.001009 0.000276 0.999999 -0.033558 -0.050625 0.998154 0.026061 0.028728 0.999247 
-0.000055 -0.000222 1.000000 0.014916 -0.010389 0.999835 0.002391 0.002796 0.999993 -0.000974 0.000266 0.999999 -0.033478 -0.050505 0.998163 0.026167 0.028849 0.999241 
-0.000054 -0.000216 1.000000 0.014906 -0.010382 0.999835 0.002572 0.003008 0.999992 -0.000942 0.000258 1.000000 -0.033387 -0.050369 0.998172 0.026282 0.028981 0.999234 
-0.000052 -0.000211 1.000000 0.014891 -0.010371 0.999835 0.002754 0.003222 0.999991 -0.000914 0.000250 1.000000 -0.033290 -0.050222 0.998183 0.026395 0.029110 0.999228 
-0.000051 -0.000206 1.000000 0.014866 -0.010354 0.999836 0.002929 0.003427 0.999990 -0.000893 0.000244 1.000000 -0.033190 -0.050072 0.998194 0.026498 0.029227 0.999222 
-0.000050 -0.000203 1.000000 0.014833 -0.010331 0.999837 0.003111 0.003640 0.999989 -0.000877 0.000240 1.000000 -0.033082 -0.049910 0.998206 0.026600 0.029343 0.999215 
-0.000049 -0.000199 1.000000 0.014789 -0.010301 0.999838 0.003315 0.003880 0.999987 -0.000862 0.000236 1.000000 -0.032959 -0.049726 0.998219 0.026712 0.029470 0.999209 
-0.000049 -0.000196 1.000000 0.014735 -0.010263 0.999839 0.003552 0.004158 0.999985 -0.000849 0.000232 1.000000 -0.032816 -0.049512 0.998234 0.026840 0.029615 0.999201 
-0.000048 -0.000193 1.000000 0.014666 -0.010215 0.999840 0.003825 0.004477 0.999983 -0.000837 0.000229 1.000000 -0.032654 -0.049268 0.998252 0.026986 0.029781 0.999192 
-0.000047 -0.000191 1.000000 0.014587 -0.010159 0.999842 0.004131 0.004837 0.999980 -0.000827 0.000226 1.000000 -0.032470 -0.048992 0.998271 0.027148 0.029966 0.999182 
-0.000047 -0.000188 1.000000 0.014493 -0.010094 0.999844 0.004470 0.005235 0.999976 -0.000817 0.000223 1.000000 -0.032266 -0.048686 0.998293 0.027325 0.030168 0.999171 
-0.000046 -0.000186 1.000000 0.014388 -0.010021 0.999846 0.004841 0.005671 0.999972 -0.000808 0.000221 1.000000 -0.032041 -0.048349 0.998316 0.027518 0.030388 0.999159 
-0.000046 -0.000184 1.000000 0.014270 -0.009938 0.999849 0.005245 0.006147 0.999967 -0.000801 0.000219 1.000000 -0.031795 -0.047981 0.998342 0.027725 0.030625 0.999146 
-0.000045 -0.000182 1.000000 0.014140 -0.009848 0.999852 0.005683 0.006662 0.999962 -0.000794 0.000217 1.000000 -0.031528 -0.047579 0.998370 0.027950 0.030882 0.999132 
-0.000045 -0.000181 1.000000 0.014000 -0.009750 0.999854 0.006155 0.007217 0.999955 -0.000790 0.000216 1.000000 -0.031238 -0.047146 0.998399 0.028191 0.031158 0.999117 
-0.000044 -0.000179 1.000000 0.013851 -0.009646 0.999858 0.006661 0.007813 0.999947 -0.000788 0.000215 1.000000 -0.030926 -0.046677 0.998431 0.028451 0.031455 0.999100 
-0.000044 -0.000178 1.000000 0.013694 -0.009536 0.999861 0.007201 0.008449 0.999938 -0.000788 0.000216 1.000000 -0.030592 -0.046177 0.998465 0.028730 0.031773 0.999082 
-0.000044 -0.000176 1.000000 0.013532 -0.009423 0.999864 0.007773 0.009124 0.999928 -0.000790 0.000216 1.000000 -0.030236 -0.045643 0.998500 0.029027 0.032113 0.999063 
-0.000043 -0.000175 1.000000 0.013364 -0.009306 0.999867 0.008376 0.009835 0.999917 -0.000793 0.000217 1.000000 -0.029860 -0.045078 0.998537 0.029343 0.032474 0.999042 
-0.000043 -0.000173 1.000000 0.013195 -0.009188 0.999871 0.009008 0.010582 0.999903 -0.000797 0.000218 1.000000 -0.029463 -0.044483 0.998576 0.029676 0.032855 0.999019 
-0.000042 -0.000171 1.000000 0.013023 -0.009068 0.999874 0.009668 0.011362 0.999889 -0.000802 0.000219 1.000000 -0.029048 -0.043860 0.998615 0.030027 0.033256 0.998996 
-0.000042 -0.000169 1.000000 0.012852 -0.008948 0.999877 0.010353 0.012173 0.999872 -0.000806 0.000220 1.000000 -0.028615 -0.043209 0.998656 0.030394 0.033675 0.998971 
-0.000041 -0.000166 1.000000 0.012680 -0.008829 0.999881 0.011062 0.013011 0.999854 -0.000811 0.000222 1.000000 -0.028167 -0.042536 0.998698 0.030777 0.034113 0.998944 
-0.000041 -0.000164 1.000000 0.012513 -0.008712 0.999884 0.011790 0.013874 0.999834 -0.000815 0.000223 1.000000 -0.027704 -0.041839 0.998740 0.031174 0.034567 0.998916 
-0.000040 -0.000161 1.000000 0.012349 -0.008597 0.999887 0.012536 0.014759 0.999813 -0.000818 0.000224 1.000000 -0.027228 -0.041125 0.998783 0.031583 0.035035 0.998887 
-0.000039 -0.000158 1.000000 0.012191 -0.008487 0.999890 0.013296 0.015660 0.999789 -0.000820 0.000224 1.000000 -0.026741 -0.040393 0.998826 0.032005 0.035518 0.998856 
-0.000038 -0.000155 1.000000 0.012039 -0.008381 0.999892 0.014067 0.016576 0.999764 -0.000822 0.000225 1.000000 -0.026246 -0.039648 0.998869 0.032437 0.036011 0.998825 
-0.000038 -0.000152 1.000000 0.011895 -0.008280 0.999895 0.014847 0.017503 0.999737 -0.000821 0.000225 1.000000 -0.025744 -0.038893 0.998912 0.032877 0.036515 0.998792 
-0.000037 -0.000149 1.000000 0.011759 -0.008186 0.999897 0.015630 0.018435 0.999708 -0.000820 0.000224 1.000000 -0.025238 -0.038132 0.998954 0.033325 0.037027 0.998758 
-0.000036 -0.000146 1.000000 0.011636 -0.008099 0.999899 0.016416 0.019369 0.999678 -0.000816 0.000223 1.000000 -0.024728 -0.037365 0.998996 0.033778 0.037545 0.998724 
-0.000035 -0.000143 1.000000 0.011529 -0.008025 0.999901 0.017201 0.020302 0.999646 -0.000807 0.000221 1.000000 -0.024218 -0.036596 0.999037 0.034238 0.038068 0.998688 
-0.000035 -0.000141 1.000000 0.011442 -0.007964 0.999903 0.017982 0.021230 0.999613 -0.000794 0.000217 1.000000 -0.023707 -0.035826 0.999077 0.034703 0.038595 0.998652 
-0.000034 -0.000139 1.000000 0.011373 -0.007916 0.999904 0.018754 0.022147 0.999579 -0.000780 0.000213 1.000000 -0.023199 -0.035060 0.999116 0.035170 0.039124 0.998615 
-0.000034 -0.000136 1.000000 0.011318 -0.007878 0.999905 0.019514 0.023049 0.999544 -0.000766 0.000210 1.000000 -0.022700 -0.034307 0.999154 0.035637 0.039651 0.998578 
-0.000033 -0.000133 1.000000 0.011277 -0.007849 0.999906 0.020258 0.023933 0.999508 -0.000751 0.000205 1.000000 -0.022208 -0.033564 0.999190 0.036099 0.040173 0.998540 
-0.000032 -0.000131 1.000000 0.011249 -0.007830 0.999906 0.020984 0.024795 0.999472 -0.000734 0.000201 1.000000 -0.021727 -0.032838 0.999224 0.036556 0.040689 0.998503 
-0.000032 -0.000128 1.000000 0.011236 -0.007820 0.999906 0.021688 0.025631 0.999436 -0.000717 0.000196 1.000000 -0.021258 -0.032131 0.999258 0.037004 0.041195 0.998466 
-0.000031 -0.000125 1.000000 0.011239 -0.007823 0.999906 0.022367 0.026437 0.999400 -0.000703 0.000192 1.000000 -0.020804 -0.031446 0.999289 0.037445 0.041692 0.998429 
-0.000031 -0.000123 1.000000 0.011259 -0.007836 0.999906 0.023019 0.027211 0.999365 -0.000695 0.000190 1.000000 -0.020365 -0.030783 0.999319 0.037876 0.042178 0.998392 
-0.000030 -0.000122 1.000000 0.011292 -0.007860 0.999905 0.023647 0.027958 0.999329 -0.000687 0.000188 1.000000 -0.019932 -0.030129 0.999347 0.038293 0.042648 0.998356 
-0.000030 -0.000121 1.000000 0.011335 -0.007889 0.999905 0.024251 0.028676 0.999295 -0.000679 0.000186 1.000000 -0.019507 -0.029486 0.999375 0.038695 0.043103 0.998321 
-0.000030 -0.000119 1.000000 0.011391 -0.007928 0.999904 0.024829 0.029363 0.999260 -0.000671 0.000183 1.000000 -0.019097 -0.028867 0.999401 0.039084 0.043543 0.998287 
-0.000029 -0.000118 1.000000 0.011460 -0.007976 0.999903 0.025373 0.030011 0.999227 -0.000662 0.000181 1.000000 -0.018712 -0.028285 0.999425 0.039460 0.043968 0.998253 
-0.000029 -0.000116 1.000000 0.011545 -0.008035 0.999901 0.025879 0.030612 0.999196 -0.000653 0.000179 1.000000 -0.018355 -0.027746 0.999446 0.039821 0.044374 0.998221 
-0.000028 -0.000114 1.000000 0.011643 -0.008104 0.999899 0.026346 0.031164 0.999167 -0.000645 0.000176 1.000000 -0.018028 -0.027251 0.999466 0.040165 0.044759 0.998190 
-0.000028 -0.000113 1.000000 0.011755 -0.008182 0.999897 0.026772 0.031668 0.999140 -0.000635 0.000174 1.000000 -0.017727 -0.026796 0.999484 0.040490 0.045121 0.998161 
-0.000028 -0.000111 1.000000 0.011877 -0.008267 0.999895 0.027161 0.032127 0.999115 -0.000626 0.000171 1.000000 -0.017451 -0.026379 0.999500 0.040794 0.045460 0.998133 
-0.000027 -0.000110 1.000000 0.012008 -0.008358 0.999893 0.027514 0.032542 0.999092 -0.000617 0.000169 1.000000 -0.017199 -0.025998 0.999514 0.041080 0.045777 0.998107 
-0.000027 -0.000108 1.000000 0.012145 -0.008454 0.999891 0.027831 0.032914 0.999071 -0.000608 0.000166 1.000000 -0.016973 -0.025655 0.999527 0.041346 0.046071 0.998082 
-0.000026 -0.000106 1.000000 0.012289 -0.008554 0.999888 0.028111 0.033243 0.999052 -0.000599 0.000164 1.000000 -0.016771 -0.025350 0.999538 0.041592 0.046341 0.998059 
-0.000026 -0.000105 1.000000 0.012437 -0.008657 0.999885 0.028356 0.033527 0.999035 -0.000590 0.000161 1.000000 -0.016596 -0.025084 0.999548 0.041818 0.046588 0.998038 
-0.000026 -0.000103 1.000000 0.012589 -0.008764 0.999882 0.028564 0.033768 0.999021 -0.000581 0.000159 1.000000 -0.016446 -0.024856 0.999556 0.042023 0.046811 0.998019 
-0.000025 -0.000102 1.000000 0.012743 -0.008871 0.999879 0.028737 0.033969 0.999010 -0.000573 0.000157 1.000000 -0.016320 -0.024665 0.999563 0.042206 0.047010 0.998002 
-0.000025 -0.000100 1.000000 0.012898 -0.008979 0.999876 0.028878 0.034130 0.999000 -0.000564 0.000154 1.000000 -0.016215 -0.024506 0.999568 0.042368 0.047185 0.997987 
-0.000024 -0.000099 1.000000 0.013053 -0.009087 0.999874 0.028988 0.034255 0.998993 -0.000557 0.000152 1.000000 -0.016132 -0.024380 0.999573 0.042511 0.047338 0.997974 
-0.000024 -0.000097 1.000000 0.013206 -0.009193 0.999871 0.029069 0.034346 0.998987 -0.000549 0.000150 1.000000 -0.016068 -0.024284 0.999576 0.042633 0.047468 0.997963 
-0.000024 -0.000096 1.000000 0.013356 -0.009298 0.999868 0.029115 0.034395 0.998984 -0.000542 0.000148 1.000000 -0.016027 -0.024221 0.999578 0.042731 0.047571 0.997953 
-0.000024 -0.000095 1.000000 0.013501 -0.009399 0.999865 0.029138 0.034416 0.998983 -0.000536 0.000147 1.000000 -0.015998 -0.024178 0.999580 0.042811 0.047652 0.997946 
-0.000023 -0.000094 1.000000 0.013631 -0.009489 0.999862 0.029158 0.034435 0.998981 -0.000531 0.000145 1.000000 -0.015973 -0.024141 0.999581 0.042882 0.047725 0.997940 
-0.000023 -0.000093 1.000000 0.013745 -0.009568 0.999860 0.029176 0.034453 0.998980 -0.000526 0.000144 1.000000 -0.015952 -0.024109 0.999582 0.042945 0.047790 0.997934 
-0.000023 -0.000092 1.000000 0.013845 -0.009638 0.999858 0.029192 0.034468 0.998979 -0.000521 0.000142 1.000000 -0.015934 -0.024081 0.999583 0.043001 0.047848 0.997929 
