-0.982763 -0.184870 -0.000000 -0.180588 0.983559 0.000000 0.186600 -0.982436 0.000000 0.986641 0.162909 0.000000 
-0.982778 -0.184792 -0.000000 -0.180509 0.983573 0.000000 0.186522 -0.982451 0.000000 0.986654 0.162831 0.000000 
-0.982766 -0.184857 -0.000000 -0.180576 0.983561 0.000000 0.186588 -0.982438 0.000000 0.986643 0.162895 0.000000 
-0.982783 -0.184764 -0.000000 -0.180488 0.983577 0.000000 0.186500 -0.982455 0.000000 0.986659 0.162803 0.000000 
-0.982813 -0.184604 -0.000000 -0.180357 0.983601 0.000000 0.186370 -0.982480 0.000000 0.986685 0.162642 0.000000 
-0.982807 -0.184634 -0.000000 -0.180390 0.983595 0.000000 0.186402 -0.982473 0.000000 0.986680 0.162672 0.000000 
-0.982806 -0.184639 -0.000000 -0.180387 0.983596 0.000000 0.186400 -0.982474 0.000000 0.986679 0.162677 0.000000 
-0.982806 -0.184643 -0.000000 -0.180384 0.983596 0.000000 0.186396 -0.982475 0.000000 0.986679 0.162682 0.000000 
-0.982819 -0.184572 -0.000000 -0.180303 0.983611 0.000000 0.186315 -0.982490 0.000000 0.986691 0.162609 0.000000 
-0.982823 -0.184549 -0.000000 -0.180267 0.983618 0.000000 0.186280 -0.982497 0.000000 0.986694 0.162587 0.000000 
-0.982806 -0.184639 -0.000000 -0.180357 0.983601 0.000000 0.186370 -0.982480 0.000000 0.986679 0.162677 0.000000 
-0.982806 -0.184639 -0.000000 -0.180357 0.983601 0.000000 0.186370 -0.982480 0.000000 0.986679 0.162677 0.000000 
-0.982801 -0.184666 -0.000000 -0.180384 0.983596 0.000000 0.186397 -0.982475 0.000000 0.986675 0.162705 0.000000 
-0.984051 -0.177885 -0.000000 -0.173597 0.984817 0.000000 0.179617 -0.983737 0.000000 0.987773 0.155897 0.000000 
-0.984021 -0.178054 -0.000000 -0.173771 0.984786 0.000000 0.179791 -0.983705 0.000000 0.987746 0.156067 0.000000 
-0.983831 -0.179101 -0.000000 -0.174812 0.984602 0.000000 0.180831 -0.983514 0.000000 0.987580 0.157118 0.000000 
-0.983927 -0.178574 -0.000000 -0.174288 0.984695 0.000000 0.180307 -0.983610 0.000000 0.987664 0.156588 0.000000 
-0.983927 -0.178573 -0.000000 -0.174287 0.984695 0.000000 0.180306 -0.983610 0.000000 0.987664 0.156588 0.000000 
-0.984325 -0.176365 -0.000000 -0.172085 0.985082 0.000000 0.178107 -0.984011 0.000000 0.988013 0.154372 0.000000 
-0.984910 -0.173065 -0.000000 -0.168798 0.985651 0.000000 0.174824 -0.984600 0.000000 0.988524 0.151062 0.000000 
-0.985887 -0.167410 -0.000000 -0.163313 0.986574 0.000000 0.169348 -0.985556 0.000000 0.989373 0.145399 0.000000 
-0.986322 -0.164832 -0.000000 -0.160829 0.986982 0.000000 0.166871 -0.985979 0.000000 0.989748 0.142827 0.000000 
-0.986324 -0.164817 -0.000000 -0.160804 0.986986 0.000000 0.166847 -0.985983 0.000000 0.989749 0.142816 0.000000 
-0.986345 -0.164691 -0.000000 -0.160627 0.987015 0.000000 0.166668 -0.986013 0.000000 0.989769 0.142682 0.000000 
-0.845561 0.533879 0.000000 -0.025582 0.999673 0.000000 0.989792 0.142519 0.000000 -0.532601 -0.846367 -0.000000 0.351572 -0.936161 0.000000 
-0.843124 0.537718 0.000000 -0.027197 0.999630 0.000000 0.989776 0.142631 0.000000 -0.536236 -0.844068 -0.000000 0.353288 -0.935515 0.000000 
-0.843087 0.537777 0.000000 -0.027258 0.999628 0.000000 0.989782 0.142592 0.000000 -0.536292 -0.844032 -0.000000 0.353333 -0.935498 0.000000 
-0.843084 0.537782 0.000000 -0.027028 0.999635 0.000000 0.989822 0.142309 0.000000 -0.536298 -0.844029 -0.000000 0.353209 -0.935544 0.000000 
-0.842367 0.538905 0.000000 -0.026855 0.999639 0.000000 0.990104 0.140339 0.000000 -0.537425 -0.843312 -0.000000 0.353008 -0.935620 0.000000 
-0.840975 0.541074 0.000000 -0.026261 0.999655 0.000000 0.990445 0.137910 0.000000 -0.539618 -0.841910 -0.000000 0.352437 -0.935835 0.000000 
-0.839666 0.543102 0.000000 -0.025054 0.999686 0.000000 0.990948 0.134246 0.000000 -0.541685 -0.840582 -0.000000 0.351321 -0.936255 0.000000 
-0.838522 0.544868 0.000000 -0.023782 0.999717 0.000000 0.991356 0.131200 0.000000 -0.543472 -0.839427 -0.000000 0.350261 -0.936652 0.000000 
-0.837255 0.546812 0.000000 -0.023126 0.999733 0.000000 0.991705 0.128536 0.000000 -0.545392 -0.838181 -0.000000 0.349550 -0.936918 0.000000 
-0.836027 0.548688 0.000000 -0.022462 0.999748 0.000000 0.992029 0.126007 0.000000 -0.547233 -0.836980 -0.000000 0.348810 -0.937193 0.000000 
-0.835953 0.548802 0.000000 -0.021257 0.999774 0.000000 0.992288 0.123955 0.000000 -0.547347 -0.836906 -0.000000 0.347860 -0.937547 0.000000 
-0.835903 0.548877 0.000000 -0.020958 0.999780 0.000000 0.992377 0.123236 0.000000 -0.547422 -0.836857 -0.000000 0.347528 -0.937670 0.000000 
-0.835882 0.548909 0.000000 -0.020982 0.999780 0.000000 0.992379 0.123225 0.000000 -0.547452 -0.836837 -0.000000 0.347505 -0.937678 0.000000 
-0.835881 0.548911 0.000000 -0.021066 0.999778 0.000000 0.992364 0.123342 0.000000 -0.547453 -0.836836 -0.000000 0.347557 -0.937659 0.000000 
-0.835863 0.548938 0.000000 -0.021193 0.999775 0.000000 0.992360 0.123374 0.000000 -0.547478 -0.836820 -0.000000 0.347605 -0.937641 0.000000 
-0.835828 0.548991 0.000000 -0.021456 0.999770 0.000000 0.992343 0.123516 0.000000 -0.547531 -0.836786 -0.000000 0.347725 -0.937597 0.000000 
-0.835821 0.549003 0.000000 -0.021463 0.999770 0.000000 0.992344 0.123502 0.000000 -0.547541 -0.836779 -0.000000 0.347692 -0.937609 0.000000 
-0.835819 0.549005 0.000000 -0.021486 0.999769 0.000000 0.992344 0.123505 0.000000 -0.547541 -0.836779 -0.000000 0.347682 -0.937612 0.000000 
-0.835818 0.549006 0.000000 -0.021513 0.999769 0.000000 0.992343 0.123510 0.000000 -0.547541 -0.836779 -0.000000 0.347674 -0.937615 0.000000 
-0.835817 0.549008 0.000000 -0.021543 0.999768 0.000000 0.992342 0.123518 0.000000 -0.547542 -0.836779 -0.000000 0.347666 -0.937618 0.000000 
-0.835817 0.549009 0.000000 -0.021573 0.999767 0.000000 0.992341 0.123526 0.000000 -0.547541 -0.836779 -0.000000 0.347654 -0.937623 0.000000 
-0.835816 0.549010 0.000000 -0.021603 0.999767 0.000000 0.992340 0.123534 0.000000 -0.547541 -0.836779 -0.000000 0.347637 -0.937629 0.000000 
-0.835816 0.549010 0.000000 -0.021635 0.999766 0.000000 0.992339 0.123542 0.000000 -0.547540 -0.836779 -0.000000 0.347619 -0.937636 0.000000 
-0.835815 0.549011 0.000000 -0.021669 0.999765 0.000000 0.992338 0.123550 0.000000 -0.547540 -0.836780 -0.000000 0.347604 -0.937641 0.000000 
-0.835815 0.549011 0.000000 -0.021705 0.999764 0.000000 0.992337 0.123558 0.000000 -0.547539 -0.836780 -0.000000 0.347593 -0.937645 0.000000 
-0.835881 0.548910 0.000000 -0.021732 0.999764 0.000000 0.992337 0.123565 0.000000 -0.547432 -0.836850 -0.000000 0.347610 -0.937639 0.000000 
-0.836211 0.548408 0.000000 -0.021741 0.999764 0.000000 0.992335 0.123573 0.000000 -0.546919 -0.837185 -0.000000 0.347729 -0.937595 0.000000 
-0.836407 0.548109 0.000000 -0.021403 0.999771 0.000000 0.992315 0.123741 0.000000 -0.546622 -0.837379 -0.000000 0.347815 -0.937563 0.000000 
-0.836557 0.547880 0.000000 -0.021576 0.999767 0.000000 0.992343 0.123514 0.000000 -0.546405 -0.837521 -0.000000 0.347978 -0.937503 0.000000 
-0.836325 0.548234 0.000000 -0.021710 0.999764 0.000000 0.992342 0.123519 0.000000 -0.546759 -0.837290 -0.000000 0.349302 -0.937010 0.000000 
-0.836202 0.548421 0.000000 -0.021840 0.999761 0.000000 0.992342 0.123519 0.000000 -0.546946 -0.837168 -0.000000 0.351209 -0.936297 0.000000 
-0.836078 0.548611 0.000000 -0.021985 0.999758 0.000000 0.992342 0.123521 0.000000 -0.547130 -0.837048 -0.000000 0.353468 -0.935447 0.000000 
-0.835931 0.548834 0.000000 -0.021067 0.999778 0.000000 0.992320 0.123696 0.000000 -0.547350 -0.836904 -0.000000 0.354980 -0.934874 0.000000 
-0.835545 0.549423 0.000000 -0.017417 0.999848 0.000000 0.992313 0.123754 0.000000 -0.547943 -0.836516 -0.000000 0.354019 -0.935238 0.000000 
-0.834894 0.550410 0.000000 -0.012538 0.999921 0.000000 0.992301 0.123847 0.000000 -0.548938 -0.835863 -0.000000 0.351457 -0.936204 0.000000 
-0.834097 0.551618 0.000000 -0.009200 0.999958 0.000000 0.992341 0.123529 0.000000 -0.550149 -0.835067 -0.000000 0.348800 -0.937197 0.000000 
-0.833798 0.552069 0.000000 -0.007972 0.999968 0.000000 0.992338 0.123553 0.000000 -0.550600 -0.834769 -0.000000 0.347783 -0.937575 0.000000 
-0.833755 0.552134 0.000000 -0.008018 0.999968 0.000000 0.992270 0.124100 0.000000 -0.550665 -0.834726 -0.000000 0.348225 -0.937411 0.000000 
-0.833628 0.552326 0.000000 -0.008002 0.999968 0.000000 0.992274 0.124062 0.000000 -0.550857 -0.834599 -0.000000 0.348282 -0.937390 0.000000 
-0.833533 0.552469 0.000000 -0.008587 0.999963 0.000000 0.992293 0.123914 0.000000 -0.551001 -0.834504 -0.000000 0.348592 -0.937275 0.000000 
-0.833493 0.552530 0.000000 -0.008604 0.999963 0.000000 0.992292 0.123921 0.000000 -0.551063 -0.834464 -0.000000 0.348563 -0.937285 0.000000 
-0.833435 0.552618 0.000000 -0.008620 0.999963 0.000000 0.992292 0.123920 0.000000 -0.551151 -0.834406 -0.000000 0.348556 -0.937288 0.000000 
-0.833379 0.552702 0.000000 -0.008648 0.999963 0.000000 0.992292 0.123920 0.000000 -0.551234 -0.834351 -0.000000 0.348565 -0.937285 0.000000 
-0.833314 0.552800 0.000000 -0.008630 0.999963 0.000000 0.992295 0.123901 0.000000 -0.551332 -0.834286 -0.000000 0.348450 -0.937327 0.000000 
-0.833233 0.552922 0.000000 -0.008680 0.999962 0.000000 0.992295 0.123901 0.000000 -0.551454 -0.834205 -0.000000 0.348467 -0.937321 0.000000 
-0.833207 0.552962 0.000000 -0.008693 0.999962 0.000000 0.992294 0.123902 0.000000 -0.551494 -0.834179 -0.000000 0.348468 -0.937321 0.000000 
-0.833197 0.552976 0.000000 -0.008698 0.999962 0.000000 0.992306 0.123810 0.000000 -0.551508 -0.834170 -0.000000 0.348344 -0.937367 0.000000 
-0.833163 0.553028 0.000000 -0.008742 0.999962 0.000000 0.992310 0.123775 0.000000 -0.551560 -0.834135 -0.000000 0.348175 -0.937430 0.000000 
-0.833123 0.553088 0.000000 -0.008744 0.999962 0.000000 0.992334 0.123583 0.000000 -0.551621 -0.834095 -0.000000 0.348112 -0.937453 0.000000 
-0.833043 0.553208 0.000000 -0.008800 0.999961 0.000000 0.992334 0.123583 0.000000 -0.551740 -0.834016 -0.000000 0.348116 -0.937451 0.000000 
-0.832977 0.553308 0.000000 -0.008847 0.999961 0.000000 0.992334 0.123582 0.000000 -0.551841 -0.833950 -0.000000 0.348133 -0.937445 0.000000 
-0.832965 0.553326 0.000000 -0.008857 0.999961 0.000000 0.992334 0.123583 0.000000 -0.551859 -0.833937 -0.000000 0.348136 -0.937444 0.000000 
-0.832964 0.553327 0.000000 -0.008859 0.999961 0.000000 0.992334 0.123582 0.000000 -0.551860 -0.833937 -0.000000 0.348136 -0.937444 0.000000 
-0.832964 0.553328 0.000000 -0.008705 0.999962 0.000000 0.992349 0.123468 0.000000 -0.551861 -0.833936 -0.000000 0.347914 -0.937527 0.000000 
-0.832963 0.553329 0.000000 -0.008707 0.999962 0.000000 0.992349 0.123468 0.000000 -0.551861 -0.833936 -0.000000 0.347914 -0.937527 0.000000 
-0.832963 0.553329 0.000000 -0.008709 0.999962 0.000000 0.992348 0.123469 0.000000 -0.551862 -0.833935 -0.000000 0.347914 -0.937526 0.000000 
-0.832958 0.553337 0.000000 -0.008565 0.999963 0.000000 0.992346 0.123492 0.000000 -0.551870 -0.833930 -0.000000 0.347660 -0.937621 0.000000 
-0.832948 0.553351 0.000000 -0.008864 0.999961 0.000000 0.992335 0.123577 0.000000 -0.551885 -0.833921 -0.000000 0.347830 -0.937558 0.000000 
-0.832951 0.553346 0.000000 -0.008620 0.999963 0.000000 0.992350 0.123454 0.000000 -0.551880 -0.833924 -0.000000 0.347456 -0.937696 0.000000 
-0.832952 0.553345 0.000000 -0.008619 0.999963 0.000000 0.992350 0.123455 0.000000 -0.551879 -0.833924 -0.000000 0.347453 -0.937697 0.000000 
-0.832950 0.553348 0.000000 -0.008923 0.999960 0.000000 0.992351 0.123449 0.000000 -0.551881 -0.833923 -0.000000 0.347671 -0.937617 0.000000 
-0.832951 0.553347 0.000000 -0.008925 0.999960 0.000000 0.992351 0.123450 0.000000 -0.551881 -0.833923 -0.000000 0.347671 -0.937617 0.000000 
-0.832947 0.553353 0.000000 -0.009101 0.999959 0.000000 0.992343 0.123509 0.000000 -0.551884 -0.833921 -0.000000 0.347803 -0.937568 0.000000 
-0.832947 0.553353 0.000000 -0.009104 0.999959 0.000000 0.992343 0.123509 0.000000 -0.551884 -0.833921 -0.000000 0.347804 -0.937567 0.000000 
-0.832943 0.553359 0.000000 -0.008448 0.999964 0.000000 0.992385 0.123178 0.000000 -0.551891 -0.833916 -0.000000 0.347175 -0.937800 0.000000 
-0.832942 0.553360 0.000000 -0.008447 0.999964 0.000000 0.992384 0.123180 0.000000 -0.551892 -0.833915 -0.000000 0.347172 -0.937801 0.000000 
-0.832943 0.553360 0.000000 -0.008789 0.999961 0.000000 0.992378 0.123229 0.000000 -0.551892 -0.833916 -0.000000 0.347343 -0.937738 0.000000 
-0.832943 0.553359 0.000000 -0.009175 0.999958 0.000000 0.992373 0.123271 0.000000 -0.551891 -0.833916 -0.000000 0.347537 -0.937666 0.000000 
-0.832943 0.553358 0.000000 -0.009189 0.999958 0.000000 0.992365 0.123335 0.000000 -0.551891 -0.833916 -0.000000 0.347546 -0.937663 0.000000 
-0.832971 0.553316 0.000000 -0.009097 0.999959 0.000000 0.992338 0.123554 0.000000 -0.551848 -0.833945 -0.000000 0.347376 -0.937726 0.000000 
-0.832974 0.553313 0.000000 -0.009120 0.999958 0.000000 0.992331 0.123612 0.000000 -0.551846 -0.833946 -0.000000 0.347390 -0.937721 0.000000 
-0.832978 0.553306 0.000000 -0.008967 0.999960 0.000000 0.992333 0.123589 0.000000 -0.551838 -0.833951 -0.000000 0.347224 -0.937782 0.000000 
-0.832986 0.553295 0.000000 -0.009341 0.999956 0.000000 0.992325 0.123655 0.000000 -0.551828 -0.833958 -0.000000 0.347454 -0.937697 0.000000 
-0.832999 0.553274 0.000000 -0.009333 0.999956 0.000000 0.992325 0.123655 0.000000 -0.551808 -0.833971 -0.000000 0.347448 -0.937699 0.000000 
-0.833003 0.553268 0.000000 -0.009256 0.999957 0.000000 0.992327 0.123638 0.000000 -0.551802 -0.833975 -0.000000 0.347351 -0.937735 0.000000 
-0.833004 0.553266 0.000000 -0.009256 0.999957 0.000000 0.992327 0.123638 0.000000 -0.551800 -0.833976 -0.000000 0.347349 -0.937736 0.000000 
-0.833009 0.553260 0.000000 -0.009331 0.999956 0.000000 0.992342 0.123524 0.000000 -0.551794 -0.833981 -0.000000 0.347385 -0.937723 0.000000 
-0.833011 0.553257 0.000000 -0.009330 0.999956 0.000000 0.992342 0.123524 0.000000 -0.551790 -0.833983 -0.000000 0.347383 -0.937723 0.000000 
-0.833024 0.553237 0.000000 -0.009323 0.999957 0.000000 0.992342 0.123524 0.000000 -0.551771 -0.833996 -0.000000 0.347377 -0.937726 0.000000 
-0.833060 0.553183 0.000000 -0.009299 0.999957 0.000000 0.992342 0.123523 0.000000 -0.551717 -0.834032 -0.000000 0.347362 -0.937731 0.000000 
-0.833088 0.553141 0.000000 -0.009280 0.999957 0.000000 0.992342 0.123523 0.000000 -0.551674 -0.834060 -0.000000 0.347351 -0.937735 0.000000 
-0.833088 0.553141 0.000000 -0.008759 0.999962 0.000000 0.992434 0.122779 0.000000 -0.551674 -0.834060 -0.000000 0.346635 -0.938000 0.000000 
-0.833084 0.553147 0.000000 -0.008811 0.999961 0.000000 0.992420 0.122889 0.000000 -0.551680 -0.834056 -0.000000 0.346651 -0.937994 0.000000 
-0.833073 0.553164 0.000000 -0.008780 0.999961 0.000000 0.992418 0.122909 0.000000 -0.551697 -0.834044 -0.000000 0.346613 -0.938008 0.000000 
-0.833039 0.553215 0.000000 -0.008951 0.999960 0.000000 0.992419 0.122897 0.000000 -0.551749 -0.834010 -0.000000 0.346732 -0.937964 0.000000 
-0.833034 0.553221 0.000000 -0.008968 0.999960 0.000000 0.992414 0.122944 0.000000 -0.551755 -0.834006 -0.000000 0.346744 -0.937960 0.000000 
-0.833032 0.553225 0.000000 -0.008971 0.999960 0.000000 0.992414 0.122945 0.000000 -0.551759 -0.834004 -0.000000 0.346743 -0.937960 0.000000 
-0.833030 0.553228 0.000000 -0.008973 0.999960 0.000000 0.992414 0.122945 0.000000 -0.551762 -0.834002 -0.000000 0.346743 -0.937960 0.000000 
-0.833025 0.553235 0.000000 -0.009149 0.999958 0.000000 0.992416 0.122923 0.000000 -0.551770 -0.833997 -0.000000 0.346868 -0.937914 0.000000 
-0.833033 0.553223 0.000000 -0.009145 0.999958 0.000000 0.992416 0.122923 0.000000 -0.551757 -0.834005 -0.000000 0.346865 -0.937915 0.000000 
-0.833038 0.553215 0.000000 -0.009143 0.999958 0.000000 0.992416 0.122923 0.000000 -0.551750 -0.834009 -0.000000 0.346863 -0.937916 0.000000 
-0.833023 0.553239 0.000000 -0.009188 0.999958 0.000000 0.992421 0.122888 0.000000 -0.551774 -0.833994 -0.000000 0.346888 -0.937907 0.000000 
-0.833027 0.553233 0.000000 -0.008809 0.999961 0.000000 0.992436 0.122762 0.000000 -0.551767 -0.833998 -0.000000 0.346425 -0.938078 0.000000 
-0.832989 0.553289 0.000000 -0.008829 0.999961 0.000000 0.992429 0.122817 0.000000 -0.551823 -0.833961 -0.000000 0.346439 -0.938072 0.000000 
-0.832947 0.553353 0.000000 -0.008858 0.999961 0.000000 0.992429 0.122818 0.000000 -0.551887 -0.833919 -0.000000 0.346453 -0.938067 0.000000 
-0.832919 0.553395 0.000000 -0.009431 0.999956 0.000000 0.992417 0.122915 0.000000 -0.551929 -0.833891 -0.000000 0.346814 -0.937934 0.000000 
-0.832957 0.553338 0.000000 -0.009168 0.999958 0.000000 0.992443 0.122706 0.000000 -0.551872 -0.833929 -0.000000 0.346463 -0.938064 0.000000 
-0.832968 0.553321 0.000000 -0.009410 0.999956 0.000000 0.992455 0.122613 0.000000 -0.551854 -0.833941 -0.000000 0.346503 -0.938049 0.000000 
-0.832973 0.553314 0.000000 -0.009222 0.999957 0.000000 0.992456 0.122603 0.000000 -0.551847 -0.833945 -0.000000 0.346312 -0.938119 0.000000 
-0.832976 0.553310 0.000000 -0.009566 0.999954 0.000000 0.992452 0.122631 0.000000 -0.551843 -0.833948 -0.000000 0.346559 -0.938028 0.000000 
-0.832977 0.553308 0.000000 -0.009268 0.999957 0.000000 0.992458 0.122584 0.000000 -0.551842 -0.833949 -0.000000 0.346279 -0.938132 0.000000 
-0.832977 0.553307 0.000000 -0.009269 0.999957 0.000000 0.992458 0.122583 0.000000 -0.551841 -0.833950 -0.000000 0.346277 -0.938132 0.000000 
-0.832978 0.553306 0.000000 -0.009269 0.999957 0.000000 0.992458 0.122583 0.000000 -0.551840 -0.833950 -0.000000 0.346275 -0.938133 0.000000 
-0.832978 0.553306 0.000000 -0.009270 0.999957 0.000000 0.992458 0.122583 0.000000 -0.551839 -0.833950 -0.000000 0.346273 -0.938134 0.000000 
-0.832995 0.553281 0.000000 -0.009504 0.999955 0.000000 0.992500 0.122243 0.000000 -0.551814 -0.833967 -0.000000 0.346304 -0.938122 0.000000 
-0.832995 0.553280 0.000000 -0.009508 0.999955 0.000000 0.992500 0.122241 0.000000 -0.551813 -0.833968 -0.000000 0.346304 -0.938123 0.000000 
-0.832997 0.553278 0.000000 -0.009461 0.999955 0.000000 0.992506 0.122194 0.000000 -0.551811 -0.833969 -0.000000 0.346156 -0.938177 0.000000 
-0.832997 0.553277 0.000000 -0.009464 0.999955 0.000000 0.992506 0.122193 0.000000 -0.551810 -0.833970 -0.000000 0.346155 -0.938177 0.000000 
-0.832997 0.553277 0.000000 -0.009467 0.999955 0.000000 0.992507 0.122192 0.000000 -0.551810 -0.833970 -0.000000 0.346154 -0.938178 0.000000 
-0.832998 0.553276 0.000000 -0.009469 0.999955 0.000000 0.992507 0.122190 0.000000 -0.551809 -0.833970 -0.000000 0.346154 -0.938178 0.000000 
-0.832998 0.553276 0.000000 -0.009132 0.999958 0.000000 0.992541 0.121913 0.000000 -0.551808 -0.833971 -0.000000 0.345723 -0.938337 0.000000 
-0.833000 0.553273 0.000000 -0.008877 0.999961 0.000000 0.992551 0.121833 0.000000 -0.551805 -0.833973 -0.000000 0.345469 -0.938430 0.000000 
-0.833000 0.553273 0.000000 -0.008877 0.999961 0.000000 0.992550 0.121834 0.000000 -0.551805 -0.833973 -0.000000 0.345467 -0.938431 0.000000 
-0.833026 0.553233 0.000000 -0.009521 0.999955 0.000000 0.992533 0.121976 0.000000 -0.551766 -0.833999 -0.000000 0.345882 -0.938278 0.000000 
-0.833069 0.553169 0.000000 -0.009497 0.999955 0.000000 0.992533 0.121975 0.000000 -0.551702 -0.834042 -0.000000 0.345867 -0.938284 0.000000 
-0.833112 0.553105 0.000000 -0.009471 0.999955 0.000000 0.992533 0.121974 0.000000 -0.551637 -0.834084 -0.000000 0.345851 -0.938289 0.000000 
-0.833140 0.553063 0.000000 -0.009456 0.999955 0.000000 0.992533 0.121973 0.000000 -0.551595 -0.834112 -0.000000 0.345841 -0.938293 0.000000 
-0.833139 0.553063 0.000000 -0.009459 0.999955 0.000000 0.992533 0.121973 0.000000 -0.551596 -0.834112 -0.000000 0.345841 -0.938293 0.000000 
-0.833139 0.553063 0.000000 -0.009261 0.999957 0.000000 0.992544 0.121887 0.000000 -0.551595 -0.834112 -0.000000 0.345617 -0.938376 0.000000 
-0.833133 0.553072 0.000000 -0.009376 0.999956 0.000000 0.992553 0.121810 0.000000 -0.551605 -0.834106 -0.000000 0.345693 -0.938348 0.000000 
-0.833134 0.553072 0.000000 -0.009152 0.999958 0.000000 0.992578 0.121608 0.000000 -0.551604 -0.834106 -0.000000 0.345338 -0.938478 0.000000 
-0.833134 0.553071 0.000000 -0.009152 0.999958 0.000000 0.992578 0.121609 0.000000 -0.551604 -0.834106 -0.000000 0.345336 -0.938479 0.000000 
-0.833131 0.553076 0.000000 -0.009155 0.999958 0.000000 0.992578 0.121610 0.000000 -0.551608 -0.834104 -0.000000 0.345335 -0.938479 0.000000 
-0.833118 0.553095 0.000000 -0.008932 0.999960 0.000000 0.992586 0.121540 0.000000 -0.551627 -0.834091 -0.000000 0.345070 -0.938577 0.000000 
-0.833056 0.553189 0.000000 -0.008976 0.999960 0.000000 0.992586 0.121542 0.000000 -0.551722 -0.834028 -0.000000 0.345092 -0.938569 0.000000 
-0.833022 0.553240 0.000000 -0.009402 0.999956 0.000000 0.992583 0.121569 0.000000 -0.551773 -0.833994 -0.000000 0.345245 -0.938513 0.000000 
-0.833031 0.553227 0.000000 -0.009207 0.999958 0.000000 0.992613 0.121324 0.000000 -0.551760 -0.834003 -0.000000 0.344889 -0.938644 0.000000 
-0.833063 0.553177 0.000000 -0.009068 0.999959 0.000000 0.992639 0.121111 0.000000 -0.551710 -0.834036 -0.000000 0.344560 -0.938764 0.000000 
-0.833069 0.553169 0.000000 -0.009332 0.999956 0.000000 0.992624 0.121233 0.000000 -0.551702 -0.834041 -0.000000 0.344730 -0.938702 0.000000 
-0.833110 0.553108 0.000000 -0.009308 0.999957 0.000000 0.992624 0.121233 0.000000 -0.551640 -0.834082 -0.000000 0.344714 -0.938708 0.000000 
-0.833148 0.553051 0.000000 -0.009045 0.999959 0.000000 0.992639 0.121107 0.000000 -0.551583 -0.834120 -0.000000 0.344458 -0.938802 0.000000 
-0.833189 0.552988 0.000000 -0.009593 0.999954 0.000000 0.992625 0.121226 0.000000 -0.551521 -0.834161 -0.000000 0.344713 -0.938708 0.000000 
-0.833213 0.552952 0.000000 -0.009322 0.999957 0.000000 0.992632 0.121165 0.000000 -0.551484 -0.834185 -0.000000 0.344448 -0.938805 0.000000 
-0.833238 0.552915 0.000000 -0.009152 0.999958 0.000000 0.992637 0.121126 0.000000 -0.551448 -0.834210 -0.000000 0.344242 -0.938881 0.000000 
-0.833238 0.552914 0.000000 -0.009529 0.999955 0.000000 0.992635 0.121141 0.000000 -0.551447 -0.834210 -0.000000 0.344503 -0.938785 0.000000 
-0.833245 0.552904 0.000000 -0.009718 0.999953 0.000000 0.992663 0.120911 0.000000 -0.551436 -0.834217 -0.000000 0.344502 -0.938786 0.000000 
-0.833257 0.552887 0.000000 -0.009718 0.999953 0.000000 0.992664 0.120907 0.000000 -0.551419 -0.834229 -0.000000 0.344497 -0.938787 0.000000 
-0.833252 0.552894 0.000000 -0.009726 0.999953 0.000000 0.992664 0.120904 0.000000 -0.551426 -0.834224 -0.000000 0.344497 -0.938787 0.000000 
-0.833230 0.552927 0.000000 -0.009746 0.999953 0.000000 0.992664 0.120902 0.000000 -0.551459 -0.834202 -0.000000 0.344504 -0.938785 0.000000 
-0.833189 0.552988 0.000000 -0.009778 0.999952 0.000000 0.992665 0.120900 0.000000 -0.551521 -0.834161 -0.000000 0.344518 -0.938780 0.000000 
-0.833172 0.553015 0.000000 -0.009792 0.999952 0.000000 0.992665 0.120898 0.000000 -0.551547 -0.834144 -0.000000 0.344523 -0.938778 0.000000 
-0.833172 0.553015 0.000000 -0.009521 0.999955 0.000000 0.992691 0.120688 0.000000 -0.551547 -0.834144 -0.000000 0.344181 -0.938903 0.000000 
-0.833172 0.553014 0.000000 -0.009523 0.999955 0.000000 0.992691 0.120688 0.000000 -0.551546 -0.834144 -0.000000 0.344179 -0.938904 0.000000 
-0.833169 0.553019 0.000000 -0.009139 0.999958 0.000000 0.992710 0.120530 0.000000 -0.551551 -0.834141 -0.000000 0.343833 -0.939031 0.000000 
-0.833113 0.553103 0.000000 -0.009178 0.999958 0.000000 0.992709 0.120532 0.000000 -0.551635 -0.834086 -0.000000 0.343851 -0.939024 0.000000 
-0.833095 0.553130 0.000000 -0.009378 0.999956 0.000000 0.992732 0.120346 0.000000 -0.551662 -0.834068 -0.000000 0.343796 -0.939044 0.000000 
-0.833097 0.553127 0.000000 -0.008872 0.999961 0.000000 0.992758 0.120135 0.000000 -0.551660 -0.834069 -0.000000 0.343259 -0.939241 0.000000 
-0.833088 0.553141 0.000000 -0.008878 0.999961 0.000000 0.992757 0.120138 0.000000 -0.551673 -0.834061 -0.000000 0.343258 -0.939241 0.000000 
-0.833048 0.553200 0.000000 -0.008906 0.999960 0.000000 0.992757 0.120141 0.000000 -0.551733 -0.834021 -0.000000 0.343270 -0.939237 0.000000 
-0.833041 0.553211 0.000000 -0.009719 0.999953 0.000000 0.992757 0.120139 0.000000 -0.551743 -0.834014 -0.000000 0.343543 -0.939137 0.000000 
-0.833088 0.553141 0.000000 -0.009688 0.999953 0.000000 0.992758 0.120129 0.000000 -0.551674 -0.834060 -0.000000 0.343522 -0.939145 0.000000 
-0.833176 0.553008 0.000000 -0.009640 0.999954 0.000000 0.992758 0.120128 0.000000 -0.551540 -0.834148 -0.000000 0.343495 -0.939154 0.000000 
-0.833212 0.552953 0.000000 -0.009028 0.999959 0.000000 0.992780 0.119952 0.000000 -0.551486 -0.834184 -0.000000 0.342903 -0.939371 0.000000 
-0.833200 0.552972 0.000000 -0.008802 0.999961 0.000000 0.992787 0.119888 0.000000 -0.551504 -0.834172 -0.000000 0.342676 -0.939454 0.000000 
-0.833107 0.553112 0.000000 -0.009394 0.999956 0.000000 0.992771 0.120022 0.000000 -0.551645 -0.834079 -0.000000 0.343072 -0.939309 0.000000 
-0.833031 0.553227 0.000000 -0.009241 0.999957 0.000000 0.992783 0.119922 0.000000 -0.551759 -0.834003 -0.000000 0.342862 -0.939386 0.000000 
-0.833024 0.553236 0.000000 -0.009387 0.999956 0.000000 0.992784 0.119918 0.000000 -0.551769 -0.833997 -0.000000 0.342865 -0.939385 0.000000 
-0.833051 0.553197 0.000000 -0.009372 0.999956 0.000000 0.992784 0.119917 0.000000 -0.551729 -0.834023 -0.000000 0.342860 -0.939387 0.000000 
-0.833071 0.553166 0.000000 -0.009363 0.999956 0.000000 0.992784 0.119917 0.000000 -0.551698 -0.834044 -0.000000 0.342969 -0.939347 0.000000 
-0.833054 0.553192 0.000000 -0.009381 0.999956 0.000000 0.992784 0.119917 0.000000 -0.551724 -0.834026 -0.000000 0.343123 -0.939290 0.000000 
-0.832977 0.553308 0.000000 -0.009440 0.999955 0.000000 0.992784 0.119917 0.000000 -0.551841 -0.833949 -0.000000 0.343285 -0.939231 0.000000 
-0.832851 0.553498 0.000000 -0.009447 0.999955 0.000000 0.992795 0.119823 0.000000 -0.552031 -0.833824 -0.000000 0.343182 -0.939269 0.000000 
-0.832751 0.553647 0.000000 -0.009513 0.999955 0.000000 0.992795 0.119823 0.000000 -0.552180 -0.833725 -0.000000 0.343275 -0.939235 0.000000 
-0.832671 0.553768 0.000000 -0.009573 0.999954 0.000000 0.992795 0.119824 0.000000 -0.552302 -0.833644 -0.000000 0.343424 -0.939180 0.000000 
-0.832587 0.553894 0.000000 -0.009635 0.999954 0.000000 0.992795 0.119824 0.000000 -0.552427 -0.833561 -0.000000 0.343568 -0.939128 0.000000 
-0.832516 0.554002 0.000000 -0.009688 0.999953 0.000000 0.992795 0.119825 0.000000 -0.552535 -0.833490 -0.000000 0.343705 -0.939078 0.000000 
-0.832470 0.554071 0.000000 -0.010032 0.999950 0.000000 0.992793 0.119842 0.000000 -0.552604 -0.833444 -0.000000 0.344008 -0.938967 0.000000 
-0.832511 0.554008 0.000000 -0.009595 0.999954 0.000000 0.992815 0.119660 0.000000 -0.552542 -0.833485 -0.000000 0.343692 -0.939083 0.000000 
-0.832511 0.554009 0.000000 -0.009297 0.999957 0.000000 0.992832 0.119520 0.000000 -0.552542 -0.833485 -0.000000 0.343437 -0.939176 0.000000 
-0.832486 0.554046 0.000000 -0.009317 0.999957 0.000000 0.992832 0.119521 0.000000 -0.552580 -0.833460 -0.000000 0.343523 -0.939144 0.000000 
-0.832442 0.554112 0.000000 -0.009350 0.999956 0.000000 0.992831 0.119523 0.000000 -0.552646 -0.833416 -0.000000 0.343648 -0.939099 0.000000 
-0.832414 0.554155 0.000000 -0.009710 0.999953 0.000000 0.992828 0.119552 0.000000 -0.552689 -0.833388 -0.000000 0.343961 -0.938984 0.000000 
-0.832410 0.554160 0.000000 -0.009689 0.999953 0.000000 0.992829 0.119543 0.000000 -0.552694 -0.833384 -0.000000 0.343983 -0.938976 0.000000 
-0.832449 0.554102 0.000000 -0.009262 0.999957 0.000000 0.992849 0.119377 0.000000 -0.552635 -0.833423 -0.000000 0.343708 -0.939077 0.000000 
-0.832453 0.554096 0.000000 -0.009180 0.999958 0.000000 0.992849 0.119379 0.000000 -0.552630 -0.833427 -0.000000 0.343783 -0.939049 0.000000 
-0.832440 0.554116 0.000000 -0.008812 0.999961 0.000000 0.992858 0.119304 0.000000 -0.552650 -0.833413 -0.000000 0.343548 -0.939135 0.000000 
