2.991105 2.876305 0.004326 3.114582 2.817628 0.003842 3.017835 2.623120 0.003887 2.894545 2.685115 0.004374 
2.991106 2.876321 0.004418 3.114582 2.817641 0.003950 3.017831 2.623134 0.003951 2.894542 2.685132 0.004423 
2.991060 2.876306 0.004381 3.114529 2.817613 0.003824 3.017758 2.623117 0.004059 2.894476 2.685127 0.004618 
2.991190 2.876503 0.004767 3.114696 2.817884 0.004563 3.018040 2.623333 0.003485 2.894721 2.685269 0.003705 
2.991190 2.876505 0.004783 3.114696 2.817886 0.004601 3.018041 2.623334 0.003624 2.894721 2.685271 0.003822 
2.991179 2.876435 0.004578 3.114683 2.817812 0.004469 3.018021 2.623262 0.003838 2.894703 2.685203 0.003957 
2.991180 2.876436 0.004618 3.114683 2.817813 0.004515 3.018021 2.623263 0.003941 2.894703 2.685204 0.004053 
2.991155 2.876409 0.004589 3.114636 2.817737 0.004349 3.017896 2.623225 0.003969 2.894603 2.685215 0.004217 
2.991158 2.876406 0.004636 3.114634 2.817725 0.004406 3.017881 2.623220 0.004051 2.894592 2.685218 0.004288 
2.990978 2.876637 0.005268 3.114454 2.817962 0.004467 3.017703 2.623459 0.003316 2.894414 2.685452 0.004141 
2.990977 2.876641 0.005247 3.114453 2.817966 0.004512 3.017703 2.623461 0.003469 2.894413 2.685455 0.004226 
2.991018 2.876645 0.005398 3.114485 2.817952 0.004554 3.017706 2.623461 0.003604 2.894427 2.685473 0.004468 
2.991031 2.876641 0.005753 3.114496 2.817949 0.004593 3.017716 2.623458 0.003724 2.894438 2.685468 0.004907 
2.990160 2.876509 0.006245 3.113846 2.818292 0.004715 3.017811 2.623433 0.003835 2.894300 2.684968 0.005392 
2.988156 2.876264 0.006888 3.112304 2.819051 0.004955 3.017843 2.623425 0.003935 2.893843 2.683957 0.005901 
2.986742 2.876088 0.007182 3.111209 2.819568 0.005329 3.017838 2.623420 0.004026 2.893501 2.683261 0.005915 
2.986529 2.876079 0.006682 3.111043 2.819660 0.004995 3.017838 2.623431 0.004107 2.893450 2.683171 0.005824 
2.986520 2.876086 0.006473 3.111037 2.819666 0.004985 3.017832 2.623436 0.004188 2.893443 2.683177 0.005701 
2.986093 2.876528 0.005875 3.110886 2.820710 0.004907 3.018638 2.624029 0.004250 2.893956 2.683168 0.005237 
2.983027 2.875963 0.007258 3.108733 2.822265 0.005149 3.019812 2.624059 0.004324 2.894161 2.681079 0.006465 
2.978337 2.875189 0.009561 3.104894 2.823539 0.007228 3.019172 2.623946 0.004332 2.892617 2.678919 0.006728 
2.979715 2.875192 0.011319 3.105960 2.822767 0.009483 3.019018 2.623745 0.004479 2.892795 2.679492 0.006404 
2.980703 2.875303 0.007956 3.106726 2.822320 0.007079 3.018942 2.623618 0.004741 2.892955 2.679924 0.005660 2.937814 2.348554 0.010373 3.071093 2.318345 0.006641 3.028824 2.108371 0.008003 2.893642 2.135856 0.011791 
2.980946 2.875372 0.005537 3.106916 2.822259 0.005008 3.018935 2.623631 0.004810 2.893004 2.680067 0.005346 2.934771 2.343456 0.007124 3.068052 2.313103 0.004965 3.025526 2.103176 0.004717 2.890338 2.130807 0.006894 
2.980932 2.875373 0.005435 3.106905 2.822265 0.004977 3.018934 2.623632 0.004823 2.893000 2.680063 0.005288 2.934108 2.335124 0.008154 3.067208 2.304001 0.005802 3.023467 2.094324 0.005525 2.888445 2.122737 0.007895 
2.980497 2.875294 0.006003 3.106561 2.822402 0.005548 3.018929 2.623621 0.004828 2.892898 2.679836 0.005298 2.931370 2.327919 0.009185 3.064360 2.296393 0.006086 3.020009 2.086847 0.007197 2.885089 2.115668 0.010342 
2.979627 2.875171 0.006983 3.105805 2.822556 0.006252 3.018605 2.623589 0.004776 2.892453 2.679528 0.005534 2.928973 2.324809 0.009469 3.061916 2.293189 0.005466 3.017428 2.083674 0.006938 2.882553 2.112591 0.011001 
2.979184 2.875075 0.007762 3.105442 2.822659 0.006671 3.018549 2.623561 0.004781 2.892312 2.679301 0.005910 2.928348 2.324489 0.009703 3.061265 2.292856 0.004982 3.016717 2.083349 0.005286 2.881867 2.112279 0.010057 
2.979177 2.875038 0.008834 3.105438 2.822645 0.007125 3.018565 2.623543 0.004790 2.892325 2.679260 0.006549 2.928582 2.324544 0.010222 3.061452 2.292792 0.004993 3.016697 2.083329 0.004979 2.881892 2.112380 0.010259 
2.979776 2.875106 0.009521 3.105911 2.822437 0.007145 3.018587 2.623533 0.004798 2.892480 2.679525 0.007231 2.929248 2.324768 0.010657 3.062018 2.292669 0.005044 3.016710 2.083325 0.004980 2.881998 2.112727 0.010647 
2.980545 2.875210 0.009880 3.106516 2.822182 0.006839 3.018612 2.623530 0.004806 2.892679 2.679881 0.007905 2.930027 2.325033 0.011008 3.062683 2.292523 0.005058 3.016722 2.083322 0.004981 2.882116 2.113141 0.010989 
2.981148 2.875288 0.010209 3.106985 2.821984 0.006521 3.018636 2.623527 0.004812 2.892844 2.680153 0.008560 2.930667 2.325244 0.011377 3.063223 2.292405 0.005035 3.016736 2.083319 0.004982 2.882223 2.113473 0.011385 
2.981611 2.875342 0.010559 3.107342 2.821834 0.006251 3.018658 2.623524 0.004819 2.892979 2.680354 0.009189 2.931001 2.325406 0.011814 3.063480 2.292351 0.004995 3.016648 2.083343 0.004983 2.882208 2.113715 0.011868 
2.982129 2.875407 0.010797 3.107739 2.821667 0.005896 3.018681 2.623522 0.004824 2.893129 2.680585 0.009788 2.931117 2.325692 0.012293 3.063497 2.292348 0.004990 3.016200 2.083444 0.004992 2.881853 2.114111 0.012367 
2.982934 2.875520 0.010858 3.108357 2.821403 0.005369 3.018705 2.623525 0.004828 2.893349 2.680964 0.010377 2.931246 2.326041 0.012727 3.063514 2.292347 0.004990 3.015664 2.083569 0.005125 2.881423 2.114590 0.012938 
2.983548 2.875599 0.011040 3.108824 2.821201 0.004990 3.018726 2.623524 0.004832 2.893526 2.681244 0.010942 2.931210 2.326569 0.013222 3.063369 2.292567 0.004991 3.015033 2.083902 0.005282 2.880895 2.115235 0.013597 
2.983594 2.875579 0.011643 3.108845 2.821192 0.004987 3.018746 2.623516 0.004836 2.893572 2.681224 0.011558 2.930962 2.327254 0.013946 3.063054 2.293175 0.004991 3.014583 2.084541 0.005303 2.880510 2.115953 0.014350 
2.983648 2.875554 0.012311 3.108867 2.821182 0.004984 3.018768 2.623506 0.004841 2.893626 2.681200 0.012240 2.931020 2.327838 0.014682 3.063054 2.293739 0.004992 3.014536 2.085116 0.005318 2.880520 2.116548 0.015107 
2.983709 2.875527 0.013020 3.108891 2.821171 0.004980 3.018791 2.623496 0.004845 2.893686 2.681173 0.012965 2.930969 2.328080 0.015472 3.062943 2.293979 0.004992 3.014414 2.085358 0.005478 2.880460 2.116793 0.016067 
2.983778 2.875496 0.013790 3.108917 2.821160 0.004976 3.018817 2.623484 0.004849 2.893755 2.681142 0.013750 2.930924 2.328037 0.016317 3.062840 2.293980 0.004992 3.014380 2.085345 0.005740 2.880486 2.116734 0.017185 
2.983857 2.875460 0.014620 3.108945 2.821147 0.004972 3.018844 2.623472 0.004854 2.893834 2.681106 0.014596 2.931014 2.327948 0.017204 3.062873 2.293978 0.004992 3.014545 2.085312 0.005943 2.880710 2.116614 0.018288 
2.983946 2.875420 0.015497 3.108974 2.821134 0.004968 3.018873 2.623459 0.004858 2.893923 2.681066 0.015489 2.931114 2.327849 0.018141 3.062907 2.293973 0.004992 3.014718 2.085276 0.006087 2.880952 2.116482 0.019380 
2.984044 2.875376 0.016418 3.109004 2.821121 0.004964 3.018904 2.623445 0.004862 2.894022 2.681021 0.016428 2.931234 2.327781 0.019117 3.062942 2.293967 0.004991 3.014836 2.085252 0.006191 2.881157 2.116394 0.020471 
2.984154 2.875326 0.017387 3.109037 2.821106 0.004959 3.018936 2.623431 0.004866 2.894133 2.680971 0.017415 2.931376 2.327740 0.020135 3.062979 2.293960 0.004991 3.014906 2.085238 0.006266 2.881332 2.116346 0.021576 
2.984277 2.875270 0.018411 3.109071 2.821091 0.004954 3.018970 2.623416 0.004870 2.894257 2.680915 0.018457 2.931536 2.327708 0.021208 3.063018 2.293953 0.004990 3.014953 2.085229 0.006313 2.881502 2.116313 0.022707 
2.990706 2.867747 0.026412 3.116024 2.814166 0.015719 3.026680 2.616220 0.010371 2.901427 2.673119 0.021242 2.930918 2.325303 0.021668 3.062928 2.293923 0.004984 3.018484 2.084394 0.005199 2.884552 2.113068 0.022047 
3.017645 2.848581 0.037075 3.140826 2.790214 0.026608 3.043858 2.595938 0.019687 2.920870 2.657617 0.030353 2.928251 2.322193 0.020665 3.061073 2.293878 0.004963 3.021493 2.083376 0.004897 2.886812 2.108941 0.020750 
3.060854 2.817761 0.042286 3.179563 2.750578 0.033108 3.069190 2.563465 0.033270 2.950906 2.633943 0.042535 2.926126 2.320833 0.019869 3.059319 2.293876 0.004943 3.021919 2.082976 0.004903 2.886894 2.107164 0.019973 
3.124024 2.784421 0.044083 3.236833 2.707348 0.039194 3.111306 2.530148 0.045265 2.999194 2.610470 0.050116 2.923738 2.319191 0.018877 3.057358 2.293899 0.004881 3.022625 2.082543 0.004881 2.887207 2.105043 0.019014 
3.174979 2.754638 0.035949 3.283818 2.672032 0.040435 3.149281 2.501627 0.047904 3.041305 2.587439 0.043270 2.924160 2.321246 0.018042 3.056987 2.292124 0.003941 3.016282 2.081838 0.004839 2.881579 2.108221 0.019089 
3.200489 2.736109 0.010588 3.307221 2.651047 0.018499 3.168636 2.483800 0.022555 3.062844 2.572047 0.014511 2.925706 2.324774 0.017799 3.057416 2.290842 0.003976 3.009105 2.082172 0.004927 2.875421 2.113436 0.018899 
3.199272 2.729640 0.004587 3.310979 2.650899 0.007938 3.182652 2.475611 0.007889 3.071692 2.557591 0.004507 2.926804 2.327391 0.017318 3.057496 2.289440 0.004316 3.002922 2.082326 0.006103 2.870175 2.117669 0.019256 
3.204424 2.727953 0.004608 3.313697 2.645811 0.006063 3.180066 2.474532 0.006034 3.071640 2.559888 0.004566 2.920445 2.324310 0.021632 3.050870 2.285990 0.007119 2.995997 2.079004 0.011964 2.863515 2.114722 0.026687 
3.204440 2.727942 0.004712 3.313715 2.645797 0.005636 3.180083 2.474519 0.005643 3.071654 2.559878 0.004710 2.908410 2.315877 0.031520 3.038513 2.277810 0.013800 2.984784 2.070738 0.024401 2.852644 2.106200 0.042446 
3.204428 2.727884 0.004626 3.313670 2.645692 0.005284 3.179967 2.474470 0.005538 3.071571 2.559875 0.004870 2.899044 2.302388 0.044142 3.028606 2.263305 0.024752 2.974587 2.056890 0.043530 2.842989 2.093386 0.063378 
3.204482 2.727692 0.004263 3.314019 2.645897 0.005301 3.180933 2.474197 0.006205 3.072231 2.559208 0.005144 2.890687 2.286896 0.058419 3.019678 2.246458 0.038029 2.965277 2.041233 0.066335 2.834249 2.079116 0.087329 
3.204460 2.727679 0.004322 3.314566 2.646657 0.005773 3.182679 2.474045 0.007964 3.073387 2.558289 0.006468 2.882405 2.273413 0.073441 3.010795 2.231612 0.052027 2.956187 2.027896 0.089384 2.825764 2.067176 0.111543 
3.204481 2.727729 0.004370 3.315066 2.647371 0.006211 3.184207 2.474027 0.010841 3.074416 2.557610 0.008917 2.874523 2.262850 0.088651 3.002299 2.219870 0.065940 2.947852 2.017713 0.111173 2.818051 2.058206 0.134755 
3.204508 2.727784 0.004413 3.315525 2.648032 0.006555 3.185614 2.474074 0.014002 3.075373 2.557055 0.011734 2.867690 2.253720 0.104109 2.994843 2.209562 0.080196 2.940665 2.009122 0.132794 2.811497 2.050830 0.157696 
3.204543 2.727839 0.004455 3.315974 2.648674 0.006831 3.187000 2.474179 0.017365 3.076327 2.556575 0.014817 2.861620 2.245415 0.120170 2.988144 2.200102 0.095107 2.934445 2.001554 0.154879 2.805919 2.044454 0.181046 
3.204604 2.727851 0.004525 3.316450 2.649277 0.007087 3.188435 2.474277 0.020540 3.077332 2.556083 0.017763 2.856226 2.237859 0.136799 2.982106 2.191378 0.110655 2.929048 1.994926 0.177509 2.801181 2.039037 0.204868 
3.204669 2.727874 0.004619 3.316885 2.649835 0.007318 3.189772 2.474463 0.024069 3.078281 2.555735 0.021108 2.851383 2.231289 0.154026 2.976596 2.183618 0.126839 2.924310 1.989442 0.200593 2.797129 2.034786 0.229104 
3.204735 2.727908 0.004770 3.317282 2.650349 0.007562 3.191022 2.474736 0.027865 3.079186 2.555526 0.024759 2.847049 2.225686 0.171912 2.971567 2.176791 0.143727 2.920172 1.985082 0.224251 2.793705 2.031697 0.253867 
3.204754 2.727904 0.004811 3.317403 2.650484 0.007321 3.191350 2.474568 0.026238 3.079407 2.555222 0.023435 2.844221 2.221350 0.188607 2.968053 2.170976 0.160009 2.916924 1.981984 0.246875 2.791153 2.030132 0.277000 
3.204748 2.727832 0.004761 3.317970 2.651256 0.007375 3.193189 2.474333 0.025319 3.080651 2.554150 0.022426 2.841939 2.218754 0.203524 2.965187 2.167338 0.174266 2.914991 1.980734 0.266662 2.789823 2.029968 0.297533 
3.204735 2.727641 0.004663 3.318581 2.652005 0.007524 3.195265 2.474152 0.026371 3.082075 2.553033 0.023215 2.840163 2.217748 0.218315 2.962876 2.165606 0.188109 2.914275 1.981211 0.285649 2.789670 2.031210 0.317551 
3.204810 2.727645 0.004795 3.319218 2.652876 0.007981 3.197310 2.474400 0.029857 3.083533 2.552415 0.026330 2.839013 2.217968 0.234301 2.961200 2.165149 0.203149 2.914381 1.983023 0.305695 2.790334 2.033737 0.338624 
3.204887 2.727702 0.005006 3.319607 2.653415 0.008269 3.198621 2.474905 0.034540 3.084516 2.552433 0.030874 2.837320 2.219517 0.252094 2.958846 2.166328 0.219046 2.915148 1.986371 0.326675 2.791813 2.037492 0.361591 
3.204952 2.727786 0.005224 3.319848 2.653786 0.008771 3.199492 2.475599 0.039712 3.085199 2.552833 0.035692 2.837829 2.222972 0.270673 2.958713 2.168480 0.237396 2.915958 1.991657 0.350460 2.793284 2.044138 0.385685 
3.205010 2.727918 0.005482 3.319868 2.653872 0.009309 3.199724 2.476588 0.045769 3.085467 2.553855 0.041389 2.837951 2.226982 0.291650 2.958089 2.171008 0.258130 2.916618 1.997991 0.377390 2.794715 2.052022 0.412949 
3.205078 2.728064 0.005760 3.319903 2.653979 0.009824 3.200088 2.477795 0.052214 3.085860 2.555086 0.047510 2.838637 2.232844 0.313248 2.957961 2.175481 0.279173 2.918355 2.006361 0.404503 2.797302 2.061851 0.440711 
3.205169 2.728221 0.006064 3.320012 2.654170 0.010199 3.200815 2.479234 0.059016 3.086559 2.556474 0.054150 2.840638 2.241103 0.334496 2.959062 2.182491 0.299422 2.921898 2.017061 0.430302 2.801789 2.073866 0.467598 
3.205281 2.728397 0.006400 3.320139 2.654357 0.010355 3.201790 2.480942 0.066161 3.087508 2.558149 0.061378 2.844213 2.251489 0.355284 2.961632 2.191962 0.318415 2.928035 2.029754 0.454199 2.808992 2.087528 0.493379 
3.205422 2.728583 0.006760 3.320437 2.654779 0.010554 3.203486 2.483001 0.073868 3.089026 2.559947 0.069140 2.852349 2.263591 0.374988 2.969068 2.202908 0.337784 2.937492 2.044394 0.478332 2.819184 2.103388 0.517917 
3.205524 2.728867 0.007146 3.320201 2.654555 0.011222 3.203636 2.485772 0.082768 3.089512 2.563188 0.077639 2.862883 2.275809 0.396162 2.979292 2.213902 0.360017 2.949350 2.060630 0.506607 2.831379 2.120935 0.545210 
3.205660 2.729209 0.007594 3.319841 2.654132 0.011588 3.203882 2.489176 0.092440 3.090250 2.567310 0.087263 2.871806 2.292797 0.416430 2.987224 2.229874 0.378891 2.961284 2.080709 0.530399 2.844370 2.142100 0.570480 
3.205803 2.729548 0.008068 3.319714 2.654037 0.011571 3.205472 2.492957 0.102101 3.092088 2.571474 0.097281 2.883502 2.314795 0.430573 2.997725 2.251037 0.390852 2.975617 2.104207 0.545222 2.859966 2.166475 0.587548 
3.205677 2.729898 0.008549 3.319357 2.654009 0.011291 3.207515 2.497121 0.111646 3.094330 2.575960 0.107456 2.900405 2.338610 0.439980 3.013750 2.274390 0.398524 2.994892 2.129208 0.554871 2.880174 2.191966 0.598977 
3.205854 2.730327 0.009097 3.319284 2.654044 0.011147 3.210621 2.502444 0.122519 3.097643 2.581607 0.118871 2.920911 2.362770 0.449245 3.033542 2.298282 0.406289 3.018439 2.155253 0.565010 2.904495 2.218312 0.610664 
3.206221 2.730887 0.009930 3.319394 2.654207 0.011327 3.214967 2.509285 0.134965 3.102189 2.588754 0.131803 2.943503 2.387404 0.460871 3.055321 2.322337 0.416679 3.044570 2.182869 0.578886 2.931511 2.246565 0.625838 
3.206646 2.731722 0.010958 3.318974 2.653804 0.011955 3.218873 2.518087 0.148902 3.106886 2.598675 0.145955 2.966404 2.414697 0.474961 3.077032 2.348136 0.430008 3.070347 2.213840 0.596735 2.958547 2.279119 0.644520 
3.207076 2.732628 0.011943 3.318540 2.653474 0.012619 3.224154 2.528579 0.163239 3.112960 2.610261 0.160423 2.989232 2.444062 0.491546 3.098177 2.375324 0.445764 3.096264 2.247554 0.617662 2.986233 2.315124 0.666359 
3.207669 2.734494 0.012993 3.318465 2.654406 0.013017 3.231166 2.540339 0.175994 3.120545 2.622811 0.173660 3.013157 2.474457 0.509340 3.120010 2.403239 0.462431 3.124192 2.282931 0.639592 3.016361 2.353112 0.689503 
3.208627 2.738124 0.014040 3.318966 2.657416 0.012885 3.240216 2.553867 0.186867 3.129935 2.636815 0.185568 3.039658 2.505929 0.528352 3.144018 2.432163 0.479798 3.156297 2.320105 0.661924 3.051099 2.392977 0.713568 
3.209612 2.742029 0.015230 3.319371 2.660559 0.012858 3.250210 2.568561 0.197105 3.140379 2.652115 0.196889 3.069505 2.539680 0.547384 3.171139 2.463071 0.497469 3.192589 2.360586 0.684323 3.090275 2.436466 0.737409 
3.211008 2.746910 0.016822 3.319939 2.664374 0.013403 3.261028 2.585066 0.206880 3.151888 2.669517 0.207591 3.102192 2.576757 0.566162 3.200841 2.496871 0.515404 3.232321 2.405480 0.706544 3.133165 2.484829 0.760542 
3.212865 2.752949 0.016394 3.319650 2.667594 0.015195 3.264816 2.602429 0.215046 3.157785 2.689526 0.213426 3.129998 2.601704 0.573681 3.227928 2.520058 0.524348 3.267279 2.440776 0.719395 3.168963 2.522075 0.772011 
3.218273 2.771394 0.017256 3.324420 2.685291 0.014241 3.273340 2.621462 0.215513 3.166900 2.709294 0.215705 3.144348 2.616948 0.551910 3.242254 2.536879 0.500014 3.279908 2.449690 0.691998 3.181592 2.529285 0.747157 
3.219273 2.794853 0.021786 3.324974 2.708545 0.013531 3.279434 2.639728 0.214489 3.173366 2.727838 0.219975 3.149976 2.631824 0.534885 3.244896 2.553221 0.475711 3.283664 2.451997 0.660451 3.188378 2.529910 0.722855 
3.219723 2.807379 0.023653 3.324408 2.720056 0.013384 3.280585 2.649996 0.214295 3.175517 2.739149 0.221816 3.155328 2.639475 0.523407 3.249503 2.561657 0.462046 3.287247 2.454912 0.643866 3.192699 2.531953 0.708437 3.053074 3.424691 0.025403 3.066567 3.485857 0.004602 3.062908 3.491917 0.020047 3.049415 3.430751 0.040848 
3.226552 2.811557 0.021445 3.330006 2.722526 0.013649 3.283400 2.656693 0.215360 3.179615 2.747509 0.220373 3.163097 2.640952 0.499457 3.259778 2.564971 0.439711 3.291747 2.454358 0.620323 3.194586 2.529488 0.683245 3.024771 3.412230 0.010679 3.018270 3.477629 0.004621 3.010961 3.478322 0.019943 3.017462 3.412923 0.026001 
3.236831 2.812090 0.019205 3.340113 2.722682 0.013818 3.290318 2.658973 0.215449 3.186752 2.750140 0.218031 3.168061 2.641781 0.474400 3.266853 2.567924 0.415452 3.293453 2.451861 0.593496 3.194082 2.524769 0.655576 3.040960 3.416748 0.009857 3.026709 3.480989 0.004754 3.016505 3.479800 0.018286 3.030755 3.415559 0.023389 
3.244325 2.812331 0.017736 3.347581 2.722804 0.014141 3.295617 2.660729 0.215735 3.192107 2.751994 0.216508 3.170224 2.644451 0.454238 3.270438 2.571996 0.395952 3.292320 2.451291 0.571535 3.191446 2.522716 0.632911 3.077842 3.417914 0.010840 3.060450 3.481304 0.004899 3.047569 3.478780 0.015685 3.064960 3.415391 0.021627 
3.247923 2.812642 0.016980 3.351082 2.722966 0.014437 3.297841 2.661947 0.216020 3.194448 2.753346 0.215731 3.170417 2.647608 0.442344 3.271261 2.575766 0.384387 3.290299 2.452315 0.558384 3.188748 2.523081 0.619405 3.105029 3.418671 0.010127 3.085595 3.481525 0.004862 3.071544 3.477921 0.013708 3.090979 3.415068 0.018973 
3.248368 2.812721 0.016831 3.351616 2.723143 0.014494 3.298156 2.662217 0.216047 3.194675 2.753516 0.215551 3.169654 2.648906 0.438164 3.270665 2.577322 0.380178 3.288887 2.452796 0.553495 3.187156 2.523285 0.614536 3.109280 3.419197 0.008694 3.088783 3.481804 0.004665 3.074637 3.477719 0.013143 3.095134 3.415112 0.017173 
3.248658 2.812675 0.016808 3.352279 2.723528 0.014453 3.298584 2.661777 0.215692 3.194731 2.752652 0.215219 3.168537 2.648025 0.440902 3.269637 2.576450 0.383061 3.288230 2.452506 0.556756 3.186414 2.522996 0.617655 3.110380 3.419230 0.008223 3.089519 3.481736 0.004504 3.075237 3.477454 0.012651 3.096099 3.414948 0.016370 
3.248606 2.812222 0.016846 3.352797 2.723746 0.014383 3.299086 2.660927 0.215288 3.194658 2.751141 0.214928 3.167110 2.645419 0.448291 3.268290 2.573741 0.390718 3.288038 2.451441 0.565447 3.186158 2.522058 0.626091 3.111760 3.419221 0.007834 3.090670 3.481657 0.004236 3.076141 3.477186 0.011824 3.097231 3.414750 0.015421 
3.248263 2.811616 0.016871 3.353180 2.724006 0.014294 3.299310 2.659685 0.214680 3.194151 2.749046 0.214442 3.166025 2.641932 0.458403 3.267428 2.570223 0.401262 3.288946 2.450398 0.577491 3.186867 2.521083 0.637721 3.113163 3.419221 0.007581 3.091856 3.481585 0.004013 3.077074 3.476933 0.010978 3.098382 3.414569 0.014547 
3.247768 2.810904 0.016654 3.353358 2.724100 0.014279 3.298704 2.658295 0.213969 3.192876 2.746863 0.213538 3.164539 2.638785 0.469096 3.266349 2.566929 0.412870 3.289376 2.450322 0.591056 3.186907 2.521200 0.650390 3.113531 3.419238 0.007876 3.092156 3.481562 0.004022 3.077173 3.476822 0.010481 3.098548 3.414499 0.014335 
3.247504 2.810424 0.016475 3.353805 2.724483 0.014408 3.298116 2.657019 0.213257 3.191586 2.744739 0.212527 3.162151 2.637207 0.478153 3.264409 2.565104 0.423070 3.288203 2.451537 0.603110 3.185292 2.522710 0.661316 3.115058 3.419509 0.008104 3.093563 3.481765 0.003849 3.078389 3.476931 0.009769 3.099884 3.414674 0.014023 
3.242542 2.806746 0.016369 3.348842 2.720792 0.014991 3.292706 2.654377 0.214068 3.186182 2.742096 0.212639 3.158098 2.634571 0.479937 3.260636 2.562460 0.425386 3.285122 2.450582 0.606388 3.181939 2.521786 0.664070 3.155427 3.436222 0.007331 3.133193 3.498306 0.004644 3.117261 3.492677 0.006419 3.139495 3.430593 0.009107 
3.235755 2.801204 0.016306 3.341905 2.715056 0.015731 3.285754 2.650722 0.215486 3.179382 2.738608 0.213236 3.154895 2.633382 0.470056 3.258287 2.561810 0.416416 3.280720 2.448970 0.597086 3.176645 2.519616 0.653844 3.169215 3.444021 0.005976 3.146762 3.506074 0.004875 3.130786 3.500298 0.005122 3.153239 3.438244 0.006224 
3.233085 2.788103 0.016122 3.339342 2.702138 0.019180 3.281165 2.643576 0.220127 3.174714 2.731194 0.214193 3.153477 2.631487 0.458033 3.258911 2.560585 0.407572 3.277748 2.449161 0.589526 3.171560 2.519151 0.643094 3.167648 3.442588 0.007337 3.146800 3.505161 0.004883 3.130681 3.499807 0.005302 3.151530 3.437234 0.007756 
3.232789 2.774396 0.015751 3.338936 2.688655 0.024182 3.276658 2.637610 0.225948 3.170376 2.724896 0.214578 3.152086 2.630914 0.444302 3.260206 2.560743 0.398740 3.273538 2.451813 0.582680 3.164558 2.521100 0.631329 3.164911 3.442636 0.012929 3.146730 3.505574 0.004912 3.130398 3.500939 0.005563 3.148578 3.438001 0.013580 
3.232450 2.764935 0.015319 3.337996 2.679232 0.029635 3.270616 2.636212 0.231632 3.165013 2.723346 0.214317 3.147528 2.634207 0.432043 3.257833 2.564296 0.391608 3.265084 2.458140 0.577501 3.153810 2.527206 0.621001 3.161652 3.443620 0.020645 3.146639 3.505943 0.004945 3.130095 3.502179 0.005823 3.145107 3.439856 0.021523 
3.231934 2.757054 0.014777 3.336354 2.671312 0.035625 3.262634 2.636719 0.237026 3.158258 2.723773 0.213124 3.139352 2.641494 0.422098 3.251321 2.570910 0.387883 3.250918 2.468975 0.576263 3.137855 2.538781 0.613517 3.166376 3.432177 0.032255 3.154528 3.491070 0.004919 3.137820 3.488106 0.005775 3.149669 3.429213 0.033111 
3.231461 2.747555 0.014011 3.333925 2.661839 0.043058 3.251888 2.637661 0.242755 3.149604 2.724541 0.210601 3.131225 2.648404 0.408871 3.245177 2.577446 0.382992 3.234593 2.480899 0.573896 3.119381 2.551159 0.602770 3.192980 3.414257 0.045451 3.184740 3.466106 0.005454 3.168043 3.463018 0.004892 3.176282 3.411169 0.044889 
3.230967 2.739453 0.013120 3.330709 2.654016 0.051089 3.239340 2.640985 0.247750 3.139936 2.727426 0.206630 3.120890 2.655767 0.392546 3.236300 2.584682 0.374727 3.215713 2.493086 0.567247 3.098886 2.563545 0.588007 3.202201 3.418244 0.039002 3.187925 3.472978 0.004996 3.171484 3.468696 0.005007 3.185760 3.413963 0.039013 
3.230408 2.736710 0.012496 3.327307 2.651570 0.057790 3.227275 2.646535 0.250564 3.130864 2.732563 0.202105 3.104162 2.667285 0.369554 3.219650 2.595122 0.357515 3.188718 2.503936 0.548842 3.071663 2.575490 0.563748 3.220556 3.462707 0.011779 3.191962 3.522094 0.008366 3.176729 3.514684 0.007061 3.205323 3.455298 0.010475 
3.230022 2.737048 0.012247 3.324722 2.652223 0.062512 3.218590 2.652341 0.252063 3.124486 2.737976 0.198631 3.085152 2.683486 0.345572 3.199478 2.609028 0.336892 3.159010 2.515468 0.525270 3.042991 2.589305 0.536742 3.234477 3.458711 0.006904 3.202268 3.516318 0.006888 3.187543 3.508084 0.004874 3.219753 3.450478 0.004890 
3.229683 2.737412 0.012004 3.322020 2.652922 0.067006 3.210484 2.658638 0.253342 3.118843 2.743857 0.195173 3.070409 2.697986 0.325165 3.183613 2.621516 0.319959 3.134493 2.526940 0.505756 3.019483 2.602794 0.513682 3.234278 3.459438 0.008456 3.202252 3.517125 0.006866 3.187518 3.508892 0.004920 3.219544 3.451205 0.006510 
3.229379 2.737776 0.011767 3.319548 2.654052 0.071347 3.203190 2.665401 0.254447 3.113806 2.749766 0.191702 3.061960 2.708344 0.311546 3.174589 2.630864 0.310408 3.118336 2.537292 0.494684 3.003803 2.614180 0.498481 3.234304 3.461418 0.010518 3.203045 3.519429 0.006824 3.188227 3.511326 0.004970 3.219486 3.453316 0.008664 
3.229141 2.738279 0.011564 3.317324 2.655145 0.074827 3.197006 2.671042 0.255006 3.109682 2.754747 0.188583 3.056364 2.714375 0.306989 3.168720 2.636544 0.309888 3.107524 2.546010 0.494106 2.993196 2.623296 0.493827 3.233924 3.463065 0.012143 3.203352 3.521304 0.006704 3.188453 3.513322 0.004981 3.219025 3.455083 0.010420 
3.228938 2.738496 0.011389 3.315540 2.655885 0.077460 3.191924 2.674820 0.255095 3.106243 2.757954 0.185874 3.051713 2.717179 0.308961 3.163882 2.639322 0.315766 3.099113 2.553138 0.500848 2.984923 2.630513 0.496636 3.233208 3.463715 0.013309 3.203105 3.522058 0.006534 3.188150 3.514156 0.004930 3.218253 3.455812 0.011704 
3.228770 2.738676 0.011245 3.314132 2.656488 0.079422 3.187802 2.677343 0.254920 3.103411 2.760023 0.183603 3.047483 2.718422 0.314180 3.159516 2.640724 0.324252 3.092391 2.559014 0.510520 2.978304 2.636293 0.503027 3.232945 3.463743 0.014267 3.203106 3.522096 0.006487 3.188128 3.514230 0.004933 3.217967 3.455876 0.012714 
3.228647 2.738820 0.011139 3.313184 2.656971 0.080738 3.184834 2.678796 0.254645 3.101305 2.761120 0.181916 3.043391 2.719314 0.319695 3.155264 2.641729 0.332146 3.086611 2.563712 0.519436 2.972664 2.640929 0.509555 3.232805 3.463778 0.014822 3.203100 3.522121 0.006475 3.188111 3.514270 0.004936 3.217816 3.455926 0.013283 
3.228560 2.738849 0.011069 3.312633 2.657293 0.081569 3.182948 2.679563 0.254426 3.099907 2.761585 0.180802 3.039591 2.720242 0.323524 3.151286 2.642639 0.337373 3.081746 2.567008 0.525314 2.967965 2.644279 0.514032 3.232669 3.463784 0.015246 3.203091 3.522131 0.006484 3.188095 3.514297 0.004939 3.217672 3.455950 0.013701 
3.228509 2.738861 0.011027 3.312345 2.657511 0.082045 3.181873 2.679965 0.254284 3.099082 2.761777 0.180146 3.036910 2.721087 0.324834 3.148463 2.643413 0.339407 3.078286 2.568854 0.527539 2.964640 2.646212 0.515529 3.232555 3.463778 0.015558 3.203083 3.522134 0.006503 3.188081 3.514315 0.004941 3.217552 3.455959 0.013997 
3.228481 2.738872 0.011002 3.312146 2.657609 0.082320 3.181228 2.680223 0.254200 3.098616 2.761944 0.179763 3.035749 2.721600 0.324835 3.147225 2.643889 0.339797 3.076600 2.569735 0.527923 2.963025 2.647136 0.515518 3.232391 3.464302 0.015618 3.202996 3.522690 0.006515 3.187985 3.514888 0.004944 3.217380 3.456500 0.014047 
3.228487 2.738920 0.010994 3.312046 2.657609 0.082381 3.181018 2.680328 0.254163 3.098514 2.762096 0.179658 3.035744 2.721888 0.324249 3.147172 2.644124 0.339294 3.076336 2.569941 0.527328 2.962807 2.647395 0.514839 3.232507 3.465904 0.015534 3.203277 3.524394 0.006559 3.188246 3.516636 0.004957 3.217477 3.458147 0.013932 
3.228505 2.738917 0.011006 3.312097 2.657471 0.082200 3.181338 2.680153 0.254192 3.098797 2.762058 0.179879 3.036610 2.721763 0.323661 3.148028 2.643936 0.338447 3.077328 2.569371 0.526381 2.963811 2.646884 0.514153 3.232761 3.467857 0.015202 3.203679 3.526475 0.006588 3.188626 3.518767 0.004958 3.217708 3.460149 0.013573 
3.228547 2.738899 0.011039 3.312335 2.657221 0.081736 3.182227 2.679605 0.254260 3.099479 2.761749 0.180441 3.038163 2.721114 0.323582 3.149611 2.643213 0.337753 3.079476 2.568014 0.525646 2.965937 2.645591 0.514037 3.233489 3.469679 0.014716 3.204496 3.528416 0.006627 3.189427 3.520748 0.004959 3.218420 3.462011 0.013048 
3.228629 2.738895 0.011093 3.312807 2.656901 0.080956 3.183714 2.678592 0.254329 3.100558 2.761065 0.181340 3.040321 2.719783 0.324315 3.151855 2.641837 0.337515 3.082774 2.565778 0.525453 2.969162 2.643388 0.514824 3.234491 3.472024 0.013964 3.205544 3.530889 0.006684 3.190465 3.523257 0.004933 3.219412 3.464392 0.012212 
3.228727 2.738877 0.011164 3.313427 2.656489 0.079925 3.185661 2.677216 0.254395 3.101959 2.760100 0.182504 3.042923 2.717997 0.325667 3.154563 2.639995 0.337588 3.086931 2.562903 0.525632 2.973234 2.640555 0.516297 3.235609 3.474391 0.013298 3.206796 3.533410 0.006771 3.191698 3.525836 0.004941 3.220511 3.466818 0.011468 
3.228832 2.738803 0.011251 3.314171 2.655972 0.078676 3.188043 2.675551 0.254465 3.103673 2.758899 0.183904 3.046127 2.715751 0.327394 3.157896 2.637716 0.337781 3.092035 2.559400 0.525947 2.978232 2.637068 0.518164 3.237019 3.477414 0.012434 3.208329 3.536594 0.006899 3.193213 3.529084 0.004958 3.221903 3.469904 0.010492 
3.228954 2.738718 0.011351 3.315013 2.655387 0.077227 3.190788 2.673642 0.254509 3.105665 2.757513 0.185489 3.049844 2.713156 0.329404 3.161746 2.635095 0.338027 3.097937 2.555399 0.526321 2.984030 2.633073 0.520320 3.238726 3.480799 0.011528 3.210200 3.540148 0.007058 3.195062 3.532716 0.004995 3.223587 3.473367 0.009465 
3.229097 2.738614 0.011465 3.316017 2.654755 0.075516 3.194029 2.671377 0.254503 3.108004 2.755805 0.187303 3.054066 2.710115 0.331763 3.166117 2.632065 0.338300 3.104781 2.550764 0.526729 2.990759 2.628404 0.522837 3.240447 3.484513 0.010418 3.212079 3.544016 0.007164 3.196918 3.536668 0.004968 3.225286 3.477165 0.008223 
3.229268 2.738488 0.011600 3.317302 2.654189 0.073517 3.198001 2.668838 0.254477 3.110814 2.753737 0.189403 3.059553 2.706375 0.333967 3.171879 2.628559 0.338122 3.113477 2.545269 0.526616 2.999220 2.622645 0.525129 3.240672 3.485979 0.009503 3.212293 3.545520 0.007155 3.197126 3.538202 0.004899 3.225505 3.478661 0.007247 
3.229441 2.738353 0.011734 3.318607 2.653676 0.071475 3.202026 2.666233 0.254354 3.113657 2.751544 0.191450 3.065942 2.701921 0.335956 3.178686 2.624619 0.337685 3.123425 2.539123 0.526138 3.008791 2.615948 0.527100 3.240784 3.485977 0.008852 3.212268 3.545476 0.007209 3.197113 3.538149 0.004907 3.225629 3.478650 0.006550 
3.229610 2.738223 0.011861 3.319839 2.653199 0.069478 3.205923 2.663727 0.254156 3.116444 2.749417 0.193370 3.072310 2.697517 0.337577 3.185440 2.620762 0.336979 3.133193 2.533108 0.525300 3.018213 2.609349 0.528610 3.240776 3.486041 0.007980 3.212009 3.545438 0.007262 3.196876 3.538080 0.004913 3.225643 3.478684 0.005631 
3.229777 2.738094 0.011982 3.321020 2.652768 0.067516 3.209729 2.661304 0.253889 3.119188 2.747327 0.195183 3.078110 2.693484 0.338919 3.191529 2.617211 0.336003 3.142215 2.527453 0.524124 3.026985 2.603177 0.529771 3.240499 3.486046 0.007353 3.211563 3.545364 0.007402 3.196443 3.537990 0.005017 3.225380 3.478672 0.004968 
3.229934 2.738002 0.012092 3.322056 2.652398 0.065714 3.213195 2.659156 0.253589 3.121732 2.745485 0.196792 3.083295 2.689976 0.339901 3.196919 2.614123 0.334840 3.150266 2.522417 0.522700 3.034867 2.597690 0.530510 3.240003 3.485987 0.007376 3.211287 3.545412 0.007402 3.196143 3.538095 0.004994 3.224860 3.478670 0.004968 
3.230066 2.737933 0.012182 3.322921 2.652081 0.064116 3.216229 2.657323 0.253280 3.123996 2.743924 0.198169 3.087788 2.686980 0.340569 3.201555 2.611494 0.333600 3.157235 2.518051 0.521169 3.041725 2.592929 0.530900 3.239512 3.485934 0.007392 3.210946 3.545432 0.007528 3.195785 3.538158 0.005103 3.224350 3.478660 0.004967 
3.230201 2.737961 0.012274 3.323664 2.651897 0.062745 3.218825 2.655796 0.252975 3.125952 2.742630 0.199325 3.091570 2.684464 0.341193 3.205438 2.609296 0.332604 3.163103 2.514392 0.519897 3.047520 2.588927 0.531261 3.239028 3.485872 0.007407 3.210627 3.545448 0.007706 3.195445 3.538223 0.005266 3.223846 3.478647 0.004967 
3.230308 2.737994 0.012344 3.324262 2.651759 0.061599 3.220968 2.654548 0.252692 3.127577 2.741569 0.200257 3.094597 2.682399 0.341837 3.208531 2.607495 0.331924 3.167837 2.511436 0.518993 3.052211 2.585688 0.531690 3.238533 3.485814 0.007417 3.210287 3.545463 0.007877 3.195084 3.538283 0.005426 3.223330 3.478635 0.004967 
3.230385 2.737934 0.012393 3.324763 2.651623 0.060695 3.222684 2.653493 0.252451 3.128849 2.740605 0.200969 3.096875 2.680755 0.342427 3.210853 2.606062 0.331475 3.171472 2.509133 0.518375 3.055820 2.583159 0.532119 3.237973 3.485770 0.007421 3.209799 3.545451 0.008125 3.194585 3.538298 0.005671 3.222759 3.478617 0.004966 
3.230439 2.737891 0.012426 3.325117 2.651535 0.060056 3.223883 2.652732 0.252265 3.129732 2.739898 0.201454 3.098483 2.679565 0.342879 3.212493 2.605030 0.331213 3.174035 2.507513 0.517999 3.058363 2.581370 0.532463 3.237520 3.485743 0.007420 3.209343 3.545417 0.008407 3.194125 3.538273 0.005954 3.222302 3.478598 0.004966 
3.230498 2.737968 0.012443 3.325317 2.651551 0.059681 3.224532 2.652332 0.252128 3.130233 2.739566 0.201710 3.099435 2.678890 0.343111 3.213466 2.604452 0.331050 3.175517 2.506600 0.517765 3.059831 2.580356 0.532627 3.237269 3.485790 0.007440 3.209081 3.545456 0.008629 3.193861 3.538315 0.006176 3.222049 3.478648 0.004988 
3.230506 2.737964 0.012447 3.325358 2.651538 0.059598 3.224697 2.652258 0.252110 3.130362 2.739503 0.201778 3.099668 2.678742 0.343145 3.213703 2.604325 0.330984 3.175876 2.506383 0.517677 3.060189 2.580116 0.532639 3.237243 3.485788 0.007438 3.209040 3.545445 0.008685 3.193821 3.538302 0.006232 3.222024 3.478644 0.004985 
3.230508 2.738048 0.012448 3.325321 2.651594 0.059628 3.224580 2.652312 0.252097 3.130285 2.739584 0.201738 3.099471 2.678873 0.343070 3.213496 2.604436 0.330931 3.175623 2.506510 0.517622 3.059945 2.580262 0.532563 3.237227 3.485788 0.007435 3.209025 3.545447 0.008671 3.193806 3.538304 0.006220 3.222008 3.478645 0.004983 
3.230505 2.738130 0.012446 3.325261 2.651657 0.059706 3.224377 2.652421 0.252100 3.130142 2.739712 0.201661 3.099066 2.679143 0.342898 3.213069 2.604666 0.330799 3.175104 2.506763 0.517484 3.059447 2.580557 0.532384 3.237202 3.485790 0.007430 3.209001 3.545450 0.008647 3.193782 3.538306 0.006198 3.221982 3.478646 0.004981 
3.230495 2.738138 0.012437 3.325198 2.651678 0.059825 3.224151 2.652563 0.252133 3.129971 2.739839 0.201567 3.098584 2.679466 0.342688 3.212562 2.604942 0.330651 3.174473 2.507080 0.517332 3.058839 2.580922 0.532170 3.237179 3.485793 0.007426 3.208977 3.545453 0.008619 3.193758 3.538308 0.006173 3.221960 3.478648 0.004979 
3.230484 2.738147 0.012428 3.325135 2.651701 0.059950 3.223919 2.652711 0.252168 3.129795 2.739971 0.201468 3.098163 2.679743 0.342569 3.212128 2.605181 0.330637 3.173888 2.507408 0.517335 3.058266 2.581290 0.532066 3.237174 3.485797 0.007422 3.208969 3.545455 0.008594 3.193751 3.538308 0.006150 3.221955 3.478650 0.004978 
3.230474 2.738155 0.012420 3.325077 2.651725 0.060065 3.223705 2.652850 0.252201 3.129632 2.740092 0.201378 3.097848 2.679950 0.342538 3.211810 2.605363 0.330740 3.173411 2.507711 0.517468 3.057789 2.581620 0.532064 3.237167 3.485800 0.007418 3.208959 3.545457 0.008570 3.193741 3.538308 0.006128 3.221949 3.478651 0.004977 
3.230472 2.738252 0.012419 3.325018 2.651805 0.060145 3.223496 2.652967 0.252201 3.129482 2.740226 0.201297 3.097562 2.680140 0.342526 3.211521 2.605529 0.330845 3.172982 2.507986 0.517601 3.057362 2.581920 0.532079 3.237163 3.485802 0.007415 3.208953 3.545459 0.008547 3.193735 3.538310 0.006107 3.221945 3.478653 0.004975 
3.230471 2.738335 0.012418 3.324970 2.651874 0.060212 3.223322 2.653067 0.252201 3.129357 2.740340 0.201230 3.097324 2.680300 0.342519 3.211280 2.605669 0.330934 3.172626 2.508214 0.517713 3.057007 2.582170 0.532095 3.237156 3.485805 0.007412 3.208945 3.545461 0.008527 3.193727 3.538311 0.006089 3.221938 3.478654 0.004974 
3.230466 2.738339 0.012412 3.324941 2.651887 0.060269 3.223213 2.653139 0.252216 3.129274 2.740402 0.201181 3.097162 2.680406 0.342504 3.211116 2.605762 0.330989 3.172380 2.508371 0.517784 3.056762 2.582341 0.532095 3.237155 3.485806 0.007410 3.208943 3.545462 0.008515 3.193725 3.538311 0.006078 3.221937 3.478655 0.004973 
3.230463 2.738342 0.012408 3.324924 2.651895 0.060302 3.223150 2.653180 0.252224 3.129225 2.740437 0.201152 3.097068 2.680467 0.342496 3.211022 2.605815 0.331021 3.172238 2.508461 0.517824 3.056620 2.582439 0.532096 3.237152 3.485807 0.007409 3.208939 3.545463 0.008507 3.193721 3.538311 0.006071 3.221934 3.478655 0.004972 
3.230462 2.738343 0.012405 3.324917 2.651899 0.060315 3.223122 2.653199 0.252226 3.129204 2.740453 0.201138 3.097026 2.680493 0.342491 3.210979 2.605839 0.331034 3.172175 2.508500 0.517842 3.056556 2.582482 0.532095 3.237152 3.485807 0.007408 3.208938 3.545463 0.008503 3.193721 3.538311 0.006067 3.221934 3.478655 0.004972 
3.230461 2.738344 0.012403 3.324915 2.651900 0.060318 3.223114 2.653204 0.252226 3.129197 2.740458 0.201133 3.097013 2.680502 0.342490 3.210965 2.605846 0.331038 3.172154 2.508513 0.517848 3.056536 2.582495 0.532096 3.237149 3.485807 0.007407 3.208936 3.545463 0.008501 3.193718 3.538311 0.006066 3.221932 3.478655 0.004971 
3.230461 2.738345 0.012402 3.324914 2.651902 0.060320 3.223109 2.653209 0.252225 3.129193 2.740461 0.201129 3.097003 2.680507 0.342490 3.210956 2.605851 0.331042 3.172140 2.508521 0.517852 3.056522 2.582504 0.532096 3.237147 3.485807 0.007406 3.208934 3.545463 0.008500 3.193716 3.538311 0.006064 3.221930 3.478655 0.004970 
3.230466 2.738420 0.012404 3.324905 2.651960 0.060316 3.223072 2.653229 0.252207 3.129170 2.740500 0.201118 3.096957 2.680540 0.342510 3.210908 2.605879 0.331075 3.172077 2.508564 0.517890 3.056460 2.582552 0.532121 3.237143 3.485807 0.007405 3.208931 3.545463 0.008495 3.193713 3.538311 0.006060 3.221926 3.478655 0.004970 
3.230470 2.738491 0.012407 3.324899 2.652016 0.060313 3.223044 2.653252 0.252192 3.129152 2.740538 0.201109 3.096914 2.680571 0.342537 3.210864 2.605907 0.331111 3.172022 2.508604 0.517930 3.056406 2.582596 0.532151 3.237139 3.485807 0.007404 3.208927 3.545464 0.008491 3.193709 3.538312 0.006056 3.221921 3.478655 0.004969 
3.230474 2.738564 0.012409 3.324897 2.652082 0.060314 3.223016 2.653288 0.252180 3.129131 2.740582 0.201097 3.096855 2.680617 0.342571 3.210802 2.605947 0.331159 3.171945 2.508662 0.517984 3.056332 2.582660 0.532192 3.237136 3.485807 0.007403 3.208925 3.545464 0.008485 3.193707 3.538312 0.006051 3.221919 3.478655 0.004969 
3.230473 2.738565 0.012406 3.324895 2.652089 0.060325 3.222997 2.653306 0.252182 3.129114 2.740594 0.201086 3.096818 2.680642 0.342571 3.210765 2.605969 0.331173 3.171891 2.508697 0.518001 3.056278 2.582698 0.532195 3.237134 3.485808 0.007403 3.208923 3.545465 0.008482 3.193705 3.538312 0.006048 3.221916 3.478655 0.004968 
3.230473 2.738566 0.012403 3.324891 2.652090 0.060329 3.222985 2.653313 0.252181 3.129105 2.740601 0.201078 3.096800 2.680653 0.342569 3.210746 2.605978 0.331178 3.171863 2.508713 0.518008 3.056250 2.582716 0.532194 3.237134 3.485808 0.007402 3.208922 3.545465 0.008480 3.193705 3.538312 0.006046 3.221916 3.478655 0.004968 
3.230473 2.738567 0.012401 3.324892 2.652092 0.060328 3.222984 2.653314 0.252180 3.129104 2.740601 0.201076 3.096796 2.680654 0.342569 3.210743 2.605979 0.331179 3.171859 2.508715 0.518009 3.056246 2.582718 0.532195 3.237133 3.485807 0.007402 3.208922 3.545464 0.008480 3.193704 3.538312 0.006046 3.221916 3.478655 0.004967 
3.230478 2.738631 0.012404 3.324894 2.652147 0.060320 3.222978 2.653339 0.252168 3.129101 2.740635 0.201075 3.096769 2.680674 0.342618 3.210713 2.605996 0.331228 3.171831 2.508739 0.518061 3.056220 2.582745 0.532247 3.237129 3.485807 0.007401 3.208918 3.545465 0.008478 3.193700 3.538312 0.006044 3.221911 3.478655 0.004967 
3.230477 2.738632 0.012401 3.324898 2.652163 0.060334 3.222965 2.653364 0.252173 3.129084 2.740645 0.201063 3.096710 2.680705 0.342649 3.210653 2.606023 0.331274 3.171756 2.508786 0.518116 3.056147 2.582797 0.532286 3.237128 3.485808 0.007401 3.208917 3.545464 0.008476 3.193699 3.538312 0.006042 3.221911 3.478655 0.004967 
3.230503 2.738774 0.012403 3.324936 2.652312 0.060327 3.222972 2.653434 0.252149 3.129078 2.740708 0.201049 3.096607 2.680777 0.342830 3.210545 2.606086 0.331467 3.171647 2.508889 0.518329 3.056042 2.582910 0.532488 3.237094 3.485878 0.007403 3.208885 3.545535 0.008490 3.193667 3.538384 0.006056 3.221876 3.478726 0.004969 
3.230502 2.738775 0.012400 3.324934 2.652323 0.060344 3.222950 2.653463 0.252155 3.129058 2.740727 0.201035 3.096535 2.680809 0.342879 3.210471 2.606113 0.331536 3.171556 2.508945 0.518410 3.055952 2.582972 0.532548 3.237094 3.485878 0.007402 3.208883 3.545535 0.008488 3.193665 3.538383 0.006054 3.221876 3.478726 0.004969 
3.230501 2.738776 0.012398 3.324927 2.652329 0.060359 3.222920 2.653482 0.252158 3.129034 2.740742 0.201020 3.096485 2.680833 0.342884 3.210421 2.606133 0.331560 3.171483 2.508982 0.518438 3.055879 2.583012 0.532557 3.237095 3.485878 0.007401 3.208887 3.545537 0.008483 3.193668 3.538385 0.006050 3.221876 3.478727 0.004969 
3.230515 2.738965 0.012402 3.324901 2.652477 0.060372 3.222767 2.653522 0.252104 3.128924 2.740824 0.200958 3.096075 2.680941 0.343321 3.209986 2.606192 0.332069 3.170970 2.509174 0.519000 3.055391 2.583256 0.533047 3.236972 3.486031 0.007409 3.208791 3.545702 0.008527 3.193569 3.538559 0.006095 3.221749 3.478888 0.004977 
3.230509 2.739077 0.012398 3.324892 2.652602 0.060395 3.222700 2.653629 0.252096 3.128860 2.740919 0.200923 3.095734 2.681093 0.343844 3.209624 2.606304 0.332650 3.170587 2.509447 0.519659 3.055029 2.583571 0.533650 3.236953 3.486039 0.007408 3.208772 3.545709 0.008515 3.193550 3.538565 0.006083 3.221731 3.478895 0.004976 
3.230588 2.739307 0.012331 3.324993 2.652860 0.060336 3.222681 2.653715 0.251975 3.128820 2.740978 0.200794 3.095515 2.681256 0.344124 3.209396 2.606445 0.332975 3.170325 2.509677 0.520024 3.054776 2.583825 0.533969 3.236948 3.486041 0.007406 3.208765 3.545711 0.008498 3.193543 3.538566 0.006067 3.221726 3.478896 0.004975 
3.230584 2.739310 0.012332 3.324971 2.652870 0.060384 3.222605 2.653774 0.251993 3.128763 2.741029 0.200766 3.095398 2.681337 0.344127 3.209277 2.606516 0.333028 3.170149 2.509797 0.520090 3.054600 2.583955 0.533985 3.236947 3.486042 0.007404 3.208763 3.545712 0.008488 3.193541 3.538566 0.006058 3.221726 3.478896 0.004974 
3.230587 2.739369 0.012338 3.324957 2.652914 0.060399 3.222560 2.653815 0.251992 3.128736 2.741085 0.200756 3.095332 2.681389 0.344166 3.209209 2.606562 0.333088 3.170057 2.509868 0.520158 3.054510 2.584033 0.534032 3.236945 3.486042 0.007403 3.208761 3.545712 0.008481 3.193539 3.538567 0.006051 3.221723 3.478897 0.004973 
3.230587 2.739370 0.012341 3.324954 2.652917 0.060408 3.222551 2.653826 0.251997 3.128730 2.741095 0.200755 3.095316 2.681403 0.344173 3.209193 2.606574 0.333103 3.170033 2.509888 0.520175 3.054486 2.584054 0.534042 3.236943 3.486042 0.007402 3.208759 3.545712 0.008478 3.193537 3.538567 0.006049 3.221721 3.478897 0.004972 
3.230606 2.739438 0.012343 3.324971 2.652977 0.060400 3.222548 2.653839 0.251979 3.128729 2.741116 0.200747 3.095295 2.681427 0.344227 3.209172 2.606597 0.333164 3.170007 2.509923 0.520242 3.054461 2.584091 0.534101 3.236922 3.486090 0.007402 3.208740 3.545761 0.008488 3.193518 3.538615 0.006059 3.221700 3.478945 0.004973 
3.230609 2.739481 0.012348 3.324970 2.653012 0.060399 3.222542 2.653858 0.251975 3.128728 2.741144 0.200749 3.095276 2.681445 0.344279 3.209152 2.606613 0.333218 3.169988 2.509947 0.520300 3.054443 2.584118 0.534158 3.236918 3.486090 0.007401 3.208736 3.545761 0.008485 3.193514 3.538616 0.006056 3.221696 3.478945 0.004972 
3.230609 2.739483 0.012349 3.324970 2.653020 0.060411 3.222535 2.653880 0.251984 3.128721 2.741160 0.200747 3.095243 2.681467 0.344310 3.209118 2.606632 0.333258 3.169946 2.509980 0.520345 3.054401 2.584154 0.534194 3.236918 3.486090 0.007401 3.208735 3.545761 0.008483 3.193513 3.538615 0.006054 3.221696 3.478945 0.004972 
3.230639 2.739494 0.012350 3.325009 2.653044 0.060416 3.222575 2.653905 0.251989 3.128752 2.741172 0.200748 3.095222 2.681490 0.344388 3.209095 2.606652 0.333336 3.169927 2.510011 0.520430 3.054384 2.584187 0.534278 3.236917 3.486090 0.007400 3.208735 3.545761 0.008480 3.193514 3.538616 0.006051 3.221695 3.478945 0.004971 
3.230638 2.739495 0.012351 3.325008 2.653046 0.060422 3.222570 2.653911 0.251992 3.128747 2.741176 0.200747 3.095208 2.681498 0.344401 3.209081 2.606660 0.333355 3.169908 2.510026 0.520451 3.054365 2.584203 0.534293 3.236915 3.486090 0.007399 3.208733 3.545761 0.008478 3.193511 3.538616 0.006049 3.221693 3.478945 0.004970 
3.230649 2.739638 0.012362 3.325021 2.653180 0.060411 3.222571 2.653978 0.251976 3.128746 2.741253 0.200752 3.095095 2.681573 0.344693 3.208958 2.606719 0.333653 3.169798 2.510139 0.520780 3.054265 2.584333 0.534617 3.236910 3.486090 0.007398 3.208731 3.545762 0.008471 3.193509 3.538618 0.006042 3.221688 3.478945 0.004970 
3.230665 2.739861 0.012378 3.325031 2.653373 0.060386 3.222553 2.654049 0.251936 3.128734 2.741356 0.200754 3.094985 2.681644 0.345103 3.208841 2.606779 0.334066 3.169718 2.510274 0.521239 3.054193 2.584480 0.535074 3.236899 3.486090 0.007397 3.208722 3.545764 0.008461 3.193500 3.538619 0.006033 3.221677 3.478946 0.004969 
3.230657 2.739895 0.012372 3.325023 2.653415 0.060394 3.222536 2.654110 0.251940 3.128718 2.741409 0.200744 3.094907 2.681669 0.345366 3.208762 2.606799 0.334353 3.169647 2.510367 0.521565 3.054123 2.584579 0.535377 3.236896 3.486091 0.007396 3.208717 3.545764 0.008456 3.193495 3.538618 0.006028 3.221674 3.478946 0.004968 
3.230668 2.739926 0.012379 3.325045 2.653461 0.060406 3.222536 2.654122 0.251939 3.128707 2.741407 0.200739 3.094859 2.681699 0.345443 3.208712 2.606824 0.334441 3.169589 2.510416 0.521665 3.054067 2.584633 0.535464 3.236896 3.486091 0.007396 3.208716 3.545764 0.008454 3.193494 3.538618 0.006026 3.221674 3.478946 0.004968 
3.230668 2.739927 0.012377 3.325045 2.653464 0.060408 3.222531 2.654126 0.251939 3.128701 2.741408 0.200734 3.094848 2.681705 0.345451 3.208701 2.606829 0.334455 3.169573 2.510427 0.521680 3.054050 2.584645 0.535474 3.236893 3.486091 0.007396 3.208713 3.545764 0.008452 3.193491 3.538618 0.006024 3.221671 3.478946 0.004968 
3.230668 2.739927 0.012376 3.325045 2.653466 0.060410 3.222526 2.654130 0.251938 3.128697 2.741410 0.200730 3.094835 2.681711 0.345455 3.208688 2.606835 0.334463 3.169556 2.510436 0.521689 3.054033 2.584655 0.535479 3.236893 3.486091 0.007395 3.208713 3.545763 0.008452 3.193491 3.538618 0.006024 3.221671 3.478946 0.004967 
3.230668 2.739928 0.012374 3.325044 2.653468 0.060412 3.222521 2.654134 0.251938 3.128693 2.741413 0.200727 3.094826 2.681717 0.345455 3.208679 2.606840 0.334466 3.169542 2.510445 0.521694 3.054020 2.584664 0.535480 3.236893 3.486091 0.007395 3.208712 3.545763 0.008451 3.193491 3.538618 0.006023 3.221671 3.478946 0.004967 
3.230668 2.739928 0.012373 3.325043 2.653469 0.060414 3.222516 2.654138 0.251937 3.128688 2.741416 0.200723 3.094817 2.681722 0.345455 3.208670 2.606844 0.334470 3.169529 2.510453 0.521698 3.054007 2.584673 0.535481 3.236892 3.486091 0.007394 3.208712 3.545763 0.008450 3.193490 3.538618 0.006022 3.221671 3.478945 0.004966 
3.230672 2.739995 0.012377 3.325049 2.653532 0.060409 3.222512 2.654167 0.251928 3.128684 2.741449 0.200722 3.094783 2.681745 0.345568 3.208635 2.606865 0.334590 3.169496 2.510497 0.521831 3.053974 2.584721 0.535606 3.236887 3.486091 0.007394 3.208707 3.545763 0.008447 3.193485 3.538618 0.006019 3.221665 3.478945 0.004966 
3.230678 2.740064 0.012380 3.325070 2.653611 0.060400 3.222535 2.654202 0.251920 3.128691 2.741475 0.200727 3.094754 2.681762 0.345797 3.208607 2.606880 0.334833 3.169479 2.510560 0.522100 3.053958 2.584785 0.535863 3.236884 3.486091 0.007394 3.208704 3.545763 0.008445 3.193482 3.538617 0.006017 3.221662 3.478945 0.004966 
3.230683 2.740134 0.012384 3.325088 2.653687 0.060390 3.222550 2.654231 0.251908 3.128693 2.741498 0.200729 3.094731 2.681770 0.346042 3.208584 2.606889 0.335093 3.169470 2.510622 0.522391 3.053947 2.584848 0.536138 3.236878 3.486091 0.007394 3.208697 3.545763 0.008442 3.193475 3.538617 0.006014 3.221656 3.478945 0.004966 
3.230682 2.740135 0.012381 3.325084 2.653693 0.060401 3.222528 2.654245 0.251910 3.128674 2.741507 0.200716 3.094711 2.681773 0.346089 3.208568 2.606892 0.335170 3.169429 2.510658 0.522479 3.053902 2.584884 0.536197 3.236877 3.486092 0.007393 3.208695 3.545763 0.008441 3.193473 3.538616 0.006013 3.221656 3.478945 0.004965 
3.230682 2.740136 0.012379 3.325083 2.653698 0.060408 3.222513 2.654254 0.251910 3.128661 2.741512 0.200707 3.094679 2.681789 0.346100 3.208536 2.606906 0.335191 3.169385 2.510683 0.522504 3.053859 2.584911 0.536211 3.236875 3.486092 0.007393 3.208692 3.545763 0.008440 3.193470 3.538616 0.006012 3.221653 3.478945 0.004965 
3.230681 2.740137 0.012376 3.325078 2.653702 0.060418 3.222492 2.654267 0.251911 3.128644 2.741522 0.200696 3.094639 2.681806 0.346116 3.208495 2.606920 0.335223 3.169328 2.510715 0.522541 3.053802 2.584946 0.536232 3.236874 3.486092 0.007393 3.208690 3.545762 0.008439 3.193469 3.538616 0.006011 3.221653 3.478945 0.004965 
3.230680 2.740138 0.012374 3.325075 2.653705 0.060425 3.222478 2.654276 0.251912 3.128632 2.741528 0.200688 3.094607 2.681819 0.346135 3.208463 2.606931 0.335253 3.169286 2.510740 0.522577 3.053760 2.584974 0.536257 3.236874 3.486092 0.007393 3.208690 3.545762 0.008438 3.193468 3.538615 0.006010 3.221653 3.478945 0.004965 
3.230680 2.740138 0.012373 3.325073 2.653709 0.060431 3.222467 2.654284 0.251912 3.128622 2.741534 0.200681 3.094590 2.681821 0.346169 3.208447 2.606933 0.335302 3.169259 2.510763 0.522635 3.053732 2.584997 0.536299 3.236874 3.486092 0.007392 3.208689 3.545762 0.008437 3.193468 3.538615 0.006010 3.221653 3.478945 0.004965 
3.230692 2.740301 0.012383 3.325093 2.653862 0.060409 3.222475 2.654342 0.251885 3.128623 2.741603 0.200686 3.094517 2.681873 0.346518 3.208370 2.606975 0.335660 3.169204 2.510870 0.523030 3.053682 2.585115 0.536686 3.236869 3.486092 0.007392 3.208686 3.545763 0.008432 3.193464 3.538616 0.006004 3.221648 3.478945 0.004964 
3.230784 2.740899 0.012321 3.325137 2.654336 0.060217 3.222381 2.654395 0.251620 3.128579 2.741786 0.200552 3.094380 2.681964 0.347090 3.208222 2.607049 0.336245 3.169090 2.511047 0.523675 3.053579 2.585310 0.537319 3.236858 3.486091 0.007391 3.208684 3.545767 0.008416 3.193462 3.538622 0.005990 3.221636 3.478946 0.004964 
3.230807 2.741028 0.012342 3.325253 2.654575 0.060256 3.222500 2.654568 0.251660 3.128605 2.741850 0.200575 3.094068 2.682135 0.348143 3.207880 2.607171 0.337329 3.168814 2.511404 0.524893 3.053334 2.585721 0.538508 3.236854 3.486093 0.007391 3.208679 3.545768 0.008400 3.193457 3.538623 0.005973 3.221632 3.478947 0.004964 
3.230812 2.741121 0.012349 3.325259 2.654680 0.060283 3.222470 2.654665 0.251668 3.128574 2.741934 0.200563 3.093939 2.682158 0.348772 3.207750 2.607183 0.338018 3.168709 2.511606 0.525684 3.053230 2.585936 0.539240 3.236850 3.486094 0.007391 3.208673 3.545769 0.008391 3.193451 3.538622 0.005964 3.221629 3.478947 0.004964 
3.230814 2.741189 0.012353 3.325238 2.654730 0.060299 3.222402 2.654704 0.251658 3.128530 2.741992 0.200542 3.093878 2.682181 0.348916 3.207692 2.607204 0.338210 3.168619 2.511696 0.525905 3.053137 2.586030 0.539412 3.236847 3.486095 0.007391 3.208669 3.545769 0.008386 3.193448 3.538622 0.005959 3.221626 3.478948 0.004964 
3.230814 2.741191 0.012352 3.325232 2.654733 0.060310 3.222381 2.654717 0.251662 3.128514 2.742004 0.200533 3.093845 2.682202 0.348916 3.207659 2.607222 0.338223 3.168571 2.511727 0.525921 3.053089 2.586063 0.539415 3.236847 3.486095 0.007391 3.208669 3.545769 0.008384 3.193447 3.538622 0.005957 3.221626 3.478948 0.004964 
3.230818 2.741252 0.012357 3.325222 2.654770 0.060300 3.222355 2.654719 0.251644 3.128504 2.742031 0.200530 3.093839 2.682209 0.348928 3.207652 2.607229 0.338237 3.168562 2.511735 0.525935 3.053080 2.586072 0.539427 3.236845 3.486095 0.007391 3.208668 3.545769 0.008382 3.193447 3.538623 0.005956 3.221624 3.478948 0.004964 
3.230823 2.741323 0.012362 3.325223 2.654833 0.060298 3.222348 2.654760 0.251637 3.128501 2.742080 0.200530 3.093803 2.682248 0.349036 3.207614 2.607264 0.338351 3.168524 2.511790 0.526059 3.053044 2.586131 0.539546 3.236841 3.486095 0.007390 3.208665 3.545770 0.008377 3.193443 3.538623 0.005951 3.221620 3.478948 0.004964 
3.230823 2.741324 0.012361 3.325223 2.654836 0.060302 3.222344 2.654767 0.251638 3.128497 2.742085 0.200527 3.093789 2.682256 0.349046 3.207600 2.607270 0.338365 3.168506 2.511802 0.526076 3.053027 2.586145 0.539558 3.236841 3.486095 0.007390 3.208664 3.545770 0.008377 3.193443 3.538623 0.005950 3.221619 3.478948 0.004964 
3.230823 2.741324 0.012360 3.325223 2.654836 0.060301 3.222343 2.654768 0.251638 3.128496 2.742086 0.200526 3.093785 2.682257 0.349048 3.207596 2.607271 0.338368 3.168501 2.511804 0.526079 3.053022 2.586147 0.539560 3.236841 3.486095 0.007390 3.208664 3.545770 0.008376 3.193443 3.538623 0.005950 3.221619 3.478948 0.004964 
3.230827 2.741383 0.012364 3.325227 2.654889 0.060295 3.222343 2.654791 0.251628 3.128496 2.742116 0.200527 3.093763 2.682278 0.349138 3.207572 2.607290 0.338460 3.168481 2.511837 0.526179 3.053004 2.586182 0.539658 3.236837 3.486094 0.007390 3.208661 3.545770 0.008374 3.193439 3.538623 0.005948 3.221615 3.478948 0.004964 
