-0.034499 -0.465109 0.004890 -0.061835 -0.612160 0.004113 0.072509 -0.584547 0.003828 0.010513 -0.676321 0.003492 
-0.034828 -0.465131 0.004947 -0.061950 -0.611746 0.004157 0.072396 -0.584133 0.003850 0.010195 -0.676347 0.003512 
-0.034774 -0.465116 0.004946 -0.061916 -0.611914 0.004230 0.072429 -0.584302 0.003953 0.010245 -0.676333 0.003648 
-0.033167 -0.464624 0.004981 -0.062537 -0.608522 0.003728 0.071853 -0.581030 0.003711 0.011706 -0.675832 0.002966 
-0.033052 -0.464594 0.004978 -0.062568 -0.608376 0.003845 0.071824 -0.580884 0.003829 0.011824 -0.675800 0.003154 
-0.033746 -0.464813 0.004634 -0.062562 -0.608508 0.003795 0.071839 -0.581067 0.003582 0.011057 -0.676055 0.003149 
-0.032817 -0.464621 0.004663 -0.062750 -0.607610 0.003911 0.071656 -0.580163 0.003718 0.012001 -0.675838 0.003319 
-0.033619 -0.464621 0.004832 -0.063748 -0.604383 0.004038 0.070742 -0.577259 0.003451 0.010757 -0.675946 0.003114 
-0.030350 -0.463912 0.004576 -0.064213 -0.601890 0.003677 0.070321 -0.574908 0.003302 0.013807 -0.675210 0.002785 
-0.027692 -0.463377 0.004605 -0.064596 -0.600014 0.003815 0.069946 -0.573015 0.003471 0.016494 -0.674608 0.002985 
-0.026345 -0.463144 0.004401 -0.064991 -0.598458 0.003986 0.069551 -0.571413 0.003346 0.017925 -0.674326 0.003157 
-0.023158 -0.462442 0.004505 -0.065844 -0.594522 0.004125 0.068719 -0.567463 0.003368 0.021164 -0.673536 0.003151 
-0.020943 -0.462049 0.004330 -0.066447 -0.592209 0.004246 0.068135 -0.565177 0.003250 0.023352 -0.673097 0.003237 
-0.017295 -0.461319 0.004370 -0.066991 -0.589555 0.004357 0.067604 -0.562498 0.003415 0.027041 -0.672272 0.003389 
-0.014261 -0.460711 0.004423 -0.067482 -0.587146 0.004496 0.067124 -0.560067 0.003558 0.030114 -0.671586 0.003548 
-0.015903 -0.461123 0.004008 -0.067479 -0.587865 0.004909 0.067103 -0.560722 0.003252 0.028591 -0.672008 0.003963 
-0.017615 -0.461056 0.004418 -0.069144 -0.581626 0.005165 0.065490 -0.554606 0.002812 0.026810 -0.671982 0.003335 
-0.014734 -0.460479 0.004444 -0.069451 -0.580148 0.005238 0.065191 -0.553109 0.003009 0.029711 -0.671334 0.003483 
-0.012832 -0.460065 0.004528 -0.069703 -0.578851 0.005401 0.064946 -0.551806 0.003177 0.031622 -0.670875 0.003658 
-0.012116 -0.459920 0.004698 -0.069903 -0.577833 0.005715 0.064751 -0.550797 0.003342 0.032336 -0.670714 0.003912 
-0.012050 -0.459905 0.004896 -0.070044 -0.577087 0.006078 0.064611 -0.550051 0.003492 0.032417 -0.670695 0.004185 
-0.012042 -0.459902 0.005072 -0.070130 -0.576622 0.006394 0.064525 -0.549587 0.003628 0.032435 -0.670689 0.004428 
-0.012036 -0.459899 0.005221 -0.070155 -0.576459 0.006655 0.064498 -0.549425 0.003750 0.032445 -0.670686 0.004639 
-0.012025 -0.459895 0.005346 -0.070134 -0.576539 0.006862 0.064517 -0.549505 0.003860 0.032453 -0.670682 0.004817 
-0.012003 -0.459889 0.005444 -0.070077 -0.576802 0.007016 0.064571 -0.549770 0.003959 0.032469 -0.670677 0.004964 
-0.011977 -0.459882 0.005515 -0.069984 -0.577257 0.007118 0.064661 -0.550225 0.004047 0.032485 -0.670673 0.005083 
-0.011962 -0.459878 0.005564 -0.069855 -0.577896 0.007175 0.064787 -0.550866 0.004126 0.032486 -0.670671 0.005177 
-0.011955 -0.459875 0.005592 -0.069692 -0.578713 0.007185 0.064946 -0.551685 0.004198 0.032475 -0.670673 0.005246 
-0.011950 -0.459873 0.005599 -0.069498 -0.579692 0.007150 0.065136 -0.552665 0.004263 0.032458 -0.670675 0.005290 
-0.011945 -0.459871 0.005584 -0.069277 -0.580820 0.007068 0.065354 -0.553794 0.004321 0.032438 -0.670678 0.005310 
-0.011937 -0.459869 0.005547 -0.069029 -0.582086 0.006939 0.065597 -0.555062 0.004375 0.032417 -0.670682 0.005305 
-0.011929 -0.459867 0.005490 -0.068756 -0.583485 0.006762 0.065865 -0.556462 0.004423 0.032395 -0.670686 0.005277 
-0.011994 -0.459879 0.005417 -0.068458 -0.585018 0.006551 0.066159 -0.557996 0.004468 0.032296 -0.670707 0.005234 
-0.012313 -0.459946 0.005359 -0.068120 -0.586678 0.006360 0.066494 -0.559677 0.004520 0.031915 -0.670796 0.005208 
-0.012525 -0.460002 0.005289 -0.067739 -0.588469 0.006137 0.066876 -0.561514 0.004588 0.031598 -0.670881 0.005179 
-0.013415 -0.460178 0.005230 -0.067365 -0.590364 0.005960 0.067242 -0.563416 0.004625 0.030671 -0.671085 0.005152 
-0.014312 -0.460355 0.005154 -0.066967 -0.592375 0.005758 0.067630 -0.565435 0.004669 0.029734 -0.671292 0.005120 
-0.016105 -0.460711 0.005139 -0.066579 -0.594316 0.005662 0.068010 -0.567389 0.004697 0.027906 -0.671697 0.005110 
-0.018076 -0.461102 0.005121 -0.066179 -0.596311 0.005568 0.068401 -0.569399 0.004723 0.025900 -0.672141 0.005098 
-0.020192 -0.461521 0.005101 -0.065771 -0.598345 0.005472 0.068799 -0.571448 0.004749 0.023750 -0.672618 0.005082 
-0.021781 -0.461837 0.005052 -0.065362 -0.600406 0.005297 0.069198 -0.573520 0.004807 0.022122 -0.672978 0.005039 
-0.022743 -0.462028 0.004970 -0.064957 -0.602473 0.005031 0.069593 -0.575596 0.004904 0.021119 -0.673200 0.004964 
-0.025891 -0.462652 0.004972 -0.064539 -0.604532 0.005024 0.070002 -0.577677 0.004910 0.017940 -0.673905 0.004966 
-0.032885 -0.464064 0.004530 -0.064395 -0.607176 0.004939 0.070154 -0.580452 0.004200 0.010786 -0.675507 0.004669 
-0.035331 -0.464195 0.004878 -0.064914 -0.604576 0.004490 0.069694 -0.578078 0.003872 0.008060 -0.675753 0.003821 
-0.036507 -0.464408 0.004686 -0.064594 -0.605691 0.003999 0.070024 -0.579281 0.003720 0.006742 -0.676024 0.003389 
-0.040121 -0.465167 0.004564 -0.063911 -0.609318 0.004117 0.070687 -0.582918 0.003777 0.003093 -0.676876 0.003655 
-0.042549 -0.465588 0.004545 -0.063558 -0.611026 0.003982 0.071045 -0.584710 0.003756 0.000534 -0.677382 0.003541 
-0.045114 -0.466045 0.004644 -0.063235 -0.612593 0.003958 0.071363 -0.586304 0.003816 -0.002070 -0.677906 0.003513 
-0.047918 -0.466589 0.004676 -0.062762 -0.614969 0.004035 0.071825 -0.588700 0.003921 -0.004912 -0.678525 0.003650 
-0.050499 -0.467090 0.004707 -0.062318 -0.617202 0.004101 0.072259 -0.590951 0.004028 -0.007531 -0.679095 0.003770 
-0.043518 -0.465551 0.004784 -0.061925 -0.615403 0.003033 0.072662 -0.589204 0.004555 -0.000669 -0.677428 0.002946 
-0.045544 -0.466186 0.004398 -0.061261 -0.619167 0.002963 0.073290 -0.592902 0.004584 -0.002639 -0.678102 0.003084 
-0.045464 -0.466047 0.004421 -0.061277 -0.618404 0.002439 0.073296 -0.592259 0.004468 -0.002721 -0.677994 0.002493 
-0.048375 -0.466658 0.004326 -0.060667 -0.621344 0.002622 0.073892 -0.595215 0.004566 -0.005679 -0.678687 0.002734 
-0.049975 -0.467026 0.004190 -0.059938 -0.624324 0.002722 0.074596 -0.598178 0.004786 -0.007291 -0.679100 0.002979 
-0.048549 -0.466570 0.004459 -0.060097 -0.622426 0.002211 0.074453 -0.596360 0.004865 -0.005950 -0.678627 0.002402 
-0.046940 -0.466761 0.003714 -0.058739 -0.628494 0.002110 0.075762 -0.602426 0.005369 -0.004487 -0.678826 0.002921 
-0.053455 -0.467913 0.004247 -0.059856 -0.625206 0.002139 0.074575 -0.598601 0.004803 -0.009994 -0.679891 0.002307 
-0.057439 -0.468698 0.004243 -0.059623 -0.626332 0.002396 0.074809 -0.599745 0.004807 -0.013980 -0.680771 0.002485 
-0.061417 -0.469482 0.004249 -0.059562 -0.626607 0.002634 0.074876 -0.600040 0.004824 -0.017944 -0.681645 0.002651 
-0.064299 -0.469854 0.004412 -0.060181 -0.623759 0.002501 0.074306 -0.597350 0.004593 -0.020973 -0.682110 0.002268 
-0.066163 -0.470258 0.004254 -0.059978 -0.624613 0.002658 0.074509 -0.598236 0.004771 -0.022883 -0.682573 0.002531 
-0.065404 -0.470101 0.003876 -0.059621 -0.625636 0.002467 0.074860 -0.599298 0.005029 -0.022213 -0.682424 0.002558 
-0.066677 -0.470358 0.003865 -0.059502 -0.626078 0.002584 0.074980 -0.599772 0.005264 -0.023528 -0.682722 0.002724 
-0.067481 -0.470704 0.003499 -0.058727 -0.628825 0.002722 0.075733 -0.602515 0.005608 -0.024375 -0.683105 0.003091 
-0.065832 -0.470300 0.003511 -0.058815 -0.626819 0.002241 0.075675 -0.600670 0.005714 -0.022940 -0.682714 0.002589 
-0.068051 -0.470781 0.003619 -0.058604 -0.627115 0.002491 0.075950 -0.601299 0.005869 -0.025658 -0.683358 0.002778 
-0.068182 -0.470914 0.003544 -0.058107 -0.628330 0.002641 0.076497 -0.602843 0.006245 -0.026328 -0.683618 0.003040 
-0.069855 -0.471257 0.003670 -0.057999 -0.628496 0.002855 0.076640 -0.603203 0.006479 -0.028285 -0.684062 0.003220 
-0.070561 -0.471423 0.003833 -0.057909 -0.628357 0.003052 0.076777 -0.603336 0.006831 -0.029400 -0.684333 0.003414 
-0.072265 -0.471743 0.003943 -0.057956 -0.628069 0.003228 0.076735 -0.603079 0.007079 -0.031122 -0.684697 0.003559 
-0.073095 -0.471898 0.004081 -0.058014 -0.627784 0.003387 0.076674 -0.602809 0.007487 -0.031956 -0.684872 0.003731 
-0.073561 -0.471985 0.004225 -0.058050 -0.627637 0.003531 0.076630 -0.602674 0.007990 -0.032429 -0.684971 0.003907 
-0.072874 -0.471857 0.004421 -0.058080 -0.627557 0.003662 0.076582 -0.602601 0.008684 -0.031753 -0.684830 0.004130 
-0.072247 -0.471740 0.004610 -0.058123 -0.627422 0.003780 0.076519 -0.602469 0.009372 -0.031133 -0.684699 0.004344 
-0.071229 -0.471553 0.004820 -0.058192 -0.627116 0.003887 0.076427 -0.602181 0.010106 -0.030143 -0.684493 0.004575 
-0.070735 -0.471460 0.004996 -0.058309 -0.626602 0.003984 0.076287 -0.601669 0.010765 -0.029640 -0.684387 0.004772 
-0.069982 -0.471320 0.005190 -0.058471 -0.625858 0.004073 0.076097 -0.600926 0.011467 -0.028874 -0.684226 0.004986 
-0.069560 -0.471241 0.005361 -0.058665 -0.624939 0.004153 0.075875 -0.600011 0.012144 -0.028437 -0.684134 0.005176 
-0.068873 -0.471114 0.005554 -0.058910 -0.623756 0.004229 0.075600 -0.598831 0.012844 -0.027730 -0.683986 0.005387 
0.075084 -0.595226 0.014033 -0.368768 -0.866907 0.004770 0.010380 -0.735417 0.013073 0.008679 -0.729248 0.012611 -0.065162 -0.470470 0.006260 -0.162448 -0.580572 0.004690 
0.075266 -0.590829 0.014622 -0.368849 -0.867342 0.004780 0.008229 -0.734570 0.012073 0.010840 -0.726769 0.012830 -0.063877 -0.470238 0.006484 -0.161423 -0.579183 0.004720 
0.074772 -0.587215 0.014714 -0.367431 -0.869260 0.004834 0.010573 -0.731467 0.013787 0.009088 -0.728008 0.013360 -0.063887 -0.470202 0.006517 -0.160023 -0.577149 0.004741 
0.074114 -0.583563 0.014692 -0.365985 -0.871451 0.004931 0.013333 -0.729238 0.015393 0.008007 -0.728964 0.013852 -0.063666 -0.470136 0.006539 -0.158202 -0.574561 0.004759 
0.073383 -0.579751 0.014535 -0.364974 -0.872850 0.005022 0.016405 -0.727419 0.016791 0.007550 -0.729530 0.014216 -0.063757 -0.470153 0.006513 -0.156120 -0.571620 0.004773 
0.072651 -0.575917 0.014345 -0.362590 -0.876417 0.005307 0.019293 -0.726152 0.018336 0.006741 -0.730583 0.014683 -0.063860 -0.470173 0.006478 -0.153986 -0.568734 0.004796 
0.071970 -0.572321 0.014103 -0.361473 -0.878818 0.006053 0.022543 -0.725598 0.019922 0.006258 -0.731941 0.015173 -0.064302 -0.470260 0.006407 -0.152424 -0.567184 0.004955 
0.071348 -0.569025 0.013854 -0.359543 -0.882492 0.007425 0.024852 -0.727769 0.021060 0.006541 -0.733548 0.015717 -0.064895 -0.470377 0.006327 -0.151455 -0.567179 0.005258 
0.070754 -0.565924 0.013707 -0.357707 -0.886620 0.009163 0.026566 -0.730782 0.022212 0.006711 -0.735412 0.016410 -0.065090 -0.470415 0.006292 -0.150952 -0.567898 0.005642 
0.070177 -0.562947 0.013627 -0.356388 -0.890089 0.010932 0.027593 -0.733365 0.023229 0.006650 -0.737093 0.017104 -0.065083 -0.470413 0.006282 -0.150681 -0.568668 0.006036 
0.069616 -0.560074 0.013581 -0.355670 -0.892305 0.012469 0.028108 -0.734883 0.024062 0.006331 -0.738397 0.017707 -0.065069 -0.470409 0.006278 -0.150453 -0.569085 0.006382 
0.069079 -0.557337 0.013564 -0.355258 -0.893465 0.013699 0.028386 -0.735585 0.024786 0.005820 -0.739410 0.018231 -0.065055 -0.470406 0.006277 -0.150187 -0.569099 0.006654 
0.068584 -0.554827 0.013574 -0.354960 -0.894124 0.014710 0.028601 -0.735938 0.025482 0.005189 -0.740332 0.018724 -0.065045 -0.470403 0.006280 -0.149938 -0.568980 0.006875 
0.068145 -0.552614 0.013613 -0.354704 -0.894698 0.015531 0.028780 -0.736252 0.026112 0.004630 -0.741146 0.019174 -0.065045 -0.470402 0.006287 -0.149723 -0.568876 0.007052 
0.067767 -0.550730 0.013679 -0.354476 -0.895282 0.016139 0.028936 -0.736615 0.026642 0.004243 -0.741798 0.019562 -0.065056 -0.470404 0.006297 -0.149522 -0.568785 0.007180 
0.067453 -0.549182 0.013775 -0.354279 -0.895843 0.016530 0.029068 -0.736987 0.027081 0.003994 -0.742299 0.019887 -0.065075 -0.470407 0.006311 -0.149341 -0.568705 0.007259 
0.067201 -0.547968 0.013902 -0.354115 -0.896319 0.016708 0.029169 -0.737299 0.027448 0.003815 -0.742684 0.020158 -0.065092 -0.470410 0.006331 -0.149193 -0.568636 0.007291 
0.067004 -0.547052 0.014064 -0.354000 -0.896662 0.016680 0.029233 -0.737518 0.027755 0.003656 -0.742982 0.020378 -0.065106 -0.470412 0.006363 -0.149086 -0.568581 0.007282 
0.066870 -0.546476 0.014260 -0.353937 -0.896862 0.016440 0.029252 -0.737635 0.028000 0.003521 -0.743181 0.020547 -0.065115 -0.470414 0.006401 -0.149027 -0.568545 0.007228 
0.066802 -0.546248 0.014490 -0.353923 -0.896939 0.015982 0.029228 -0.737673 0.028176 0.003428 -0.743274 0.020662 -0.065124 -0.470416 0.006444 -0.149013 -0.568530 0.007125 
0.066786 -0.546313 0.014755 -0.353943 -0.896913 0.015319 0.029167 -0.737637 0.028296 0.003362 -0.743284 0.020730 -0.065132 -0.470417 0.006494 -0.149037 -0.568534 0.006979 
0.066808 -0.546594 0.015059 -0.354011 -0.896731 0.014483 0.029064 -0.737483 0.028394 0.003256 -0.743253 0.020775 -0.065132 -0.470417 0.006551 -0.149105 -0.568551 0.006794 
0.066871 -0.547104 0.015401 -0.354110 -0.896483 0.013459 0.028935 -0.737292 0.028450 0.003197 -0.743142 0.020786 -0.065134 -0.470418 0.006614 -0.149198 -0.568580 0.006567 
0.066972 -0.547842 0.015784 -0.354224 -0.896213 0.012237 0.028787 -0.737100 0.028457 0.003216 -0.742937 0.020760 -0.065140 -0.470419 0.006684 -0.149306 -0.568618 0.006295 
0.067111 -0.548799 0.016210 -0.354359 -0.895902 0.010819 0.028618 -0.736890 0.028421 0.003296 -0.742647 0.020704 -0.065150 -0.470421 0.006760 -0.149433 -0.568666 0.005978 
0.067283 -0.549960 0.016682 -0.354514 -0.895516 0.009198 0.028419 -0.736627 0.028349 0.003412 -0.742280 0.020622 -0.065162 -0.470424 0.006844 -0.149578 -0.568712 0.005615 
0.067483 -0.551308 0.017202 -0.354705 -0.894987 0.007363 0.028178 -0.736253 0.028241 0.003544 -0.741824 0.020514 -0.065175 -0.470426 0.006937 -0.149736 -0.568729 0.005202 
0.067707 -0.552809 0.017768 -0.356004 -0.893357 0.005794 0.026870 -0.736716 0.027669 0.003936 -0.741136 0.020357 -0.065168 -0.470425 0.007039 -0.150461 -0.569632 0.004893 
0.067915 -0.554009 0.018392 -0.357327 -0.893193 0.005698 0.024612 -0.737494 0.027778 0.002455 -0.742187 0.020734 -0.064601 -0.470300 0.007208 -0.152253 -0.572122 0.004897 
0.068079 -0.555252 0.018989 -0.359871 -0.893482 0.005695 0.021190 -0.738908 0.027533 0.000701 -0.742989 0.021007 -0.064027 -0.470185 0.007378 -0.154235 -0.574214 0.004901 
0.068217 -0.556362 0.019561 -0.362379 -0.893852 0.005683 0.017907 -0.740529 0.027196 -0.000689 -0.743562 0.021238 -0.063393 -0.470058 0.007557 -0.156071 -0.576129 0.004904 
0.068324 -0.557304 0.020102 -0.364285 -0.894574 0.005673 0.015199 -0.742181 0.026907 -0.001612 -0.744009 0.021470 -0.062665 -0.469913 0.007745 -0.157621 -0.577909 0.004907 
0.068388 -0.557901 0.020591 -0.365941 -0.893313 0.005481 0.013190 -0.743345 0.026287 -0.001292 -0.743516 0.021534 -0.061720 -0.469719 0.007952 -0.158682 -0.579375 0.004916 
0.068391 -0.558222 0.021002 -0.366481 -0.893259 0.005444 0.012102 -0.743901 0.026200 -0.001352 -0.743419 0.021749 -0.060667 -0.469507 0.008162 -0.159312 -0.580202 0.004917 
0.068356 -0.558186 0.021186 -0.366834 -0.893502 0.005441 0.011588 -0.744298 0.026228 -0.001523 -0.743532 0.021871 -0.060313 -0.469436 0.008245 -0.159600 -0.580551 0.004918 
0.068306 -0.557906 0.021232 -0.366812 -0.893666 0.005447 0.011517 -0.744380 0.026243 -0.001479 -0.743513 0.021914 -0.060257 -0.469419 0.008262 -0.159547 -0.580504 0.004919 
0.068224 -0.557478 0.021214 -0.366919 -0.893531 0.005429 0.011553 -0.744232 0.026152 -0.001239 -0.743258 0.021881 -0.060287 -0.469425 0.008256 -0.159338 -0.580197 0.004919 
0.068130 -0.556974 0.021178 -0.367030 -0.893393 0.005412 0.011649 -0.744198 0.026047 -0.000900 -0.742948 0.021838 -0.060328 -0.469433 0.008245 -0.159062 -0.579792 0.004920 
0.068030 -0.556440 0.021140 -0.366999 -0.893429 0.005420 0.011740 -0.744268 0.025971 -0.000600 -0.742698 0.021811 -0.060375 -0.469442 0.008232 -0.158769 -0.579361 0.004921 
0.067932 -0.555917 0.021108 -0.366785 -0.893692 0.005460 0.011805 -0.744417 0.025954 -0.000423 -0.742576 0.021815 -0.060422 -0.469452 0.008220 -0.158499 -0.578963 0.004921 
0.067844 -0.555459 0.021089 -0.366659 -0.893848 0.005486 0.011872 -0.744567 0.025960 -0.000291 -0.742496 0.021828 -0.060469 -0.469461 0.008210 -0.158286 -0.578648 0.004922 
0.067774 -0.555100 0.021083 -0.366661 -0.893848 0.005489 0.011927 -0.744690 0.025966 -0.000175 -0.742424 0.021840 -0.060508 -0.469469 0.008204 -0.158137 -0.578429 0.004921 
0.067726 -0.554859 0.021083 -0.366670 -0.893838 0.005490 0.011962 -0.744781 0.025975 -0.000103 -0.742382 0.021852 -0.060536 -0.469474 0.008200 -0.158043 -0.578289 0.004921 
0.067702 -0.554741 0.021088 -0.366676 -0.893832 0.005490 0.011975 -0.744812 0.025989 -0.000086 -0.742375 0.021863 -0.060545 -0.469476 0.008199 -0.158005 -0.578233 0.004921 
0.067699 -0.554725 0.021092 -0.366677 -0.893831 0.005489 0.011974 -0.744810 0.025996 -0.000090 -0.742378 0.021869 -0.060545 -0.469476 0.008200 -0.158003 -0.578230 0.004920 
0.067699 -0.554725 0.021091 -0.366677 -0.893832 0.005489 0.011974 -0.744811 0.025994 -0.000090 -0.742378 0.021867 -0.060545 -0.469476 0.008201 -0.158003 -0.578230 0.004921 
0.067699 -0.554726 0.021090 -0.366676 -0.893832 0.005489 0.011974 -0.744811 0.025992 -0.000090 -0.742379 0.021865 -0.060545 -0.469476 0.008201 -0.158003 -0.578230 0.004921 
0.067699 -0.554726 0.021090 -0.366675 -0.893834 0.005489 0.011974 -0.744812 0.025990 -0.000090 -0.742379 0.021863 -0.060545 -0.469476 0.008202 -0.158003 -0.578230 0.004922 
0.067700 -0.554726 0.021089 -0.366674 -0.893835 0.005489 0.011974 -0.744813 0.025988 -0.000090 -0.742379 0.021862 -0.060545 -0.469476 0.008202 -0.158003 -0.578230 0.004922 
0.067700 -0.554726 0.021088 -0.366672 -0.893838 0.005489 0.011973 -0.744813 0.025987 -0.000090 -0.742380 0.021860 -0.060544 -0.469476 0.008203 -0.158003 -0.578230 0.004923 
0.067700 -0.554729 0.021087 -0.366664 -0.893849 0.005490 0.011973 -0.744815 0.025986 -0.000092 -0.742382 0.021860 -0.060544 -0.469476 0.008203 -0.158002 -0.578230 0.004923 
0.067702 -0.554734 0.021085 -0.366644 -0.893873 0.005493 0.011971 -0.744818 0.025986 -0.000097 -0.742386 0.021859 -0.060544 -0.469475 0.008203 -0.158002 -0.578228 0.004923 
0.067704 -0.554743 0.021083 -0.366611 -0.893914 0.005499 0.011967 -0.744823 0.025987 -0.000104 -0.742394 0.021859 -0.060543 -0.469475 0.008203 -0.158000 -0.578226 0.004923 
0.067707 -0.554755 0.021080 -0.366568 -0.893967 0.005506 0.011963 -0.744830 0.025988 -0.000113 -0.742404 0.021859 -0.060542 -0.469475 0.008203 -0.157998 -0.578224 0.004924 
0.067711 -0.554773 0.021076 -0.366529 -0.894015 0.005513 0.011960 -0.744836 0.025986 -0.000118 -0.742409 0.021857 -0.060541 -0.469475 0.008203 -0.157997 -0.578221 0.004924 
0.067717 -0.554798 0.021071 -0.366494 -0.894059 0.005519 0.011958 -0.744841 0.025982 -0.000118 -0.742410 0.021854 -0.060541 -0.469475 0.008202 -0.157995 -0.578219 0.004924 
0.067724 -0.554829 0.021065 -0.366458 -0.894103 0.005525 0.011957 -0.744847 0.025975 -0.000115 -0.742408 0.021849 -0.060540 -0.469475 0.008201 -0.157994 -0.578217 0.004924 
0.067733 -0.554869 0.021058 -0.366420 -0.894151 0.005531 0.011956 -0.744853 0.025966 -0.000108 -0.742404 0.021843 -0.060540 -0.469474 0.008199 -0.157992 -0.578215 0.004924 
0.067744 -0.554917 0.021049 -0.366374 -0.894207 0.005538 0.011955 -0.744861 0.025954 -0.000099 -0.742397 0.021835 -0.060539 -0.469474 0.008198 -0.157990 -0.578213 0.004924 
0.067757 -0.554975 0.021039 -0.366323 -0.894270 0.005547 0.011954 -0.744869 0.025941 -0.000088 -0.742389 0.021826 -0.060539 -0.469474 0.008196 -0.157988 -0.578210 0.004924 
0.067773 -0.555046 0.021027 -0.366275 -0.894329 0.005555 0.011953 -0.744874 0.025923 -0.000073 -0.742377 0.021815 -0.060538 -0.469474 0.008194 -0.157989 -0.578211 0.004924 
0.067792 -0.555132 0.021014 -0.366234 -0.894379 0.005561 0.011954 -0.744876 0.025902 -0.000053 -0.742359 0.021801 -0.060537 -0.469474 0.008191 -0.157992 -0.578216 0.004925 
0.067815 -0.555233 0.021000 -0.366194 -0.894429 0.005567 0.011954 -0.744874 0.025878 -0.000031 -0.742340 0.021784 -0.060534 -0.469473 0.008188 -0.157998 -0.578227 0.004925 
0.067841 -0.555352 0.020985 -0.366152 -0.894480 0.005573 0.011953 -0.744867 0.025852 -0.000010 -0.742320 0.021767 -0.060531 -0.469472 0.008186 -0.158009 -0.578243 0.004925 
0.067870 -0.555489 0.020969 -0.366107 -0.894535 0.005580 0.011951 -0.744856 0.025822 0.000011 -0.742299 0.021747 -0.060526 -0.469471 0.008183 -0.158024 -0.578266 0.004925 
0.067904 -0.555643 0.020952 -0.366058 -0.894595 0.005587 0.011948 -0.744842 0.025791 0.000031 -0.742277 0.021725 -0.060520 -0.469470 0.008180 -0.158042 -0.578294 0.004925 
0.067941 -0.555815 0.020933 -0.366003 -0.894662 0.005594 0.011945 -0.744825 0.025756 0.000053 -0.742254 0.021701 -0.060513 -0.469468 0.008177 -0.158063 -0.578325 0.004925 
0.067982 -0.556004 0.020911 -0.365949 -0.894727 0.005602 0.011946 -0.744802 0.025718 0.000078 -0.742227 0.021674 -0.060506 -0.469467 0.008173 -0.158085 -0.578359 0.004925 
0.068026 -0.556210 0.020887 -0.365902 -0.894786 0.005608 0.011955 -0.744770 0.025678 0.000108 -0.742195 0.021644 -0.060499 -0.469465 0.008169 -0.158108 -0.578395 0.004925 
0.068074 -0.556431 0.020863 -0.365852 -0.894847 0.005614 0.011977 -0.744724 0.025641 0.000140 -0.742161 0.021614 -0.060479 -0.469461 0.008167 -0.158132 -0.578431 0.004925 
0.068124 -0.556667 0.020842 -0.365792 -0.894919 0.005622 0.012018 -0.744665 0.025612 0.000173 -0.742127 0.021587 -0.060428 -0.469451 0.008168 -0.158155 -0.578466 0.004925 
0.068177 -0.556919 0.020823 -0.365728 -0.894998 0.005630 0.012063 -0.744618 0.025582 0.000222 -0.742081 0.021561 -0.060345 -0.469435 0.008174 -0.158179 -0.578503 0.004925 
0.068233 -0.557189 0.020804 -0.365663 -0.895079 0.005639 0.012107 -0.744581 0.025545 0.000282 -0.742026 0.021533 -0.060253 -0.469416 0.008181 -0.158205 -0.578542 0.004925 
0.068294 -0.557477 0.020783 -0.365599 -0.895157 0.005647 0.012150 -0.744545 0.025504 0.000349 -0.741966 0.021502 -0.060158 -0.469397 0.008188 -0.158234 -0.578586 0.004925 
0.068358 -0.557784 0.020761 -0.365534 -0.895237 0.005654 0.012193 -0.744503 0.025459 0.000418 -0.741901 0.021469 -0.060057 -0.469377 0.008196 -0.158266 -0.578635 0.004925 
0.068426 -0.558109 0.020739 -0.365468 -0.895317 0.005662 0.012237 -0.744460 0.025411 0.000491 -0.741834 0.021434 -0.059952 -0.469356 0.008204 -0.158302 -0.578689 0.004925 
0.068497 -0.558452 0.020716 -0.365403 -0.895397 0.005669 0.012278 -0.744421 0.025358 0.000568 -0.741763 0.021397 -0.059843 -0.469334 0.008212 -0.158342 -0.578750 0.004926 
0.068573 -0.558813 0.020691 -0.365338 -0.895477 0.005676 0.012314 -0.744385 0.025301 0.000650 -0.741688 0.021357 -0.059734 -0.469312 0.008220 -0.158386 -0.578817 0.004926 
0.068651 -0.559190 0.020665 -0.365274 -0.895556 0.005683 0.012348 -0.744351 0.025238 0.000735 -0.741609 0.021315 -0.059626 -0.469291 0.008227 -0.158434 -0.578888 0.004926 
0.068733 -0.559582 0.020638 -0.365209 -0.895634 0.005690 0.012379 -0.744318 0.025171 0.000824 -0.741527 0.021270 -0.059517 -0.469269 0.008234 -0.158484 -0.578965 0.004926 
0.068818 -0.559988 0.020610 -0.365145 -0.895713 0.005696 0.012409 -0.744287 0.025100 0.000916 -0.741442 0.021223 -0.059408 -0.469247 0.008241 -0.158538 -0.579046 0.004926 
0.068906 -0.560407 0.020580 -0.365081 -0.895791 0.005702 0.012439 -0.744257 0.025026 0.001013 -0.741354 0.021174 -0.059297 -0.469225 0.008248 -0.158593 -0.579129 0.004927 
0.068996 -0.560837 0.020549 -0.365015 -0.895871 0.005707 0.012469 -0.744227 0.024949 0.001112 -0.741263 0.021123 -0.059185 -0.469202 0.008255 -0.158649 -0.579214 0.004927 
0.069087 -0.561276 0.020517 -0.364949 -0.895952 0.005713 0.012500 -0.744197 0.024869 0.001214 -0.741169 0.021070 -0.059075 -0.469180 0.008261 -0.158706 -0.579300 0.004927 
0.069181 -0.561721 0.020482 -0.364881 -0.896035 0.005719 0.012533 -0.744166 0.024788 0.001319 -0.741074 0.021016 -0.058967 -0.469159 0.008266 -0.158762 -0.579385 0.004927 
0.069276 -0.562173 0.020446 -0.364810 -0.896121 0.005725 0.012568 -0.744132 0.024705 0.001423 -0.740979 0.020960 -0.058863 -0.469138 0.008271 -0.158817 -0.579469 0.004928 
0.069372 -0.562628 0.020407 -0.364737 -0.896210 0.005731 0.012611 -0.744094 0.024625 0.001524 -0.740888 0.020903 -0.058768 -0.469119 0.008274 -0.158871 -0.579551 0.004928 
0.069469 -0.563085 0.020366 -0.364658 -0.896307 0.005738 0.012655 -0.744047 0.024545 0.001621 -0.740799 0.020845 -0.058677 -0.469101 0.008276 -0.158924 -0.579631 0.004928 
0.069566 -0.563544 0.020323 -0.364578 -0.896404 0.005745 0.012700 -0.743992 0.024463 0.001717 -0.740709 0.020785 -0.058593 -0.469084 0.008276 -0.158975 -0.579709 0.004929 
0.069664 -0.564004 0.020279 -0.364495 -0.896505 0.005752 0.012740 -0.743944 0.024377 0.001816 -0.740617 0.020724 -0.058511 -0.469068 0.008276 -0.159027 -0.579787 0.004929 
0.069762 -0.564464 0.020235 -0.364416 -0.896601 0.005759 0.012782 -0.743894 0.024292 0.001914 -0.740525 0.020663 -0.058432 -0.469052 0.008276 -0.159078 -0.579866 0.004930 
0.069859 -0.564924 0.020191 -0.364335 -0.896700 0.005766 0.012820 -0.743847 0.024206 0.002013 -0.740433 0.020602 -0.058353 -0.469036 0.008276 -0.159130 -0.579945 0.004930 
0.069958 -0.565388 0.020147 -0.364256 -0.896795 0.005772 0.012859 -0.743797 0.024122 0.002112 -0.740340 0.020542 -0.058274 -0.469020 0.008275 -0.159183 -0.580025 0.004930 
0.070056 -0.565850 0.020105 -0.364176 -0.896892 0.005778 0.012894 -0.743750 0.024037 0.002210 -0.740248 0.020482 -0.058194 -0.469004 0.008274 -0.159237 -0.580107 0.004930 
0.070153 -0.566309 0.020064 -0.364101 -0.896983 0.005784 0.012928 -0.743701 0.023953 0.002306 -0.740157 0.020424 -0.058114 -0.468988 0.008273 -0.159292 -0.580191 0.004929 
0.070248 -0.566762 0.020024 -0.364025 -0.897074 0.005789 0.012957 -0.743658 0.023869 0.002402 -0.740067 0.020366 -0.058033 -0.468972 0.008273 -0.159347 -0.580275 0.004929 
0.070343 -0.567208 0.019985 -0.363955 -0.897160 0.005794 0.012986 -0.743613 0.023787 0.002496 -0.739978 0.020310 -0.057951 -0.468955 0.008273 -0.159403 -0.580360 0.004929 
0.070435 -0.567645 0.019948 -0.363885 -0.897245 0.005798 0.013011 -0.743572 0.023706 0.002588 -0.739890 0.020256 -0.057868 -0.468939 0.008274 -0.159459 -0.580445 0.004928 
0.070524 -0.568072 0.019913 -0.363819 -0.897324 0.005802 0.013037 -0.743531 0.023628 0.002678 -0.739804 0.020203 -0.057784 -0.468922 0.008275 -0.159514 -0.580528 0.004928 
0.070611 -0.568486 0.019880 -0.363753 -0.897403 0.005806 0.013060 -0.743492 0.023552 0.002766 -0.739721 0.020153 -0.057701 -0.468905 0.008276 -0.159568 -0.580610 0.004928 
0.070695 -0.568886 0.019847 -0.363691 -0.897479 0.005810 0.013084 -0.743452 0.023480 0.002850 -0.739641 0.020104 -0.057618 -0.468889 0.008278 -0.159621 -0.580689 0.004928 
0.070776 -0.569270 0.019817 -0.363628 -0.897555 0.005814 0.013107 -0.743415 0.023411 0.002931 -0.739563 0.020058 -0.057537 -0.468873 0.008280 -0.159671 -0.580765 0.004928 
0.070854 -0.569639 0.019788 -0.363569 -0.897626 0.005817 0.013132 -0.743377 0.023346 0.003008 -0.739489 0.020014 -0.057458 -0.468857 0.008282 -0.159718 -0.580837 0.004927 
0.070927 -0.569989 0.019760 -0.363509 -0.897699 0.005821 0.013156 -0.743341 0.023285 0.003082 -0.739419 0.019973 -0.057380 -0.468841 0.008284 -0.159763 -0.580904 0.004927 
0.070996 -0.570320 0.019735 -0.363452 -0.897767 0.005824 0.013182 -0.743303 0.023229 0.003150 -0.739354 0.019935 -0.057303 -0.468826 0.008286 -0.159804 -0.580967 0.004927 
0.071061 -0.570629 0.019711 -0.363395 -0.897836 0.005828 0.013207 -0.743269 0.023177 0.003215 -0.739292 0.019899 -0.057228 -0.468811 0.008289 -0.159843 -0.581025 0.004927 
0.071122 -0.570919 0.019689 -0.363342 -0.897901 0.005832 0.013233 -0.743232 0.023131 0.003274 -0.739235 0.019867 -0.057154 -0.468796 0.008291 -0.159878 -0.581079 0.004927 
0.071178 -0.571187 0.019670 -0.363289 -0.897965 0.005836 0.013258 -0.743199 0.023089 0.003330 -0.739182 0.019838 -0.057081 -0.468781 0.008295 -0.159911 -0.581128 0.004927 
0.071229 -0.571433 0.019653 -0.363240 -0.898024 0.005839 0.013284 -0.743165 0.023053 0.003379 -0.739134 0.019812 -0.057008 -0.468767 0.008299 -0.159941 -0.581174 0.004927 
0.071275 -0.571656 0.019639 -0.363193 -0.898082 0.005843 0.013308 -0.743133 0.023021 0.003424 -0.739091 0.019790 -0.056934 -0.468752 0.008304 -0.159969 -0.581216 0.004927 
0.071317 -0.571858 0.019628 -0.363150 -0.898133 0.005846 0.013332 -0.743099 0.022994 0.003465 -0.739050 0.019772 -0.056859 -0.468737 0.008309 -0.159995 -0.581254 0.004926 
0.071353 -0.572036 0.019621 -0.363111 -0.898181 0.005849 0.013353 -0.743069 0.022973 0.003501 -0.739015 0.019757 -0.056783 -0.468722 0.008316 -0.160018 -0.581289 0.004926 
0.071385 -0.572193 0.019616 -0.363075 -0.898225 0.005852 0.013373 -0.743041 0.022956 0.003531 -0.738985 0.019746 -0.056706 -0.468706 0.008323 -0.160040 -0.581322 0.004926 
0.071412 -0.572327 0.019614 -0.363042 -0.898265 0.005855 0.013393 -0.743014 0.022946 0.003556 -0.738960 0.019739 -0.056630 -0.468691 0.008331 -0.160059 -0.581351 0.004926 
0.071434 -0.572438 0.019615 -0.363012 -0.898301 0.005857 0.013412 -0.742988 0.022942 0.003574 -0.738940 0.019736 -0.056554 -0.468676 0.008339 -0.160077 -0.581376 0.004926 
0.071451 -0.572525 0.019619 -0.362985 -0.898334 0.005860 0.013431 -0.742963 0.022943 0.003586 -0.738927 0.019736 -0.056479 -0.468661 0.008348 -0.160092 -0.581399 0.004926 
0.071463 -0.572591 0.019626 -0.362961 -0.898363 0.005863 0.013448 -0.742940 0.022949 0.003593 -0.738918 0.019740 -0.056405 -0.468646 0.008358 -0.160104 -0.581417 0.004926 
0.071470 -0.572634 0.019635 -0.362943 -0.898385 0.005865 0.013465 -0.742921 0.022959 0.003597 -0.738912 0.019747 -0.056330 -0.468631 0.008369 -0.160115 -0.581432 0.004926 
0.071474 -0.572659 0.019643 -0.362939 -0.898391 0.005865 0.013477 -0.742910 0.022966 0.003604 -0.738906 0.019752 -0.056276 -0.468620 0.008376 -0.160121 -0.581442 0.004926 
