-0.122346 -0.059299 0.004457 -0.059956 0.013351 0.004141 -0.275378 0.002884 0.004523 -0.130965 0.078021 0.004065 
-0.122483 -0.059309 0.004508 -0.059968 0.013524 0.004220 -0.275386 0.003054 0.004566 -0.131101 0.078011 0.004152 
-0.121015 -0.059245 0.004560 -0.059866 0.013157 0.004374 -0.275293 0.002703 0.004312 -0.129644 0.078083 0.004153 
-0.120857 -0.059233 0.004555 -0.059890 0.013137 0.004368 -0.275317 0.002659 0.004360 -0.129504 0.078094 0.004179 
-0.121447 -0.059241 0.004459 -0.059957 0.013245 0.004234 -0.275380 0.002738 0.004537 -0.130105 0.078082 0.004198 
-0.119831 -0.059090 0.004435 -0.059905 0.013283 0.004395 -0.275328 0.002769 0.004400 -0.128516 0.078242 0.004358 
-0.119390 -0.059064 0.004484 -0.059802 0.011690 0.004449 -0.275262 0.001184 0.004455 -0.128085 0.078270 0.004417 
-0.119107 -0.058996 0.004328 -0.059719 0.010094 0.004347 -0.275219 -0.000348 0.004402 -0.127775 0.078342 0.004402 
-0.119238 -0.058913 0.004273 -0.059595 0.007691 0.004304 -0.275151 -0.002720 0.004525 -0.127899 0.078424 0.004480 
-0.117412 -0.058477 0.003876 -0.059526 0.008386 0.004391 -0.275075 -0.002016 0.004269 -0.126089 0.078866 0.004908 
-0.118834 -0.058589 0.003666 -0.059387 0.004375 0.004057 -0.275024 -0.006021 0.004508 -0.127509 0.078745 0.004866 
-0.116700 -0.058421 0.003720 -0.058994 0.000038 0.004303 -0.274732 -0.010298 0.004359 -0.125391 0.078921 0.005202 
-0.115878 -0.058385 0.003836 -0.058798 -0.003156 0.004553 -0.274607 -0.013491 0.004613 -0.124597 0.078955 0.005760 
-0.114745 -0.058324 0.003939 -0.058537 -0.007241 0.004669 -0.274439 -0.017555 0.004728 -0.123490 0.079019 0.006062 
-0.113292 -0.058241 0.004032 -0.058286 -0.011169 0.004744 -0.274276 -0.021455 0.004804 -0.122062 0.079107 0.006287 
-0.111700 -0.058148 0.004116 -0.058035 -0.015091 0.004786 -0.274114 -0.025346 0.004847 -0.120494 0.079206 0.006450 
-0.110058 -0.058052 0.004191 -0.057782 -0.019047 0.004809 -0.273951 -0.029270 0.004873 -0.118877 0.079310 0.006582 
-0.108306 -0.058361 0.004264 -0.058192 -0.016946 0.005224 -0.274237 -0.028674 0.005310 -0.118094 0.078923 0.007757 
-0.110241 -0.059985 0.004028 -0.060689 -0.002168 0.006255 -0.275882 -0.021201 0.007450 -0.124519 0.076778 0.010570 
-0.110448 -0.064937 0.004409 -0.063278 0.000711 0.007090 -0.277589 -0.025351 0.008750 -0.129136 0.071259 0.011594 
-0.108076 -0.064860 0.004340 -0.060783 -0.015036 0.005555 -0.275780 -0.038096 0.006366 -0.125015 0.071699 0.008712 
-0.104992 -0.064159 0.004981 -0.057842 -0.038959 0.004981 -0.273472 -0.061182 0.004971 -0.121584 0.072533 0.004964 
-0.102149 -0.063859 0.004926 -0.058819 -0.031184 0.005326 -0.274306 -0.053058 0.005188 -0.118526 0.072865 0.006738 
-0.098488 -0.063533 0.004928 -0.060399 -0.017843 0.006363 -0.275599 -0.039549 0.006309 -0.114742 0.073159 0.009637 
-0.094615 -0.063264 0.004930 -0.060517 -0.018270 0.006418 -0.275642 -0.040792 0.006425 -0.111445 0.073373 0.009904 
-0.092936 -0.063762 0.005020 -0.060653 -0.022744 0.006130 -0.275405 -0.049392 0.006681 -0.112419 0.072547 0.009542 
-0.091802 -0.064732 0.005095 -0.061002 -0.027318 0.005897 -0.274857 -0.061050 0.006917 -0.115805 0.070871 0.009274 
-0.087946 -0.065092 0.004957 -0.062028 -0.027489 0.006048 -0.274688 -0.068095 0.006328 -0.116372 0.069654 0.009824 
-0.087193 -0.065143 0.004934 -0.062443 -0.026364 0.006359 -0.274865 -0.068052 0.006548 -0.116304 0.069415 0.010942 
-0.086780 -0.065113 0.004932 -0.063104 -0.023305 0.006902 -0.275458 -0.064973 0.007125 -0.115856 0.069377 0.012488 
-0.086125 -0.065042 0.004931 -0.064128 -0.018568 0.007717 -0.276375 -0.060203 0.007982 -0.115150 0.069348 0.014317 
-0.089347 -0.065266 0.003892 -0.066319 -0.011153 0.007784 -0.278302 -0.053265 0.009307 -0.118506 0.068899 0.015565 
-0.087770 -0.065164 0.003981 -0.066509 -0.011726 0.008107 -0.278236 -0.055161 0.009536 -0.117779 0.068759 0.016371 
-0.086032 -0.065020 0.004061 -0.066672 -0.012493 0.008384 -0.278118 -0.057353 0.009730 -0.116959 0.068640 0.017133 
-0.085657 -0.064983 0.003812 -0.067463 -0.011574 0.008543 -0.278519 -0.058125 0.010209 -0.117610 0.068334 0.017917 
-0.085056 -0.064762 0.003574 -0.068290 -0.010435 0.008788 -0.278931 -0.058720 0.010668 -0.118064 0.068178 0.018798 
-0.084246 -0.064823 0.003551 -0.068131 -0.012290 0.008773 -0.278567 -0.061622 0.010800 -0.117901 0.067890 0.019383 
-0.082800 -0.064586 0.003668 -0.068158 -0.012859 0.009176 -0.278440 -0.062894 0.011082 -0.116897 0.067910 0.020417 
-0.081724 -0.064403 0.003780 -0.068256 -0.012876 0.009689 -0.278437 -0.063328 0.011514 -0.116065 0.067895 0.021614 
-0.081028 -0.064276 0.003891 -0.068264 -0.012945 0.010201 -0.278420 -0.063501 0.012014 -0.115401 0.067859 0.022865 
-0.080663 -0.064230 0.003999 -0.068259 -0.013007 0.010729 -0.278400 -0.063618 0.012583 -0.115022 0.067732 0.024186 
-0.080396 -0.064213 0.004097 -0.068262 -0.013039 0.011283 -0.278386 -0.063710 0.013172 -0.114736 0.067551 0.025582 
-0.080271 -0.064234 0.004188 -0.068259 -0.013078 0.011861 -0.278369 -0.063803 0.013800 -0.114577 0.067306 0.027058 
-0.080338 -0.064307 0.004274 -0.068246 -0.013150 0.012456 -0.278340 -0.063928 0.014467 -0.114595 0.066982 0.028612 
-0.081221 -0.064600 0.004375 -0.068232 -0.013245 0.013053 -0.278291 -0.064157 0.015268 -0.115445 0.066405 0.030209 
-0.084030 -0.065399 0.004548 -0.068193 -0.013352 0.013646 -0.278190 -0.064485 0.016514 -0.118183 0.065300 0.031884 
-0.087915 -0.066421 0.004776 -0.068326 -0.012448 0.014522 -0.278290 -0.063556 0.018264 -0.121770 0.063961 0.033820 
-0.091757 -0.067018 0.004952 -0.068750 -0.009776 0.015828 -0.278651 -0.060852 0.020246 -0.125288 0.062949 0.036041 
-0.095352 -0.067600 0.005085 -0.068936 -0.008291 0.016824 -0.278789 -0.059399 0.021638 -0.128645 0.061956 0.037990 
-0.098400 -0.068008 0.005107 -0.069222 -0.006709 0.017858 -0.279046 -0.057794 0.022702 -0.131472 0.061104 0.039848 
-0.101487 -0.068905 0.005182 -0.069191 -0.007082 0.018436 -0.278952 -0.058467 0.023058 -0.134609 0.059782 0.041349 
-0.106957 -0.070491 0.005420 -0.069257 -0.007142 0.019086 -0.278859 -0.059129 0.024013 -0.140189 0.057731 0.042977 
-0.112494 -0.072091 0.005634 -0.069543 -0.006367 0.020021 -0.278968 -0.058956 0.025110 -0.145836 0.055622 0.044668 
-0.117618 -0.072065 0.005849 -0.070441 -0.001380 0.022249 -0.279619 -0.054603 0.027126 -0.151081 0.054904 0.047032 
-0.119653 -0.069203 0.006650 -0.069752 0.003422 0.024671 -0.278814 -0.050237 0.028194 -0.153386 0.057032 0.049754 
-0.117595 -0.064934 0.007979 -0.067475 0.007929 0.027715 -0.276545 -0.045767 0.028617 -0.151693 0.060603 0.052791 
-0.114714 -0.061175 0.009313 -0.273759 -0.041862 0.028715 -0.064610 0.011488 0.030626 -0.149054 0.063771 0.055565 
-0.111583 -0.058632 0.010399 -0.061502 0.013777 0.033144 -0.270716 -0.039129 0.028394 -0.146173 0.065818 0.057787 
-0.108490 -0.057288 0.010974 -0.058501 0.014801 0.034978 -0.267752 -0.037629 0.027433 -0.143354 0.066759 0.059210 
-0.111242 -0.057935 0.011494 -0.058262 0.014837 0.036338 -0.267441 -0.037694 0.027571 -0.146349 0.065746 0.060431 
-0.267682 -0.037832 0.027904 -0.112225 -0.058180 0.012698 -0.147738 0.065126 0.062272 -0.058605 0.014755 0.038517 
-0.267884 -0.037980 0.028175 -0.112315 -0.058371 0.014117 -0.148156 0.064622 0.064227 -0.058867 0.014379 0.040888 
-0.268060 -0.038133 0.028408 -0.112208 -0.058604 0.015605 -0.148331 0.064116 0.066184 -0.059095 0.013855 0.043300 
-0.268231 -0.038283 0.028620 -0.111930 -0.058849 0.017180 -0.148322 0.063616 0.068189 -0.059327 0.013245 0.045792 
-0.268393 -0.038430 0.028820 -0.112138 -0.059234 0.018661 -0.148773 0.062988 0.070076 -0.059562 0.012614 0.048190 
-0.268534 -0.038577 0.029010 -0.112709 -0.059747 0.020065 -0.149557 0.062241 0.071872 -0.059786 0.011941 0.050533 
-0.268663 -0.038718 0.029201 -0.113303 -0.060327 0.021493 -0.150333 0.061435 0.073692 -0.060005 0.011177 0.052931 
-0.268789 -0.038856 0.029399 -0.113791 -0.060942 0.022998 -0.150988 0.060594 0.075599 -0.060235 0.010315 0.055443 
-0.268907 -0.038996 0.029610 -0.114215 -0.061609 0.024573 -0.151557 0.059695 0.077598 -0.060475 0.009342 0.058068 
-0.269016 -0.039142 0.029837 -0.114727 -0.062362 0.026172 -0.152188 0.058701 0.079656 -0.060722 0.008262 0.060773 
-0.269118 -0.039303 0.030085 -0.115510 -0.063217 0.027733 -0.153079 0.057584 0.081722 -0.060987 0.007109 0.063519 
-0.269285 -0.039272 0.030428 -0.116511 -0.064091 0.029266 -0.154191 0.056401 0.083852 -0.061353 0.006089 0.066420 
-0.269402 -0.039461 0.030736 -0.117311 -0.065047 0.030966 -0.155114 0.055120 0.086170 -0.061712 0.004730 0.069473 
-0.269537 -0.039685 0.031067 -0.117792 -0.066003 0.032892 -0.155751 0.053801 0.088770 -0.062154 0.003203 0.072798 
-0.269708 -0.039962 0.031412 -0.118204 -0.066961 0.034997 -0.156399 0.052426 0.091602 -0.062725 0.001577 0.076370 
-0.269968 -0.040220 0.031809 -0.118695 -0.067883 0.037258 -0.157268 0.051002 0.094657 -0.063510 0.000006 0.080240 
-0.270275 -0.040564 0.032219 -0.119245 -0.068834 0.039696 -0.158312 0.049478 0.097938 -0.064469 -0.001675 0.084375 
-0.270673 -0.040797 0.032703 -0.119845 -0.069749 0.042314 -0.159518 0.047897 0.101487 -0.065661 -0.003314 0.088853 
-0.271103 -0.041237 0.033294 -0.120951 -0.070848 0.045034 -0.161346 0.046051 0.105185 -0.067021 -0.005168 0.093603 
-0.271604 -0.041543 0.033958 -0.121789 -0.071804 0.048144 -0.163031 0.044238 0.109371 -0.068641 -0.007075 0.098810 
-0.272173 -0.041797 0.034672 -0.122744 -0.072751 0.051468 -0.164956 0.042320 0.113856 -0.070528 -0.009086 0.104363 
-0.272822 -0.042159 0.035427 -0.123861 -0.073862 0.055003 -0.167186 0.040121 0.118613 -0.072723 -0.011374 0.110262 
-0.273565 -0.042671 0.036216 -0.125178 -0.075176 0.058765 -0.169789 0.037591 0.123641 -0.075285 -0.013982 0.116525 
-0.274413 -0.043343 0.037036 -0.126693 -0.076719 0.062783 -0.172779 0.034691 0.128960 -0.078269 -0.016962 0.123170 
-0.275400 -0.044107 0.037925 -0.128314 -0.078526 0.067136 -0.176066 0.031370 0.134652 -0.081760 -0.020343 0.130259 
-0.276494 -0.045053 0.038816 -0.130195 -0.080602 0.071786 -0.179832 0.027615 0.140644 -0.085781 -0.024219 0.137715 
-0.277768 -0.046058 0.039758 -0.132463 -0.082913 0.076686 -0.184258 0.023423 0.146877 -0.090476 -0.028465 0.145578 
-0.279320 -0.046809 0.040903 -0.134722 -0.085474 0.082110 -0.188910 0.018739 0.153673 -0.096022 -0.033047 0.154012 
-0.280895 -0.048016 0.041895 -0.137263 -0.088604 0.087922 -0.194040 0.013324 0.160768 -0.102197 -0.038703 0.162560 
-0.282683 -0.049237 0.042944 -0.139815 -0.092259 0.094424 -0.199426 0.007147 0.168501 -0.109326 -0.045166 0.171427 
-0.284682 -0.050595 0.044002 -0.142939 -0.096537 0.101167 -0.205660 0.000085 0.176372 -0.117430 -0.052485 0.180375 
-0.286820 -0.052261 0.044928 -0.146569 -0.101584 0.108282 -0.212678 -0.007992 0.184433 -0.126548 -0.060946 0.189184 
-0.289312 -0.054031 0.045783 -0.150764 -0.107463 0.115844 -0.220567 -0.017203 0.192748 -0.136979 -0.070477 0.197750 
-0.292596 -0.056011 0.046615 -0.156298 -0.114292 0.123389 -0.230149 -0.027699 0.200758 -0.149163 -0.081055 0.205881 
-0.297260 -0.058377 0.047451 -0.163414 -0.122445 0.131149 -0.241719 -0.039849 0.208544 -0.163780 -0.092805 0.213449 
-0.316326 -0.061835 0.051722 -0.171469 -0.140339 0.148799 -0.251943 -0.062626 0.229195 -0.189155 -0.109883 0.219159 
-0.360812 -0.071104 0.058431 -0.219850 -0.145106 0.122227 -0.297101 -0.074785 0.211824 -0.221026 -0.122343 0.214365 
-0.384283 -0.092141 0.070340 -0.250114 -0.165186 0.108954 -0.318886 -0.100421 0.208911 -0.232154 -0.152964 0.210537 
-0.384331 -0.114376 0.095145 -0.250237 -0.194549 0.127908 -0.311530 -0.135329 0.235887 -0.228054 -0.191468 0.222347 
-0.378162 -0.135133 0.134443 -0.241208 -0.224291 0.165259 -0.302113 -0.171258 0.276671 -0.225267 -0.225231 0.257072 
-0.372360 -0.157768 0.173126 -0.233359 -0.254235 0.201823 -0.295987 -0.206734 0.314799 -0.224047 -0.257819 0.293533 
-0.368984 -0.179439 0.201854 -0.227573 -0.281603 0.221818 -0.287660 -0.239471 0.338274 -0.220207 -0.287858 0.314041 
-0.363254 -0.202808 0.212236 -0.222658 -0.307423 0.224793 -0.277677 -0.268577 0.344845 -0.211837 -0.316967 0.314846 
-0.251015 -0.358072 0.119414 -0.196917 -0.442044 -0.018104 -0.360237 -0.222964 0.217656 -0.220348 -0.329766 0.216525 -0.085915 -0.450353 0.293882 -0.160631 -0.380393 0.239676 
-0.239610 -0.400205 0.115363 -0.305848 -0.466404 -0.100248 -0.274198 -0.292572 0.276057 -0.008505 -0.504002 0.175575 
-0.236376 -0.427323 0.143413 -0.385516 -0.541691 -0.152540 0.026764 -0.525934 0.170339 -0.316986 -0.274333 0.204201 
-0.239232 -0.446075 0.174999 -0.448016 -0.614561 -0.164686 0.037705 -0.516502 0.208671 -0.339308 -0.275240 0.225623 
-0.248842 -0.457488 0.186732 -0.488581 -0.659935 -0.161947 0.035236 -0.510131 0.232699 -0.355268 -0.283150 0.227193 
-0.262202 -0.462091 0.177951 -0.519398 -0.714183 -0.173113 0.011829 -0.480714 0.226139 -0.387629 -0.280826 0.210939 
-0.276944 -0.467974 0.150901 -0.554158 -0.794685 -0.184692 -0.034041 -0.433829 0.190991 -0.437538 -0.275198 0.179804 
-0.293747 -0.478032 0.112060 -0.588742 -0.883232 -0.182215 -0.475047 -0.278058 0.272761 -0.088626 -0.395269 0.132740 
-0.590627 -0.940706 -0.164020 -0.500992 -0.280853 0.252251 -0.117516 -0.378631 0.119048 -0.315138 -0.472649 0.088133 -0.288657 -0.498828 0.056369 
-0.585297 -0.988685 -0.143350 -0.515148 -0.285061 0.244415 -0.138685 -0.368219 0.105842 -0.321742 -0.481670 0.081445 -0.304009 -0.500881 0.052356 
-0.578496 -1.029893 -0.118120 -0.519542 -0.287898 0.245474 -0.161368 -0.358136 0.091825 -0.323107 -0.492970 0.073807 -0.320712 -0.501862 0.048633 
-0.572689 -1.063129 -0.088977 -0.514399 -0.289582 0.250692 -0.183161 -0.350185 0.078720 -0.320373 -0.506686 0.065331 -0.337139 -0.502790 0.046729 
-0.567400 -1.089646 -0.057053 -0.501248 -0.291018 0.257181 -0.203491 -0.344677 0.066442 -0.317227 -0.520911 0.057535 -0.352852 -0.504084 0.046307 
-0.559348 -1.112572 -0.021938 -0.482407 -0.292783 0.260222 -0.224653 -0.341049 0.052536 -0.315262 -0.535732 0.049360 -0.369209 -0.506230 0.045063 
-0.554555 -1.120241 -0.004387 -0.466614 -0.292619 0.261558 -0.232807 -0.340463 0.042472 -0.314273 -0.541909 0.044404 -0.375368 -0.507648 0.041099 
-0.555978 -1.118609 0.000322 -0.312722 -0.542456 0.041285 -0.374675 -0.506800 0.037925 -0.459307 -0.289346 0.259641 -0.231528 -0.340128 0.037755 
-0.557935 -1.117056 0.003211 -0.312437 -0.541848 0.037805 -0.374270 -0.505713 0.033527 -0.460579 -0.284389 0.250812 -0.230441 -0.339644 0.032553 
-0.559219 -1.116251 0.005787 -0.313378 -0.540299 0.033772 -0.374316 -0.504766 0.027373 -0.468424 -0.278196 0.235810 -0.230085 -0.339057 0.025899 
-0.560165 -1.115960 0.008557 -0.315265 -0.538296 0.029405 -0.374684 -0.504102 0.020319 -0.480613 -0.271678 0.215722 -0.230267 -0.338566 0.018542 
-0.560816 -1.115881 0.011758 -0.493427 -0.265490 0.192067 -0.230311 -0.338403 0.010080 -0.317654 -0.535891 0.024496 -0.374817 -0.503846 0.012207 
-0.563744 -1.114167 0.015191 -0.504761 -0.259554 0.168180 -0.229831 -0.337540 0.004375 -0.318867 -0.534350 0.020007 -0.374895 -0.502476 0.006731 
-0.321950 -0.530600 0.019492 -0.568897 -1.111246 0.018478 -0.374072 -0.501197 0.005329 -0.517228 -0.255635 0.149756 -0.228014 -0.337198 0.003018 
-0.573028 -1.109303 0.021749 -0.522970 -0.253931 0.143037 -0.227213 -0.337302 0.002541 -0.327588 -0.524730 0.021938 -0.374113 -0.500517 0.005381 
-0.574886 -1.108175 0.023939 -0.520593 -0.252404 0.148245 -0.226855 -0.337250 0.002267 -0.330511 -0.521096 0.024445 -0.374133 -0.500102 0.005494 
-0.329822 -0.521071 0.025643 -0.576203 -1.106957 0.024189 -0.374283 -0.499601 0.006225 -0.512896 -0.251507 0.158970 -0.226721 -0.337022 0.002665 
-0.326686 -0.523963 0.025186 -0.577029 -1.105809 0.022787 -0.374596 -0.499116 0.007338 -0.502977 -0.251707 0.170435 -0.226779 -0.336773 0.003546 
-0.576490 -1.104983 0.020399 -0.493818 -0.252560 0.179150 -0.227282 -0.336236 0.004450 -0.322345 -0.528575 0.023057 -0.375117 -0.498582 0.008231 
-0.575090 -1.104599 0.018148 -0.317710 -0.533411 0.020273 -0.375010 -0.498189 0.008815 -0.487533 -0.253352 0.183315 -0.227228 -0.335767 0.005250 
-0.574099 -1.104682 0.017770 -0.315475 -0.535040 0.019080 -0.373944 -0.498264 0.008547 -0.485734 -0.253312 0.183281 -0.226160 -0.335842 0.005105 
-0.573661 -1.104985 0.018014 -0.316220 -0.534129 0.019480 -0.374028 -0.498299 0.008264 -0.488247 -0.253173 0.181003 -0.226349 -0.335776 0.004861 
-0.573506 -1.105171 0.017968 -0.317447 -0.532702 0.020038 -0.374101 -0.498285 0.008003 -0.491959 -0.252980 0.177439 -0.226467 -0.335715 0.004711 
-0.573302 -1.105359 0.017928 -0.495064 -0.252820 0.173985 -0.226552 -0.335686 0.004548 -0.318182 -0.531924 0.020183 -0.374132 -0.498310 0.007724 
-0.573001 -1.105550 0.018026 -0.496808 -0.252736 0.171915 -0.226633 -0.335666 0.004399 -0.318460 -0.531649 0.020171 -0.374142 -0.498358 0.007506 
-0.572895 -1.105606 0.018088 -0.497074 -0.252721 0.171584 -0.226662 -0.335658 0.004359 -0.318490 -0.531617 0.020170 -0.374148 -0.498372 0.007458 
-0.572895 -1.105606 0.018087 -0.497073 -0.252720 0.171582 -0.226662 -0.335658 0.004357 -0.318490 -0.531617 0.020168 -0.374147 -0.498372 0.007456 
-0.572896 -1.105606 0.018086 -0.497073 -0.252720 0.171580 -0.226662 -0.335658 0.004355 -0.318490 -0.531617 0.020167 -0.374148 -0.498372 0.007454 
-0.572896 -1.105605 0.018085 -0.497073 -0.252720 0.171579 -0.226662 -0.335658 0.004353 -0.318490 -0.531616 0.020165 -0.374148 -0.498372 0.007453 
-0.572896 -1.105605 0.018085 -0.497072 -0.252720 0.171578 -0.226662 -0.335658 0.004352 -0.318490 -0.531616 0.020164 -0.374148 -0.498372 0.007452 
-0.572897 -1.105605 0.018084 -0.497072 -0.252719 0.171577 -0.226662 -0.335658 0.004350 -0.318490 -0.531616 0.020163 -0.374148 -0.498372 0.007451 
-0.572896 -1.105605 0.018083 -0.497072 -0.252719 0.171576 -0.226662 -0.335658 0.004349 -0.318490 -0.531616 0.020161 -0.374148 -0.498372 0.007449 
-0.572897 -1.105605 0.018083 -0.497072 -0.252719 0.171575 -0.226662 -0.335658 0.004348 -0.318490 -0.531616 0.020161 -0.374148 -0.498372 0.007449 
-0.572897 -1.105604 0.018082 -0.497072 -0.252719 0.171574 -0.226662 -0.335657 0.004347 -0.318490 -0.531616 0.020160 -0.374148 -0.498371 0.007448 
-0.572896 -1.105604 0.018082 -0.497072 -0.252718 0.171573 -0.226662 -0.335657 0.004346 -0.318490 -0.531616 0.020159 -0.374148 -0.498371 0.007447 
-0.572897 -1.105604 0.018082 -0.497072 -0.252718 0.171572 -0.226662 -0.335657 0.004345 -0.318490 -0.531616 0.020158 -0.374148 -0.498371 0.007446 
-0.572897 -1.105604 0.018082 -0.497072 -0.252718 0.171571 -0.226662 -0.335657 0.004344 -0.318490 -0.531616 0.020157 -0.374148 -0.498371 0.007445 
-0.572897 -1.105604 0.018082 -0.497072 -0.252718 0.171570 -0.226662 -0.335657 0.004343 -0.318490 -0.531616 0.020157 -0.374148 -0.498371 0.007445 
-0.572896 -1.105604 0.018081 -0.497072 -0.252718 0.171570 -0.226662 -0.335657 0.004343 -0.318490 -0.531616 0.020156 -0.374148 -0.498371 0.007444 
-0.572897 -1.105604 0.018081 -0.497072 -0.252718 0.171569 -0.226662 -0.335657 0.004342 -0.318491 -0.531615 0.020156 -0.374148 -0.498371 0.007444 
-0.572897 -1.105603 0.018082 -0.497073 -0.252717 0.171569 -0.226664 -0.335656 0.004342 -0.318492 -0.531615 0.020155 -0.374149 -0.498370 0.007444 
-0.572897 -1.105603 0.018081 -0.497073 -0.252717 0.171569 -0.226664 -0.335656 0.004341 -0.318492 -0.531615 0.020155 -0.374149 -0.498370 0.007443 
-0.572897 -1.105603 0.018083 -0.497075 -0.252717 0.171568 -0.226666 -0.335655 0.004341 -0.318493 -0.531615 0.020155 -0.374151 -0.498370 0.007443 
-0.572897 -1.105603 0.018083 -0.497075 -0.252716 0.171568 -0.226666 -0.335655 0.004341 -0.318493 -0.531615 0.020154 -0.374151 -0.498370 0.007443 
-0.572897 -1.105603 0.018083 -0.497075 -0.252716 0.171567 -0.226667 -0.335655 0.004340 -0.318493 -0.531615 0.020154 -0.374151 -0.498370 0.007443 
-0.572897 -1.105603 0.018083 -0.497075 -0.252716 0.171567 -0.226667 -0.335655 0.004340 -0.318493 -0.531615 0.020154 -0.374151 -0.498370 0.007442 
-0.572897 -1.105603 0.018083 -0.497075 -0.252716 0.171567 -0.226667 -0.335655 0.004340 -0.318494 -0.531615 0.020154 -0.374151 -0.498370 0.007442 
-0.572897 -1.105603 0.018083 -0.497075 -0.252716 0.171566 -0.226667 -0.335655 0.004340 -0.318494 -0.531615 0.020154 -0.374152 -0.498370 0.007442 
-0.572896 -1.105604 0.018084 -0.497076 -0.252716 0.171565 -0.226667 -0.335655 0.004339 -0.318494 -0.531615 0.020154 -0.374152 -0.498370 0.007442 
-0.572889 -1.105607 0.018091 -0.497080 -0.252716 0.171558 -0.226668 -0.335655 0.004337 -0.318493 -0.531616 0.020154 -0.374151 -0.498372 0.007440 
-0.572877 -1.105613 0.018102 -0.497088 -0.252716 0.171546 -0.226671 -0.335655 0.004334 -0.318492 -0.531617 0.020155 -0.374150 -0.498374 0.007439 
-0.572863 -1.105620 0.018115 -0.497097 -0.252716 0.171532 -0.226673 -0.335656 0.004331 -0.318491 -0.531618 0.020157 -0.374150 -0.498378 0.007436 
-0.572848 -1.105628 0.018130 -0.497107 -0.252717 0.171517 -0.226675 -0.335656 0.004327 -0.318489 -0.531619 0.020158 -0.374149 -0.498381 0.007434 
-0.572831 -1.105636 0.018145 -0.497118 -0.252717 0.171500 -0.226678 -0.335656 0.004323 -0.318488 -0.531620 0.020160 -0.374148 -0.498385 0.007431 
-0.572814 -1.105644 0.018160 -0.497130 -0.252717 0.171483 -0.226680 -0.335657 0.004319 -0.318487 -0.531621 0.020162 -0.374146 -0.498389 0.007428 
-0.572797 -1.105652 0.018175 -0.497141 -0.252717 0.171467 -0.226683 -0.335657 0.004315 -0.318485 -0.531622 0.020163 -0.374145 -0.498392 0.007426 
-0.572781 -1.105661 0.018190 -0.497152 -0.252717 0.171450 -0.226686 -0.335658 0.004311 -0.318484 -0.531623 0.020165 -0.374144 -0.498396 0.007423 
-0.572765 -1.105668 0.018205 -0.497163 -0.252718 0.171434 -0.226688 -0.335658 0.004307 -0.318483 -0.531624 0.020167 -0.374143 -0.498400 0.007420 
-0.572748 -1.105677 0.018220 -0.497173 -0.252718 0.171422 -0.226691 -0.335658 0.004303 -0.318484 -0.531622 0.020171 -0.374142 -0.498404 0.007418 
-0.572732 -1.105685 0.018234 -0.497184 -0.252720 0.171422 -0.226693 -0.335659 0.004299 -0.318487 -0.531617 0.020177 -0.374141 -0.498408 0.007415 
-0.572716 -1.105693 0.018248 -0.497195 -0.252722 0.171429 -0.226695 -0.335660 0.004295 -0.318491 -0.531611 0.020184 -0.374139 -0.498412 0.007412 
-0.572701 -1.105700 0.018261 -0.497205 -0.252724 0.171435 -0.226696 -0.335661 0.004291 -0.318493 -0.531607 0.020190 -0.374137 -0.498416 0.007409 
-0.572685 -1.105708 0.018273 -0.497215 -0.252726 0.171440 -0.226698 -0.335662 0.004287 -0.318495 -0.531604 0.020195 -0.374135 -0.498420 0.007406 
-0.572671 -1.105713 0.018280 -0.497222 -0.252728 0.171447 -0.226697 -0.335665 0.004283 -0.318497 -0.531600 0.020199 -0.374131 -0.498426 0.007401 
-0.572658 -1.105712 0.018275 -0.497223 -0.252730 0.171468 -0.226691 -0.335672 0.004279 -0.318501 -0.531592 0.020202 -0.374123 -0.498434 0.007392 
-0.572639 -1.105706 0.018267 -0.497217 -0.252733 0.171516 -0.226683 -0.335682 0.004272 -0.318520 -0.531570 0.020214 -0.374111 -0.498448 0.007379 
-0.572626 -1.105701 0.018250 -0.497212 -0.252736 0.171563 -0.226672 -0.335693 0.004267 -0.318535 -0.531548 0.020224 -0.374098 -0.498460 0.007365 
-0.572620 -1.105699 0.018245 -0.497208 -0.252737 0.171586 -0.226668 -0.335697 0.004265 -0.318538 -0.531544 0.020226 -0.374093 -0.498465 0.007360 
-0.572613 -1.105699 0.018243 -0.497207 -0.252739 0.171602 -0.226665 -0.335701 0.004263 -0.318538 -0.531543 0.020227 -0.374088 -0.498469 0.007356 
-0.572591 -1.105696 0.018240 -0.497201 -0.252741 0.171638 -0.226657 -0.335712 0.004255 -0.318549 -0.531530 0.020234 -0.374077 -0.498484 0.007343 
-0.572574 -1.105693 0.018230 -0.497190 -0.252744 0.171687 -0.226648 -0.335721 0.004249 -0.318562 -0.531510 0.020245 -0.374064 -0.498496 0.007330 
-0.572571 -1.105691 0.018225 -0.497182 -0.252746 0.171718 -0.226645 -0.335725 0.004248 -0.318567 -0.531504 0.020249 -0.374061 -0.498499 0.007327 
-0.572548 -1.105687 0.018223 -0.497176 -0.252748 0.171755 -0.226636 -0.335737 0.004240 -0.318578 -0.531490 0.020257 -0.374047 -0.498515 0.007313 
-0.572529 -1.105675 0.018207 -0.497159 -0.252750 0.171844 -0.226627 -0.335752 0.004232 -0.318617 -0.531446 0.020281 -0.374033 -0.498534 0.007295 
-0.572527 -1.105674 0.018209 -0.497147 -0.252752 0.171880 -0.226626 -0.335754 0.004231 -0.318620 -0.531441 0.020287 -0.374032 -0.498536 0.007294 
-0.572525 -1.105675 0.018213 -0.497145 -0.252753 0.171890 -0.226626 -0.335754 0.004231 -0.318618 -0.531442 0.020288 -0.374032 -0.498536 0.007295 
-0.572519 -1.105687 0.018254 -0.497142 -0.252757 0.171901 -0.226667 -0.335736 0.004238 -0.318612 -0.531468 0.020289 -0.374068 -0.498524 0.007315 
-0.572510 -1.105676 0.018227 -0.497135 -0.252760 0.171955 -0.226648 -0.335754 0.004231 -0.318635 -0.531439 0.020300 -0.374047 -0.498542 0.007297 
-0.572521 -1.105661 0.018208 -0.497135 -0.252760 0.171995 -0.226645 -0.335760 0.004231 -0.318649 -0.531430 0.020301 -0.374046 -0.498547 0.007292 
-0.572512 -1.105659 0.018223 -0.497120 -0.252767 0.172074 -0.226676 -0.335759 0.004234 -0.318686 -0.531409 0.020326 -0.374071 -0.498551 0.007298 
-0.572508 -1.105645 0.018200 -0.497112 -0.252768 0.172138 -0.226673 -0.335768 0.004230 -0.318711 -0.531385 0.020336 -0.374066 -0.498561 0.007284 
-0.572507 -1.105646 0.018201 -0.497111 -0.252769 0.172146 -0.226673 -0.335768 0.004229 -0.318710 -0.531386 0.020336 -0.374066 -0.498562 0.007284 
-0.572519 -1.105638 0.018205 -0.497112 -0.252768 0.172166 -0.226681 -0.335766 0.004230 -0.318716 -0.531388 0.020335 -0.374074 -0.498559 0.007288 
-0.572503 -1.105627 0.018175 -0.497113 -0.252769 0.172199 -0.226661 -0.335784 0.004222 -0.318729 -0.531370 0.020337 -0.374052 -0.498579 0.007266 
-0.572498 -1.105629 0.018179 -0.497115 -0.252771 0.172204 -0.226661 -0.335785 0.004221 -0.318728 -0.531371 0.020337 -0.374051 -0.498580 0.007265 
-0.572497 -1.105630 0.018181 -0.497115 -0.252772 0.172216 -0.226661 -0.335786 0.004220 -0.318727 -0.531373 0.020338 -0.374051 -0.498581 0.007265 
-0.572491 -1.105630 0.018181 -0.497114 -0.252774 0.172230 -0.226659 -0.335788 0.004218 -0.318727 -0.531373 0.020338 -0.374048 -0.498585 0.007262 
-0.572481 -1.105629 0.018174 -0.497112 -0.252775 0.172251 -0.226653 -0.335795 0.004215 -0.318729 -0.531368 0.020339 -0.374040 -0.498593 0.007253 
-0.572496 -1.105586 0.018092 -0.497132 -0.252774 0.172330 -0.226634 -0.335820 0.004208 -0.318790 -0.531311 0.020349 -0.374022 -0.498616 0.007221 
