1.067505 0.116342 0.003999 1.182922 0.189614 0.004111 1.302037 0.011600 0.004921 1.187210 -0.064942 0.004819 
1.067506 0.116341 0.004091 1.182923 0.189612 0.004192 1.302038 0.011599 0.004926 1.187211 -0.064944 0.004834 
1.067507 0.116340 0.004171 1.182924 0.189611 0.004265 1.302039 0.011598 0.004930 1.187212 -0.064945 0.004845 
1.067508 0.116339 0.004245 1.182925 0.189611 0.004330 1.302040 0.011597 0.004934 1.187213 -0.064946 0.004857 
1.067279 0.116279 0.003916 1.182661 0.189605 0.003580 1.301861 0.011649 0.004258 1.187071 -0.064948 0.004608 
1.067278 0.116277 0.004011 1.182660 0.189603 0.003713 1.301861 0.011647 0.004328 1.187070 -0.064950 0.004638 
1.067651 0.116281 0.003036 1.183045 0.189588 0.003405 1.302210 0.011612 0.004732 1.187406 -0.064966 0.004378 
1.067666 0.116319 0.003221 1.183053 0.189636 0.003685 1.302234 0.011668 0.004717 1.187438 -0.064919 0.004264 
1.067654 0.116392 0.003467 1.183040 0.189710 0.003976 1.302226 0.011744 0.004587 1.187431 -0.064845 0.004081 
1.067632 0.116476 0.003705 1.183023 0.189787 0.004272 1.302200 0.011815 0.004448 1.187401 -0.064768 0.003878 
1.067634 0.116476 0.003821 1.183024 0.189788 0.004345 1.302202 0.011815 0.004502 1.187403 -0.064767 0.003975 
1.067671 0.116678 0.003929 1.183047 0.190009 0.004776 1.302257 0.012058 0.004468 1.187472 -0.064543 0.003609 
1.067783 0.116585 0.003561 1.183138 0.189946 0.004656 1.302394 0.012026 0.004838 1.187632 -0.064605 0.003734 
1.067783 0.116585 0.003686 1.183138 0.189946 0.004780 1.302394 0.012025 0.004936 1.187632 -0.064606 0.003833 
1.067790 0.116685 0.003804 1.183130 0.190063 0.005284 1.302418 0.012163 0.005076 1.187670 -0.064484 0.003579 
1.067783 0.116681 0.003907 1.183121 0.190057 0.005620 1.302409 0.012158 0.005438 1.187664 -0.064488 0.003706 
1.067773 0.116675 0.004000 1.183107 0.190048 0.006088 1.302394 0.012149 0.005932 1.187654 -0.064494 0.003822 
1.067761 0.116667 0.004085 1.183088 0.190036 0.006607 1.302376 0.012137 0.006475 1.187642 -0.064502 0.003926 
1.067749 0.116660 0.004162 1.183070 0.190025 0.007089 1.302358 0.012126 0.006977 1.187630 -0.064509 0.004021 
1.067738 0.116653 0.004232 1.183052 0.190013 0.007535 1.302340 0.012115 0.007442 1.187620 -0.064516 0.004106 
1.067728 0.116647 0.004296 1.183034 0.190002 0.007946 1.302323 0.012104 0.007870 1.187610 -0.064522 0.004183 
1.067719 0.116641 0.004354 1.183017 0.189992 0.008326 1.302306 0.012093 0.008264 1.187601 -0.064528 0.004253 
1.067710 0.116636 0.004406 1.183001 0.189981 0.008675 1.302290 0.012083 0.008626 1.187592 -0.064533 0.004315 
1.067702 0.116630 0.004454 1.182986 0.189972 0.008996 1.302274 0.012073 0.008958 1.187584 -0.064538 0.004372 
1.067695 0.116626 0.004498 1.182971 0.189962 0.009291 1.302260 0.012063 0.009264 1.187577 -0.064543 0.004423 
1.067688 0.116621 0.004537 1.182957 0.189953 0.009562 1.302246 0.012054 0.009544 1.187570 -0.064547 0.004470 
1.067682 0.116617 0.004573 1.182944 0.189945 0.009811 1.302233 0.012046 0.009801 1.187564 -0.064551 0.004511 
1.067676 0.116614 0.004605 1.182932 0.189937 0.010039 1.302221 0.012038 0.010036 1.187558 -0.064555 0.004549 
1.067671 0.116610 0.004635 1.182921 0.189930 0.010248 1.302209 0.012031 0.010251 1.187553 -0.064558 0.004583 
1.067666 0.116607 0.004661 1.182910 0.189923 0.010439 1.302198 0.012024 0.010448 1.187548 -0.064561 0.004614 
1.067661 0.116604 0.004686 1.182900 0.189916 0.010614 1.302188 0.012017 0.010627 1.187544 -0.064564 0.004642 
1.067657 0.116601 0.004708 1.182891 0.189911 0.010773 1.302179 0.012012 0.010791 1.187540 -0.064567 0.004667 
1.067654 0.116599 0.004726 1.182883 0.189905 0.010916 1.302171 0.012006 0.010940 1.187536 -0.064569 0.004691 
1.067650 0.116597 0.004743 1.182875 0.189900 0.011046 1.302163 0.012001 0.011076 1.187532 -0.064571 0.004712 
1.067647 0.116595 0.004758 1.182868 0.189896 0.011163 1.302156 0.011997 0.011199 1.187529 -0.064573 0.004732 
1.067644 0.116593 0.004771 1.182861 0.189892 0.011268 1.302149 0.011993 0.011309 1.187527 -0.064575 0.004749 
1.067642 0.116592 0.004783 1.182855 0.189888 0.011362 1.302143 0.011989 0.011407 1.187524 -0.064577 0.004765 
1.067639 0.116590 0.004794 1.182850 0.189885 0.011445 1.302138 0.011986 0.011495 1.187522 -0.064578 0.004780 
1.067637 0.116589 0.004804 1.182845 0.189882 0.011519 1.302134 0.011983 0.011572 1.187520 -0.064579 0.004793 
1.067636 0.116588 0.004813 1.182841 0.189880 0.011582 1.302129 0.011981 0.011640 1.187518 -0.064580 0.004805 
1.067634 0.116587 0.004821 1.182838 0.189878 0.011637 1.302126 0.011979 0.011698 1.187517 -0.064581 0.004816 
1.067633 0.116586 0.004828 1.182835 0.189876 0.011683 1.302123 0.011977 0.011747 1.187516 -0.064582 0.004826 
1.067632 0.116586 0.004835 1.182833 0.189874 0.011721 1.302121 0.011975 0.011787 1.187515 -0.064582 0.004835 
1.067631 0.116585 0.004842 1.182831 0.189873 0.011751 1.302119 0.011974 0.011817 1.187514 -0.064583 0.004841 
1.067631 0.116585 0.004848 1.182830 0.189873 0.011774 1.302118 0.011973 0.011840 1.187513 -0.064583 0.004848 
1.067631 0.116585 0.004853 1.182829 0.189872 0.011788 1.302117 0.011973 0.011854 1.187513 -0.064583 0.004853 
1.067631 0.116585 0.004858 1.182829 0.189872 0.011795 1.302117 0.011973 0.011861 1.187513 -0.064583 0.004858 
1.067631 0.116585 0.004863 1.182830 0.189872 0.011794 1.302118 0.011973 0.011860 1.187513 -0.064583 0.004863 
1.067631 0.116585 0.004867 1.182830 0.189873 0.011786 1.302118 0.011974 0.011852 1.187514 -0.064583 0.004867 
1.067632 0.116586 0.004871 1.182832 0.189874 0.011769 1.302120 0.011975 0.011835 1.187514 -0.064583 0.004871 
1.067633 0.116586 0.004874 1.182834 0.189875 0.011745 1.302122 0.011976 0.011811 1.187515 -0.064582 0.004874 
1.067634 0.116587 0.004877 1.182836 0.189877 0.011713 1.302124 0.011978 0.011779 1.187516 -0.064582 0.004877 
1.067635 0.116588 0.004880 1.182839 0.189879 0.011673 1.302127 0.011980 0.011738 1.187517 -0.064581 0.004880 
1.067636 0.116589 0.004882 1.182843 0.189881 0.011625 1.302131 0.011982 0.011689 1.187519 -0.064580 0.004882 
1.067638 0.116590 0.004885 1.182847 0.189884 0.011568 1.302135 0.011985 0.011632 1.187521 -0.064578 0.004885 
1.067640 0.116591 0.004887 1.182852 0.189887 0.011502 1.302140 0.011988 0.011566 1.187523 -0.064577 0.004887 
1.067642 0.116593 0.004888 1.182857 0.189891 0.011427 1.302146 0.011992 0.011490 1.187525 -0.064576 0.004888 
1.067645 0.116594 0.004890 1.182863 0.189895 0.011342 1.302152 0.011996 0.011404 1.187527 -0.064574 0.004890 
1.067648 0.116596 0.004891 1.182870 0.189899 0.011247 1.302158 0.012000 0.011308 1.187530 -0.064572 0.004892 
1.067651 0.116598 0.004893 1.182877 0.189904 0.011142 1.302166 0.012005 0.011202 1.187534 -0.064570 0.004893 
1.067655 0.116601 0.004894 1.182885 0.189909 0.011024 1.302174 0.012010 0.011083 1.187537 -0.064567 0.004894 
1.067659 0.116603 0.004895 1.182894 0.189915 0.010895 1.302183 0.012016 0.010953 1.187541 -0.064565 0.004895 
1.067663 0.116606 0.004896 1.182904 0.189921 0.010753 1.302192 0.012022 0.010809 1.187545 -0.064562 0.004896 
1.067668 0.116609 0.004897 1.182914 0.189928 0.010598 1.302202 0.012029 0.010652 1.187550 -0.064559 0.004897 
1.067673 0.116613 0.004898 1.182925 0.189935 0.010428 1.302213 0.012037 0.010480 1.187555 -0.064556 0.004898 
1.067678 0.116616 0.004899 1.182937 0.189943 0.010242 1.302225 0.012044 0.010293 1.187561 -0.064552 0.004898 
1.067684 0.116620 0.004899 1.182949 0.189951 0.010043 1.302238 0.012053 0.010093 1.187567 -0.064548 0.004899 
1.067691 0.116624 0.004900 1.182962 0.189960 0.009837 1.302250 0.012061 0.009885 1.187573 -0.064544 0.004900 
1.067697 0.116629 0.004900 1.182975 0.189968 0.009618 1.302264 0.012070 0.009663 1.187580 -0.064539 0.004900 
1.067704 0.116634 0.004901 1.182989 0.189978 0.009380 1.302277 0.012079 0.009423 1.187587 -0.064535 0.004901 
1.067712 0.116639 0.004901 1.183003 0.189987 0.009121 1.302292 0.012089 0.009161 1.187595 -0.064529 0.004901 
1.067721 0.116644 0.004902 1.183019 0.189998 0.008838 1.302308 0.012099 0.008875 1.187603 -0.064524 0.004902 
1.067730 0.116651 0.004902 1.183035 0.190008 0.008529 1.302324 0.012110 0.008563 1.187613 -0.064518 0.004902 
1.067740 0.116657 0.004902 1.183053 0.190020 0.008192 1.302342 0.012122 0.008223 1.187623 -0.064511 0.004902 
1.067751 0.116665 0.004903 1.183071 0.190032 0.007824 1.302360 0.012134 0.007852 1.187634 -0.064504 0.004903 
1.067763 0.116673 0.004903 1.183089 0.190044 0.007424 1.302379 0.012146 0.007448 1.187646 -0.064496 0.004903 
1.067776 0.116681 0.004903 1.183108 0.190057 0.006989 1.302398 0.012159 0.007009 1.187659 -0.064487 0.004903 
1.067791 0.116691 0.004903 1.183128 0.190070 0.006517 1.302417 0.012172 0.006532 1.187673 -0.064477 0.004904 
1.067806 0.116701 0.004904 1.183148 0.190083 0.006004 1.302437 0.012185 0.006014 1.187689 -0.064467 0.004904 
1.067823 0.116712 0.004904 1.183167 0.190096 0.005447 1.302457 0.012198 0.005452 1.187705 -0.064456 0.004904 
1.067831 0.116717 0.004907 1.183176 0.190102 0.005188 1.302465 0.012203 0.005190 1.187713 -0.064451 0.004906 
1.067832 0.116718 0.004912 1.183177 0.190102 0.005150 1.302467 0.012204 0.005151 1.187715 -0.064450 0.004911 
1.067834 0.116719 0.004919 1.183179 0.190104 0.005102 1.302468 0.012206 0.005102 1.187716 -0.064449 0.004918 
1.067836 0.116721 0.004934 1.183182 0.190105 0.005026 1.302471 0.012207 0.005026 1.187719 -0.064447 0.004933 
1.067837 0.116721 0.004937 1.183182 0.190106 0.005015 1.302472 0.012208 0.005015 1.187719 -0.064447 0.004937 
1.067837 0.116721 0.004940 1.183182 0.190106 0.005008 1.302472 0.012208 0.005009 1.187720 -0.064447 0.004940 
1.067599 0.116530 0.004734 1.182930 0.189934 0.004124 1.302252 0.012059 0.004532 1.187515 -0.064615 0.005154 
1.067623 0.116497 0.004598 1.182951 0.189908 0.004097 1.302283 0.012040 0.004650 1.187550 -0.064641 0.005165 
1.067526 0.116641 0.004717 1.182863 0.190037 0.004194 1.302172 0.012152 0.004336 1.187428 -0.064514 0.004866 
1.067524 0.116575 0.004630 1.182872 0.189952 0.003950 1.302153 0.012048 0.004362 1.187398 -0.064599 0.005055 
1.067470 0.116597 0.004616 1.182838 0.189940 0.003676 1.302069 0.012003 0.004175 1.187293 -0.064610 0.005132 
1.067438 0.116355 0.004367 1.182867 0.189581 0.002432 1.301937 0.011541 0.003625 1.187097 -0.064957 0.005596 
1.067434 0.116348 0.004429 1.182864 0.189577 0.002669 1.301934 0.011536 0.003746 1.187093 -0.064964 0.005539 
1.067364 0.116375 0.004705 1.182809 0.189579 0.002849 1.301838 0.011509 0.003582 1.186982 -0.064966 0.005466 
1.067356 0.116319 0.004751 1.182806 0.189513 0.002803 1.301824 0.011435 0.003676 1.186962 -0.065030 0.005656 
1.067364 0.116322 0.005122 1.182811 0.189515 0.002995 1.301829 0.011437 0.003786 1.186970 -0.065027 0.005944 
1.067382 0.116332 0.005757 1.182823 0.189521 0.003177 1.301842 0.011444 0.003890 1.186990 -0.065016 0.006506 
1.067411 0.116350 0.006572 1.182840 0.189531 0.003341 1.301861 0.011454 0.003987 1.187020 -0.064998 0.007259 
1.067444 0.116371 0.007411 1.182858 0.189542 0.003490 1.301880 0.011466 0.004076 1.187055 -0.064976 0.008043 
1.067481 0.116394 0.008238 1.182877 0.189553 0.003624 1.301900 0.011477 0.004154 1.187093 -0.064952 0.008820 
1.067521 0.116419 0.009056 1.182896 0.189564 0.003746 1.301920 0.011489 0.004224 1.187134 -0.064926 0.009592 
1.067565 0.116447 0.009870 1.182915 0.189576 0.003856 1.301941 0.011502 0.004287 1.187179 -0.064898 0.010367 
1.067613 0.116477 0.010687 1.182935 0.189589 0.003955 1.301961 0.011515 0.004345 1.187228 -0.064867 0.011148 
1.067665 0.116510 0.011510 1.182955 0.189601 0.004045 1.301983 0.011528 0.004397 1.187282 -0.064833 0.011940 
1.067723 0.116547 0.012347 1.182977 0.189615 0.004127 1.302005 0.011542 0.004445 1.187341 -0.064795 0.012749 
1.067786 0.116588 0.013201 1.182999 0.189629 0.004201 1.302027 0.011556 0.004488 1.187405 -0.064754 0.013579 
1.067856 0.116633 0.014078 1.183022 0.189643 0.004267 1.302051 0.011571 0.004528 1.187476 -0.064708 0.014438 
1.067933 0.116684 0.014984 1.183046 0.189659 0.004327 1.302076 0.011587 0.004565 1.187555 -0.064657 0.015329 
1.068019 0.116740 0.015927 1.183071 0.189675 0.004382 1.302102 0.011604 0.004599 1.187642 -0.064600 0.016259 
1.068115 0.116803 0.016913 1.183098 0.189693 0.004431 1.302130 0.011622 0.004630 1.187739 -0.064536 0.017236 
1.068223 0.116874 0.017949 1.183127 0.189712 0.004476 1.302159 0.011641 0.004658 1.187848 -0.064464 0.018265 
1.068344 0.116953 0.019041 1.183157 0.189732 0.004516 1.302190 0.011662 0.004683 1.187971 -0.064383 0.019351 
1.068479 0.117043 0.020191 1.183190 0.189753 0.004553 1.302223 0.011683 0.004706 1.188108 -0.064293 0.020499 
1.068632 0.117144 0.021406 1.183224 0.189776 0.004586 1.302258 0.011706 0.004727 1.188262 -0.064191 0.021712 
1.068803 0.117257 0.022692 1.183261 0.189800 0.004616 1.302296 0.011731 0.004746 1.188435 -0.064076 0.022999 
1.068997 0.117386 0.024057 1.183301 0.189826 0.004644 1.302336 0.011758 0.004763 1.188631 -0.063946 0.024367 
1.069216 0.117532 0.025510 1.183343 0.189854 0.004669 1.302378 0.011786 0.004778 1.188853 -0.063799 0.025823 
1.069465 0.117697 0.027060 1.183388 0.189884 0.004692 1.302424 0.011816 0.004791 1.189104 -0.063632 0.027378 
1.069749 0.117886 0.028722 1.183437 0.189917 0.004713 1.302474 0.011849 0.004804 1.189391 -0.063441 0.029048 
1.070079 0.118105 0.030531 1.183491 0.189952 0.004731 1.302528 0.011885 0.004815 1.189724 -0.063219 0.030867 
1.070459 0.118359 0.032489 1.183549 0.189991 0.004749 1.302586 0.011924 0.004825 1.190108 -0.062963 0.032836 
1.070897 0.118651 0.034594 1.183612 0.190033 0.004764 1.302650 0.011966 0.004835 1.190550 -0.062669 0.034955 
1.071399 0.118986 0.036852 1.183680 0.190078 0.004779 1.302718 0.012012 0.004843 1.191057 -0.062331 0.037229 
1.071975 0.119369 0.039271 1.183753 0.190127 0.004793 1.302792 0.012061 0.004851 1.191638 -0.061943 0.039665 
1.072634 0.119810 0.041858 1.183832 0.190180 0.004805 1.302872 0.012114 0.004858 1.192303 -0.061499 0.042272 
1.073391 0.120314 0.044624 1.183917 0.190236 0.004817 1.302957 0.012171 0.004864 1.193067 -0.060990 0.045060 
1.074258 0.120893 0.047580 1.184009 0.190297 0.004827 1.303049 0.012232 0.004870 1.193942 -0.060405 0.048039 
1.075254 0.121558 0.050736 1.184107 0.190363 0.004838 1.303148 0.012298 0.004876 1.194947 -0.059734 0.051221 
1.076398 0.122322 0.054105 1.184214 0.190434 0.004847 1.303255 0.012370 0.004882 1.196102 -0.058963 0.054619 
1.077716 0.123202 0.057705 1.184329 0.190511 0.004856 1.303370 0.012447 0.004885 1.197431 -0.058076 0.058248 
1.079234 0.124216 0.061546 1.184453 0.190594 0.004865 1.303495 0.012530 0.004889 1.198964 -0.057053 0.062121 
1.080983 0.125383 0.065633 1.184588 0.190684 0.004873 1.303629 0.012620 0.004893 1.200728 -0.055874 0.066243 
1.082995 0.126727 0.069968 1.184733 0.190781 0.004882 1.303775 0.012717 0.004897 1.202758 -0.054518 0.070617 
1.085307 0.128272 0.074551 1.184890 0.190885 0.004890 1.303932 0.012821 0.004902 1.205091 -0.052960 0.075240 
1.087961 0.130046 0.079374 1.185059 0.190998 0.004898 1.304101 0.012934 0.004908 1.207770 -0.051170 0.080108 
1.090970 0.132057 0.084440 1.185189 0.191107 0.004907 1.304257 0.013060 0.004910 1.210832 -0.049122 0.085217 
1.093842 0.133443 0.089537 1.184666 0.190754 0.004942 1.304448 0.013187 0.004918 1.214462 -0.047234 0.090335 
1.095300 0.131071 0.095888 1.180982 0.188176 0.005958 1.304666 0.013308 0.004924 1.219929 -0.046866 0.095713 
1.097041 0.127822 0.103323 1.176843 0.185076 0.008226 1.304899 0.013412 0.004927 1.226162 -0.046865 0.100901 
1.099718 0.124201 0.112389 1.172924 0.181868 0.012363 1.305020 0.013427 0.004887 1.233001 -0.047221 0.105778 
1.104567 0.121960 0.122859 1.170704 0.179588 0.018003 1.305305 0.013490 0.004897 1.240459 -0.047085 0.110583 
1.110649 0.118886 0.133193 1.169466 0.175826 0.023702 1.305550 0.011492 0.004909 1.248118 -0.048363 0.115195 
1.121755 0.109137 0.141094 1.173331 0.163108 0.026565 1.310013 -0.000377 0.004924 1.259900 -0.057222 0.120255 
1.144601 0.091845 0.143101 1.190479 0.140530 0.023876 1.331520 -0.019760 0.006784 1.287223 -0.071223 0.126923 
1.172888 0.077921 0.144107 1.214600 0.116630 0.019802 1.359265 -0.041201 0.013531 1.319227 -0.082554 0.138953 
1.203450 0.071903 0.142850 1.242698 0.097014 0.014324 1.389018 -0.059167 0.023009 1.351492 -0.086768 0.152909 
1.238190 0.067818 0.142051 1.271220 0.083284 0.010295 1.421076 -0.069082 0.024629 1.389879 -0.086888 0.157872 2.154899 0.958976 0.010074 2.208774 0.997100 0.009915 2.199294 1.010476 0.004716 2.145418 0.972353 0.004875 
1.276455 0.061941 0.137530 1.304229 0.078570 0.004708 1.459716 -0.068482 0.013506 1.433906 -0.087386 0.147747 2.171917 0.962820 0.010641 2.229350 0.995326 0.009716 2.221152 1.009674 0.004943 2.163719 0.977168 0.005868 
1.310705 0.059712 0.139574 1.333188 0.082130 0.006601 1.494290 -0.059009 0.004746 1.473904 -0.083674 0.138985 2.174217 0.967355 0.012539 2.234250 0.994587 0.009306 2.227183 1.009649 0.004947 2.167150 0.982418 0.008180 
1.331937 0.064044 0.157083 1.345538 0.093446 0.024267 1.507387 -0.045489 0.004780 1.495979 -0.077174 0.138608 2.175280 0.967699 0.017273 2.234893 0.994870 0.009272 2.227512 1.009793 0.004955 2.167898 0.982623 0.012956 
1.346905 0.071355 0.177679 1.350066 0.110229 0.046650 1.510260 -0.025662 0.004822 1.509370 -0.066866 0.136524 2.176214 0.968317 0.020704 2.235150 0.995640 0.009041 2.227464 1.010476 0.004959 2.168528 0.983153 0.016622 
1.359968 0.077765 0.197788 1.352717 0.127766 0.070756 1.509623 -0.002379 0.005027 1.519200 -0.054737 0.132349 2.177050 0.968568 0.023026 2.235395 0.995905 0.008724 2.227527 1.010730 0.004962 2.169182 0.983393 0.019264 
1.369279 0.086304 0.219063 1.351521 0.146727 0.097723 1.500781 0.022042 0.007984 1.520856 -0.040761 0.129214 2.177959 0.968362 0.024575 2.235721 0.995879 0.008378 2.227700 1.010706 0.004964 2.169938 0.983190 0.021161 
1.375841 0.095781 0.242612 1.347956 0.165052 0.128097 1.485742 0.045365 0.015992 1.515879 -0.026300 0.130010 2.178963 0.967801 0.025598 2.236054 0.995848 0.007993 2.227846 1.010657 0.004965 2.170754 0.982610 0.022569 
1.379988 0.103185 0.258094 1.346357 0.178545 0.149100 1.473327 0.061409 0.022468 1.509110 -0.016367 0.130702 2.179559 0.968421 0.026720 2.235375 0.997773 0.007252 2.226805 1.012496 0.004880 2.170989 0.983145 0.024348 
1.386639 0.102064 0.258323 1.350555 0.181639 0.153177 1.472547 0.068062 0.018656 1.510735 -0.013919 0.122890 2.181292 0.967945 0.027830 2.235811 0.998370 0.006428 2.226985 1.013044 0.004805 2.172466 0.982619 0.026207 
1.394612 0.096180 0.248127 1.357794 0.177850 0.144860 1.479121 0.067238 0.007301 1.518041 -0.016816 0.109596 2.179771 0.976713 0.027601 2.233277 1.007977 0.004891 2.224566 1.022807 0.004782 2.171060 0.991544 0.027492 
1.397801 0.092552 0.250138 1.359703 0.175872 0.148667 1.478001 0.066515 0.007513 1.518169 -0.019186 0.107941 2.181624 0.984838 0.033888 2.234882 1.016536 0.011197 2.226463 1.031492 0.012332 2.173206 0.999794 0.035023 
1.402096 0.086265 0.252790 1.361811 0.172188 0.154382 1.476711 0.066391 0.007812 1.519039 -0.021888 0.105070 2.184476 0.977710 0.043640 2.237856 1.009034 0.020720 2.229617 1.024070 0.022080 2.176236 0.992746 0.045001 
1.405333 0.080778 0.254931 1.363470 0.168836 0.159103 1.474613 0.065319 0.008075 1.518479 -0.025083 0.102665 2.181405 0.972684 0.052469 2.234335 1.004353 0.028987 2.226118 1.019364 0.030711 2.173188 0.987695 0.054193 
1.409535 0.074121 0.256442 1.366405 0.163621 0.162530 1.474614 0.061775 0.008270 1.519718 -0.030059 0.100878 2.177875 0.968618 0.061210 2.230102 1.000893 0.036988 2.221871 1.015839 0.039155 2.169643 0.983564 0.063377 
1.412823 0.069327 0.257481 1.369005 0.159856 0.164883 1.474742 0.058778 0.008420 1.520505 -0.034084 0.099670 2.177112 0.965233 0.070453 2.228529 0.998204 0.045448 2.220309 1.013069 0.048147 2.168892 0.980098 0.073152 
1.415886 0.067024 0.258479 1.371771 0.158625 0.167084 1.474410 0.057573 0.008554 1.520429 -0.036370 0.098560 2.176515 0.967527 0.079152 2.227610 1.000387 0.053356 2.219883 1.015303 0.057050 2.168788 0.982443 0.082847 
1.418607 0.065748 0.259126 1.374633 0.157953 0.168273 1.474589 0.055964 0.008633 1.520427 -0.038603 0.098076 2.174747 0.968223 0.086144 2.225050 1.001169 0.058936 2.217806 1.016062 0.063577 2.167503 0.983117 0.090784 
1.420160 0.065490 0.259518 1.376586 0.158393 0.169185 1.474687 0.055938 0.008695 1.520094 -0.039341 0.097600 2.177555 0.964761 0.097136 2.226822 0.997962 0.068389 2.220013 1.012786 0.073839 2.170745 0.979586 0.102587 
1.422939 0.062294 0.260340 1.378582 0.156696 0.171962 1.474877 0.056702 0.008848 1.521050 -0.040055 0.095741 2.188045 0.963018 0.109810 2.237253 0.995763 0.080445 2.231181 1.010561 0.086771 2.181973 0.977816 0.116136 
1.425834 0.057117 0.262474 1.379167 0.155469 0.179777 1.471675 0.063625 0.009822 1.520125 -0.037004 0.090880 2.202295 0.962194 0.121667 2.252107 0.994318 0.092637 2.246829 1.009016 0.099845 2.197016 0.976892 0.128875 
1.420509 0.059748 0.271086 1.373004 0.161099 0.192594 1.456318 0.071103 0.016989 1.505482 -0.032527 0.093720 2.210761 0.961183 0.138940 2.259873 0.994121 0.109629 2.255475 1.008344 0.118243 2.206363 0.975406 0.147553 
1.413902 0.066628 0.274831 1.367559 0.170165 0.198528 1.442120 0.078635 0.019809 1.489985 -0.027225 0.094285 2.221077 0.955190 0.162076 2.269613 0.988086 0.131777 2.266547 1.001776 0.141728 2.218010 0.968880 0.172027 
1.414797 0.067504 0.265173 1.369057 0.173853 0.192458 1.437909 0.085322 0.009977 1.485084 -0.023334 0.080777 2.235580 0.947475 0.187199 2.284939 0.979081 0.156855 2.283157 0.992295 0.167721 2.233798 0.960689 0.198065 
1.423636 0.058134 0.265385 1.375403 0.166894 0.198044 1.438095 0.084952 0.010340 1.487697 -0.026042 0.075638 2.254576 0.943989 0.218448 2.304685 0.976145 0.189968 2.303559 0.988474 0.201908 2.253450 0.956318 0.230388 
1.433917 0.046020 0.264684 1.382450 0.157310 0.204223 1.438462 0.084438 0.010755 1.491235 -0.028981 0.069023 2.280699 0.943413 0.245559 2.332703 0.975260 0.220313 2.332164 0.986471 0.233346 2.280159 0.954625 0.258592 
1.444149 0.032820 0.263130 1.389354 0.146350 0.210231 1.438829 0.083807 0.011439 1.494868 -0.031725 0.061995 2.308394 0.940002 0.270496 2.362816 0.969903 0.248131 2.363039 0.979941 0.262097 2.308618 0.950040 0.284462 
1.455044 0.018615 0.260612 1.396484 0.133855 0.216112 1.439103 0.082985 0.012461 1.498845 -0.034106 0.054468 2.335532 0.933430 0.296164 2.392376 0.960246 0.276022 2.393506 0.968957 0.290809 2.336662 0.942141 0.310952 
1.461650 0.012728 0.259315 1.401813 0.128458 0.217892 1.442937 0.082398 0.012794 1.503947 -0.035119 0.051673 2.365252 0.922710 0.318787 2.424550 0.944758 0.299982 2.426536 0.952434 0.315245 2.367238 0.930386 0.334051 
1.467575 0.009254 0.258378 1.406137 0.124871 0.219033 1.446349 0.082224 0.013018 1.508962 -0.035130 0.049786 2.396007 0.909635 0.336942 2.457101 0.927187 0.319181 2.459665 0.934020 0.334755 2.398571 0.916468 0.352517 
1.468800 0.010538 0.258608 1.407693 0.126197 0.218876 1.447537 0.082610 0.012987 1.509811 -0.034800 0.050147 2.416561 0.900064 0.346488 2.478211 0.916059 0.329183 2.480950 0.922501 0.344894 2.419300 0.906506 0.362199 
1.469154 0.011567 0.258649 1.409475 0.127955 0.218875 1.448705 0.083769 0.012996 1.509529 -0.034386 0.050198 2.424259 0.896072 0.353526 2.485672 0.911844 0.335205 2.488867 0.917781 0.351028 2.427454 0.902009 0.369349 
1.471489 0.011419 0.258505 1.412389 0.128277 0.219247 1.450002 0.084064 0.013072 1.510217 -0.034565 0.049749 2.425753 0.890993 0.353845 2.486979 0.906461 0.334660 2.490470 0.912258 0.350473 2.429244 0.896790 0.369658 
1.471036 0.012261 0.258673 1.412643 0.129333 0.218998 1.450112 0.084225 0.012991 1.509611 -0.034634 0.050091 2.427479 0.884581 0.354597 2.488647 0.899953 0.335149 2.492204 0.905775 0.350938 2.431037 0.890403 0.370386 
1.469680 0.012670 0.258804 1.411987 0.129966 0.218769 1.449850 0.084344 0.012946 1.508647 -0.034749 0.050414 2.430972 0.878881 0.357435 2.492121 0.894112 0.337815 2.495763 0.899845 0.353618 2.434614 0.884614 0.373237 
1.469875 0.011666 0.258467 1.412449 0.129332 0.219137 1.449897 0.084700 0.013021 1.508419 -0.034751 0.049772 2.434440 0.874714 0.361370 2.495554 0.889894 0.341607 2.499294 0.895459 0.357446 2.438180 0.880280 0.377209 
1.471293 0.010156 0.258012 1.413854 0.128335 0.220271 1.449850 0.085746 0.013466 1.508365 -0.034193 0.048602 2.438346 0.876803 0.364658 2.499611 0.890961 0.344602 2.503618 0.896149 0.360504 2.442353 0.881991 0.380560 
1.478143 0.006125 0.259801 1.419658 0.124407 0.224040 1.452851 0.083977 0.016334 1.512381 -0.036035 0.049458 2.438558 0.884270 0.353374 2.500895 0.896542 0.335498 2.504337 0.902188 0.351376 2.442000 0.889916 0.369252 
1.485965 0.003325 0.265021 1.426174 0.120264 0.227071 1.459375 0.076106 0.020128 1.520225 -0.042604 0.055473 2.433003 0.893091 0.337617 2.496411 0.904797 0.323530 2.498656 0.911504 0.339208 2.435248 0.899798 0.353295 
1.489276 0.006588 0.264973 1.429691 0.121315 0.220509 1.466259 0.067371 0.016473 1.526949 -0.049247 0.058438 2.424570 0.903493 0.325578 2.488557 0.915783 0.315057 2.489644 0.923322 0.330478 2.425658 0.911032 0.340999 
1.486829 0.018755 0.263419 1.429767 0.131443 0.211120 1.469172 0.064943 0.011364 1.527355 -0.049797 0.061300 2.417935 0.914072 0.310737 2.482184 0.926863 0.302709 2.482436 0.935081 0.317817 2.418187 0.922290 0.325845 
1.483010 0.031163 0.265278 1.427759 0.141758 0.206919 1.467889 0.064837 0.011086 1.524253 -0.047939 0.067198 2.410503 0.928107 0.295730 2.474529 0.941778 0.287376 2.474655 0.950315 0.302307 2.410629 0.936645 0.310661 
1.481247 0.038701 0.266064 1.426666 0.147691 0.204163 1.467776 0.064983 0.010909 1.523479 -0.046255 0.070634 2.394799 0.942618 0.274235 2.457338 0.959798 0.262001 2.457728 0.968807 0.276648 2.395189 0.951626 0.288882 
1.479089 0.044932 0.266561 1.424487 0.152136 0.201632 1.467706 0.065110 0.010749 1.523460 -0.044387 0.073566 2.372296 0.954500 0.252772 2.431793 0.976049 0.234018 2.432928 0.985426 0.248392 2.373430 0.963877 0.267147 
1.472880 0.054208 0.266966 1.419624 0.159252 0.197544 1.467550 0.066618 0.010462 1.522012 -0.040779 0.077870 2.360299 0.955117 0.229650 2.418682 0.977508 0.208530 2.419632 0.987915 0.222191 2.361250 0.965523 0.243312 
1.466275 0.065133 0.266986 1.415489 0.167579 0.192050 1.467332 0.067093 0.010136 1.519357 -0.037793 0.083187 2.351153 0.960527 0.212805 2.409085 0.982966 0.190525 2.409867 0.994013 0.203685 2.351935 0.971574 0.225965 
1.460316 0.077261 0.266362 1.412136 0.176619 0.185762 1.467161 0.067631 0.009775 1.516600 -0.034260 0.088630 2.342408 0.965183 0.192548 2.400010 0.987871 0.169673 2.400371 0.999617 0.182232 2.342769 0.976929 0.205107 
1.456658 0.088784 0.265226 1.410340 0.184861 0.179706 1.467386 0.068124 0.009424 1.514974 -0.030564 0.093328 2.332730 0.969059 0.183962 2.389901 0.992029 0.160300 2.389994 1.004256 0.172396 2.332823 0.981287 0.196058 
1.453637 0.098079 0.263774 1.409276 0.191285 0.174139 1.469454 0.068756 0.009085 1.515111 -0.027118 0.097220 2.327569 0.975250 0.177480 2.384680 0.997987 0.153451 2.384629 1.010541 0.165209 2.327518 0.987803 0.189238 
1.451659 0.105046 0.262304 1.408962 0.195900 0.169500 1.472428 0.069321 0.008791 1.516452 -0.024235 0.100187 2.323126 0.980869 0.170619 2.379994 1.003582 0.145999 2.379818 1.016424 0.157439 2.322950 0.993711 0.182059 
1.451506 0.108947 0.261275 1.409808 0.198288 0.166568 1.476165 0.069719 0.008630 1.519222 -0.022338 0.101988 2.316199 0.984517 0.164338 2.372376 1.007650 0.138550 2.372080 1.020767 0.149672 2.315903 0.997634 0.175459 
1.452827 0.112262 0.261442 1.411019 0.201825 0.166994 1.477066 0.073566 0.008674 1.520230 -0.018711 0.101765 2.306668 0.989042 0.158428 2.361677 1.013440 0.131322 2.361192 1.026697 0.142270 2.306183 1.002299 0.169376 
1.458152 0.115064 0.263089 1.414321 0.206963 0.171857 1.477097 0.082857 0.008962 1.522256 -0.011719 0.098739 2.294461 0.990710 0.151592 2.347809 1.017180 0.123145 2.346831 1.030628 0.133824 2.293483 1.004157 0.162271 
1.466730 0.113977 0.265368 1.419554 0.210150 0.180428 1.477048 0.094665 0.009444 1.525509 -0.004103 0.092753 2.281169 0.990377 0.145582 2.332654 1.019097 0.115910 2.331058 1.032703 0.126309 2.279573 1.003983 0.155981 
