-0.000556 0.000362 1.000000 -0.000739 -0.001146 0.999999 -0.000773 -0.001142 0.999999 -0.000565 0.000363 1.000000 
-0.000506 0.000329 1.000000 -0.000667 -0.001034 0.999999 -0.000697 -0.001030 0.999999 -0.000514 0.000330 1.000000 
-0.003973 0.002585 0.999989 -0.000292 -0.000453 1.000000 -0.000361 -0.000534 1.000000 -0.003991 0.002563 0.999989 
-0.001562 0.001018 0.999998 0.002151 0.003333 0.999992 0.002201 0.003249 0.999992 -0.001548 0.000995 0.999998 
-0.000145 0.000094 1.000000 0.002407 0.003728 0.999990 0.002487 0.003669 0.999990 -0.000123 0.000079 1.000000 
-0.000129 0.000084 1.000000 0.002175 0.003369 0.999992 0.002247 0.003316 0.999992 -0.000109 0.000070 1.000000 
-0.000117 0.000076 1.000000 0.001950 0.003020 0.999994 0.002014 0.002973 0.999994 -0.000099 0.000063 1.000000 
-0.000935 0.000609 0.999999 -0.000771 -0.001196 0.999999 -0.000811 -0.001199 0.999999 -0.000946 0.000608 0.999999 
-0.000724 0.000471 1.000000 -0.001807 -0.002804 0.999994 -0.001880 -0.002779 0.999994 -0.000744 0.000478 1.000000 
0.000196 -0.000128 1.000000 -0.002404 -0.003732 0.999990 -0.002483 -0.003673 0.999990 0.000174 -0.000112 1.000000 
-0.002722 0.001766 0.999995 -0.004714 -0.007338 0.999962 -0.004916 -0.007290 0.999961 -0.002778 0.001778 0.999995 
-0.002456 0.001593 0.999996 -0.004637 -0.007218 0.999963 -0.004833 -0.007166 0.999963 -0.002510 0.001606 0.999996 
-0.002214 0.001436 0.999997 -0.004219 -0.006567 0.999970 -0.004397 -0.006519 0.999969 -0.002263 0.001448 0.999996 
-0.001990 0.001290 0.999997 -0.003871 -0.006025 0.999974 -0.004033 -0.005981 0.999974 -0.002034 0.001302 0.999997 
-0.001785 0.001158 0.999998 -0.004268 -0.006644 0.999969 -0.004441 -0.006586 0.999968 -0.001832 0.001173 0.999998 
-0.001537 0.000997 0.999998 -0.006680 -0.010394 0.999924 -0.006932 -0.010275 0.999923 -0.001607 0.001029 0.999998 
-0.001373 0.000891 0.999999 -0.009852 -0.015331 0.999834 -0.010211 -0.015135 0.999833 -0.001472 0.000942 0.999998 
-0.001231 0.000799 0.999999 -0.017813 -0.027711 0.999457 -0.018442 -0.027330 0.999456 -0.001406 0.000900 0.999999 
-0.001097 0.000728 0.999999 -0.028250 -0.042957 0.998677 -0.029214 -0.042333 0.998676 -0.001364 0.000894 0.999999 
-0.000971 0.000647 0.999999 -0.036429 -0.055170 0.997812 -0.037662 -0.054355 0.997811 -0.001313 0.000864 0.999999 
-0.000848 0.000565 0.999999 -0.044414 -0.067256 0.996747 -0.045913 -0.066254 0.996746 -0.001263 0.000831 0.999999 
-0.000850 0.000567 0.999999 -0.043388 -0.065664 0.996898 -0.044852 -0.064686 0.996897 -0.001256 0.000827 0.999999 
-0.000725 0.000483 1.000000 -0.038821 -0.058750 0.997518 -0.040130 -0.057875 0.997517 -0.001087 0.000716 0.999999 
-0.000621 0.000414 1.000000 -0.029823 -0.045130 0.998536 -0.030828 -0.044460 0.998535 -0.000899 0.000592 0.999999 
-0.000533 0.000356 1.000000 -0.025415 -0.038460 0.998937 -0.026271 -0.037889 0.998937 -0.000771 0.000508 1.000000 
0.001560 -0.001040 0.999998 -0.024014 -0.036358 0.999050 -0.024792 -0.035773 0.999052 0.001344 -0.000884 0.999999 
0.017842 -0.011739 0.999772 -0.043403 -0.066350 0.996852 -0.044600 -0.064961 0.996891 0.017506 -0.011366 0.999782 
0.030967 -0.020397 0.999312 -0.063814 -0.096891 0.993247 -0.065491 -0.094740 0.993345 0.030495 -0.019822 0.999338 
-0.145418 -0.087978 0.985451 0.034959 -0.023099 0.999122 0.000609 0.006030 0.999982 0.023561 -0.036277 0.999064 -0.066448 -0.094462 0.993308 -0.006840 -0.072176 0.997368 
-0.135136 -0.083769 0.987280 0.037357 -0.024439 0.999003 -0.002317 -0.027610 0.999616 0.026305 -0.039546 0.998871 -0.057551 -0.082685 0.994913 -0.008180 -0.104440 0.994498 
-0.102454 -0.066378 0.992521 0.036433 -0.022773 0.999077 -0.005650 -0.053696 0.998541 0.028442 -0.041102 0.998750 -0.051477 -0.077409 0.995670 -0.010552 -0.103771 0.994545 
-0.048951 -0.032166 0.998283 0.034637 -0.021126 0.999177 -0.010798 -0.065648 0.997784 0.027944 -0.040123 0.998804 -0.052358 -0.080652 0.995366 -0.011295 -0.069332 0.997530 
-0.017706 -0.011346 0.999779 0.034142 -0.021227 0.999192 -0.012377 -0.058084 0.998235 0.024459 -0.036147 0.999047 -0.055630 -0.084078 0.994905 -0.008301 -0.039163 0.999198 
-0.001278 -0.000792 0.999999 0.034237 -0.022003 0.999172 -0.011998 -0.049226 0.998716 0.022411 -0.034284 0.999161 -0.054188 -0.079322 0.995375 -0.005437 -0.022428 0.999734 
0.000024 0.000015 1.000000 0.021649 -0.013715 0.999672 -0.006891 -0.028730 0.999563 0.000960 -0.001472 0.999998 -0.042068 -0.062724 0.997144 -0.003545 -0.014749 0.999885 
0.003928 0.002473 0.999989 0.009424 -0.005884 0.999938 -0.005344 -0.022629 0.999730 0.000225 -0.000339 1.000000 -0.033158 -0.050288 0.998184 -0.000852 -0.003603 0.999993 
0.017010 0.011028 0.999794 -0.000015 0.000009 1.000000 -0.003717 -0.016171 0.999862 0.000023 -0.000033 1.000000 -0.023838 -0.037131 0.999026 0.002872 0.012488 0.999918 
0.030761 0.020214 0.999322 0.000060 -0.000037 1.000000 -0.001906 -0.008306 0.999964 0.000229 -0.000331 1.000000 -0.012714 -0.019804 0.999723 0.005169 0.022658 0.999730 
0.034462 0.022616 0.999150 0.000133 -0.000081 1.000000 -0.000099 -0.000429 1.000000 0.000371 -0.000536 1.000000 -0.001623 -0.002528 0.999995 0.005983 0.026146 0.999640 
0.033962 0.022290 0.999175 0.000000 -0.000000 1.000000 0.000391 0.001703 0.999998 0.000333 -0.000482 1.000000 0.000281 0.000438 1.000000 0.006280 0.027503 0.999602 
0.033880 0.022193 0.999179 -0.000020 0.000012 1.000000 0.001825 0.008045 0.999966 -0.002085 0.003021 0.999993 0.001107 0.001724 0.999998 0.007230 0.032043 0.999460 
0.042026 0.027491 0.998738 -0.000044 0.000027 1.000000 0.005153 0.022877 0.999725 -0.008044 0.011656 0.999900 0.004955 0.007720 0.999958 0.010288 0.045905 0.998893 
0.055174 0.036051 0.997826 -0.000067 0.000041 1.000000 0.009864 0.043875 0.998988 -0.015754 0.022796 0.999616 0.010256 0.015979 0.999820 0.014991 0.067039 0.997638 
0.070578 0.046009 0.996445 -0.000090 0.000055 1.000000 0.015095 0.067528 0.997603 -0.024420 0.035275 0.999079 0.016356 0.025484 0.999541 0.020248 0.091077 0.995638 
0.085654 0.055737 0.994765 -0.000109 0.000067 1.000000 0.019945 0.090549 0.995692 -0.032997 0.047507 0.998326 0.022886 0.035656 0.999102 0.024961 0.114000 0.993167 
0.098411 0.063957 0.993089 -0.000128 0.000078 1.000000 0.023911 0.111086 0.993523 -0.040610 0.058227 0.997477 0.029908 0.046595 0.998466 0.028489 0.133232 0.990675 
0.109969 0.071714 0.991344 0.000286 -0.000200 1.000000 0.018158 0.086494 0.996087 -0.047980 0.068168 0.996519 0.021525 0.029149 0.999343 0.022643 0.113872 0.993237 
0.121385 0.077874 0.989546 0.019233 -0.013471 0.999724 0.014286 0.073333 0.997205 -0.058966 0.084377 0.994688 0.017576 0.023885 0.999560 0.016791 0.090050 0.995796 
0.132505 0.082897 0.987710 0.061489 -0.042154 0.997217 0.009351 0.059299 0.998196 -0.073676 0.106701 0.991558 0.009457 0.013138 0.999869 0.008071 0.052218 0.998603 
0.146063 0.090408 0.985136 0.098806 -0.067784 0.992795 0.005988 0.048630 0.998799 -0.088589 0.127720 0.987846 0.015680 0.021857 0.999638 0.002230 0.018036 0.999835 
0.114290 0.074512 0.990649 0.145981 -0.095219 0.984694 0.003285 0.033708 0.999426 -0.071103 0.099759 0.992468 0.026278 0.038899 0.998898 -0.002900 -0.028215 0.999598 
0.076539 0.052507 0.995683 0.156173 -0.096505 0.983004 0.001555 0.015556 0.999878 -0.049547 0.067477 0.996490 0.053430 0.085375 0.994915 -0.007312 -0.067319 0.997705 
0.046949 0.035656 0.998261 0.151723 -0.103440 0.982996 -0.001690 -0.014831 0.999889 -0.024612 0.030687 0.999226 0.063138 0.091882 0.993766 -0.010607 -0.091121 0.995783 
0.158129 -0.115688 0.980618 0.028664 0.022158 0.999343 -0.009927 -0.065912 0.997776 -0.014330 0.017614 0.999742 -0.122424 -0.146666 0.981581 -0.010936 -0.077889 0.996902 
0.141369 -0.107493 0.984104 0.021890 0.016881 0.999618 -0.016775 -0.100830 0.994762 -0.016436 0.020253 0.999660 -0.267341 -0.284989 0.920495 -0.010513 -0.068025 0.997628 
0.094178 -0.072738 0.992895 0.031976 0.025302 0.999168 -0.018396 -0.105651 0.994233 -0.019439 0.023327 0.999539 -0.258367 -0.286344 0.922634 -0.008492 -0.052508 0.998584 
0.030570 -0.023481 0.999257 0.047320 0.038854 0.998124 -0.018827 -0.100383 0.994771 -0.024638 0.028439 0.999292 -0.222351 -0.266703 0.937779 -0.004455 -0.025576 0.999663 
0.000920 -0.000697 0.999999 0.074611 0.062927 0.995225 -0.010104 -0.051312 0.998632 -0.032488 0.036329 0.998812 -0.183510 -0.229850 0.955768 0.005457 0.030108 0.999532 
0.000835 -0.000632 0.999999 -0.047018 0.052033 0.997538 0.106894 0.090130 0.990177 -0.006645 -0.033454 0.999418 -0.151648 -0.190342 0.969935 0.008250 0.045593 0.998926 
-0.002771 0.002019 0.999994 -0.053368 0.058406 0.996865 0.142777 0.120427 0.982401 -0.001075 -0.005331 0.999985 -0.107249 -0.140025 0.984322 0.013360 0.073404 0.997213 
-0.016588 0.011542 0.999796 -0.056828 0.060263 0.996564 0.186407 0.160245 0.969316 0.006303 0.031333 0.999489 -0.065932 -0.090454 0.993716 0.021143 0.118237 0.992760 
-0.031226 0.020756 0.999297 -0.061966 0.063404 0.996062 0.233122 0.204250 0.950756 0.016214 0.082846 0.996430 -0.024331 -0.034875 0.999095 0.030192 0.177343 0.983686 
-0.043894 0.027877 0.998647 -0.070168 0.069316 0.995124 0.281140 0.249172 0.926754 0.026438 0.141931 0.989523 0.009611 0.014328 0.999851 0.038497 0.244209 0.968958 
-0.046055 0.028728 0.998526 -0.082813 0.078760 0.993448 0.332154 0.295042 0.895893 0.036287 0.211692 0.976662 0.052566 0.079001 0.995488 0.043232 0.312284 0.949005 
-0.043258 0.026862 0.998703 -0.099927 0.091840 0.990747 0.386012 0.336745 0.858835 0.044700 0.294000 0.954760 0.095004 0.142199 0.985268 0.044669 0.388245 0.920473 
-0.037644 0.023633 0.999012 -0.116859 0.104155 0.987672 0.442516 0.372750 0.815620 0.049351 0.382299 0.922720 0.138688 0.204115 0.969073 0.040969 0.467466 0.883061 
-0.030846 0.019723 0.999330 -0.132793 0.114660 0.984489 0.500853 0.401998 0.766514 0.046767 0.471795 0.880467 0.183588 0.264479 0.946756 0.028729 0.546051 0.837259 
-0.024316 0.015756 0.999580 -0.149783 0.124278 0.980877 0.559483 0.422399 0.713132 0.031280 0.557617 0.829509 0.228440 0.324299 0.917957 0.002724 0.619239 0.785198 
-0.020342 0.013187 0.999706 -0.162225 0.128881 0.978301 0.620186 0.435254 0.652628 0.010437 0.622093 0.782874 0.271386 0.383915 0.882587 -0.028931 0.675331 0.736947 
-0.017369 0.011227 0.999786 -0.170142 0.129912 0.976819 0.679387 0.435786 0.590359 -0.018412 0.676368 0.736334 0.313121 0.442501 0.840326 -0.070092 0.720967 0.689415 
-0.013932 0.009043 0.999862 -0.177210 0.130154 0.975529 0.740801 0.417740 0.526030 -0.058373 0.723774 0.687564 0.353725 0.496628 0.792616 -0.123748 0.757200 0.641353 
0.021362 -0.013743 0.999677 -0.160492 0.118032 0.979954 0.779003 0.414184 0.470750 -0.091348 0.740632 0.665672 0.350053 0.532094 0.770934 -0.170311 0.767924 0.617484 
0.053286 -0.033552 0.998015 -0.135556 0.096311 0.986077 0.779323 0.456022 0.429766 -0.138820 0.733567 0.665288 0.337842 0.565171 0.752625 -0.224195 0.751649 0.620290 
0.094979 -0.059286 0.993712 -0.100018 0.069275 0.992571 0.762457 0.520697 0.384102 -0.188325 0.715273 0.672992 0.317386 0.599513 0.734745 -0.277209 0.723011 0.632780 
0.141874 -0.088858 0.985888 0.288878 0.630673 0.720278 0.719778 0.605840 0.338936 -0.233276 0.688186 0.687010 -0.059075 0.040216 0.997443 -0.321948 0.686140 0.652351 
0.191914 -0.121309 0.973886 0.251989 0.657909 0.709688 0.631388 0.715681 0.298579 -0.269520 0.653180 0.707612 -0.012677 0.008545 0.999883 -0.354963 0.643084 0.678560 
0.244816 -0.157068 0.956763 0.207598 0.677648 0.705476 0.477309 0.837506 0.266008 -0.295998 0.612671 0.732816 0.037404 -0.025094 0.998985 -0.376478 0.596392 0.708930 
0.299424 -0.195409 0.933895 0.158849 0.686191 0.709866 0.249339 0.935256 0.251248 -0.309818 0.568188 0.762348 0.090164 -0.060498 0.994088 -0.384188 0.548176 0.742901 
0.354252 -0.234656 0.905230 0.109003 0.684248 0.721057 -0.005840 0.965480 0.260411 -0.312710 0.520095 0.794804 0.144659 -0.097006 0.984715 -0.379741 0.498474 0.779308 
0.031639 0.706202 0.707303 0.406569 -0.277324 0.870513 0.215430 -0.143626 0.965899 -0.353670 0.428545 0.831425 -0.234580 0.921479 0.309595 -0.306109 0.449332 0.839284 
-0.038565 0.688277 0.724422 0.466449 -0.328258 0.821384 0.292116 -0.189908 0.937338 -0.313980 0.352448 0.881588 -0.388442 0.841032 0.376535 -0.281993 0.370694 0.884910 
-0.096060 0.650558 0.753357 0.523376 -0.384203 0.760569 0.369342 -0.234114 0.899320 -0.264376 0.276697 0.923875 -0.485450 0.750219 0.448898 -0.244111 0.292272 0.924655 
-0.138882 0.600495 0.787475 0.445666 -0.274749 0.851995 -0.204022 0.200570 0.958200 0.570440 -0.446251 0.689535 -0.535038 0.662143 0.524691 -0.193527 0.213175 0.957655 
-0.162745 0.533672 0.829885 0.526649 -0.307594 0.792481 -0.131150 0.121738 0.983860 0.612651 -0.507434 0.605945 -0.543305 0.580288 0.606700 -0.128099 0.131041 0.983066 
-0.159729 0.491766 0.855952 0.616769 -0.300302 0.727609 -0.054261 0.048375 0.997354 0.642351 -0.521129 0.561970 -0.502868 0.519927 0.690507 -0.056856 0.054925 0.996870 
-0.154206 0.442947 0.883187 0.676549 -0.291447 0.676269 0.002276 -0.001970 0.999995 0.672732 -0.537802 0.508135 -0.474792 0.470377 0.743853 -0.002688 0.002513 0.999993 
-0.148351 0.394411 0.906880 0.709075 -0.327142 0.624652 0.033537 -0.028389 0.999034 0.696268 -0.558205 0.451241 -0.094020 0.087616 0.991708 
-0.146754 0.363116 0.920114 0.714587 -0.362954 0.598022 0.694977 -0.591509 0.408807 -0.076287 0.071226 0.994539 0.689510 -0.594390 0.413856 -0.168548 0.142945 0.975273 
0.106670 -0.099811 0.989272 -0.149197 0.348442 0.925380 0.658065 -0.645674 0.387371 0.722273 -0.394419 0.568116 -0.144826 0.122090 0.981896 
0.131408 -0.124283 0.983507 -0.152281 0.335750 0.929560 0.602477 -0.710284 0.364031 0.728555 -0.427913 0.534881 -0.115951 0.096768 0.988530 
0.152635 -0.146389 0.977381 0.730327 -0.458639 0.506234 -0.153678 0.326179 0.932733 0.530062 -0.773401 0.347686 0.061681 -0.051578 0.996762 -0.402817 0.327120 0.854828 
0.169578 -0.164832 0.971634 0.085669 -0.072149 0.993708 -0.152169 0.316292 0.936378 0.455669 -0.824868 0.334601 0.728384 -0.486623 0.482342 -0.390805 0.306913 0.867799 
0.183182 -0.180597 0.966348 0.105869 -0.089966 0.990302 0.382771 -0.866017 0.321717 -0.141339 0.290649 0.946333 0.727491 -0.507396 0.461852 -0.378499 0.290804 0.878733 
0.193260 -0.194018 0.961773 0.121247 -0.104356 0.987122 0.316700 -0.893595 0.318101 -0.139976 0.285390 0.948135 0.720689 -0.531905 0.444618 -0.366182 0.279358 0.887621 
0.200179 -0.204104 0.958264 0.131550 -0.114285 0.984700 0.263402 -0.911721 0.315251 -0.139512 0.279326 0.950007 -0.361238 0.275763 0.890765 0.700568 -0.551410 0.452936 
0.204490 -0.207917 0.956532 0.134564 -0.116215 0.984066 0.249969 -0.918168 0.307383 -0.137183 0.270505 0.952894 -0.357709 0.271447 0.893511 0.694021 -0.563854 0.447665 
0.201204 -0.204170 0.958035 -0.358288 0.271900 0.893141 0.280904 -0.912559 0.297202 -0.133253 0.263154 0.955507 0.123178 -0.106675 0.986635 0.684610 -0.574489 0.448633 
0.194612 -0.196463 0.961004 0.110856 -0.095815 0.989207 0.325561 -0.898569 0.294252 -0.131538 0.263075 0.955766 -0.363222 0.279461 0.888803 0.687810 -0.564058 0.456898 
0.185548 -0.186074 0.964857 0.098521 -0.084876 0.991509 0.368335 -0.880537 0.298302 -0.130829 0.269480 0.954078 -0.372640 0.289154 0.881776 0.695595 -0.543267 0.470116 
0.171643 -0.171670 0.970087 0.083552 -0.072163 0.993887 -0.139550 0.302757 0.942796 0.417429 -0.851819 0.316478 0.713470 -0.517682 0.472193 -0.382804 0.302085 0.873044 
0.151663 -0.152135 0.976654 0.064287 -0.056034 0.996357 -0.140300 0.326125 0.934858 0.476701 -0.810424 0.340543 0.721385 -0.474882 0.504073 -0.399224 0.329081 0.855760 
0.122893 -0.124317 0.984603 -0.140172 0.355985 0.923919 0.549452 -0.745737 0.376801 0.716861 -0.430326 0.548571 0.035080 -0.031181 0.998898 -0.417237 0.369202 0.830424 
0.091564 -0.093314 0.991417 -0.136973 0.384003 0.913116 0.611236 -0.671933 0.418206 0.704151 -0.389613 0.593610 -0.142300 0.131166 0.981094 
-0.133342 0.414126 0.900400 0.685348 -0.350869 0.638114 0.033576 -0.032016 0.998923 0.653599 -0.599307 0.462212 -0.435036 0.462022 0.772839 0.027206 -0.028116 0.999234 
-0.126250 0.439793 0.889181 0.661428 -0.321130 0.677782 0.002089 -0.002002 0.999996 0.665109 -0.549733 0.505394 -0.438796 0.501144 0.745864 -0.002106 0.002187 0.999995 
-0.131685 0.469680 0.872960 0.637546 -0.304642 0.707621 -0.006797 0.006622 0.999955 -0.439287 0.532933 0.723194 0.628739 -0.571171 0.527685 -0.011620 0.011871 0.999862 
-0.136524 0.497766 0.856499 0.615818 -0.298422 0.729187 -0.025519 0.024878 0.999365 -0.448130 0.553562 0.701960 0.607230 -0.568328 0.555225 -0.030480 0.030848 0.999059 
-0.139478 0.528520 0.837384 0.588672 -0.294526 0.752808 -0.056092 0.054018 0.996963 -0.472111 0.570089 0.672391 0.587074 -0.557165 0.587292 -0.060447 0.060609 0.996330 
-0.140256 0.561416 0.815561 0.555196 -0.291103 0.779113 -0.502505 0.586194 0.635504 0.560230 -0.542643 0.625844 -0.291764 0.276314 0.915710 0.565008 -0.542644 0.621534 -0.096528 0.096318 0.990659 
-0.140620 0.583127 0.800118 0.524687 -0.286588 0.801605 -0.531660 0.596703 0.601068 0.550070 -0.523153 0.650948 -0.326621 0.305165 0.894535 0.554813 -0.523341 0.646759 -0.129824 0.129485 0.983046 
-0.140612 0.592918 0.792891 0.508096 -0.283547 0.813289 -0.152182 0.140845 0.978265 0.555516 -0.503098 0.662038 -0.549407 0.599676 0.581842 -0.151016 0.150990 0.976932 
-0.140496 0.599148 0.788215 0.502008 -0.279048 0.818609 -0.161507 0.148897 0.975574 0.556395 -0.487822 0.672648 -0.550871 0.605088 0.574812 -0.159426 0.159575 0.974228 
0.504332 -0.276983 0.817882 -0.143817 0.058401 0.987880 0.035096 0.019808 0.999188 -0.160761 0.147834 0.975859 -0.143183 0.598212 0.788442 -0.004608 -0.011411 0.999924 0.061904 0.148083 0.987036 
0.054090 0.129934 0.990046 0.511973 -0.276000 0.813454 -0.148072 0.061501 0.987062 0.030068 0.016864 0.999406 -0.152133 0.139890 0.978410 -0.146014 0.593383 0.791566 
0.050231 0.121889 0.991272 0.522007 -0.277260 0.806620 -0.138999 0.058130 0.988585 0.030831 0.017351 0.999374 -0.140082 0.128701 0.981740 -0.150317 0.585945 0.796287 
0.048098 0.118347 0.991807 0.535341 -0.282497 0.795993 -0.123382 0.051259 0.991035 0.038095 0.021580 0.999041 -0.126088 0.115344 0.985291 -0.155678 0.574781 0.803362 
0.047069 0.117743 0.991928 0.553918 -0.287488 0.781361 -0.101802 0.041589 0.993935 0.050647 0.028838 0.998300 -0.108719 0.098932 0.989137 -0.159307 0.562527 0.811286 
0.047022 0.118976 0.991783 0.570334 -0.285993 0.770017 -0.085816 0.034783 0.995704 0.063162 0.035954 0.997355 -0.093152 0.084629 0.992049 -0.158151 0.554419 0.817073 
0.049363 0.126129 0.990785 0.578571 -0.287671 0.763218 -0.065264 0.026380 0.997519 0.075295 0.042948 0.996236 -0.086601 0.078489 0.993146 -0.156534 0.548010 0.821695 
0.052527 0.135579 0.989373 0.580627 -0.290449 0.760599 -0.042972 0.017319 0.998926 0.084979 0.048744 0.995190 -0.086406 0.078060 0.993197 -0.155544 0.544739 0.824055 
0.055076 0.143034 0.988184 0.580451 -0.293345 0.759622 -0.028669 0.011519 0.999523 0.091109 0.052486 0.994457 -0.088507 0.079722 0.992880 -0.155056 0.542742 0.825463 
0.056252 0.146199 0.987655 0.579478 -0.294920 0.759754 -0.025859 0.010387 0.999612 0.092720 0.053506 0.994254 -0.090998 0.081835 0.992483 -0.155588 0.541922 0.825901 
0.578568 -0.293370 0.761048 0.002047 -0.000718 0.999998 0.090669 0.052680 0.994487 -0.092229 0.082773 0.992291 -0.155183 0.543776 0.824758 0.020482 0.058428 0.998081 0.057597 0.149560 0.987074 
0.578603 -0.287546 0.763241 0.027235 -0.004894 0.999617 0.086080 0.050616 0.995002 -0.091972 0.082075 0.992373 -0.155360 0.548068 0.821879 0.008045 0.045094 0.998950 0.057479 0.144975 0.987764 
0.580212 -0.283566 0.763508 -0.003586 -0.000011 0.999994 0.079145 0.047296 0.995741 -0.090074 0.079870 0.992727 -0.154632 0.547422 0.822447 -0.000105 0.034499 0.999405 0.054926 0.135075 0.989312 
0.585868 -0.280894 0.760169 -0.078630 -0.005550 0.996888 0.071638 0.043605 0.996477 -0.084549 0.074717 0.993614 -0.154116 0.546378 0.823237 -0.002344 0.034556 0.999400 0.049788 0.121654 0.991323 
0.591934 -0.278881 0.756201 -0.137621 -0.020262 0.990278 0.063017 0.039789 0.997219 -0.078024 0.068975 0.994563 -0.153665 0.545552 0.823869 -0.006140 0.043570 0.999032 0.042981 0.106329 0.993402 
0.593903 -0.271346 0.757397 -0.230505 -0.055664 0.971478 0.057936 0.037922 0.997600 -0.153613 0.546241 0.823422 -0.012178 0.053575 0.998490 0.037806 0.094236 0.994832 -0.272888 0.241766 0.931172 0.586873 -0.524030 0.617230 
0.596880 -0.266596 0.756743 -0.267651 -0.084870 0.959771 0.057530 0.039042 0.997580 -0.153288 0.547179 0.822860 -0.016620 0.055688 0.998310 0.035068 0.089307 0.995387 -0.266181 0.235920 0.934606 0.583801 -0.527985 0.616773 
0.598048 -0.265120 0.756339 -0.271433 -0.097299 0.957527 0.061939 0.043047 0.997151 -0.152770 0.547092 0.823014 -0.017586 0.051727 0.998506 0.035984 0.093520 0.994967 -0.265241 0.234164 0.935315 0.583176 -0.529158 0.616359 
0.596286 -0.264491 0.757949 -0.259758 -0.094597 0.961029 0.070760 0.049542 0.996262 -0.152646 0.548311 0.822225 -0.015859 0.045501 0.998838 0.040061 0.105194 0.993644 -0.267695 0.235399 0.934306 0.581991 -0.529198 0.617444 
0.593442 -0.264948 0.760019 -0.236789 -0.083051 0.968005 0.083877 0.058449 0.994760 -0.152711 0.550579 0.820696 -0.014630 0.043353 0.998953 0.046564 0.122422 0.991385 -0.271471 0.238189 0.932507 0.580534 -0.527972 0.619859 
0.593719 -0.270549 0.757827 -0.211504 -0.071259 0.974776 0.096067 0.066102 0.993178 -0.151862 0.549558 0.821538 -0.017107 0.053004 0.998448 0.052359 0.136595 0.989242 -0.274285 0.240553 0.931076 0.581908 -0.527047 0.619359 
0.595444 -0.274068 0.755204 -0.200357 -0.059989 0.977885 0.097618 0.066984 0.992967 -0.151102 0.549186 0.821927 -0.002944 0.009911 0.999947 0.053593 0.139319 0.988796 -0.273137 0.240544 0.931415 0.582416 -0.526593 0.619267 
0.596374 -0.274429 0.754339 -0.200852 -0.057793 0.977915 0.097630 0.066802 0.992978 -0.151190 0.549631 0.821612 0.000121 -0.000421 1.000000 0.053514 0.138422 0.988927 -0.270868 0.239676 0.932302 0.582071 -0.526474 0.619692 
0.595898 -0.273568 0.755027 -0.203843 -0.059368 0.977202 0.097621 0.066776 0.992981 -0.151550 0.550076 0.821248 -0.001512 0.005216 0.999985 0.053344 0.137791 0.989024 -0.270076 0.239505 0.932575 0.581508 -0.526815 0.619930 
0.595614 -0.272506 0.755635 -0.206475 -0.061037 0.976546 0.097640 0.066794 0.992978 -0.151524 0.550065 0.821261 -0.003470 0.011855 0.999924 0.053222 0.137626 0.989053 -0.270162 0.239248 0.932616 0.581254 -0.527295 0.619762 
0.595517 -0.271885 0.755935 -0.208073 -0.062071 0.976142 0.097677 0.066827 0.992972 -0.151472 0.549742 0.821486 -0.004709 0.016003 0.999861 0.053149 0.137568 0.989065 -0.270350 0.239082 0.932604 0.581371 -0.527624 0.619370 
0.595491 -0.271773 0.755996 -0.208361 -0.062286 0.976067 0.097683 0.066833 0.992971 -0.151462 0.549682 0.821529 -0.004980 0.016902 0.999845 0.053137 0.137562 0.989067 -0.270405 0.239063 0.932593 0.581396 -0.527681 0.619299 
0.595494 -0.271769 0.755995 -0.208365 -0.062284 0.976066 0.097683 0.066833 0.992971 -0.151468 0.549673 0.821533 -0.004983 0.016911 0.999845 0.053134 0.137557 0.989068 -0.270400 0.239056 0.932596 0.581399 -0.527692 0.619288 
0.595512 -0.271755 0.755986 -0.208379 -0.062290 0.976063 0.097669 0.066826 0.992973 -0.151465 0.549651 0.821548 -0.004976 0.016886 0.999845 0.053123 0.137532 0.989072 -0.270384 0.239040 0.932605 0.581420 -0.527689 0.619270 
0.595502 -0.271764 0.755990 -0.208370 -0.062284 0.976065 0.097684 0.066834 0.992971 -0.151467 0.549657 0.821544 -0.004986 0.016922 0.999844 0.053130 0.137547 0.989069 -0.270389 0.239036 0.932605 0.581394 -0.527729 0.619261 
0.595505 -0.271761 0.755989 -0.208373 -0.062282 0.976064 0.097683 0.066834 0.992971 -0.151469 0.549654 0.821546 -0.004985 0.016921 0.999844 0.053128 0.137544 0.989070 -0.270385 0.239031 0.932607 0.581394 -0.527734 0.619256 
0.595508 -0.271759 0.755988 -0.208375 -0.062282 0.976064 0.097684 0.066834 0.992971 -0.151468 0.549647 0.821551 -0.004987 0.016925 0.999844 0.053126 0.137540 0.989070 -0.270381 0.239022 0.932611 0.581391 -0.527753 0.619242 
0.595511 -0.271759 0.755986 -0.208375 -0.062284 0.976064 0.097684 0.066834 0.992971 -0.151471 0.549642 0.821554 -0.004986 0.016924 0.999844 0.053125 0.137538 0.989071 -0.270378 0.239018 0.932612 0.581393 -0.527757 0.619238 
0.595513 -0.271756 0.755985 -0.208378 -0.062282 0.976063 0.097684 0.066834 0.992971 -0.151470 0.549638 0.821556 -0.004985 0.016922 0.999844 0.053124 0.137535 0.989071 -0.270375 0.239015 0.932614 0.581395 -0.527759 0.619233 
0.595514 -0.271759 0.755983 -0.208408 -0.062292 0.976056 0.097686 0.066835 0.992971 -0.151471 0.549617 0.821570 -0.004986 0.016924 0.999844 0.053123 0.137532 0.989072 -0.270375 0.239009 0.932616 0.581401 -0.527786 0.619205 
0.595515 -0.271758 0.755982 -0.208409 -0.062293 0.976056 0.097686 0.066835 0.992971 -0.151472 0.549614 0.821572 -0.004986 0.016924 0.999844 0.053122 0.137530 0.989072 -0.270373 0.239007 0.932617 0.581403 -0.527788 0.619202 
0.595513 -0.271758 0.755985 -0.208466 -0.062306 0.976043 0.097691 0.066838 0.992970 -0.151473 0.549581 0.821594 -0.004997 0.016963 0.999844 0.053120 0.137523 0.989073 -0.270371 0.238989 0.932622 0.581396 -0.527858 0.619149 
0.595512 -0.271758 0.755984 -0.208544 -0.062336 0.976024 0.097693 0.066838 0.992970 -0.151476 0.549559 0.821608 -0.005006 0.016990 0.999843 0.053120 0.137518 0.989074 -0.270371 0.238983 0.932624 0.581402 -0.527885 0.619120 
0.595514 -0.271758 0.755983 -0.208545 -0.062335 0.976024 0.097692 0.066838 0.992970 -0.151476 0.549556 0.821610 -0.005006 0.016991 0.999843 0.053119 0.137516 0.989074 -0.270368 0.238981 0.932625 0.581404 -0.527885 0.619118 
0.595515 -0.271761 0.755981 -0.208736 -0.062399 0.975979 0.097699 0.066841 0.992969 -0.151475 0.549498 0.821649 -0.005032 0.017081 0.999841 0.053116 0.137502 0.989076 -0.270368 0.238957 0.932631 0.581409 -0.527977 0.619035 
0.595509 -0.271761 0.755986 -0.209062 -0.062511 0.975902 0.097704 0.066840 0.992969 -0.151475 0.549456 0.821677 -0.005071 0.017209 0.999839 0.053118 0.137493 0.989077 -0.270380 0.238948 0.932630 0.581415 -0.528039 0.618976 
0.595511 -0.271759 0.755985 -0.209329 -0.062603 0.975839 0.097702 0.066836 0.992969 -0.151476 0.549455 0.821678 -0.005098 0.017300 0.999837 0.053119 0.137481 0.989079 -0.270377 0.238943 0.932632 0.581412 -0.528045 0.618974 
0.595512 -0.271758 0.755985 -0.209473 -0.062653 0.975805 0.097701 0.066834 0.992969 -0.151476 0.549454 0.821678 -0.005112 0.017348 0.999836 0.053119 0.137474 0.989080 -0.270375 0.238940 0.932633 0.581411 -0.528049 0.618972 
0.595514 -0.271757 0.755984 -0.209623 -0.062703 0.975770 0.097700 0.066831 0.992969 -0.151478 0.549452 0.821679 -0.005129 0.017404 0.999835 0.053119 0.137466 0.989081 -0.270374 0.238937 0.932635 0.581410 -0.528054 0.618969 
0.595515 -0.271757 0.755983 -0.209625 -0.062702 0.975769 0.097699 0.066831 0.992970 -0.151478 0.549450 0.821680 -0.005129 0.017404 0.999835 0.053118 0.137465 0.989081 -0.270372 0.238936 0.932635 0.581411 -0.528054 0.618967 
0.595517 -0.271757 0.755981 -0.209626 -0.062702 0.975769 0.097699 0.066831 0.992970 -0.151478 0.549450 0.821681 -0.005129 0.017404 0.999835 0.053118 0.137463 0.989082 -0.270371 0.238934 0.932636 0.581411 -0.528056 0.618965 
0.595517 -0.271752 0.755983 -0.209707 -0.062740 0.975749 0.097699 0.066830 0.992970 -0.151480 0.549451 0.821680 -0.005160 0.017507 0.999833 0.053116 0.137457 0.989083 -0.270371 0.238928 0.932638 0.581405 -0.528065 0.618964 
0.595519 -0.271751 0.755982 -0.209782 -0.062772 0.975731 0.097698 0.066829 0.992970 -0.151480 0.549451 0.821679 -0.005184 0.017588 0.999832 0.053115 0.137451 0.989083 -0.270371 0.238925 0.932638 0.581403 -0.528069 0.618962 
0.595518 -0.271745 0.755985 -0.209981 -0.062859 0.975683 0.097697 0.066826 0.992970 -0.151481 0.549454 0.821678 -0.005239 0.017769 0.999828 0.053113 0.137438 0.989085 -0.270371 0.238919 0.932640 0.581394 -0.528080 0.618961 
0.595516 -0.271744 0.755987 -0.210101 -0.062910 0.975654 0.097696 0.066824 0.992970 -0.151481 0.549454 0.821677 -0.005271 0.017877 0.999826 0.053114 0.137434 0.989086 -0.270378 0.238920 0.932638 0.581392 -0.528083 0.618960 
0.595511 -0.271742 0.755991 -0.210188 -0.062949 0.975632 0.097695 0.066823 0.992971 -0.151482 0.549453 0.821678 -0.005296 0.017957 0.999825 0.053115 0.137435 0.989086 -0.270390 0.238924 0.932633 0.581392 -0.528085 0.618958 
0.595501 -0.271739 0.756001 -0.210539 -0.063084 0.975548 0.097692 0.066817 0.992971 -0.151483 0.549454 0.821677 -0.005365 0.018189 0.999820 0.053118 0.137429 0.989086 -0.270411 0.238931 0.932625 0.581389 -0.528090 0.618957 
0.595489 -0.271735 0.756011 -0.210930 -0.063227 0.975454 0.097689 0.066811 0.992972 -0.151485 0.549453 0.821677 -0.005432 0.018411 0.999816 0.053124 0.137426 0.989086 -0.270439 0.238942 0.932614 0.581389 -0.528093 0.618955 
0.595476 -0.271734 0.756021 -0.211100 -0.063292 0.975413 0.097687 0.066808 0.992972 -0.151485 0.549453 0.821678 -0.005464 0.018518 0.999814 0.053129 0.137434 0.989085 -0.270467 0.238954 0.932603 0.581389 -0.528093 0.618955 
0.595467 -0.271730 0.756031 -0.211645 -0.063484 0.975283 0.097683 0.066799 0.992973 -0.151486 0.549451 0.821678 -0.005536 0.018756 0.999809 0.053134 0.137423 0.989086 -0.270490 0.238962 0.932594 0.581389 -0.528096 0.618952 
0.595458 -0.271728 0.756038 -0.212237 -0.063694 0.975140 0.097677 0.066789 0.992974 -0.151487 0.549451 0.821678 -0.005614 0.019017 0.999803 0.053140 0.137408 0.989088 -0.270510 0.238969 0.932587 0.581389 -0.528097 0.618951 
0.595450 -0.271727 0.756045 -0.212546 -0.063800 0.975066 0.097675 0.066784 0.992975 -0.151488 0.549450 0.821679 -0.005659 0.019168 0.999800 0.053144 0.137406 0.989088 -0.270530 0.238977 0.932579 0.581389 -0.528098 0.618950 
0.595441 -0.271726 0.756052 -0.212661 -0.063839 0.975038 0.097674 0.066782 0.992975 -0.151489 0.549449 0.821679 -0.005669 0.019201 0.999800 0.053148 0.137414 0.989087 -0.270551 0.238986 0.932571 0.581390 -0.528098 0.618950 
0.595431 -0.271724 0.756061 -0.214075 -0.064315 0.974698 0.097670 0.066755 0.992977 -0.151489 0.549449 0.821679 -0.005898 0.019979 0.999783 0.053163 0.137364 0.989093 -0.270572 0.238996 0.932562 0.581389 -0.528100 0.618948 
0.595421 -0.271724 0.756069 -0.216915 -0.065071 0.974019 0.097676 0.066687 0.992982 -0.151489 0.549447 0.821680 -0.006341 0.021546 0.999748 0.053206 0.137265 0.989104 -0.270595 0.239006 0.932553 0.581390 -0.528101 0.618947 
0.595411 -0.271724 0.756077 -0.216937 -0.065079 0.974014 0.097676 0.066686 0.992982 -0.151490 0.549446 0.821681 -0.006342 0.021550 0.999748 0.053211 0.137278 0.989102 -0.270617 0.239015 0.932544 0.581390 -0.528102 0.618946 
0.595402 -0.271723 0.756084 -0.216995 -0.065095 0.974000 0.097675 0.066685 0.992982 -0.151491 0.549446 0.821681 -0.006344 0.021556 0.999748 0.053215 0.137289 0.989101 -0.270638 0.239025 0.932535 0.581391 -0.528101 0.618945 
0.595393 -0.271722 0.756092 -0.217072 -0.065118 0.973981 0.097674 0.066684 0.992982 -0.151491 0.549445 0.821681 -0.006351 0.021581 0.999747 0.053219 0.137299 0.989099 -0.270659 0.239034 0.932527 0.581392 -0.528101 0.618944 
0.595382 -0.271721 0.756101 -0.217072 -0.065118 0.973981 0.097674 0.066684 0.992982 -0.151492 0.549444 0.821682 -0.006351 0.021581 0.999747 0.053223 0.137312 0.989097 -0.270681 0.239044 0.932518 0.581392 -0.528102 0.618944 
0.595373 -0.271720 0.756108 -0.217678 -0.065317 0.973833 0.097673 0.066672 0.992983 -0.151492 0.549444 0.821682 -0.006444 0.021899 0.999739 0.053233 0.137299 0.989098 -0.270703 0.239053 0.932509 0.581394 -0.528102 0.618943 
0.595364 -0.271718 0.756116 -0.218093 -0.065446 0.973731 0.097674 0.066665 0.992983 -0.151495 0.549442 0.821683 -0.006513 0.022137 0.999734 0.053241 0.137295 0.989098 -0.270724 0.239062 0.932501 0.581395 -0.528102 0.618941 
0.595355 -0.271716 0.756123 -0.218289 -0.065507 0.973683 0.097673 0.066662 0.992984 -0.151496 0.549441 0.821683 -0.006529 0.022194 0.999732 0.053246 0.137301 0.989097 -0.270745 0.239071 0.932493 0.581397 -0.528101 0.618940 
0.595346 -0.271715 0.756131 -0.218435 -0.065553 0.973647 0.097671 0.066659 0.992984 -0.151496 0.549440 0.821684 -0.006538 0.022224 0.999732 0.053251 0.137309 0.989096 -0.270767 0.239080 0.932484 0.581398 -0.528100 0.618940 
0.595337 -0.271713 0.756139 -0.218625 -0.065610 0.973601 0.097669 0.066656 0.992984 -0.151498 0.549439 0.821684 -0.006548 0.022257 0.999731 0.053255 0.137314 0.989095 -0.270788 0.239089 0.932475 0.581399 -0.528100 0.618939 
0.595326 -0.271713 0.756147 -0.219678 -0.065929 0.973342 0.097670 0.066632 0.992986 -0.151498 0.549439 0.821685 -0.006727 0.022880 0.999716 0.053271 0.137282 0.989098 -0.270809 0.239099 0.932467 0.581399 -0.528101 0.618938 
0.595319 -0.271713 0.756153 -0.220065 -0.066046 0.973247 0.097670 0.066625 0.992986 -0.151499 0.549437 0.821685 -0.006786 0.023085 0.999710 0.053279 0.137279 0.989098 -0.270829 0.239108 0.932459 0.581401 -0.528100 0.618937 
0.595309 -0.271709 0.756162 -0.220248 -0.066102 0.973202 0.097669 0.066622 0.992987 -0.151499 0.549436 0.821686 -0.006798 0.023129 0.999709 0.053284 0.137285 0.989097 -0.270850 0.239116 0.932450 0.581402 -0.528100 0.618936 
0.595301 -0.271709 0.756169 -0.220749 -0.066252 0.973078 0.097668 0.066611 0.992987 -0.151500 0.549435 0.821686 -0.006875 0.023397 0.999703 0.053293 0.137277 0.989098 -0.270871 0.239126 0.932442 0.581404 -0.528100 0.618935 
0.595291 -0.271708 0.756177 -0.220798 -0.066267 0.973066 0.097668 0.066610 0.992987 -0.151501 0.549434 0.821687 -0.006877 0.023403 0.999702 0.053298 0.137288 0.989096 -0.270892 0.239135 0.932433 0.581404 -0.528101 0.618934 
0.595283 -0.271708 0.756183 -0.221007 -0.066330 0.973014 0.097667 0.066606 0.992988 -0.151502 0.549433 0.821688 -0.006894 0.023464 0.999701 0.053303 0.137293 0.989095 -0.270913 0.239144 0.932425 0.581406 -0.528099 0.618934 
0.595275 -0.271706 0.756190 -0.221704 -0.066521 0.972842 0.097669 0.066591 0.992989 -0.151504 0.549431 0.821688 -0.007006 0.023863 0.999691 0.053316 0.137277 0.989097 -0.270932 0.239152 0.932417 0.581408 -0.528098 0.618932 
0.595267 -0.271705 0.756197 -0.221882 -0.066572 0.972798 0.097668 0.066587 0.992989 -0.151505 0.549430 0.821689 -0.007022 0.023919 0.999689 0.053322 0.137284 0.989096 -0.270953 0.239161 0.932409 0.581410 -0.528098 0.618930 
0.595257 -0.271703 0.756205 -0.222062 -0.066623 0.972754 0.097668 0.066584 0.992989 -0.151506 0.549428 0.821690 -0.007037 0.023974 0.999688 0.053327 0.137290 0.989094 -0.270973 0.239170 0.932401 0.581411 -0.528098 0.618929 
0.595250 -0.271703 0.756211 -0.222239 -0.066676 0.972710 0.097667 0.066581 0.992989 -0.151505 0.549428 0.821691 -0.007055 0.024036 0.999686 0.053333 0.137296 0.989093 -0.270994 0.239179 0.932392 0.581413 -0.528097 0.618929 
0.595241 -0.271702 0.756219 -0.222460 -0.066735 0.972655 0.097666 0.066576 0.992990 -0.151507 0.549425 0.821692 -0.007073 0.024101 0.999684 0.053339 0.137300 0.989092 -0.271014 0.239188 0.932384 0.581415 -0.528097 0.618927 
0.595233 -0.271703 0.756225 -0.222571 -0.066762 0.972628 0.097667 0.066575 0.992990 -0.151508 0.549424 0.821693 -0.007079 0.024127 0.999684 0.053345 0.137310 0.989091 -0.271034 0.239197 0.932376 0.581417 -0.528096 0.618925 
0.595224 -0.271702 0.756232 -0.222760 -0.066812 0.972581 0.097666 0.066571 0.992990 -0.151507 0.549423 0.821694 -0.007087 0.024155 0.999683 0.053350 0.137316 0.989089 -0.271054 0.239206 0.932368 0.581419 -0.528096 0.618924 
0.595215 -0.271702 0.756239 -0.223082 -0.066889 0.972502 0.097664 0.066564 0.992991 -0.151509 0.549420 0.821695 -0.007105 0.024228 0.999681 0.053358 0.137318 0.989089 -0.271074 0.239215 0.932360 0.581421 -0.528095 0.618923 
0.595207 -0.271702 0.756245 -0.223619 -0.066970 0.972373 0.097671 0.066546 0.992991 -0.151509 0.549420 0.821695 -0.007205 0.024607 0.999671 0.053376 0.137311 0.989089 -0.271094 0.239224 0.932352 0.581421 -0.528095 0.618923 
0.595197 -0.271704 0.756252 -0.224057 -0.067021 0.972269 0.097679 0.066529 0.992992 -0.151508 0.549419 0.821696 -0.007313 0.025018 0.999660 0.053393 0.137307 0.989088 -0.271114 0.239234 0.932343 0.581423 -0.528094 0.618922 
0.595189 -0.271704 0.756258 -0.224468 -0.067075 0.972170 0.097688 0.066513 0.992992 -0.151508 0.549418 0.821697 -0.007430 0.025455 0.999648 0.053409 0.137302 0.989088 -0.271134 0.239244 0.932335 0.581424 -0.528094 0.618921 
0.595179 -0.271705 0.756266 -0.224878 -0.067130 0.972072 0.097696 0.066496 0.992992 -0.151509 0.549417 0.821697 -0.007552 0.025913 0.999636 0.053425 0.137296 0.989088 -0.271154 0.239254 0.932327 0.581425 -0.528094 0.618920 
0.595171 -0.271706 0.756272 -0.225309 -0.067191 0.971968 0.097706 0.066479 0.992993 -0.151508 0.549416 0.821698 -0.007690 0.026428 0.999621 0.053441 0.137288 0.989089 -0.271175 0.239264 0.932318 0.581427 -0.528093 0.618919 
