-0.545579 -0.838060 -0.000000 0.840429 -0.541922 0.000000 -0.828134 0.560529 0.000000 0.540443 0.841381 0.000000 
-0.545579 -0.838060 -0.000000 0.840428 -0.541924 0.000000 -0.828135 0.560529 0.000000 0.540443 0.841381 0.000000 
-0.545445 -0.838146 -0.000000 0.840516 -0.541787 0.000000 -0.828225 0.560395 0.000000 0.540309 0.841467 0.000000 
-0.545898 -0.837852 -0.000000 0.840217 -0.542250 0.000000 -0.827917 0.560851 0.000000 0.540763 0.841175 0.000000 
-0.546018 -0.837774 -0.000000 0.840144 -0.542364 0.000000 -0.827840 0.560964 0.000000 0.540883 0.841098 0.000000 
-0.546018 -0.837773 -0.000000 0.840143 -0.542365 0.000000 -0.827840 0.560964 0.000000 0.540884 0.841097 0.000000 
-0.546018 -0.837774 -0.000000 0.840144 -0.542364 0.000000 -0.827840 0.560965 0.000000 0.540884 0.841097 0.000000 
-0.545440 -0.838150 -0.000000 0.840519 -0.541782 0.000000 -0.828229 0.560390 0.000000 0.540303 0.841471 0.000000 
-0.545285 -0.838251 -0.000000 0.840619 -0.541627 0.000000 -0.828332 0.560237 0.000000 0.540148 0.841570 0.000000 
-0.545144 -0.838342 -0.000000 0.840707 -0.541490 0.000000 -0.828424 0.560102 0.000000 0.540007 0.841661 0.000000 
-0.544186 -0.838964 -0.000000 0.841342 -0.540503 0.000000 -0.829079 0.559131 0.000000 0.539045 0.842277 0.000000 
-0.544185 -0.838965 -0.000000 0.841340 -0.540506 0.000000 -0.829078 0.559133 0.000000 0.539044 0.842277 0.000000 
-0.544183 -0.838966 -0.000000 0.841340 -0.540506 0.000000 -0.829077 0.559134 0.000000 0.539042 0.842279 0.000000 
-0.544182 -0.838967 -0.000000 0.841339 -0.540508 0.000000 -0.829077 0.559135 0.000000 0.539040 0.842280 0.000000 
-0.544181 -0.838968 -0.000000 0.841339 -0.540508 0.000000 -0.829077 0.559134 0.000000 0.539039 0.842281 0.000000 
-0.544317 -0.838880 -0.000000 0.841255 -0.540638 0.000000 -0.828989 0.559264 0.000000 0.539176 0.842193 0.000000 
-0.544322 -0.838876 -0.000000 0.841255 -0.540638 0.000000 -0.828988 0.559266 0.000000 0.539182 0.842189 0.000000 
-0.544438 -0.838801 -0.000000 0.841192 -0.540736 0.000000 -0.828918 0.559370 0.000000 0.539300 0.842114 0.000000 
-0.553153 -0.833080 -0.000000 0.835521 -0.549459 0.000000 -0.823044 0.567978 0.000000 0.548054 0.836443 0.000000 
-0.554720 -0.832037 -0.000000 0.834493 -0.551019 0.000000 -0.821970 0.569531 0.000000 0.549632 0.835407 0.000000 
-0.554765 -0.832007 -0.000000 0.834469 -0.551055 0.000000 -0.821932 0.569585 0.000000 0.549682 0.835374 0.000000 
-0.554992 -0.831856 -0.000000 0.834317 -0.551285 0.000000 -0.821777 0.569809 0.000000 0.549909 0.835225 0.000000 
-0.554988 -0.831858 -0.000000 0.834307 -0.551300 0.000000 -0.821775 0.569813 0.000000 0.549903 0.835229 0.000000 
-0.554979 -0.831864 -0.000000 0.834299 -0.551312 0.000000 -0.821780 0.569805 0.000000 0.549888 0.835239 0.000000 
-0.554973 -0.831869 -0.000000 0.834297 -0.551316 0.000000 -0.821782 0.569802 0.000000 0.549880 0.835244 0.000000 
-0.554687 -0.832059 -0.000000 0.834424 -0.551123 0.000000 -0.821915 0.569611 0.000000 0.549592 0.835433 0.000000 
-0.549662 -0.835387 -0.000000 0.836852 -0.547429 0.000000 -0.824400 0.566007 0.000000 0.544558 0.838723 0.000000 
-0.550080 -0.835112 -0.000000 0.835141 -0.550036 0.000000 -0.822591 0.568633 0.000000 0.544994 0.838440 0.000000 
0.517636 -0.855601 0.000000 0.551283 0.834319 0.000000 0.994943 -0.100441 0.000000 -0.838649 -0.544672 -0.000000 -0.817912 0.575344 0.000000 -0.995539 0.094347 0.000000 
0.526869 -0.849947 0.000000 0.547456 0.836835 0.000000 0.996498 -0.083615 0.000000 -0.832621 -0.553843 -0.000000 -0.820760 0.571273 0.000000 -0.996947 0.078080 0.000000 
0.543738 -0.839255 0.000000 0.530040 0.847973 0.000000 0.994510 -0.104642 0.000000 -0.822321 -0.569023 -0.000000 -0.832687 0.553743 0.000000 -0.994870 0.101164 0.000000 
0.549154 -0.835721 0.000000 0.520706 0.853736 0.000000 0.986742 -0.162297 0.000000 -0.820588 -0.571520 -0.000000 -0.838759 0.544503 0.000000 -0.986989 0.160786 0.000000 
0.539519 -0.841973 0.000000 0.527992 0.849249 0.000000 0.978041 -0.208413 0.000000 -0.828218 -0.560406 -0.000000 -0.833978 0.551797 0.000000 -0.978266 0.207352 0.000000 
0.526796 -0.849991 0.000000 0.540639 0.841255 0.000000 0.971557 -0.236807 0.000000 -0.837027 -0.547162 -0.000000 -0.825718 0.564083 0.000000 -0.971847 0.235612 0.000000 
0.525845 -0.850580 0.000000 0.535157 0.844752 0.000000 0.972421 -0.233233 0.000000 -0.837682 -0.546158 -0.000000 -0.830509 0.557005 0.000000 -0.972314 0.233678 0.000000 
0.532726 -0.846288 0.000000 0.529625 0.848232 0.000000 0.973233 -0.229823 0.000000 -0.833226 -0.552932 -0.000000 -0.834850 0.550477 0.000000 -0.973146 0.230187 0.000000 
0.543999 -0.839086 0.000000 0.519824 0.854273 0.000000 0.974586 -0.224014 0.000000 -0.825752 -0.564033 -0.000000 -0.841507 0.540246 0.000000 -0.974567 0.224094 0.000000 
0.549173 -0.835708 0.000000 0.519819 0.854276 0.000000 0.974666 -0.223666 0.000000 -0.822252 -0.569123 -0.000000 -0.841518 0.540229 0.000000 -0.974953 0.222410 0.000000 
0.548656 -0.836048 0.000000 0.519818 0.854277 0.000000 0.974503 -0.224373 0.000000 -0.822609 -0.568607 -0.000000 -0.841523 0.540222 0.000000 -0.974800 0.223079 0.000000 
0.548706 -0.836016 0.000000 0.519733 0.854329 0.000000 0.974601 -0.223950 0.000000 -0.822574 -0.568658 -0.000000 -0.841577 0.540137 0.000000 -0.974903 0.222629 0.000000 
0.547949 -0.836512 0.000000 0.519732 0.854329 0.000000 0.975220 -0.221239 0.000000 -0.822990 -0.568056 -0.000000 -0.841577 0.540137 0.000000 -0.975475 0.220111 0.000000 
0.547421 -0.836857 0.000000 0.519733 0.854329 0.000000 0.975554 -0.219759 0.000000 -0.823021 -0.568011 -0.000000 -0.841576 0.540139 0.000000 -0.975795 0.218688 0.000000 
0.546988 -0.837140 0.000000 0.519734 0.854328 0.000000 0.975646 -0.219352 0.000000 -0.822663 -0.568529 -0.000000 -0.841573 0.540143 0.000000 -0.975897 0.218231 0.000000 
0.546104 -0.837717 0.000000 0.519735 0.854328 0.000000 0.975915 -0.218152 0.000000 -0.822212 -0.569181 -0.000000 -0.841567 0.540152 0.000000 -0.976168 0.217014 0.000000 
0.545418 -0.838165 0.000000 0.519734 0.854328 0.000000 0.976589 -0.215114 0.000000 -0.821323 -0.570464 -0.000000 -0.841561 0.540162 0.000000 -0.976859 0.213886 0.000000 
0.544927 -0.838484 0.000000 0.519735 0.854328 0.000000 0.977608 -0.210432 0.000000 -0.820216 -0.572054 -0.000000 -0.841551 0.540177 0.000000 -0.977894 0.209103 0.000000 
0.546238 -0.837630 0.000000 0.574522 0.818489 0.000000 0.978667 -0.205454 0.000000 -0.817750 -0.575574 -0.000000 -0.804428 0.594050 0.000000 -0.980798 0.195024 0.000000 
0.539977 -0.841680 0.000000 0.573696 0.819069 0.000000 0.981549 -0.191212 0.000000 -0.819678 -0.572824 -0.000000 -0.805431 0.592689 0.000000 -0.983057 0.183299 0.000000 
0.530375 -0.847763 0.000000 0.565440 0.824790 0.000000 0.987794 -0.155766 0.000000 -0.822889 -0.568202 -0.000000 -0.811613 0.584196 0.000000 -0.988264 0.152753 0.000000 
0.526304 -0.850297 0.000000 0.565706 0.824607 0.000000 0.992505 -0.122207 0.000000 -0.821687 -0.569939 -0.000000 -0.812548 0.582894 0.000000 -0.992444 0.122695 0.000000 
0.546138 -0.837696 0.000000 0.546323 0.837574 0.000000 0.995284 -0.097001 0.000000 -0.814327 -0.580407 -0.000000 -0.828646 0.559773 0.000000 -0.994761 0.102230 0.000000 
0.565693 -0.824616 0.000000 0.525670 0.850688 0.000000 0.995038 -0.099491 0.000000 -0.806044 -0.591856 -0.000000 -0.847681 0.530507 0.000000 -0.994153 0.107984 0.000000 
0.604812 -0.796368 0.000000 0.563311 0.826245 0.000000 0.993572 -0.113203 0.000000 -0.780096 -0.625660 -0.000000 -0.824170 0.566342 0.000000 -0.993293 0.115626 0.000000 
0.590456 0.807070 0.000000 0.611595 -0.791171 0.000000 0.988849 -0.148922 0.000000 -0.775694 -0.631110 -0.000000 -0.767701 0.640809 0.000000 -0.990287 0.139040 0.000000 
0.605271 0.796019 0.000000 0.610691 -0.791869 0.000000 0.986441 -0.164118 0.000000 -0.776481 -0.630141 -0.000000 -0.729328 0.684164 0.000000 -0.988268 0.152729 0.000000 
0.611256 0.791433 0.000000 0.620521 -0.784190 0.000000 0.985177 -0.171542 0.000000 -0.768220 -0.640185 -0.000000 -0.742446 0.669906 0.000000 -0.987175 0.159644 0.000000 
0.609149 0.793056 0.000000 0.634588 -0.772851 0.000000 0.982863 -0.184336 0.000000 -0.755807 -0.654795 -0.000000 -0.768081 0.640352 0.000000 -0.985165 0.171611 0.000000 
0.603771 0.797157 0.000000 0.644712 -0.764426 0.000000 0.981158 -0.193208 0.000000 -0.745415 -0.666601 -0.000000 -0.781483 0.623926 0.000000 -0.983967 0.178348 0.000000 
0.603323 0.797497 0.000000 -0.741960 -0.670444 -0.000000 0.644611 -0.764510 0.000000 0.980836 -0.194835 0.000000 -0.782121 0.623126 0.000000 -0.984021 0.178052 0.000000 
0.588974 0.808152 0.000000 -0.738230 -0.674549 -0.000000 0.644742 -0.764400 0.000000 0.980257 -0.197726 0.000000 -0.793889 0.608063 0.000000 -0.983836 0.179069 0.000000 
0.571156 0.820841 0.000000 -0.727537 -0.686068 -0.000000 0.651885 -0.758317 0.000000 0.980360 -0.197217 0.000000 -0.808113 0.589028 0.000000 -0.984386 0.176024 0.000000 
0.553568 0.832804 0.000000 -0.715170 -0.698950 -0.000000 0.658994 -0.752148 0.000000 0.981382 -0.192064 0.000000 -0.820138 0.572166 0.000000 -0.985816 0.167830 0.000000 
0.536108 0.844149 0.000000 -0.702775 -0.711412 -0.000000 0.663278 -0.748373 0.000000 0.983090 -0.183121 0.000000 -0.830486 0.557040 0.000000 -0.987802 0.155718 0.000000 
0.529256 0.848462 0.000000 -0.689153 -0.724616 -0.000000 0.664105 -0.747639 0.000000 0.985625 -0.168948 0.000000 -0.832543 0.553960 0.000000 -0.990553 0.137130 0.000000 
0.527530 0.849536 0.000000 -0.676687 -0.736271 -0.000000 0.657381 -0.753558 0.000000 0.988638 -0.150314 0.000000 -0.831498 0.555528 0.000000 -0.993446 0.114299 0.000000 
0.531710 0.846926 0.000000 -0.665364 -0.746519 -0.000000 0.644241 -0.764822 0.000000 0.991771 -0.128027 0.000000 -0.827133 0.562006 0.000000 -0.996182 0.087305 0.000000 
0.538698 0.842499 0.000000 -0.653540 -0.756892 -0.000000 0.625943 -0.779869 0.000000 0.995123 -0.098642 0.000000 -0.821483 0.570233 0.000000 -0.998619 0.052539 0.000000 
0.543771 0.839234 0.000000 -0.638543 -0.769587 -0.000000 0.602541 -0.798088 0.000000 0.998430 -0.056007 0.000000 -0.817534 0.575881 0.000000 -0.999990 0.004399 0.000000 
0.543952 0.839117 0.000000 -0.622044 -0.782982 -0.000000 0.574458 -0.818534 0.000000 0.999859 -0.016775 0.000000 -0.816580 0.577232 0.000000 -0.999084 -0.042800 -0.000000 
0.542848 0.839831 0.000000 -0.606871 -0.794801 -0.000000 0.539913 -0.841721 0.000000 0.999630 0.027211 0.000000 -0.816301 0.577627 0.000000 -0.995307 -0.096764 -0.000000 
0.544465 0.838784 0.000000 -0.591954 -0.805972 -0.000000 0.491190 -0.871053 0.000000 0.996763 0.080390 0.000000 -0.814516 0.580141 0.000000 -0.986907 -0.161289 -0.000000 
0.541034 0.841001 0.000000 -0.592467 -0.805594 -0.000000 0.469454 -0.882957 0.000000 0.992480 0.122410 0.000000 -0.835424 0.549606 0.000000 -0.976278 -0.216520 -0.000000 
0.532836 0.846219 0.000000 -0.579188 -0.815194 -0.000000 0.505041 -0.863095 0.000000 0.982561 0.185940 0.000000 -0.858337 0.513087 0.000000 -0.958281 -0.285827 -0.000000 
0.529511 0.848303 0.000000 -0.569391 -0.822067 -0.000000 0.563958 -0.825804 0.000000 0.967043 0.254614 0.000000 -0.883790 0.467883 0.000000 -0.933722 -0.357998 -0.000000 
0.530798 0.847498 0.000000 -0.909163 0.416440 0.000000 0.643956 -0.765062 0.000000 0.947069 0.321031 0.000000 -0.562742 -0.826633 -0.000000 -0.905296 -0.424780 -0.000000 
0.534307 0.845291 0.000000 -0.933845 0.357677 0.000000 0.749887 -0.661566 0.000000 0.924397 0.381431 0.000000 -0.558916 -0.829224 -0.000000 -0.875487 -0.483242 -0.000000 
0.539995 0.841668 0.000000 -0.956139 0.292914 0.000000 0.868808 -0.495149 0.000000 0.900421 0.435019 0.000000 -0.557127 -0.830427 -0.000000 -0.845611 -0.533800 -0.000000 
0.546528 0.837441 0.000000 -0.974236 0.225530 0.000000 0.966251 -0.257602 0.000000 0.877962 0.478730 0.000000 -0.557173 -0.830397 -0.000000 -0.818906 -0.573928 -0.000000 
0.552233 0.833690 0.000000 -0.987548 0.157319 0.000000 0.999982 0.006048 0.000000 0.857018 0.515287 0.000000 -0.556951 -0.830546 -0.000000 -0.795470 -0.605994 -0.000000 
-0.998998 0.044757 0.000000 0.563501 0.826115 0.000000 -0.554717 -0.832039 -0.000000 -0.771267 -0.636512 -0.000000 0.969092 0.246701 0.000000 0.826444 0.563019 0.000000 
-0.998434 -0.055943 -0.000000 0.575513 0.817793 0.000000 -0.545055 -0.838400 -0.000000 -0.746679 -0.665184 -0.000000 0.907847 0.419302 0.000000 0.795888 0.605444 0.000000 
-0.989274 -0.146074 -0.000000 0.591758 0.806116 0.000000 -0.535374 -0.844615 -0.000000 -0.723022 -0.690825 -0.000000 0.839563 0.543263 0.000000 0.767510 0.641037 0.000000 
-0.974282 -0.225332 -0.000000 -0.524780 -0.851238 -0.000000 -0.701049 -0.713113 -0.000000 0.616154 0.787626 0.000000 0.777809 0.628501 0.000000 0.740405 0.672161 0.000000 
-0.956512 -0.291692 -0.000000 -0.504339 -0.863506 -0.000000 -0.680320 -0.732916 -0.000000 0.637876 0.770139 0.000000 0.729986 0.683462 0.000000 0.715089 0.699033 0.000000 
-0.951088 -0.308921 -0.000000 -0.437762 -0.899091 -0.000000 -0.665461 -0.746433 -0.000000 0.630024 0.776576 0.000000 0.718800 0.695217 0.000000 0.694790 0.719213 0.000000 
-0.944406 -0.328781 -0.000000 -0.395636 -0.918407 -0.000000 -0.654469 -0.756089 -0.000000 0.624423 0.781086 0.000000 0.703796 0.710402 0.000000 0.682979 0.730438 0.000000 
-0.935980 -0.352054 -0.000000 -0.418928 -0.908019 -0.000000 -0.646095 -0.763257 -0.000000 0.625508 0.780217 0.000000 0.681753 0.731582 0.000000 
-0.927144 -0.374706 -0.000000 -0.452855 -0.891584 -0.000000 0.648144 0.761518 0.000000 0.682446 0.730936 0.000000 -0.652930 -0.757419 -0.000000 -0.646805 -0.762655 -0.000000 
0.683242 0.730192 0.000000 -0.919274 -0.393618 -0.000000 -0.700355 -0.713795 -0.000000 -0.479275 -0.877665 -0.000000 -0.644540 -0.764571 -0.000000 
0.687138 0.726527 0.000000 -0.910706 -0.413055 -0.000000 -0.762609 -0.646860 -0.000000 -0.506450 -0.862269 -0.000000 -0.640738 -0.767760 -0.000000 
0.692187 0.721718 0.000000 -0.531820 -0.846858 -0.000000 -0.904624 -0.426210 -0.000000 -0.824863 -0.565333 -0.000000 -0.641481 -0.767139 -0.000000 -0.630397 -0.776273 -0.000000 
0.697001 0.717070 0.000000 -0.644171 -0.764882 -0.000000 -0.901136 -0.433537 -0.000000 -0.875322 -0.483541 -0.000000 -0.555517 -0.831505 -0.000000 -0.617637 -0.786463 -0.000000 
0.702064 0.712114 0.000000 -0.647556 -0.762018 -0.000000 -0.914643 -0.404263 -0.000000 -0.899305 -0.437321 -0.000000 -0.572063 -0.820210 -0.000000 -0.609251 -0.792977 -0.000000 
0.708490 0.705721 0.000000 -0.652337 -0.757929 -0.000000 -0.942555 -0.334052 -0.000000 -0.897823 -0.440356 -0.000000 -0.593829 -0.804591 -0.000000 -0.606541 -0.795053 -0.000000 
0.713938 0.700209 0.000000 -0.655832 -0.754907 -0.000000 -0.960710 -0.277555 -0.000000 -0.894621 -0.446827 -0.000000 -0.606786 -0.794865 -0.000000 -0.618490 -0.785793 -0.000000 
0.712958 0.701206 0.000000 -0.653623 -0.756820 -0.000000 -0.964881 -0.262686 -0.000000 -0.891866 -0.452299 -0.000000 -0.604501 -0.796604 -0.000000 -0.630566 -0.776135 -0.000000 
0.712261 0.701915 0.000000 -0.604520 -0.796590 -0.000000 -0.955745 -0.294197 -0.000000 -0.892143 -0.451753 -0.000000 -0.654651 -0.755931 -0.000000 -0.642810 -0.766026 -0.000000 
0.710445 0.703752 0.000000 -0.653917 -0.756566 -0.000000 -0.940193 -0.340642 -0.000000 -0.894426 -0.447216 -0.000000 -0.609792 -0.792561 -0.000000 -0.634116 -0.773238 -0.000000 
0.708107 0.706105 0.000000 -0.652694 -0.757622 -0.000000 -0.922539 -0.385904 -0.000000 -0.899588 -0.436739 -0.000000 -0.613045 -0.790048 -0.000000 -0.615527 -0.788116 -0.000000 
0.707163 0.707050 0.000000 -0.653642 -0.756804 -0.000000 -0.908170 -0.418603 -0.000000 -0.897975 -0.440047 -0.000000 -0.587277 -0.809386 -0.000000 -0.619482 -0.785011 -0.000000 
0.708203 0.706009 0.000000 -0.657062 -0.753837 -0.000000 -0.918602 -0.395185 -0.000000 -0.861943 -0.507006 -0.000000 -0.549848 -0.835265 -0.000000 -0.636062 -0.771638 -0.000000 
0.711168 0.703022 0.000000 -0.930466 -0.366379 -0.000000 -0.805076 -0.593172 -0.000000 -0.514680 -0.857383 -0.000000 -0.664349 -0.747422 -0.000000 -0.662683 -0.748900 -0.000000 
0.713768 0.700383 0.000000 -0.941875 -0.335963 -0.000000 -0.739728 -0.672906 -0.000000 -0.484140 -0.874990 -0.000000 -0.677757 -0.735286 -0.000000 
-0.951874 -0.306489 -0.000000 -0.455708 -0.890129 -0.000000 -0.690092 -0.723722 -0.000000 0.675832 0.737056 0.000000 0.728049 0.685525 0.000000 0.718635 0.695387 0.000000 
-0.961180 -0.275924 -0.000000 -0.436756 -0.899580 -0.000000 -0.692004 -0.721894 -0.000000 0.637085 0.770794 0.000000 0.752358 0.658755 0.000000 0.720204 0.693762 0.000000 
-0.962871 -0.269961 -0.000000 -0.431142 -0.902284 -0.000000 -0.697869 -0.716225 -0.000000 0.771645 0.636054 0.000000 0.672409 0.740180 0.000000 0.714615 0.699518 0.000000 
-0.964384 -0.264504 -0.000000 -0.436088 -0.899904 -0.000000 -0.698067 -0.716033 -0.000000 0.777239 0.629206 0.000000 0.683333 0.730107 0.000000 0.711334 0.702854 0.000000 
-0.966897 -0.255166 -0.000000 -0.447444 -0.894312 -0.000000 -0.693664 -0.720298 -0.000000 0.770187 0.637819 0.000000 0.688389 0.725342 0.000000 0.708054 0.706158 0.000000 
-0.970182 -0.242377 -0.000000 -0.464366 -0.885644 -0.000000 0.759222 0.650831 0.000000 -0.695742 -0.718291 -0.000000 -0.687621 -0.726070 -0.000000 0.692689 0.721236 0.000000 0.706334 0.707878 0.000000 
-0.972133 -0.234428 -0.000000 -0.479362 -0.877617 -0.000000 0.746628 0.665242 0.000000 -0.689155 -0.724614 -0.000000 -0.682699 -0.730700 -0.000000 0.686174 0.727438 0.000000 0.706182 0.708030 0.000000 
-0.973013 -0.230752 -0.000000 -0.487312 -0.873228 -0.000000 -0.679241 -0.733916 -0.000000 0.671272 0.741211 0.000000 0.737336 0.675527 0.000000 0.707045 0.707169 0.000000 
-0.973591 -0.228300 -0.000000 -0.485849 -0.874043 -0.000000 -0.677821 -0.735227 -0.000000 0.659252 0.751922 0.000000 0.739459 0.673202 0.000000 0.707437 0.706776 0.000000 
-0.481385 -0.876509 -0.000000 0.376240 0.926522 0.000000 -0.491522 0.870865 0.000000 -0.676892 -0.736083 -0.000000 -0.972530 -0.232777 -0.000000 0.927248 -0.374447 0.000000 0.922628 -0.385691 0.000000 
0.923201 -0.384317 0.000000 -0.474530 -0.880239 -0.000000 0.383575 0.923510 0.000000 -0.489170 0.872188 0.000000 -0.676866 -0.736107 -0.000000 -0.971034 -0.238942 -0.000000 
0.924568 -0.381016 0.000000 -0.469081 -0.883155 -0.000000 0.385825 0.922572 0.000000 -0.490452 0.871468 0.000000 -0.676561 -0.736386 -0.000000 -0.968634 -0.248491 -0.000000 
0.926413 -0.376510 0.000000 -0.466702 -0.884414 -0.000000 0.383660 0.923474 0.000000 -0.492888 0.870093 0.000000 -0.674972 -0.737843 -0.000000 -0.965223 -0.261429 -0.000000 
0.928552 -0.371202 0.000000 -0.460660 -0.887577 -0.000000 0.378188 0.925729 0.000000 -0.494807 0.869003 0.000000 -0.673033 -0.739612 -0.000000 -0.962161 -0.272483 -0.000000 
0.930000 -0.367559 0.000000 -0.448249 -0.893909 -0.000000 0.375639 0.926766 0.000000 -0.494698 0.869065 0.000000 -0.672432 -0.740159 -0.000000 -0.961640 -0.274313 -0.000000 
0.931223 -0.364450 0.000000 -0.445214 -0.895424 -0.000000 0.374752 0.927125 0.000000 -0.495462 0.868629 0.000000 -0.671555 -0.740954 -0.000000 -0.961543 -0.274655 -0.000000 
0.932463 -0.361266 0.000000 -0.447381 -0.894344 -0.000000 0.373816 0.927503 0.000000 -0.497561 0.867429 0.000000 -0.670360 -0.742036 -0.000000 -0.961569 -0.274565 -0.000000 
0.933208 -0.359337 0.000000 -0.451047 -0.892500 -0.000000 0.372833 0.927898 0.000000 -0.499172 0.866503 0.000000 -0.669271 -0.743019 -0.000000 -0.961530 -0.274699 -0.000000 
0.933299 -0.359100 0.000000 -0.453577 -0.891217 -0.000000 0.372728 0.927941 0.000000 -0.499818 0.866130 0.000000 -0.668679 -0.743551 -0.000000 -0.961171 -0.275955 -0.000000 
-0.452246 -0.891893 -0.000000 0.330945 0.943650 0.000000 -0.502376 0.864649 0.000000 -0.667923 -0.744230 -0.000000 -0.961609 -0.274424 -0.000000 0.943695 -0.330815 0.000000 0.933191 -0.359380 0.000000 
-0.445039 -0.895511 -0.000000 0.176879 0.984233 0.000000 -0.506878 0.862018 0.000000 -0.665825 -0.746108 -0.000000 -0.962093 -0.272722 -0.000000 0.984456 -0.175632 0.000000 0.929602 -0.368564 0.000000 
-0.439093 -0.898441 -0.000000 -0.003186 0.999995 0.000000 -0.512972 0.858406 0.000000 -0.663456 -0.748215 -0.000000 -0.962343 -0.271836 -0.000000 0.999995 0.003051 0.000000 0.926342 -0.376683 0.000000 
-0.432327 -0.901717 -0.000000 -0.070406 0.997518 0.000000 -0.519942 0.854202 0.000000 -0.662193 -0.749334 -0.000000 -0.962445 -0.271476 -0.000000 0.997708 0.067665 0.000000 0.925493 -0.378764 0.000000 
-0.426202 -0.904628 -0.000000 -0.145660 0.989335 0.000000 -0.533882 0.845559 0.000000 -0.662324 -0.749218 -0.000000 -0.962546 -0.271119 -0.000000 0.990217 0.139538 0.000000 0.927121 -0.374762 0.000000 
-0.415567 -0.909563 -0.000000 -0.234738 0.972059 0.000000 -0.547662 0.836699 0.000000 -0.962659 -0.270718 -0.000000 0.975124 0.221659 0.000000 0.928097 -0.372338 0.000000 -0.663136 -0.748499 -0.000000 -0.666041 -0.745915 -0.000000 
-0.407818 -0.913063 -0.000000 -0.302258 0.953226 0.000000 -0.561541 0.827449 0.000000 -0.962929 -0.269756 -0.000000 0.958236 0.285979 0.000000 0.930812 -0.365498 0.000000 -0.663287 -0.748365 -0.000000 -0.670762 -0.741672 -0.000000 
-0.405271 -0.914196 -0.000000 -0.337441 0.941347 0.000000 -0.570696 0.821161 0.000000 -0.963154 -0.268951 -0.000000 0.946782 0.321876 0.000000 0.933297 -0.359104 0.000000 -0.661824 -0.749659 -0.000000 -0.671976 -0.740573 -0.000000 
-0.405467 -0.914110 -0.000000 -0.342188 0.939632 0.000000 -0.573543 0.819175 0.000000 -0.963365 -0.268194 -0.000000 0.944289 0.329118 0.000000 0.934526 -0.355894 0.000000 -0.660355 -0.750954 -0.000000 -0.672753 -0.739867 -0.000000 
-0.407674 -0.913128 -0.000000 -0.330972 0.943641 0.000000 -0.571722 0.820448 0.000000 -0.963621 -0.267274 -0.000000 0.947502 0.319750 0.000000 0.934674 -0.355507 0.000000 -0.659526 -0.751682 -0.000000 -0.672822 -0.739804 -0.000000 
-0.414662 -0.909975 -0.000000 -0.319282 0.947660 0.000000 -0.566853 0.823819 0.000000 -0.963876 -0.266352 -0.000000 0.951660 0.307155 0.000000 0.933751 -0.357922 0.000000 -0.659364 -0.751824 -0.000000 -0.671305 -0.741182 -0.000000 
-0.418111 -0.908396 -0.000000 -0.286829 0.957982 0.000000 -0.565791 0.824549 0.000000 -0.964171 -0.265280 -0.000000 0.958614 0.284709 0.000000 0.933324 -0.359034 0.000000 -0.660912 -0.750463 -0.000000 -0.670665 -0.741760 -0.000000 
-0.418028 -0.908434 -0.000000 -0.276521 0.961008 0.000000 -0.564696 0.825299 0.000000 -0.964187 -0.265225 -0.000000 0.960983 0.276609 0.000000 0.932725 -0.360589 0.000000 -0.662670 -0.748912 -0.000000 -0.670800 -0.741638 -0.000000 
-0.417219 -0.908806 -0.000000 -0.279626 0.960109 0.000000 -0.564583 0.825376 0.000000 -0.964080 -0.265612 -0.000000 0.960441 0.278484 0.000000 0.932556 -0.361025 0.000000 -0.663492 -0.748183 -0.000000 -0.671396 -0.741099 -0.000000 
-0.416045 -0.909344 -0.000000 -0.283486 0.958977 0.000000 -0.564610 0.825358 0.000000 -0.964091 -0.265574 -0.000000 0.959743 0.280879 0.000000 0.932689 -0.360681 0.000000 -0.662976 -0.748641 -0.000000 -0.671892 -0.740649 -0.000000 
-0.415316 -0.909677 -0.000000 -0.285865 0.958270 0.000000 -0.564659 0.825324 0.000000 -0.964074 -0.265635 -0.000000 0.959325 0.282305 0.000000 0.932803 -0.360386 0.000000 -0.662459 -0.749098 -0.000000 -0.672048 -0.740507 -0.000000 
-0.415189 -0.909735 -0.000000 -0.286410 0.958107 0.000000 -0.564671 0.825316 0.000000 -0.964071 -0.265644 -0.000000 0.959226 0.282642 0.000000 0.932826 -0.360327 0.000000 -0.662354 -0.749191 -0.000000 -0.672072 -0.740486 -0.000000 
-0.415183 -0.909738 -0.000000 -0.286397 0.958111 0.000000 -0.564672 0.825316 0.000000 -0.964067 -0.265658 -0.000000 0.959228 0.282634 0.000000 0.932827 -0.360324 0.000000 -0.662349 -0.749195 -0.000000 -0.672078 -0.740480 -0.000000 
-0.415155 -0.909751 -0.000000 -0.286405 0.958109 0.000000 -0.564680 0.825310 0.000000 -0.964066 -0.265663 -0.000000 0.959228 0.282634 0.000000 0.932831 -0.360315 0.000000 -0.662346 -0.749198 -0.000000 -0.672062 -0.740495 -0.000000 
-0.415172 -0.909743 -0.000000 -0.286390 0.958113 0.000000 -0.564672 0.825316 0.000000 -0.964065 -0.265665 -0.000000 0.959232 0.282621 0.000000 0.932829 -0.360319 0.000000 -0.662333 -0.749209 -0.000000 -0.672107 -0.740454 -0.000000 
-0.415166 -0.909745 -0.000000 -0.286377 0.958117 0.000000 -0.564672 0.825315 0.000000 -0.964064 -0.265668 -0.000000 0.959232 0.282621 0.000000 0.932830 -0.360317 0.000000 -0.662332 -0.749211 -0.000000 -0.672111 -0.740451 -0.000000 
-0.415162 -0.909747 -0.000000 -0.286377 0.958117 0.000000 -0.564672 0.825316 0.000000 -0.964064 -0.265671 -0.000000 0.959234 0.282613 0.000000 0.932831 -0.360315 0.000000 -0.662323 -0.749218 -0.000000 -0.672126 -0.740437 -0.000000 
-0.415160 -0.909749 -0.000000 -0.286384 0.958115 0.000000 -0.564672 0.825315 0.000000 -0.964062 -0.265676 -0.000000 0.959234 0.282613 0.000000 0.932831 -0.360313 0.000000 -0.662322 -0.749220 -0.000000 -0.672127 -0.740435 -0.000000 
-0.415155 -0.909750 -0.000000 -0.286370 0.958119 0.000000 -0.564673 0.825315 0.000000 -0.964062 -0.265678 -0.000000 0.959236 0.282606 0.000000 0.932832 -0.360312 0.000000 -0.662321 -0.749221 -0.000000 -0.672127 -0.740436 -0.000000 
-0.415158 -0.909749 -0.000000 -0.286377 0.958117 0.000000 -0.564671 0.825316 0.000000 -0.964059 -0.265688 -0.000000 0.959238 0.282599 0.000000 0.932831 -0.360315 0.000000 -0.662312 -0.749229 -0.000000 -0.672143 -0.740421 -0.000000 
-0.415157 -0.909750 -0.000000 -0.286377 0.958117 0.000000 -0.564671 0.825316 0.000000 -0.964058 -0.265692 -0.000000 0.959238 0.282599 0.000000 0.932831 -0.360314 0.000000 -0.662311 -0.749229 -0.000000 -0.672143 -0.740422 -0.000000 
-0.415157 -0.909750 -0.000000 -0.286364 0.958121 0.000000 -0.564665 0.825320 0.000000 -0.964054 -0.265708 -0.000000 0.959238 0.282600 0.000000 0.932829 -0.360319 0.000000 -0.662285 -0.749252 -0.000000 -0.672195 -0.740374 -0.000000 
-0.415158 -0.909749 -0.000000 -0.286391 0.958113 0.000000 -0.564660 0.825324 0.000000 -0.964050 -0.265722 -0.000000 0.959236 0.282606 0.000000 0.932826 -0.360327 0.000000 -0.662277 -0.749259 -0.000000 -0.672211 -0.740359 -0.000000 
-0.415156 -0.909750 -0.000000 -0.286385 0.958115 0.000000 -0.564660 0.825324 0.000000 -0.964049 -0.265724 -0.000000 0.959236 0.282607 0.000000 0.932826 -0.360327 0.000000 -0.662277 -0.749259 -0.000000 -0.672210 -0.740361 -0.000000 
-0.415160 -0.909748 -0.000000 -0.286414 0.958106 0.000000 -0.564647 0.825333 0.000000 -0.964042 -0.265750 -0.000000 0.959234 0.282614 0.000000 0.932819 -0.360344 0.000000 -0.662241 -0.749291 -0.000000 -0.672270 -0.740306 -0.000000 
-0.415163 -0.909747 -0.000000 -0.286477 0.958087 0.000000 -0.564626 0.825347 0.000000 -0.964037 -0.265768 -0.000000 0.959229 0.282630 0.000000 0.932807 -0.360375 0.000000 -0.662209 -0.749319 -0.000000 -0.672310 -0.740270 -0.000000 
-0.415160 -0.909748 -0.000000 -0.286527 0.958072 0.000000 -0.564610 0.825358 0.000000 -0.964036 -0.265770 -0.000000 0.959223 0.282651 0.000000 0.932796 -0.360406 0.000000 -0.662205 -0.749322 -0.000000 -0.672317 -0.740264 -0.000000 
-0.415159 -0.909749 -0.000000 -0.286556 0.958063 0.000000 -0.564601 0.825364 0.000000 -0.964036 -0.265770 -0.000000 0.959221 0.282659 0.000000 0.932789 -0.360422 0.000000 -0.662203 -0.749324 -0.000000 -0.672320 -0.740261 -0.000000 
-0.415155 -0.909751 -0.000000 -0.286577 0.958057 0.000000 -0.564592 0.825370 0.000000 -0.964035 -0.265774 -0.000000 0.959218 0.282667 0.000000 0.932783 -0.360439 0.000000 -0.662201 -0.749326 -0.000000 -0.672324 -0.740257 -0.000000 
-0.415154 -0.909751 -0.000000 -0.286571 0.958059 0.000000 -0.564592 0.825370 0.000000 -0.964035 -0.265775 -0.000000 0.959218 0.282667 0.000000 0.932783 -0.360439 0.000000 -0.662201 -0.749326 -0.000000 -0.672323 -0.740258 -0.000000 
-0.415154 -0.909751 -0.000000 -0.286571 0.958059 0.000000 -0.564592 0.825370 0.000000 -0.964035 -0.265776 -0.000000 0.959218 0.282667 0.000000 0.932783 -0.360439 0.000000 -0.662201 -0.749327 -0.000000 -0.672325 -0.740256 -0.000000 
-0.415148 -0.909754 -0.000000 -0.286625 0.958043 0.000000 -0.564589 0.825372 0.000000 -0.964034 -0.265778 -0.000000 0.959207 0.282704 0.000000 0.932781 -0.360445 0.000000 -0.662191 -0.749335 -0.000000 -0.672335 -0.740247 -0.000000 
-0.415145 -0.909755 -0.000000 -0.286666 0.958031 0.000000 -0.564585 0.825375 0.000000 -0.964034 -0.265778 -0.000000 0.959199 0.282733 0.000000 0.932778 -0.360452 0.000000 -0.662187 -0.749339 -0.000000 -0.672339 -0.740244 -0.000000 
-0.415138 -0.909758 -0.000000 -0.286782 0.957996 0.000000 -0.564574 0.825382 0.000000 -0.964034 -0.265779 -0.000000 0.959181 0.282792 0.000000 0.932770 -0.360471 0.000000 -0.662177 -0.749347 -0.000000 -0.672352 -0.740232 -0.000000 
-0.415138 -0.909759 -0.000000 -0.286844 0.957977 0.000000 -0.564568 0.825387 0.000000 -0.964034 -0.265779 -0.000000 0.959169 0.282835 0.000000 0.932766 -0.360482 0.000000 -0.662169 -0.749355 -0.000000 -0.672355 -0.740229 -0.000000 
-0.415139 -0.909758 -0.000000 -0.286898 0.957961 0.000000 -0.564563 0.825390 0.000000 -0.964034 -0.265780 -0.000000 0.959160 0.282865 0.000000 0.932764 -0.360488 0.000000 -0.662159 -0.749363 -0.000000 -0.672357 -0.740227 -0.000000 
-0.415141 -0.909757 -0.000000 -0.287022 0.957924 0.000000 -0.564542 0.825404 0.000000 -0.964033 -0.265781 -0.000000 0.959142 0.282924 0.000000 0.932750 -0.360523 0.000000 -0.662140 -0.749380 -0.000000 -0.672363 -0.740222 -0.000000 
-0.415142 -0.909756 -0.000000 -0.287133 0.957891 0.000000 -0.564519 0.825420 0.000000 -0.964032 -0.265785 -0.000000 0.959125 0.282983 0.000000 0.932736 -0.360561 0.000000 -0.662118 -0.749399 -0.000000 -0.672364 -0.740220 -0.000000 
-0.415149 -0.909754 -0.000000 -0.287188 0.957874 0.000000 -0.564508 0.825427 0.000000 -0.964032 -0.265785 -0.000000 0.959116 0.283012 0.000000 0.932731 -0.360573 0.000000 -0.662099 -0.749416 -0.000000 -0.672364 -0.740221 -0.000000 
-0.415149 -0.909753 -0.000000 -0.287310 0.957838 0.000000 -0.564475 0.825450 0.000000 -0.964032 -0.265787 -0.000000 0.959101 0.283064 0.000000 0.932709 -0.360630 0.000000 -0.662079 -0.749434 -0.000000 -0.672366 -0.740218 -0.000000 
-0.415152 -0.909752 -0.000000 -0.287443 0.957798 0.000000 -0.564437 0.825476 0.000000 -0.964031 -0.265789 -0.000000 0.959086 0.283116 0.000000 0.932684 -0.360695 0.000000 -0.662063 -0.749448 -0.000000 -0.672367 -0.740218 -0.000000 
-0.415155 -0.909751 -0.000000 -0.287498 0.957781 0.000000 -0.564416 0.825490 0.000000 -0.964031 -0.265791 -0.000000 0.959079 0.283139 0.000000 0.932671 -0.360728 0.000000 -0.662049 -0.749461 -0.000000 -0.672368 -0.740217 -0.000000 
-0.415159 -0.909749 -0.000000 -0.287514 0.957776 0.000000 -0.564410 0.825495 0.000000 -0.964030 -0.265793 -0.000000 0.959077 0.283147 0.000000 0.932668 -0.360735 0.000000 -0.662035 -0.749473 -0.000000 -0.672367 -0.740218 -0.000000 
-0.415162 -0.909747 -0.000000 -0.287730 0.957712 0.000000 -0.564271 0.825590 0.000000 -0.964030 -0.265793 -0.000000 0.959077 0.283144 0.000000 0.932592 -0.360932 0.000000 -0.662019 -0.749487 -0.000000 -0.672369 -0.740216 -0.000000 
-0.415168 -0.909745 -0.000000 -0.287332 0.957831 0.000000 -0.563854 0.825875 0.000000 -0.964030 -0.265795 -0.000000 0.959320 0.282322 0.000000 0.932405 -0.361415 0.000000 -0.662004 -0.749500 -0.000000 -0.672369 -0.740216 -0.000000 
-0.415174 -0.909742 -0.000000 -0.287340 0.957829 0.000000 -0.563853 0.825875 0.000000 -0.964029 -0.265797 -0.000000 0.959320 0.282322 0.000000 0.932406 -0.361411 0.000000 -0.661989 -0.749514 -0.000000 -0.672370 -0.740215 -0.000000 
-0.415178 -0.909740 -0.000000 -0.287333 0.957831 0.000000 -0.563851 0.825877 0.000000 -0.964029 -0.265799 -0.000000 0.959322 0.282316 0.000000 0.932406 -0.361412 0.000000 -0.661974 -0.749527 -0.000000 -0.672369 -0.740216 -0.000000 
-0.415182 -0.909739 -0.000000 -0.287335 0.957830 0.000000 -0.563846 0.825880 0.000000 -0.964029 -0.265799 -0.000000 0.959322 0.282316 0.000000 0.932405 -0.361415 0.000000 -0.661959 -0.749540 -0.000000 -0.672368 -0.740217 -0.000000 
-0.415186 -0.909737 -0.000000 -0.287335 0.957830 0.000000 -0.563846 0.825880 0.000000 -0.964028 -0.265801 -0.000000 0.959322 0.282316 0.000000 0.932407 -0.361409 0.000000 -0.661945 -0.749553 -0.000000 -0.672369 -0.740217 -0.000000 
-0.415190 -0.909735 -0.000000 -0.287402 0.957810 0.000000 -0.563782 0.825924 0.000000 -0.964028 -0.265801 -0.000000 0.959332 0.282281 0.000000 0.932375 -0.361493 0.000000 -0.661930 -0.749566 -0.000000 -0.672368 -0.740217 -0.000000 
-0.415193 -0.909734 -0.000000 -0.287419 0.957805 0.000000 -0.563735 0.825956 0.000000 -0.964026 -0.265807 -0.000000 0.959342 0.282247 0.000000 0.932353 -0.361550 0.000000 -0.661915 -0.749579 -0.000000 -0.672367 -0.740218 -0.000000 
-0.415195 -0.909732 -0.000000 -0.287429 0.957802 0.000000 -0.563722 0.825965 0.000000 -0.964026 -0.265809 -0.000000 0.959346 0.282233 0.000000 0.932346 -0.361567 0.000000 -0.661898 -0.749594 -0.000000 -0.672365 -0.740220 -0.000000 
-0.415200 -0.909730 -0.000000 -0.287438 0.957799 0.000000 -0.563713 0.825971 0.000000 -0.964026 -0.265808 -0.000000 0.959346 0.282233 0.000000 0.932342 -0.361578 0.000000 -0.661883 -0.749607 -0.000000 -0.672364 -0.740221 -0.000000 
-0.415202 -0.909729 -0.000000 -0.287439 0.957799 0.000000 -0.563702 0.825978 0.000000 -0.964025 -0.265813 -0.000000 0.959346 0.282234 0.000000 0.932336 -0.361594 0.000000 -0.661869 -0.749620 -0.000000 -0.672363 -0.740221 -0.000000 
-0.415209 -0.909726 -0.000000 -0.287451 0.957795 0.000000 -0.563563 0.826073 0.000000 -0.964025 -0.265813 -0.000000 0.959400 0.282050 0.000000 0.932271 -0.361762 0.000000 -0.661855 -0.749632 -0.000000 -0.672364 -0.740221 -0.000000 
-0.415212 -0.909725 -0.000000 -0.287455 0.957794 0.000000 -0.563518 0.826104 0.000000 -0.964024 -0.265814 -0.000000 0.959412 0.282008 0.000000 0.932250 -0.361816 0.000000 -0.661840 -0.749645 -0.000000 -0.672362 -0.740223 -0.000000 
-0.415214 -0.909724 -0.000000 -0.287458 0.957793 0.000000 -0.563506 0.826112 0.000000 -0.964024 -0.265816 -0.000000 0.959416 0.281994 0.000000 0.932243 -0.361832 0.000000 -0.661826 -0.749658 -0.000000 -0.672361 -0.740223 -0.000000 
-0.415219 -0.909722 -0.000000 -0.287456 0.957794 0.000000 -0.563446 0.826153 0.000000 -0.964023 -0.265818 -0.000000 0.959437 0.281924 0.000000 0.932215 -0.361904 0.000000 -0.661811 -0.749671 -0.000000 -0.672360 -0.740225 -0.000000 
-0.415222 -0.909720 -0.000000 -0.287456 0.957794 0.000000 -0.563443 0.826155 0.000000 -0.964023 -0.265820 -0.000000 0.959439 0.281916 0.000000 0.932215 -0.361904 0.000000 -0.661797 -0.749683 -0.000000 -0.672360 -0.740224 -0.000000 
-0.415227 -0.909718 -0.000000 -0.287459 0.957793 0.000000 -0.563427 0.826166 0.000000 -0.964022 -0.265822 -0.000000 0.959443 0.281902 0.000000 0.932207 -0.361925 0.000000 -0.661783 -0.749696 -0.000000 -0.672358 -0.740226 -0.000000 
-0.415229 -0.909717 -0.000000 -0.287388 0.957814 0.000000 -0.563327 0.826234 0.000000 -0.964021 -0.265826 -0.000000 0.959498 0.281717 0.000000 0.932164 -0.362037 0.000000 -0.661768 -0.749709 -0.000000 -0.672356 -0.740228 -0.000000 
-0.415233 -0.909715 -0.000000 -0.287376 0.957818 0.000000 -0.563310 0.826245 0.000000 -0.964021 -0.265828 -0.000000 0.959508 0.281682 0.000000 0.932156 -0.362056 0.000000 -0.661754 -0.749721 -0.000000 -0.672355 -0.740229 -0.000000 
-0.415236 -0.909714 -0.000000 -0.287364 0.957822 0.000000 -0.563294 0.826256 0.000000 -0.964020 -0.265830 -0.000000 0.959516 0.281653 0.000000 0.932149 -0.362075 0.000000 -0.661739 -0.749734 -0.000000 -0.672354 -0.740230 -0.000000 
-0.415240 -0.909712 -0.000000 -0.287366 0.957821 0.000000 -0.563277 0.826268 0.000000 -0.964020 -0.265830 -0.000000 0.959523 0.281631 0.000000 0.932141 -0.362094 0.000000 -0.661726 -0.749746 -0.000000 -0.672351 -0.740232 -0.000000 
-0.415244 -0.909710 -0.000000 -0.287335 0.957830 0.000000 -0.563255 0.826283 0.000000 -0.964019 -0.265833 -0.000000 0.959535 0.281589 0.000000 0.932131 -0.362121 0.000000 -0.661712 -0.749758 -0.000000 -0.672351 -0.740233 -0.000000 
-0.415249 -0.909708 -0.000000 -0.287309 0.957838 0.000000 -0.563243 0.826291 0.000000 -0.964018 -0.265835 -0.000000 0.959546 0.281553 0.000000 0.932127 -0.362131 0.000000 -0.661698 -0.749771 -0.000000 -0.672349 -0.740235 -0.000000 
-0.415253 -0.909706 -0.000000 -0.287286 0.957845 0.000000 -0.563227 0.826302 0.000000 -0.964019 -0.265835 -0.000000 0.959558 0.281510 0.000000 0.932120 -0.362150 0.000000 -0.661684 -0.749782 -0.000000 -0.672347 -0.740236 -0.000000 
-0.415258 -0.909704 -0.000000 -0.287208 0.957868 0.000000 -0.563193 0.826325 0.000000 -0.964018 -0.265839 -0.000000 0.959586 0.281416 0.000000 0.932104 -0.362192 0.000000 -0.661671 -0.749794 -0.000000 -0.672346 -0.740237 -0.000000 
-0.415264 -0.909701 -0.000000 -0.286891 0.957963 0.000000 -0.563063 0.826414 0.000000 -0.964017 -0.265839 -0.000000 0.959710 0.280993 0.000000 0.932058 -0.362309 0.000000 -0.661659 -0.749805 -0.000000 -0.672345 -0.740238 -0.000000 
-0.415271 -0.909698 -0.000000 -0.286580 0.958056 0.000000 -0.562931 0.826504 0.000000 -0.964018 -0.265838 -0.000000 0.959836 0.280562 0.000000 0.932015 -0.362421 0.000000 -0.661646 -0.749816 -0.000000 -0.672344 -0.740239 -0.000000 
-0.415277 -0.909695 -0.000000 -0.286309 0.958137 0.000000 -0.562805 0.826589 0.000000 -0.964018 -0.265838 -0.000000 0.959947 0.280182 0.000000 0.931973 -0.362527 0.000000 -0.661634 -0.749827 -0.000000 -0.672343 -0.740240 -0.000000 
-0.415283 -0.909692 -0.000000 -0.286046 0.958216 0.000000 -0.562676 0.826678 0.000000 -0.964017 -0.265840 -0.000000 0.960062 0.279789 0.000000 0.931931 -0.362635 0.000000 -0.661622 -0.749838 -0.000000 -0.672342 -0.740241 -0.000000 
-0.415290 -0.909689 -0.000000 -0.285781 0.958295 0.000000 -0.562539 0.826771 0.000000 -0.964017 -0.265840 -0.000000 0.960174 0.279402 0.000000 0.931886 -0.362751 0.000000 -0.661609 -0.749849 -0.000000 -0.672340 -0.740242 -0.000000 
