-0.013289 0.026952 0.004326 0.011442 0.161407 0.003857 0.222970 0.127741 0.004217 0.201039 -0.008504 0.004696 
-0.013219 0.026906 0.004204 0.011509 0.161361 0.003703 0.223038 0.127700 0.004359 0.201109 -0.008545 0.004874 
-0.013218 0.026904 0.004272 0.011510 0.161359 0.003823 0.223039 0.127698 0.004419 0.201111 -0.008547 0.004881 
-0.013064 0.026896 0.003778 0.011621 0.161359 0.003529 0.223158 0.127767 0.004665 0.201273 -0.008487 0.004933 
-0.012888 0.026919 0.003006 0.011696 0.161401 0.003273 0.223253 0.127962 0.005033 0.201470 -0.008308 0.004789 
-0.012886 0.026919 0.003190 0.011699 0.161401 0.003432 0.223257 0.127962 0.005027 0.201474 -0.008308 0.004806 
-0.012883 0.026920 0.003356 0.011702 0.161401 0.003578 0.223262 0.127962 0.005023 0.201478 -0.008308 0.004820 
-0.013004 0.026976 0.003639 0.011587 0.161456 0.003975 0.223149 0.128006 0.004785 0.201358 -0.008262 0.004457 
-0.013003 0.026977 0.003761 0.011589 0.161457 0.004072 0.223151 0.128007 0.004805 0.201360 -0.008262 0.004502 
-0.013130 0.027112 0.003978 0.011464 0.161591 0.004643 0.223026 0.128139 0.004613 0.201234 -0.008128 0.003941 
-0.013135 0.027117 0.004066 0.011460 0.161596 0.004721 0.223022 0.128142 0.004655 0.201229 -0.008125 0.003992 
-0.013137 0.027106 0.004143 0.011458 0.161582 0.005156 0.223020 0.128127 0.005101 0.201226 -0.008137 0.004078 
-0.013141 0.027084 0.004216 0.011454 0.161553 0.005894 0.223016 0.128099 0.005855 0.201223 -0.008159 0.004160 
-0.013028 0.027071 0.004075 0.011538 0.161544 0.005884 0.223106 0.128131 0.006124 0.201343 -0.008130 0.004301 
-0.013027 0.027070 0.004157 0.011538 0.161544 0.005962 0.223106 0.128132 0.006180 0.201343 -0.008129 0.004361 
-0.013028 0.027064 0.004228 0.011536 0.161535 0.006218 0.223105 0.128123 0.006421 0.201342 -0.008135 0.004414 
-0.013036 0.027015 0.004294 0.012213 0.161329 0.007767 0.223607 0.126830 0.007970 0.201151 -0.009286 0.004466 
-0.013063 0.026985 0.004379 0.013454 0.161000 0.009543 0.224511 0.124489 0.009714 0.200769 -0.011353 0.004503 
-0.013071 0.026935 0.004434 0.014051 0.160761 0.011132 0.224937 0.123279 0.011302 0.200582 -0.012387 0.004540 
-0.013076 0.026893 0.004482 0.014022 0.160711 0.011432 0.224913 0.123262 0.011588 0.200583 -0.012395 0.004573 
-0.013071 0.026916 0.004527 0.014033 0.160766 0.010801 0.224925 0.123319 0.010933 0.200588 -0.012370 0.004600 
-0.013064 0.026954 0.004567 0.014049 0.160850 0.009731 0.224941 0.123404 0.009837 0.200596 -0.012331 0.004623 
-0.013071 0.027013 0.004599 0.014078 0.160914 0.009446 0.224961 0.123414 0.009529 0.200579 -0.012327 0.004636 
-0.013082 0.027088 0.004627 0.014120 0.160976 0.009511 0.224988 0.123393 0.009576 0.200552 -0.012337 0.004646 
-0.013073 0.028167 0.004661 0.014830 0.161835 0.011293 0.225494 0.123126 0.011367 0.200347 -0.012398 0.004672 
-0.014885 0.033346 0.005759 0.016868 0.165927 0.015940 0.226324 0.121150 0.014980 0.197272 -0.013364 0.004687 
0.111747 -0.297671 0.004891 0.012218 -0.204300 0.012997 0.163816 -0.050409 0.036004 0.262151 -0.146854 0.027494 -0.025238 0.035311 0.011272 0.009304 0.167192 0.021478 0.217772 0.118425 0.015113 0.185890 -0.015439 0.004716 
0.111774 -0.297644 0.004889 0.012517 -0.203938 0.012447 0.164595 -0.050228 0.033399 0.262649 -0.147009 0.025473 -0.038300 0.035042 0.017460 -0.003689 0.167031 0.025883 0.204572 0.118552 0.013427 0.172617 -0.015417 0.004743 
0.111839 -0.297597 0.004900 0.012380 -0.204112 0.012542 0.164206 -0.049696 0.029809 0.262468 -0.146264 0.021849 -0.045928 0.036254 0.022452 -0.011981 0.168488 0.029632 0.196226 0.121307 0.012267 0.164941 -0.012891 0.004768 
0.112142 -0.297611 0.004580 0.012438 -0.204400 0.012378 0.163892 -0.049146 0.024697 0.262405 -0.145450 0.016649 -0.046312 0.043677 0.025643 -0.013405 0.176157 0.033135 0.194949 0.130876 0.012740 0.164717 -0.003543 0.004881 
0.112241 -0.297497 0.004606 0.012696 -0.204106 0.012254 0.164330 -0.048638 0.017788 0.262682 -0.145127 0.009989 -0.040184 0.055498 0.026861 -0.008269 0.188157 0.035406 0.200402 0.144614 0.014478 0.171176 0.010040 0.005549 
0.112391 -0.297399 0.004630 0.013304 -0.203477 0.011722 0.165575 -0.048533 0.012054 0.263453 -0.145551 0.004890 -0.029223 0.069329 0.025660 0.002457 0.201970 0.035282 0.211331 0.158822 0.015589 0.182344 0.024272 0.005591 
0.112364 -0.297370 0.004661 0.013249 -0.203412 0.010830 0.165524 -0.048473 0.011124 0.263431 -0.145527 0.004892 -0.018249 0.080366 0.023510 0.014147 0.212800 0.033584 0.222950 0.168371 0.016120 0.193240 0.034011 0.005697 
0.111267 -0.296271 0.004692 0.012792 -0.201582 0.009842 0.166160 -0.047725 0.010095 0.263405 -0.145501 0.004892 -0.012785 0.084160 0.020969 0.020288 0.216531 0.029563 0.228940 0.170738 0.013900 0.198544 0.036422 0.004998 
0.110298 -0.295244 0.005924 0.012413 -0.199882 0.009736 0.166754 -0.047005 0.008730 0.263391 -0.145446 0.004896 -0.012735 0.084873 0.018724 0.020485 0.217347 0.024784 0.229157 0.170955 0.011304 0.198613 0.036526 0.004991 
0.110826 -0.295660 0.008473 0.012611 -0.200590 0.010818 0.166417 -0.047213 0.007218 0.263394 -0.145366 0.004902 -0.012987 0.084742 0.016011 0.019872 0.217402 0.019383 0.228751 0.171251 0.008544 0.198575 0.036638 0.004984 
0.112052 -0.296660 0.012032 0.013097 -0.202338 0.013051 0.165662 -0.047853 0.005822 0.263403 -0.145268 0.004896 -0.013429 0.083477 0.013732 0.018411 0.216427 0.014239 0.227689 0.171640 0.005610 0.198547 0.036753 0.004975 
0.113358 -0.298025 0.016387 0.013204 -0.204972 0.016640 0.163681 -0.048705 0.005199 0.262664 -0.144864 0.005106 -0.013055 0.080732 0.011206 0.017118 0.214071 0.010789 0.227019 0.171838 0.004802 0.199569 0.036596 0.005137 
0.113711 -0.300078 0.021266 0.011751 -0.209006 0.021577 0.158916 -0.050043 0.005244 0.259768 -0.144239 0.005161 -0.011282 0.075993 0.009382 0.016227 0.209906 0.008746 0.226974 0.171856 0.004804 0.202227 0.036094 0.005390 
0.114572 -0.302465 0.026655 0.010470 -0.213853 0.027485 0.153414 -0.051732 0.005630 0.256488 -0.143490 0.005102 -0.008856 0.070102 0.008619 0.015273 0.204655 0.006794 0.226936 0.171906 0.004809 0.205614 0.035575 0.006623 
0.116017 -0.304823 0.032453 0.009789 -0.218781 0.033892 0.148181 -0.053650 0.006083 0.253467 -0.142857 0.005024 -0.006023 0.064368 0.008766 0.014497 0.199488 0.005360 0.226970 0.172421 0.004838 0.209304 0.035599 0.008269 
0.116321 -0.309310 0.040024 0.008406 -0.225398 0.041722 0.142733 -0.058289 0.006731 0.249780 -0.145372 0.005513 -0.003709 0.060543 0.010041 0.014080 0.195996 0.004972 0.227057 0.173225 0.004899 0.212156 0.036128 0.010016 
0.115332 -0.316919 0.050855 0.006661 -0.233972 0.051325 0.138969 -0.066821 0.009506 0.246807 -0.152931 0.009624 -0.002761 0.058853 0.011825 0.013956 0.194362 0.004936 0.227105 0.173265 0.004916 0.213289 0.036134 0.011872 
0.115043 -0.325143 0.059934 0.006756 -0.241714 0.058062 0.139715 -0.076593 0.010623 0.247156 -0.163161 0.013185 -0.004883 0.061594 0.021753 0.012730 0.197005 0.015170 0.225724 0.174436 0.013772 0.211000 0.037384 0.020400 
0.118292 -0.334660 0.064209 0.010851 -0.250296 0.058822 0.145723 -0.088177 0.006664 0.252283 -0.175646 0.012842 -0.005334 0.063443 0.034881 0.001574 0.199817 0.028241 0.215497 0.193719 0.019440 0.211597 0.055931 0.026018 
0.122288 -0.337894 0.059398 0.013780 -0.254817 0.055634 0.146431 -0.090247 0.005492 0.254099 -0.176451 0.010003 -0.014074 0.074459 0.048038 -0.008248 0.210838 0.040514 0.205267 0.205985 0.024226 0.202454 0.068210 0.031590 
0.126910 -0.339631 0.054469 0.016884 -0.258534 0.051770 0.146639 -0.090609 0.005308 0.255882 -0.174862 0.008692 -0.026956 0.097438 0.067839 -0.025329 0.233662 0.056428 0.186530 0.233663 0.024908 0.187932 0.096115 0.035977 
0.134899 -0.341102 0.050868 0.022313 -0.263573 0.049020 0.146667 -0.090904 0.005260 0.258571 -0.171622 0.007745 -0.019321 0.123210 0.078891 -0.036183 0.258526 0.069143 0.173285 0.287372 0.034955 0.193321 0.151155 0.044306 
0.146720 -0.342480 0.046910 0.030635 -0.270276 0.046033 0.146838 -0.091332 0.005174 0.262389 -0.166763 0.006638 0.004081 0.157906 0.087894 -0.031687 0.289759 0.082875 0.172464 0.349529 0.057821 0.211514 0.217252 0.062530 
0.158499 -0.343049 0.046515 0.039069 -0.276517 0.046503 0.146266 -0.092109 0.005318 0.265321 -0.161891 0.005914 0.030650 0.185290 0.081468 -0.017515 0.313146 0.076692 0.180691 0.392719 0.060553 0.232172 0.264763 0.065143 
0.171282 -0.344255 0.047395 0.048453 -0.284235 0.047983 0.145313 -0.094479 0.005504 0.267947 -0.157763 0.005513 0.050798 0.220866 0.053340 0.002887 0.347660 0.071165 0.200588 0.429400 0.060641 0.251806 0.302548 0.042492 
0.178984 -0.343138 0.050272 0.054193 -0.287310 0.050843 0.144332 -0.094909 0.005559 0.269042 -0.153998 0.005624 0.075765 0.233922 0.018833 0.027710 0.359210 0.044976 0.225358 0.441619 0.040293 0.276720 0.316297 0.013829 
0.185051 -0.341457 0.055862 0.058967 -0.288614 0.056150 0.144130 -0.095225 0.005738 0.270217 -0.151314 0.006162 0.084162 0.238029 0.004941 0.035547 0.362064 0.035629 0.233086 0.444858 0.036888 0.285012 0.320806 0.005920 
0.186772 -0.339638 0.069100 0.059587 -0.289521 0.070534 0.138774 -0.097387 0.007228 0.266056 -0.150707 0.006677 0.084027 0.238100 0.004937 0.032896 0.361724 0.033088 0.228954 0.447938 0.035616 0.283399 0.324351 0.007227 
0.183963 -0.338796 0.090390 0.056241 -0.290183 0.094070 0.130048 -0.101325 0.016103 0.257950 -0.153080 0.013493 0.083983 0.238246 0.004928 0.029989 0.361508 0.029027 0.224145 0.451942 0.030719 0.281455 0.328781 0.006410 
0.187719 -0.335912 0.121039 0.059419 -0.288895 0.125303 0.128078 -0.104517 0.033193 0.256636 -0.154597 0.030193 0.083964 0.238256 0.004926 0.027670 0.361413 0.023718 0.220266 0.455140 0.023894 0.279875 0.332133 0.004923 
0.193253 -0.331065 0.160621 0.064427 -0.285444 0.164112 0.128738 -0.107369 0.057590 0.257888 -0.155950 0.055574 0.084362 0.236478 0.004936 0.026461 0.359732 0.017015 0.218074 0.455452 0.017123 0.279292 0.332376 0.004928 
0.196396 -0.324257 0.205886 0.067334 -0.279213 0.207846 0.128749 -0.109795 0.086522 0.258178 -0.157671 0.086262 0.085506 0.234253 0.006007 0.025838 0.357179 0.010348 0.216203 0.455351 0.009325 0.279187 0.332641 0.004927 
0.197938 -0.312486 0.253706 0.068719 -0.267854 0.254121 0.127423 -0.108573 0.118559 0.257049 -0.155889 0.120060 0.086052 0.233350 0.011007 0.025502 0.355904 0.008978 0.215188 0.455303 0.004893 0.279053 0.332986 0.006883 
0.199452 -0.295734 0.305024 0.070099 -0.251507 0.303755 0.126191 -0.103778 0.154680 0.255989 -0.150521 0.158073 0.088259 0.232756 0.021532 0.026374 0.354319 0.012457 0.214975 0.455563 0.004897 0.280172 0.334273 0.013951 
0.202212 -0.273161 0.359132 0.072703 -0.229482 0.356045 0.126043 -0.094982 0.194000 0.256037 -0.140985 0.199413 0.090547 0.233276 0.035673 0.027407 0.353238 0.018002 0.214941 0.455888 0.004902 0.281390 0.336235 0.022556 
0.205735 -0.243616 0.415115 0.076073 -0.200554 0.410281 0.126413 -0.080911 0.236083 0.256604 -0.126080 0.243431 0.092760 0.235387 0.052524 0.028430 0.352904 0.025296 0.214922 0.456263 0.004909 0.282557 0.339089 0.032108 
0.209357 -0.206477 0.472288 0.079571 -0.164026 0.465705 0.126680 -0.061326 0.280160 0.257042 -0.105639 0.289434 0.095281 0.238600 0.069141 0.029620 0.352848 0.032727 0.214907 0.456641 0.004920 0.283869 0.342774 0.041289 
0.213004 -0.160412 0.529704 0.083109 -0.118646 0.521171 0.127029 -0.034764 0.325649 0.257546 -0.078119 0.337035 0.097710 0.244015 0.087727 0.030787 0.353911 0.041532 0.214904 0.457057 0.004933 0.285123 0.347575 0.051051 
0.216719 -0.104985 0.586775 0.086788 -0.063818 0.576143 0.127508 -0.000909 0.372236 0.258107 -0.043361 0.385859 0.100654 0.251965 0.108238 0.032221 0.356069 0.051945 0.214915 0.457519 0.004949 0.286639 0.353860 0.061113 
0.227501 -0.055423 0.636142 0.097439 -0.014970 0.624427 0.134076 0.028956 0.414851 0.264866 -0.012508 0.429648 0.102704 0.264175 0.125205 0.033246 0.363701 0.062275 0.215034 0.461383 0.004924 0.287779 0.362294 0.067641 
0.239608 -0.023750 0.663983 0.109372 0.016227 0.652570 0.143242 0.052878 0.441138 0.274247 0.012000 0.455656 0.099946 0.283060 0.137548 0.030320 0.382264 0.074298 0.211935 0.475578 0.009595 0.284848 0.376750 0.072530 
0.250929 0.002951 0.679357 0.120595 0.043139 0.669998 0.149855 0.075202 0.457138 0.281025 0.034174 0.469602 0.097004 0.300317 0.147337 0.026529 0.399111 0.084387 0.207035 0.488960 0.012120 0.280789 0.390496 0.074644 
0.262543 0.025196 0.685720 0.132116 0.065515 0.678448 0.157213 0.094927 0.464675 0.288535 0.053805 0.475046 0.092921 0.317382 0.150708 0.021910 0.416507 0.088890 0.201283 0.502752 0.009739 0.275562 0.403902 0.071020 
0.273843 0.042862 0.682620 0.143386 0.083472 0.677961 0.164128 0.112393 0.463655 0.295541 0.070984 0.471395 0.090143 0.335011 0.149557 0.018495 0.434885 0.089711 0.196520 0.519318 0.005712 0.271423 0.419687 0.064933 
0.284656 0.059378 0.674044 0.154260 0.100429 0.672837 0.169987 0.131099 0.458348 0.301411 0.089221 0.462605 0.092015 0.348370 0.154310 0.019444 0.447553 0.094426 0.196016 0.530408 0.005910 0.271830 0.431452 0.065104 
0.297527 0.074614 0.667890 0.167085 0.115513 0.669333 0.178850 0.147573 0.454793 0.310375 0.105827 0.456376 0.094581 0.356241 0.161175 0.021185 0.454361 0.100549 0.196144 0.534087 0.006151 0.272767 0.436159 0.066010 
0.312179 0.088000 0.662766 0.181673 0.128517 0.666802 0.189349 0.161465 0.452211 0.320997 0.120093 0.451176 0.097629 0.362269 0.167765 0.023240 0.459315 0.106623 0.196276 0.536065 0.006395 0.273875 0.439179 0.066691 
0.328393 0.098644 0.658024 0.197800 0.138516 0.664775 0.201115 0.172334 0.450208 0.332913 0.131600 0.446432 0.100897 0.366764 0.173468 0.025495 0.463039 0.112349 0.196422 0.537119 0.006643 0.275013 0.440973 0.066837 
0.343251 0.105372 0.652304 0.212391 0.143985 0.660931 0.212867 0.179675 0.446642 0.344975 0.140185 0.440969 0.102824 0.369946 0.177039 0.027015 0.466101 0.116236 0.196568 0.537914 0.006817 0.275551 0.441856 0.066639 
0.353942 0.110280 0.647023 0.222923 0.147995 0.657095 0.221262 0.185247 0.443078 0.353561 0.146643 0.435942 0.104421 0.372327 0.179582 0.028245 0.468346 0.119024 0.196695 0.538634 0.006944 0.276032 0.442691 0.066481 
0.362226 0.113815 0.641463 0.231039 0.150596 0.652731 0.227642 0.189458 0.439022 0.360134 0.151774 0.430673 0.105426 0.373587 0.181316 0.029007 0.469444 0.120807 0.196745 0.538691 0.007023 0.276317 0.442897 0.066486 
0.367226 0.116004 0.636671 0.235907 0.152061 0.648716 0.231424 0.192255 0.435272 0.364065 0.155283 0.426136 0.105900 0.374102 0.182124 0.029345 0.469821 0.121567 0.196765 0.538639 0.007058 0.276471 0.442979 0.066558 
0.369084 0.117047 0.632517 0.237652 0.152567 0.644927 0.232748 0.193912 0.431713 0.365508 0.157466 0.422204 0.105640 0.374003 0.182076 0.029152 0.469656 0.121332 0.196731 0.538443 0.007038 0.276372 0.442848 0.066729 
0.367733 0.117362 0.629384 0.236227 0.152625 0.641734 0.231573 0.194775 0.428672 0.364405 0.158577 0.419223 0.104872 0.373534 0.181312 0.028595 0.469200 0.120322 0.196686 0.538341 0.006998 0.276120 0.442739 0.066951 
0.364897 0.117875 0.625655 0.233275 0.152807 0.637704 0.229275 0.195912 0.424820 0.362215 0.160034 0.415671 0.103648 0.372605 0.180244 0.027713 0.468179 0.118687 0.196632 0.537729 0.006853 0.275733 0.442225 0.067401 
0.359936 0.118764 0.624255 0.228071 0.153261 0.634809 0.226486 0.196866 0.421995 0.359637 0.161420 0.414355 0.101899 0.371957 0.178672 0.026520 0.467602 0.116544 0.196566 0.537669 0.006758 0.275121 0.442101 0.067913 
0.353627 0.119568 0.626136 0.221533 0.153771 0.634572 0.223289 0.197456 0.421776 0.356624 0.162306 0.416274 0.099636 0.372018 0.177435 0.025136 0.467808 0.114475 0.196543 0.537602 0.006650 0.274230 0.441884 0.068672 
0.346513 0.120774 0.629789 0.214324 0.155012 0.636405 0.218876 0.198150 0.423538 0.352268 0.162974 0.419875 0.097597 0.372399 0.176579 0.023871 0.468187 0.112713 0.196472 0.537621 0.006573 0.273395 0.441899 0.069535 
0.339745 0.122179 0.633387 0.207472 0.156381 0.638294 0.214587 0.198860 0.425365 0.348026 0.163728 0.423428 0.095686 0.372783 0.175777 0.022671 0.468475 0.110956 0.196402 0.537637 0.006496 0.272624 0.442009 0.070447 
0.332762 0.124004 0.636234 0.200409 0.158098 0.639420 0.210111 0.200027 0.426485 0.343595 0.165013 0.426285 0.093752 0.373214 0.174989 0.021447 0.468697 0.109073 0.196331 0.537634 0.006406 0.271853 0.442214 0.071487 
0.326712 0.126061 0.639067 0.194307 0.160043 0.641015 0.205741 0.201118 0.427999 0.339253 0.166229 0.429050 0.092858 0.373202 0.174445 0.020764 0.468195 0.107595 0.196296 0.537573 0.006339 0.271614 0.442654 0.072382 
0.320407 0.127980 0.642873 0.187915 0.161678 0.643180 0.201603 0.201624 0.430083 0.335171 0.167037 0.432791 0.090933 0.371889 0.174020 0.019675 0.466491 0.105737 0.196444 0.535271 0.006240 0.270935 0.440738 0.073757 
0.313414 0.130129 0.648205 0.180839 0.163469 0.646685 0.196848 0.201421 0.433385 0.330466 0.167223 0.437941 0.089453 0.369108 0.174054 0.018675 0.462826 0.104074 0.196387 0.531438 0.006153 0.270408 0.437795 0.075406 
0.302769 0.133122 0.654481 0.170161 0.166058 0.649982 0.190344 0.202003 0.436688 0.323937 0.168242 0.444252 0.086161 0.366788 0.173592 0.016790 0.459811 0.101314 0.196366 0.527259 0.006019 0.268992 0.434301 0.077631 
0.287549 0.136348 0.661275 0.155100 0.169222 0.653121 0.180615 0.202957 0.440037 0.313971 0.169290 0.451288 0.081996 0.364999 0.172552 0.014520 0.457356 0.097672 0.196404 0.523423 0.005851 0.267150 0.431118 0.080140 
0.267849 0.139211 0.666880 0.135826 0.172636 0.654942 0.167143 0.204461 0.442339 0.299988 0.170265 0.457403 0.076763 0.365144 0.170340 0.011734 0.457237 0.093011 0.196308 0.521851 0.005633 0.264623 0.429791 0.082458 
0.245897 0.141171 0.670520 0.114521 0.176414 0.656805 0.148628 0.205728 0.444270 0.280780 0.169732 0.461127 0.072908 0.365999 0.168240 0.009635 0.457513 0.088796 0.196168 0.521815 0.005437 0.262736 0.430334 0.084456 
0.226394 0.142334 0.670797 0.095623 0.179423 0.656194 0.131171 0.206695 0.443623 0.262691 0.168864 0.461378 0.071373 0.365823 0.166892 0.008674 0.456173 0.085679 0.196063 0.521745 0.005284 0.262064 0.431459 0.086131 0.360941 1.860193 0.017408 0.298631 1.880260 0.008988 0.294121 1.864317 0.004369 0.356430 1.844250 0.012790 
0.213669 0.144934 0.670066 0.083162 0.181951 0.653112 0.122240 0.208197 0.441033 0.253445 0.170453 0.461154 0.068780 0.365772 0.164741 0.007283 0.455272 0.081689 0.195956 0.521713 0.005099 0.260762 0.432297 0.087858 0.360494 1.861039 0.020122 0.298272 1.880026 0.008989 0.294210 1.863977 0.004320 0.356432 1.844991 0.015452 
0.203615 0.146887 0.669334 0.073237 0.182839 0.649362 0.117025 0.209536 0.438261 0.248032 0.172861 0.461416 0.065236 0.365842 0.162127 0.005575 0.455003 0.077388 0.195893 0.521425 0.004967 0.258870 0.432351 0.089489 0.359779 1.861998 0.024845 0.298178 1.879639 0.009029 0.294732 1.863440 0.004386 0.356333 1.845800 0.020202 
0.191127 0.148542 0.670688 0.061109 0.183696 0.647248 0.110255 0.210329 0.437322 0.240823 0.174461 0.463961 0.061433 0.366009 0.159194 0.003801 0.455127 0.073018 0.195783 0.521380 0.004965 0.256734 0.432348 0.091001 0.358741 1.862629 0.028063 0.297826 1.879529 0.009098 0.294759 1.863256 0.004446 0.355675 1.846356 0.023412 
0.175566 0.150043 0.672620 0.046156 0.184858 0.645588 0.100874 0.210973 0.436980 0.230750 0.175455 0.467226 0.057563 0.366234 0.156119 0.002076 0.455258 0.068450 0.195682 0.521300 0.004943 0.254490 0.432359 0.092551 0.358224 1.862501 0.030224 0.297931 1.879144 0.009161 0.295058 1.862839 0.004501 0.355352 1.846195 0.025564 
0.157928 0.151113 0.673550 0.029282 0.185880 0.643033 0.089473 0.211438 0.435868 0.218500 0.175975 0.469612 0.053553 0.366432 0.152722 0.000371 0.455346 0.063526 0.195568 0.521240 0.004929 0.252073 0.432408 0.094149 0.357628 1.862236 0.031946 0.297924 1.878778 0.009191 0.295183 1.862454 0.004515 0.354887 1.845912 0.027270 
0.139083 0.151668 0.672808 0.011336 0.186462 0.638752 0.077171 0.211745 0.433276 0.205210 0.176259 0.470570 0.049399 0.366526 0.148909 -0.001297 0.455334 0.058175 0.195445 0.521166 0.004917 0.249462 0.432440 0.095769 0.357114 1.861790 0.033707 0.298073 1.878210 0.009203 0.295476 1.861868 0.004509 0.354518 1.845448 0.029013 
0.118881 0.151981 0.670775 -0.007804 0.186844 0.633024 0.063960 0.211979 0.429526 0.190843 0.176426 0.470521 0.045096 0.366447 0.144708 -0.002875 0.455087 0.052342 0.195364 0.520859 0.004875 0.246651 0.432302 0.097457 0.358821 1.858611 0.036028 0.300810 1.874862 0.009071 0.298327 1.858460 0.004527 0.356338 1.842209 0.031484 
0.097010 0.152020 0.667646 -0.028411 0.187022 0.626000 0.049637 0.212089 0.424819 0.175153 0.176396 0.469714 0.040549 0.366415 0.139930 -0.004434 0.454972 0.045993 0.195225 0.520721 0.004869 0.243514 0.432249 0.099128 0.358697 1.856693 0.037914 0.301593 1.872811 0.009012 0.299216 1.856373 0.004541 0.356320 1.840255 0.033444 
0.073651 0.152127 0.663660 -0.050268 0.187231 0.617817 0.034521 0.212203 0.419370 0.158427 0.176409 0.468465 0.035822 0.366422 0.134585 -0.005896 0.454918 0.039098 0.195055 0.520686 0.004878 0.240067 0.432275 0.100803 0.358056 1.854955 0.039842 0.301932 1.870938 0.009010 0.299666 1.854469 0.004597 0.355790 1.838486 0.035429 
0.048641 0.152420 0.658772 -0.073477 0.187547 0.608342 0.018631 0.212382 0.413167 0.140614 0.176566 0.466846 0.030905 0.366441 0.128624 -0.007212 0.454868 0.031580 0.194873 0.520649 0.004887 0.236264 0.432308 0.102492 0.358384 1.851216 0.042008 0.303550 1.867093 0.008885 0.301332 1.850574 0.004639 0.356166 1.834696 0.037761 
0.021623 0.152825 0.652449 -0.098317 0.187923 0.597020 0.001738 0.212629 0.405780 0.121409 0.176845 0.464451 0.025749 0.366514 0.121877 -0.008343 0.454878 0.023291 0.194667 0.520652 0.004896 0.232008 0.432373 0.104176 0.361858 1.845152 0.044629 0.308822 1.861039 0.008701 0.306583 1.844466 0.004679 0.359619 1.828579 0.040607 
-0.007816 0.153294 0.644282 -0.125123 0.188365 0.583463 -0.016527 0.212909 0.396920 0.100365 0.177155 0.460965 0.020398 0.366600 0.114234 -0.009197 0.454895 0.014145 0.194440 0.520655 0.004904 0.227249 0.432446 0.105834 0.367417 1.837157 0.047483 0.316624 1.853118 0.008478 0.314289 1.836497 0.004718 0.365081 1.820536 0.043723 
-0.040153 0.153205 0.633678 -0.154207 0.188328 0.566985 -0.036254 0.212942 0.386223 0.077222 0.177133 0.456116 0.014521 0.367040 0.106382 -0.009770 0.455153 0.004717 0.194332 0.520111 0.005319 0.221793 0.432074 0.107982 0.374778 1.827184 0.050470 0.326680 1.843051 0.008152 0.324168 1.826378 0.004755 0.372266 1.810511 0.047074 
-0.076041 0.153595 0.620860 -0.186470 0.190184 0.549051 -0.059692 0.215639 0.374485 0.049999 0.178339 0.449456 0.008929 0.367978 0.108295 -0.009981 0.455204 0.004738 0.194528 0.518242 0.013687 0.216561 0.431074 0.118379 0.381523 1.817383 0.052596 0.335678 1.833030 0.007770 0.332892 1.816322 0.004786 0.378737 1.800675 0.049613 
-0.110290 0.157602 0.614758 -0.216796 0.194763 0.537522 -0.081360 0.219248 0.369441 0.024248 0.181384 0.449798 0.003295 0.368851 0.109847 -0.010211 0.455244 0.004759 0.193908 0.517529 0.023027 0.210479 0.431191 0.129399 0.389219 1.807433 0.054631 0.345770 1.822926 0.007428 0.342651 1.806215 0.004814 0.386100 1.790722 0.052017 
-0.141298 0.164055 0.614200 -0.243693 0.200464 0.531258 -0.099875 0.222924 0.369995 0.001464 0.185848 0.456017 -0.002420 0.369851 0.111197 -0.010455 0.455295 0.004780 0.192845 0.516876 0.032256 0.203879 0.431486 0.140102 0.396008 1.798568 0.056657 0.355101 1.813789 0.007150 0.351686 1.797091 0.004838 0.392593 1.781870 0.054345 
-0.170373 0.171324 0.615498 -0.268399 0.206223 0.526826 -0.116489 0.226412 0.372847 -0.019676 0.190893 0.464551 -0.007916 0.370796 0.112189 -0.010697 0.455354 0.004801 0.191277 0.516633 0.041263 0.196986 0.432134 0.150219 0.399410 1.791579 0.058579 0.361060 1.806197 0.006891 0.357436 1.789506 0.004860 0.395786 1.774888 0.056547 
-0.198282 0.178194 0.615758 -0.291684 0.211254 0.521562 -0.132053 0.229535 0.375351 -0.040018 0.195899 0.472522 -0.013161 0.371563 0.112795 -0.010918 0.455387 0.004821 0.189214 0.516802 0.050131 0.189826 0.433046 0.159806 0.398002 1.787474 0.060345 0.362133 1.801058 0.006634 0.358435 1.784352 0.004878 0.394304 1.770769 0.058590 
-0.225715 0.184120 0.612850 -0.314209 0.215373 0.513442 -0.147236 0.232404 0.375516 -0.060259 0.200610 0.477831 -0.018449 0.372285 0.113124 -0.011142 0.455417 0.004840 0.186721 0.517029 0.058985 0.182187 0.433974 0.169100 0.394592 1.785380 0.062156 0.361477 1.797436 0.006352 0.357833 1.780690 0.004897 0.390947 1.768634 0.060700 
-0.253874 0.189498 0.606230 -0.337158 0.219248 0.501977 -0.163251 0.235516 0.372804 -0.081633 0.205250 0.479886 -0.023934 0.373099 0.113570 -0.011377 0.455455 0.005174 0.183668 0.517440 0.068363 0.173793 0.435174 0.178721 0.389514 1.784347 0.063603 0.358929 1.794958 0.006089 0.355323 1.778182 0.004911 0.385908 1.767571 0.062426 
-0.283792 0.194780 0.597017 -0.361462 0.223248 0.488174 -0.180951 0.238662 0.368291 -0.105094 0.209704 0.479876 -0.029683 0.373973 0.113887 -0.011645 0.455495 0.005634 0.179976 0.517987 0.078116 0.164517 0.436570 0.188463 0.382922 1.783826 0.064857 0.354928 1.792788 0.005763 0.351321 1.775991 0.004925 0.379315 1.767030 0.064018 
-0.315277 0.199960 0.585247 -0.387128 0.227934 0.472354 -0.200597 0.242407 0.361944 -0.130701 0.213960 0.477482 -0.034353 0.373563 0.121240 -0.012292 0.452740 0.011997 0.176006 0.517760 0.090698 0.156437 0.438748 0.202134 0.375409 1.784124 0.065927 0.349995 1.791411 0.005453 0.346403 1.774598 0.004937 0.371817 1.767312 0.065411 
-0.343616 0.208277 0.580094 -0.410327 0.235345 0.463875 -0.219067 0.248115 0.361649 -0.154426 0.220607 0.480430 -0.040012 0.373127 0.136518 -0.013326 0.449006 0.025974 0.171515 0.516512 0.110559 0.147226 0.440866 0.223394 0.366432 1.785866 0.067291 0.343609 1.791719 0.005639 0.340069 1.774889 0.005352 0.362892 1.769037 0.067003 
-0.366319 0.221208 0.586616 -0.428342 0.245190 0.467167 -0.233147 0.255749 0.372397 -0.173296 0.231388 0.494333 -0.045912 0.374676 0.151010 -0.014913 0.447730 0.039691 0.166716 0.517167 0.129509 0.138025 0.444401 0.243201 0.357197 1.790823 0.067976 0.337139 1.795115 0.005245 0.333741 1.778254 0.005178 0.353799 1.773962 0.067909 
-0.387570 0.232926 0.597759 -0.445536 0.253801 0.475718 -0.247276 0.261657 0.387260 -0.191563 0.240470 0.511724 -0.051114 0.378016 0.163320 -0.016303 0.449537 0.052132 0.161678 0.521005 0.147489 0.129086 0.449816 0.261129 0.352261 1.793468 0.068526 0.334483 1.795506 0.004998 0.331126 1.778642 0.005396 0.348903 1.776603 0.068924 
-0.408110 0.241944 0.605366 -0.462469 0.260678 0.481334 -0.261728 0.265998 0.398457 -0.209692 0.247010 0.524852 -0.056083 0.380570 0.173172 -0.017930 0.451194 0.062508 0.156784 0.523947 0.162806 0.120771 0.453683 0.275987 0.348452 1.794825 0.070134 0.331473 1.796243 0.006371 0.328135 1.779377 0.006885 0.345114 1.777960 0.070648 
-0.426392 0.248305 0.607238 -0.477599 0.265960 0.481715 -0.274861 0.269488 0.403751 -0.226036 0.251613 0.531581 -0.060647 0.382586 0.181560 -0.019623 0.452375 0.071395 0.152239 0.526192 0.175761 0.113286 0.456785 0.288497 0.345193 1.796396 0.076607 0.329729 1.797391 0.012452 0.326426 1.780520 0.012987 0.341889 1.779525 0.077142 
-0.440504 0.252647 0.606213 -0.488942 0.269591 0.479499 -0.284549 0.272413 0.405950 -0.238542 0.255267 0.534921 -0.064710 0.384093 0.188584 -0.021264 0.453084 0.078846 0.148194 0.527772 0.186471 0.106761 0.459184 0.298823 0.342907 1.797286 0.083386 0.328922 1.797984 0.018888 0.325624 1.781112 0.019421 0.339609 1.780414 0.083918 
-0.451313 0.255902 0.604473 -0.497482 0.272294 0.476842 -0.291808 0.274858 0.406947 -0.248110 0.258272 0.536791 -0.068221 0.385320 0.194314 -0.022766 0.453606 0.084949 0.144697 0.528993 0.195180 0.101206 0.461126 0.307192 0.341643 1.797527 0.088959 0.328906 1.797997 0.024201 0.325586 1.781129 0.024732 0.338323 1.780659 0.089490 
-0.459670 0.258609 0.603233 -0.504010 0.274470 0.474889 -0.297355 0.276891 0.407945 -0.255518 0.260843 0.538467 -0.071092 0.386345 0.198840 -0.024042 0.454062 0.089796 0.141795 0.530030 0.202067 0.096671 0.462746 0.313784 0.340708 1.797623 0.093012 0.328950 1.797868 0.028068 0.325607 1.781005 0.028610 0.337365 1.780760 0.093554 
-0.466064 0.260887 0.602721 -0.509014 0.276253 0.473845 -0.301645 0.278487 0.409139 -0.261222 0.262942 0.540167 -0.073292 0.387131 0.202206 -0.025047 0.454421 0.093420 0.139550 0.530832 0.207205 0.093202 0.463986 0.318683 0.339767 1.797900 0.095595 0.328730 1.797918 0.030525 0.325377 1.781058 0.031089 0.336414 1.781039 0.096160 
-0.470592 0.262498 0.602381 -0.512571 0.277519 0.473146 -0.304722 0.279582 0.409994 -0.265285 0.264387 0.541363 -0.074820 0.387675 0.204493 -0.025759 0.454674 0.095893 0.137980 0.531391 0.210706 0.090795 0.464842 0.322012 0.339041 1.798158 0.097218 0.328494 1.798003 0.032066 0.325136 1.781144 0.032650 0.335684 1.781299 0.097802 
-0.473134 0.263400 0.602170 -0.514568 0.278228 0.472736 -0.306454 0.280196 0.410459 -0.267572 0.265199 0.542016 -0.075686 0.387982 0.205768 -0.026167 0.454819 0.097277 0.137086 0.531708 0.212664 0.089431 0.465326 0.323869 0.338628 1.798306 0.098129 0.328355 1.798052 0.032934 0.324995 1.781194 0.033529 0.335268 1.781448 0.098724 
-0.473467 0.263475 0.602097 -0.514795 0.278257 0.472624 -0.306629 0.280304 0.410526 -0.267853 0.265351 0.542120 -0.075823 0.388044 0.205989 -0.026228 0.454876 0.097529 0.136903 0.531830 0.213046 0.089170 0.465453 0.324221 0.338715 1.798131 0.098145 0.328452 1.797914 0.032948 0.325085 1.781057 0.033534 0.335348 1.781274 0.098731 
-0.472108 0.262982 0.602186 -0.513723 0.277868 0.472817 -0.305694 0.279976 0.410261 -0.266628 0.264917 0.541756 -0.075372 0.387880 0.205314 -0.026015 0.454799 0.096799 0.137369 0.531660 0.212018 0.089881 0.465195 0.323245 0.338931 1.798052 0.097687 0.328525 1.797887 0.032513 0.325159 1.781030 0.033093 0.335565 1.781195 0.098267 
-0.468834 0.261803 0.602428 -0.511152 0.276942 0.473316 -0.303466 0.279174 0.409634 -0.263685 0.263858 0.540886 -0.074261 0.387480 0.203650 -0.025494 0.454611 0.094999 0.138515 0.531247 0.209479 0.091631 0.464565 0.320832 0.339458 1.797862 0.096532 0.328698 1.797825 0.031415 0.325336 1.780966 0.031980 0.336096 1.781004 0.097097 
-0.463583 0.259914 0.602778 -0.507024 0.275457 0.474088 -0.299901 0.277891 0.408606 -0.258978 0.262165 0.539457 -0.072498 0.386845 0.200973 -0.024679 0.454318 0.092112 0.140323 0.530597 0.205398 0.094410 0.463565 0.316945 0.340291 1.797563 0.094675 0.328964 1.797729 0.029655 0.325607 1.780869 0.030196 0.336934 1.780702 0.095217 
-0.456279 0.257286 0.603181 -0.501275 0.273388 0.475095 -0.294960 0.276113 0.407121 -0.252456 0.259818 0.537397 -0.070085 0.385977 0.197226 -0.023587 0.453925 0.088089 0.142776 0.529714 0.199700 0.098217 0.462195 0.311501 0.341423 1.797156 0.092086 0.329309 1.797605 0.027209 0.325958 1.780743 0.027718 0.338072 1.780293 0.092595 
-0.446821 0.253880 0.603555 -0.493818 0.270703 0.476283 -0.288593 0.273821 0.405101 -0.244054 0.256792 0.534601 -0.067031 0.384878 0.192330 -0.022246 0.453443 0.082863 0.145849 0.528608 0.192279 0.103044 0.460458 0.304383 0.342836 1.796648 0.088721 0.329707 1.797463 0.024045 0.326364 1.780597 0.024511 0.339493 1.779782 0.089187 
-0.435088 0.249652 0.603788 -0.484548 0.267363 0.477574 -0.280745 0.270993 0.402441 -0.233698 0.253062 0.530929 -0.063352 0.383553 0.186189 -0.020697 0.452885 0.076355 0.149497 0.527295 0.183007 0.108874 0.458358 0.295442 0.344517 1.796044 0.084522 0.330133 1.797311 0.020121 0.326799 1.780442 0.020534 0.341182 1.779175 0.084935 
-0.420904 0.244578 0.603797 -0.473312 0.263345 0.478933 -0.271329 0.267627 0.399068 -0.221280 0.248621 0.526260 -0.059063 0.382020 0.178730 -0.018994 0.452276 0.068511 0.153666 0.525805 0.171757 0.115689 0.455923 0.284532 0.346437 1.795364 0.079378 0.330546 1.797171 0.015345 0.327221 1.780299 0.015694 0.343112 1.778493 0.079727 
-0.404083 0.238630 0.603454 -0.459945 0.258616 0.480288 -0.260263 0.263715 0.394878 -0.206695 0.243465 0.520434 -0.054208 0.380300 0.169849 -0.017212 0.451644 0.059254 0.158266 0.524175 0.158371 0.123433 0.453180 0.271466 0.348552 1.794646 0.073175 0.330885 1.797081 0.009630 0.327571 1.780205 0.009905 0.345238 1.777771 0.073450 
-0.384362 0.231656 0.602472 -0.444194 0.253028 0.481422 -0.247391 0.259170 0.389635 -0.189774 0.237506 0.513147 -0.048844 0.378364 0.159201 -0.015436 0.451016 0.048316 0.163164 0.522420 0.142556 0.131999 0.450087 0.255873 0.350979 1.793815 0.067982 0.331702 1.796920 0.004936 0.328393 1.780042 0.005117 0.347670 1.776937 0.068163 
-0.361260 0.222724 0.600883 -0.425244 0.245498 0.482236 -0.231707 0.253421 0.383878 -0.169851 0.230317 0.505056 -0.043100 0.376085 0.146283 -0.013869 0.450526 0.035405 0.168200 0.520414 0.123972 0.141301 0.446254 0.237200 0.353081 1.792984 0.067488 0.332148 1.797339 0.005048 0.328791 1.780470 0.004997 0.349724 1.776115 0.067437 
-0.335350 0.210455 0.597109 -0.403099 0.234772 0.480882 -0.212711 0.246227 0.376887 -0.147011 0.221515 0.495702 -0.037977 0.373642 0.131819 -0.012874 0.450791 0.021784 0.172573 0.518305 0.105026 0.149891 0.441376 0.217327 0.356169 1.791915 0.066843 0.333146 1.797246 0.005219 0.329826 1.780370 0.004999 0.352849 1.775040 0.066623 
-0.308738 0.197937 0.592212 -0.380656 0.223915 0.478885 -0.194064 0.239282 0.368699 -0.124101 0.212837 0.484672 -0.033809 0.370422 0.120310 -0.012418 0.449789 0.011072 0.176058 0.515178 0.089039 0.157168 0.435978 0.200460 0.357842 1.790503 0.066066 0.332672 1.796725 0.005372 0.329390 1.779846 0.005003 0.354560 1.773623 0.065696 
-0.284309 0.186817 0.586984 -0.360556 0.214653 0.476978 -0.178304 0.233406 0.360246 -0.103908 0.205037 0.472960 -0.030022 0.368562 0.114082 -0.011406 0.449280 0.005326 0.179424 0.513010 0.078813 0.163369 0.432423 0.189682 0.358630 1.789431 0.065078 0.331036 1.796642 0.005558 0.327754 1.779766 0.005035 0.355347 1.772555 0.064555 
-0.264683 0.179485 0.583494 -0.345292 0.209387 0.477203 -0.167877 0.230653 0.353650 -0.089008 0.200162 0.462711 -0.027172 0.367957 0.113895 -0.011215 0.449257 0.005149 0.181279 0.512745 0.074381 0.167933 0.431567 0.185179 0.360623 1.788924 0.065251 0.330900 1.797100 0.006893 0.327601 1.780233 0.006210 0.357325 1.772057 0.064568 
-0.251141 0.176000 0.585831 -0.334868 0.207264 0.482380 -0.161282 0.228776 0.353543 -0.079212 0.196908 0.459811 -0.024232 0.367534 0.113808 -0.011085 0.449244 0.004993 0.183076 0.512589 0.069543 0.172592 0.430996 0.180343 0.364956 1.788038 0.065384 0.333624 1.797057 0.008000 0.330260 1.780209 0.007188 0.361592 1.771190 0.064573 
-0.239586 0.174926 0.592601 -0.325834 0.206842 0.491445 -0.155595 0.227491 0.358080 -0.070933 0.194977 0.462095 -0.021417 0.367171 0.113848 -0.010924 0.449197 0.004983 0.184748 0.512374 0.064972 0.176965 0.430459 0.175758 0.370641 1.785688 0.062666 0.337868 1.795434 0.006212 0.334366 1.778616 0.005342 0.367139 1.768871 0.061795 
-0.227774 0.175182 0.601128 -0.316041 0.207122 0.501736 -0.148600 0.226845 0.364738 -0.061860 0.194319 0.467023 -0.018838 0.366879 0.113843 -0.010807 0.449184 0.004980 0.186273 0.512022 0.060555 0.180996 0.429821 0.171276 0.375858 1.784564 0.061671 0.342142 1.795115 0.005922 0.338533 1.778327 0.004928 0.372249 1.767777 0.060676 
-0.214824 0.175551 0.609070 -0.305027 0.207232 0.511348 -0.140315 0.226539 0.371023 -0.051582 0.194281 0.471670 -0.016316 0.366619 0.113774 -0.010700 0.449201 0.004969 0.187629 0.511779 0.056227 0.184808 0.429293 0.166826 0.379618 1.783761 0.061168 0.345123 1.795056 0.006046 0.341411 1.778298 0.004935 0.375906 1.767003 0.060057 
-0.200833 0.175305 0.615280 -0.292952 0.206619 0.519242 -0.130978 0.226162 0.375798 -0.040271 0.194272 0.474789 -0.013954 0.366387 0.113645 -0.010603 0.449269 0.004975 0.188798 0.511617 0.052194 0.188280 0.428826 0.162599 0.381642 1.783400 0.060816 0.346635 1.795090 0.006100 0.342859 1.778350 0.004940 0.377866 1.766660 0.059656 
-0.187298 0.174303 0.619679 -0.281197 0.205358 0.525295 -0.121847 0.225424 0.379013 -0.029306 0.193786 0.476374 -0.011688 0.366074 0.113461 -0.010502 0.449255 0.004974 0.189830 0.511420 0.048337 0.191511 0.428324 0.158501 0.382105 1.783337 0.060543 0.346718 1.795132 0.006095 0.342911 1.778397 0.004944 0.378299 1.766603 0.059392 
-0.174905 0.173183 0.622911 -0.270386 0.204053 0.530066 -0.113445 0.224722 0.381283 -0.019273 0.193262 0.477126 -0.009643 0.365792 0.113257 -0.010410 0.449242 0.004974 0.190680 0.511288 0.044857 0.194345 0.427917 0.154767 0.382493 1.783371 0.060301 0.346769 1.795235 0.006088 0.342945 1.778504 0.004947 0.378669 1.766641 0.059160 
-0.164296 0.171992 0.625012 -0.261207 0.202858 0.533658 -0.106545 0.224048 0.382581 -0.010896 0.192586 0.476950 -0.007866 0.365557 0.113052 -0.010320 0.449239 0.004973 0.191371 0.511197 0.041846 0.196747 0.427592 0.151506 0.383027 1.783422 0.059968 0.346843 1.795457 0.006099 0.342994 1.778733 0.004947 0.379177 1.766698 0.058817 
-0.155627 0.170818 0.626403 -0.253771 0.201834 0.536429 -0.101170 0.223377 0.383320 -0.004246 0.191759 0.476326 -0.006337 0.365351 0.112855 -0.010252 0.449230 0.004971 0.191920 0.511123 0.039224 0.198779 0.427318 0.148649 0.383660 1.783345 0.059576 0.346944 1.795621 0.006123 0.343056 1.778907 0.004955 0.379772 1.766631 0.058408 
-0.148177 0.169817 0.627640 -0.247383 0.200975 0.538887 -0.096611 0.222764 0.384011 0.001410 0.190998 0.475808 -0.004997 0.365171 0.112665 -0.010193 0.449222 0.004970 0.192373 0.511062 0.036918 0.200531 0.427082 0.146120 0.384227 1.783574 0.059200 0.347003 1.796103 0.006158 0.343096 1.779396 0.004954 0.380319 1.766867 0.057996 
-0.141744 0.168953 0.628634 -0.241854 0.200232 0.540945 -0.092676 0.222235 0.384563 0.006280 0.190344 0.475308 -0.003844 0.365016 0.112489 -0.010141 0.449215 0.004969 0.192742 0.511012 0.034926 0.202016 0.426883 0.143923 0.384709 1.783777 0.058883 0.347061 1.796516 0.006192 0.343136 1.779816 0.004958 0.380784 1.767076 0.057649 
-0.136331 0.168221 0.629416 -0.237192 0.199602 0.542628 -0.089364 0.221788 0.384993 0.010369 0.189791 0.474847 -0.002876 0.364885 0.112332 -0.010098 0.449210 0.004967 0.193035 0.510972 0.033250 0.203247 0.426716 0.142065 0.385101 1.784080 0.058621 0.347101 1.796990 0.006225 0.343170 1.780293 0.004962 0.381170 1.767383 0.057357 
-0.131936 0.167625 0.630015 -0.233400 0.199088 0.543963 -0.086676 0.221424 0.385321 0.013682 0.189343 0.474446 -0.002092 0.364779 0.112198 -0.010063 0.449205 0.004966 0.193263 0.510942 0.031889 0.204233 0.426583 0.140550 0.385412 1.784445 0.058410 0.347125 1.797495 0.006258 0.343196 1.780799 0.004965 0.381483 1.767750 0.057117 
-0.128550 0.167164 0.630453 -0.230475 0.198690 0.544970 -0.084605 0.221141 0.385560 0.016229 0.188995 0.474120 -0.001490 0.364697 0.112091 -0.010036 0.449201 0.004965 0.193432 0.510919 0.030841 0.204985 0.426480 0.139380 0.385646 1.784772 0.058251 0.347142 1.797927 0.006285 0.343217 1.781233 0.004968 0.381721 1.768078 0.056933 
-0.126168 0.166840 0.630751 -0.228415 0.198409 0.545669 -0.083148 0.220943 0.385720 0.018020 0.188752 0.473883 -0.001066 0.364640 0.112013 -0.010017 0.449199 0.004964 0.193547 0.510903 0.030103 0.205510 0.426408 0.138554 0.385813 1.784979 0.058137 0.347155 1.798211 0.006305 0.343231 1.781518 0.004970 0.381888 1.768286 0.056802 
-0.124764 0.166649 0.630922 -0.227199 0.198244 0.546078 -0.082289 0.220827 0.385813 0.019075 0.188609 0.473740 -0.000817 0.364606 0.111967 -0.010006 0.449197 0.004963 0.193614 0.510894 0.029668 0.205818 0.426367 0.138066 0.385914 1.785108 0.058068 0.347164 1.798392 0.006319 0.343240 1.781700 0.004973 0.381989 1.768416 0.056722 
-0.124302 0.166587 0.630977 -0.226800 0.198191 0.546211 -0.082007 0.220788 0.385842 0.019422 0.188562 0.473692 -0.000735 0.364595 0.111951 -0.010002 0.449197 0.004963 0.193636 0.510891 0.029524 0.205919 0.426353 0.137905 0.385944 1.785199 0.058049 0.347164 1.798500 0.006327 0.343243 1.781808 0.004975 0.382023 1.768507 0.056697 
-0.124627 0.166631 0.630936 -0.227081 0.198229 0.546115 -0.082206 0.220816 0.385820 0.019178 0.188595 0.473725 -0.000789 0.364608 0.111960 -0.009998 0.449204 0.004962 0.193625 0.510901 0.029630 0.205851 0.426370 0.138023 0.385928 1.785524 0.058083 0.347167 1.798810 0.006343 0.343268 1.782114 0.004976 0.382029 1.768827 0.056716 
-0.125575 0.166758 0.630817 -0.227902 0.198340 0.545837 -0.082787 0.220894 0.385753 0.018465 0.188690 0.473816 -0.000956 0.364631 0.111990 -0.010006 0.449205 0.004961 0.193580 0.510908 0.029922 0.205644 0.426399 0.138351 0.385847 1.785715 0.058145 0.347149 1.798970 0.006350 0.343266 1.782271 0.004977 0.381965 1.769015 0.056772 
-0.127131 0.166927 0.630558 -0.229264 0.198506 0.545344 -0.083789 0.221003 0.385579 0.017261 0.188802 0.473874 -0.001224 0.364669 0.112039 -0.010018 0.449207 0.004960 0.193507 0.510922 0.030391 0.205311 0.426449 0.138875 0.385744 1.785867 0.058243 0.347144 1.799071 0.006362 0.343277 1.782368 0.004988 0.381877 1.769164 0.056869 
-0.129312 0.167090 0.630081 -0.231196 0.198710 0.544585 -0.085274 0.221120 0.385216 0.015519 0.188879 0.473790 -0.001585 0.364720 0.112104 -0.010034 0.449209 0.004960 0.193403 0.510949 0.031027 0.204857 0.426525 0.139588 0.385609 1.786035 0.058343 0.347120 1.799173 0.006361 0.343270 1.782466 0.004990 0.381758 1.769328 0.056971 
-0.132044 0.167231 0.629383 -0.233635 0.198938 0.543571 -0.087201 0.221237 0.384658 0.013290 0.188910 0.473543 -0.002023 0.364789 0.112182 -0.010049 0.449220 0.004959 0.193273 0.510999 0.031816 0.204299 0.426635 0.140467 0.385469 1.786309 0.058450 0.347104 1.799363 0.006357 0.343276 1.782651 0.004988 0.381642 1.769597 0.057081 
-0.135134 0.167381 0.628561 -0.236394 0.199188 0.542395 -0.089380 0.221362 0.384000 0.010767 0.188937 0.473236 -0.002521 0.364867 0.112269 -0.010067 0.449231 0.004958 0.193120 0.511058 0.032712 0.203659 0.426763 0.141465 0.385315 1.786565 0.058572 0.347088 1.799526 0.006354 0.343283 1.782808 0.004989 0.381511 1.769846 0.057207 
-0.138385 0.167612 0.627788 -0.239265 0.199477 0.541199 -0.091583 0.221529 0.383411 0.008172 0.189046 0.473065 -0.003066 0.364944 0.112361 -0.010091 0.449235 0.004957 0.192949 0.511105 0.033673 0.202960 0.426885 0.142534 0.385129 1.786813 0.058707 0.347056 1.799679 0.006354 0.343277 1.782954 0.004991 0.381351 1.770088 0.057345 
-0.141724 0.167969 0.627156 -0.242174 0.199827 0.540066 -0.093723 0.221760 0.382984 0.005587 0.189286 0.473134 -0.003647 0.365025 0.112455 -0.010117 0.449239 0.004957 0.192767 0.511140 0.034685 0.202216 0.426997 0.143656 0.384896 1.786989 0.058869 0.347015 1.799746 0.006350 0.343261 1.783015 0.004993 0.381142 1.770258 0.057512 
-0.145204 0.168435 0.626618 -0.245172 0.200230 0.538952 -0.095855 0.222044 0.382675 0.002955 0.189635 0.473396 -0.004270 0.365109 0.112552 -0.010145 0.449242 0.004956 0.192572 0.511167 0.035762 0.201417 0.427106 0.144847 0.384608 1.787156 0.059059 0.346961 1.799790 0.006342 0.343235 1.783053 0.004992 0.380882 1.770419 0.057709 
-0.149026 0.168951 0.626014 -0.248456 0.200674 0.537713 -0.098189 0.222360 0.382332 0.000065 0.190025 0.473680 -0.004957 0.365202 0.112655 -0.010175 0.449247 0.004956 0.192350 0.511198 0.036947 0.200529 0.427226 0.146153 0.384291 1.787410 0.059271 0.346903 1.799911 0.006338 0.343211 1.783165 0.004991 0.380599 1.770665 0.057924 
-0.153223 0.169518 0.625322 -0.252059 0.201160 0.536327 -0.100753 0.222706 0.381938 -0.003113 0.190454 0.473973 -0.005714 0.365304 0.112763 -0.010208 0.449251 0.004955 0.192098 0.511232 0.038249 0.199544 0.427360 0.147583 0.383946 1.787593 0.059497 0.346842 1.799946 0.006330 0.343183 1.783194 0.004992 0.380286 1.770841 0.058159 
-0.157818 0.170138 0.624531 -0.255997 0.201692 0.534781 -0.103559 0.223085 0.381487 -0.006599 0.190925 0.474269 -0.006543 0.365417 0.112876 -0.010245 0.449257 0.004955 0.191811 0.511271 0.039674 0.198452 0.427507 0.149143 0.383583 1.787756 0.059733 0.346781 1.799963 0.006323 0.343153 1.783203 0.004992 0.379955 1.770995 0.058402 
-0.162845 0.170817 0.623628 -0.260297 0.202273 0.533055 -0.106630 0.223499 0.380971 -0.010421 0.191441 0.474567 -0.007449 0.365546 0.112992 -0.010277 0.449270 0.004955 0.191491 0.511324 0.041241 0.197247 0.427677 0.150850 0.383202 1.787951 0.059980 0.346718 1.800013 0.006319 0.343125 1.783245 0.004993 0.379609 1.771183 0.058653 
-0.168341 0.171559 0.622590 -0.264991 0.202906 0.531124 -0.109988 0.223952 0.380376 -0.014608 0.192006 0.474854 -0.008446 0.365680 0.113112 -0.010321 0.449276 0.004955 0.191120 0.511374 0.042945 0.195908 0.427858 0.152700 0.382781 1.788126 0.060245 0.346648 1.800031 0.006313 0.343090 1.783254 0.004994 0.379223 1.771350 0.058926 
-0.174341 0.172369 0.621398 -0.270103 0.203597 0.528964 -0.113654 0.224447 0.379690 -0.019190 0.192625 0.475126 -0.009538 0.365828 0.113234 -0.010369 0.449283 0.004955 0.190697 0.511432 0.044806 0.194425 0.428058 0.154710 0.382317 1.788320 0.060533 0.346572 1.800050 0.006305 0.343052 1.783265 0.004994 0.378798 1.771535 0.059222 
-0.180872 0.173251 0.620032 -0.275657 0.204347 0.526550 -0.117645 0.224986 0.378902 -0.024191 0.193300 0.475371 -0.010730 0.365989 0.113355 -0.010421 0.449290 0.004955 0.190214 0.511497 0.046831 0.192786 0.428280 0.156887 0.381812 1.788531 0.060841 0.346489 1.800071 0.006296 0.343012 1.783276 0.004995 0.378334 1.771736 0.059540 
-0.187981 0.174211 0.618462 -0.281686 0.205161 0.523850 -0.121990 0.225573 0.377994 -0.029649 0.194037 0.475578 -0.012032 0.366165 0.113474 -0.010477 0.449298 0.004955 0.189664 0.511572 0.049035 0.190971 0.428525 0.159242 0.381261 1.788759 0.061170 0.346400 1.800093 0.006286 0.342967 1.783289 0.004996 0.377828 1.771954 0.059880 
-0.195751 0.175261 0.616647 -0.288258 0.206049 0.520811 -0.126739 0.226215 0.376941 -0.035634 0.194846 0.475733 -0.013460 0.366359 0.113587 -0.010540 0.449307 0.004956 0.189032 0.511657 0.051444 0.188952 0.428798 0.161800 0.380656 1.789007 0.061522 0.346303 1.800118 0.006274 0.342919 1.783302 0.004997 0.377272 1.772192 0.060245 
-0.204315 0.176445 0.614532 -0.295477 0.207051 0.517359 -0.131969 0.226947 0.375715 -0.042249 0.195766 0.475827 -0.015047 0.366573 0.113693 -0.010608 0.449317 0.004956 0.188305 0.511738 0.054095 0.186682 0.429087 0.164595 0.379983 1.789278 0.061901 0.346192 1.800144 0.006259 0.342858 1.783317 0.004997 0.376650 1.772452 0.060640 
-0.213797 0.177823 0.612059 -0.303441 0.208225 0.513421 -0.137756 0.227822 0.374287 -0.049600 0.196852 0.475842 -0.016822 0.366822 0.113791 -0.010685 0.449328 0.004957 0.187463 0.511812 0.057025 0.184114 0.429401 0.167665 0.379169 1.789551 0.062300 0.345994 1.800152 0.006236 0.342706 1.783315 0.004998 0.375880 1.772713 0.061062 
-0.224311 0.179397 0.609156 -0.312242 0.209572 0.508919 -0.144187 0.228834 0.372610 -0.057794 0.198097 0.475739 -0.018796 0.367107 0.113874 -0.010770 0.449341 0.004957 0.186464 0.511924 0.060275 0.181194 0.429790 0.171046 0.377755 1.789837 0.062681 0.345208 1.800159 0.006199 0.341949 1.783313 0.004999 0.374495 1.772992 0.061481 
-0.235925 0.181106 0.605726 -0.321926 0.211024 0.503752 -0.151300 0.229920 0.370623 -0.066892 0.199447 0.475460 -0.020981 0.367418 0.113947 -0.010864 0.449355 0.004979 0.185281 0.512079 0.063889 0.177885 0.430248 0.174762 0.375713 1.790253 0.063092 0.343878 1.800199 0.006139 0.340650 1.783343 0.005000 0.372484 1.773397 0.061953 
-0.248674 0.183008 0.601869 -0.332504 0.212607 0.498012 -0.159108 0.231088 0.368451 -0.076931 0.200944 0.475139 -0.023385 0.367777 0.114155 -0.010971 0.449371 0.005168 0.183885 0.512298 0.068009 0.174151 0.430814 0.178959 0.373206 1.790753 0.063543 0.342185 1.800248 0.006066 0.338996 1.783379 0.005001 0.370016 1.773885 0.062478 
-0.262725 0.185100 0.597274 -0.344096 0.214331 0.491378 -0.167711 0.232368 0.365853 -0.088058 0.202600 0.474542 -0.026061 0.368175 0.114327 -0.011093 0.449390 0.005378 0.182239 0.512543 0.072549 0.169904 0.431446 0.183523 0.370363 1.791284 0.064022 0.340256 1.800276 0.005982 0.337105 1.783396 0.005001 0.367212 1.774403 0.063042 
-0.278212 0.187439 0.591829 -0.356787 0.216240 0.483725 -0.177179 0.233799 0.362786 -0.100396 0.204473 0.473638 -0.029040 0.368618 0.114448 -0.011235 0.449411 0.005612 0.180288 0.512829 0.077548 0.165062 0.432162 0.188476 0.367214 1.791757 0.064527 0.338123 1.800228 0.005893 0.334999 1.783338 0.005002 0.364090 1.774866 0.063636 
-0.295330 0.190049 0.585356 -0.370718 0.218489 0.474913 -0.187664 0.235560 0.359183 -0.114147 0.206606 0.472324 -0.031444 0.369159 0.115530 -0.011413 0.449354 0.006638 0.178147 0.513952 0.082612 0.160646 0.433905 0.193654 0.363645 1.792203 0.065051 0.335700 1.800094 0.005782 0.332595 1.783195 0.004996 0.360539 1.775304 0.064265 
-0.311873 0.194465 0.581571 -0.384274 0.222795 0.469119 -0.198219 0.238951 0.358139 -0.127761 0.210121 0.473241 -0.033247 0.370428 0.121788 -0.011497 0.449535 0.012431 0.176270 0.515859 0.091313 0.157007 0.436936 0.202867 0.359766 1.793086 0.065659 0.333210 1.800315 0.005671 0.330115 1.783409 0.005004 0.356670 1.776180 0.064992 
-0.324714 0.201898 0.585114 -0.394563 0.228648 0.470679 -0.206051 0.243436 0.363729 -0.138203 0.216220 0.480776 -0.035925 0.372125 0.128680 -0.011811 0.449915 0.018875 0.174129 0.517355 0.101069 0.152453 0.439778 0.213122 0.357584 1.793969 0.066283 0.332620 1.800528 0.005539 0.329517 1.783619 0.004989 0.354481 1.777060 0.065733 
-0.336459 0.210557 0.592099 -0.403779 0.235121 0.475675 -0.212955 0.248258 0.372684 -0.147693 0.223273 0.491682 -0.038398 0.373861 0.135760 -0.012197 0.450337 0.025511 0.172091 0.518883 0.110464 0.148284 0.442650 0.223006 0.355868 1.794563 0.066894 0.332502 1.800580 0.005463 0.329386 1.783671 0.004992 0.352752 1.777654 0.066423 
-0.347450 0.219382 0.599937 -0.412268 0.241547 0.481628 -0.219275 0.253127 0.382566 -0.156569 0.230585 0.503413 -0.040944 0.375533 0.142785 -0.012714 0.450742 0.032166 0.169958 0.520325 0.119725 0.144079 0.445385 0.232678 0.353954 1.795387 0.067489 0.332349 1.800663 0.005349 0.329242 1.783749 0.004993 0.350848 1.778474 0.067133 
-0.359100 0.226602 0.605635 -0.421799 0.247139 0.485898 -0.227078 0.257119 0.390097 -0.166537 0.236244 0.512338 -0.043625 0.377260 0.149726 -0.013328 0.451389 0.038925 0.167561 0.522033 0.129294 0.139568 0.448199 0.242470 0.352289 1.796530 0.067862 0.332184 1.800737 0.005140 0.329093 1.783818 0.004996 0.349197 1.779611 0.067718 
-0.371490 0.230502 0.607494 -0.432635 0.250791 0.486914 -0.236740 0.258845 0.393352 -0.177784 0.238248 0.516413 -0.045787 0.378441 0.154843 -0.013869 0.452021 0.044131 0.165504 0.523393 0.136915 0.135854 0.450124 0.250036 0.351350 1.796906 0.067932 0.331689 1.800695 0.005042 0.328612 1.783772 0.004985 0.348273 1.779984 0.067874 
-0.380796 0.232620 0.607429 -0.440956 0.253126 0.486391 -0.244359 0.259693 0.394193 -0.186409 0.238897 0.517697 -0.047529 0.379209 0.158147 -0.014559 0.452439 0.047512 0.163808 0.524288 0.141856 0.133080 0.451378 0.254923 0.350874 1.797063 0.067966 0.331312 1.800777 0.005041 0.328243 1.783853 0.004997 0.347805 1.780139 0.067921 
-0.385125 0.233292 0.606703 -0.444960 0.254053 0.485548 -0.248151 0.259959 0.393760 -0.190531 0.238916 0.517377 -0.049112 0.379367 0.159203 -0.015787 0.452398 0.048543 0.162330 0.524335 0.143290 0.131241 0.451628 0.256388 0.350978 1.796945 0.067954 0.331317 1.800768 0.005067 0.328249 1.783844 0.004997 0.347909 1.780021 0.067885 
-0.384902 0.232683 0.605878 -0.445114 0.253768 0.484966 -0.248606 0.259589 0.392531 -0.190600 0.238219 0.515911 -0.049822 0.379070 0.158609 -0.016650 0.452103 0.047904 0.161720 0.523850 0.142320 0.130789 0.451138 0.255458 0.351182 1.796770 0.067920 0.331333 1.800755 0.005101 0.328263 1.783831 0.004998 0.348112 1.779847 0.067816 
-0.381197 0.231085 0.605293 -0.442288 0.252555 0.484890 -0.246463 0.258545 0.391026 -0.187561 0.236784 0.513912 -0.049280 0.378552 0.156262 -0.016865 0.451844 0.045503 0.162209 0.523275 0.138818 0.132053 0.450298 0.251994 0.351592 1.796436 0.067843 0.331372 1.800729 0.005164 0.328293 1.783807 0.004998 0.348514 1.779514 0.067678 
-0.374264 0.228511 0.604801 -0.436767 0.250471 0.485214 -0.242061 0.256833 0.389075 -0.181717 0.234573 0.511170 -0.047706 0.377817 0.152248 -0.016613 0.451605 0.041440 0.163581 0.522595 0.132917 0.134775 0.449110 0.246117 0.352267 1.795881 0.067710 0.331441 1.800685 0.005267 0.328342 1.783769 0.004999 0.349168 1.778964 0.067442 
-0.364004 0.223882 0.603449 -0.427982 0.246381 0.484746 -0.234443 0.253982 0.386365 -0.172594 0.231159 0.507600 -0.045263 0.376832 0.146552 -0.016005 0.451475 0.035817 0.165626 0.521860 0.124890 0.138694 0.447502 0.237981 0.353177 1.795498 0.067495 0.331601 1.800738 0.005341 0.328486 1.783826 0.004997 0.350062 1.778586 0.067150 
-0.350742 0.217806 0.601277 -0.416278 0.240726 0.483508 -0.223969 0.250623 0.382944 -0.160530 0.227343 0.503267 -0.042883 0.375276 0.140218 -0.015481 0.451032 0.029765 0.167671 0.520459 0.116443 0.142635 0.444963 0.229215 0.353498 1.795113 0.067268 0.331169 1.800710 0.005412 0.328087 1.783793 0.004994 0.350415 1.778197 0.066850 
-0.337151 0.211619 0.598826 -0.404395 0.235012 0.482118 -0.213498 0.247319 0.379160 -0.148313 0.223527 0.498445 -0.040781 0.373602 0.133982 -0.015110 0.450481 0.023889 0.169497 0.518857 0.108283 0.146230 0.442213 0.220660 0.352816 1.794798 0.067002 0.329698 1.800686 0.005464 0.326637 1.783767 0.004995 0.349756 1.777879 0.066533 
-0.325205 0.205776 0.596348 -0.394251 0.229894 0.480845 -0.204932 0.244076 0.375248 -0.137906 0.219526 0.493353 -0.038859 0.372000 0.128292 -0.014872 0.449954 0.018576 0.171157 0.517281 0.100661 0.149611 0.439537 0.212624 0.352126 1.794672 0.066664 0.328105 1.800819 0.005498 0.325066 1.783897 0.004991 0.349086 1.777750 0.066157 
