0.002132 -0.000355 0.999998 0.000431 0.002659 0.999996 0.000499 0.002696 0.999996 0.002151 -0.000344 0.999998 
0.001692 -0.000281 0.999999 0.000377 0.002329 0.999997 0.000436 0.002357 0.999997 0.001708 -0.000273 0.999999 
0.001529 -0.000254 0.999999 0.000342 0.002114 0.999998 0.000396 0.002140 0.999998 0.001543 -0.000247 0.999999 
0.001047 -0.000174 0.999999 -0.000106 -0.000657 1.000000 -0.000116 -0.000631 1.000000 0.001044 -0.000166 0.999999 
0.000953 -0.000158 1.000000 -0.000098 -0.000606 1.000000 -0.000107 -0.000583 1.000000 0.000950 -0.000152 1.000000 
0.001328 -0.000220 0.999999 -0.000130 -0.000803 1.000000 -0.000142 -0.000770 1.000000 0.001325 -0.000212 0.999999 
0.000571 -0.000095 1.000000 -0.000590 -0.003661 0.999993 -0.000669 -0.003633 0.999993 0.000550 -0.000088 1.000000 
0.000152 -0.000025 1.000000 -0.000999 -0.006205 0.999980 -0.001136 -0.006177 0.999980 0.000114 -0.000018 1.000000 
-0.001277 0.000211 0.999999 -0.001243 -0.007742 0.999969 -0.001420 -0.007739 0.999969 -0.001326 0.000211 0.999999 
-0.001137 0.000188 0.999999 -0.001144 -0.007128 0.999974 -0.001308 -0.007125 0.999974 -0.001182 0.000188 0.999999 
-0.001017 0.000168 0.999999 -0.001302 -0.008111 0.999966 -0.001487 -0.008101 0.999966 -0.001068 0.000170 0.999999 
-0.000909 0.000150 1.000000 -0.002022 -0.012595 0.999919 -0.002306 -0.012565 0.999918 -0.000987 0.000157 1.000000 
-0.000802 0.000132 1.000000 -0.003006 -0.018720 0.999820 -0.003425 -0.018664 0.999820 -0.000917 0.000146 1.000000 
-0.000705 0.000116 1.000000 -0.003144 -0.019581 0.999803 -0.003582 -0.019519 0.999803 -0.000826 0.000131 1.000000 
-0.000405 0.000067 1.000000 -0.002907 -0.018113 0.999832 -0.003312 -0.018049 0.999832 -0.000516 0.000082 1.000000 
-0.000324 0.000053 1.000000 -0.002766 -0.017231 0.999848 -0.003150 -0.017169 0.999848 -0.000430 0.000068 1.000000 
-0.000238 0.000039 1.000000 -0.002886 -0.017981 0.999834 -0.003287 -0.017915 0.999834 -0.000349 0.000055 1.000000 
-0.000156 0.000026 1.000000 -0.003744 -0.023323 0.999721 -0.004263 -0.023234 0.999721 -0.000299 0.000047 1.000000 
-0.000088 0.000015 1.000000 -0.004825 -0.030054 0.999537 -0.005493 -0.029937 0.999537 -0.000272 0.000043 1.000000 
-0.000038 0.000006 1.000000 -0.006023 -0.037521 0.999278 -0.006858 -0.037372 0.999278 -0.000267 0.000042 1.000000 
-0.000002 0.000000 1.000000 -0.007186 -0.044762 0.998972 -0.008182 -0.044584 0.998972 -0.000276 0.000044 1.000000 
-0.000001 0.000000 1.000000 -0.008219 -0.051200 0.998655 -0.009359 -0.050996 0.998655 -0.000314 0.000050 1.000000 
-0.000001 0.000000 1.000000 -0.009047 -0.056357 0.998370 -0.010302 -0.056133 0.998370 -0.000346 0.000055 1.000000 
-0.000000 0.000000 1.000000 -0.009819 -0.061168 0.998079 -0.011182 -0.060924 0.998080 -0.000375 0.000059 1.000000 
-0.000002 0.000000 1.000000 -0.010673 -0.066487 0.997730 -0.012155 -0.066222 0.997731 -0.000409 0.000065 1.000000 
-0.000007 0.000001 1.000000 -0.011656 -0.072608 0.997292 -0.013274 -0.072319 0.997293 -0.000452 0.000072 1.000000 
-0.000013 0.000002 1.000000 -0.012517 -0.077977 0.996877 -0.014256 -0.077666 0.996877 -0.000490 0.000078 1.000000 
-0.000025 0.000004 1.000000 -0.013743 -0.085613 0.996234 -0.015653 -0.085272 0.996235 -0.000549 0.000087 1.000000 
-0.000026 0.000004 1.000000 -0.014614 -0.091041 0.995740 -0.016647 -0.090678 0.995741 -0.000583 0.000092 1.000000 
-0.000042 0.000007 1.000000 -0.015913 -0.099140 0.994946 -0.018129 -0.098744 0.994948 -0.000648 0.000103 1.000000 
-0.000070 0.000012 1.000000 -0.018038 -0.108996 0.993879 -0.020476 -0.108549 0.993880 -0.000737 0.000121 1.000000 
-0.000084 0.000015 1.000000 -0.019825 -0.117019 0.992932 -0.022445 -0.116528 0.992934 -0.000800 0.000134 1.000000 
-0.000098 0.000017 1.000000 -0.021216 -0.123913 0.992066 -0.023993 -0.123388 0.992068 -0.000857 0.000145 1.000000 
-0.000090 0.000016 1.000000 -0.021578 -0.126030 0.991792 -0.024403 -0.125496 0.991794 -0.000861 0.000146 1.000000 
0.000103 -0.000017 1.000000 -0.020362 -0.128574 0.991491 -0.023245 -0.128061 0.991494 -0.000684 0.000107 1.000000 
-0.002398 0.000306 0.999997 -0.017666 -0.143787 0.989451 -0.020907 -0.143384 0.989446 -0.003279 0.000399 0.999995 
-0.034323 -0.012749 0.999329 -0.017272 0.001660 0.999849 -0.013532 -0.141910 0.989787 0.000883 0.007728 0.999970 0.001290 -0.003230 0.999994 -0.005885 -0.032434 0.999457 
-0.011760 -0.004399 0.999921 -0.021047 0.001783 0.999777 -0.011094 -0.132613 0.991106 -0.000401 -0.003233 0.999995 -0.001539 0.003832 0.999991 -0.005774 -0.030869 0.999507 
-0.002868 -0.001097 0.999995 -0.015487 0.001187 0.999879 -0.009242 -0.120725 0.992643 -0.000379 -0.003068 0.999995 -0.003983 0.009709 0.999945 -0.005198 -0.028063 0.999593 
0.000240 0.000094 1.000000 -0.006941 0.000479 0.999976 -0.007609 -0.108693 0.994046 0.000228 0.001934 0.999998 -0.006240 0.014766 0.999872 -0.004384 -0.024417 0.999692 
0.001187 0.000487 0.999999 -0.000635 0.000040 1.000000 -0.006200 -0.095031 0.995455 0.000579 0.005810 0.999983 -0.007926 0.018079 0.999805 -0.003445 -0.021006 0.999773 
0.001207 0.000514 0.999999 -0.000506 0.000032 1.000000 -0.005129 -0.079984 0.996783 0.000574 0.007479 0.999972 -0.010498 0.023092 0.999678 -0.002556 -0.017603 0.999842 
-0.000457 -0.008103 0.999967 0.002311 0.001014 0.999997 -0.000398 0.000022 1.000000 -0.013345 0.028527 0.999504 -0.001847 -0.014514 0.999893 
-0.000188 -0.004431 0.999990 0.005705 0.002566 0.999980 -0.000286 0.000013 1.000000 -0.015367 0.032057 0.999368 -0.001178 -0.010402 0.999945 
-0.000004 -0.000101 1.000000 0.011858 0.005413 0.999915 -0.000165 0.000006 1.000000 -0.016506 0.033929 0.999288 -0.000433 -0.004057 0.999992 
0.021543 0.009829 0.999720 -0.000044 0.000002 1.000000 -0.001215 -0.032046 0.999486 0.000649 0.017061 0.999854 -0.017156 0.035241 0.999232 0.000617 0.005629 0.999984 
0.032919 0.014848 0.999348 0.000062 -0.000002 1.000000 -0.000829 -0.021873 0.999760 0.001154 0.023463 0.999724 -0.017716 0.036742 0.999168 0.002050 0.017259 0.999849 
0.045493 0.020217 0.998760 0.000156 -0.000006 1.000000 -0.000479 -0.012532 0.999921 0.002058 0.032435 0.999472 -0.018515 0.038878 0.999072 0.004054 0.031085 0.999509 
0.058018 0.025422 0.997992 0.000246 -0.000009 1.000000 -0.000121 -0.003040 0.999995 0.003352 0.043555 0.999045 -0.020030 0.042535 0.998894 0.006548 0.046222 0.998910 
0.068495 0.029619 0.997212 0.000102 -0.000004 1.000000 -0.000011 -0.000262 1.000000 0.004880 0.056080 0.998414 -0.022605 0.048479 0.998568 0.008924 0.059599 0.998183 
0.077056 0.032964 0.996482 0.000405 -0.000016 1.000000 -0.000010 -0.000247 1.000000 0.006542 0.070441 0.997494 -0.026400 0.057003 0.998025 0.011141 0.072231 0.997326 
0.084278 0.035726 0.995802 0.001851 -0.000071 0.999998 -0.000009 -0.000224 1.000000 0.008130 0.084744 0.996370 -0.030673 0.066542 0.997312 0.013091 0.083660 0.996408 
0.089667 0.037812 0.995254 0.002750 -0.000105 0.999996 -0.000007 -0.000181 1.000000 0.009426 0.097544 0.995187 -0.034922 0.075842 0.996508 0.014657 0.093441 0.995517 
0.093305 0.039220 0.994865 0.002989 -0.000115 0.999996 -0.000004 -0.000100 1.000000 0.010436 0.108837 0.994005 -0.039019 0.084689 0.995643 0.015881 0.101699 0.994688 
0.095524 0.040062 0.994621 0.002573 -0.000099 0.999997 0.000001 0.000035 1.000000 0.011232 0.118941 0.992838 -0.042975 0.093169 0.994722 0.016855 0.108799 0.993921 
0.096557 0.040408 0.994507 0.001364 -0.000052 0.999999 0.000014 0.000359 1.000000 0.011900 0.127998 0.991703 -0.046756 0.101279 0.993759 0.017678 0.115030 0.993205 
0.096508 0.040306 0.994516 0.000109 -0.000004 1.000000 0.000078 0.001939 0.999998 0.012462 0.135717 0.990669 -0.050252 0.108798 0.992793 0.018360 0.120228 0.992577 
0.094498 0.039424 0.994744 0.000129 -0.000005 1.000000 0.000195 0.004875 0.999988 0.012655 0.142322 0.989740 -0.053559 0.115897 0.991816 0.018604 0.123736 0.992141 
0.091326 0.038141 0.995090 0.000144 -0.000005 1.000000 0.000357 0.008910 0.999960 0.012578 0.147629 0.988963 -0.056487 0.122032 0.990917 0.018600 0.126206 0.991830 
0.087373 0.036556 0.995505 0.000129 -0.000005 1.000000 0.000506 0.012650 0.999920 0.012398 0.152243 0.988265 -0.059191 0.127644 0.990052 0.018460 0.127876 0.991618 
0.083031 0.034816 0.995939 0.000094 -0.000004 1.000000 0.000627 0.015666 0.999877 0.012222 0.156309 0.987633 -0.061651 0.132726 0.989233 0.018274 0.128920 0.991487 
0.078317 0.032921 0.996385 0.000042 -0.000002 1.000000 0.000720 0.017995 0.999838 0.012027 0.159800 0.987076 -0.063880 0.137313 0.988466 0.018024 0.129322 0.991439 
0.073106 0.030819 0.996848 -0.000002 0.000000 1.000000 0.000787 0.019671 0.999806 0.011746 0.162680 0.986609 -0.065920 0.141495 0.987742 0.017653 0.128984 0.991490 
0.067336 0.028478 0.997324 -0.000001 0.000000 1.000000 0.000829 0.020718 0.999785 0.011337 0.164900 0.986245 -0.067787 0.145320 0.987060 0.017129 0.127826 0.991649 
0.061085 0.025921 0.997796 -0.000002 0.000000 1.000000 0.000847 0.021150 0.999776 0.010806 0.166414 0.985997 -0.069464 0.148768 0.986429 0.016465 0.125864 0.991911 
0.054518 0.023215 0.998243 -0.000002 0.000000 1.000000 0.000839 0.020970 0.999780 0.010188 0.167222 0.985867 -0.070913 0.151765 0.985869 0.015699 0.123178 0.992260 
0.047865 0.020452 0.998644 -0.000005 0.000000 1.000000 0.000807 0.020168 0.999796 0.009544 0.167377 0.985847 -0.072077 0.154191 0.985409 0.014888 0.119929 0.992671 
0.041254 0.017686 0.998992 -0.000004 0.000000 1.000000 0.000750 0.018725 0.999824 0.008905 0.166890 0.985935 -0.072912 0.155958 0.985069 0.014060 0.116188 0.993128 
0.034724 0.014934 0.999285 -0.000011 0.000000 1.000000 0.000665 0.016625 0.999862 0.008277 0.165735 0.986136 -0.073408 0.157041 0.984860 0.013217 0.111957 0.993625 
0.028373 0.012239 0.999522 -0.000024 0.000001 1.000000 0.000554 0.013849 0.999904 0.007673 0.163909 0.986446 -0.073549 0.157392 0.984794 0.012374 0.107277 0.994152 
0.022315 0.009653 0.999704 -0.000042 0.000002 1.000000 0.000415 0.010373 0.999946 0.007116 0.161399 0.986864 -0.073305 0.156937 0.984884 0.011543 0.102195 0.994697 
0.016614 0.007205 0.999836 -0.000063 0.000002 1.000000 0.000247 0.006171 0.999981 0.006611 0.158163 0.987391 -0.072655 0.155625 0.985141 0.010727 0.096710 0.995255 
0.004806 0.120297 0.992726 0.011272 0.004899 0.999924 -0.000048 0.000002 1.000000 -0.071580 0.153436 0.985563 0.009913 0.090748 0.995825 
0.004423 0.115042 0.993351 0.006060 0.002640 0.999978 -0.000056 0.000002 1.000000 -0.069822 0.149707 0.986262 0.009055 0.084136 0.996413 
0.003979 0.109032 0.994030 0.000978 0.000428 0.999999 -0.000092 0.000004 1.000000 -0.067683 0.144966 0.987119 0.008132 0.077008 0.996997 
0.003534 0.102533 0.994723 -0.003777 -0.001658 0.999991 -0.000087 0.000003 1.000000 -0.065241 0.139515 0.988068 0.007212 0.069644 0.997546 
0.003125 0.095590 0.995416 -0.007937 -0.003499 0.999962 -0.002327 0.000088 0.999997 -0.062538 0.133444 0.989081 0.006417 0.063010 0.997992 
0.002760 0.088566 0.996067 -0.011515 -0.005093 0.999921 -0.002025 0.000077 0.999998 -0.059644 0.127050 0.990101 0.005591 0.055695 0.998432 
0.002478 0.081481 0.996672 -0.014387 -0.006376 0.999876 -0.002624 0.000099 0.999997 -0.056628 0.120494 0.991098 0.004887 0.048995 0.998787 
0.002270 0.074689 0.997204 -0.016380 -0.007271 0.999839 -0.002205 0.000083 0.999998 -0.053546 0.113817 0.992058 0.004257 0.042621 0.999082 
0.002082 0.067809 0.997696 -0.018021 -0.008005 0.999806 -0.001979 0.000075 0.999998 -0.050381 0.107034 0.992978 0.003654 0.036402 0.999331 
0.001882 0.061141 0.998127 -0.019439 -0.008644 0.999774 -0.001782 0.000067 0.999998 -0.047281 0.100359 0.993827 0.003068 0.030478 0.999531 
0.001677 0.054685 0.998502 -0.020488 -0.009126 0.999748 -0.002543 0.000095 0.999997 -0.044348 0.093983 0.994586 0.002539 0.025213 0.999679 
0.001511 0.048754 0.998810 -0.020773 -0.009267 0.999741 -0.002285 0.000085 0.999997 -0.041557 0.087910 0.995261 0.002061 0.020352 0.999791 
0.001360 0.043183 0.999066 -0.020840 -0.009299 0.999740 -0.002057 0.000077 0.999998 -0.038975 0.082411 0.995836 0.001615 0.015849 0.999873 
0.001229 0.038164 0.999271 -0.020508 -0.009145 0.999748 -0.001858 0.000069 0.999998 -0.036683 0.077584 0.996311 0.001227 0.011946 0.999928 
0.001110 0.033615 0.999434 -0.019761 -0.008808 0.999766 -0.001701 0.000064 0.999999 -0.034533 0.073038 0.996731 0.000896 0.008646 0.999962 
0.001011 0.029513 0.999564 -0.018535 -0.008260 0.999794 -0.001556 0.000058 0.999999 -0.032425 0.068556 0.997120 0.000629 0.005992 0.999982 
0.000929 0.025809 0.999666 -0.016817 -0.007493 0.999831 -0.001424 0.000053 0.999999 -0.030316 0.064067 0.997485 0.000423 0.003956 0.999992 
0.000857 0.022423 0.999748 -0.014707 -0.006551 0.999870 -0.001305 0.000049 0.999999 -0.028184 0.059538 0.997828 0.000265 0.002422 0.999997 
-0.012515 -0.005572 0.999906 -0.001197 0.000045 0.999999 -0.001164 -0.029764 0.999556 0.001377 0.033555 0.999436 -0.026065 0.055058 0.998143 0.000114 0.001021 0.999999 
-0.010523 -0.004682 0.999934 -0.001100 0.000041 0.999999 -0.001295 -0.033111 0.999451 0.001321 0.030175 0.999544 -0.024018 0.050746 0.998423 -0.000068 -0.000593 1.000000 
-0.008876 -0.003946 0.999953 -0.001009 0.000038 0.999999 -0.001422 -0.036334 0.999339 0.001218 0.026544 0.999647 -0.022081 0.046676 0.998666 -0.000299 -0.002579 0.999997 
-0.007562 -0.003359 0.999966 -0.000924 0.000035 1.000000 -0.001544 -0.039459 0.999220 0.001076 0.022761 0.999740 -0.020279 0.042884 0.998874 -0.000571 -0.004869 0.999988 
-0.006405 -0.002843 0.999975 -0.000845 0.000032 1.000000 -0.001664 -0.042519 0.999094 0.000924 0.019054 0.999818 -0.018548 0.039240 0.999058 -0.000849 -0.007182 0.999974 
-0.005392 -0.002392 0.999983 -0.000772 0.000029 1.000000 -0.001782 -0.045537 0.998961 0.000767 0.015463 0.999880 -0.016878 0.035719 0.999219 -0.001129 -0.009479 0.999954 
-0.003739 -0.001659 0.999992 -0.000703 0.000026 1.000000 -0.001896 -0.048445 0.998824 0.000641 0.012638 0.999920 -0.015337 0.032451 0.999356 -0.001313 -0.010933 0.999939 
-0.001859 -0.000826 0.999998 -0.000639 0.000024 1.000000 -0.002005 -0.051213 0.998686 0.000560 0.010806 0.999941 -0.014070 0.029718 0.999459 -0.001402 -0.011593 0.999932 
-0.000302 -0.000134 1.000000 -0.000581 0.000022 1.000000 -0.002107 -0.053825 0.998548 0.000483 0.009221 0.999957 -0.012928 0.027235 0.999545 -0.001482 -0.012212 0.999924 
-0.000099 -0.000045 1.000000 -0.000526 0.000020 1.000000 -0.002193 -0.056025 0.998427 0.000444 0.008538 0.999963 -0.012086 0.025342 0.999606 -0.001538 -0.012710 0.999918 
-0.000075 -0.000034 1.000000 -0.000473 0.000018 1.000000 -0.002263 -0.057809 0.998325 0.000410 0.007963 0.999968 -0.011301 0.023583 0.999658 -0.001583 -0.013132 0.999913 
-0.000061 -0.000028 1.000000 -0.000423 0.000016 1.000000 -0.002316 -0.059149 0.998246 0.000385 0.007519 0.999972 -0.010680 0.022220 0.999696 -0.001619 -0.013455 0.999908 
-0.000079 -0.000036 1.000000 -0.000376 0.000014 1.000000 -0.002350 -0.060025 0.998194 0.000368 0.007227 0.999974 -0.010274 0.021332 0.999720 -0.001644 -0.013683 0.999905 
-0.000079 -0.000036 1.000000 -0.000359 0.000013 1.000000 -0.002367 -0.060465 0.998168 0.000361 0.007099 0.999975 -0.010114 0.020970 0.999729 -0.001656 -0.013796 0.999903 
-0.000082 -0.000037 1.000000 -0.000354 0.000013 1.000000 -0.002370 -0.060541 0.998163 0.000360 0.007087 0.999975 -0.010112 0.020966 0.999729 -0.001659 -0.013824 0.999903 
-0.000087 -0.000040 1.000000 -0.000356 0.000013 1.000000 -0.002366 -0.060447 0.998169 0.000363 0.007128 0.999975 -0.010184 0.021127 0.999725 -0.001658 -0.013812 0.999903 
-0.000094 -0.000042 1.000000 -0.000358 0.000013 1.000000 -0.002358 -0.060244 0.998181 0.000368 0.007227 0.999974 -0.010336 0.021465 0.999716 -0.001654 -0.013774 0.999904 
-0.000101 -0.000046 1.000000 -0.000360 0.000013 1.000000 -0.002347 -0.059959 0.998198 0.000377 0.007370 0.999973 -0.010548 0.021934 0.999704 -0.001649 -0.013716 0.999905 
-0.000110 -0.000049 1.000000 -0.000364 0.000014 1.000000 -0.002334 -0.059625 0.998218 0.000387 0.007538 0.999972 -0.010792 0.022480 0.999689 -0.001642 -0.013647 0.999906 
-0.000142 -0.000064 1.000000 -0.000362 0.000014 1.000000 -0.002321 -0.059290 0.998238 0.000399 0.007769 0.999970 -0.011110 0.023178 0.999670 -0.001635 -0.013576 0.999907 
-0.000200 -0.000090 1.000000 0.001941 -0.000072 0.999998 -0.002427 -0.062044 0.998070 0.000462 0.009045 0.999959 -0.011427 0.023867 0.999650 -0.001710 -0.014230 0.999897 
-0.000298 -0.000134 1.000000 0.001717 -0.000064 0.999999 -0.002410 -0.061630 0.998096 0.000469 0.009175 0.999958 -0.011697 0.024444 0.999633 -0.001699 -0.014136 0.999899 
-0.000522 -0.000234 1.000000 0.001513 -0.000056 0.999999 -0.002395 -0.061272 0.998118 0.000478 0.009332 0.999956 -0.011899 0.024879 0.999620 -0.001690 -0.014057 0.999900 
-0.000743 -0.000333 1.000000 0.001325 -0.000049 0.999999 -0.002383 -0.060979 0.998136 0.000485 0.009463 0.999955 -0.012051 0.025213 0.999609 -0.001683 -0.013992 0.999901 
-0.000925 -0.000415 0.999999 0.001154 -0.000043 0.999999 -0.002373 -0.060750 0.998150 0.000491 0.009558 0.999954 -0.012167 0.025468 0.999602 -0.001678 -0.013941 0.999901 
-0.001058 -0.000474 0.999999 0.000999 -0.000037 0.999999 -0.002366 -0.060609 0.998159 0.000496 0.009625 0.999954 -0.012248 0.025648 0.999596 -0.001674 -0.013900 0.999902 
-0.001162 -0.000521 0.999999 0.000859 -0.000032 1.000000 -0.002362 -0.060516 0.998164 0.000499 0.009669 0.999953 -0.012301 0.025766 0.999592 -0.001671 -0.013865 0.999902 
-0.001262 -0.000566 0.999999 0.000733 -0.000027 1.000000 -0.002360 -0.060491 0.998166 0.000500 0.009683 0.999953 -0.012340 0.025849 0.999590 -0.001671 -0.013863 0.999903 
-0.001353 -0.000606 0.999999 0.000620 -0.000023 1.000000 -0.002361 -0.060510 0.998165 0.000499 0.009669 0.999953 -0.012361 0.025893 0.999588 -0.001674 -0.013885 0.999902 
-0.001432 -0.000642 0.999999 0.000518 -0.000019 1.000000 -0.002360 -0.060501 0.998165 0.000499 0.009677 0.999953 -0.012385 0.025943 0.999587 -0.001673 -0.013884 0.999902 
-0.001504 -0.000674 0.999999 0.000426 -0.000016 1.000000 -0.002359 -0.060493 0.998166 0.000500 0.009684 0.999953 -0.012406 0.025988 0.999585 -0.001673 -0.013883 0.999902 
-0.001570 -0.000704 0.999999 0.000343 -0.000013 1.000000 -0.002358 -0.060486 0.998166 0.000500 0.009690 0.999953 -0.012426 0.026029 0.999584 -0.001673 -0.013883 0.999902 
-0.001629 -0.000730 0.999998 0.000267 -0.000010 1.000000 -0.002358 -0.060479 0.998167 0.000500 0.009696 0.999953 -0.012443 0.026067 0.999583 -0.001673 -0.013882 0.999902 
-0.001682 -0.000754 0.999998 0.000199 -0.000007 1.000000 -0.002357 -0.060473 0.998167 0.000501 0.009701 0.999953 -0.012459 0.026100 0.999582 -0.001673 -0.013882 0.999902 
-0.001731 -0.000776 0.999998 0.000137 -0.000005 1.000000 -0.002357 -0.060468 0.998167 0.000501 0.009706 0.999953 -0.012474 0.026131 0.999581 -0.001673 -0.013882 0.999902 
-0.001775 -0.000795 0.999998 0.000081 -0.000003 1.000000 -0.002357 -0.060463 0.998168 0.000501 0.009710 0.999953 -0.012487 0.026158 0.999580 -0.001673 -0.013881 0.999902 
-0.001814 -0.000813 0.999998 0.000030 -0.000001 1.000000 -0.002356 -0.060459 0.998168 0.000501 0.009714 0.999953 -0.012499 0.026183 0.999579 -0.001673 -0.013881 0.999902 
-0.001850 -0.000829 0.999998 -0.000016 0.000001 1.000000 -0.002356 -0.060455 0.998168 0.000501 0.009717 0.999953 -0.012510 0.026206 0.999578 -0.001673 -0.013881 0.999902 
-0.001882 -0.000844 0.999998 -0.000057 0.000002 1.000000 -0.002356 -0.060451 0.998168 0.000502 0.009720 0.999953 -0.012519 0.026226 0.999578 -0.001673 -0.013881 0.999902 
-0.001912 -0.000857 0.999998 -0.000095 0.000004 1.000000 -0.002355 -0.060448 0.998169 0.000502 0.009723 0.999953 -0.012528 0.026245 0.999577 -0.001673 -0.013880 0.999902 
-0.001938 -0.000869 0.999998 -0.000129 0.000005 1.000000 -0.002355 -0.060445 0.998169 0.000502 0.009726 0.999953 -0.012536 0.026262 0.999576 -0.001673 -0.013880 0.999902 
-0.001962 -0.000880 0.999998 -0.000159 0.000006 1.000000 -0.002355 -0.060443 0.998169 0.000502 0.009728 0.999953 -0.012543 0.026277 0.999576 -0.001673 -0.013880 0.999902 
-0.001984 -0.000889 0.999998 -0.000187 0.000007 1.000000 -0.002355 -0.060441 0.998169 0.000502 0.009730 0.999953 -0.012550 0.026291 0.999576 -0.001673 -0.013880 0.999902 
-0.002004 -0.000898 0.999998 -0.000212 0.000008 1.000000 -0.002355 -0.060439 0.998169 0.000502 0.009732 0.999953 -0.012556 0.026303 0.999575 -0.001673 -0.013880 0.999902 
-0.002022 -0.000906 0.999998 -0.000235 0.000009 1.000000 -0.002354 -0.060437 0.998169 0.000502 0.009734 0.999952 -0.012561 0.026314 0.999575 -0.001673 -0.013880 0.999902 
-0.002038 -0.000913 0.999998 -0.000256 0.000010 1.000000 -0.002354 -0.060435 0.998169 0.000502 0.009735 0.999952 -0.012566 0.026325 0.999574 -0.001673 -0.013880 0.999902 
-0.002052 -0.000920 0.999997 -0.000274 0.000010 1.000000 -0.002354 -0.060434 0.998169 0.000502 0.009737 0.999952 -0.012570 0.026334 0.999574 -0.001673 -0.013880 0.999902 
-0.002065 -0.000926 0.999997 -0.000291 0.000011 1.000000 -0.002354 -0.060433 0.998169 0.000503 0.009738 0.999952 -0.012574 0.026342 0.999574 -0.001673 -0.013880 0.999902 
-0.002076 -0.000931 0.999997 -0.000307 0.000011 1.000000 -0.002354 -0.060434 0.998169 0.000503 0.009738 0.999952 -0.012577 0.026347 0.999574 -0.001673 -0.013880 0.999902 
-0.002084 -0.000934 0.999997 -0.000321 0.000012 1.000000 -0.002354 -0.060438 0.998169 0.000503 0.009735 0.999952 -0.012577 0.026348 0.999574 -0.001673 -0.013881 0.999902 
-0.002089 -0.000936 0.999997 -0.000334 0.000012 1.000000 -0.002354 -0.060447 0.998169 0.000502 0.009730 0.999953 -0.012575 0.026343 0.999574 -0.001673 -0.013883 0.999902 
-0.002091 -0.000937 0.999997 -0.000345 0.000013 1.000000 -0.002355 -0.060461 0.998168 0.000502 0.009722 0.999953 -0.012569 0.026331 0.999574 -0.001674 -0.013887 0.999902 
-0.002087 -0.000935 0.999997 -0.000356 0.000013 1.000000 -0.002356 -0.060484 0.998166 0.000502 0.009708 0.999953 -0.012559 0.026310 0.999575 -0.001675 -0.013892 0.999902 
-0.002078 -0.000931 0.999997 -0.000366 0.000014 1.000000 -0.002357 -0.060517 0.998164 0.000501 0.009690 0.999953 -0.012544 0.026280 0.999576 -0.001676 -0.013899 0.999902 
-0.002061 -0.000924 0.999997 -0.000370 0.000014 1.000000 -0.002359 -0.060563 0.998162 0.000500 0.009663 0.999953 -0.012521 0.026232 0.999577 -0.001678 -0.013910 0.999902 
-0.002037 -0.000913 0.999998 -0.000371 0.000014 1.000000 -0.002361 -0.060623 0.998158 0.000499 0.009632 0.999953 -0.012495 0.026178 0.999579 -0.001681 -0.013925 0.999902 
-0.002007 -0.000899 0.999998 -0.000371 0.000014 1.000000 -0.002364 -0.060697 0.998153 0.000498 0.009590 0.999954 -0.012457 0.026098 0.999582 -0.001684 -0.013944 0.999901 
-0.001971 -0.000883 0.999998 -0.000372 0.000014 1.000000 -0.002367 -0.060783 0.998148 0.000496 0.009540 0.999954 -0.012412 0.026005 0.999585 -0.001688 -0.013964 0.999901 
-0.001929 -0.000864 0.999998 -0.000372 0.000014 1.000000 -0.002371 -0.060879 0.998142 0.000494 0.009485 0.999955 -0.012362 0.025900 0.999588 -0.001692 -0.013987 0.999901 
-0.001884 -0.000844 0.999998 -0.000373 0.000014 1.000000 -0.002375 -0.060983 0.998136 0.000492 0.009424 0.999955 -0.012307 0.025786 0.999592 -0.001696 -0.014012 0.999900 
-0.001835 -0.000822 0.999998 -0.000374 0.000014 1.000000 -0.002380 -0.061106 0.998128 0.000490 0.009361 0.999956 -0.012251 0.025670 0.999595 -0.001701 -0.014041 0.999900 
-0.001787 -0.000801 0.999998 -0.000375 0.000014 1.000000 -0.002387 -0.061281 0.998118 0.000488 0.009302 0.999957 -0.012201 0.025565 0.999599 -0.001708 -0.014082 0.999899 
-0.001742 -0.000781 0.999998 -0.000376 0.000014 1.000000 -0.002396 -0.061515 0.998103 0.000486 0.009233 0.999957 -0.012133 0.025423 0.999603 -0.001716 -0.014136 0.999899 
-0.001702 -0.000763 0.999998 -0.000378 0.000014 1.000000 -0.002406 -0.061794 0.998086 0.000484 0.009166 0.999958 -0.012065 0.025280 0.999608 -0.001725 -0.014201 0.999898 
-0.001670 -0.000748 0.999998 -0.000379 0.000014 1.000000 -0.002419 -0.062105 0.998067 0.000481 0.009103 0.999958 -0.011996 0.025136 0.999612 -0.001735 -0.014274 0.999897 
-0.001647 -0.000738 0.999998 -0.000382 0.000014 1.000000 -0.002431 -0.062438 0.998046 0.000479 0.009044 0.999959 -0.011928 0.024994 0.999616 -0.001746 -0.014351 0.999895 
-0.001635 -0.000733 0.999998 -0.000383 0.000014 1.000000 -0.002445 -0.062787 0.998024 0.000478 0.008996 0.999959 -0.011866 0.024865 0.999620 -0.001757 -0.014432 0.999894 
-0.001636 -0.000733 0.999998 -0.000386 0.000014 1.000000 -0.002459 -0.063148 0.998001 0.000477 0.008960 0.999960 -0.011813 0.024757 0.999624 -0.001768 -0.014515 0.999893 
-0.001647 -0.000738 0.999998 -0.000388 0.000014 1.000000 -0.002473 -0.063515 0.997978 0.000476 0.008933 0.999960 -0.011767 0.024663 0.999627 -0.001779 -0.014600 0.999892 
-0.001660 -0.000743 0.999998 -0.000391 0.000015 1.000000 -0.002488 -0.063892 0.997954 0.000476 0.008911 0.999960 -0.011727 0.024580 0.999629 -0.001791 -0.014686 0.999891 
-0.001668 -0.000747 0.999998 -0.000393 0.000015 1.000000 -0.002503 -0.064278 0.997929 0.000475 0.008889 0.999960 -0.011688 0.024504 0.999631 -0.001803 -0.014775 0.999889 
-0.001660 -0.000743 0.999998 -0.000395 0.000015 1.000000 -0.002518 -0.064667 0.997904 0.000475 0.008857 0.999961 -0.011648 0.024422 0.999634 -0.001815 -0.014864 0.999888 
-0.001618 -0.000724 0.999998 -0.000398 0.000015 1.000000 -0.002533 -0.065048 0.997879 0.000473 0.008801 0.999961 -0.011598 0.024322 0.999637 -0.001827 -0.014952 0.999887 
-0.001556 -0.000696 0.999999 -0.000400 0.000015 1.000000 -0.002547 -0.065411 0.997855 0.000470 0.008731 0.999962 -0.011540 0.024204 0.999640 -0.001838 -0.015035 0.999885 
-0.001492 -0.000668 0.999999 -0.000403 0.000015 1.000000 -0.002560 -0.065758 0.997832 0.000467 0.008657 0.999962 -0.011479 0.024079 0.999644 -0.001849 -0.015115 0.999884 
-0.001434 -0.000641 0.999999 -0.000404 0.000015 1.000000 -0.002573 -0.066092 0.997810 0.000464 0.008588 0.999963 -0.011418 0.023956 0.999648 -0.001860 -0.015193 0.999883 
-0.001381 -0.000618 0.999999 -0.000406 0.000015 1.000000 -0.002586 -0.066417 0.997789 0.000461 0.008523 0.999964 -0.011361 0.023839 0.999651 -0.001870 -0.015267 0.999882 
-0.001327 -0.000594 0.999999 -0.000407 0.000015 1.000000 -0.002598 -0.066732 0.997768 0.000459 0.008459 0.999964 -0.011307 0.023727 0.999655 -0.001880 -0.015340 0.999881 
-0.001270 -0.000568 0.999999 -0.000410 0.000015 1.000000 -0.002610 -0.067041 0.997747 0.000456 0.008395 0.999965 -0.011254 0.023619 0.999658 -0.001890 -0.015411 0.999879 
-0.001214 -0.000543 0.999999 -0.000412 0.000015 1.000000 -0.002622 -0.067343 0.997726 0.000453 0.008332 0.999965 -0.011203 0.023515 0.999661 -0.001900 -0.015481 0.999878 
-0.001162 -0.000519 0.999999 -0.000414 0.000015 1.000000 -0.002633 -0.067639 0.997706 0.000451 0.008273 0.999966 -0.011155 0.023418 0.999664 -0.001909 -0.015549 0.999877 
-0.001117 -0.000499 0.999999 -0.000416 0.000015 1.000000 -0.002645 -0.067928 0.997687 0.000449 0.008221 0.999966 -0.011111 0.023329 0.999666 -0.001919 -0.015615 0.999876 
-0.001080 -0.000483 0.999999 -0.000416 0.000015 1.000000 -0.002656 -0.068210 0.997667 0.000447 0.008177 0.999966 -0.011072 0.023248 0.999668 -0.001927 -0.015680 0.999875 
-0.001051 -0.000470 0.999999 -0.000418 0.000016 1.000000 -0.002666 -0.068486 0.997648 0.000445 0.008138 0.999967 -0.011036 0.023176 0.999670 -0.001936 -0.015744 0.999874 
-0.001028 -0.000459 0.999999 -0.000420 0.000016 1.000000 -0.002677 -0.068755 0.997630 0.000444 0.008104 0.999967 -0.011004 0.023112 0.999672 -0.001944 -0.015806 0.999873 
-0.001009 -0.000451 0.999999 -0.000421 0.000016 1.000000 -0.002687 -0.069014 0.997612 0.000443 0.008076 0.999967 -0.010976 0.023055 0.999674 -0.001952 -0.015865 0.999872 
-0.000995 -0.000445 0.999999 -0.000423 0.000016 1.000000 -0.002697 -0.069266 0.997595 0.000442 0.008051 0.999967 -0.010950 0.023004 0.999675 -0.001959 -0.015923 0.999871 
-0.000985 -0.000440 0.999999 -0.000425 0.000016 1.000000 -0.002706 -0.069508 0.997578 0.000441 0.008030 0.999968 -0.010927 0.022957 0.999677 -0.001967 -0.015979 0.999870 
-0.000977 -0.000436 0.999999 -0.000427 0.000016 1.000000 -0.002715 -0.069743 0.997561 0.000440 0.008011 0.999968 -0.010905 0.022913 0.999678 -0.001974 -0.016033 0.999870 
-0.000969 -0.000433 0.999999 -0.000427 0.000016 1.000000 -0.002724 -0.069970 0.997545 0.000439 0.007994 0.999968 -0.010884 0.022871 0.999679 -0.001980 -0.016085 0.999869 
-0.000960 -0.000429 0.999999 -0.000429 0.000016 1.000000 -0.002733 -0.070194 0.997530 0.000438 0.007976 0.999968 -0.010865 0.022833 0.999680 -0.001987 -0.016136 0.999868 
-0.000947 -0.000423 0.999999 -0.000431 0.000016 1.000000 -0.002741 -0.070419 0.997514 0.000438 0.007966 0.999968 -0.010860 0.022826 0.999680 -0.001994 -0.016188 0.999867 
-0.000933 -0.000417 0.999999 -0.000431 0.000016 1.000000 -0.002750 -0.070654 0.997497 0.000438 0.007960 0.999968 -0.010861 0.022830 0.999680 -0.002001 -0.016241 0.999866 
-0.000911 -0.000407 1.000000 -0.000434 0.000016 1.000000 -0.002760 -0.070900 0.997480 0.000438 0.007944 0.999968 -0.010855 0.022820 0.999681 -0.002009 -0.016297 0.999865 
-0.000878 -0.000392 1.000000 -0.000435 0.000016 1.000000 -0.002770 -0.071153 0.997462 0.000437 0.007910 0.999969 -0.010829 0.022767 0.999682 -0.002017 -0.016355 0.999864 
-0.000831 -0.000371 1.000000 -0.000437 0.000016 1.000000 -0.002780 -0.071409 0.997443 0.000434 0.007858 0.999969 -0.010786 0.022680 0.999685 -0.002025 -0.016413 0.999863 
-0.000782 -0.000349 1.000000 -0.000437 0.000016 1.000000 -0.002790 -0.071670 0.997425 0.000432 0.007801 0.999969 -0.010738 0.022580 0.999687 -0.002033 -0.016473 0.999862 
-0.000736 -0.000328 1.000000 -0.000439 0.000016 1.000000 -0.002800 -0.071939 0.997405 0.000429 0.007745 0.999970 -0.010688 0.022478 0.999690 -0.002042 -0.016535 0.999861 
-0.000693 -0.000309 1.000000 -0.000441 0.000016 1.000000 -0.002811 -0.072219 0.997385 0.000427 0.007691 0.999970 -0.010639 0.022377 0.999693 -0.002051 -0.016599 0.999860 
-0.000648 -0.000289 1.000000 -0.000444 0.000016 1.000000 -0.002822 -0.072509 0.997364 0.000425 0.007635 0.999971 -0.010589 0.022276 0.999696 -0.002060 -0.016665 0.999859 
-0.000598 -0.000267 1.000000 -0.000446 0.000017 1.000000 -0.002834 -0.072805 0.997342 0.000422 0.007576 0.999971 -0.010539 0.022172 0.999699 -0.002070 -0.016733 0.999858 
-0.000543 -0.000242 1.000000 -0.000446 0.000017 1.000000 -0.002845 -0.073105 0.997320 0.000420 0.007514 0.999972 -0.010487 0.022067 0.999701 -0.002080 -0.016802 0.999857 
-0.000487 -0.000217 1.000000 -0.000448 0.000017 1.000000 -0.002857 -0.073407 0.997298 0.000417 0.007452 0.999972 -0.010436 0.021963 0.999704 -0.002090 -0.016871 0.999855 
-0.000435 -0.000194 1.000000 -0.000451 0.000017 1.000000 -0.002869 -0.073706 0.997276 0.000414 0.007392 0.999973 -0.010387 0.021861 0.999707 -0.002099 -0.016940 0.999854 
-0.000386 -0.000172 1.000000 -0.000453 0.000017 1.000000 -0.002880 -0.074000 0.997254 0.000412 0.007336 0.999973 -0.010339 0.021763 0.999710 -0.002109 -0.017007 0.999853 
-0.000341 -0.000152 1.000000 -0.000454 0.000017 1.000000 -0.002891 -0.074284 0.997233 0.000409 0.007283 0.999973 -0.010294 0.021671 0.999712 -0.002118 -0.017072 0.999852 
-0.000300 -0.000134 1.000000 -0.000456 0.000017 1.000000 -0.002902 -0.074557 0.997213 0.000407 0.007234 0.999974 -0.010251 0.021584 0.999714 -0.002127 -0.017135 0.999851 
-0.000262 -0.000117 1.000000 -0.000457 0.000017 1.000000 -0.002912 -0.074817 0.997193 0.000405 0.007189 0.999974 -0.010212 0.021503 0.999717 -0.002135 -0.017194 0.999850 
-0.000229 -0.000102 1.000000 -0.000458 0.000017 1.000000 -0.002921 -0.075062 0.997175 0.000403 0.007147 0.999974 -0.010175 0.021429 0.999719 -0.002143 -0.017251 0.999849 
-0.000200 -0.000089 1.000000 -0.000461 0.000017 1.000000 -0.002930 -0.075295 0.997157 0.000402 0.007110 0.999975 -0.010142 0.021361 0.999720 -0.002151 -0.017304 0.999848 
