2.380791 3.150598 0.004779 2.405648 3.285030 0.004404 2.617144 3.251163 0.003938 2.595085 3.114938 0.004309 
2.380800 3.150600 0.004756 2.405655 3.285032 0.004428 2.617152 3.251169 0.004057 2.595095 3.114943 0.004383 
2.380799 3.150599 0.004775 2.405654 3.285031 0.004478 2.617151 3.251168 0.004143 2.595094 3.114942 0.004438 
2.380895 3.150606 0.004437 2.405662 3.285055 0.004525 2.617181 3.251332 0.004298 2.595214 3.115091 0.004206 
2.380895 3.150606 0.004486 2.405661 3.285055 0.004567 2.617180 3.251332 0.004361 2.595213 3.115092 0.004276 
2.380890 3.150669 0.004430 2.405692 3.285111 0.004537 2.617203 3.251331 0.004250 2.595199 3.115096 0.004138 
2.381047 3.150772 0.004007 2.405808 3.285221 0.004512 2.617328 3.251506 0.004393 2.595366 3.115266 0.003881 
2.381123 3.150857 0.003740 2.405856 3.285309 0.004599 2.617384 3.251638 0.004574 2.595450 3.115394 0.003706 
2.381197 3.150841 0.003468 2.405874 3.285302 0.004544 2.617415 3.251716 0.004831 2.595538 3.115465 0.003749 
2.381198 3.150844 0.003606 2.405875 3.285305 0.004596 2.617416 3.251719 0.004853 2.595539 3.115467 0.003857 
2.381197 3.150839 0.003725 2.405874 3.285299 0.004851 2.617415 3.251714 0.005082 2.595539 3.115463 0.003949 
2.381194 3.150819 0.003839 2.405870 3.285273 0.005585 2.617411 3.251688 0.005799 2.595536 3.115444 0.004039 
2.381190 3.150791 0.003943 2.405863 3.285232 0.006537 2.617404 3.251647 0.006736 2.595532 3.115416 0.004120 
2.381190 3.150787 0.004041 2.405862 3.285226 0.006754 2.617403 3.251640 0.006933 2.595531 3.115412 0.004196 
2.381201 3.150803 0.004139 2.405870 3.285246 0.006648 2.617413 3.251669 0.006760 2.595544 3.115436 0.004228 
2.381202 3.150807 0.004215 2.405872 3.285252 0.006602 2.617414 3.251675 0.006695 2.595545 3.115440 0.004287 
2.381202 3.150803 0.004285 2.405871 3.285247 0.006775 2.617414 3.251670 0.006850 2.595545 3.115437 0.004337 
2.381199 3.150778 0.004348 2.405866 3.285207 0.007577 2.617408 3.251629 0.007642 2.595542 3.115412 0.004382 
2.381194 3.150747 0.004405 2.405857 3.285150 0.008566 2.617399 3.251572 0.008625 2.595537 3.115380 0.004424 
2.381188 3.150712 0.004456 2.405846 3.285080 0.009650 2.617388 3.251502 0.009708 2.595531 3.115344 0.004464 
2.381183 3.150678 0.004501 2.405834 3.285005 0.010698 2.617376 3.251425 0.010758 2.595526 3.115310 0.004502 
2.381178 3.150647 0.004540 2.405822 3.284931 0.011628 2.617364 3.251351 0.011696 2.595520 3.115279 0.004540 
2.381174 3.150623 0.004575 2.405812 3.284869 0.012377 2.617354 3.251287 0.012452 2.595517 3.115254 0.004575 
2.381170 3.150600 0.004606 2.405802 3.284806 0.013074 2.617344 3.251225 0.013156 2.595512 3.115231 0.004606 
2.381166 3.150574 0.004635 2.405790 3.284734 0.013839 2.617332 3.251152 0.013928 2.595508 3.115205 0.004635 
2.381161 3.150545 0.004661 2.405775 3.284645 0.014713 2.617317 3.251062 0.014811 2.595503 3.115176 0.004663 
2.381156 3.150519 0.004685 2.405761 3.284563 0.015480 2.617303 3.250980 0.015586 2.595499 3.115150 0.004687 
2.381150 3.150482 0.004705 2.405741 3.284439 0.016557 2.617282 3.250855 0.016677 2.595492 3.115113 0.004711 
2.381146 3.150456 0.004725 2.405725 3.284347 0.017329 2.617267 3.250762 0.017455 2.595488 3.115087 0.004730 
2.381139 3.150416 0.004742 2.405700 3.284200 0.018467 2.617242 3.250615 0.018608 2.595481 3.115047 0.004751 
2.381130 3.150367 0.004758 2.406316 3.283887 0.019859 2.617692 3.249273 0.020019 2.595299 3.113958 0.004773 
2.381124 3.150328 0.004772 2.406798 3.283622 0.020996 2.618039 3.248199 0.021170 2.595151 3.113099 0.004791 
2.381118 3.150294 0.004786 2.407006 3.283427 0.021970 2.618184 3.247631 0.022156 2.595080 3.112689 0.004807 
2.381116 3.150284 0.004798 2.406998 3.283379 0.022276 2.618176 3.247584 0.022463 2.595078 3.112679 0.004817 
2.381104 3.149422 0.004853 2.405312 3.282790 0.022646 2.616922 3.249644 0.022795 2.595520 3.114502 0.004830 
2.383830 3.146167 0.004863 2.403347 3.280020 0.024672 2.615972 3.254176 0.025380 2.599321 3.118651 0.005388 
2.355050 2.567298 0.004369 2.304360 2.694263 0.004844 2.507404 2.771099 0.012804 2.555703 2.641829 0.012211 2.394396 3.143634 0.004875 2.410272 3.278007 0.024411 2.623449 3.257524 0.028128 2.610483 3.121550 0.008455 
2.355712 2.567312 0.005025 2.304749 2.694167 0.004460 2.507732 2.771526 0.007183 2.556308 2.642359 0.007714 2.399708 3.143687 0.004884 2.414037 3.278414 0.023136 2.627416 3.260336 0.027660 2.616014 3.124040 0.009295 
2.356745 2.567732 0.005941 2.304864 2.694208 0.004506 2.507296 2.773040 0.005159 2.556806 2.644235 0.006598 2.399740 3.143745 0.004885 2.413134 3.278782 0.021480 2.626673 3.262409 0.024807 2.616217 3.125824 0.008099 
2.360551 2.568537 0.007248 2.307343 2.694449 0.005057 2.508937 2.775405 0.004979 2.559798 2.647138 0.007193 2.399786 3.143802 0.004884 2.412315 3.279118 0.019797 2.625993 3.264376 0.021287 2.616413 3.127533 0.006251 
2.370649 2.569172 0.007979 2.315768 2.694354 0.005280 2.516264 2.777990 0.004975 2.568831 2.650423 0.007704 2.399822 3.143861 0.004886 2.411722 3.279429 0.017904 2.625482 3.265850 0.018040 2.616539 3.128769 0.004898 
2.382909 2.568102 0.008763 2.326349 2.692516 0.005296 2.525699 2.778849 0.004977 2.579976 2.652020 0.008483 2.399812 3.143694 0.004891 2.411572 3.279456 0.015847 2.625347 3.266119 0.015956 2.616545 3.128845 0.004895 
2.393780 2.567185 0.009875 2.335880 2.690954 0.005569 2.534282 2.779442 0.004979 2.589926 2.653233 0.009334 2.399726 3.142350 0.004897 2.410614 3.278306 0.014233 2.624471 3.266354 0.014318 2.616550 3.128904 0.004893 
2.401948 2.567543 0.011294 2.342890 2.690743 0.006434 2.540458 2.781069 0.005028 2.597283 2.655408 0.009954 2.399614 3.140383 0.004903 2.409238 3.276537 0.012606 2.623197 3.266585 0.012668 2.616555 3.128964 0.004890 
2.405634 2.569161 0.013715 2.345870 2.692009 0.008557 2.542925 2.783414 0.005675 2.600470 2.658094 0.010923 2.399535 3.138738 0.004910 2.408092 3.275047 0.010949 2.622123 3.266778 0.010985 2.616558 3.129025 0.004887 
2.403931 2.571570 0.017964 2.344138 2.694395 0.012606 2.541170 2.785747 0.007409 2.598744 2.660451 0.012892 2.399515 3.138263 0.004917 2.407738 3.274655 0.009300 2.621789 3.266915 0.009310 2.616562 3.129085 0.004884 
2.398481 2.574229 0.023600 2.339153 2.697269 0.018024 2.536502 2.787739 0.010124 2.593603 2.662237 0.015866 2.399517 3.138311 0.004924 2.407740 3.274741 0.007915 2.621791 3.267004 0.007902 2.616564 3.129136 0.004881 
2.391539 2.576741 0.030712 2.332814 2.700056 0.024825 2.530544 2.789378 0.013951 2.587031 2.663616 0.020049 2.399522 3.138419 0.004930 2.407785 3.274869 0.006643 2.621834 3.267070 0.006610 2.616566 3.129182 0.004879 
2.384997 2.578467 0.038837 2.326818 2.702014 0.032410 2.524856 2.790238 0.018584 2.580786 2.664258 0.025269 2.399540 3.138833 0.004936 2.408034 3.275279 0.005351 2.622069 3.267118 0.005298 2.616569 3.129229 0.004878 
2.380010 2.578980 0.047289 2.322319 2.702706 0.039976 2.520625 2.789903 0.023692 2.576059 2.663756 0.031305 2.399538 3.138896 0.004984 2.408062 3.275340 0.005019 2.622096 3.267132 0.004997 2.616564 3.129243 0.004961 
2.376912 2.577809 0.056210 2.319572 2.701616 0.047621 2.518070 2.787975 0.029328 2.573147 2.661757 0.038258 2.399539 3.138897 0.005049 2.408064 3.275341 0.005081 2.622098 3.267132 0.004994 2.616566 3.129243 0.004960 
2.375126 2.576212 0.064893 2.318050 2.700034 0.054876 2.516693 2.785679 0.034891 2.571502 2.659457 0.045287 2.399547 3.138897 0.005365 2.408072 3.275342 0.005390 2.622105 3.267132 0.004993 2.616573 3.129243 0.004962 
2.374584 2.574835 0.072462 2.317604 2.698580 0.061047 2.516297 2.783803 0.039793 2.571008 2.657665 0.051618 2.399551 3.138898 0.005563 2.408078 3.275343 0.005579 2.622110 3.267132 0.004990 2.616577 3.129243 0.004965 
2.374799 2.573872 0.078893 2.317842 2.697497 0.066146 2.516553 2.782458 0.044031 2.571242 2.656444 0.057214 2.399552 3.138900 0.005620 2.408079 3.275345 0.005625 2.622112 3.267132 0.004984 2.616578 3.129243 0.004970 
2.375380 2.573125 0.084425 2.318422 2.696611 0.070398 2.517152 2.781389 0.047756 2.571841 2.655518 0.062238 2.399550 3.138902 0.005539 2.408077 3.275347 0.005527 2.622110 3.267133 0.004975 2.616575 3.129244 0.004980 
2.375951 2.572469 0.089212 2.319006 2.695816 0.073962 2.517778 2.780430 0.051072 2.572452 2.654702 0.066792 2.399543 3.138905 0.005310 2.408071 3.275350 0.005257 2.622104 3.267135 0.004964 2.616569 3.129246 0.005014 
2.376388 2.571993 0.093269 2.319476 2.695210 0.076885 2.518310 2.779680 0.054002 2.572950 2.654086 0.070867 2.399552 3.138887 0.005244 2.408064 3.275332 0.004978 2.622098 3.267144 0.004955 2.616580 3.129254 0.005223 
2.377665 2.571771 0.096463 2.320785 2.694856 0.079008 2.519697 2.779268 0.056592 2.574304 2.653807 0.074531 2.399553 3.138903 0.005642 2.408065 3.275347 0.004975 2.622099 3.267158 0.004947 2.616581 3.129270 0.005621 
2.379411 2.571891 0.098831 2.322505 2.694828 0.080447 2.521455 2.779342 0.058765 2.576088 2.654030 0.077633 2.399554 3.138927 0.006191 2.408066 3.275367 0.004972 2.622100 3.267178 0.004941 2.616582 3.129294 0.006171 
2.381197 2.572031 0.100626 2.324256 2.694822 0.081391 2.523234 2.779499 0.060626 2.577901 2.654331 0.080340 2.399555 3.138952 0.006694 2.408067 3.275386 0.004963 2.622101 3.267197 0.004936 2.616583 3.129318 0.006683 
2.382738 2.572123 0.101973 2.325766 2.694776 0.081965 2.524766 2.779643 0.062209 2.579464 2.654612 0.082688 2.399556 3.138973 0.007095 2.408067 3.275402 0.004951 2.622101 3.267212 0.004931 2.616583 3.129339 0.007095 
2.384131 2.572158 0.102863 2.327130 2.694682 0.082159 2.526145 2.779764 0.063499 2.580872 2.654860 0.084666 2.399556 3.138990 0.007399 2.408067 3.275414 0.004937 2.622102 3.267224 0.004928 2.616583 3.129357 0.007414 
2.385589 2.572117 0.103251 2.328563 2.694520 0.081911 2.527584 2.779845 0.064466 2.582336 2.655060 0.086258 2.399556 3.139003 0.007616 2.408067 3.275422 0.004925 2.622102 3.267232 0.004925 2.616583 3.129369 0.007642 
2.387237 2.572003 0.103097 2.330192 2.694294 0.081175 2.529211 2.779886 0.065077 2.583983 2.655210 0.087437 2.399556 3.139012 0.007754 2.408068 3.275428 0.004920 2.622102 3.267238 0.004921 2.616583 3.129378 0.007782 
2.389062 2.571823 0.102401 2.332007 2.694015 0.079955 2.531018 2.779888 0.065319 2.585800 2.655309 0.088188 2.399556 3.139015 0.007809 2.408068 3.275430 0.004916 2.622102 3.267240 0.004917 2.616584 3.129381 0.007838 
2.390981 2.571585 0.101204 2.333926 2.693692 0.078303 2.532920 2.779852 0.065206 2.587703 2.655354 0.088512 2.399556 3.139014 0.007782 2.408068 3.275429 0.004914 2.622102 3.267239 0.004914 2.616583 3.129380 0.007810 
2.392858 2.571304 0.099587 2.335809 2.693344 0.076318 2.534778 2.779786 0.064783 2.589554 2.655351 0.088438 2.399556 3.139008 0.007669 2.408067 3.275425 0.004911 2.622102 3.267235 0.004912 2.616583 3.129374 0.007697 
2.394622 2.570991 0.097584 2.337588 2.692987 0.074047 2.536524 2.779697 0.064067 2.591286 2.655303 0.087970 2.399555 3.138997 0.007471 2.408067 3.275418 0.004910 2.622101 3.267228 0.004911 2.616583 3.129363 0.007497 
2.396279 2.570640 0.095189 2.339263 2.692613 0.071490 2.538160 2.779576 0.063047 2.592904 2.655202 0.087093 2.399555 3.138981 0.007182 2.408067 3.275408 0.004908 2.622101 3.267218 0.004911 2.616582 3.129347 0.007207 
2.397798 2.570242 0.092424 2.340800 2.692214 0.068673 2.539651 2.779415 0.061728 2.594377 2.655039 0.085805 2.399554 3.138962 0.006800 2.408066 3.275394 0.004906 2.622100 3.267204 0.004911 2.616581 3.129328 0.006824 
2.399131 2.569794 0.089307 2.342149 2.691786 0.065627 2.540948 2.779206 0.060114 2.595660 2.654806 0.084099 2.399553 3.138939 0.006322 2.408065 3.275377 0.004903 2.622099 3.267187 0.004912 2.616580 3.129305 0.006345 
2.400260 2.569296 0.085829 2.343287 2.691331 0.062349 2.542032 2.778949 0.058187 2.596735 2.654502 0.081951 2.399551 3.138914 0.005745 2.408064 3.275357 0.004901 2.622098 3.267167 0.004914 2.616579 3.129280 0.005767 
2.401184 2.568819 0.081945 2.344222 2.690923 0.058798 2.542917 2.778703 0.055903 2.597611 2.654186 0.079312 2.399550 3.138891 0.005198 2.408063 3.275337 0.004906 2.622097 3.267146 0.004916 2.616578 3.129257 0.005211 
2.402187 2.568976 0.077394 2.345196 2.691171 0.054811 2.543822 2.779142 0.053156 2.598545 2.654528 0.075979 2.399550 3.138889 0.005132 2.408063 3.275334 0.004914 2.622097 3.267144 0.004926 2.616577 3.129254 0.005146 
2.403520 2.569435 0.072392 2.346429 2.691714 0.050520 2.544940 2.779958 0.050076 2.599765 2.655257 0.072164 2.399549 3.138884 0.005019 2.408063 3.275329 0.004939 2.622097 3.267139 0.004959 2.616577 3.129249 0.005040 
2.404920 2.570041 0.067131 2.347700 2.692403 0.046075 2.546082 2.780935 0.046767 2.601039 2.656146 0.068014 2.399549 3.138884 0.005011 2.408062 3.275329 0.004942 2.622097 3.267138 0.004960 2.616577 3.129249 0.005031 
2.406299 2.570817 0.061743 2.348918 2.693256 0.041596 2.547160 2.782087 0.043285 2.602282 2.657215 0.063601 2.399724 3.138739 0.004682 2.408181 3.275188 0.004474 2.622218 3.267087 0.004973 2.616755 3.129195 0.005189 
2.407368 2.571555 0.056460 2.349847 2.694082 0.037272 2.547976 2.783144 0.039821 2.603241 2.658181 0.059157 2.399715 3.138745 0.004711 2.408178 3.275193 0.004529 2.622215 3.267083 0.004963 2.616746 3.129191 0.005153 
2.407954 2.572235 0.051452 2.350324 2.694862 0.033251 2.548375 2.784075 0.036493 2.603752 2.659009 0.054823 2.399766 3.138784 0.004462 2.408213 3.275234 0.004497 2.622250 3.267147 0.005060 2.616797 3.129255 0.005032 
2.408056 2.572820 0.046705 2.350320 2.695542 0.029509 2.548312 2.784868 0.033235 2.603796 2.659705 0.050543 2.399771 3.138779 0.004498 2.408217 3.275228 0.004532 2.622255 3.267144 0.005005 2.616803 3.129251 0.004977 
2.407925 2.573547 0.042047 2.350111 2.696371 0.025875 2.548069 2.785754 0.030002 2.603632 2.660486 0.046271 2.399772 3.138778 0.004541 2.408218 3.275228 0.004576 2.622256 3.267144 0.005000 2.616804 3.129251 0.004971 
2.407944 2.574338 0.037591 2.350039 2.697248 0.022424 2.547956 2.786705 0.026899 2.603611 2.661350 0.042148 2.399773 3.138778 0.004578 2.408219 3.275228 0.004622 2.622257 3.267143 0.005004 2.616805 3.129251 0.004965 
2.408141 2.575044 0.033503 2.350116 2.698011 0.019296 2.547973 2.787588 0.024031 2.603751 2.662172 0.038307 2.399873 3.138877 0.004172 2.408264 3.275329 0.004588 2.622304 3.267330 0.005133 2.616908 3.129436 0.004721 
2.408011 2.575541 0.029923 2.349861 2.698552 0.016629 2.547663 2.788245 0.021442 2.603568 2.662785 0.034795 2.399874 3.138873 0.004242 2.408264 3.275325 0.004768 2.622305 3.267325 0.005257 2.616909 3.129432 0.004734 
2.407721 2.575856 0.026882 2.349516 2.698928 0.014419 2.547313 2.788632 0.019256 2.603273 2.663110 0.031770 2.399875 3.138861 0.004306 2.408265 3.275311 0.005187 2.622306 3.267311 0.005628 2.616910 3.129419 0.004745 
2.407278 2.575803 0.024486 2.349058 2.698939 0.012753 2.546877 2.788596 0.017518 2.602853 2.663010 0.029295 2.399875 3.138842 0.004364 2.408264 3.275288 0.005795 2.622305 3.267287 0.006193 2.616910 3.129400 0.004754 
2.406746 2.575623 0.022519 2.348500 2.698811 0.011475 2.546338 2.788437 0.016068 2.602339 2.662798 0.027154 2.399875 3.138822 0.004417 2.408264 3.275260 0.006437 2.622305 3.267258 0.006801 2.616910 3.129379 0.004767 
2.405992 2.575416 0.020900 2.347709 2.698645 0.010533 2.545559 2.788259 0.014841 2.601598 2.662579 0.025247 2.399875 3.138803 0.004465 2.408263 3.275232 0.007039 2.622304 3.267229 0.007373 2.616910 3.129359 0.004779 
2.404925 2.575216 0.019605 2.346598 2.698479 0.009915 2.544459 2.788088 0.013821 2.600542 2.662374 0.023548 2.399875 3.138784 0.004509 2.408263 3.275202 0.007608 2.622304 3.267199 0.007913 2.616910 3.129340 0.004788 
2.403547 2.575068 0.018566 2.345182 2.698365 0.009560 2.543058 2.787960 0.012971 2.599179 2.662212 0.022014 2.399875 3.138767 0.004549 2.408262 3.275173 0.008147 2.622303 3.267169 0.008426 2.616910 3.129322 0.004797 
2.402085 2.574992 0.017584 2.343697 2.698326 0.009256 2.541596 2.787889 0.012151 2.597740 2.662104 0.020518 2.399875 3.138750 0.004585 2.408262 3.275143 0.008660 2.622303 3.267138 0.008916 2.616910 3.129305 0.004806 
2.400775 2.574981 0.016479 2.342382 2.698356 0.008803 2.540311 2.787866 0.011231 2.596459 2.662041 0.018946 2.399874 3.138734 0.004618 2.408261 3.275112 0.009150 2.622302 3.267107 0.009386 2.616910 3.129288 0.004813 
2.399761 2.575003 0.015172 2.341377 2.698418 0.008113 2.539338 2.787867 0.010155 2.595477 2.662001 0.017253 2.399874 3.138719 0.004648 2.408261 3.275081 0.009621 2.622302 3.267076 0.009837 2.616910 3.129273 0.004819 
2.399067 2.575004 0.013714 2.340692 2.698455 0.007229 2.538680 2.787850 0.008964 2.594810 2.661950 0.015487 2.399874 3.138703 0.004676 2.408260 3.275050 0.010075 2.622302 3.267044 0.010274 2.616910 3.129257 0.004824 
2.398477 2.575002 0.012254 2.340111 2.698484 0.006320 2.538122 2.787833 0.007785 2.594242 2.661901 0.013755 2.399874 3.138689 0.004701 2.408260 3.275018 0.010519 2.622301 3.267012 0.010700 2.616910 3.129242 0.004828 
2.397958 2.574985 0.010813 2.339597 2.698494 0.005412 2.537626 2.787807 0.006641 2.593741 2.661848 0.012076 2.399874 3.138674 0.004724 2.408259 3.274985 0.010954 2.622301 3.266978 0.011120 2.616909 3.129227 0.004831 
2.397386 2.574681 0.009883 2.339007 2.698203 0.004976 2.537038 2.787516 0.005817 2.593171 2.661545 0.010759 2.399874 3.138660 0.004745 2.408259 3.274952 0.011373 2.622300 3.266945 0.011524 2.616909 3.129213 0.004833 
2.396916 2.573973 0.009473 2.338448 2.697469 0.004978 2.536427 2.786899 0.005376 2.592650 2.660953 0.009909 2.399874 3.138646 0.004764 2.408259 3.274920 0.011771 2.622300 3.266912 0.011908 2.616909 3.129199 0.004835 
2.396694 2.573189 0.009101 2.338097 2.696636 0.004980 2.535991 2.786255 0.005011 2.592346 2.660355 0.009172 2.399873 3.138633 0.004782 2.408258 3.274888 0.012146 2.622299 3.266881 0.012270 2.616909 3.129186 0.004837 
2.397006 2.572389 0.008833 2.338178 2.695736 0.004994 2.535908 2.785718 0.004981 2.592498 2.659914 0.008856 2.399873 3.138623 0.004799 2.408258 3.274861 0.012463 2.622299 3.266853 0.012576 2.616909 3.129176 0.004839 
2.397400 2.571736 0.008572 2.338341 2.694980 0.004997 2.535904 2.785328 0.004980 2.592730 2.659623 0.008589 2.399874 3.138614 0.004814 2.408257 3.274838 0.012723 2.622298 3.266831 0.012824 2.616909 3.129167 0.004840 
2.397650 2.571329 0.008369 2.338444 2.694508 0.004998 2.535899 2.785089 0.004980 2.592876 2.659446 0.008383 2.399874 3.138607 0.004829 2.408257 3.274820 0.012920 2.622298 3.266814 0.013011 2.616909 3.129161 0.004842 
2.397803 2.571044 0.008230 2.338499 2.694180 0.004993 2.535884 2.784916 0.004980 2.592960 2.659315 0.008248 2.399874 3.138602 0.004842 2.408257 3.274809 0.013053 2.622298 3.266803 0.013133 2.616910 3.129157 0.004843 
2.397921 2.570808 0.008175 2.338549 2.693912 0.004993 2.535884 2.784756 0.004981 2.593030 2.659185 0.008194 2.399874 3.138600 0.004851 2.408257 3.274802 0.013123 2.622298 3.266797 0.013199 2.616910 3.129155 0.004849 
2.397921 2.570771 0.008175 2.338549 2.693875 0.004993 2.535884 2.784718 0.004982 2.593030 2.659147 0.008194 2.399874 3.138599 0.004858 2.408256 3.274801 0.013140 2.622298 3.266796 0.013216 2.616910 3.129155 0.004855 
2.397878 2.570799 0.008199 2.338531 2.693915 0.004993 2.535884 2.784719 0.004983 2.593004 2.659137 0.008220 2.399874 3.138600 0.004864 2.408256 3.274802 0.013133 2.622298 3.266797 0.013209 2.616910 3.129155 0.004861 
2.397792 2.570857 0.008250 2.338494 2.693995 0.004993 2.535883 2.784721 0.004984 2.592953 2.659117 0.008272 2.399874 3.138600 0.004869 2.408256 3.274805 0.013110 2.622298 3.266800 0.013186 2.616910 3.129157 0.004866 
2.397672 2.570937 0.008321 2.338443 2.694106 0.004993 2.535882 2.784723 0.004985 2.592882 2.659090 0.008345 2.399874 3.138602 0.004872 2.408256 3.274809 0.013074 2.622298 3.266804 0.013152 2.616910 3.129158 0.004871 
2.397534 2.571030 0.008403 2.338384 2.694235 0.004994 2.535881 2.784726 0.004987 2.592799 2.659058 0.008428 2.399874 3.138603 0.004876 2.408256 3.274813 0.013032 2.622298 3.266808 0.013110 2.616910 3.129160 0.004875 
2.397429 2.571085 0.008508 2.338355 2.694323 0.004994 2.535906 2.784695 0.004994 2.592748 2.658995 0.008541 2.399874 3.138605 0.004879 2.408257 3.274817 0.012989 2.622298 3.266813 0.013067 2.616910 3.129161 0.004879 
2.397369 2.571074 0.008612 2.338354 2.694338 0.004994 2.535948 2.784618 0.005006 2.592729 2.658894 0.008658 2.399749 3.138777 0.004896 2.408127 3.274967 0.013376 2.622169 3.266999 0.012960 2.616785 3.129370 0.004392 
2.397344 2.571129 0.008699 2.338352 2.694402 0.004995 2.535963 2.784645 0.005030 2.592720 2.658912 0.008769 2.399748 3.138780 0.004897 2.408124 3.274973 0.013321 2.622166 3.267005 0.012953 2.616785 3.129372 0.004441 
2.397304 2.571256 0.008765 2.338343 2.694541 0.004995 2.535975 2.784738 0.005083 2.592701 2.658994 0.008888 2.399747 3.138781 0.004897 2.408121 3.274978 0.013273 2.622164 3.267009 0.012949 2.616784 3.129374 0.004487 
2.397258 2.571381 0.008816 2.338325 2.694678 0.004996 2.535976 2.784832 0.005135 2.592673 2.659076 0.008990 2.399746 3.138783 0.004897 2.408119 3.274982 0.013233 2.622161 3.267013 0.012949 2.616783 3.129376 0.004528 
2.397199 2.571491 0.008855 2.338292 2.694799 0.004996 2.535961 2.784915 0.005179 2.592632 2.659148 0.009072 2.399745 3.138784 0.004897 2.408117 3.274985 0.013202 2.622159 3.267017 0.012955 2.616782 3.129377 0.004565 
2.397132 2.571580 0.008888 2.338244 2.694897 0.005002 2.535927 2.784982 0.005216 2.592578 2.659207 0.009136 2.399745 3.138786 0.004896 2.408113 3.274988 0.013183 2.622155 3.267025 0.012969 2.616783 3.129384 0.004599 
2.397084 2.571631 0.008915 2.338208 2.694953 0.005011 2.535899 2.785020 0.005250 2.592538 2.659240 0.009187 2.399745 3.138786 0.004896 2.408111 3.274990 0.013171 2.622153 3.267026 0.012987 2.616782 3.129384 0.004629 
2.397072 2.571642 0.008925 2.338200 2.694965 0.005009 2.535892 2.785028 0.005272 2.592528 2.659247 0.009221 2.399744 3.138787 0.004896 2.408109 3.274990 0.013168 2.622152 3.267027 0.013011 2.616781 3.129384 0.004657 
2.397067 2.571640 0.008922 2.338195 2.694963 0.005000 2.535888 2.785025 0.005284 2.592523 2.659244 0.009240 2.399743 3.138786 0.004897 2.408108 3.274990 0.013171 2.622150 3.267026 0.013038 2.616781 3.129384 0.004682 
2.397066 2.571640 0.008930 2.338194 2.694963 0.005000 2.535887 2.785025 0.005303 2.592522 2.659244 0.009266 2.399743 3.138787 0.004897 2.408106 3.274990 0.013171 2.622149 3.267027 0.013060 2.616780 3.129384 0.004704 
2.397065 2.571640 0.008937 2.338194 2.694963 0.005000 2.535887 2.785025 0.005320 2.592521 2.659244 0.009290 2.399742 3.138787 0.004898 2.408105 3.274990 0.013170 2.622148 3.267027 0.013079 2.616780 3.129384 0.004725 
2.397064 2.571640 0.008943 2.338193 2.694963 0.005000 2.535886 2.785025 0.005335 2.592520 2.659244 0.009311 2.399742 3.138787 0.004898 2.408104 3.274990 0.013170 2.622147 3.267027 0.013096 2.616780 3.129384 0.004743 
2.397064 2.571640 0.008948 2.338193 2.694963 0.004999 2.535886 2.785025 0.005349 2.592520 2.659244 0.009331 2.399742 3.138787 0.004898 2.408103 3.274991 0.013169 2.622146 3.267027 0.013112 2.616779 3.129385 0.004760 
2.397063 2.571640 0.008953 2.338193 2.694963 0.004999 2.535885 2.785025 0.005362 2.592519 2.659244 0.009348 2.399741 3.138787 0.004898 2.408102 3.274991 0.013169 2.622145 3.267027 0.013126 2.616779 3.129385 0.004775 
2.397062 2.571640 0.008958 2.338192 2.694963 0.004999 2.535885 2.785025 0.005373 2.592518 2.659244 0.009364 2.399741 3.138787 0.004899 2.408101 3.274991 0.013169 2.622144 3.267027 0.013139 2.616779 3.129385 0.004789 
2.397062 2.571640 0.008962 2.338192 2.694963 0.004999 2.535885 2.785025 0.005383 2.592518 2.659244 0.009378 2.399741 3.138787 0.004899 2.408100 3.274991 0.013168 2.622143 3.267027 0.013151 2.616778 3.129385 0.004801 
2.397061 2.571640 0.008966 2.338192 2.694963 0.004999 2.535885 2.785025 0.005393 2.592517 2.659244 0.009391 2.399740 3.138787 0.004899 2.408100 3.274991 0.013168 2.622143 3.267028 0.013162 2.616778 3.129385 0.004812 
2.397061 2.571640 0.008969 2.338192 2.694963 0.004999 2.535884 2.785025 0.005401 2.592517 2.659244 0.009403 2.399740 3.138787 0.004899 2.408099 3.274991 0.013168 2.622142 3.267028 0.013171 2.616778 3.129385 0.004822 
2.397061 2.571640 0.008972 2.338191 2.694963 0.004999 2.535884 2.785025 0.005409 2.592517 2.659244 0.009414 2.399740 3.138787 0.004899 2.408099 3.274991 0.013168 2.622141 3.267028 0.013180 2.616778 3.129385 0.004831 
2.397060 2.571640 0.008975 2.338191 2.694963 0.004999 2.535884 2.785025 0.005415 2.592516 2.659244 0.009423 2.399740 3.138787 0.004900 2.408098 3.274991 0.013168 2.622141 3.267028 0.013188 2.616777 3.129385 0.004840 
2.397060 2.571640 0.008977 2.338191 2.694963 0.004999 2.535884 2.785025 0.005422 2.592516 2.659244 0.009432 2.399740 3.138787 0.004900 2.408098 3.274991 0.013168 2.622140 3.267028 0.013195 2.616777 3.129385 0.004847 
2.397060 2.571640 0.008979 2.338191 2.694963 0.004999 2.535883 2.785025 0.005427 2.592516 2.659244 0.009440 2.399740 3.138787 0.004900 2.408097 3.274991 0.013167 2.622140 3.267028 0.013202 2.616777 3.129385 0.004854 
2.397059 2.571640 0.008982 2.338191 2.694963 0.004999 2.535883 2.785025 0.005432 2.592515 2.659244 0.009447 2.399739 3.138787 0.004900 2.408097 3.274991 0.013167 2.622140 3.267028 0.013207 2.616777 3.129385 0.004860 
2.397059 2.571640 0.008983 2.338191 2.694963 0.004999 2.535883 2.785025 0.005437 2.592515 2.659244 0.009454 2.399739 3.138787 0.004900 2.408097 3.274991 0.013167 2.622139 3.267028 0.013213 2.616777 3.129385 0.004866 
2.397059 2.571640 0.008985 2.338190 2.694963 0.004999 2.535883 2.785025 0.005441 2.592515 2.659244 0.009460 2.399739 3.138787 0.004900 2.408096 3.274991 0.013167 2.622139 3.267028 0.013218 2.616777 3.129385 0.004871 
2.397059 2.571640 0.008987 2.338190 2.694963 0.004999 2.535883 2.785024 0.005445 2.592515 2.659244 0.009465 2.399739 3.138787 0.004900 2.408096 3.274991 0.013167 2.622139 3.267028 0.013222 2.616777 3.129385 0.004875 
2.397058 2.571640 0.008988 2.338190 2.694962 0.004999 2.535883 2.785024 0.005448 2.592514 2.659244 0.009470 2.399739 3.138787 0.004900 2.408096 3.274992 0.013167 2.622138 3.267028 0.013226 2.616777 3.129385 0.004880 
2.397058 2.571640 0.008989 2.338190 2.694962 0.004999 2.535883 2.785024 0.005452 2.592514 2.659244 0.009474 2.399739 3.138787 0.004900 2.408095 3.274992 0.013167 2.622138 3.267028 0.013229 2.616777 3.129385 0.004883 
2.397057 2.571640 0.008990 2.338189 2.694962 0.004999 2.535882 2.785024 0.005454 2.592513 2.659244 0.009477 2.399739 3.138787 0.004900 2.408095 3.274991 0.013167 2.622138 3.267028 0.013233 2.616777 3.129385 0.004887 
2.397054 2.571640 0.008990 2.338186 2.694962 0.004999 2.535879 2.785024 0.005456 2.592510 2.659244 0.009479 2.399739 3.138787 0.004900 2.408095 3.274991 0.013168 2.622138 3.267028 0.013237 2.616776 3.129385 0.004890 
2.397049 2.571640 0.008989 2.338181 2.694962 0.004999 2.535873 2.785024 0.005457 2.592505 2.659244 0.009480 2.399739 3.138787 0.004900 2.408095 3.274991 0.013169 2.622138 3.267028 0.013241 2.616776 3.129385 0.004893 
2.397040 2.571639 0.008987 2.338172 2.694962 0.004999 2.535865 2.785024 0.005458 2.592496 2.659243 0.009478 2.399739 3.138787 0.004900 2.408095 3.274991 0.013171 2.622137 3.267028 0.013245 2.616776 3.129385 0.004895 
2.397026 2.571639 0.008984 2.338159 2.694962 0.004999 2.535852 2.785023 0.005457 2.592483 2.659242 0.009474 2.399739 3.138787 0.004900 2.408094 3.274991 0.013174 2.622137 3.267028 0.013250 2.616776 3.129385 0.004897 
2.397007 2.571638 0.008980 2.338140 2.694962 0.004999 2.535834 2.785022 0.005455 2.592464 2.659240 0.009467 2.399739 3.138786 0.004900 2.408094 3.274990 0.013179 2.622137 3.267027 0.013257 2.616776 3.129385 0.004899 
2.396981 2.571638 0.008972 2.338115 2.694961 0.004999 2.535809 2.785020 0.005451 2.592439 2.659239 0.009456 2.399739 3.138786 0.004901 2.408094 3.274990 0.013185 2.622137 3.267027 0.013265 2.616776 3.129385 0.004901 
2.396948 2.571635 0.008964 2.338082 2.694960 0.004999 2.535776 2.785017 0.005445 2.592406 2.659235 0.009442 2.399739 3.138786 0.004901 2.408094 3.274989 0.013194 2.622137 3.267026 0.013274 2.616776 3.129385 0.004902 
2.396906 2.571634 0.008952 2.338041 2.694959 0.004999 2.535737 2.785015 0.005438 2.592365 2.659232 0.009423 2.399739 3.138785 0.004902 2.408094 3.274988 0.013205 2.622137 3.267025 0.013285 2.616776 3.129384 0.004902 
2.396858 2.571633 0.008938 2.337994 2.694959 0.004999 2.535690 2.785013 0.005429 2.592318 2.659229 0.009400 2.399739 3.138785 0.004903 2.408094 3.274987 0.013217 2.622137 3.267024 0.013297 2.616776 3.129384 0.004903 
2.396804 2.571631 0.008922 2.337941 2.694958 0.004999 2.535638 2.785010 0.005420 2.592265 2.659225 0.009375 2.399739 3.138784 0.004903 2.408094 3.274985 0.013231 2.622137 3.267023 0.013311 2.616776 3.129383 0.004903 
2.396745 2.571630 0.008905 2.337883 2.694958 0.004999 2.535582 2.785007 0.005409 2.592207 2.659221 0.009347 2.399739 3.138784 0.004904 2.408094 3.274984 0.013246 2.622136 3.267021 0.013326 2.616776 3.129383 0.004904 
2.396683 2.571626 0.008887 2.337822 2.694956 0.004999 2.535522 2.785002 0.005398 2.592146 2.659215 0.009318 2.399739 3.138783 0.004904 2.408094 3.274982 0.013263 2.622136 3.267020 0.013343 2.616776 3.129382 0.004904 
2.396621 2.571617 0.008871 2.337761 2.694947 0.004999 2.535462 2.784992 0.005386 2.592085 2.659204 0.009291 2.399739 3.138782 0.004905 2.408093 3.274980 0.013287 2.622136 3.267018 0.013368 2.616776 3.129382 0.004905 
2.396559 2.571607 0.008850 2.337699 2.694938 0.004999 2.535401 2.784981 0.005376 2.592023 2.659192 0.009259 2.399739 3.138781 0.004905 2.408093 3.274977 0.013320 2.622136 3.267014 0.013400 2.616776 3.129380 0.004905 
2.396498 2.571593 0.008828 2.337639 2.694925 0.004999 2.535341 2.784966 0.005367 2.591963 2.659176 0.009228 2.399738 3.138780 0.004905 2.408093 3.274973 0.013358 2.622136 3.267011 0.013439 2.616776 3.129379 0.004905 
2.396439 2.571575 0.008806 2.337580 2.694908 0.004999 2.535283 2.784948 0.005359 2.591905 2.659157 0.009198 2.399738 3.138778 0.004906 2.408093 3.274969 0.013401 2.622136 3.267007 0.013483 2.616776 3.129378 0.004906 
2.396382 2.571553 0.008785 2.337525 2.694887 0.004999 2.535228 2.784925 0.005354 2.591849 2.659133 0.009171 2.399738 3.138777 0.004906 2.408093 3.274964 0.013447 2.622135 3.267002 0.013529 2.616776 3.129376 0.004906 
2.396327 2.571524 0.008765 2.337472 2.694860 0.004998 2.535177 2.784894 0.005351 2.591796 2.659101 0.009149 2.399738 3.138775 0.004906 2.408092 3.274960 0.013495 2.622135 3.266997 0.013577 2.616776 3.129374 0.004906 
2.396277 2.571487 0.008749 2.337425 2.694825 0.004998 2.535133 2.784853 0.005352 2.591748 2.659058 0.009133 2.399738 3.138773 0.004907 2.408092 3.274955 0.013545 2.622135 3.266993 0.013628 2.616776 3.129373 0.004907 
2.396232 2.571445 0.008734 2.337383 2.694785 0.004998 2.535094 2.784807 0.005354 2.591705 2.659010 0.009121 2.399738 3.138771 0.004907 2.408092 3.274950 0.013595 2.622135 3.266988 0.013678 2.616776 3.129371 0.004907 
2.396183 2.571396 0.008722 2.337340 2.694739 0.004998 2.535055 2.784752 0.005357 2.591661 2.658952 0.009111 2.399738 3.138769 0.004907 2.408092 3.274944 0.013647 2.622134 3.266982 0.013731 2.616776 3.129369 0.004907 
2.396129 2.571341 0.008710 2.337292 2.694687 0.004998 2.535012 2.784690 0.005359 2.591611 2.658886 0.009101 2.399738 3.138767 0.004907 2.408091 3.274939 0.013700 2.622134 3.266977 0.013784 2.616776 3.129367 0.004907 
2.396069 2.571285 0.008697 2.337240 2.694635 0.004998 2.534965 2.784626 0.005358 2.591557 2.658818 0.009087 2.399738 3.138765 0.004908 2.408091 3.274934 0.013754 2.622134 3.266972 0.013838 2.616776 3.129365 0.004907 
2.396006 2.571237 0.008682 2.337185 2.694592 0.004998 2.534916 2.784569 0.005348 2.591499 2.658757 0.009062 2.399738 3.138763 0.004908 2.408091 3.274928 0.013806 2.622134 3.266967 0.013891 2.616776 3.129363 0.004908 
2.395945 2.571200 0.008664 2.337131 2.694559 0.004998 2.534869 2.784523 0.005333 2.591444 2.658708 0.009029 2.399738 3.138762 0.004908 2.408091 3.274923 0.013856 2.622133 3.266961 0.013941 2.616776 3.129362 0.004908 
2.395888 2.571170 0.008645 2.337081 2.694532 0.004998 2.534823 2.784486 0.005318 2.591393 2.658667 0.008995 2.399738 3.138760 0.004908 2.408090 3.274918 0.013903 2.622133 3.266957 0.013990 2.616775 3.129360 0.004908 
2.395834 2.571143 0.008626 2.337033 2.694508 0.004998 2.534780 2.784452 0.005304 2.591343 2.658629 0.008963 2.399738 3.138758 0.004908 2.408090 3.274914 0.013949 2.622133 3.266952 0.014036 2.616775 3.129358 0.004908 
2.395781 2.571114 0.008608 2.336985 2.694483 0.004998 2.534736 2.784417 0.005292 2.591294 2.658591 0.008932 2.399738 3.138756 0.004908 2.408090 3.274909 0.013994 2.622133 3.266947 0.014081 2.616775 3.129357 0.004908 
2.395726 2.571085 0.008591 2.336936 2.694457 0.004998 2.534692 2.784381 0.005279 2.591244 2.658552 0.008903 2.399738 3.138755 0.004908 2.408090 3.274905 0.014037 2.622132 3.266943 0.014124 2.616775 3.129355 0.004908 
2.395672 2.571056 0.008575 2.336888 2.694431 0.004998 2.534649 2.784345 0.005266 2.591194 2.658513 0.008873 2.399738 3.138753 0.004909 2.408089 3.274900 0.014079 2.622132 3.266939 0.014167 2.616775 3.129354 0.004908 
2.395620 2.571027 0.008559 2.336842 2.694405 0.004998 2.534607 2.784309 0.005252 2.591147 2.658474 0.008844 2.399738 3.138752 0.004909 2.408089 3.274896 0.014121 2.622132 3.266934 0.014209 2.616775 3.129352 0.004909 
2.395572 2.570998 0.008544 2.336799 2.694380 0.004998 2.534569 2.784274 0.005240 2.591102 2.658436 0.008816 2.399737 3.138750 0.004909 2.408089 3.274892 0.014161 2.622132 3.266930 0.014250 2.616775 3.129351 0.004909 
2.395528 2.570969 0.008530 2.336761 2.694353 0.004998 2.534535 2.784238 0.005229 2.591063 2.658397 0.008792 2.399737 3.138749 0.004909 2.408089 3.274888 0.014201 2.622132 3.266926 0.014290 2.616775 3.129350 0.004909 
2.395488 2.570939 0.008518 2.336727 2.694327 0.004998 2.534505 2.784202 0.005221 2.591027 2.658358 0.008772 2.399737 3.138747 0.004909 2.408089 3.274883 0.014240 2.622131 3.266922 0.014329 2.616775 3.129348 0.004909 
2.395454 2.570910 0.008507 2.336698 2.694300 0.004998 2.534480 2.784166 0.005214 2.590997 2.658320 0.008754 2.399737 3.138746 0.004909 2.408088 3.274879 0.014278 2.622131 3.266918 0.014367 2.616775 3.129347 0.004909 
2.395424 2.570880 0.008497 2.336674 2.694274 0.004998 2.534460 2.784131 0.005208 2.590971 2.658282 0.008738 2.399737 3.138745 0.004909 2.408088 3.274876 0.014315 2.622131 3.266914 0.014404 2.616775 3.129346 0.004909 
2.395398 2.570852 0.008489 2.336653 2.694248 0.004998 2.534443 2.784097 0.005204 2.590949 2.658245 0.008725 2.399737 3.138743 0.004909 2.408088 3.274872 0.014350 2.622131 3.266911 0.014440 2.616775 3.129344 0.004909 
2.395376 2.570824 0.008481 2.336635 2.694223 0.004998 2.534429 2.784063 0.005201 2.590930 2.658209 0.008714 2.399737 3.138742 0.004909 2.408088 3.274868 0.014384 2.622131 3.266907 0.014475 2.616775 3.129343 0.004909 
2.395356 2.570797 0.008473 2.336620 2.694198 0.004998 2.534417 2.784031 0.005198 2.590914 2.658175 0.008705 2.399737 3.138741 0.004909 2.408088 3.274865 0.014418 2.622130 3.266904 0.014509 2.616775 3.129342 0.004909 
2.395338 2.570771 0.008467 2.336606 2.694174 0.004998 2.534407 2.784000 0.005196 2.590898 2.658141 0.008696 2.399737 3.138740 0.004909 2.408087 3.274861 0.014450 2.622130 3.266900 0.014541 2.616775 3.129341 0.004909 
2.395319 2.570745 0.008460 2.336592 2.694151 0.004998 2.534396 2.783970 0.005195 2.590883 2.658109 0.008688 2.399737 3.138738 0.004910 2.408087 3.274858 0.014481 2.622130 3.266897 0.014573 2.616775 3.129340 0.004909 
2.395300 2.570719 0.008454 2.336577 2.694127 0.004998 2.534384 2.783939 0.005192 2.590867 2.658076 0.008680 2.399737 3.138737 0.004910 2.408087 3.274855 0.014512 2.622130 3.266894 0.014604 2.616775 3.129339 0.004909 
2.395277 2.570688 0.008453 2.336559 2.694098 0.004998 2.534369 2.783902 0.005189 2.590848 2.658037 0.008675 2.399737 3.138736 0.004910 2.408087 3.274851 0.014542 2.622130 3.266891 0.014635 2.616775 3.129338 0.004910 
2.395248 2.570649 0.008454 2.336535 2.694062 0.004998 2.534348 2.783858 0.005186 2.590822 2.657991 0.008673 2.399737 3.138735 0.004910 2.408087 3.274848 0.014575 2.622129 3.266887 0.014667 2.616775 3.129337 0.004909 
2.395210 2.570610 0.008452 2.336502 2.694025 0.004998 2.534321 2.783812 0.005181 2.590788 2.657942 0.008666 2.399737 3.138734 0.004910 2.408086 3.274844 0.014608 2.622129 3.266884 0.014701 2.616775 3.129336 0.004910 
2.395167 2.570577 0.008444 2.336465 2.693995 0.004998 2.534287 2.783773 0.005173 2.590749 2.657900 0.008650 2.399737 3.138732 0.004910 2.408086 3.274840 0.014643 2.622129 3.266880 0.014736 2.616775 3.129334 0.004909 
2.395122 2.570552 0.008431 2.336425 2.693973 0.004998 2.534251 2.783742 0.005162 2.590708 2.657867 0.008626 2.399737 3.138731 0.004910 2.408086 3.274837 0.014678 2.622129 3.266876 0.014771 2.616775 3.129333 0.004910 
2.395078 2.570531 0.008416 2.336386 2.693955 0.004998 2.534216 2.783716 0.005150 2.590668 2.657838 0.008599 2.399737 3.138730 0.004910 2.408086 3.274833 0.014714 2.622129 3.266872 0.014807 2.616775 3.129332 0.004909 
2.395034 2.570510 0.008400 2.336346 2.693936 0.004997 2.534179 2.783689 0.005139 2.590627 2.657809 0.008573 2.399737 3.138728 0.004910 2.408086 3.274829 0.014750 2.622128 3.266868 0.014845 2.616775 3.129331 0.004909 
2.394987 2.570485 0.008385 2.336304 2.693914 0.004997 2.534142 2.783659 0.005129 2.590584 2.657775 0.008547 2.399737 3.138727 0.004910 2.408085 3.274824 0.014789 2.622128 3.266864 0.014883 2.616775 3.129329 0.004910 
2.394937 2.570457 0.008369 2.336260 2.693889 0.004997 2.534102 2.783624 0.005119 2.590538 2.657738 0.008521 2.399737 3.138725 0.004910 2.408085 3.274820 0.014828 2.622128 3.266860 0.014923 2.616775 3.129328 0.004910 
2.394885 2.570428 0.008354 2.336214 2.693863 0.004997 2.534060 2.783588 0.005107 2.590490 2.657698 0.008494 2.399737 3.138724 0.004910 2.408085 3.274816 0.014869 2.622128 3.266856 0.014964 2.616775 3.129327 0.004910 
2.394831 2.570398 0.008338 2.336167 2.693836 0.004997 2.534018 2.783551 0.005094 2.590442 2.657658 0.008465 2.399737 3.138722 0.004910 2.408085 3.274811 0.014910 2.622127 3.266851 0.015006 2.616774 3.129325 0.004910 
2.394778 2.570367 0.008322 2.336120 2.693810 0.004997 2.533976 2.783513 0.005081 2.590393 2.657616 0.008436 2.399737 3.138721 0.004910 2.408084 3.274807 0.014951 2.622127 3.266847 0.015047 2.616774 3.129324 0.004910 
2.394726 2.570337 0.008306 2.336074 2.693783 0.004997 2.533936 2.783475 0.005069 2.590346 2.657575 0.008408 2.399737 3.138719 0.004910 2.408084 3.274802 0.014992 2.622127 3.266842 0.015089 2.616774 3.129322 0.004910 
2.394677 2.570307 0.008291 2.336031 2.693756 0.004997 2.533897 2.783438 0.005057 2.590301 2.657535 0.008382 2.399737 3.138718 0.004910 2.408084 3.274798 0.015033 2.622127 3.266838 0.015130 2.616774 3.129321 0.004910 
2.394630 2.570278 0.008277 2.335991 2.693730 0.004997 2.533861 2.783402 0.005047 2.590259 2.657496 0.008357 2.399736 3.138716 0.004910 2.408084 3.274793 0.015072 2.622127 3.266834 0.015169 2.616774 3.129320 0.004910 
2.394586 2.570250 0.008264 2.335953 2.693705 0.004997 2.533828 2.783367 0.005037 2.590220 2.657458 0.008334 2.399736 3.138715 0.004910 2.408083 3.274789 0.015109 2.622126 3.266830 0.015207 2.616774 3.129318 0.004910 
2.394546 2.570223 0.008252 2.335918 2.693682 0.004997 2.533797 2.783335 0.005028 2.590184 2.657423 0.008313 2.399736 3.138714 0.004910 2.408083 3.274785 0.015145 2.622126 3.266826 0.015242 2.616774 3.129317 0.004910 
2.394510 2.570198 0.008240 2.335887 2.693659 0.004997 2.533769 2.783304 0.005020 2.590151 2.657390 0.008294 2.399736 3.138712 0.004910 2.408083 3.274781 0.015178 2.622126 3.266822 0.015276 2.616774 3.129316 0.004910 
2.394478 2.570174 0.008230 2.335859 2.693638 0.004997 2.533745 2.783275 0.005013 2.590122 2.657358 0.008277 2.399736 3.138711 0.004910 2.408083 3.274778 0.015210 2.622126 3.266818 0.015309 2.616774 3.129315 0.004910 
