0.069311 -0.121096 0.004956 0.207297 -0.119114 0.004938 0.067136 0.096134 0.005004 0.203843 0.095049 0.004986 
0.069381 -0.121042 0.004760 0.207367 -0.119059 0.004872 0.067205 0.096188 0.004998 0.203911 0.095104 0.005106 
0.069589 -0.121136 0.004590 0.207574 -0.119198 0.005199 0.067486 0.096095 0.004282 0.204191 0.094966 0.004890 
0.069581 -0.121078 0.004528 0.207566 -0.119133 0.005076 0.067465 0.096153 0.004348 0.204170 0.095031 0.004894 
0.069829 -0.120902 0.003988 0.207810 -0.118877 0.005047 0.067587 0.096328 0.004134 0.204289 0.095285 0.005181 
0.069832 -0.120901 0.004082 0.207814 -0.118876 0.005038 0.067590 0.096328 0.004209 0.204293 0.095286 0.005153 
0.069835 -0.120901 0.004168 0.207818 -0.118876 0.005031 0.067593 0.096329 0.004277 0.204297 0.095286 0.005130 
0.069838 -0.120900 0.004244 0.207821 -0.118875 0.005026 0.067596 0.096329 0.004339 0.204300 0.095287 0.005112 
0.069840 -0.120900 0.004313 0.207824 -0.118875 0.005023 0.067598 0.096330 0.004395 0.204303 0.095287 0.005097 
0.069842 -0.120900 0.004374 0.207826 -0.118875 0.005022 0.067600 0.096330 0.004446 0.204305 0.095287 0.005086 
0.069831 -0.120884 0.004406 0.207816 -0.118870 0.005011 0.067606 0.096345 0.004498 0.204312 0.095292 0.005096 
0.069822 -0.120884 0.004457 0.207804 -0.118870 0.005344 0.067597 0.096346 0.004537 0.204301 0.095292 0.005414 
0.069804 -0.120884 0.004503 0.207782 -0.118870 0.005897 0.067579 0.096346 0.004571 0.204279 0.095292 0.005951 
0.069805 -0.120887 0.004564 0.207784 -0.118862 0.005914 0.067562 0.096342 0.004619 0.204262 0.095300 0.005955 
0.069813 -0.120886 0.004624 0.207794 -0.118861 0.005739 0.067570 0.096343 0.004646 0.204272 0.095301 0.005750 
0.069818 -0.120886 0.004659 0.207800 -0.118860 0.005636 0.067575 0.096343 0.004673 0.204278 0.095302 0.005641 
0.069822 -0.120886 0.004688 0.207804 -0.118860 0.005554 0.067579 0.096344 0.004699 0.204283 0.095302 0.005556 
0.069825 -0.120886 0.004715 0.207808 -0.118860 0.005486 0.067582 0.096344 0.004723 0.204287 0.095302 0.005486 
0.069828 -0.120886 0.004739 0.207812 -0.118860 0.005418 0.067585 0.096344 0.004744 0.204290 0.095302 0.005417 
0.069831 -0.120886 0.004760 0.207815 -0.118860 0.005364 0.067588 0.096344 0.004764 0.204293 0.095302 0.005362 
0.069833 -0.120885 0.004779 0.207818 -0.118860 0.005307 0.067590 0.096344 0.004782 0.204296 0.095302 0.005305 
0.069835 -0.120907 0.004795 0.207818 -0.118806 0.005285 0.067473 0.096321 0.004797 0.204180 0.095354 0.005283 
0.069838 -0.120907 0.004812 0.207822 -0.118805 0.005212 0.067476 0.096321 0.004814 0.204183 0.095355 0.005211 
0.069894 -0.120919 0.004868 0.207878 -0.118828 0.005224 0.067550 0.096309 0.004677 0.204257 0.095332 0.005032 
0.069870 -0.120909 0.004866 0.207854 -0.118830 0.005185 0.067544 0.096320 0.004706 0.204251 0.095330 0.005023 
0.069871 -0.120909 0.004867 0.207855 -0.118831 0.005154 0.067545 0.096319 0.004732 0.204252 0.095330 0.005018 
0.069872 -0.120910 0.004867 0.207856 -0.118831 0.005124 0.067546 0.096319 0.004756 0.204253 0.095329 0.005012 
0.069873 -0.120910 0.004867 0.207858 -0.118832 0.005100 0.067547 0.096318 0.004778 0.204254 0.095329 0.005009 
0.069874 -0.120911 0.004867 0.207859 -0.118832 0.005076 0.067548 0.096318 0.004797 0.204255 0.095328 0.005005 
0.069880 -0.120913 0.004866 0.207865 -0.118836 0.005068 0.067558 0.096316 0.004795 0.204265 0.095324 0.004997 
0.069881 -0.120913 0.004862 0.207865 -0.118836 0.005072 0.067558 0.096316 0.004812 0.204265 0.095324 0.005021 
0.069871 -0.120913 0.004858 0.207855 -0.118837 0.005333 0.067549 0.096315 0.004827 0.204255 0.095323 0.005298 
0.069836 -0.120914 0.004854 0.207813 -0.118859 0.006334 0.067546 0.096315 0.004841 0.204245 0.095303 0.006307 
0.069776 -0.120915 0.004852 0.207728 -0.119112 0.007998 0.067883 0.096318 0.004855 0.204553 0.095055 0.007971 
0.069666 -0.120916 0.004859 0.207500 -0.118306 0.011092 0.066500 0.096303 0.004866 0.203070 0.095839 0.011039 
0.069596 -0.120917 0.004862 0.207328 -0.118265 0.013050 0.066362 0.096300 0.004875 0.202831 0.095879 0.012985 
0.069918 -0.120389 0.003892 0.207701 -0.120026 0.011614 0.070223 0.096848 0.005137 0.206694 0.094160 0.012768 
0.069879 -0.120421 0.003985 0.207568 -0.122824 0.012931 0.074432 0.096754 0.006850 0.210750 0.091325 0.015671 
0.069799 -0.120461 0.004071 0.207255 -0.124935 0.015470 0.077400 0.096590 0.009064 0.213444 0.089112 0.020285 
0.069711 -0.120478 0.004148 0.206917 -0.124958 0.018229 0.077137 0.096555 0.010108 0.212937 0.089071 0.023972 
0.069598 -0.120460 0.004210 0.206497 -0.123926 0.021259 0.075274 0.096618 0.010432 0.210794 0.090138 0.027232 
0.069498 -0.120467 0.004273 0.206014 -0.122852 0.024315 0.073268 0.096639 0.010948 0.208435 0.091230 0.030706 
0.069332 -0.120477 0.004345 0.205289 -0.122414 0.027926 0.071958 0.096592 0.012566 0.206587 0.091628 0.035808 
0.069233 -0.120509 0.004396 0.204656 -0.122736 0.030852 0.071863 0.096498 0.014141 0.205963 0.091247 0.040209 
0.069159 -0.120546 0.004441 0.204126 -0.123443 0.033067 0.072342 0.096367 0.015947 0.205983 0.090453 0.044140 
0.069069 -0.120598 0.004480 0.203459 -0.123660 0.035688 0.071736 0.096177 0.018453 0.204813 0.090102 0.049169 
0.068940 -0.120672 0.004520 0.202441 -0.123540 0.039353 0.070017 0.095865 0.021973 0.202236 0.089985 0.056230 
0.068739 -0.120706 0.004566 0.200622 -0.124459 0.045023 0.068468 0.095190 0.028700 0.199103 0.088443 0.068435 
-0.207259 -0.176548 0.007676 0.193353 0.091269 0.084401 0.063743 0.102230 0.042319 -0.235032 0.035806 0.004154 -0.071587 -0.158270 0.025080 0.192232 -0.120065 0.049551 
-0.210965 -0.177089 0.004899 0.184364 0.102286 0.100924 0.055433 0.113971 0.056989 -0.235078 0.035739 0.004217 -0.075186 -0.161401 0.023923 0.185627 -0.107447 0.057474 
-0.211101 -0.177106 0.004905 0.176445 0.111251 0.120927 0.048667 0.121597 0.073433 -0.235205 0.035724 0.004283 -0.075903 -0.161483 0.027736 0.183003 -0.097333 0.072681 
-0.211264 -0.177125 0.004909 0.170461 0.114804 0.142385 0.044301 0.124557 0.090632 -0.235358 0.035705 0.004349 -0.076897 -0.161598 0.032268 0.181462 -0.092614 0.090093 
-0.211436 -0.177162 0.004908 0.164613 0.112309 0.161616 0.040256 0.122171 0.105689 -0.235965 0.035620 0.005084 -0.078143 -0.161578 0.037067 0.178778 -0.094134 0.106315 
-0.211608 -0.177234 0.004909 0.157707 0.106260 0.178375 0.035114 0.116719 0.118782 -0.236816 0.035454 0.007379 -0.079580 -0.161771 0.041972 0.174110 -0.099276 0.120378 
-0.211764 -0.177341 0.004911 0.150780 0.097948 0.194903 0.030051 0.109513 0.131811 -0.238022 0.035141 0.011229 -0.081060 -0.162181 0.046513 0.168841 -0.106610 0.134013 
-0.211921 -0.177465 0.004913 0.143635 0.088258 0.212112 0.025018 0.101007 0.145348 -0.239892 0.034612 0.015802 -0.082740 -0.162554 0.051106 0.163562 -0.115264 0.148399 
0.135899 0.077514 0.229735 -0.212085 -0.177599 0.004916 -0.084643 -0.163040 0.055814 0.157862 -0.124887 0.163183 0.019641 0.091574 0.159192 -0.242131 0.033888 0.020674 
-0.212257 -0.177736 0.004920 0.127192 0.065982 0.247328 0.151296 -0.135206 0.177901 -0.086822 -0.163666 0.060706 -0.244651 0.032984 0.025541 0.013526 0.081524 0.172975 
-0.212398 -0.177886 0.004920 0.143663 -0.141804 0.188252 0.115234 0.057020 0.262673 -0.246538 0.032091 0.029856 0.004040 0.073768 0.184921 
-0.212538 -0.178007 0.004914 0.101021 0.050741 0.275085 0.133911 -0.145338 0.195405 -0.091778 -0.166782 0.070755 -0.247138 0.031435 0.033457 -0.007815 0.068879 0.194365 
-0.212683 -0.178125 0.004909 0.084849 0.046860 0.286785 0.123196 -0.145794 0.201395 -0.094671 -0.169354 0.075903 -0.247008 0.030867 0.036881 -0.021520 0.066410 0.203159 
-0.212897 -0.178245 0.004916 0.067417 0.044044 0.299927 0.111930 -0.144632 0.208834 -0.098048 -0.172396 0.081202 -0.246720 0.030237 0.040534 -0.036072 0.065257 0.213153 
-0.213128 -0.178382 0.004924 0.047635 0.041956 0.313384 0.099445 -0.141947 0.216569 -0.101984 -0.175944 0.086686 -0.246499 0.029416 0.044726 -0.052689 0.064899 0.223392 
-0.213385 -0.178538 0.004933 0.025879 0.039019 0.328463 0.085681 -0.139617 0.226530 -0.106690 -0.179770 0.092447 -0.247131 0.028212 0.049579 -0.070694 0.063981 0.234973 
-0.213663 -0.178713 0.004944 0.000986 0.035305 0.343372 0.070084 -0.137390 0.237166 -0.112108 -0.183741 0.098246 -0.248953 0.026541 0.054974 -0.091342 0.062201 0.246202 
-0.213971 -0.178877 0.004955 -0.024541 0.027394 0.359502 0.053159 -0.140916 0.252208 -0.118428 -0.186651 0.104227 -0.253554 0.024436 0.059496 -0.111325 0.056287 0.257897 
-0.214434 -0.179062 0.004978 -0.050264 0.013232 0.377397 0.035228 -0.151553 0.270557 -0.125755 -0.189150 0.110231 -0.260234 0.021877 0.063320 -0.130258 0.044893 0.271150 
-0.216982 -0.179327 0.004980 -0.076597 -0.007265 0.395415 0.015217 -0.167642 0.287121 -0.135373 -0.193910 0.115304 -0.267916 0.018533 0.069282 -0.149651 0.029319 0.285804 
-0.222939 -0.179610 0.005001 -0.105257 -0.033232 0.411352 -0.007809 -0.188495 0.300561 -0.148317 -0.199884 0.119301 -0.278895 0.014422 0.076404 -0.171387 0.009539 0.299605 
-0.234069 -0.179989 0.004996 -0.293350 0.008523 0.087621 -0.034875 -0.211873 0.309668 -0.165698 -0.209171 0.121263 -0.137615 -0.064667 0.426514 -0.197745 -0.013324 0.314988 
-0.245801 -0.181404 0.004351 -0.316298 0.002985 0.087469 -0.063352 -0.237662 0.319954 -0.186796 -0.212967 0.125042 -0.173571 -0.094307 0.434754 -0.227208 -0.039859 0.321404 
-0.266877 -0.207181 0.005470 -0.086313 -0.269915 0.325356 -0.208981 -0.229182 0.128791 -0.344987 -0.020573 0.075854 -0.288760 -0.039706 0.198989 -0.196046 -0.119732 0.431570 -0.246125 -0.069100 0.314873 
-0.281757 -0.247601 0.008240 -0.352410 -0.056892 0.075439 -0.108104 -0.288267 0.332880 -0.225201 -0.270022 0.132106 -0.218424 -0.136153 0.435684 -0.266617 -0.086725 0.317683 
-0.290338 -0.282169 0.012008 -0.355707 -0.088424 0.075782 -0.128816 -0.292654 0.346011 -0.236149 -0.304729 0.136902 -0.243971 -0.140158 0.442768 -0.289638 -0.093750 0.322557 
-0.295465 -0.304219 0.017870 -0.360533 -0.108597 0.075972 -0.146817 -0.293746 0.363596 -0.244033 -0.324405 0.144327 -0.267612 -0.140687 0.452250 -0.309633 -0.098057 0.329341 
-0.300430 -0.314200 0.026492 -0.366139 -0.118669 0.084179 -0.158744 -0.298716 0.380825 -0.250202 -0.334499 0.153414 -0.282860 -0.146874 0.466945 -0.322659 -0.104573 0.343185 
-0.303900 -0.316191 0.042108 -0.166250 -0.308435 0.397743 -0.255483 -0.337828 0.169512 -0.291596 -0.157776 0.484159 -0.329715 -0.113848 0.360437 
-0.303844 -0.312936 0.062603 -0.169983 -0.318998 0.416859 -0.257843 -0.336443 0.190569 -0.204714 -0.274294 0.291005 -0.332298 -0.123194 0.380921 
-0.303033 -0.309956 0.081965 -0.173045 -0.327927 0.432499 -0.259588 -0.335312 0.210470 -0.206132 -0.280745 0.307107 -0.334535 -0.131128 0.398328 
-0.301125 -0.310405 0.097016 -0.376333 -0.120014 0.160048 -0.174912 -0.335022 0.445806 -0.259894 -0.336575 0.226086 -0.206253 -0.286912 0.320318 -0.334870 -0.137101 0.410916 
-0.296071 -0.313389 0.108114 -0.175526 -0.339243 0.459198 -0.256771 -0.340401 0.237613 -0.204693 -0.290603 0.333391 -0.333985 -0.140453 0.422455 
-0.295824 -0.315685 0.109596 -0.175789 -0.341115 0.463105 -0.255658 -0.344814 0.238368 -0.205470 -0.290805 0.338078 -0.335830 -0.143034 0.429531 
-0.296544 -0.316162 0.108799 -0.173510 -0.345558 0.462533 -0.254598 -0.347658 0.236441 -0.204705 -0.293231 0.338708 -0.335254 -0.148071 0.433994 
-0.169278 -0.355341 0.461591 -1.836053 -0.553968 0.394903 -0.201399 -0.300802 0.338962 -1.813781 -0.504992 0.353071 -1.828970 -0.509323 0.346813 -0.368908 -0.131693 0.184863 -0.330756 -0.157001 0.437865 
-0.164294 -0.366705 0.459752 -1.848999 -0.505753 0.321083 -0.196889 -0.310294 0.338099 -1.871718 -0.554550 0.362885 -1.863070 -0.511574 0.313546 -0.365747 -0.136216 0.188257 -0.324300 -0.166757 0.439869 
-0.159200 -0.376025 0.456174 -1.847354 -0.492611 0.325989 -0.192577 -0.318006 0.335493 -1.870098 -0.540468 0.368850 -1.861365 -0.498666 0.318528 -0.362469 -0.140497 0.189637 -0.318265 -0.174987 0.440096 
-0.153534 -0.384265 0.451114 -1.823561 -0.472526 0.361455 -0.188320 -0.324266 0.331807 -1.845404 -0.519340 0.405908 -1.838216 -0.478083 0.354896 -0.359463 -0.144693 0.191094 -0.312639 -0.182909 0.440236 
-0.146752 -0.393435 0.444515 -1.785997 -0.453647 0.414145 -0.183572 -0.330750 0.327217 -1.806063 -0.499847 0.460053 -1.801467 -0.458356 0.408932 -0.356819 -0.148768 0.193493 -0.306363 -0.192219 0.440908 
-0.138777 -0.404403 0.436389 -1.740611 -0.438696 0.470769 -0.178038 -0.338373 0.321747 -1.758338 -0.484607 0.517913 -1.756756 -0.442513 0.467104 -0.354185 -0.153088 0.196847 -0.305551 -0.195469 0.317381 
-0.129722 -0.416763 0.426332 -1.707429 -0.471715 0.570131 -1.708760 -0.429114 0.519739 -0.171731 -0.347003 0.314919 -0.351088 -0.158115 0.200410 -0.299627 -0.204411 0.318301 
-1.660067 -0.415139 0.562020 -1.656128 -0.457765 0.612254 -0.119629 -0.430226 0.414052 -0.164605 -0.356525 0.306399 -0.347167 -0.164019 0.203443 -0.292623 -0.214443 0.318213 
-1.613537 -0.400199 0.594636 -1.607285 -0.442209 0.645154 -0.107634 -0.444380 0.400252 -0.155607 -0.367047 0.296511 -0.341184 -0.170755 0.204950 -0.283335 -0.224917 0.316349 
-1.571045 -0.388112 0.624415 -1.562220 -0.429383 0.675158 -0.095017 -0.459459 0.384712 -0.145305 -0.378987 0.284515 -0.332731 -0.178700 0.203921 -0.272240 -0.236156 0.312224 
-1.530581 -0.384792 0.658344 -1.519007 -0.426060 0.708534 -0.081202 -0.474974 0.365166 -0.133080 -0.392454 0.267477 -0.320904 -0.187798 0.196230 -0.258427 -0.247483 0.302174 
-1.494324 -0.394627 0.701253 -1.480229 -0.437214 0.749665 -0.066628 -0.490312 0.340541 -0.120180 -0.406365 0.244995 -0.215113 -0.289901 0.401895 -0.307076 -0.198540 0.180870 -0.242374 -0.259875 0.284511 
-1.460132 -0.415012 0.752292 -1.443887 -0.459831 0.797935 -0.051264 -0.506038 0.312139 -0.106655 -0.420910 0.218711 -0.194065 -0.303302 0.379090 -0.291670 -0.210539 0.160803 -0.224598 -0.273178 0.262132 
-1.424256 -0.442517 0.809447 -1.406133 -0.490038 0.851509 -0.036737 -0.521912 0.283536 -0.276605 -0.222697 0.140769 -0.093610 -0.435863 0.191857 -0.173432 -0.316473 0.354855 
-1.379267 -0.470968 0.866338 -1.358939 -0.520810 0.904530 -0.025903 -0.538126 0.255375 -0.096948 -0.418232 0.418028 -0.155995 -0.330209 0.331685 -0.268031 -0.224311 0.143013 -0.198828 -0.289056 0.241546 
-1.318925 -0.498249 0.916200 -1.295752 -0.549714 0.950410 -0.019781 -0.554106 0.236956 -0.083781 -0.433363 0.401889 -0.143326 -0.343803 0.317490 -0.263211 -0.225352 0.143990 -0.193886 -0.290561 0.242131 
-1.248838 -0.529450 0.959933 -1.222663 -0.582300 0.989558 -0.016805 -0.562959 0.232745 -0.078369 -0.441685 0.398215 -0.137321 -0.351292 0.314290 -0.260255 -0.225572 0.144088 -0.191032 -0.290808 0.242283 
-1.172670 -0.568398 0.997956 -1.143948 -0.622759 1.021954 -0.016811 -0.563818 0.238884 -0.080024 -0.441600 0.403032 -0.137955 -0.351586 0.317994 -0.258521 -0.226748 0.143212 -0.189795 -0.291687 0.241951 
-1.093053 -0.614642 1.022346 -1.064075 -0.671400 1.039516 -0.018678 -0.562429 0.250606 -0.085021 -0.438300 0.412063 -0.141334 -0.349319 0.324878 -0.255761 -0.231280 0.141061 -0.188301 -0.295751 0.240974 
-1.030617 -0.649623 1.029517 -1.002158 -0.707968 1.041427 -0.021470 -0.559323 0.264046 -0.091320 -0.433550 0.422727 -0.146015 -0.345662 0.333430 -0.253538 -0.236435 0.138839 -0.187323 -0.300499 0.239841 
-0.996290 -0.665058 1.028156 -0.968274 -0.724090 1.037445 -0.024572 -0.556208 0.276404 -0.097622 -0.428706 0.432239 -0.150738 -0.341965 0.340891 -0.251683 -0.241503 0.136417 -0.186706 -0.305020 0.238561 
-0.992127 -0.661584 1.027300 -0.963814 -0.720484 1.036526 -0.027665 -0.554034 0.285692 -0.250036 -0.246591 0.134014 -0.102836 -0.424767 0.439044 -0.154600 -0.339027 0.345991 
-1.010216 -0.645451 1.028024 -0.981361 -0.703781 1.039027 -0.030006 -0.552042 0.292020 -0.249419 -0.248876 0.131907 -0.106583 -0.421176 0.443308 -0.157324 -0.336326 0.348885 
-1.042382 -0.622878 1.027696 -1.013021 -0.680338 1.041561 -0.030983 -0.549490 0.294308 -0.249888 -0.247919 0.130805 -0.108377 -0.417857 0.444510 -0.158814 -0.333613 0.349384 
-1.079677 -0.599063 1.024086 -1.050105 -0.655569 1.041073 -0.031540 -0.547791 0.294424 -0.250419 -0.246916 0.130027 -0.109121 -0.415571 0.444013 -0.159520 -0.331749 0.348495 
-1.115496 -0.576755 1.017512 -1.086056 -0.632375 1.037404 -0.032014 -0.546676 0.294168 -0.250877 -0.246032 0.129040 -0.109572 -0.413699 0.443096 -0.159882 -0.330301 0.347160 
-1.146040 -0.557283 1.009968 -1.116918 -0.612140 1.032298 -0.032678 -0.545426 0.294415 -0.251280 -0.245137 0.127679 -0.110298 -0.411360 0.442331 -0.160377 -0.328556 0.345764 
-1.168746 -0.541368 1.003248 -1.139956 -0.595621 1.027410 -0.033748 -0.543212 0.295591 -0.251795 -0.243945 0.125835 -0.111732 -0.407723 0.442011 -0.161438 -0.325778 0.344521 
-1.182303 -0.529523 0.999001 -1.153767 -0.583392 1.024297 -0.035217 -0.540086 0.297837 -0.252439 -0.242497 0.123536 -0.113908 -0.402910 0.442296 -0.163087 -0.322073 0.343622 
-1.186453 -0.520603 0.997030 -1.158018 -0.574271 1.022861 -0.036862 -0.536632 0.300344 -0.253139 -0.240978 0.121052 -0.116336 -0.397700 0.442679 -0.164940 -0.318060 0.342754 
-1.183161 -0.513775 0.997315 -1.154606 -0.567328 1.023251 -0.038567 -0.532947 0.302793 -0.253823 -0.239423 0.118438 -0.118834 -0.392180 0.442863 -0.166836 -0.313825 0.341640 
-1.173675 -0.509821 0.999804 -1.144888 -0.563424 1.025378 -0.040365 -0.528947 0.305213 -0.254508 -0.237838 0.115685 -0.121451 -0.386289 0.442878 -0.168830 -0.309308 0.340316 
-1.159732 -0.507792 1.003345 -1.130630 -0.561520 1.028294 -0.041833 -0.524433 0.307233 -0.254983 -0.236576 0.113453 -0.123760 -0.380301 0.442848 -0.170787 -0.304599 0.339178 
-1.143165 -0.506849 1.005902 -1.113707 -0.560713 1.030127 -0.042687 -0.520995 0.308409 -0.255136 -0.235914 0.112284 -0.125267 -0.376104 0.442814 -0.172171 -0.301211 0.338502 
-1.126360 -0.506474 1.007256 -1.096635 -0.560516 1.030748 -0.043009 -0.519782 0.308806 -0.255176 -0.235424 0.111436 -0.125748 -0.374279 0.442450 -0.172514 -0.299856 0.337741 
-1.112302 -0.506394 1.007794 -1.082417 -0.560607 1.030681 -0.042957 -0.519876 0.308697 -0.255073 -0.235073 0.110779 -0.125589 -0.373827 0.441812 -0.172213 -0.299699 0.336831 
-1.103027 -0.506725 1.008048 -1.073079 -0.561075 1.030523 -0.042758 -0.520405 0.308372 -0.254932 -0.234885 0.110409 -0.125215 -0.373998 0.441202 -0.171750 -0.300019 0.336076 
-1.099377 -0.507274 1.008235 -1.069434 -0.561704 1.030525 -0.042543 -0.521030 0.307969 -0.254833 -0.234852 0.110335 -0.124820 -0.374492 0.440766 -0.171333 -0.300519 0.335627 
-1.100291 -0.507353 1.008241 -1.070360 -0.561771 1.030576 -0.042385 -0.521519 0.307635 -0.254789 -0.234902 0.110424 -0.124527 -0.374995 0.440530 -0.171058 -0.300959 0.335443 
-1.103677 -0.507051 1.008129 -1.073772 -0.561408 1.030645 -0.042309 -0.521746 0.307508 -0.254764 -0.234966 0.110542 -0.124409 -0.375292 0.440507 -0.170961 -0.301193 0.335473 
-1.108249 -0.506706 1.007865 -1.078395 -0.560991 1.030621 -0.042212 -0.522029 0.307364 -0.254729 -0.235067 0.110730 -0.124269 -0.375698 0.440524 -0.170855 -0.301502 0.335573 
-1.113095 -0.506651 1.007508 -1.083315 -0.560880 1.030495 -0.042043 -0.522522 0.307114 -0.254668 -0.235245 0.111057 -0.124026 -0.376404 0.440553 -0.170669 -0.302041 0.335747 
-1.117493 -0.506913 1.006979 -1.087803 -0.561108 1.030159 -0.041812 -0.523201 0.306765 -0.254583 -0.235490 0.111506 -0.123686 -0.377375 0.440589 -0.170409 -0.302780 0.335984 
-1.121097 -0.507393 1.006244 -1.091500 -0.561576 1.029574 -0.041544 -0.523996 0.306353 -0.254485 -0.235776 0.112026 -0.123283 -0.378506 0.440626 -0.170100 -0.303641 0.336255 
-1.123907 -0.508042 1.005393 -1.094402 -0.562228 1.028831 -0.041273 -0.524868 0.305960 -0.254390 -0.236072 0.112560 -0.122865 -0.379730 0.440702 -0.169773 -0.304579 0.336578 
-1.126267 -0.508784 1.004600 -1.096852 -0.562984 1.028119 -0.041026 -0.525831 0.305689 -0.254314 -0.236347 0.113044 -0.122474 -0.381032 0.440883 -0.169449 -0.305595 0.336997 
-1.128369 -0.509585 1.003923 -1.099041 -0.563804 1.027506 -0.040812 -0.526777 0.305505 -0.254256 -0.236587 0.113462 -0.122124 -0.382282 0.441105 -0.169149 -0.306580 0.337434 
-1.130261 -0.510444 1.003412 -1.101016 -0.564687 1.027042 -0.040606 -0.527656 0.305310 -0.254171 -0.236848 0.113852 -0.121788 -0.383432 0.441276 -0.168857 -0.307491 0.337800 
-1.131896 -0.511287 1.003090 -1.102727 -0.565558 1.026751 -0.040445 -0.528423 0.305166 -0.254123 -0.237039 0.114138 -0.121497 -0.384399 0.441421 -0.168593 -0.308264 0.338100 
-1.133116 -0.512109 1.003087 -1.104009 -0.566412 1.026752 -0.040382 -0.528902 0.305219 -0.254109 -0.237131 0.114273 -0.121369 -0.384990 0.441631 -0.168458 -0.308737 0.338393 
-1.133887 -0.512820 1.003289 -1.104831 -0.567156 1.026938 -0.040349 -0.529131 0.305229 -0.254101 -0.237178 0.114345 -0.121300 -0.385276 0.441723 -0.168388 -0.308964 0.338529 
-1.134254 -0.513160 1.003443 -1.105221 -0.567513 1.027083 -0.040336 -0.529191 0.305194 -0.254095 -0.237196 0.114376 -0.121260 -0.385351 0.441718 -0.168355 -0.309020 0.338541 
-1.134276 -0.513180 1.003456 -1.105245 -0.567534 1.027095 -0.040339 -0.529202 0.305184 -0.254095 -0.237197 0.114375 -0.121246 -0.385355 0.441712 -0.168342 -0.309021 0.338538 
-1.134278 -0.513176 1.003454 -1.105247 -0.567530 1.027093 -0.040344 -0.529213 0.305174 -0.254095 -0.237196 0.114374 -0.121230 -0.385359 0.441706 -0.168327 -0.309023 0.338534 
-1.134280 -0.513173 1.003452 -1.105249 -0.567528 1.027091 -0.040347 -0.529224 0.305164 -0.254095 -0.237196 0.114373 -0.121215 -0.385363 0.441700 -0.168313 -0.309024 0.338530 
-1.134282 -0.513171 1.003450 -1.105251 -0.567525 1.027090 -0.040352 -0.529236 0.305153 -0.254095 -0.237196 0.114372 -0.121198 -0.385367 0.441693 -0.168298 -0.309026 0.338526 
-1.134284 -0.513168 1.003449 -1.105253 -0.567523 1.027089 -0.040356 -0.529247 0.305143 -0.254095 -0.237196 0.114371 -0.121183 -0.385371 0.441687 -0.168284 -0.309027 0.338523 
-1.134285 -0.513166 1.003447 -1.105255 -0.567521 1.027087 -0.040360 -0.529259 0.305132 -0.254095 -0.237196 0.114371 -0.121166 -0.385376 0.441681 -0.168269 -0.309029 0.338519 
-1.134288 -0.513165 1.003446 -1.105257 -0.567519 1.027086 -0.040363 -0.529271 0.305122 -0.254095 -0.237197 0.114370 -0.121151 -0.385381 0.441675 -0.168255 -0.309031 0.338516 
-1.134290 -0.513163 1.003444 -1.105259 -0.567517 1.027085 -0.040368 -0.529283 0.305113 -0.254095 -0.237197 0.114370 -0.121135 -0.385387 0.441670 -0.168239 -0.309034 0.338514 
-1.134293 -0.513162 1.003442 -1.105262 -0.567516 1.027083 -0.040371 -0.529305 0.305111 -0.254094 -0.237197 0.114370 -0.121120 -0.385403 0.441675 -0.168223 -0.309046 0.338521 
-1.134297 -0.513162 1.003440 -1.105267 -0.567516 1.027081 -0.040376 -0.529341 0.305121 -0.254094 -0.237197 0.114370 -0.121104 -0.385434 0.441693 -0.168204 -0.309069 0.338544 
-1.134302 -0.513161 1.003438 -1.105271 -0.567515 1.027079 -0.040380 -0.529381 0.305137 -0.254094 -0.237198 0.114371 -0.121089 -0.385472 0.441717 -0.168184 -0.309097 0.338573 
-1.134321 -0.513162 1.003429 -1.105292 -0.567516 1.027071 -0.040382 -0.529422 0.305144 -0.254093 -0.237201 0.114375 -0.121070 -0.385512 0.441735 -0.168163 -0.309127 0.338597 
-1.134337 -0.513163 1.003422 -1.105309 -0.567517 1.027065 -0.040385 -0.529458 0.305151 -0.254092 -0.237203 0.114378 -0.121053 -0.385546 0.441752 -0.168143 -0.309153 0.338619 
-1.134390 -0.513182 1.003413 -1.105361 -0.567535 1.027058 -0.040384 -0.529495 0.305143 -0.254086 -0.237215 0.114394 -0.121029 -0.385587 0.441761 -0.168120 -0.309182 0.338638 
-1.134482 -0.513186 1.003374 -1.105455 -0.567539 1.027024 -0.040377 -0.529545 0.305123 -0.254080 -0.237226 0.114413 -0.120997 -0.385643 0.441763 -0.168091 -0.309223 0.338651 
-1.134575 -0.513189 1.003335 -1.105551 -0.567541 1.026989 -0.040371 -0.529601 0.305118 -0.254076 -0.237236 0.114430 -0.120971 -0.385708 0.441779 -0.168065 -0.309273 0.338679 
-1.134647 -0.513191 1.003303 -1.105625 -0.567542 1.026961 -0.040368 -0.529661 0.305122 -0.254073 -0.237244 0.114444 -0.120945 -0.385774 0.441803 -0.168037 -0.309323 0.338714 
-1.134741 -0.513201 1.003276 -1.105716 -0.567549 1.026937 -0.040365 -0.529715 0.305121 -0.254069 -0.237254 0.114461 -0.120920 -0.385836 0.441823 -0.168011 -0.309369 0.338746 
-1.134874 -0.513240 1.003252 -1.105851 -0.567587 1.026916 -0.040361 -0.529765 0.305110 -0.254066 -0.237263 0.114476 -0.120892 -0.385891 0.441832 -0.167984 -0.309410 0.338765 
-1.135018 -0.513299 1.003232 -1.105996 -0.567646 1.026898 -0.040356 -0.529816 0.305099 -0.254063 -0.237272 0.114493 -0.120865 -0.385949 0.441841 -0.167959 -0.309454 0.338785 
-1.135187 -0.513361 1.003202 -1.106168 -0.567708 1.026871 -0.040349 -0.529877 0.305084 -0.254058 -0.237285 0.114515 -0.120832 -0.386020 0.441851 -0.167928 -0.309508 0.338809 
-1.135400 -0.513417 1.003172 -1.106383 -0.567764 1.026847 -0.040342 -0.529946 0.305077 -0.254054 -0.237297 0.114536 -0.120801 -0.386099 0.441870 -0.167896 -0.309568 0.338841 
-1.135651 -0.513462 1.003148 -1.106635 -0.567806 1.026830 -0.040340 -0.530022 0.305073 -0.254050 -0.237307 0.114552 -0.120767 -0.386180 0.441889 -0.167861 -0.309630 0.338874 
-1.135907 -0.513495 1.003157 -1.106892 -0.567836 1.026846 -0.040346 -0.530062 0.305094 -0.254051 -0.237305 0.114549 -0.120757 -0.386216 0.441916 -0.167845 -0.309658 0.338903 
-1.136112 -0.513494 1.003153 -1.107095 -0.567830 1.026850 -0.040353 -0.530081 0.305092 -0.254052 -0.237304 0.114546 -0.120744 -0.386228 0.441917 -0.167830 -0.309667 0.338907 
-1.136253 -0.513462 1.003139 -1.107232 -0.567794 1.026843 -0.040359 -0.530095 0.305087 -0.254052 -0.237302 0.114543 -0.120732 -0.386232 0.441913 -0.167818 -0.309669 0.338904 
-1.136337 -0.513421 1.003117 -1.107310 -0.567747 1.026826 -0.040364 -0.530123 0.305080 -0.254052 -0.237302 0.114543 -0.120715 -0.386254 0.441914 -0.167800 -0.309686 0.338908 
-1.136390 -0.513390 1.003101 -1.107358 -0.567713 1.026813 -0.040370 -0.530160 0.305088 -0.254053 -0.237301 0.114541 -0.120700 -0.386286 0.441927 -0.167781 -0.309710 0.338925 
-1.136443 -0.513374 1.003085 -1.107408 -0.567693 1.026799 -0.040376 -0.530204 0.305093 -0.254052 -0.237301 0.114541 -0.120682 -0.386324 0.441941 -0.167760 -0.309740 0.338944 
-1.136530 -0.513381 1.003079 -1.107491 -0.567697 1.026795 -0.040380 -0.530242 0.305096 -0.254051 -0.237303 0.114544 -0.120666 -0.386359 0.441953 -0.167740 -0.309766 0.338960 
-1.136641 -0.513412 1.003083 -1.107602 -0.567728 1.026800 -0.040387 -0.530272 0.305094 -0.254051 -0.237302 0.114542 -0.120650 -0.386382 0.441956 -0.167722 -0.309784 0.338967 
-1.136781 -0.513449 1.003083 -1.107742 -0.567765 1.026802 -0.040391 -0.530300 0.305088 -0.254051 -0.237303 0.114543 -0.120634 -0.386405 0.441956 -0.167705 -0.309802 0.338971 
-1.136951 -0.513480 1.003084 -1.107914 -0.567794 1.026807 -0.040395 -0.530330 0.305080 -0.254047 -0.237310 0.114549 -0.120617 -0.386430 0.441955 -0.167687 -0.309821 0.338973 
-1.137129 -0.513487 1.003071 -1.108091 -0.567798 1.026801 -0.040399 -0.530366 0.305074 -0.254046 -0.237312 0.114552 -0.120598 -0.386461 0.441958 -0.167667 -0.309844 0.338982 
-1.137304 -0.513476 1.003051 -1.108266 -0.567783 1.026788 -0.040403 -0.530405 0.305076 -0.254045 -0.237313 0.114554 -0.120581 -0.386496 0.441969 -0.167648 -0.309872 0.338997 
-1.137474 -0.513448 1.003026 -1.108433 -0.567751 1.026771 -0.040408 -0.530444 0.305080 -0.254044 -0.237315 0.114556 -0.120564 -0.386532 0.441981 -0.167627 -0.309899 0.339013 
-1.137631 -0.513416 1.003004 -1.108588 -0.567714 1.026757 -0.040415 -0.530477 0.305087 -0.254044 -0.237314 0.114556 -0.120552 -0.386558 0.441992 -0.167611 -0.309919 0.339028 
-1.137773 -0.513386 1.002977 -1.108728 -0.567680 1.026737 -0.040421 -0.530501 0.305095 -0.254043 -0.237316 0.114559 -0.120541 -0.386576 0.442004 -0.167598 -0.309933 0.339041 
-1.137905 -0.513366 1.002952 -1.108858 -0.567656 1.026718 -0.040425 -0.530533 0.305097 -0.254041 -0.237319 0.114564 -0.120526 -0.386605 0.442013 -0.167581 -0.309955 0.339055 
-1.138037 -0.513363 1.002931 -1.108989 -0.567651 1.026702 -0.040430 -0.530566 0.305104 -0.254039 -0.237322 0.114569 -0.120513 -0.386633 0.442027 -0.167564 -0.309977 0.339072 
-1.138177 -0.513372 1.002920 -1.109129 -0.567658 1.026696 -0.040438 -0.530596 0.305117 -0.254038 -0.237323 0.114572 -0.120503 -0.386657 0.442044 -0.167550 -0.309994 0.339091 
-1.138330 -0.513389 1.002909 -1.109282 -0.567673 1.026689 -0.040445 -0.530617 0.305132 -0.254033 -0.237332 0.114580 -0.120495 -0.386673 0.442062 -0.167539 -0.310006 0.339111 
-1.138492 -0.513400 1.002896 -1.109444 -0.567681 1.026681 -0.040450 -0.530640 0.305137 -0.254030 -0.237335 0.114586 -0.120485 -0.386692 0.442073 -0.167526 -0.310020 0.339125 
-1.138665 -0.513405 1.002881 -1.109618 -0.567684 1.026672 -0.040454 -0.530661 0.305135 -0.254027 -0.237340 0.114594 -0.120470 -0.386711 0.442078 -0.167511 -0.310032 0.339134 
-1.138847 -0.513403 1.002867 -1.109800 -0.567679 1.026665 -0.040460 -0.530680 0.305135 -0.254024 -0.237343 0.114600 -0.120459 -0.386725 0.442083 -0.167498 -0.310041 0.339142 
-1.139035 -0.513398 1.002851 -1.109988 -0.567671 1.026656 -0.040465 -0.530692 0.305136 -0.254020 -0.237348 0.114608 -0.120449 -0.386734 0.442090 -0.167487 -0.310046 0.339152 
-1.139225 -0.513390 1.002835 -1.110177 -0.567659 1.026648 -0.040471 -0.530707 0.305136 -0.254017 -0.237351 0.114615 -0.120439 -0.386744 0.442095 -0.167476 -0.310052 0.339160 
-1.139413 -0.513383 1.002815 -1.110365 -0.567649 1.026636 -0.040476 -0.530719 0.305137 -0.254013 -0.237357 0.114625 -0.120429 -0.386754 0.442102 -0.167465 -0.310056 0.339170 
-1.139599 -0.513379 1.002797 -1.110551 -0.567642 1.026624 -0.040480 -0.530736 0.305135 -0.254009 -0.237362 0.114634 -0.120417 -0.386769 0.442107 -0.167453 -0.310065 0.339179 
-1.139781 -0.513382 1.002782 -1.110734 -0.567642 1.026616 -0.040486 -0.530752 0.305134 -0.254005 -0.237366 0.114642 -0.120406 -0.386782 0.442113 -0.167440 -0.310073 0.339189 
-1.139963 -0.513393 1.002774 -1.110917 -0.567651 1.026615 -0.040489 -0.530765 0.305131 -0.253977 -0.237372 0.114655 -0.120394 -0.386790 0.442113 -0.167426 -0.310076 0.339192 
-1.140140 -0.513405 1.002772 -1.111095 -0.567662 1.026617 -0.040494 -0.530773 0.305127 -0.253974 -0.237375 0.114661 -0.120384 -0.386793 0.442114 -0.167416 -0.310077 0.339194 
-1.140307 -0.513416 1.002768 -1.111263 -0.567670 1.026619 -0.040499 -0.530783 0.305125 -0.253970 -0.237379 0.114667 -0.120374 -0.386800 0.442116 -0.167406 -0.310079 0.339199 
-1.140466 -0.513425 1.002759 -1.111422 -0.567677 1.026615 -0.040506 -0.530796 0.305129 -0.253965 -0.237387 0.114676 -0.120366 -0.386809 0.442124 -0.167396 -0.310084 0.339211 
-1.140619 -0.513432 1.002748 -1.111575 -0.567682 1.026609 -0.040511 -0.530811 0.305133 -0.253962 -0.237391 0.114683 -0.120357 -0.386821 0.442133 -0.167386 -0.310092 0.339222 
-1.140771 -0.513438 1.002735 -1.111727 -0.567686 1.026602 -0.040515 -0.530828 0.305133 -0.253958 -0.237396 0.114691 -0.120346 -0.386835 0.442140 -0.167373 -0.310100 0.339233 
-1.140923 -0.513444 1.002726 -1.111880 -0.567690 1.026598 -0.040522 -0.530843 0.305135 -0.253955 -0.237398 0.114696 -0.120337 -0.386845 0.442146 -0.167363 -0.310106 0.339241 
-1.141079 -0.513450 1.002717 -1.112036 -0.567694 1.026594 -0.040528 -0.530853 0.305136 -0.253952 -0.237402 0.114702 -0.120329 -0.386851 0.442151 -0.167353 -0.310108 0.339248 
-1.141237 -0.513456 1.002704 -1.112196 -0.567699 1.026587 -0.040530 -0.530863 0.305132 -0.253944 -0.237408 0.114714 -0.120318 -0.386861 0.442154 -0.167342 -0.310113 0.339255 
-1.141398 -0.513460 1.002693 -1.112358 -0.567700 1.026582 -0.040534 -0.530878 0.305126 -0.253937 -0.237412 0.114721 -0.120305 -0.386872 0.442154 -0.167329 -0.310119 0.339258 
-1.141557 -0.513464 1.002681 -1.112520 -0.567703 1.026576 -0.040539 -0.530888 0.305123 -0.253933 -0.237417 0.114729 -0.120296 -0.386878 0.442156 -0.167319 -0.310121 0.339263 
-1.141712 -0.513469 1.002667 -1.112677 -0.567706 1.026568 -0.040545 -0.530899 0.305123 -0.253930 -0.237420 0.114735 -0.120287 -0.386886 0.442160 -0.167309 -0.310125 0.339270 
-1.141864 -0.513476 1.002654 -1.112831 -0.567712 1.026561 -0.040551 -0.530909 0.305131 -0.253927 -0.237423 0.114741 -0.120282 -0.386892 0.442170 -0.167302 -0.310127 0.339282 
-1.142013 -0.513484 1.002640 -1.112983 -0.567718 1.026552 -0.040556 -0.530922 0.305133 -0.253924 -0.237427 0.114748 -0.120272 -0.386902 0.442178 -0.167292 -0.310133 0.339292 
-1.142158 -0.513491 1.002624 -1.113129 -0.567724 1.026542 -0.040562 -0.530934 0.305136 -0.253920 -0.237431 0.114756 -0.120265 -0.386911 0.442185 -0.167283 -0.310137 0.339302 
