0.000002 -0.000219 1.000000 0.000129 0.000002 1.000000 0.000134 -0.000001 1.000000 0.000004 -0.000220 1.000000 
0.000011 -0.001100 0.999999 -0.000813 -0.000012 1.000000 -0.000789 0.000006 1.000000 0.000018 -0.001094 0.999999 
-0.000014 0.001418 0.999999 -0.004414 -0.000062 0.999990 -0.004446 0.000037 0.999990 -0.000023 0.001445 0.999999 
-0.000008 0.000826 1.000000 -0.003976 -0.000056 0.999992 -0.003994 0.000033 0.999992 -0.000013 0.000850 1.000000 
0.000007 -0.000673 1.000000 -0.007671 -0.000113 0.999971 -0.007656 0.000058 0.999971 0.000010 -0.000626 1.000000 
0.000006 -0.000582 1.000000 -0.006921 -0.000102 0.999976 -0.006908 0.000053 0.999976 0.000009 -0.000540 1.000000 
0.000005 -0.000501 1.000000 -0.006252 -0.000092 0.999980 -0.006240 0.000048 0.999981 0.000008 -0.000463 1.000000 
0.000004 -0.000436 1.000000 -0.005667 -0.000083 0.999984 -0.005657 0.000043 0.999984 0.000007 -0.000401 1.000000 
0.000004 -0.000377 1.000000 -0.005148 -0.000076 0.999987 -0.005139 0.000039 0.999987 0.000006 -0.000346 1.000000 
0.000003 -0.000329 1.000000 -0.004691 -0.000069 0.999989 -0.004684 0.000036 0.999989 0.000005 -0.000300 1.000000 
0.000004 -0.000426 1.000000 -0.004383 -0.000064 0.999990 -0.004373 0.000034 0.999990 0.000007 -0.000399 1.000000 
0.000004 -0.000366 1.000000 -0.006422 -0.000094 0.999979 -0.006413 0.000049 0.999979 0.000005 -0.000327 1.000000 
0.000003 -0.000311 1.000000 -0.010101 -0.000147 0.999949 -0.010093 0.000078 0.999949 0.000004 -0.000249 1.000000 
0.000003 -0.000254 1.000000 -0.009782 -0.000144 0.999952 -0.009776 0.000075 0.999952 0.000003 -0.000194 1.000000 
0.000001 -0.000102 1.000000 -0.008076 -0.000119 0.999967 -0.008073 0.000062 0.999967 0.000001 -0.000053 1.000000 
0.000001 -0.000064 1.000000 -0.007081 -0.000104 0.999975 -0.007079 0.000054 0.999975 0.000000 -0.000021 1.000000 
0.000000 -0.000048 1.000000 -0.006273 -0.000092 0.999980 -0.006271 0.000048 0.999980 0.000000 -0.000010 1.000000 
0.000000 -0.000037 1.000000 -0.005585 -0.000082 0.999984 -0.005584 0.000043 0.999984 0.000000 -0.000003 1.000000 
0.000000 -0.000024 1.000000 -0.004924 -0.000072 0.999988 -0.004923 0.000038 0.999988 -0.000000 0.000006 1.000000 
0.000000 -0.000016 1.000000 -0.004375 -0.000064 0.999990 -0.004374 0.000033 0.999990 -0.000000 0.000011 1.000000 
0.000000 -0.000013 1.000000 -0.003828 -0.000056 0.999993 -0.003828 0.000029 0.999993 -0.000000 0.000010 1.000000 
0.000000 -0.000011 1.000000 -0.003549 -0.000054 0.999994 -0.003549 0.000025 0.999994 -0.000000 0.000011 1.000000 
0.000000 -0.000009 1.000000 -0.002899 -0.000044 0.999996 -0.002898 0.000020 0.999996 -0.000000 0.000008 1.000000 
-0.000009 0.000878 1.000000 -0.002578 -0.000039 0.999997 -0.002597 0.000019 0.999997 -0.000015 0.000894 1.000000 
-0.000008 0.000740 1.000000 -0.002308 -0.000035 0.999997 -0.002324 0.000017 0.999997 -0.000013 0.000754 1.000000 
-0.000007 0.000620 1.000000 -0.002076 -0.000031 0.999998 -0.002090 0.000015 0.999998 -0.000011 0.000633 1.000000 
-0.000005 0.000510 1.000000 -0.001864 -0.000028 0.999998 -0.001875 0.000014 0.999998 -0.000009 0.000522 1.000000 
-0.000004 0.000414 1.000000 -0.001683 -0.000025 0.999999 -0.001692 0.000012 0.999999 -0.000007 0.000424 1.000000 
-0.000003 0.000324 1.000000 -0.001516 -0.000023 0.999999 -0.001523 0.000011 0.999999 -0.000006 0.000333 1.000000 
-0.000003 0.000323 1.000000 -0.001465 -0.000022 0.999999 -0.001472 0.000011 0.999999 -0.000006 0.000332 1.000000 
-0.000002 0.000229 1.000000 -0.001524 -0.000023 0.999999 -0.001529 0.000011 0.999999 -0.000004 0.000239 1.000000 
-0.000002 0.000147 1.000000 -0.003442 -0.000052 0.999994 -0.003445 0.000025 0.999994 -0.000003 0.000168 1.000000 
-0.000001 0.000060 1.000000 -0.010719 -0.000160 0.999943 -0.010720 0.000079 0.999943 -0.000002 0.000126 1.000000 
0.000000 -0.000013 1.000000 -0.022796 -0.000298 0.999740 -0.022793 0.000211 0.999740 -0.000002 0.000127 1.000000 
0.000000 -0.000029 1.000000 -0.045159 -0.000855 0.998979 -0.045159 0.000153 0.998980 -0.000005 0.000247 1.000000 
0.000001 -0.000059 1.000000 -0.059322 -0.001142 0.998238 -0.059323 0.000183 0.998239 -0.000006 0.000304 1.000000 
-0.000008 -0.005731 0.999984 -0.055959 -0.000148 0.998433 -0.055812 0.001100 0.998441 0.000025 -0.005389 0.999985 
-0.000276 -0.013185 0.999913 -0.064815 0.001131 0.997897 -0.064470 0.002567 0.997916 -0.000190 -0.012790 0.999918 
-0.000804 -0.022969 0.999736 -0.082563 0.002687 0.996582 -0.081958 0.004505 0.996626 -0.000650 -0.022469 0.999747 
-0.000938 -0.027420 0.999624 -0.101979 0.003330 0.994781 -0.101253 0.005580 0.994845 -0.000754 -0.026801 0.999640 
-0.000749 -0.028632 0.999590 -0.123504 0.003127 0.992339 -0.122746 0.005869 0.992421 -0.000560 -0.027881 0.999611 
-0.000533 -0.030720 0.999528 -0.145213 0.002537 0.989397 -0.144412 0.005779 0.989501 -0.000337 -0.029834 0.999555 
-0.000458 -0.037840 0.999284 -0.170854 0.002433 0.985293 -0.169886 0.006264 0.985444 -0.000223 -0.036798 0.999323 
-0.000544 -0.044855 0.998993 -0.191681 0.003153 0.981452 -0.190532 0.007461 0.981653 -0.000267 -0.043686 0.999045 
-0.000777 -0.052960 0.998596 -0.207388 0.004452 0.978249 -0.206021 0.009117 0.978505 -0.000449 -0.051696 0.998663 
-0.000791 -0.064317 0.997929 -0.226083 0.005152 0.974095 -0.224439 0.010247 0.974434 -0.000399 -0.062938 0.998017 
-0.000400 -0.080338 0.996768 -0.252357 0.005422 0.967619 -0.250338 0.011133 0.968095 0.000076 -0.078796 0.996891 
0.000139 -0.111097 0.993810 -0.293054 0.008339 0.956060 -0.290263 0.014991 0.956829 0.000780 -0.109302 0.994008 
-0.002132 0.016304 0.999865 -0.000864 -0.162703 0.986675 -0.306726 0.025940 0.951444 -0.120786 -0.026853 0.992315 -0.124992 -0.016839 0.992015 -0.090470 -0.013102 0.995813 
-0.000358 0.003161 0.999995 0.001221 -0.202851 0.979209 -0.320054 0.029005 0.946955 -0.166823 -0.044924 0.984963 -0.136942 -0.015823 0.990453 -0.122396 -0.025319 0.992158 
-0.000327 0.002887 0.999996 0.007078 -0.225138 0.974301 -0.346272 0.028037 0.937715 -0.217344 -0.065748 0.973878 -0.164344 -0.018991 0.986220 -0.161282 -0.039962 0.986099 
-0.000294 0.002598 0.999997 0.012931 -0.243799 0.969740 -0.377437 0.029178 0.925575 -0.268859 -0.085421 0.959384 -0.196944 -0.022759 0.980151 -0.204201 -0.054523 0.977409 
0.000094 -0.000818 1.000000 0.017673 -0.257580 0.966095 -0.407810 0.032340 0.912494 -0.313274 -0.098162 0.944576 -0.231462 -0.027061 0.972468 -0.243999 -0.064052 0.967658 
0.001357 -0.011452 0.999934 0.021541 -0.269912 0.962644 -0.434330 0.037056 0.899991 -0.350081 -0.104620 0.930859 -0.266749 -0.031241 0.963259 -0.279084 -0.068750 0.957802 
0.003618 -0.029275 0.999565 0.025003 -0.283178 0.958741 -0.459397 0.044007 0.887140 -0.383215 -0.106316 0.917520 -0.299459 -0.034734 0.953477 -0.315708 -0.070204 0.946256 
0.006647 -0.050400 0.998707 0.028985 -0.296042 0.954735 -0.485560 0.052187 0.872644 -0.415719 -0.104192 0.903505 -0.332521 -0.038382 0.942314 -0.355185 -0.068195 0.932305 
0.033519 -0.308897 0.950505 0.010348 -0.072839 0.997290 -0.366444 -0.041864 0.929498 -0.395850 -0.062278 0.916201 -0.512264 0.061954 0.856590 -0.448326 -0.098798 0.888393 
0.014628 -0.095153 0.995355 0.038559 -0.321831 0.946012 -0.435965 -0.052106 0.898454 -0.401726 -0.045064 0.914651 -0.480989 -0.090430 0.872050 -0.538857 0.073677 0.839169 
0.018683 -0.114912 0.993200 -0.453603 -0.045967 0.890017 0.049179 -0.343952 0.937699 -0.513975 -0.085486 0.853535 -0.562386 0.084702 0.822525 
0.021720 -0.131479 0.991081 0.061541 -0.366880 0.928230 -0.479644 -0.045572 0.876279 -0.475063 -0.044159 0.878843 -0.546663 -0.085531 0.832973 -0.582411 0.097066 0.807079 
0.024192 -0.147296 0.988797 0.077826 -0.390994 0.917097 -0.494066 -0.053428 0.867781 -0.513035 -0.038129 0.857520 -0.581597 -0.091677 0.808295 -0.601622 0.110575 0.791090 
0.026630 -0.164144 0.986077 0.097655 -0.413926 0.905057 -0.511673 -0.067657 0.856513 -0.552081 -0.028117 0.833316 -0.620146 -0.103098 0.777682 -0.621800 0.127458 0.772735 
0.029464 -0.183477 0.982582 0.122569 -0.435069 0.892015 -0.529064 -0.089295 0.843871 -0.592337 -0.012993 0.805585 -0.660757 -0.120975 0.740787 -0.641698 0.146752 0.752786 
0.033578 -0.205721 0.978034 0.151078 -0.451284 0.879499 -0.551716 -0.115159 0.826044 -0.634116 0.007321 0.773203 -0.703112 -0.142543 0.696645 -0.662096 0.171135 0.729617 
0.039580 -0.230202 0.972338 0.184201 -0.460366 0.868409 -0.575952 -0.146529 0.804244 -0.675276 0.033433 0.736807 -0.744975 -0.168556 0.645446 -0.682403 0.198796 0.703425 
0.048662 -0.249947 0.967036 0.209959 -0.454803 0.865489 -0.618589 -0.164878 0.768221 -0.716995 0.058338 0.694633 -0.786426 -0.176114 0.592045 -0.705157 0.234770 0.669056 
0.060530 -0.265571 0.962189 0.229711 -0.442768 0.866712 -0.677946 -0.158334 0.717857 -0.757815 0.086212 0.646749 -0.831204 -0.147188 0.536131 -0.722625 0.286008 0.629296 
0.074841 -0.290732 0.953873 0.251194 -0.438778 0.862772 -0.736001 -0.128385 0.664696 -0.786981 0.140626 0.600737 -0.873159 -0.079633 0.480887 -0.716901 0.359006 0.597635 
0.092373 -0.320309 0.942799 0.274974 -0.438111 0.855832 -0.786794 -0.063774 0.613912 -0.799287 0.217159 0.560341 -0.899836 0.040864 0.434311 -0.686350 0.443911 0.576079 
0.115721 -0.367985 0.922603 -0.895153 0.204556 0.396053 -0.821167 0.016956 0.570437 -0.774875 0.330744 0.538681 0.312215 -0.447343 0.838097 -0.620390 0.529728 0.578365 
0.138581 -0.362468 0.921636 -0.830126 0.399214 0.389254 -0.823702 0.164783 0.542550 -0.771171 0.412510 0.484902 0.326687 -0.424899 0.844237 -0.581860 0.590670 0.559061 
0.126880 -0.303121 0.944468 -0.792969 0.263312 0.549424 -0.835348 0.317442 0.448804 -0.852684 0.290158 0.434440 -0.751666 0.518207 0.407995 0.292551 -0.400393 0.868389 -0.600267 0.606900 0.520914 
0.108991 -0.294196 0.949510 -0.884395 0.307538 0.351092 -0.850903 0.132585 0.508317 -0.834404 0.330781 0.440857 0.281784 -0.388536 0.877290 -0.602559 0.618009 0.504964 
0.095188 -0.282121 0.954645 -0.962645 0.077608 0.259406 -0.882908 -0.099320 0.458922 -0.835521 0.347836 0.425340 0.272224 -0.360498 0.892152 -0.616740 0.626749 0.476253 
0.085615 -0.257395 0.962506 -0.959245 -0.198644 0.200969 -0.864812 -0.272736 0.421563 -0.853009 0.334785 0.400368 0.256419 -0.324908 0.910321 -0.631126 0.640283 0.437856 
0.085793 -0.255294 0.963050 -0.936782 -0.303707 0.173788 -0.854940 -0.334501 0.396468 -0.852714 0.344625 0.392571 0.254463 -0.311305 0.915608 -0.620330 0.659319 0.424840 
0.090948 -0.260867 0.961081 -0.878299 -0.289303 0.380650 -0.842881 0.376663 0.384289 0.258038 -0.310148 0.915000 -0.593139 0.683518 0.425428 
0.098856 -0.268474 0.958201 -0.911999 -0.181088 0.368056 -0.825728 0.421950 0.374342 -0.559518 0.720183 0.410214 0.267027 -0.316244 0.910322 
0.106318 -0.274546 0.955678 -0.927903 -0.079182 0.364317 -0.804241 0.469389 0.364515 -0.521698 0.743941 0.417592 0.273468 -0.318649 0.907567 
0.108116 -0.273700 0.955719 -0.910146 0.375058 0.175973 -0.932494 -0.017038 0.360784 -0.789657 0.501209 0.353882 -0.496339 0.761925 0.416074 0.271659 -0.316424 0.908888 
0.107754 -0.273289 0.955878 -0.938773 -0.013373 0.344276 -0.773348 0.531526 0.345562 -0.468835 0.781850 0.410979 0.267517 -0.310675 0.912094 
0.113290 -0.288911 0.950629 -0.941142 -0.043583 0.335189 -0.755395 0.547823 0.359538 -0.460372 0.780314 0.423282 0.278494 -0.315694 0.907071 
0.121614 -0.308946 0.943272 -0.940939 -0.024372 0.337698 -0.739646 0.555381 0.380100 -0.459471 0.770720 0.441449 0.293303 -0.326128 0.898674 
-0.039419 -0.004697 0.999212 0.114173 0.719645 0.684891 -0.450949 0.765688 0.458658 0.108446 0.028018 0.993707 -0.354238 -0.101018 0.929683 -0.819999 0.543961 0.178066 0.304477 -0.338471 0.890354 
-0.055965 -0.006157 0.998414 0.084001 0.020928 0.996246 -0.441036 0.763284 0.472107 0.147487 0.732856 0.664206 -0.409901 -0.169564 0.896231 -0.788699 0.581180 0.200461 0.310991 -0.350350 0.883481 
-0.050508 -0.004855 0.998712 0.086593 0.020534 0.996032 -0.436070 0.758016 0.485031 0.155915 0.746349 0.647035 -0.403135 -0.174224 0.898403 -0.769370 0.600289 0.218456 0.317853 -0.361684 0.876444 
-0.026541 -0.002119 0.999645 0.110097 0.024652 0.993615 -0.433629 0.747930 0.502560 0.132669 0.761432 0.634524 -0.360996 -0.136893 0.922465 -0.752887 0.614475 0.235755 0.329618 -0.374794 0.866534 
0.009325 0.000598 0.999956 0.146016 0.031149 0.988792 -0.430496 0.732903 0.526808 0.085272 0.769852 0.632500 -0.293499 -0.089333 0.951776 -0.686175 0.578294 0.441294 0.347136 -0.391635 0.852126 
0.050151 0.002484 0.998739 0.186079 0.038333 0.981787 -0.424567 0.714048 0.556667 0.028910 0.769296 0.638238 -0.209938 -0.049639 0.976454 -0.664699 0.579242 0.471862 -0.015173 0.017004 0.999740 
0.090658 0.003158 0.995877 -0.023843 0.763144 0.645789 0.220404 0.043994 0.974416 -0.416482 0.691620 0.590089 -0.641089 0.576740 0.506336 0.011787 -0.013141 0.999844 
0.254482 0.048675 0.965852 -0.070034 0.757895 0.648607 0.127895 0.002292 0.991785 -0.406367 0.665895 0.625659 -0.616450 0.569886 0.543341 0.041273 -0.045807 0.998097 
0.284006 0.051215 0.957454 -0.112672 0.757086 0.643526 0.161170 -0.000233 0.986927 -0.396289 0.638812 0.659450 -0.594833 0.556924 0.579663 0.069022 -0.076805 0.994654 
0.313048 0.052940 0.948261 -0.160761 0.751832 0.639456 0.194110 -0.003979 0.980972 -0.384773 0.615728 0.687626 -0.574403 0.545571 0.610256 0.095332 -0.107271 0.989649 
0.348216 0.056706 0.935698 -0.205354 0.732199 0.649395 0.232021 -0.007893 0.972679 -0.376763 0.599298 0.706323 -0.560350 0.535309 0.632022 0.116519 -0.134761 0.984003 
0.391621 0.064680 0.917850 -0.230460 0.696359 0.679686 0.277633 -0.010428 0.960631 -0.372364 0.583707 0.721547 0.456323 -0.559819 0.691644 -0.550182 0.521557 0.652134 -0.635355 0.699779 0.326547 
0.439556 0.076919 0.894915 -0.235666 0.650170 0.722316 0.329028 -0.010917 0.944257 -0.369237 0.567468 0.735965 0.440383 -0.592525 0.674519 -0.541697 0.505895 0.671294 -0.668340 0.659375 0.344306 
0.487807 0.093434 0.867937 -0.227092 0.595477 0.770607 0.382923 -0.008913 0.923737 -0.620096 0.563619 0.545724 -0.366311 0.554228 0.747427 0.417021 -0.623745 0.661087 
0.523585 0.116218 0.844009 -0.218522 0.535814 0.815568 0.437754 -0.005687 0.899077 0.387118 -0.653299 0.650646 -0.351840 0.524496 0.775315 -0.526308 0.492411 0.693204 -0.602133 0.578506 0.550243 
0.559542 0.144639 0.816083 -0.212812 0.472637 0.855176 0.488031 -0.001680 0.872825 0.360631 -0.680359 0.638010 -0.341799 0.514100 0.786686 -0.522903 0.491851 0.696172 -0.493213 0.519372 0.697849 
0.592001 0.181973 0.785124 -0.199221 0.402239 0.893596 0.531473 0.008525 0.847033 0.349695 -0.688857 0.634972 -0.335346 0.514204 0.789390 -0.522728 0.492611 0.695766 -0.441498 0.497171 0.746927 
0.617171 0.230659 0.752261 -0.169861 0.321484 0.931555 0.569258 0.029768 0.821620 0.352069 -0.680705 0.642408 -0.336633 0.523063 0.782996 -0.524968 0.496034 0.691635 -0.453178 0.523640 0.721409 
0.628643 0.287830 0.722469 -0.118298 0.231700 0.965568 0.597064 0.062237 0.799776 0.355314 -0.664801 0.657108 -0.341040 0.538883 0.770258 -0.528351 0.504936 0.682558 -0.502539 0.573174 0.647245 
0.628054 0.333948 0.702870 -0.079110 0.162188 0.983584 0.609893 0.092443 0.787073 0.359690 -0.647664 0.671680 -0.345124 0.554563 0.757198 -0.530960 0.513712 0.673930 -0.564846 0.617565 0.547323 
0.626839 0.356564 0.692773 -0.060344 0.127150 0.990046 0.612202 0.108910 0.783165 0.361683 -0.631284 0.686051 -0.348942 0.569835 0.743994 -0.534286 0.522281 0.664651 -0.622961 0.639875 0.449977 
0.632202 0.353540 0.689441 -0.060562 0.125986 0.990182 0.610165 0.108489 0.784811 -0.608636 0.589506 0.531080 0.359915 -0.618921 0.698139 -0.351796 0.582698 0.732599 
0.640524 0.333881 0.691558 -0.073918 0.149424 0.986006 0.605121 0.096515 0.790261 -0.625837 0.594270 0.505144 0.356725 -0.609622 0.707890 -0.354481 0.592769 0.723166 
0.646401 0.305837 0.699020 -0.095592 0.187076 0.977683 0.596897 0.079531 0.798366 -0.632149 0.594802 0.496587 0.355424 -0.604508 0.712912 -0.357427 0.597005 0.718214 
0.648357 0.275327 0.709809 -0.119345 0.228046 0.966308 0.585799 0.061986 0.808083 -0.635386 0.592983 0.494626 0.353436 -0.602357 0.715716 -0.360023 0.598785 0.715430 
0.646747 0.247386 0.721470 -0.140997 0.266378 0.953500 0.573113 0.046597 0.818151 -0.637810 0.590665 0.494281 0.350303 -0.600611 0.718717 -0.362479 0.600873 0.712433 
0.643391 0.224453 0.731894 -0.158646 0.298837 0.941025 0.560835 0.034508 0.827208 -0.641281 0.588475 0.492398 0.346015 -0.597641 0.723256 -0.365543 0.604425 0.707848 
0.640281 0.207682 0.739533 -0.171608 0.323375 0.930580 0.550698 0.026090 0.834297 -0.647405 0.586336 0.486906 0.341007 -0.592464 0.729863 -0.369838 0.609710 0.701052 
0.639054 0.197260 0.743437 -0.179411 0.338684 0.923637 0.543979 0.021061 0.838835 -0.656088 0.584310 0.477631 0.335597 -0.585015 0.738331 -0.375137 0.616627 0.692130 
0.640461 0.191885 0.743633 -0.183231 0.345834 0.920231 0.541178 0.018168 0.840712 -0.665759 0.581838 0.467151 0.329960 -0.576818 0.747267 -0.380770 0.623908 0.682461 
0.644336 0.190216 0.740709 -0.184894 0.346751 0.919553 0.541918 0.016694 0.840265 -0.676202 0.578375 0.456325 0.323928 -0.568086 0.756538 -0.386785 0.631358 0.672149 
0.650122 0.192372 0.735074 -0.183328 0.341367 0.921878 0.545722 0.017034 0.837793 -0.687742 0.573693 0.444846 0.317597 -0.558768 0.766100 -0.393222 0.638900 0.661198 
0.656865 0.196908 0.727843 -0.180038 0.332387 0.925800 0.551609 0.018789 0.833891 -0.701383 0.566663 0.432382 0.312880 -0.550443 0.774027 -0.400155 0.644146 0.651883 
0.663283 0.202365 0.720489 -0.176116 0.322025 0.930206 0.558176 0.020699 0.829465 -0.712077 0.560434 0.422919 0.310717 -0.545173 0.778615 -0.404990 0.646660 0.646385 
0.668973 0.208136 0.713551 -0.171541 0.311873 0.934510 0.564529 0.021825 0.825124 -0.715686 0.557846 0.420240 0.308425 -0.542388 0.781466 -0.407508 0.648508 0.642942 
0.673347 0.213120 0.707944 -0.167406 0.303686 0.937950 0.569736 0.022325 0.821525 -0.715043 0.557691 0.421538 0.306033 -0.540902 0.783434 -0.408848 0.650018 0.640562 
0.676009 0.216681 0.704316 -0.164339 0.298245 0.940236 0.573210 0.022627 0.819096 -0.713071 0.558352 0.423996 0.304324 -0.540342 0.784486 -0.409432 0.650895 0.639297 
0.676911 0.218349 0.702933 -0.162782 0.295905 0.941245 0.574703 0.022763 0.818045 -0.710971 0.559135 0.426484 0.303537 -0.540608 0.784607 -0.409377 0.651057 0.639168 
0.676598 0.218024 0.703335 -0.163084 0.296508 0.941003 0.574519 0.022496 0.818182 -0.709441 0.559694 0.428294 0.303404 -0.541209 0.784244 -0.409036 0.650820 0.639627 
0.675671 0.216560 0.704677 -0.164448 0.298908 0.940006 0.573348 0.022047 0.819016 -0.708726 0.560088 0.428963 0.303631 -0.541637 0.783861 -0.408711 0.650561 0.640098 
0.674344 0.214614 0.706541 -0.166142 0.302114 0.938682 0.571686 0.021496 0.820191 -0.707829 0.560653 0.429704 0.304072 -0.542249 0.783266 -0.408215 0.650155 0.640826 
0.672762 0.212705 0.708624 -0.167646 0.305282 0.937389 0.569895 0.020994 0.821449 -0.706273 0.561625 0.430995 0.304841 -0.543315 0.782228 -0.407354 0.649446 0.642093 
0.671101 0.211090 0.710679 -0.168741 0.308019 0.936296 0.568184 0.020591 0.822644 -0.704157 0.562906 0.432781 0.305875 -0.544797 0.780792 -0.406168 0.648459 0.643839 
0.669494 0.209836 0.712563 -0.169454 0.310213 0.935443 0.566653 0.020282 0.823707 -0.701712 0.564338 0.434883 0.307053 -0.546537 0.779112 -0.404787 0.647299 0.645872 
0.668013 0.208942 0.714214 -0.169816 0.311873 0.934825 0.565317 0.020055 0.824630 -0.699030 0.565943 0.437112 0.308275 -0.548365 0.777343 -0.403285 0.646108 0.648001 
0.666667 0.208297 0.715659 -0.169981 0.313199 0.934352 0.564110 0.019850 0.825461 -0.696008 0.567927 0.439354 0.309441 -0.550128 0.775632 -0.401678 0.645056 0.650045 
0.665439 0.207825 0.716938 -0.170002 0.314281 0.933984 0.563014 0.019699 0.826213 -0.693022 0.569949 0.441451 0.310474 -0.551722 0.774086 -0.400137 0.644160 0.651880 
0.664325 0.207463 0.718074 -0.169913 0.315152 0.933707 0.562082 0.019629 0.826849 -0.690395 0.571669 0.443339 0.311375 -0.553176 0.772685 -0.398750 0.643341 0.653537 
0.663392 0.207267 0.718993 -0.169727 0.315776 0.933530 0.561324 0.019623 0.827363 -0.688146 0.573056 0.445040 0.311986 -0.554379 0.771575 -0.397590 0.642728 0.654845 
0.662745 0.207325 0.719573 -0.169387 0.316013 0.933512 0.560799 0.019777 0.827716 -0.686724 0.574114 0.445874 0.312339 -0.555017 0.770974 -0.396774 0.642517 0.655547 
0.662354 0.207519 0.719877 -0.168969 0.315976 0.933600 0.560569 0.020024 0.827865 -0.686060 0.574584 0.446290 0.312515 -0.555358 0.770657 -0.396382 0.642381 0.655918 
0.662189 0.207622 0.719999 -0.168753 0.315929 0.933655 0.560511 0.020171 0.827901 -0.685935 0.574600 0.446461 0.312531 -0.555516 0.770537 -0.396286 0.642294 0.656061 
0.662182 0.207629 0.720004 -0.168738 0.315926 0.933659 0.560515 0.020176 0.827899 -0.685956 0.574544 0.446501 0.312479 -0.555566 0.770522 -0.396275 0.642281 0.656080 
0.662182 0.207626 0.720005 -0.168740 0.315929 0.933657 0.560521 0.020169 0.827895 -0.685983 0.574478 0.446545 0.312416 -0.555623 0.770506 -0.396262 0.642268 0.656101 
0.662182 0.207623 0.720005 -0.168741 0.315932 0.933656 0.560526 0.020162 0.827891 -0.686007 0.574417 0.446587 0.312357 -0.555677 0.770491 -0.396251 0.642254 0.656121 
0.662182 0.207621 0.720006 -0.168743 0.315934 0.933655 0.560533 0.020154 0.827887 -0.686034 0.574349 0.446633 0.312293 -0.555736 0.770474 -0.396238 0.642240 0.656143 
0.662182 0.207619 0.720007 -0.168744 0.315938 0.933653 0.560538 0.020147 0.827883 -0.686057 0.574288 0.446675 0.312235 -0.555791 0.770458 -0.396226 0.642227 0.656163 
0.662182 0.207617 0.720008 -0.168744 0.315941 0.933652 0.560545 0.020140 0.827879 -0.686082 0.574223 0.446721 0.312173 -0.555849 0.770441 -0.396213 0.642212 0.656185 
0.662181 0.207615 0.720009 -0.168746 0.315944 0.933651 0.560550 0.020134 0.827876 -0.686104 0.574163 0.446763 0.312116 -0.555904 0.770425 -0.396200 0.642199 0.656206 
0.662181 0.207613 0.720010 -0.168746 0.315947 0.933650 0.560556 0.020126 0.827872 -0.686126 0.574102 0.446809 0.312055 -0.555962 0.770408 -0.396185 0.642185 0.656228 
0.662179 0.207611 0.720011 -0.168748 0.315949 0.933649 0.560556 0.020114 0.827872 -0.686116 0.574075 0.446858 0.312003 -0.556022 0.770385 -0.396148 0.642179 0.656256 
0.662177 0.207608 0.720014 -0.168748 0.315953 0.933647 0.560551 0.020095 0.827876 -0.686067 0.574088 0.446918 0.311955 -0.556092 0.770354 -0.396081 0.642183 0.656294 
0.662175 0.207606 0.720017 -0.168750 0.315956 0.933646 0.560543 0.020074 0.827882 -0.685998 0.574125 0.446976 0.311915 -0.556160 0.770322 -0.396001 0.642192 0.656332 
0.662165 0.207596 0.720029 -0.168753 0.315973 0.933640 0.560529 0.020052 0.827892 -0.685930 0.574148 0.447050 0.311875 -0.556241 0.770279 -0.395925 0.642187 0.656384 
0.662156 0.207589 0.720039 -0.168757 0.315984 0.933636 0.560518 0.020032 0.827900 -0.685873 0.574166 0.447115 0.311837 -0.556314 0.770242 -0.395855 0.642184 0.656428 
0.662128 0.207571 0.720070 -0.168776 0.316004 0.933625 0.560501 0.020020 0.827912 -0.685840 0.574150 0.447186 0.311814 -0.556421 0.770174 -0.395776 0.642150 0.656509 
0.662079 0.207528 0.720127 -0.168798 0.316072 0.933598 0.560458 0.019993 0.827941 -0.685744 0.574166 0.447313 0.311801 -0.556543 0.770091 -0.395695 0.642099 0.656608 
0.662032 0.207484 0.720183 -0.168820 0.316143 0.933570 0.560407 0.019961 0.827977 -0.685620 0.574222 0.447432 0.311804 -0.556657 0.770007 -0.395592 0.642062 0.656707 
0.661995 0.207450 0.720227 -0.168838 0.316197 0.933549 0.560364 0.019927 0.828006 -0.685491 0.574287 0.447545 0.311793 -0.556769 0.769931 -0.395479 0.642039 0.656797 
0.661950 0.207413 0.720279 -0.168882 0.316234 0.933528 0.560320 0.019898 0.828037 -0.685381 0.574336 0.447650 0.311787 -0.556884 0.769850 -0.395371 0.642007 0.656893 
0.661885 0.207384 0.720347 -0.168899 0.316277 0.933511 0.560265 0.019888 0.828075 -0.685287 0.574358 0.447767 0.311771 -0.556998 0.769774 -0.395285 0.641968 0.656983 
0.661813 0.207363 0.720420 -0.168905 0.316307 0.933499 0.560207 0.019888 0.828114 -0.685183 0.574389 0.447885 0.311763 -0.557111 0.769696 -0.395198 0.641927 0.657076 
0.661727 0.207333 0.720508 -0.168917 0.316354 0.933481 0.560137 0.019882 0.828162 -0.685051 0.574432 0.448032 0.311760 -0.557247 0.769598 -0.395092 0.641873 0.657192 
0.661630 0.207284 0.720610 -0.168949 0.316429 0.933450 0.560048 0.019868 0.828222 -0.684895 0.574505 0.448178 0.311763 -0.557382 0.769500 -0.394970 0.641830 0.657308 
0.661529 0.207220 0.720721 -0.169003 0.316527 0.933407 0.559951 0.019842 0.828288 -0.684730 0.574577 0.448338 0.311735 -0.557526 0.769407 -0.394840 0.641797 0.657417 
0.661449 0.207160 0.720811 -0.169060 0.316624 0.933364 0.559859 0.019828 0.828350 -0.684652 0.574630 0.448389 0.311689 -0.557580 0.769386 -0.394760 0.641821 0.657442 
0.661390 0.207094 0.720885 -0.169134 0.316716 0.933319 0.559792 0.019809 0.828396 -0.684645 0.574603 0.448434 0.311627 -0.557632 0.769373 -0.394731 0.641823 0.657458 
0.661355 0.207028 0.720936 -0.169212 0.316791 0.933280 0.559746 0.019779 0.828428 -0.684655 0.574559 0.448475 0.311564 -0.557677 0.769366 -0.394716 0.641821 0.657469 
0.661336 0.206971 0.720970 -0.169288 0.316840 0.933249 0.559716 0.019738 0.828449 -0.684626 0.574539 0.448546 0.311501 -0.557746 0.769341 -0.394677 0.641814 0.657499 
0.661325 0.206933 0.720991 -0.169341 0.316860 0.933233 0.559692 0.019698 0.828466 -0.684561 0.574563 0.448613 0.311444 -0.557810 0.769318 -0.394613 0.641824 0.657527 
0.661309 0.206903 0.721015 -0.169381 0.316876 0.933220 0.559668 0.019664 0.828483 -0.684482 0.574592 0.448697 0.311386 -0.557887 0.769286 -0.394541 0.641829 0.657567 
0.661278 0.206877 0.721050 -0.169415 0.316889 0.933209 0.559637 0.019643 0.828505 -0.684416 0.574613 0.448769 0.311338 -0.557960 0.769252 -0.394473 0.641829 0.657607 
0.661238 0.206862 0.721091 -0.169428 0.316904 0.933202 0.559604 0.019640 0.828528 -0.684376 0.574607 0.448839 0.311273 -0.558025 0.769231 -0.394427 0.641831 0.657633 
0.661186 0.206840 0.721145 -0.169441 0.316936 0.933189 0.559559 0.019641 0.828558 -0.684339 0.574596 0.448908 0.311219 -0.558090 0.769206 -0.394387 0.641823 0.657664 
0.661126 0.206798 0.721213 -0.169472 0.316991 0.933164 0.559506 0.019635 0.828594 -0.684316 0.574576 0.448970 0.311163 -0.558158 0.769179 -0.394343 0.641817 0.657697 
0.661066 0.206741 0.721283 -0.169525 0.317070 0.933128 0.559444 0.019614 0.828636 -0.684262 0.574575 0.449054 0.311110 -0.558238 0.769143 -0.394289 0.641805 0.657741 
0.661011 0.206674 0.721353 -0.169590 0.317160 0.933086 0.559377 0.019580 0.828682 -0.684192 0.574598 0.449130 0.311062 -0.558309 0.769111 -0.394224 0.641805 0.657779 
0.660961 0.206597 0.721421 -0.169666 0.317258 0.933038 0.559310 0.019537 0.828728 -0.684125 0.574618 0.449208 0.311007 -0.558384 0.769079 -0.394158 0.641806 0.657818 
0.660918 0.206522 0.721482 -0.169743 0.317350 0.932993 0.559248 0.019496 0.828771 -0.684075 0.574633 0.449264 0.310951 -0.558439 0.769061 -0.394103 0.641818 0.657840 
0.660875 0.206452 0.721541 -0.169814 0.317435 0.932951 0.559186 0.019461 0.828813 -0.684052 0.574631 0.449302 0.310900 -0.558485 0.769048 -0.394062 0.641826 0.657856 
0.660832 0.206390 0.721598 -0.169876 0.317507 0.932916 0.559132 0.019427 0.828851 -0.684003 0.574639 0.449366 0.310854 -0.558551 0.769019 -0.394008 0.641823 0.657891 
0.660785 0.206340 0.721656 -0.169922 0.317567 0.932887 0.559076 0.019403 0.828890 -0.683959 0.574649 0.449421 0.310805 -0.558612 0.768995 -0.393951 0.641828 0.657921 
0.660737 0.206297 0.721712 -0.169957 0.317620 0.932862 0.559018 0.019387 0.828929 -0.683921 0.574663 0.449459 0.310751 -0.558661 0.768980 -0.393895 0.641844 0.657938 
0.660681 0.206249 0.721777 -0.169992 0.317678 0.932836 0.558955 0.019379 0.828972 -0.683928 0.574653 0.449462 0.310708 -0.558704 0.768967 -0.393849 0.641856 0.657955 
0.660624 0.206199 0.721843 -0.170033 0.317746 0.932806 0.558892 0.019366 0.829014 -0.683911 0.574647 0.449496 0.310667 -0.558757 0.768945 -0.393802 0.641858 0.657980 
0.660564 0.206139 0.721916 -0.170082 0.317825 0.932770 0.558828 0.019351 0.829058 -0.683902 0.574625 0.449537 0.310625 -0.558820 0.768916 -0.393758 0.641849 0.658016 
0.660505 0.206074 0.721988 -0.170138 0.317911 0.932730 0.558763 0.019333 0.829102 -0.683899 0.574604 0.449570 0.310579 -0.558875 0.768895 -0.393718 0.641847 0.658042 
0.660443 0.206003 0.722065 -0.170198 0.318005 0.932687 0.558693 0.019317 0.829150 -0.683916 0.574570 0.449586 0.310541 -0.558925 0.768874 -0.393684 0.641842 0.658067 
0.660382 0.205930 0.722141 -0.170260 0.318100 0.932643 0.558623 0.019297 0.829197 -0.683926 0.574541 0.449609 0.310496 -0.558975 0.768856 -0.393648 0.641840 0.658090 
0.660319 0.205857 0.722220 -0.170322 0.318196 0.932599 0.558551 0.019280 0.829246 -0.683945 0.574508 0.449621 0.310463 -0.559025 0.768833 -0.393612 0.641834 0.658118 
0.660257 0.205786 0.722297 -0.170384 0.318288 0.932557 0.558482 0.019262 0.829293 -0.683948 0.574482 0.449651 0.310428 -0.559084 0.768803 -0.393571 0.641823 0.658153 
0.660195 0.205723 0.722372 -0.170435 0.318374 0.932518 0.558415 0.019248 0.829338 -0.683953 0.574455 0.449677 0.310386 -0.559141 0.768779 -0.393531 0.641817 0.658183 
0.660124 0.205655 0.722455 -0.170477 0.318454 0.932483 0.558351 0.019240 0.829382 -0.683922 0.574512 0.449651 0.310344 -0.559186 0.768764 -0.393497 0.641818 0.658202 
0.660066 0.205603 0.722524 -0.170518 0.318527 0.932451 0.558293 0.019237 0.829421 -0.683951 0.574465 0.449667 0.310300 -0.559232 0.768748 -0.393474 0.641812 0.658222 
0.660011 0.205551 0.722589 -0.170556 0.318597 0.932420 0.558237 0.019231 0.829459 -0.683970 0.574429 0.449685 0.310260 -0.559280 0.768730 -0.393446 0.641806 0.658244 
0.659956 0.205497 0.722654 -0.170597 0.318664 0.932389 0.558178 0.019223 0.829498 -0.684000 0.574394 0.449684 0.310221 -0.559326 0.768712 -0.393410 0.641805 0.658266 
0.659903 0.205446 0.722717 -0.170638 0.318731 0.932359 0.558121 0.019213 0.829537 -0.684002 0.574377 0.449702 0.310186 -0.559372 0.768692 -0.393370 0.641805 0.658290 
0.659850 0.205395 0.722780 -0.170680 0.318798 0.932328 0.558064 0.019202 0.829576 -0.684006 0.574354 0.449726 0.310151 -0.559428 0.768666 -0.393329 0.641798 0.658322 
0.659799 0.205345 0.722841 -0.170719 0.318864 0.932299 0.558009 0.019192 0.829613 -0.684012 0.574331 0.449746 0.310104 -0.559472 0.768652 -0.393295 0.641802 0.658338 
0.659746 0.205294 0.722903 -0.170759 0.318933 0.932268 0.557953 0.019184 0.829651 -0.684034 0.574297 0.449757 0.310065 -0.559516 0.768636 -0.393265 0.641800 0.658358 
0.659688 0.205237 0.722972 -0.170799 0.319015 0.932232 0.557895 0.019176 0.829690 -0.684044 0.574275 0.449769 0.310039 -0.559565 0.768611 -0.393231 0.641789 0.658389 
0.659633 0.205181 0.723039 -0.170840 0.319100 0.932196 0.557840 0.019164 0.829727 -0.684047 0.574251 0.449794 0.309997 -0.559622 0.768586 -0.393197 0.641779 0.658419 
0.659578 0.205126 0.723104 -0.170879 0.319187 0.932159 0.557783 0.019156 0.829766 -0.684067 0.574214 0.449811 0.309961 -0.559669 0.768567 -0.393170 0.641772 0.658443 
0.659524 0.205074 0.723168 -0.170918 0.319268 0.932124 0.557725 0.019147 0.829805 -0.684083 0.574183 0.449827 0.309922 -0.559715 0.768549 -0.393138 0.641769 0.658465 
0.659471 0.205025 0.723231 -0.170949 0.319348 0.932091 0.557664 0.019140 0.829846 -0.684101 0.574163 0.449826 0.309884 -0.559747 0.768541 -0.393107 0.641777 0.658474 
0.659417 0.204975 0.723294 -0.170984 0.319429 0.932057 0.557606 0.019132 0.829885 -0.684112 0.574138 0.449841 0.309851 -0.559795 0.768520 -0.393069 0.641774 0.658500 
0.659365 0.204927 0.723356 -0.171018 0.319506 0.932024 0.557549 0.019125 0.829924 -0.684123 0.574116 0.449852 0.309817 -0.559837 0.768502 -0.393036 0.641773 0.658521 
