0.002792 0.003052 0.999991 0.000396 -0.000365 1.000000 0.000417 -0.000380 1.000000 0.002867 0.002998 0.999991 
0.001677 0.001832 0.999997 -0.002422 0.002236 0.999995 -0.002424 0.002211 0.999995 0.001666 0.001741 0.999997 
0.000964 0.001053 0.999999 -0.001339 0.001236 0.999998 -0.001340 0.001222 0.999998 0.000959 0.001002 0.999999 
-0.001388 -0.001517 0.999998 -0.000269 0.000248 1.000000 -0.000280 0.000255 1.000000 -0.001427 -0.001491 0.999998 
0.000604 0.000660 1.000000 -0.001922 0.001774 0.999997 -0.001929 0.001759 0.999997 0.000578 0.000604 1.000000 
0.000592 0.000647 1.000000 -0.001767 0.001631 0.999997 -0.001773 0.001617 0.999997 0.000569 0.000594 1.000000 
-0.002978 -0.003251 0.999990 -0.000465 0.000429 1.000000 -0.000487 0.000445 1.000000 -0.003059 -0.003194 0.999990 
-0.001357 -0.001482 0.999998 0.000948 -0.000875 0.999999 0.000944 -0.000861 0.999999 -0.001369 -0.001430 0.999998 
0.000524 0.000572 1.000000 0.000827 -0.000764 0.999999 0.000835 -0.000762 0.999999 0.000554 0.000579 1.000000 
0.002175 0.002378 0.999995 0.001157 -0.001068 0.999999 0.001178 -0.001074 0.999999 0.002252 0.002354 0.999995 
0.003306 0.003617 0.999988 0.002684 -0.002475 0.999993 0.002722 -0.002479 0.999993 0.003442 0.003600 0.999988 
0.004196 0.004592 0.999981 0.003875 -0.003571 0.999986 0.003925 -0.003573 0.999986 0.004378 0.004582 0.999980 
0.003844 0.004207 0.999984 0.003517 -0.003242 0.999989 0.003563 -0.003244 0.999988 0.004009 0.004196 0.999983 
0.006820 0.007477 0.999949 0.007300 -0.006717 0.999951 0.007387 -0.006714 0.999950 0.007136 0.007482 0.999947 
0.007130 0.007819 0.999944 0.005616 -0.005167 0.999971 0.005695 -0.005176 0.999970 0.007419 0.007780 0.999942 
0.008484 0.009307 0.999921 0.003194 -0.002937 0.999991 0.003269 -0.002970 0.999990 0.008755 0.009184 0.999920 
0.008757 0.009617 0.999915 0.004956 -0.004553 0.999977 0.005043 -0.004577 0.999977 0.009072 0.009526 0.999913 
0.008240 0.009048 0.999925 0.003755 -0.003450 0.999987 0.003831 -0.003477 0.999987 0.008517 0.008943 0.999924 
0.008423 0.009253 0.999922 0.004515 -0.004147 0.999981 0.004597 -0.004171 0.999981 0.008720 0.009161 0.999920 
0.008614 0.009464 0.999918 0.002703 -0.002482 0.999993 0.002776 -0.002518 0.999993 0.008878 0.009327 0.999917 
0.007915 0.008696 0.999931 0.002477 -0.002274 0.999994 0.002544 -0.002307 0.999994 0.008157 0.008570 0.999930 
0.007402 0.008133 0.999940 0.002293 -0.002106 0.999995 0.002356 -0.002137 0.999995 0.007628 0.008015 0.999939 
0.010062 0.011065 0.999888 0.002300 -0.002110 0.999995 0.002380 -0.002157 0.999995 0.010353 0.010887 0.999887 
0.010050 0.011052 0.999888 0.000685 -0.000628 1.000000 0.000757 -0.000686 0.999999 0.010306 0.010839 0.999888 
0.012018 0.013234 0.999840 0.002323 -0.002129 0.999995 0.002417 -0.002188 0.999995 0.012357 0.013011 0.999839 
0.019159 0.021122 0.999593 0.002249 -0.002059 0.999995 0.002391 -0.002162 0.999995 0.019669 0.020736 0.999591 
0.018585 0.020512 0.999617 0.004135 -0.003781 0.999984 0.004283 -0.003869 0.999983 0.019121 0.020180 0.999614 
0.020691 0.022849 0.999525 0.002664 -0.002434 0.999993 0.002818 -0.002544 0.999993 0.021248 0.022437 0.999522 
0.018488 0.020441 0.999620 0.005422 -0.004949 0.999973 0.005577 -0.005029 0.999972 0.019049 0.020139 0.999616 
0.016754 0.018523 0.999688 0.004923 -0.004494 0.999978 0.005064 -0.004566 0.999977 0.017263 0.018250 0.999684 
0.015191 0.016794 0.999744 0.004459 -0.004070 0.999982 0.004587 -0.004135 0.999981 0.015652 0.016547 0.999741 
0.013783 0.015236 0.999789 0.004037 -0.003685 0.999985 0.004153 -0.003745 0.999984 0.014201 0.015011 0.999786 
0.013937 0.015411 0.999784 0.002474 -0.002258 0.999994 0.002582 -0.002328 0.999994 0.014327 0.015148 0.999783 
0.012774 0.014126 0.999819 0.002271 -0.002072 0.999995 0.002370 -0.002136 0.999995 0.013131 0.013885 0.999817 
0.014144 0.015645 0.999778 0.001521 -0.001387 0.999998 0.001625 -0.001464 0.999998 0.014519 0.015357 0.999777 
0.012816 0.014176 0.999817 0.001372 -0.001251 0.999998 0.001467 -0.001321 0.999998 0.013155 0.013915 0.999817 
0.013610 0.015044 0.999794 -0.001055 0.000963 0.999999 -0.000969 0.000873 0.999999 0.013918 0.014711 0.999795 
0.015376 0.016989 0.999737 -0.000866 0.000791 0.999999 -0.000767 0.000691 0.999999 0.015731 0.016620 0.999738 
0.013917 0.015376 0.999785 -0.000792 0.000724 0.999999 -0.000703 0.000634 1.000000 0.014238 0.015042 0.999785 
0.012599 0.013919 0.999824 -0.000720 0.000658 1.000000 -0.000639 0.000576 1.000000 0.012889 0.013617 0.999824 
0.011059 0.012217 0.999864 -0.000938 0.000857 0.999999 -0.000869 0.000783 0.999999 0.011307 0.011945 0.999865 
0.009997 0.011044 0.999889 -0.000855 0.000780 0.999999 -0.000792 0.000714 0.999999 0.010221 0.010798 0.999889 
0.009033 0.009979 0.999909 -0.000781 0.000713 0.999999 -0.000724 0.000653 1.000000 0.009236 0.009757 0.999910 
0.008153 0.009008 0.999926 -0.000716 0.000653 1.000000 -0.000664 0.000599 1.000000 0.008336 0.008807 0.999926 
0.007124 0.007869 0.999944 -0.001057 0.000965 0.999999 -0.001015 0.000916 0.999999 0.007275 0.007684 0.999944 
0.005962 0.006582 0.999961 -0.002841 0.002596 0.999993 -0.002817 0.002542 0.999993 0.006048 0.006384 0.999961 
0.005391 0.005952 0.999968 -0.002583 0.002360 0.999994 -0.002561 0.002311 0.999994 0.005468 0.005773 0.999968 
0.003690 0.004071 0.999985 -0.004218 0.003857 0.999984 -0.004217 0.003809 0.999984 0.003692 0.003894 0.999986 
0.003336 0.003681 0.999988 -0.003834 0.003506 0.999987 -0.003833 0.003462 0.999987 0.003337 0.003521 0.999988 
-0.000170 -0.000180 1.000000 -0.003828 0.003634 0.999986 -0.003851 0.003611 0.999986 -0.000256 -0.000260 1.000000 
-0.000814 -0.000826 0.999999 -0.002950 0.002932 0.999991 -0.002973 0.002919 0.999991 -0.000898 -0.000872 0.999999 
-0.000309 -0.000313 1.000000 -0.001620 0.001611 0.999997 -0.001631 0.001603 0.999997 -0.000352 -0.000342 1.000000 
-0.000002 -0.000002 1.000000 -0.000540 0.000538 1.000000 -0.000544 0.000535 1.000000 -0.000014 -0.000014 1.000000 
-0.000173 -0.000180 1.000000 -0.002518 0.002450 0.999994 -0.002534 0.002436 0.999994 -0.000233 -0.000231 1.000000 
-0.000679 -0.000665 1.000000 -0.002282 0.002350 0.999995 -0.002300 0.002340 0.999995 -0.000747 -0.000700 0.999999 
-0.000896 -0.000819 0.999999 -0.001723 0.001901 0.999997 -0.001739 0.001896 0.999997 -0.000957 -0.000836 0.999999 
0.000718 0.000630 1.000000 -0.000011 0.000012 1.000000 -0.000007 0.000008 1.000000 0.000732 0.000614 1.000000 
0.000557 0.000487 1.000000 -0.000048 0.000056 1.000000 -0.000045 0.000052 1.000000 0.000567 0.000473 1.000000 
-0.002731 -0.002643 0.999993 -0.003153 0.003286 0.999990 -0.003189 0.003284 0.999990 -0.002863 -0.002650 0.999992 
0.002388 0.002491 0.999994 -0.004434 0.004288 0.999981 -0.004445 0.004246 0.999981 0.002345 0.002339 0.999995 
0.013890 0.013104 0.999818 -0.002909 0.003110 0.999991 -0.002848 0.003008 0.999991 0.014107 0.012725 0.999820 
0.000011 0.000010 1.000000 -0.000001 0.000001 1.000000 -0.000000 0.000001 1.000000 0.000011 0.000009 1.000000 
-0.008840 -0.007982 0.999929 -0.000573 0.000640 1.000000 -0.000626 0.000691 1.000000 -0.009029 -0.007794 0.999929 
-0.008064 -0.007779 0.999937 -0.006777 0.007089 0.999952 -0.006868 0.007097 0.999951 -0.008395 -0.007744 0.999935 
-0.002260 -0.002236 0.999995 -0.017599 0.017945 0.999684 -0.017722 0.017851 0.999684 -0.002716 -0.002570 0.999993 
0.002012 0.005660 0.999982 0.001185 0.001138 0.999999 -0.010064 0.008110 0.999916 -0.022706 0.008113 0.999709 -0.003102 0.003647 0.999989 
0.002587 0.007728 0.999967 0.005556 0.005649 0.999969 -0.009987 0.007796 0.999920 -0.034376 0.011562 0.999342 0.002900 -0.003294 0.999990 
0.002281 0.007190 0.999972 0.006275 0.006728 0.999958 -0.010525 0.007900 0.999913 -0.031900 0.010175 0.999439 0.001633 -0.001768 0.999997 
0.002426 0.007784 0.999967 0.006232 0.006866 0.999957 -0.012484 0.009199 0.999880 -0.030018 0.009405 0.999505 -0.001638 0.001732 0.999997 
0.003212 0.010334 0.999941 0.007038 0.007801 0.999945 -0.016735 0.012283 0.999785 -0.033480 0.010455 0.999385 -0.005564 0.005854 0.999967 
0.004891 0.015657 0.999865 0.007809 0.008595 0.999933 -0.022001 0.016156 0.999627 -0.040825 0.012802 0.999084 -0.009820 0.010327 0.999898 
0.007549 0.023774 0.999689 -0.000315 -0.000337 1.000000 -0.031192 0.022661 0.999257 -0.048135 0.015311 0.998723 -0.023067 0.023710 0.999453 
0.010184 0.031587 0.999449 -0.010795 -0.011246 0.999878 -0.048978 0.035087 0.998183 -0.053426 0.017219 0.998423 -0.048203 0.047867 0.997690 
0.011452 0.035597 0.999301 -0.016872 -0.017436 0.999706 -0.067686 0.048258 0.996539 -0.055424 0.017805 0.998304 -0.072613 0.070731 0.994849 
0.012497 0.038634 0.999175 -0.020893 -0.021471 0.999551 -0.078098 0.055685 0.995389 -0.052225 0.016866 0.998493 -0.088070 0.084974 0.992483 
0.013512 0.041074 0.999065 -0.023311 -0.023821 0.999444 -0.079143 0.056644 0.995253 -0.045235 0.014866 0.998866 -0.093410 0.089945 0.991557 
0.014608 0.043346 0.998953 -0.025323 -0.025704 0.999349 -0.074852 0.053904 0.995737 -0.035969 0.012123 0.999279 -0.190323 0.184266 0.964273 0.009471 -0.009097 0.999914 
0.015677 0.045371 0.998847 -0.025032 -0.025310 0.999366 -0.072724 0.052443 0.995972 -0.026197 0.009065 0.999616 -0.187209 0.181865 0.965338 0.002813 -0.002669 0.999992 
0.016514 0.047109 0.998753 -0.024333 -0.024644 0.999400 -0.071784 0.051712 0.996079 -0.020498 0.007201 0.999764 -0.186289 0.180553 0.965762 -0.001189 0.001119 0.999999 
0.017188 0.048753 0.998663 -0.025127 -0.025550 0.999358 -0.072338 0.052032 0.996022 -0.019010 0.006717 0.999797 -0.188576 0.182191 0.965011 -0.002980 0.002797 0.999992 
0.017745 0.050224 0.998580 -0.026835 -0.027355 0.999266 -0.074330 0.053438 0.995801 -0.020881 0.007391 0.999755 -0.193715 0.187041 0.963063 -0.002799 0.002624 0.999993 
0.018253 0.051592 0.998501 -0.028764 -0.029372 0.999155 -0.076877 0.055265 0.995508 -0.024648 0.008730 0.999658 -0.199911 0.193133 0.960591 -0.001286 0.001205 0.999998 
0.018624 0.052636 0.998440 -0.030712 -0.031413 0.999035 -0.079733 0.057330 0.995166 -0.028996 0.010261 0.999527 -0.206591 0.199742 0.957822 0.000645 -0.000605 1.000000 
0.018700 0.052952 0.998422 -0.033068 -0.033924 0.998877 -0.082685 0.059449 0.994801 -0.033166 0.011705 0.999381 -0.213170 0.206103 0.955029 0.002135 -0.002007 0.999996 
0.018660 0.052880 0.998427 -0.035766 -0.036805 0.998682 -0.085250 0.061293 0.994472 -0.036663 0.012920 0.999244 -0.218914 0.211696 0.952503 0.003036 -0.002859 0.999991 
0.018442 0.052262 0.998463 -0.038459 -0.039712 0.998471 -0.087650 0.063003 0.994157 -0.039896 0.014052 0.999105 -0.223865 0.216463 0.950278 0.003579 -0.003371 0.999988 
0.018116 0.051214 0.998523 -0.042088 -0.043594 0.998162 -0.089884 0.064613 0.993854 -0.042868 0.015129 0.998966 -0.228374 0.221102 0.948135 0.003488 -0.003282 0.999989 
0.017678 0.049669 0.998609 -0.046449 -0.048178 0.997758 -0.092180 0.066322 0.993531 -0.045696 0.016223 0.998824 -0.232709 0.226159 0.945885 0.002846 -0.002668 0.999992 
0.017264 0.048074 0.998695 -0.051055 -0.052972 0.997290 -0.094555 0.068136 0.993185 -0.048467 0.017358 0.998674 -0.236856 0.231418 0.943581 0.001738 -0.001622 0.999997 
0.016874 0.046407 0.998780 -0.056560 -0.058615 0.996677 -0.097052 0.070095 0.992808 -0.051349 0.018616 0.998507 -0.241166 0.237542 0.940964 0.000172 -0.000159 1.000000 
0.016187 0.043939 0.998903 -0.062620 -0.064736 0.995936 -0.099810 0.072398 0.992369 -0.054357 0.019966 0.998322 -0.245684 0.244506 0.938007 -0.001636 0.001509 0.999998 
0.014991 0.040158 0.999081 -0.069114 -0.071181 0.995066 -0.102877 0.075145 0.991852 -0.057514 0.021413 0.998115 -0.250292 0.252239 0.934735 -0.003550 0.003272 0.999988 
0.013387 0.035332 0.999286 -0.076307 -0.078180 0.994015 -0.106128 0.078231 0.991270 -0.060671 0.022940 0.997894 -0.254777 0.260713 0.931191 -0.005820 0.005373 0.999969 
0.011431 0.029661 0.999495 -0.084369 -0.085874 0.992727 -0.109441 0.081554 0.990642 -0.063864 0.024582 0.997656 -0.258890 0.269759 0.927473 -0.008486 0.007852 0.999933 
0.009076 0.023114 0.999692 -0.093345 -0.094288 0.991159 -0.112789 0.085100 0.989968 -0.067355 0.026446 0.997379 -0.262461 0.279213 0.923664 -0.011348 0.010536 0.999880 
0.005887 0.014447 0.999878 -0.043353 -0.055793 0.997501 -0.189238 0.144795 0.971197 -0.028855 0.022550 0.999329 -0.065602 0.026785 0.997486 -0.105407 0.107504 0.988601 
-0.063302 0.024312 0.997698 0.003102 0.008105 0.999962 -0.013822 -0.019634 0.999712 -0.057472 0.076548 0.995408 -0.130821 0.088132 0.987481 -0.025867 0.028444 0.999261 
-0.053283 0.020455 0.998370 -0.000264 -0.000691 1.000000 -0.007932 -0.013703 0.999875 -0.031827 0.056288 0.997907 -0.132037 0.072606 0.988582 -0.000844 0.001357 0.999999 
-0.046328 0.016226 0.998795 -0.150852 0.074690 0.985731 -0.032018 -0.062697 0.997519 -0.041839 0.097852 0.994321 0.000087 0.000249 1.000000 -0.000027 0.000057 1.000000 
-0.029037 0.009823 0.999530 -0.126473 0.066320 0.989751 -0.040685 -0.075374 0.996325 -0.037192 0.110096 0.993225 -0.000120 -0.000356 1.000000 -0.000658 0.001779 0.999998 
-0.024936 0.007899 0.999658 -0.151223 0.089876 0.984405 0.067332 0.102122 0.992491 -0.015624 0.101078 0.994756 0.000511 0.001622 0.999999 -0.009933 0.065753 0.997787 
-0.041564 0.010841 0.999077 0.039897 0.151920 0.987587 -0.138025 0.107991 0.984524 0.299398 0.305438 0.903918 0.012012 0.083479 0.996437 
0.038793 0.108760 0.993311 0.034124 -0.036433 0.998753 -0.034342 0.007829 0.999379 0.000190 0.000937 1.000000 0.122811 0.111389 0.986159 -0.002451 -0.010206 0.999945 
-0.024137 0.006035 0.999690 0.019306 -0.021032 0.999592 -0.045734 -0.039853 0.998158 0.000648 0.006192 0.999981 -0.000022 -0.000090 1.000000 0.006730 0.028602 0.999568 
-0.024770 0.006012 0.999675 -0.012483 0.013155 0.999836 -0.067501 -0.061223 0.995839 0.000973 0.031168 0.999514 -0.000136 -0.000565 1.000000 -0.000198 -0.002019 0.999998 
-0.037662 0.008765 0.999252 -0.018019 0.018842 0.999660 -0.068969 -0.063145 0.995618 0.000728 0.028451 0.999595 -0.000224 -0.000972 1.000000 -0.000202 -0.002153 0.999998 
-0.064215 0.015061 0.997822 -0.034691 0.036698 0.998724 -0.082064 -0.074736 0.993821 0.000884 0.032402 0.999475 -0.000850 -0.003658 0.999993 -0.000223 -0.002412 0.999997 
-0.105913 0.026056 0.994034 -0.059528 0.064565 0.996136 -0.106063 -0.095518 0.989761 0.001364 0.040444 0.999181 -0.001759 -0.007232 0.999972 -0.000169 -0.001840 0.999998 
-0.156417 0.040997 0.986840 -0.089076 0.099937 0.990998 -0.135643 -0.120970 0.983345 0.002105 0.048886 0.998802 -0.003186 -0.012351 0.999919 -0.000352 -0.003837 0.999993 
-0.215787 0.060075 0.974591 -0.121586 0.141924 0.982382 -0.169926 -0.151361 0.973763 0.003155 0.058477 0.998284 -0.004905 -0.018045 0.999825 -0.000471 -0.005136 0.999987 
-0.282915 0.082984 0.955549 -0.155861 0.190155 0.969303 -0.205500 -0.185334 0.960948 0.004504 0.068604 0.997634 -0.006255 -0.022052 0.999737 -0.000571 -0.006231 0.999980 
-0.357631 0.110330 0.927323 -0.190728 0.245490 0.950451 -0.241533 -0.224089 0.944164 0.006387 0.079947 0.996779 -0.006544 -0.022088 0.999735 -0.000716 -0.007780 0.999969 
-0.435781 0.142258 0.888739 -0.225985 0.311029 0.923142 -0.272982 -0.265933 0.924532 0.008984 0.092754 0.995649 -0.007099 -0.022850 0.999714 -0.000785 -0.008643 0.999962 
-0.512739 0.178878 0.839703 -0.274123 0.411440 0.869237 -0.277737 -0.291411 0.915392 0.013896 0.118876 0.992812 -0.009940 -0.030749 0.999478 0.000574 0.006817 0.999977 
-0.584817 0.222150 0.780152 -0.291107 0.493090 0.819829 -0.285939 -0.314992 0.904996 0.022277 0.145174 0.989155 -0.014988 -0.044802 0.998883 0.006486 0.054363 0.998500 
-0.652620 0.259902 0.711714 -0.292699 0.550101 0.782123 -0.290059 -0.334239 0.896744 0.031134 0.155513 0.987343 -0.016683 -0.049540 0.998633 0.017893 0.090697 0.995718 
-0.717597 0.279259 0.638019 -0.297486 0.589703 0.750834 -0.283411 -0.342697 0.895677 0.037322 0.151497 0.987753 -0.013207 -0.040232 0.999103 0.031756 0.104509 0.994017 
0.026735 0.066237 0.997446 -0.329293 0.581341 0.744049 -0.781945 0.241462 0.574681 -0.257938 -0.322491 0.910751 0.038349 0.135367 0.990053 
-0.354056 0.575760 0.736984 -0.830532 0.193083 0.522433 0.036610 0.077125 0.996349 -0.238739 -0.308514 0.920773 0.014022 0.050931 0.998604 0.056759 0.172837 0.983314 
-0.373211 0.578427 0.725353 -0.854332 0.139626 0.500622 0.047207 0.094354 0.994419 -0.224109 -0.297851 0.927933 0.023746 0.086121 0.996002 0.058592 0.173496 0.983090 
-0.390773 0.587678 0.708471 -0.865295 0.100370 0.491111 0.059043 0.116173 0.991473 -0.210160 -0.283840 0.935557 0.032073 0.112978 0.993080 0.066340 0.196220 0.978313 
-0.402731 0.600240 0.691028 -0.869651 0.076045 0.487774 0.068871 0.136191 0.988286 -0.200411 -0.272699 0.940995 0.037207 0.128914 0.990958 0.076955 0.226930 0.970866 
-0.405598 0.611117 0.679725 -0.870943 0.070949 0.486235 0.073327 0.147067 0.986405 -0.197617 -0.269731 0.942440 0.039226 0.133642 0.990253 0.083784 0.249150 0.964834 
-0.402628 0.618109 0.675153 -0.873842 0.071775 0.480882 0.073815 0.146745 0.986416 -0.199042 -0.271032 0.941767 0.040031 0.133960 0.990178 0.085519 0.250650 0.964293 
-0.393037 0.624707 0.674732 -0.876809 0.085971 0.473092 0.070439 0.138140 0.987905 -0.205128 -0.277668 0.938522 0.038453 0.126248 0.991253 0.084368 0.242123 0.966571 
-0.382066 0.623088 0.682486 -0.874624 0.107046 0.472836 0.064058 0.124566 0.990141 -0.213042 -0.285371 0.934439 0.035132 0.114846 0.992762 0.079459 0.224847 0.971149 
-0.368863 0.620973 0.691616 -0.870382 0.134274 0.473714 0.057386 0.111165 0.992144 -0.222797 -0.294528 0.929309 0.030765 0.100081 0.994504 0.074898 0.210166 0.974793 
-0.355208 0.618579 0.700847 -0.863120 0.166281 0.476838 0.050632 0.097989 0.993899 -0.232911 -0.302390 0.924290 0.025594 0.082711 0.996245 0.070960 0.197404 0.977751 
-0.339280 0.617116 0.709969 -0.852887 0.204646 0.480317 0.043421 0.083781 0.995538 -0.244670 -0.310265 0.918625 0.019543 0.062163 0.997875 0.067456 0.185371 0.980351 
-0.322585 0.615186 0.719364 -0.840295 0.241821 0.485208 0.035508 0.068531 0.997017 -0.257560 -0.319143 0.912036 0.013352 0.041735 0.999039 0.063312 0.172895 0.982903 
-0.306518 0.613308 0.727942 -0.825549 0.274371 0.493142 0.028126 0.054842 0.998099 -0.270484 -0.328500 0.904945 0.007593 0.023282 0.999700 0.059953 0.164791 0.984505 
-0.292425 0.611609 0.735134 -0.813555 0.293230 0.502140 0.021745 0.043124 0.998833 -0.282207 -0.337268 0.898114 0.003652 0.011089 0.999932 0.056551 0.157163 0.985952 
0.018622 0.037853 0.999110 -0.283687 0.611553 0.738596 -0.804311 0.303697 0.510736 -0.289548 -0.343876 0.893259 0.001331 0.004002 0.999991 0.056046 0.159457 0.985613 
0.018668 0.038980 0.999066 -0.281256 0.612855 0.738447 -0.798928 0.304757 0.518496 -0.291368 -0.346259 0.891745 0.000830 0.002487 0.999997 0.057733 0.168712 0.983973 
0.020028 0.042681 0.998888 -0.281836 0.614671 0.736715 -0.796654 0.301270 0.524003 -0.290489 -0.346053 0.892112 0.001460 0.004362 0.999989 0.059787 0.178346 0.982150 
0.021799 0.046925 0.998661 -0.283871 0.615885 0.734917 -0.796917 0.295411 0.526931 -0.288546 -0.344778 0.893235 0.038861 0.116681 0.992409 
0.023339 0.050493 0.998452 -0.285961 0.617274 0.732939 -0.798376 0.289896 0.527784 -0.286525 -0.343454 0.894395 0.040220 0.121157 0.991818 
0.024826 0.053866 0.998239 -0.288292 0.618522 0.730971 -0.800198 0.284556 0.527931 -0.284342 -0.341894 0.895689 0.041413 0.125048 0.991286 
-0.290366 0.619416 0.729391 -0.801891 0.280000 0.527797 0.026053 0.056641 0.998055 0.042340 0.128126 0.990854 -0.282474 -0.340631 0.896760 
-0.290755 0.619851 0.728867 -0.801951 0.279891 0.527765 0.026344 0.057333 0.998007 0.042621 0.129057 0.990721 -0.282069 -0.340431 0.896964 
-0.290706 0.619831 0.728903 -0.801904 0.280005 0.527775 0.026320 0.057276 0.998011 0.042604 0.128993 0.990730 -0.282111 -0.340451 0.896943 
-0.290684 0.619818 0.728922 -0.801887 0.280051 0.527776 0.026307 0.057247 0.998013 0.042594 0.128959 0.990735 -0.282132 -0.340465 0.896931 
-0.290657 0.619808 0.728942 -0.801945 0.279975 0.527729 0.026324 0.057259 0.998012 0.042610 0.128956 0.990734 -0.282157 -0.340485 0.896916 
-0.290626 0.619791 0.728969 -0.801918 0.280040 0.527736 0.026305 0.057218 0.998015 0.042596 0.128912 0.990741 -0.282185 -0.340507 0.896898 
-0.290587 0.619776 0.728997 -0.801920 0.280091 0.527707 0.026296 0.057184 0.998017 0.042589 0.128866 0.990747 -0.282220 -0.340532 0.896878 
-0.290538 0.619764 0.729027 -0.801872 0.280260 0.527688 0.026273 0.057114 0.998022 0.042580 0.128785 0.990758 -0.282262 -0.340561 0.896854 
-0.290485 0.619756 0.729054 -0.801901 0.280251 0.527650 0.026277 0.057100 0.998023 0.042589 0.128760 0.990761 -0.282305 -0.340590 0.896829 
-0.290424 0.619746 0.729088 -0.801847 0.280366 0.527671 0.026251 0.057042 0.998027 0.042575 0.128706 0.990768 -0.282356 -0.340621 0.896801 
-0.290364 0.619736 0.729120 -0.801794 0.280473 0.527694 0.026226 0.056986 0.998030 0.042563 0.128654 0.990776 -0.282405 -0.340652 0.896774 
-0.290255 0.619823 0.729089 -0.801722 0.280644 0.527712 0.026217 0.056969 0.998032 0.042584 0.128690 0.990770 -0.282472 -0.340715 0.896729 
-0.290193 0.619881 0.729064 -0.801659 0.280738 0.527758 0.026213 0.056966 0.998032 0.042605 0.128735 0.990763 -0.282508 -0.340751 0.896704 
-0.290121 0.619927 0.729055 -0.801671 0.280750 0.527734 0.026225 0.056971 0.998031 0.042634 0.128757 0.990759 -0.282554 -0.340785 0.896676 
-0.290007 0.620003 0.729035 -0.801713 0.280808 0.527640 0.026235 0.056961 0.998032 0.042663 0.128755 0.990758 -0.282625 -0.340834 0.896636 
-0.289907 0.620051 0.729034 -0.801693 0.280967 0.527585 0.026210 0.056895 0.998036 0.042654 0.128694 0.990767 -0.282691 -0.340879 0.896598 
-0.289807 0.620101 0.729031 -0.801662 0.281134 0.527543 0.026186 0.056836 0.998040 0.042648 0.128645 0.990773 -0.282757 -0.340924 0.896559 
-0.289723 0.620167 0.729009 -0.801638 0.281278 0.527502 0.026174 0.056806 0.998042 0.042653 0.128632 0.990775 -0.282807 -0.340961 0.896530 
-0.289627 0.620255 0.728972 -0.801600 0.281437 0.527475 0.026168 0.056787 0.998043 0.042668 0.128643 0.990773 -0.282861 -0.340996 0.896500 
-0.289481 0.620379 0.728924 -0.801544 0.281652 0.527446 0.026157 0.056752 0.998046 0.042692 0.128651 0.990771 -0.282942 -0.341038 0.896458 
-0.289341 0.620529 0.728852 -0.801484 0.281845 0.527435 0.026158 0.056743 0.998046 0.042733 0.128700 0.990762 -0.283012 -0.341069 0.896424 
-0.289279 0.620631 0.728790 -0.801486 0.281938 0.527382 0.026168 0.056761 0.998045 0.042758 0.128744 0.990756 -0.283035 -0.341084 0.896411 
-0.289149 0.620821 0.728680 -0.801413 0.282112 0.527400 0.026195 0.056831 0.998040 0.042829 0.128920 0.990730 -0.283094 -0.341164 0.896362 
-0.289024 0.621015 0.728564 -0.801260 0.282271 0.527547 0.026231 0.056902 0.998035 0.042937 0.129126 0.990698 -0.283142 -0.341190 0.896337 
-0.288851 0.621144 0.728522 -0.801130 0.282499 0.527622 0.026210 0.056850 0.998039 0.042974 0.129154 0.990693 -0.283242 -0.341241 0.896286 
-0.288779 0.621233 0.728475 -0.801116 0.282587 0.527596 0.026210 0.056842 0.998039 0.042995 0.129177 0.990689 -0.283277 -0.341264 0.896266 
-0.288639 0.621497 0.728306 -0.801106 0.282761 0.527518 0.026257 0.056931 0.998033 0.043082 0.129348 0.990663 -0.283315 -0.341271 0.896251 
-0.288400 0.621745 0.728188 -0.801123 0.283095 0.527314 0.026244 0.056873 0.998036 0.043112 0.129328 0.990664 -0.283438 -0.341343 0.896185 
-0.288276 0.621898 0.728107 -0.801129 0.283241 0.527225 0.026243 0.056855 0.998037 0.043142 0.129346 0.990661 -0.283495 -0.341376 0.896154 
-0.288240 0.621999 0.728035 -0.801149 0.283275 0.527177 0.026259 0.056886 0.998035 0.043170 0.129406 0.990651 -0.283498 -0.341387 0.896149 
-0.288188 0.622173 0.727907 -0.801125 0.283304 0.527198 0.026304 0.056982 0.998029 0.043247 0.129578 0.990626 -0.283491 -0.341365 0.896160 
-0.288058 0.622409 0.727757 -0.801118 0.283453 0.527128 0.026337 0.057041 0.998024 0.043320 0.129712 0.990605 -0.283531 -0.341379 0.896142 
-0.287983 0.622543 0.727671 -0.801147 0.283545 0.527034 0.026350 0.057060 0.998023 0.043350 0.129758 0.990598 -0.283554 -0.341397 0.896128 
-0.287917 0.622675 0.727585 -0.801125 0.283604 0.527037 0.026370 0.057100 0.998020 0.043399 0.129854 0.990583 -0.283571 -0.341403 0.896120 
-0.287873 0.622801 0.727494 -0.801112 0.283647 0.527034 0.026396 0.057158 0.998016 0.043447 0.129966 0.990566 -0.283573 -0.341406 0.896119 
-0.287792 0.622937 0.727410 -0.801044 0.283727 0.527093 0.026426 0.057224 0.998012 0.043512 0.130109 0.990544 -0.283599 -0.341411 0.896108 
-0.287678 0.623073 0.727338 -0.800954 0.283857 0.527160 0.026449 0.057274 0.998008 0.043574 0.130237 0.990525 -0.283650 -0.341424 0.896087 
-0.287639 0.623112 0.727321 -0.800909 0.283895 0.527208 0.026463 0.057299 0.998006 0.043605 0.130297 0.990516 -0.283670 -0.341431 0.896078 
-0.287525 0.623472 0.727057 -0.800916 0.284008 0.527136 0.026564 0.057541 0.997990 0.043749 0.130689 0.990458 -0.283672 -0.341492 0.896054 
-0.287453 0.623523 0.727042 -0.800866 0.284101 0.527162 0.026564 0.057537 0.997990 0.043768 0.130716 0.990453 -0.283715 -0.341515 0.896032 
-0.287300 0.623580 0.727053 -0.800755 0.284320 0.527213 0.026577 0.057568 0.997988 0.043806 0.130795 0.990441 -0.283820 -0.341592 0.895969 
0.026558 0.057531 0.997990 -0.287191 0.623613 0.727068 -0.800638 0.284507 0.527289 -0.283895 -0.341629 0.895931 0.043815 0.130795 0.990441 
0.026521 0.057450 0.997996 -0.287064 0.623549 0.727173 -0.800464 0.284735 0.527431 -0.284008 -0.341674 0.895879 0.043801 0.130728 0.990450 
0.026568 0.057571 0.997988 -0.286858 0.623721 0.727107 -0.800329 0.285020 0.527482 -0.284130 -0.341802 0.895791 0.043888 0.130964 0.990415 
0.026630 0.057725 0.997977 -0.286808 0.623947 0.726932 -0.800315 0.285055 0.527484 -0.284112 -0.341814 0.895792 0.043979 0.131220 0.990377 
0.026604 0.057674 0.997981 -0.286701 0.623926 0.726993 -0.800230 0.285162 0.527556 -0.284204 -0.341895 0.895732 0.043975 0.131197 0.990380 
0.026627 0.057742 0.997976 -0.286518 0.624057 0.726953 -0.800132 0.285367 0.527593 -0.284321 -0.342031 0.895643 0.044035 0.131362 0.990356 
0.026673 0.057847 0.997969 -0.286443 0.624181 0.726876 -0.800111 0.285427 0.527592 -0.284349 -0.342067 0.895620 0.044098 0.131528 0.990331 
0.026737 0.057978 0.997960 -0.286382 0.624302 0.726796 -0.800123 0.285487 0.527543 -0.284363 -0.342066 0.895616 0.044169 0.131691 0.990306 
0.026753 0.058003 0.997958 -0.286332 0.624386 0.726743 -0.800201 0.285492 0.527421 -0.284385 -0.342124 0.895587 0.044189 0.131725 0.990301 
0.026752 0.057984 0.997959 -0.286269 0.624393 0.726763 -0.800267 0.285533 0.527298 -0.284439 -0.342200 0.895541 0.044186 0.131685 0.990306 
0.026792 0.058050 0.997954 -0.286204 0.624495 0.726700 -0.800333 0.285597 0.527164 -0.284464 -0.342226 0.895523 0.044227 0.131752 0.990296 
0.026784 0.058014 0.997956 -0.286112 0.624523 0.726712 -0.800390 0.285692 0.527025 -0.284532 -0.342304 0.895472 0.044220 0.131695 0.990304 
0.026778 0.057985 0.997958 -0.286038 0.624483 0.726775 -0.800381 0.285757 0.527004 -0.284604 -0.342375 0.895422 0.044218 0.131656 0.990309 
0.026817 0.058060 0.997953 -0.285975 0.624543 0.726749 -0.800354 0.285843 0.526998 -0.284636 -0.342388 0.895407 0.044265 0.131753 0.990294 
0.026837 0.058099 0.997950 -0.285912 0.624647 0.726684 -0.800399 0.285922 0.526886 -0.284660 -0.342429 0.895383 0.044292 0.131805 0.990286 
0.026827 0.058056 0.997953 -0.285830 0.624616 0.726743 -0.800400 0.286028 0.526829 -0.284734 -0.342488 0.895337 0.044282 0.131737 0.990295 
0.026815 0.058016 0.997955 -0.285745 0.624566 0.726820 -0.800341 0.286148 0.526852 -0.284815 -0.342543 0.895290 0.044278 0.131689 0.990302 
0.026929 0.058279 0.997937 -0.285686 0.624848 0.726601 -0.800374 0.286188 0.526780 -0.284791 -0.342574 0.895286 0.044413 0.132062 0.990246 
0.026976 0.058384 0.997930 -0.285666 0.624980 0.726495 -0.800437 0.286140 0.526712 -0.284776 -0.342599 0.895281 0.044469 0.132211 0.990224 
0.027002 0.058419 0.997927 -0.285595 0.625027 0.726483 -0.800441 0.286208 0.526667 -0.284818 -0.342614 0.895262 0.044504 0.132248 0.990217 
0.027092 0.058588 0.997915 -0.285553 0.625237 0.726318 -0.800507 0.286288 0.526524 -0.284786 -0.342541 0.895300 0.044595 0.132431 0.990189 
