-0.058691 -0.053158 0.004499 0.034447 0.048669 0.003928 0.099611 -0.197443 0.004378 0.194106 -0.098649 0.003811 
-0.058499 -0.053227 0.003910 0.034674 0.048571 0.003568 0.099757 -0.197561 0.004613 0.194285 -0.098798 0.004284 
-0.058507 -0.053140 0.003976 0.034665 0.048658 0.003779 0.099749 -0.197474 0.004364 0.194277 -0.098711 0.004175 
-0.058451 -0.052932 0.003737 0.034720 0.048867 0.004021 0.099808 -0.197265 0.003818 0.194334 -0.098500 0.004100 
-0.058495 -0.053139 0.003745 0.034677 0.048660 0.003622 0.099761 -0.197473 0.004304 0.194289 -0.098709 0.004190 
-0.058494 -0.053145 0.003860 0.034677 0.048654 0.003739 0.099763 -0.197478 0.004374 0.194290 -0.098714 0.004261 
-0.058367 -0.052842 0.003527 0.034838 0.048925 0.004136 0.099843 -0.197229 0.003669 0.194402 -0.098497 0.004273 
-0.058485 -0.052881 0.003907 0.034689 0.048915 0.004184 0.099768 -0.197219 0.003633 0.194298 -0.098457 0.003904 
-0.058652 -0.053075 0.004207 0.034524 0.048720 0.004100 0.099599 -0.197416 0.003965 0.194130 -0.098656 0.003855 
-0.058647 -0.053129 0.004351 0.034492 0.048699 0.003906 0.099656 -0.197413 0.004010 0.194151 -0.098619 0.003564 
-0.058784 -0.053161 0.004701 0.034324 0.048694 0.004025 0.099557 -0.197400 0.003913 0.194023 -0.098579 0.003232 
-0.058897 -0.053190 0.004986 0.034184 0.048688 0.004128 0.099479 -0.197389 0.003849 0.193919 -0.098544 0.002983 
-0.058901 -0.053190 0.004990 0.034181 0.048688 0.004204 0.099476 -0.197390 0.003958 0.193916 -0.098545 0.003164 
-0.059147 -0.053279 0.005702 0.033840 0.048679 0.004305 0.099343 -0.197342 0.003564 0.193690 -0.098416 0.002150 
-0.059130 -0.053382 0.005536 0.033850 0.048582 0.004076 0.099375 -0.197434 0.003888 0.193716 -0.098502 0.002418 
-0.059111 -0.053586 0.005347 0.033851 0.048390 0.003609 0.099423 -0.197613 0.004401 0.193747 -0.098668 0.002667 
-0.059269 -0.053623 0.005535 0.033639 0.048400 0.003740 0.099333 -0.197571 0.004076 0.193604 -0.098578 0.002278 
-0.059230 -0.053675 0.005359 0.033681 0.048348 0.003670 0.099374 -0.197623 0.004251 0.193649 -0.098631 0.002562 
-0.059313 -0.053706 0.005525 0.033575 0.048338 0.003798 0.099322 -0.197619 0.004196 0.193573 -0.098606 0.002466 
-0.059264 -0.053833 0.005320 0.033618 0.048215 0.003554 0.099385 -0.197735 0.004517 0.193630 -0.098717 0.002756 
-0.059269 -0.053837 0.005309 0.033614 0.048213 0.003686 0.099380 -0.197738 0.004573 0.193627 -0.098719 0.002956 
-0.059274 -0.053839 0.005324 0.033611 0.048211 0.003807 0.099376 -0.197740 0.004643 0.193625 -0.098720 0.003130 
-0.059437 -0.054167 0.005499 0.033395 0.047922 0.003435 0.099279 -0.197995 0.004811 0.193475 -0.098937 0.002757 
-0.059384 -0.054300 0.005280 0.033445 0.047791 0.003218 0.099342 -0.198119 0.005061 0.193536 -0.099058 0.003016 
-0.059598 -0.054483 0.005611 0.033164 0.047659 0.003144 0.099207 -0.198212 0.004913 0.193337 -0.099099 0.002459 
-0.060027 -0.055236 0.005865 0.032650 0.046938 0.001930 0.098862 -0.198873 0.005174 0.192908 -0.099727 0.001267 
-0.060198 -0.055294 0.006038 0.032426 0.046933 0.002218 0.098757 -0.198854 0.004801 0.192751 -0.099656 0.001001 
-0.060365 -0.055689 0.005915 0.032221 0.046555 0.001661 0.098639 -0.199198 0.005102 0.192597 -0.099981 0.000877 
-0.060539 -0.055646 0.005910 0.031995 0.046662 0.002107 0.098533 -0.199072 0.004302 0.192440 -0.099790 0.000512 
-0.060557 -0.055656 0.005823 0.031987 0.046656 0.002376 0.098518 -0.199082 0.004363 0.192434 -0.099796 0.000928 
-0.060571 -0.055664 0.005744 0.031980 0.046652 0.002619 0.098505 -0.199089 0.004421 0.192429 -0.099800 0.001308 
-0.060584 -0.055671 0.005674 0.031973 0.046648 0.002839 0.098494 -0.199096 0.004476 0.192424 -0.099803 0.001651 
-0.060607 -0.055869 0.005554 0.031938 0.046459 0.002686 0.098494 -0.199271 0.004809 0.192413 -0.099969 0.001959 
-0.060612 -0.055878 0.005504 0.031933 0.046458 0.002876 0.098497 -0.199272 0.004821 0.192415 -0.099962 0.002208 
-0.060682 -0.056138 0.005508 0.031843 0.046208 0.002597 0.098451 -0.199505 0.005039 0.192350 -0.100185 0.002150 
-0.060691 -0.056146 0.005457 0.031838 0.046204 0.002819 0.098442 -0.199513 0.005034 0.192345 -0.100189 0.002416 
-0.060636 -0.056463 0.005168 0.031929 0.045851 0.002369 0.098455 -0.199878 0.005447 0.192392 -0.100590 0.002679 
-0.060786 -0.056699 0.005340 0.031795 0.045589 0.002178 0.098274 -0.200148 0.005561 0.192227 -0.100887 0.002433 
-0.060793 -0.056707 0.005303 0.031794 0.045584 0.002441 0.098263 -0.200160 0.005506 0.192223 -0.100896 0.002674 
-0.060801 -0.056717 0.005270 0.031789 0.045579 0.002679 0.098255 -0.200170 0.005454 0.192218 -0.100901 0.002891 
-0.060786 -0.056701 0.005062 0.031811 0.045597 0.002788 0.098268 -0.200157 0.005313 0.192237 -0.100886 0.003064 
-0.060791 -0.056708 0.005050 0.031807 0.045592 0.002994 0.098262 -0.200164 0.005278 0.192233 -0.100891 0.003245 
-0.060796 -0.056714 0.005038 0.031804 0.045588 0.003180 0.098257 -0.200171 0.005247 0.192229 -0.100895 0.003410 
-0.060801 -0.056720 0.005026 0.031801 0.045584 0.003350 0.098252 -0.200177 0.005218 0.192226 -0.100899 0.003560 
-0.060773 -0.056713 0.004915 0.031838 0.045586 0.003451 0.098270 -0.200181 0.005208 0.192253 -0.100909 0.003762 
-0.060650 -0.056784 0.004478 0.031991 0.045491 0.003252 0.098354 -0.200293 0.005291 0.192366 -0.101045 0.004089 
-0.060652 -0.056789 0.004522 0.031990 0.045487 0.003414 0.098352 -0.200298 0.005261 0.192365 -0.101050 0.004174 
-0.060506 -0.056748 0.004093 0.032173 0.045496 0.003335 0.098445 -0.200313 0.005310 0.192495 -0.101096 0.004576 
-0.060506 -0.056752 0.004174 0.032174 0.045492 0.003488 0.098445 -0.200318 0.005280 0.192495 -0.101101 0.004617 
-0.060233 -0.056424 0.003768 0.034343 0.044071 0.003802 0.096002 -0.202940 0.004899 0.191892 -0.105498 0.004949 
-0.059536 -0.056303 0.003874 0.037318 0.041998 0.004034 0.093300 -0.206363 0.004766 0.191398 -0.111143 0.004937 
-0.059604 -0.056276 0.004083 0.037289 0.041988 0.004144 0.093177 -0.206395 0.004573 0.191311 -0.111213 0.004640 
-0.059635 -0.056243 0.004278 0.037323 0.041956 0.004279 0.093045 -0.206465 0.004442 0.191243 -0.111349 0.004444 
-0.059271 -0.056599 0.004266 0.036538 0.042722 0.004300 0.095146 -0.205033 0.005019 0.192231 -0.108781 0.005063 
-0.058432 -0.056355 0.004233 0.040152 0.040212 0.004365 0.091719 -0.209103 0.004936 0.191490 -0.115639 0.005076 
-0.054599 -0.053979 0.004321 0.047259 0.039128 0.004488 0.090190 -0.211819 0.004872 0.193128 -0.121855 0.005046 
-0.051286 -0.052276 0.004659 0.052441 0.038744 0.004527 0.090270 -0.213023 0.004661 0.195014 -0.125167 0.004530 
-0.050799 -0.052222 0.004672 0.053144 0.038552 0.004570 0.090376 -0.213304 0.004687 0.195328 -0.125696 0.004586 
-0.050747 -0.052975 0.004701 0.048412 0.043000 0.005226 0.098486 -0.206619 0.005682 0.198813 -0.113754 0.006215 
-0.050443 -0.053624 0.005440 0.045055 0.045994 0.004964 0.104438 -0.201570 0.006757 0.201221 -0.105016 0.006304 
-0.048016 -0.045216 0.006570 0.052346 0.049465 0.003935 0.099250 -0.200746 0.007458 0.200742 -0.109190 0.004860 
-0.040765 -0.036433 0.004993 0.063392 0.054095 0.004991 0.100030 -0.197848 0.004993 0.205188 -0.110488 0.004991 
-0.040892 -0.036844 0.004780 0.061530 0.055628 0.006424 0.102922 -0.195574 0.004980 0.206405 -0.106251 0.006610 
-0.040968 -0.036958 0.004802 0.058349 0.058844 0.006349 0.107983 -0.190864 0.006918 0.208463 -0.098175 0.008479 
-0.041072 -0.036982 0.004933 0.057025 0.060080 0.005371 0.109787 -0.188937 0.010321 0.209086 -0.094973 0.010832 
-0.263803 0.114198 0.005746 0.210111 -0.093525 0.011752 0.111517 -0.188230 0.011977 -0.217584 0.244225 0.004917 -0.015939 0.172181 0.010082 
-0.265601 0.113420 0.006057 0.214499 -0.089075 0.011150 0.118643 -0.186545 0.012233 -0.221802 0.244281 0.004932 -0.018920 0.176045 0.012700 
-0.271247 0.112739 0.005973 0.218403 -0.084844 0.011238 0.125159 -0.184813 0.012496 -0.229512 0.244273 0.004932 -0.025564 0.179222 0.012104 
-0.273055 0.112388 0.006059 0.220701 -0.082511 0.012534 0.128824 -0.183738 0.013801 -0.231996 0.244133 0.004934 -0.027703 0.180126 0.011672 
-0.273057 0.112373 0.006422 0.221423 -0.081855 0.015363 0.129848 -0.183352 0.016799 -0.232105 0.244148 0.004929 -0.027778 0.180339 0.012441 
-0.273300 0.112473 0.007188 0.221465 -0.082162 0.019247 0.129543 -0.183343 0.020835 -0.232154 0.244177 0.004924 -0.027963 0.180149 0.014088 
-0.274049 0.112692 0.008368 0.228400 -0.084669 0.027936 0.134932 -0.184436 0.027873 -0.232297 0.244179 0.004926 -0.028444 0.179335 0.015745 
-0.274633 0.112957 0.009502 0.243711 -0.091949 0.043091 0.149051 -0.190564 0.040960 -0.232311 0.244227 0.004922 -0.028768 0.178626 0.016945 
-0.274548 0.112973 0.010080 0.259103 -0.101529 0.058331 0.164064 -0.199745 0.055014 -0.232314 0.244250 0.004920 -0.028734 0.178848 0.017388 
-0.274729 0.113066 0.010522 0.268869 -0.108643 0.067672 0.173571 -0.206579 0.063577 -0.232293 0.244260 0.004918 -0.028774 0.178536 0.016673 
-0.275339 0.113295 0.010883 0.272090 -0.112459 0.069778 0.176524 -0.210113 0.065222 -0.232255 0.244262 0.004916 -0.029002 0.177464 0.015115 
-0.276231 0.113622 0.011225 0.272360 -0.115069 0.067838 0.176478 -0.212394 0.062905 -0.232205 0.244259 0.004913 0.121860 0.030641 0.010289 -0.029379 0.175899 0.013043 
-0.277164 0.114006 0.011536 0.272428 -0.115896 0.066738 0.176354 -0.213035 0.061871 -0.232148 0.244289 0.004911 0.122008 0.030230 0.010037 -0.029809 0.174277 0.010849 
-0.277700 0.114253 0.011799 0.272587 -0.115789 0.066263 0.176591 -0.213012 0.061528 -0.232103 0.244321 0.004910 0.121932 0.030226 0.009904 -0.030069 0.173342 0.009563 
-0.277916 0.114352 0.012042 0.272496 -0.115239 0.067041 0.176700 -0.212650 0.062142 -0.232093 0.244327 0.004909 0.121728 0.030425 0.010078 -0.030181 0.172979 0.009227 
-0.278008 0.114405 0.012258 0.272075 -0.114769 0.068948 0.176409 -0.212290 0.063709 -0.232100 0.244338 0.004908 0.121566 0.030555 0.010450 -0.030236 0.172882 0.009652 
-0.278076 0.114449 0.012459 0.271513 -0.114344 0.071259 0.175940 -0.211936 0.065639 -0.232116 0.244352 0.004906 0.121431 0.030649 0.010873 -0.030284 0.172867 0.010507 
-0.278103 0.114494 0.012610 0.270884 -0.113927 0.073736 0.175405 -0.211587 0.067730 -0.232143 0.244387 0.004905 0.121292 0.030706 0.011309 -0.030318 0.172966 0.011493 
-0.278053 0.114500 0.012653 0.270246 -0.113394 0.076243 0.174926 -0.211180 0.069766 -0.232172 0.244419 0.004904 0.121090 0.030817 0.011828 -0.030315 0.173181 0.012437 
-0.278110 0.114626 0.012641 0.269687 -0.112905 0.078518 0.174538 -0.210819 0.071502 -0.232260 0.244556 0.004902 0.120938 0.030939 0.012362 -0.030399 0.173419 0.013228 
-0.278143 0.114648 0.012549 0.269133 -0.112421 0.080589 0.174172 -0.210478 0.073031 -0.232291 0.244583 0.004901 0.120726 0.031080 0.012940 -0.030447 0.173488 0.013961 
-0.278329 0.114774 0.012396 0.268554 -0.112045 0.082697 0.173772 -0.210217 0.074412 -0.232377 0.244682 0.004899 0.120571 0.031226 0.013642 -0.030605 0.173472 0.014636 
-0.278659 0.115034 0.012202 0.268024 -0.111980 0.084998 0.173350 -0.210179 0.075849 -0.232451 0.244864 0.004927 0.120665 0.031231 0.014503 -0.030840 0.173289 0.015313 
-0.279088 0.115240 0.011972 0.267431 -0.112234 0.087393 0.172817 -0.210401 0.077336 -0.232507 0.244949 0.004923 0.120811 0.031020 0.015456 -0.031125 0.172827 0.015950 
-0.279624 0.115413 0.011734 0.267018 -0.113009 0.090107 0.172404 -0.211060 0.078972 -0.232524 0.244947 0.004919 0.121384 0.030436 0.016570 -0.031459 0.172053 0.016618 
-0.280196 0.115591 0.011378 0.266556 -0.114471 0.093085 0.171892 -0.212334 0.080772 -0.232544 0.244942 0.004916 0.122120 0.029272 0.017785 -0.031825 0.171215 0.017319 
-0.280785 0.115763 0.010828 0.265880 -0.116722 0.096272 0.171116 -0.214321 0.082708 -0.232568 0.244930 0.004913 0.122850 0.027420 0.019076 -0.032215 0.170338 0.018058 
-0.281454 0.115958 0.010124 0.265055 -0.119679 0.099679 0.170137 -0.216927 0.084744 -0.232593 0.244913 0.004910 0.123669 0.025002 0.020488 -0.032667 0.169319 0.018803 
-0.282222 0.116189 0.009295 0.264069 -0.123210 0.103275 0.168955 -0.220021 0.086817 -0.232620 0.244892 0.004908 0.124556 0.022160 0.022050 -0.033195 0.168129 0.019565 
-0.283075 0.116455 0.008333 0.262751 -0.127148 0.107015 0.167419 -0.223443 0.088877 -0.232651 0.244867 0.004906 0.125318 0.019056 0.023768 -0.033800 0.166793 0.020405 
-0.284734 0.119334 0.007063 0.244159 -0.118217 0.080782 0.160487 -0.225899 0.071123 -0.004722 -0.099490 0.020086 -0.232661 0.247114 0.004910 -0.034860 0.166354 0.020087 
-0.232659 0.247080 0.004901 -0.281983 0.118201 0.006098 0.194460 -0.132721 0.055883 -0.033168 0.170462 0.019425 0.115787 -0.244478 0.052600 -0.059629 -0.126302 0.018814 
-0.232275 0.246943 0.005203 -0.281501 0.118021 0.005101 0.139154 -0.133522 0.040045 -0.032639 0.170302 0.017428 0.070679 -0.251828 0.037880 -0.114864 -0.149800 0.005605 
-0.233198 0.242791 0.005102 0.036059 -0.251950 0.041212 0.098081 -0.130499 0.050836 -0.031291 0.172076 0.015616 -0.278585 0.112468 0.005138 -0.153153 -0.158268 0.005157 
-0.233222 0.242696 0.004996 0.003875 -0.238820 0.036042 0.068573 -0.118958 0.047751 -0.030423 0.174089 0.011561 -0.277214 0.111896 0.004944 -0.183874 -0.140368 0.005454 
-0.229728 0.242985 0.004975 -0.051990 -0.247472 0.059814 0.022698 -0.134194 0.043091 -0.025608 0.178323 0.010577 -0.271177 0.111356 0.005209 -0.233245 -0.139748 0.022134 
-0.215499 0.243331 0.004973 -0.312266 -0.125144 0.065564 -0.146184 -0.255087 0.103102 -0.059680 -0.166838 0.044630 -0.008433 0.189324 0.014173 
-0.326430 -0.071366 0.043948 -0.180190 -0.227499 0.033256 -0.214054 0.243689 0.005063 -0.005350 0.196113 0.012607 -0.080328 -0.136925 0.010589 -0.032522 0.062130 0.012738 
-0.213222 0.247391 0.005067 -0.142004 -0.215685 0.004115 -0.039125 -0.126035 0.012408 -0.005491 0.195455 0.010396 -0.246457 0.113453 0.005054 -0.286789 -0.057958 0.010230 
-0.213862 0.247572 0.005110 -0.117049 -0.228321 0.008534 -0.016206 -0.136858 0.020992 -0.005782 0.197069 0.010569 -0.246173 0.113408 0.005030 -0.264456 -0.072970 0.004650 
-0.214855 0.247791 0.005177 -0.115361 -0.227713 0.010219 -0.014971 -0.135799 0.023003 -0.006396 0.199275 0.013460 -0.245894 0.113327 0.005039 -0.263348 -0.072966 0.004635 
-0.214872 0.247678 0.005515 -0.116402 -0.228333 0.015360 -0.015950 -0.136851 0.030534 -0.006794 0.198874 0.019642 -0.246114 0.113262 0.004997 -0.263354 -0.072879 0.004544 
-0.213716 0.247101 0.005847 -0.118820 -0.229663 0.023285 -0.018273 -0.139112 0.042798 -0.006967 0.196239 0.029209 -0.246334 0.113016 0.004820 -0.263447 -0.072797 0.004475 
-0.212184 0.246480 0.006975 -0.122456 -0.231203 0.033171 -0.022125 -0.141726 0.058018 -0.007718 0.192890 0.041610 -0.246651 0.112865 0.005215 -0.263691 -0.072748 0.004496 
-0.210860 0.245970 0.008275 -0.127181 -0.232530 0.044762 -0.027775 -0.143985 0.075872 -0.009759 0.189983 0.056252 -0.247053 0.112825 0.005694 -0.264078 -0.072735 0.004733 
-0.209884 0.245559 0.009417 -0.132925 -0.233280 0.057751 -0.035367 -0.145296 0.095583 -0.013488 0.187953 0.072568 -0.247533 0.112831 0.006254 -0.264536 -0.072710 0.005088 
-0.208708 0.245143 0.010083 -0.140091 -0.233587 0.072033 -0.045466 -0.145796 0.117076 -0.018910 0.186590 0.090247 -0.247899 0.112863 0.006904 -0.264991 -0.072826 0.005447 
-0.207574 0.244718 0.010903 -0.149403 -0.235575 0.088306 -0.058868 -0.147378 0.140406 -0.026612 0.185645 0.109091 -0.248503 0.112969 0.007601 -0.265628 -0.075611 0.005958 
-0.206895 0.244294 0.012754 -0.163451 -0.248040 0.115605 -0.077112 -0.157450 0.170640 -0.037076 0.185049 0.129070 -0.249320 0.113052 0.008295 -0.266683 -0.093097 0.009710 
-0.206260 0.243834 0.015633 -0.186605 -0.255093 0.143743 -0.103447 -0.163485 0.201903 -0.050049 0.184496 0.149629 -0.249992 0.113109 0.009114 -0.275878 -0.103879 0.021096 
-0.207053 0.243932 0.017414 -0.215333 -0.252479 0.164289 -0.134981 -0.159889 0.224790 -0.065428 0.187530 0.167876 -0.251034 0.113327 0.010200 -0.294024 -0.104588 0.030821 
-0.209023 0.244764 0.017179 -0.244605 -0.243779 0.177378 -0.166568 -0.149418 0.238174 -0.081669 0.195203 0.182110 -0.252026 0.113765 0.011335 -0.317039 -0.100193 0.035907 
-0.348159 -0.087378 0.038933 -0.269612 -0.226046 0.182039 -0.213470 0.246313 0.013164 -0.191842 -0.128813 0.238495 -0.095858 0.209995 0.188453 
-0.290189 -0.207734 0.188094 -0.220729 0.247254 0.012918 -0.372877 -0.073269 0.043320 -0.213151 -0.108181 0.241424 -0.111736 0.221915 0.195555 -0.147973 0.090292 0.202777 
-0.308687 -0.193612 0.197080 -0.237361 0.247852 0.012751 -0.392919 -0.063063 0.049636 -0.232415 -0.092243 0.248038 -0.131536 0.230557 0.198168 -0.167731 0.099291 0.210381 
-0.327774 -0.185621 0.209136 -0.255173 0.248916 0.012536 -0.411797 -0.059259 0.057973 -0.251665 -0.082830 0.257418 -0.150682 0.236796 0.199117 -0.187758 0.106192 0.215173 
-0.345886 -0.181476 0.220643 -0.272202 0.250219 0.012386 -0.428352 -0.058566 0.065820 -0.269704 -0.077815 0.266909 -0.168122 0.241118 0.199368 -0.205689 0.110956 0.217711 
-0.361598 -0.178760 0.227130 -0.287610 0.252413 0.012344 -0.442108 -0.057455 0.070028 -0.285452 -0.074827 0.272843 -0.183806 0.243957 0.199510 -0.221934 0.114059 0.218551 
-0.375483 -0.177705 0.228045 -0.298843 0.252742 0.012390 -0.454413 -0.056533 0.070041 -0.299274 -0.073932 0.274016 -0.196189 0.244310 0.200189 -0.234946 0.114609 0.219303 
-0.387167 -0.178619 0.225083 -0.306586 0.252667 0.012561 -0.464128 -0.056294 0.066996 -0.310928 -0.075419 0.272278 -0.205737 0.242779 0.201266 -0.245222 0.113144 0.219308 
-0.395667 -0.180299 0.218312 -0.313316 0.253054 0.012648 -0.472081 -0.055679 0.061760 -0.319245 -0.077931 0.266998 -0.212789 0.240750 0.201382 -0.252491 0.110966 0.217801 
-0.401654 -0.183571 0.211387 -0.317698 0.252979 0.012809 -0.477309 -0.056208 0.056684 -0.325008 -0.082249 0.261875 -0.217419 0.237509 0.201442 -0.257368 0.107552 0.215757 
-0.406002 -0.188552 0.204631 -0.319985 0.252769 0.012980 -0.480755 -0.058373 0.051846 -0.328895 -0.088444 0.256812 -0.219694 0.233448 0.201252 -0.259956 0.103338 0.213089 
-0.409876 -0.194467 0.197511 -0.320595 0.252418 0.013187 -0.483139 -0.061210 0.046670 -0.332111 -0.095854 0.251529 -0.220555 0.228414 0.201053 -0.261468 0.098274 0.209961 
-0.412276 -0.199541 0.189642 -0.320550 0.252056 0.013382 -0.483831 -0.063083 0.040858 -0.333971 -0.102512 0.245709 -0.220677 0.223314 0.200670 -0.262292 0.093229 0.206660 
-0.412881 -0.203683 0.182307 -0.320552 0.251730 0.013524 -0.482585 -0.064213 0.035450 -0.334242 -0.108177 0.240481 -0.220316 0.218416 0.199859 -0.262695 0.088483 0.203207 
-0.411938 -0.206936 0.176702 -0.320364 0.251431 0.014368 -0.479858 -0.064880 0.031497 -0.333145 -0.112771 0.236822 -0.219182 0.214962 0.199598 -0.261940 0.085119 0.201194 
-0.475606 -0.065285 0.030037 -0.409034 -0.208796 0.174433 -0.319937 0.251141 0.015147 -0.330378 -0.115382 0.235890 -0.217595 0.212498 0.199295 -0.260731 0.082772 0.199871 
-0.471559 -0.066184 0.030468 -0.405586 -0.209937 0.174899 -0.319655 0.251007 0.015253 -0.327094 -0.116656 0.236766 -0.215891 0.211426 0.198404 -0.259197 0.081756 0.198762 
-0.468652 -0.066978 0.031502 -0.402883 -0.210416 0.176339 -0.319457 0.250964 0.014926 -0.324470 -0.117004 0.238107 -0.214476 0.211263 0.197356 -0.257882 0.081628 0.197984 
-0.466974 -0.066913 0.032564 -0.401082 -0.209871 0.177819 -0.319310 0.250955 0.014405 -0.322709 -0.116225 0.239283 -0.213484 0.211726 0.196448 
-0.466061 -0.066595 0.033475 -0.400071 -0.209041 0.179188 -0.319260 0.250998 0.013983 -0.321743 -0.115150 0.240336 -0.213001 0.212415 0.195912 
-0.465534 -0.066361 0.034352 -0.399390 -0.208271 0.180517 -0.319244 0.251052 0.013585 -0.321092 -0.114125 0.241310 -0.212702 0.213165 0.195495 
-0.398855 -0.207584 0.181598 -0.319251 0.251108 0.013258 -0.465167 -0.066127 0.035071 -0.212521 0.213840 0.195186 -0.320597 -0.113214 0.242095 
-0.398714 -0.207459 0.181969 -0.319249 0.251109 0.013251 -0.465012 -0.066120 0.035322 -0.212520 0.213859 0.195182 -0.320477 -0.113035 0.242410 
-0.398730 -0.207479 0.181940 -0.319247 0.251107 0.013250 -0.465024 -0.066129 0.035301 -0.212522 0.213841 0.195180 -0.320491 -0.113061 0.242386 
-0.398735 -0.207484 0.181925 -0.319247 0.251106 0.013250 -0.465029 -0.066129 0.035290 -0.212523 0.213834 0.195181 -0.320496 -0.113069 0.242374 
-0.398738 -0.207493 0.181910 -0.319214 0.251040 0.013237 -0.465029 -0.066132 0.035280 -0.212496 0.213782 0.195174 -0.320499 -0.113080 0.242364 
-0.398742 -0.207502 0.181889 -0.319214 0.251039 0.013238 -0.465031 -0.066134 0.035266 -0.212497 0.213772 0.195174 -0.320503 -0.113092 0.242348 
-0.398748 -0.207512 0.181868 -0.319195 0.251013 0.013236 -0.465034 -0.066135 0.035250 -0.212487 0.213742 0.195175 -0.320508 -0.113106 0.242332 
-0.398756 -0.207521 0.181843 -0.319147 0.251015 0.013242 -0.465036 -0.066135 0.035233 -0.212450 0.213724 0.195184 -0.320515 -0.113120 0.242314 
-0.398764 -0.207532 0.181822 -0.319117 0.250958 0.013234 -0.465038 -0.066136 0.035218 -0.212427 0.213672 0.195181 -0.320523 -0.113136 0.242300 
-0.398776 -0.207545 0.181795 -0.319114 0.250956 0.013237 -0.465042 -0.066138 0.035198 -0.212425 0.213652 0.195181 -0.320532 -0.113156 0.242280 
-0.398786 -0.207558 0.181769 -0.319111 0.250953 0.013240 -0.465045 -0.066140 0.035180 -0.212423 0.213633 0.195181 -0.320541 -0.113175 0.242262 
-0.398805 -0.207580 0.181774 -0.319104 0.250949 0.013244 -0.465033 -0.066154 0.035178 -0.212421 0.213604 0.195183 -0.320562 -0.113204 0.242280 
-0.398812 -0.207596 0.181782 -0.319100 0.250946 0.013247 -0.465020 -0.066167 0.035180 -0.212412 0.213585 0.195179 -0.320569 -0.113223 0.242294 
-0.398827 -0.207609 0.181777 -0.319067 0.250888 0.013239 -0.465017 -0.066175 0.035173 -0.212384 0.213527 0.195175 -0.320584 -0.113242 0.242297 
-0.398870 -0.207624 0.181770 -0.319028 0.250819 0.013231 -0.465030 -0.066180 0.035161 -0.212366 0.213459 0.195180 -0.320626 -0.113265 0.242301 
-0.398911 -0.207630 0.181751 -0.319023 0.250815 0.013237 -0.465049 -0.066176 0.035142 -0.212379 0.213440 0.195192 -0.320666 -0.113279 0.242293 
-0.398949 -0.207643 0.181735 -0.319018 0.250811 0.013242 -0.465063 -0.066178 0.035126 -0.212390 0.213418 0.195203 -0.320702 -0.113300 0.242288 
-0.398982 -0.207657 0.181735 -0.319013 0.250808 0.013247 -0.465073 -0.066187 0.035120 -0.212399 0.213400 0.195214 -0.320735 -0.113320 0.242295 
-0.399020 -0.207674 0.181741 -0.319007 0.250804 0.013251 -0.465082 -0.066199 0.035118 -0.212406 0.213377 0.195222 -0.320771 -0.113343 0.242310 
-0.399081 -0.207687 0.181745 -0.318995 0.250798 0.013257 -0.465100 -0.066203 0.035111 -0.212410 0.213345 0.195231 -0.320828 -0.113367 0.242326 
-0.399142 -0.207697 0.181764 -0.318982 0.250791 0.013261 -0.465115 -0.066209 0.035114 -0.212408 0.213313 0.195237 -0.320885 -0.113386 0.242354 
-0.399177 -0.207704 0.181788 -0.318977 0.250788 0.013263 -0.465125 -0.066218 0.035124 -0.212418 0.213303 0.195246 -0.320920 -0.113396 0.242382 
-0.399198 -0.207729 0.181847 -0.318968 0.250783 0.013270 -0.465095 -0.066246 0.035158 -0.212413 0.213273 0.195250 -0.320946 -0.113425 0.242454 
-0.399216 -0.207763 0.181906 -0.318911 0.250757 0.013273 -0.465062 -0.066283 0.035190 -0.212335 0.213212 0.195233 -0.320962 -0.113465 0.242520 
-0.399264 -0.207778 0.181903 -0.318894 0.250748 0.013280 -0.465062 -0.066286 0.035177 -0.212315 0.213165 0.195231 -0.321005 -0.113494 0.242531 
-0.399298 -0.207777 0.181913 -0.318888 0.250745 0.013282 -0.465071 -0.066284 0.035177 -0.212318 0.213153 0.195237 -0.321038 -0.113497 0.242547 
-0.399383 -0.207785 0.181991 -0.318873 0.250737 0.013284 -0.465091 -0.066303 0.035216 -0.212325 0.213130 0.195249 -0.321119 -0.113511 0.242628 
-0.399513 -0.207785 0.182009 -0.318856 0.250728 0.013295 -0.465144 -0.066295 0.035207 -0.212364 0.213096 0.195287 -0.321244 -0.113527 0.242664 
-0.399582 -0.207777 0.182024 -0.318845 0.250723 0.013298 -0.465170 -0.066285 0.035204 -0.212377 0.213080 0.195301 -0.321311 -0.113525 0.242689 
-0.399609 -0.207774 0.182053 -0.318841 0.250721 0.013298 -0.465174 -0.066289 0.035217 -0.212384 0.213079 0.195308 -0.321339 -0.113523 0.242719 
-0.399645 -0.207774 0.182116 -0.318831 0.250717 0.013294 -0.465175 -0.066303 0.035251 -0.212371 0.213069 0.195301 -0.321373 -0.113523 0.242779 
-0.399715 -0.207776 0.182176 -0.318810 0.250711 0.013294 -0.465185 -0.066313 0.035276 -0.212370 0.213051 0.195311 -0.321439 -0.113530 0.242844 
-0.399764 -0.207774 0.182206 -0.318804 0.250708 0.013296 -0.465202 -0.066315 0.035287 -0.212386 0.213044 0.195325 -0.321489 -0.113531 0.242878 
-0.399798 -0.207771 0.182241 -0.318795 0.250704 0.013296 -0.465204 -0.066319 0.035302 -0.212380 0.213033 0.195324 -0.321521 -0.113531 0.242915 
-0.399822 -0.207777 0.182285 -0.318789 0.250702 0.013296 -0.465200 -0.066333 0.035325 -0.212377 0.213024 0.195325 -0.321545 -0.113536 0.242959 
-0.399844 -0.207782 0.182329 -0.318778 0.250697 0.013295 -0.465188 -0.066343 0.035351 -0.212358 0.213003 0.195316 -0.321565 -0.113546 0.243006 
-0.399871 -0.207792 0.182367 -0.318765 0.250690 0.013297 -0.465176 -0.066351 0.035372 -0.212338 0.212972 0.195309 -0.321587 -0.113563 0.243049 
-0.399884 -0.207789 0.182381 -0.318760 0.250688 0.013298 -0.465177 -0.066347 0.035382 -0.212326 0.212960 0.195304 -0.321599 -0.113563 0.243067 
-0.399919 -0.207815 0.182536 -0.318750 0.250683 0.013299 -0.465136 -0.066400 0.035478 -0.212335 0.212948 0.195315 -0.321644 -0.113585 0.243228 
-0.399939 -0.207830 0.182542 -0.318744 0.250679 0.013302 -0.465136 -0.066409 0.035480 -0.212328 0.212929 0.195314 -0.321662 -0.113606 0.243240 
-0.399964 -0.207868 0.182563 -0.318734 0.250673 0.013313 -0.465129 -0.066429 0.035503 -0.212318 0.212889 0.195318 -0.321685 -0.113655 0.243278 
-0.465124 -0.066463 0.035500 -0.399982 -0.207915 0.182557 -0.318726 0.250668 0.013323 -0.321700 -0.113712 0.243282 -0.212305 0.212851 0.195318 
-0.465125 -0.066486 0.035483 -0.399992 -0.207967 0.182516 -0.318717 0.250662 0.013336 -0.321702 -0.113781 0.243256 -0.212279 0.212801 0.195312 
-0.465079 -0.066535 0.035544 -0.400005 -0.208028 0.182591 -0.318705 0.250654 0.013350 -0.321720 -0.113853 0.243356 -0.212271 0.212750 0.195319 
-0.465045 -0.066585 0.035602 -0.400015 -0.208057 0.182689 -0.318698 0.250651 0.013347 -0.321735 -0.113878 0.243453 -0.212265 0.212742 0.195317 
-0.465020 -0.066573 0.035586 -0.400003 -0.208065 0.182659 -0.318691 0.250647 0.013352 -0.321724 -0.113896 0.243440 -0.212250 0.212717 0.195312 
-0.464969 -0.066588 0.035619 -0.400001 -0.208093 0.182701 -0.318681 0.250641 0.013361 -0.321729 -0.113934 0.243507 -0.212242 0.212679 0.195316 
-0.464951 -0.066605 0.035659 -0.400015 -0.208107 0.182759 -0.318673 0.250637 0.013361 -0.321745 -0.113949 0.243571 -0.212238 0.212668 0.195316 
-0.464971 -0.066620 0.035711 -0.400064 -0.208116 0.182829 -0.318666 0.250634 0.013360 -0.321792 -0.113961 0.243642 -0.212243 0.212662 0.195321 
-0.464983 -0.066603 0.035719 -0.400096 -0.208096 0.182848 -0.318664 0.250634 0.013358 -0.321831 -0.113941 0.243669 -0.212265 0.212673 0.195335 
-0.465011 -0.066564 0.035712 -0.400136 -0.208067 0.182838 -0.318664 0.250633 0.013359 -0.321876 -0.113915 0.243671 -0.212290 0.212679 0.195353 
-0.465053 -0.066558 0.035740 -0.400203 -0.208059 0.182879 -0.318660 0.250631 0.013359 -0.321945 -0.113909 0.243718 -0.212314 0.212682 0.195371 
-0.465085 -0.066527 0.035730 -0.400254 -0.208039 0.182867 -0.318658 0.250630 0.013363 -0.322000 -0.113895 0.243719 -0.212343 0.212682 0.195393 
-0.465104 -0.066492 0.035721 -0.400279 -0.208021 0.182844 -0.318655 0.250628 0.013366 -0.322026 -0.113884 0.243710 -0.212348 0.212674 0.195399 
-0.465124 -0.066504 0.035755 -0.400318 -0.208035 0.182883 -0.318649 0.250625 0.013369 -0.322064 -0.113903 0.243754 -0.212347 0.212660 0.195402 
-0.465141 -0.066513 0.035774 -0.400361 -0.208041 0.182917 -0.318647 0.250623 0.013371 -0.322110 -0.113910 0.243794 -0.212370 0.212659 0.195420 
-0.465175 -0.066487 0.035763 -0.400403 -0.208033 0.182893 -0.318644 0.250621 0.013377 -0.322152 -0.113910 0.243783 -0.212383 0.212648 0.195433 
-0.465198 -0.066472 0.035755 -0.400430 -0.208038 0.182867 -0.318640 0.250618 0.013383 -0.322177 -0.113925 0.243769 -0.212380 0.212627 0.195436 
-0.465174 -0.066523 0.035856 -0.400461 -0.208062 0.183018 -0.318634 0.250616 0.013381 -0.322217 -0.113943 0.243922 -0.212390 0.212626 0.195444 
-0.465164 -0.066523 0.035890 -0.400475 -0.208048 0.183076 -0.318632 0.250615 0.013375 -0.322237 -0.113924 0.243981 -0.212399 0.212639 0.195447 
-0.465173 -0.066530 0.035906 -0.400503 -0.208061 0.183095 -0.318592 0.250592 0.013376 -0.322262 -0.113943 0.244005 -0.212371 0.212612 0.195453 
-0.465216 -0.066605 0.035978 -0.400587 -0.208115 0.183203 -0.318553 0.250567 0.013375 -0.322338 -0.113997 0.244103 -0.212363 0.212590 0.195471 
