0.000966 0.000018 1.000000 -0.000014 0.000965 1.000000 -0.000020 0.000959 1.000000 0.000945 -0.000003 1.000000 
0.001028 0.000019 0.999999 -0.000013 0.000920 1.000000 -0.000019 0.000913 1.000000 0.001007 -0.000003 0.999999 
0.000914 0.000017 1.000000 -0.000012 0.000805 1.000000 -0.000017 0.000800 1.000000 0.000896 -0.000003 1.000000 
0.002758 0.000055 0.999996 0.000082 -0.005205 0.999986 0.000114 -0.005221 0.999986 0.002874 -0.000006 0.999996 
0.003393 0.000069 0.999994 0.000040 -0.002466 0.999997 0.000055 -0.002487 0.999997 0.003448 -0.000007 0.999994 
0.003386 0.000070 0.999994 0.000059 -0.003667 0.999993 0.000082 -0.003687 0.999993 0.003468 -0.000006 0.999994 
0.002478 0.000049 0.999997 0.000081 -0.005233 0.999986 0.000113 -0.005248 0.999986 0.002595 -0.000007 0.999997 
0.005441 0.000104 0.999985 0.000060 -0.004057 0.999992 0.000085 -0.004089 0.999992 0.005531 -0.000018 0.999985 
0.007693 0.000146 0.999970 0.000095 -0.006565 0.999978 0.000137 -0.006612 0.999978 0.007840 -0.000026 0.999969 
0.007810 0.000144 0.999969 0.000081 -0.005780 0.999983 0.000117 -0.005827 0.999983 0.007939 -0.000031 0.999968 
0.007785 0.000140 0.999970 0.000103 -0.007612 0.999971 0.000151 -0.007659 0.999971 0.007955 -0.000034 0.999968 
0.007434 0.000133 0.999972 0.000093 -0.006909 0.999976 0.000136 -0.006954 0.999976 0.007589 -0.000034 0.999971 
0.007965 0.000142 0.999968 0.000084 -0.006266 0.999980 0.000123 -0.006314 0.999980 0.008105 -0.000036 0.999967 
0.010090 0.000180 0.999949 0.000076 -0.005676 0.999984 0.000112 -0.005737 0.999984 0.010217 -0.000046 0.999948 
0.013514 0.000241 0.999909 0.000069 -0.005148 0.999987 0.000102 -0.005230 0.999986 0.013629 -0.000061 0.999907 
0.017739 0.000316 0.999843 0.000063 -0.004680 0.999989 0.000093 -0.004788 0.999989 0.017843 -0.000080 0.999841 
0.021941 0.000391 0.999759 0.000057 -0.004258 0.999991 0.000086 -0.004392 0.999990 0.022036 -0.000099 0.999757 
0.026047 0.000465 0.999661 0.000052 -0.003876 0.999992 0.000079 -0.004035 0.999992 0.026134 -0.000117 0.999658 
0.030130 0.000537 0.999546 0.000047 -0.003527 0.999994 0.000072 -0.003711 0.999993 0.030209 -0.000135 0.999544 
0.034159 0.000609 0.999416 0.000043 -0.003201 0.999995 0.000066 -0.003409 0.999994 0.034230 -0.000154 0.999414 
0.037994 0.000677 0.999278 0.000039 -0.002905 0.999996 0.000061 -0.003137 0.999995 0.038059 -0.000171 0.999275 
0.041681 0.000743 0.999131 0.000035 -0.002636 0.999997 0.000056 -0.002891 0.999996 0.041740 -0.000188 0.999128 
0.045308 0.000807 0.998973 0.000032 -0.002393 0.999997 0.000052 -0.002670 0.999996 0.045361 -0.000205 0.998971 
0.048898 0.000871 0.998803 0.000029 -0.002171 0.999998 0.000048 -0.002470 0.999997 0.048946 -0.000221 0.998801 
0.052473 0.000934 0.998622 0.000026 -0.001968 0.999998 0.000045 -0.002289 0.999997 0.052517 -0.000238 0.998620 
0.056055 0.000998 0.998427 0.000024 -0.001783 0.999998 0.000041 -0.002126 0.999998 0.056095 -0.000255 0.998425 
0.059668 0.001062 0.998218 0.000022 -0.001614 0.999999 0.000038 -0.001979 0.999998 0.059703 -0.000272 0.998216 
0.063332 0.001127 0.997992 0.000019 -0.001459 0.999999 0.000036 -0.001846 0.999998 0.063364 -0.000289 0.997990 
0.067079 0.001193 0.997747 0.000018 -0.001315 0.999999 0.000034 -0.001725 0.999999 0.067108 -0.000307 0.997746 
0.070948 0.001261 0.997479 0.000016 -0.001183 0.999999 0.000031 -0.001617 0.999999 0.070974 -0.000325 0.997478 
0.074965 0.001332 0.997185 0.000014 -0.001061 0.999999 0.000030 -0.001519 0.999999 0.074988 -0.000344 0.997184 
0.079144 0.001406 0.996862 0.000013 -0.000947 1.000000 0.000028 -0.001431 0.999999 0.079165 -0.000365 0.996861 
0.083494 0.001483 0.996507 0.000011 -0.000842 1.000000 0.000026 -0.001353 0.999999 0.083512 -0.000386 0.996507 
0.088028 0.001563 0.996117 0.000010 -0.000744 1.000000 0.000025 -0.001282 0.999999 0.088045 -0.000408 0.996116 
0.092778 0.001647 0.995685 0.000009 -0.000651 1.000000 0.000024 -0.001219 0.999999 0.092792 -0.000431 0.995685 
0.097787 0.001736 0.995206 0.000008 -0.000565 1.000000 0.000023 -0.001163 0.999999 0.097799 -0.000456 0.995206 
0.103095 0.001829 0.994670 0.000006 -0.000483 1.000000 0.000022 -0.001113 0.999999 0.103106 -0.000482 0.994670 
0.108736 0.001929 0.994069 0.000005 -0.000406 1.000000 0.000021 -0.001071 0.999999 0.108744 -0.000511 0.994070 
0.114735 0.002035 0.993394 0.000004 -0.000332 1.000000 0.000020 -0.001034 0.999999 0.114742 -0.000541 0.993395 
0.121124 0.002148 0.992635 0.000003 -0.000263 1.000000 0.000019 -0.001004 0.999999 0.121129 -0.000574 0.992637 
0.127938 0.002268 0.991780 0.000003 -0.000197 1.000000 0.000019 -0.000979 1.000000 0.127941 -0.000609 0.991782 
0.135215 0.002397 0.990813 0.000002 -0.000133 1.000000 0.000019 -0.000960 1.000000 0.135218 -0.000647 0.990816 
0.143004 0.002535 0.989719 0.000001 -0.000073 1.000000 0.000018 -0.000948 1.000000 0.143004 -0.000688 0.989722 
0.151350 0.002683 0.988477 0.000000 -0.000015 1.000000 0.000018 -0.000941 1.000000 0.151350 -0.000732 0.988480 
0.160309 0.002841 0.987063 -0.000000 0.000017 1.000000 0.000019 -0.000964 1.000000 0.160307 -0.000781 0.987067 
0.169933 0.003013 0.985451 -0.000001 0.000040 1.000000 0.000019 -0.000999 1.000000 0.169931 -0.000833 0.985456 
0.180279 0.003197 0.983610 -0.000001 0.000064 1.000000 0.000020 -0.001038 0.999999 0.180277 -0.000891 0.983616 
0.191403 0.003395 0.981506 -0.000001 0.000089 1.000000 0.000021 -0.001081 0.999999 0.191400 -0.000954 0.981512 
0.203365 0.003609 0.979096 -0.000002 0.000115 1.000000 0.000022 -0.001129 0.999999 0.203361 -0.001024 0.979103 
0.216229 0.003839 0.976335 -0.000002 0.000140 1.000000 0.000023 -0.001183 0.999999 0.216224 -0.001101 0.976343 
0.230064 0.004086 0.973167 -0.000002 0.000165 1.000000 0.000024 -0.001242 0.999999 0.230059 -0.001186 0.973176 
0.244971 0.004354 0.969521 -0.000003 0.000190 1.000000 0.000025 -0.001309 0.999999 0.244964 -0.001281 0.969531 
0.274424 0.004618 0.961598 -0.000120 0.008193 0.999966 -0.000134 0.006514 0.999979 0.274233 -0.001746 0.961662 
0.292154 0.004888 0.956359 -0.000138 0.009195 0.999958 -0.000154 0.007408 0.999973 0.291939 -0.001923 0.956435 
0.309497 0.005236 0.950886 -0.000127 0.008401 0.999965 -0.000136 0.006508 0.999979 0.309301 -0.002022 0.950962 
0.330704 0.005578 0.943718 -0.000144 0.009303 0.999957 -0.000155 0.007280 0.999973 0.330486 -0.002236 0.943808 
0.351346 0.006005 0.936227 -0.000132 0.008459 0.999964 -0.000135 0.006309 0.999980 0.351147 -0.002363 0.936317 
0.375209 0.006392 0.926918 -0.000159 0.009757 0.999952 -0.000164 0.007461 0.999972 0.374980 -0.002633 0.927029 
0.401362 0.006833 0.915894 -0.000200 0.011543 0.999933 -0.000208 0.009087 0.999959 0.401092 -0.002935 0.916033 
0.426563 0.007434 0.904427 -0.000183 0.010439 0.999945 -0.000181 0.007829 0.999969 0.426318 -0.003081 0.904568 
0.455022 0.008267 0.890442 -0.000174 0.009563 0.999954 -0.000160 0.006779 0.999977 0.454804 -0.003126 0.890586 
0.482918 0.009500 0.875614 -0.000165 0.008509 0.999964 -0.000137 0.005555 0.999985 0.482741 -0.002798 0.875759 
0.511596 0.013095 0.859126 -0.000192 0.007670 0.999971 -0.000138 0.004540 0.999990 0.511515 -0.000187 0.859275 
0.542752 0.018222 0.839695 -0.000227 0.006901 0.999976 -0.000136 0.003581 0.999994 0.542809 0.003803 0.839848 
0.576339 0.024227 0.816851 -0.000254 0.006195 0.999981 -0.000123 0.002669 0.999996 0.576560 0.008483 0.817011 
0.611677 0.026563 0.790661 -0.000236 0.005581 0.999984 -0.000087 0.001839 0.999998 0.611965 0.009301 0.790830 
0.647465 0.045553 0.760733 -0.000157 0.002350 0.999997 0.000115 -0.001610 0.999999 0.648371 0.026551 0.760862 
0.000872 -0.010060 0.999949 0.685773 0.070244 0.724418 0.687730 0.049110 0.724304 0.001299 -0.014255 0.999898 
0.000660 -0.007216 0.999974 0.730883 0.077399 0.678100 0.733083 0.053325 0.678045 0.001118 -0.011688 0.999931 
0.770114 -0.016856 0.637683 -0.003748 0.068626 0.997635 -0.003740 0.063908 0.997949 0.767420 -0.043459 0.639670 
0.788476 -0.112498 0.604690 -0.005371 0.140000 0.990137 -0.005681 0.135113 0.990814 0.780767 -0.139981 0.608940 
0.776165 -0.228624 0.587621 -0.003554 0.216790 0.976212 -0.004217 0.211830 0.977297 0.762997 -0.254048 0.594387 
0.737046 -0.338237 0.585114 -0.000678 0.294411 0.955679 -0.001649 0.289449 0.957192 0.719657 -0.359071 0.594274 
0.673861 -0.436410 0.596203 0.001132 0.377502 0.926008 -0.000114 0.372597 0.927993 0.654078 -0.450650 0.607533 
0.585389 -0.543882 0.601258 0.005883 0.455081 0.890431 0.004445 0.450214 0.892910 0.564840 -0.550578 0.614670 
0.462005 -0.624166 0.630054 0.004685 0.547722 0.836647 0.003145 0.542988 0.839734 0.443905 -0.622075 0.644958 
0.354012 -0.649058 0.673349 -0.007087 0.630321 0.776302 -0.008585 0.625785 0.779949 0.339700 -0.640667 0.688585 
0.307567 -0.658931 0.686449 -0.054867 0.663979 0.745735 -0.055783 0.659445 0.749680 0.295920 -0.647823 0.701966 
0.301675 -0.650614 0.696917 -0.073171 0.676577 0.732728 -0.073947 0.672085 0.736772 0.290553 -0.638904 0.712307 
0.304984 -0.656351 0.690064 -0.064823 0.668901 0.740519 -0.065646 0.664378 0.744508 0.293621 -0.644961 0.705558 
0.293378 -0.674485 0.677495 -0.040491 0.656630 0.753125 -0.041433 0.652068 0.757027 0.282003 -0.663287 0.693199 
0.276663 -0.690764 0.668059 -0.035355 0.650224 0.758919 -0.036219 0.645624 0.762796 0.265835 -0.679312 0.684008 
0.273739 -0.695922 0.663897 -0.036398 0.646959 0.761656 -0.037209 0.642336 0.765519 0.263060 -0.684450 0.679947 
0.264137 -0.683177 0.680809 -0.052747 0.666338 0.743782 -0.053448 0.661793 0.747779 0.254160 -0.670917 0.696615 
0.265016 -0.677661 0.685961 -0.050218 0.670857 0.739885 -0.050990 0.666341 0.743901 0.254923 -0.665362 0.701646 
0.280961 -0.690404 0.666636 -0.032223 0.647638 0.761267 -0.033130 0.643033 0.765122 0.269895 -0.679147 0.682580 
0.282227 -0.713728 0.641046 -0.011507 0.619557 0.784867 -0.012491 0.614848 0.788547 0.270554 -0.703325 0.657370 
0.272031 -0.735174 0.620900 -0.001947 0.600348 0.799736 -0.002899 0.595555 0.803310 0.260382 -0.725046 0.637581 
0.255511 -0.750823 0.609080 -0.001569 0.591966 0.805961 -0.002420 0.587117 0.809498 0.244434 -0.740487 0.626045 
0.239336 -0.760982 0.603012 -0.005529 0.589554 0.807710 -0.006258 0.584672 0.811245 0.229020 -0.750289 0.620175 
0.221812 -0.769650 0.598698 -0.014083 0.589285 0.807803 -0.014636 0.584376 0.811351 0.212514 -0.758501 0.616047 
0.205392 -0.774410 0.598417 -0.025252 0.592329 0.805300 -0.025615 0.587414 0.808881 0.197193 -0.762765 0.615877 
0.204822 -0.771853 0.601906 -0.025267 0.595784 0.802747 -0.025641 0.590884 0.806349 0.196653 -0.760123 0.619307 
0.208950 -0.767747 0.605727 -0.018297 0.598262 0.801091 -0.018784 0.593383 0.804701 0.200368 -0.756106 0.623021 
0.215466 -0.761996 0.610685 -0.009926 0.601113 0.799103 -0.010557 0.596262 0.802720 0.206335 -0.750500 0.627834 
0.224247 -0.753896 0.617538 -0.000484 0.604920 0.796286 -0.001285 0.600113 0.799914 0.214466 -0.742583 0.634488 
0.232322 -0.742605 0.628143 0.009953 0.611754 0.790985 0.008954 0.607015 0.794640 0.221937 -0.731405 0.644818 
0.239798 -0.727833 0.642461 0.019671 0.621916 0.782837 0.018466 0.617269 0.786536 0.228920 -0.716653 0.658790 
0.238461 -0.718826 0.653013 0.021256 0.631968 0.774703 0.019985 0.627380 0.778456 0.227664 -0.707399 0.669145 
0.231898 -0.716138 0.658308 0.018681 0.638988 0.768990 0.017437 0.634422 0.772790 0.221466 -0.704385 0.674385 
0.227851 -0.714478 0.661518 0.015289 0.643636 0.765179 0.014083 0.639080 0.769011 0.217687 -0.702505 0.677569 
0.226082 -0.711992 0.664796 0.011863 0.647882 0.761648 0.010685 0.643338 0.765508 0.216093 -0.699860 0.680808 
0.224159 -0.708159 0.669525 0.006462 0.653903 0.756551 0.005328 0.649376 0.760449 0.214399 -0.695811 0.685478 
0.222290 -0.702939 0.675621 -0.000916 0.661480 0.749962 -0.001991 0.656974 0.753910 0.212800 -0.690332 0.691490 
0.218158 -0.694862 0.685255 -0.007107 0.672476 0.740085 -0.008150 0.668015 0.744103 0.208988 -0.681889 0.700965 
0.227731 -0.693720 0.683295 -0.015610 0.670318 0.741910 -0.016586 0.665833 0.745917 0.218369 -0.680922 0.699042 
0.232589 -0.690075 0.685345 -0.021853 0.672365 0.739897 -0.022793 0.667883 0.743918 0.223171 -0.677286 0.701056 
0.232583 -0.684015 0.691396 -0.026015 0.678695 0.733959 -0.026949 0.674242 0.738019 0.223244 -0.671062 0.706992 
0.230566 -0.677730 0.698227 -0.029437 0.685960 0.727043 -0.030369 0.681542 0.731148 0.221360 -0.664560 0.713695 
0.228495 -0.673927 0.702575 -0.031939 0.690717 0.722419 -0.032863 0.686322 0.726555 0.219407 -0.660599 0.717962 
0.227884 -0.673090 0.703576 -0.032669 0.691846 0.721306 -0.033588 0.687456 0.725449 0.218832 -0.659721 0.718944 
0.228335 -0.673867 0.702685 -0.032625 0.690919 0.722196 -0.033541 0.686524 0.726333 0.219266 -0.660525 0.718073 
0.228799 -0.674632 0.701800 -0.032901 0.690027 0.723036 -0.033809 0.685626 0.727169 0.219722 -0.661315 0.717206 
0.229049 -0.675066 0.701301 -0.033102 0.689529 0.723501 -0.034005 0.685125 0.727631 0.219969 -0.661763 0.716718 
0.229057 -0.675082 0.701283 -0.033136 0.689514 0.723514 -0.034041 0.685110 0.727644 0.219975 -0.661780 0.716699 
0.229053 -0.675082 0.701284 -0.033139 0.689516 0.723512 -0.034042 0.685112 0.727642 0.219973 -0.661778 0.716702 
0.229051 -0.675079 0.701287 -0.033141 0.689519 0.723509 -0.034044 0.685115 0.727639 0.219970 -0.661776 0.716705 
0.229047 -0.675078 0.701290 -0.033142 0.689522 0.723506 -0.034045 0.685118 0.727636 0.219967 -0.661775 0.716706 
0.229045 -0.675077 0.701291 -0.033143 0.689525 0.723503 -0.034047 0.685121 0.727634 0.219965 -0.661774 0.716708 
0.229043 -0.675076 0.701293 -0.033144 0.689526 0.723502 -0.034048 0.685123 0.727632 0.219963 -0.661772 0.716710 
0.229041 -0.675075 0.701294 -0.033146 0.689528 0.723500 -0.034049 0.685124 0.727630 0.219961 -0.661772 0.716711 
0.229040 -0.675074 0.701295 -0.033148 0.689530 0.723498 -0.034052 0.685126 0.727628 0.219960 -0.661771 0.716712 
0.229038 -0.675074 0.701297 -0.033149 0.689531 0.723497 -0.034053 0.685127 0.727627 0.219958 -0.661771 0.716713 
0.229037 -0.675074 0.701297 -0.033151 0.689532 0.723496 -0.034055 0.685128 0.727626 0.219958 -0.661770 0.716714 
0.229036 -0.675073 0.701298 -0.033153 0.689533 0.723495 -0.034056 0.685129 0.727625 0.219957 -0.661769 0.716715 
0.229036 -0.675072 0.701299 -0.033155 0.689534 0.723494 -0.034058 0.685130 0.727624 0.219956 -0.661768 0.716716 
0.229034 -0.675072 0.701299 -0.033157 0.689535 0.723493 -0.034061 0.685132 0.727622 0.219954 -0.661768 0.716717 
0.229034 -0.675072 0.701299 -0.033160 0.689535 0.723492 -0.034064 0.685132 0.727622 0.219954 -0.661768 0.716717 
0.229034 -0.675072 0.701300 -0.033163 0.689536 0.723492 -0.034067 0.685133 0.727621 0.219954 -0.661768 0.716717 
0.229034 -0.675072 0.701300 -0.033168 0.689537 0.723491 -0.034071 0.685133 0.727621 0.219954 -0.661768 0.716717 
0.229034 -0.675072 0.701300 -0.033173 0.689537 0.723490 -0.034076 0.685134 0.727620 0.219955 -0.661767 0.716717 
0.229033 -0.675072 0.701300 -0.033178 0.689538 0.723489 -0.034081 0.685134 0.727620 0.219955 -0.661767 0.716717 
0.229034 -0.675072 0.701299 -0.033182 0.689538 0.723489 -0.034086 0.685133 0.727620 0.219954 -0.661769 0.716716 
0.229034 -0.675073 0.701299 -0.033189 0.689538 0.723489 -0.034091 0.685134 0.727619 0.219956 -0.661768 0.716716 
0.229034 -0.675073 0.701299 -0.033195 0.689538 0.723488 -0.034098 0.685134 0.727618 0.219956 -0.661768 0.716716 
0.229036 -0.675072 0.701299 -0.033201 0.689539 0.723487 -0.034104 0.685134 0.727618 0.219958 -0.661769 0.716715 
0.229035 -0.675073 0.701298 -0.033211 0.689539 0.723486 -0.034114 0.685135 0.727617 0.219957 -0.661769 0.716715 
0.229035 -0.675073 0.701298 -0.033223 0.689540 0.723485 -0.034125 0.685137 0.727614 0.219956 -0.661769 0.716716 
0.229035 -0.675073 0.701298 -0.033235 0.689542 0.723482 -0.034138 0.685139 0.727612 0.219956 -0.661769 0.716716 
0.229033 -0.675074 0.701298 -0.033250 0.689544 0.723480 -0.034152 0.685139 0.727611 0.219957 -0.661769 0.716715 
0.229034 -0.675074 0.701298 -0.033265 0.689545 0.723478 -0.034167 0.685141 0.727609 0.219957 -0.661769 0.716715 
0.229034 -0.675074 0.701298 -0.033282 0.689547 0.723476 -0.034183 0.685143 0.727606 0.219958 -0.661768 0.716715 
0.229034 -0.675075 0.701297 -0.033304 0.689548 0.723474 -0.034205 0.685144 0.727604 0.219958 -0.661769 0.716715 
0.229035 -0.675076 0.701296 -0.033332 0.689550 0.723471 -0.034233 0.685146 0.727601 0.219959 -0.661770 0.716714 
0.229036 -0.675077 0.701294 -0.033363 0.689551 0.723468 -0.034264 0.685147 0.727598 0.219960 -0.661771 0.716712 
0.229036 -0.675078 0.701293 -0.033394 0.689553 0.723465 -0.034295 0.685149 0.727595 0.219961 -0.661772 0.716711 
0.229036 -0.675081 0.701291 -0.033426 0.689554 0.723462 -0.034325 0.685150 0.727593 0.219964 -0.661773 0.716709 
0.229037 -0.675081 0.701290 -0.033455 0.689556 0.723460 -0.034355 0.685151 0.727591 0.219963 -0.661775 0.716707 
0.229038 -0.675083 0.701288 -0.033487 0.689557 0.723457 -0.034386 0.685152 0.727588 0.219966 -0.661776 0.716706 
0.229038 -0.675086 0.701285 -0.033520 0.689558 0.723455 -0.034418 0.685153 0.727585 0.219967 -0.661778 0.716704 
0.229039 -0.675087 0.701283 -0.033550 0.689559 0.723452 -0.034449 0.685155 0.727583 0.219968 -0.661779 0.716702 
0.229041 -0.675087 0.701283 -0.033579 0.689560 0.723450 -0.034478 0.685155 0.727581 0.219970 -0.661781 0.716700 
0.229041 -0.675090 0.701280 -0.033607 0.689560 0.723448 -0.034505 0.685156 0.727579 0.219972 -0.661781 0.716699 
0.229044 -0.675091 0.701278 -0.033634 0.689562 0.723446 -0.034532 0.685157 0.727577 0.219973 -0.661784 0.716697 
0.229060 -0.675085 0.701279 -0.033669 0.689563 0.723443 -0.034566 0.685158 0.727574 0.219990 -0.661777 0.716697 
0.229087 -0.675075 0.701280 -0.033709 0.689563 0.723440 -0.034605 0.685159 0.727571 0.220018 -0.661767 0.716698 
0.229116 -0.675064 0.701281 -0.033753 0.689565 0.723437 -0.034651 0.685160 0.727568 0.220045 -0.661757 0.716699 
0.229144 -0.675054 0.701281 -0.033803 0.689566 0.723434 -0.034698 0.685161 0.727565 0.220075 -0.661746 0.716700 
0.229174 -0.675044 0.701281 -0.033850 0.689566 0.723431 -0.034747 0.685162 0.727562 0.220101 -0.661737 0.716701 
0.229202 -0.675034 0.701282 -0.033899 0.689568 0.723427 -0.034794 0.685163 0.727559 0.220132 -0.661726 0.716701 
0.229232 -0.675022 0.701283 -0.033945 0.689569 0.723424 -0.034840 0.685164 0.727556 0.220162 -0.661715 0.716702 
0.229264 -0.675010 0.701284 -0.033990 0.689569 0.723422 -0.034885 0.685164 0.727553 0.220192 -0.661704 0.716703 
0.229296 -0.674998 0.701286 -0.034034 0.689570 0.723419 -0.034928 0.685165 0.727550 0.220224 -0.661691 0.716705 
0.229328 -0.674985 0.701288 -0.034075 0.689571 0.723416 -0.034971 0.685165 0.727548 0.220254 -0.661680 0.716706 
0.229360 -0.674974 0.701288 -0.034119 0.689571 0.723414 -0.035012 0.685166 0.727545 0.220287 -0.661667 0.716708 
0.229392 -0.674961 0.701289 -0.034161 0.689572 0.723411 -0.035055 0.685166 0.727542 0.220317 -0.661657 0.716708 
0.229421 -0.674950 0.701291 -0.034204 0.689572 0.723409 -0.035096 0.685167 0.727540 0.220348 -0.661644 0.716711 
0.229454 -0.674938 0.701291 -0.034245 0.689573 0.723407 -0.035139 0.685167 0.727538 0.220379 -0.661634 0.716710 
0.229483 -0.674931 0.701289 -0.034290 0.689569 0.723408 -0.035183 0.685164 0.727539 0.220409 -0.661627 0.716708 
0.229514 -0.674925 0.701284 -0.034336 0.689565 0.723409 -0.035229 0.685159 0.727541 0.220439 -0.661621 0.716703 
0.229545 -0.674921 0.701278 -0.034383 0.689560 0.723412 -0.035274 0.685154 0.727543 0.220470 -0.661617 0.716698 
0.229575 -0.674915 0.701274 -0.034428 0.689555 0.723414 -0.035319 0.685149 0.727546 0.220500 -0.661612 0.716693 
0.229603 -0.674911 0.701269 -0.034472 0.689551 0.723417 -0.035363 0.685145 0.727548 0.220528 -0.661607 0.716689 
0.229634 -0.674904 0.701265 -0.034515 0.689546 0.723419 -0.035406 0.685140 0.727550 0.220558 -0.661602 0.716685 
0.229663 -0.674899 0.701260 -0.034558 0.689542 0.723421 -0.035449 0.685136 0.727552 0.220586 -0.661597 0.716681 
0.229692 -0.674893 0.701257 -0.034600 0.689538 0.723423 -0.035490 0.685132 0.727554 0.220615 -0.661591 0.716677 
0.229720 -0.674887 0.701253 -0.034641 0.689534 0.723424 -0.035531 0.685128 0.727555 0.220643 -0.661585 0.716674 
0.229748 -0.674882 0.701249 -0.034684 0.689530 0.723426 -0.035572 0.685125 0.727557 0.220672 -0.661579 0.716671 
0.229777 -0.674876 0.701245 -0.034725 0.689526 0.723428 -0.035613 0.685120 0.727559 0.220700 -0.661575 0.716666 
0.229804 -0.674871 0.701241 -0.034766 0.689522 0.723430 -0.035654 0.685116 0.727561 0.220728 -0.661569 0.716663 
0.229833 -0.674866 0.701237 -0.034806 0.689517 0.723432 -0.035694 0.685111 0.727564 0.220755 -0.661566 0.716658 
0.229861 -0.674861 0.701232 -0.034848 0.689513 0.723435 -0.035735 0.685107 0.727565 0.220783 -0.661560 0.716654 
0.229889 -0.674855 0.701228 -0.034888 0.689508 0.723437 -0.035777 0.685102 0.727568 0.220810 -0.661557 0.716649 
0.229916 -0.674852 0.701223 -0.034930 0.689504 0.723440 -0.035817 0.685097 0.727571 0.220837 -0.661553 0.716644 
0.229944 -0.674848 0.701217 -0.034972 0.689498 0.723443 -0.035858 0.685092 0.727574 0.220865 -0.661549 0.716639 
0.229970 -0.674845 0.701212 -0.035013 0.689493 0.723445 -0.035899 0.685087 0.727576 0.220892 -0.661545 0.716634 
0.229998 -0.674840 0.701207 -0.035053 0.689488 0.723448 -0.035939 0.685081 0.727580 0.220918 -0.661543 0.716629 
0.230024 -0.674837 0.701202 -0.035094 0.689483 0.723451 -0.035979 0.685076 0.727582 0.220946 -0.661538 0.716624 
0.230051 -0.674832 0.701198 -0.035134 0.689478 0.723454 -0.036019 0.685071 0.727585 0.220971 -0.661535 0.716619 
0.230078 -0.674828 0.701193 -0.035171 0.689474 0.723456 -0.036056 0.685067 0.727588 0.220997 -0.661531 0.716615 
0.230103 -0.674822 0.701191 -0.035206 0.689471 0.723457 -0.036091 0.685064 0.727588 0.221023 -0.661525 0.716613 
0.230129 -0.674815 0.701189 -0.035239 0.689468 0.723458 -0.036123 0.685061 0.727589 0.221049 -0.661518 0.716611 
0.230155 -0.674808 0.701187 -0.035271 0.689466 0.723459 -0.036155 0.685059 0.727590 0.221074 -0.661511 0.716609 
0.230182 -0.674800 0.701186 -0.035303 0.689464 0.723460 -0.036188 0.685056 0.727591 0.221099 -0.661505 0.716607 
0.230207 -0.674794 0.701183 -0.035335 0.689461 0.723461 -0.036219 0.685054 0.727592 0.221124 -0.661498 0.716606 
0.230233 -0.674788 0.701181 -0.035368 0.689458 0.723462 -0.036252 0.685051 0.727592 0.221149 -0.661492 0.716604 
0.230256 -0.674781 0.701179 -0.035400 0.689456 0.723462 -0.036282 0.685048 0.727594 0.221175 -0.661485 0.716602 
0.230281 -0.674775 0.701177 -0.035431 0.689453 0.723463 -0.036313 0.685046 0.727594 0.221199 -0.661480 0.716600 
0.230307 -0.674768 0.701175 -0.035463 0.689450 0.723465 -0.036345 0.685043 0.727596 0.221224 -0.661474 0.716598 
0.230331 -0.674762 0.701173 -0.035494 0.689448 0.723465 -0.036376 0.685040 0.727597 0.221248 -0.661468 0.716596 
