2.799074 2.860337 0.004347 2.802207 2.643118 0.004557 2.661098 2.857745 0.004481 2.665498 2.643600 0.004686 
2.799071 2.860345 0.004374 2.802229 2.643127 0.004574 2.661095 2.857738 0.004516 2.665519 2.643593 0.004712 
2.799071 2.860345 0.004432 2.802229 2.643127 0.004607 2.661095 2.857738 0.004559 2.665519 2.643593 0.004730 
2.798830 2.860750 0.004724 2.802248 2.643539 0.003593 2.660858 2.857976 0.005105 2.665539 2.643839 0.003986 
2.798745 2.860576 0.004391 2.802225 2.643363 0.003856 2.660775 2.857763 0.004860 2.665516 2.643625 0.004327 
2.798703 2.860638 0.004460 2.802227 2.643427 0.003663 2.660733 2.857797 0.004927 2.665517 2.643661 0.004137 
2.798827 2.860551 0.004474 2.802169 2.643338 0.003337 2.660854 2.857825 0.004816 2.665459 2.643687 0.003691 
2.798634 2.860277 0.003981 2.801827 2.643061 0.003100 2.660661 2.857645 0.004732 2.665119 2.643502 0.003856 
2.798510 2.860407 0.004079 2.801669 2.643193 0.002653 2.660539 2.857792 0.005141 2.664963 2.643652 0.003725 
2.798527 2.860326 0.004065 2.801574 2.643110 0.002810 2.660554 2.857783 0.005143 2.664869 2.643639 0.003895 
2.798531 2.860364 0.004154 2.801475 2.643149 0.002500 2.660557 2.857885 0.005228 2.664769 2.643742 0.003588 
2.798557 2.860367 0.004227 2.801473 2.643151 0.002726 2.660583 2.857907 0.005254 2.664768 2.643762 0.003764 
2.798560 2.860370 0.004293 2.801475 2.643153 0.002931 2.660586 2.857911 0.005392 2.664770 2.643765 0.004039 
2.798570 2.860373 0.004352 2.801483 2.643155 0.003119 2.660599 2.857914 0.005744 2.664781 2.643767 0.004515 
2.798586 2.860376 0.004406 2.801497 2.643157 0.003288 2.660621 2.857916 0.006271 2.664801 2.643769 0.005151 
2.798606 2.860379 0.004458 2.801515 2.643159 0.003441 2.660650 2.857919 0.006906 2.664828 2.643771 0.005880 
2.798626 2.860381 0.004505 2.801533 2.643161 0.003580 2.660681 2.857921 0.007533 2.664857 2.643773 0.006592 
2.798645 2.860383 0.004547 2.801551 2.643163 0.003705 2.660714 2.857923 0.008142 2.664888 2.643775 0.007278 
2.798665 2.860385 0.004585 2.801569 2.643165 0.003819 2.660749 2.857925 0.008744 2.664922 2.643777 0.007949 
2.798684 2.860387 0.004618 2.801587 2.643166 0.003923 2.660787 2.857928 0.009333 2.664958 2.643779 0.008602 
2.798703 2.860389 0.004648 2.801604 2.643168 0.004017 2.660824 2.857930 0.009892 2.664994 2.643781 0.009220 
2.798720 2.860390 0.004675 2.801621 2.643169 0.004102 2.660862 2.857933 0.010428 2.665031 2.643784 0.009808 
2.798738 2.860391 0.004699 2.801637 2.643170 0.004179 2.660902 2.857935 0.010952 2.665069 2.643786 0.010381 
2.798755 2.860393 0.004721 2.801654 2.643171 0.004249 2.660942 2.857938 0.011470 2.665108 2.643788 0.010941 
2.798773 2.860394 0.004740 2.801671 2.643173 0.004313 2.660985 2.857940 0.011983 2.665150 2.643791 0.011492 
2.798790 2.860395 0.004758 2.801687 2.643173 0.004370 2.661029 2.857943 0.012495 2.665193 2.643793 0.012039 
2.798808 2.860396 0.004773 2.801704 2.643174 0.004423 2.661076 2.857945 0.013009 2.665239 2.643795 0.012585 
2.798826 2.860397 0.004787 2.801722 2.643175 0.004470 2.661124 2.857948 0.013528 2.665287 2.643797 0.013133 
2.798844 2.860398 0.004799 2.801739 2.643176 0.004513 2.661177 2.857950 0.014057 2.665338 2.643800 0.013688 
2.798863 2.860399 0.004810 2.801758 2.643177 0.004553 2.661232 2.857952 0.014602 2.665393 2.643802 0.014256 
2.798883 2.860400 0.004819 2.801777 2.643178 0.004589 2.661293 2.857954 0.015166 2.665453 2.643804 0.014840 
2.798903 2.860400 0.004827 2.801797 2.643179 0.004621 2.661358 2.857957 0.015751 2.665517 2.643806 0.015444 
2.798924 2.860401 0.004834 2.801818 2.643179 0.004651 2.661428 2.857959 0.016358 2.665586 2.643809 0.016068 
2.798947 2.860402 0.004840 2.801840 2.643180 0.004679 2.661504 2.857961 0.016990 2.665662 2.643811 0.016715 
2.798970 2.860403 0.004845 2.801863 2.643181 0.004703 2.661587 2.857964 0.017650 2.665744 2.643813 0.017389 
2.798995 2.860404 0.004849 2.801888 2.643182 0.004726 2.661678 2.857966 0.018346 2.665833 2.643816 0.018097 
2.799021 2.860404 0.004852 2.801913 2.643183 0.004747 2.661778 2.857969 0.019082 2.665933 2.643819 0.018843 
2.799049 2.860405 0.004855 2.801941 2.643183 0.004767 2.661889 2.857972 0.019863 2.666042 2.643821 0.019634 
2.799078 2.860406 0.004857 2.801970 2.643184 0.004785 2.662011 2.857975 0.020693 2.666164 2.643824 0.020471 
2.799110 2.860407 0.004858 2.802002 2.643185 0.004801 2.662148 2.857978 0.021576 2.666299 2.643827 0.021361 
2.799143 2.860407 0.004859 2.802035 2.643186 0.004816 2.662299 2.857981 0.022517 2.666450 2.643831 0.022307 
2.799179 2.860408 0.004859 2.802071 2.643186 0.004830 2.662468 2.857985 0.023522 2.666618 2.643834 0.023316 
2.799218 2.860409 0.004859 2.802110 2.643187 0.004843 2.662658 2.857989 0.024597 2.666806 2.643838 0.024394 
2.799259 2.860410 0.004859 2.802151 2.643188 0.004856 2.662871 2.857993 0.025749 2.667017 2.643842 0.025547 
2.799304 2.860411 0.004862 2.802196 2.643189 0.004865 2.663110 2.857997 0.026988 2.667255 2.643846 0.026781 
2.799351 2.860411 0.004866 2.802244 2.643190 0.004874 2.663380 2.858001 0.028320 2.667523 2.643850 0.028106 
2.799403 2.860412 0.004869 2.802295 2.643190 0.004883 2.663686 2.858006 0.029752 2.667826 2.643855 0.029529 
2.799458 2.860413 0.004872 2.802351 2.643191 0.004891 2.664032 2.858011 0.031290 2.668170 2.643860 0.031058 
2.799518 2.860414 0.004874 2.802411 2.643192 0.004899 2.664424 2.858017 0.032943 2.668559 2.643866 0.032701 
2.799582 2.860415 0.004876 2.802476 2.643193 0.004907 2.664870 2.858024 0.034721 2.669001 2.643873 0.034467 
2.799652 2.860416 0.004878 2.802547 2.643194 0.004914 2.665376 2.858032 0.036632 2.669505 2.643880 0.036366 
2.799727 2.860418 0.004880 2.802622 2.643196 0.004921 2.665955 2.858040 0.038691 2.670079 2.643889 0.038411 
2.798398 2.859509 0.003134 2.801577 2.642299 0.004914 2.665716 2.857277 0.041010 2.670110 2.643136 0.042406 
2.798234 2.859337 0.002953 2.801490 2.642129 0.004951 2.666275 2.857129 0.043276 2.670738 2.642990 0.044863 
2.798308 2.859333 0.003132 2.801582 2.642124 0.004957 2.667105 2.857114 0.045849 2.671578 2.642974 0.047243 
2.797939 2.859125 0.002926 2.801308 2.641919 0.004947 2.667724 2.856929 0.048569 2.672282 2.642792 0.050129 
2.798026 2.859123 0.003114 2.801417 2.641916 0.004952 2.668845 2.856915 0.051607 2.673415 2.642777 0.052958 
2.797812 2.858873 0.002874 2.801350 2.641671 0.004994 2.669916 2.856694 0.054661 2.674618 2.642561 0.056259 
2.797564 2.858563 0.002578 2.801328 2.641370 0.005086 2.671189 2.856412 0.057974 2.676100 2.642286 0.059921 
2.797669 2.858561 0.002801 2.801478 2.641365 0.005069 2.672877 2.856386 0.061676 2.677817 2.642259 0.063353 
2.797566 2.858603 0.002961 2.801512 2.641408 0.005038 2.674705 2.856371 0.065764 2.679762 2.642245 0.067216 
2.797410 2.858619 0.003139 2.801621 2.641426 0.004988 2.676598 2.856242 0.069794 2.681898 2.642120 0.070984 
2.796336 2.858592 0.003314 2.801786 2.641426 0.004981 2.677815 2.855558 0.073937 2.684314 2.641469 0.074910 
2.794835 2.858546 0.003474 2.801968 2.641427 0.004974 2.679022 2.854658 0.078416 2.687154 2.640623 0.079183 
2.793252 2.858485 0.003620 2.802169 2.641431 0.004967 2.680626 2.853750 0.083225 2.690487 2.639787 0.083797 
2.793219 2.858481 0.003752 2.802387 2.641437 0.004966 2.684211 2.853748 0.088243 2.694284 2.639794 0.088638 
2.787962 2.858188 0.004445 2.802404 2.641428 0.004956 2.683240 2.850820 0.094016 2.698473 2.637172 0.093670 
2.798233 2.640325 0.005763 2.779476 2.856744 0.007956 2.699464 2.633272 0.100022 2.680027 2.846557 0.103088 
2.790560 2.634868 0.011722 2.770770 2.851200 0.013296 2.698108 2.628143 0.112207 2.677713 2.841346 0.114722 
2.772864 2.833261 0.014813 2.784683 2.616856 0.029744 2.684885 2.835186 0.121114 2.697374 2.621800 0.134826 
2.774326 2.816549 0.017592 2.782573 2.601609 0.048028 2.691715 2.828336 0.127503 2.700631 2.616300 0.156469 
2.779756 2.805082 0.018265 2.783232 2.593038 0.065367 2.701969 2.827995 0.129926 2.706135 2.618708 0.175307 
2.784671 2.792675 0.014522 2.785149 2.585062 0.078481 2.711283 2.826353 0.126434 2.712451 2.621334 0.188432 
2.791538 2.777426 0.005993 2.790935 2.576259 0.088003 2.722479 2.822150 0.116785 2.722540 2.623382 0.196591 
2.792989 2.775918 0.005740 2.790488 2.582495 0.104611 2.732202 2.832394 0.116010 2.730314 2.641150 0.212446 
2.793906 2.776603 0.006643 2.792352 2.594855 0.125635 2.742177 2.846488 0.113807 2.741136 2.666628 0.230112 
2.798898 2.777355 0.007504 2.800794 2.608721 0.144444 2.754404 2.858932 0.109531 2.756696 2.691890 0.243581 
2.809011 2.780962 0.007833 2.822352 2.619507 0.152568 2.768944 2.866801 0.108184 2.782479 2.706798 0.249935 
2.834549 2.782728 0.008007 2.851664 2.624472 0.155845 2.794093 2.869979 0.106975 2.811352 2.713116 0.251798 
2.861665 2.795153 0.007923 2.877182 2.635032 0.153916 2.821536 2.881514 0.107800 2.837216 2.722820 0.250797 
2.885402 2.815957 0.007781 2.895472 2.652657 0.150699 2.848110 2.901692 0.109284 2.858392 2.739870 0.249232 
2.904399 2.824843 0.007720 2.913351 2.660217 0.149184 2.870122 2.910426 0.110407 2.879273 2.747298 0.248911 
2.924497 2.822248 0.007988 2.933792 2.657046 0.148756 2.890961 2.907507 0.111188 2.900443 2.743814 0.249001 
2.936193 2.809086 0.007801 2.948943 2.648010 0.153009 2.902312 2.896716 0.108880 2.915206 2.737068 0.251092 
2.945713 2.811596 0.007882 2.957711 2.651311 0.154027 2.911235 2.899756 0.108296 2.923393 2.740884 0.251437 
2.956723 2.826749 0.008924 2.964942 2.661575 0.149792 2.922047 2.911959 0.111787 2.930479 2.748294 0.249702 
2.964945 2.847775 0.015227 2.968112 2.677299 0.149843 2.932415 2.930041 0.121142 2.935846 2.761176 0.252864 
2.969572 2.863038 0.028581 2.970135 2.689304 0.159002 2.939837 2.943398 0.136757 2.940674 2.771338 0.264321 
2.971493 2.870099 0.044698 2.971956 2.695012 0.173298 2.944414 2.949671 0.154147 2.945128 2.776285 0.279903 
2.973239 2.871258 0.060051 2.974885 2.695798 0.188132 2.948273 2.950640 0.170138 2.950132 2.776889 0.295376 
2.974676 2.869115 0.074961 2.978869 2.693677 0.203015 2.951796 2.948504 0.185496 2.956147 2.774775 0.310703 
2.974596 2.865013 0.085824 2.982048 2.690228 0.214620 2.953426 2.944835 0.196388 2.960974 2.771745 0.322326 
2.977367 2.864443 0.084314 2.984756 2.690210 0.213859 2.956063 2.944727 0.194516 2.963551 2.772177 0.321197 
2.981215 2.867740 0.076350 2.986535 2.693791 0.206378 2.959264 2.948397 0.186153 2.964717 2.776123 0.313314 
2.984241 2.872143 0.064521 2.987108 2.698569 0.195126 2.961310 2.953238 0.173800 2.964354 2.781329 0.301534 
2.986228 2.876776 0.049864 2.986367 2.703790 0.181277 2.961932 2.958459 0.158407 2.962299 2.787125 0.286946 
2.987272 2.880332 0.033212 2.984477 2.708520 0.166128 2.961390 2.963061 0.140589 2.958880 2.792875 0.270621 
2.987752 2.880322 0.016002 2.982376 2.710343 0.151176 2.960009 2.964529 0.121754 2.954971 2.796136 0.254027 
2.984280 2.877468 0.007540 2.978623 2.709265 0.144907 2.955906 2.963000 0.112054 2.950598 2.796346 0.246501 
2.978769 2.877169 0.007606 2.973887 2.710184 0.146479 2.950782 2.963598 0.111485 2.946234 2.798135 0.247424 
2.974269 2.877059 0.007650 2.970322 2.710878 0.147514 2.946533 2.964033 0.111140 2.942904 2.799358 0.248059 
2.971077 2.876447 0.007697 2.968048 2.711013 0.148467 2.943312 2.963886 0.110786 2.940589 2.799944 0.248602 
2.967734 2.873844 0.007762 2.966110 2.709498 0.149824 2.939852 2.961931 0.110267 2.938515 2.799056 0.249362 
2.964350 2.869384 0.007844 2.964575 2.706462 0.151545 2.936238 2.958281 0.109585 2.936727 2.796801 0.250303 
2.960789 2.864053 0.007963 2.962488 2.703285 0.154060 2.932462 2.954277 0.108469 2.934407 2.794908 0.251562 
2.959762 2.860798 0.007943 2.963514 2.699669 0.153603 2.930352 2.950389 0.108702 2.934330 2.790670 0.251362 
2.959833 2.859582 0.007963 2.965055 2.698931 0.154106 2.929626 2.949206 0.108457 2.935061 2.789959 0.251595 
2.959839 2.859624 0.008028 2.965947 2.700295 0.155576 2.929124 2.949958 0.107730 2.935437 2.792007 0.252261 
2.959342 2.859707 0.008108 2.966114 2.701908 0.157264 2.928309 2.950928 0.106899 2.935280 2.794478 0.253024 
2.958518 2.859827 0.008164 2.965767 2.703055 0.158376 2.927386 2.951648 0.106366 2.934829 2.796205 0.253538 
2.958129 2.859850 0.008177 2.965520 2.703327 0.158642 2.926993 2.951816 0.106243 2.934576 2.796616 0.253665 
2.958126 2.859839 0.008168 2.965526 2.703123 0.158432 2.927006 2.951681 0.106355 2.934598 2.796292 0.253578 
2.958131 2.859830 0.008161 2.965611 2.702935 0.158233 2.927025 2.951547 0.106468 2.934696 2.795983 0.253501 
2.958134 2.859824 0.008157 2.965670 2.702831 0.158123 2.927038 2.951472 0.106532 2.934764 2.795812 0.253460 
2.958134 2.859824 0.008158 2.965679 2.702828 0.158121 2.927039 2.951469 0.106536 2.934773 2.795807 0.253461 
2.958134 2.859824 0.008159 2.965680 2.702829 0.158123 2.927039 2.951470 0.106536 2.934774 2.795808 0.253462 
2.958134 2.859824 0.008160 2.965680 2.702829 0.158124 2.927039 2.951470 0.106537 2.934774 2.795809 0.253463 
2.958134 2.859824 0.008160 2.965680 2.702830 0.158126 2.927039 2.951471 0.106537 2.934775 2.795810 0.253465 
2.958134 2.859824 0.008161 2.965680 2.702831 0.158127 2.927040 2.951471 0.106538 2.934775 2.795811 0.253465 
2.958134 2.859824 0.008162 2.965681 2.702831 0.158128 2.927040 2.951472 0.106538 2.934776 2.795812 0.253466 
2.958134 2.859824 0.008162 2.965681 2.702832 0.158129 2.927040 2.951472 0.106539 2.934776 2.795812 0.253467 
2.958134 2.859824 0.008163 2.965682 2.702832 0.158130 2.927040 2.951472 0.106539 2.934777 2.795813 0.253468 
2.958134 2.859824 0.008163 2.965682 2.702832 0.158131 2.927040 2.951472 0.106539 2.934777 2.795813 0.253469 
2.958134 2.859825 0.008164 2.965682 2.702833 0.158132 2.927040 2.951473 0.106540 2.934777 2.795814 0.253469 
2.958135 2.859825 0.008164 2.965683 2.702833 0.158132 2.927041 2.951473 0.106540 2.934778 2.795814 0.253470 
2.958135 2.859825 0.008165 2.965683 2.702833 0.158133 2.927041 2.951473 0.106540 2.934778 2.795815 0.253470 
2.958135 2.859825 0.008165 2.965684 2.702834 0.158134 2.927041 2.951473 0.106541 2.934779 2.795815 0.253471 
2.958135 2.859825 0.008165 2.965684 2.702834 0.158134 2.927041 2.951473 0.106541 2.934780 2.795815 0.253471 
2.958135 2.859825 0.008166 2.965685 2.702834 0.158134 2.927041 2.951473 0.106541 2.934781 2.795816 0.253472 
2.958135 2.859825 0.008166 2.965686 2.702834 0.158135 2.927041 2.951473 0.106542 2.934782 2.795816 0.253472 
2.958135 2.859825 0.008166 2.965688 2.702835 0.158135 2.927041 2.951473 0.106542 2.934783 2.795816 0.253472 
2.958135 2.859825 0.008166 2.965689 2.702835 0.158135 2.927041 2.951473 0.106542 2.934784 2.795816 0.253473 
2.958135 2.859825 0.008166 2.965690 2.702835 0.158136 2.927041 2.951473 0.106542 2.934785 2.795816 0.253473 
2.958135 2.859825 0.008166 2.965691 2.702835 0.158136 2.927041 2.951473 0.106542 2.934787 2.795817 0.253473 
2.958135 2.859825 0.008167 2.965693 2.702836 0.158136 2.927041 2.951473 0.106542 2.934788 2.795817 0.253473 
2.958135 2.859825 0.008167 2.965694 2.702836 0.158136 2.927041 2.951473 0.106542 2.934789 2.795817 0.253474 
2.958135 2.859825 0.008167 2.965697 2.702836 0.158137 2.927042 2.951473 0.106543 2.934792 2.795817 0.253474 
2.958136 2.859825 0.008167 2.965699 2.702837 0.158137 2.927042 2.951473 0.106543 2.934795 2.795818 0.253475 
2.958136 2.859825 0.008167 2.965703 2.702837 0.158138 2.927042 2.951473 0.106543 2.934798 2.795819 0.253475 
2.958136 2.859825 0.008167 2.965706 2.702838 0.158138 2.927042 2.951474 0.106543 2.934801 2.795819 0.253476 
2.958136 2.859826 0.008167 2.965709 2.702839 0.158139 2.927042 2.951474 0.106543 2.934805 2.795820 0.253476 
2.958136 2.859826 0.008167 2.965714 2.702840 0.158139 2.927043 2.951474 0.106543 2.934808 2.795821 0.253477 
2.958137 2.859826 0.008167 2.965719 2.702840 0.158140 2.927043 2.951474 0.106543 2.934814 2.795821 0.253477 
2.958137 2.859826 0.008167 2.965725 2.702842 0.158141 2.927043 2.951474 0.106543 2.934820 2.795822 0.253478 
2.958137 2.859826 0.008167 2.965733 2.702842 0.158141 2.927044 2.951473 0.106543 2.934828 2.795823 0.253479 
2.958138 2.859826 0.008167 2.965740 2.702843 0.158142 2.927044 2.951473 0.106544 2.934835 2.795824 0.253480 
2.958138 2.859826 0.008167 2.965748 2.702845 0.158143 2.927045 2.951473 0.106544 2.934842 2.795825 0.253481 
2.958138 2.859826 0.008167 2.965755 2.702846 0.158143 2.927045 2.951473 0.106544 2.934850 2.795825 0.253482 
2.958139 2.859826 0.008167 2.965762 2.702847 0.158144 2.927046 2.951473 0.106544 2.934857 2.795826 0.253483 
2.958139 2.859826 0.008167 2.965770 2.702847 0.158144 2.927046 2.951473 0.106545 2.934865 2.795827 0.253483 
2.958140 2.859826 0.008167 2.965777 2.702848 0.158145 2.927047 2.951473 0.106545 2.934872 2.795828 0.253484 
2.958140 2.859826 0.008167 2.965784 2.702849 0.158146 2.927047 2.951473 0.106545 2.934879 2.795828 0.253485 
2.958140 2.859827 0.008167 2.965791 2.702850 0.158146 2.927047 2.951472 0.106546 2.934886 2.795829 0.253486 
2.958141 2.859827 0.008168 2.965797 2.702851 0.158147 2.927047 2.951472 0.106546 2.934892 2.795829 0.253487 
2.958141 2.859827 0.008167 2.965806 2.702852 0.158147 2.927046 2.951471 0.106546 2.934898 2.795830 0.253487 
2.958142 2.859827 0.008167 2.965815 2.702853 0.158148 2.927042 2.951470 0.106546 2.934903 2.795830 0.253488 
2.958142 2.859827 0.008168 2.965826 2.702854 0.158149 2.927039 2.951469 0.106546 2.934910 2.795830 0.253488 
2.958143 2.859827 0.008168 2.965837 2.702856 0.158150 2.927036 2.951468 0.106546 2.934917 2.795830 0.253489 
2.958143 2.859827 0.008168 2.965849 2.702857 0.158150 2.927032 2.951467 0.106546 2.934925 2.795830 0.253490 
2.958144 2.859827 0.008168 2.965861 2.702858 0.158151 2.927029 2.951466 0.106546 2.934932 2.795830 0.253490 
2.958145 2.859827 0.008168 2.965872 2.702860 0.158152 2.927025 2.951464 0.106546 2.934939 2.795830 0.253491 
2.958145 2.859827 0.008168 2.965882 2.702861 0.158153 2.927022 2.951463 0.106546 2.934946 2.795830 0.253492 
2.958146 2.859827 0.008168 2.965893 2.702862 0.158153 2.927017 2.951462 0.106546 2.934951 2.795830 0.253492 
2.958146 2.859827 0.008168 2.965903 2.702863 0.158154 2.927014 2.951461 0.106545 2.934957 2.795829 0.253493 
2.958147 2.859828 0.008168 2.965913 2.702864 0.158155 2.927010 2.951459 0.106545 2.934963 2.795829 0.253493 
2.958147 2.859828 0.008168 2.965923 2.702865 0.158155 2.927006 2.951458 0.106545 2.934968 2.795829 0.253494 
2.958148 2.859828 0.008168 2.965933 2.702866 0.158156 2.927002 2.951457 0.106545 2.934974 2.795829 0.253494 
2.958148 2.859828 0.008168 2.965943 2.702868 0.158156 2.926998 2.951456 0.106545 2.934980 2.795828 0.253494 
2.958149 2.859828 0.008168 2.965954 2.702868 0.158156 2.926995 2.951454 0.106545 2.934986 2.795827 0.253495 
2.958150 2.859828 0.008168 2.965965 2.702868 0.158156 2.926992 2.951452 0.106546 2.934994 2.795825 0.253495 
2.958150 2.859828 0.008168 2.965976 2.702868 0.158155 2.926989 2.951450 0.106547 2.935001 2.795823 0.253495 
2.958151 2.859828 0.008168 2.965987 2.702868 0.158155 2.926986 2.951448 0.106548 2.935008 2.795821 0.253495 
2.958151 2.859828 0.008168 2.965998 2.702868 0.158154 2.926983 2.951446 0.106548 2.935015 2.795820 0.253495 
2.958152 2.859828 0.008168 2.966009 2.702868 0.158154 2.926980 2.951445 0.106549 2.935022 2.795818 0.253495 
2.958153 2.859828 0.008168 2.966019 2.702868 0.158153 2.926977 2.951443 0.106549 2.935029 2.795816 0.253496 
2.958153 2.859828 0.008168 2.966029 2.702868 0.158153 2.926974 2.951441 0.106550 2.935035 2.795814 0.253496 
2.958154 2.859828 0.008168 2.966039 2.702868 0.158153 2.926971 2.951439 0.106550 2.935042 2.795813 0.253496 
2.958154 2.859828 0.008168 2.966049 2.702868 0.158152 2.926968 2.951437 0.106551 2.935048 2.795811 0.253496 
2.958155 2.859828 0.008168 2.966059 2.702869 0.158152 2.926965 2.951436 0.106551 2.935055 2.795810 0.253496 
2.958155 2.859828 0.008168 2.966069 2.702869 0.158151 2.926962 2.951434 0.106552 2.935061 2.795808 0.253496 
2.958156 2.859828 0.008168 2.966079 2.702869 0.158151 2.926959 2.951432 0.106553 2.935067 2.795806 0.253496 
2.958157 2.859828 0.008168 2.966089 2.702869 0.158150 2.926956 2.951431 0.106553 2.935074 2.795804 0.253496 
2.958157 2.859828 0.008169 2.966099 2.702869 0.158150 2.926954 2.951429 0.106554 2.935081 2.795802 0.253497 
2.958158 2.859828 0.008169 2.966109 2.702869 0.158149 2.926951 2.951427 0.106555 2.935087 2.795800 0.253497 
2.958158 2.859828 0.008169 2.966120 2.702868 0.158148 2.926948 2.951425 0.106555 2.935094 2.795799 0.253497 
2.958159 2.859828 0.008169 2.966130 2.702868 0.158148 2.926946 2.951423 0.106556 2.935101 2.795797 0.253497 
2.958160 2.859828 0.008169 2.966139 2.702868 0.158147 2.926943 2.951421 0.106557 2.935107 2.795794 0.253497 
2.958160 2.859828 0.008169 2.966149 2.702868 0.158147 2.926940 2.951420 0.106557 2.935114 2.795793 0.253497 
2.958161 2.859828 0.008169 2.966159 2.702868 0.158146 2.926938 2.951418 0.106558 2.935120 2.795791 0.253497 
2.958161 2.859828 0.008169 2.966168 2.702868 0.158145 2.926935 2.951416 0.106559 2.935126 2.795789 0.253497 
2.958162 2.859828 0.008169 2.966177 2.702868 0.158145 2.926932 2.951415 0.106559 2.935131 2.795788 0.253497 
2.958162 2.859828 0.008169 2.966185 2.702868 0.158145 2.926929 2.951413 0.106559 2.935136 2.795787 0.253497 
2.958163 2.859828 0.008169 2.966192 2.702869 0.158145 2.926927 2.951412 0.106560 2.935140 2.795785 0.253497 
2.958163 2.859828 0.008169 2.966200 2.702869 0.158145 2.926924 2.951411 0.106560 2.935145 2.795784 0.253497 
2.958164 2.859829 0.008169 2.966208 2.702869 0.158144 2.926921 2.951409 0.106560 2.935149 2.795783 0.253497 
2.958164 2.859829 0.008169 2.966216 2.702869 0.158144 2.926918 2.951408 0.106560 2.935154 2.795782 0.253497 
2.958165 2.859829 0.008169 2.966224 2.702870 0.158144 2.926916 2.951407 0.106561 2.935158 2.795781 0.253497 
2.958165 2.859829 0.008169 2.966232 2.702870 0.158144 2.926913 2.951405 0.106561 2.935163 2.795780 0.253498 
2.958166 2.859829 0.008169 2.966239 2.702870 0.158144 2.926910 2.951404 0.106561 2.935167 2.795779 0.253498 
2.958166 2.859829 0.008169 2.966247 2.702870 0.158143 2.926908 2.951403 0.106562 2.935171 2.795777 0.253498 
