-0.698719 0.715395 -0.001769 0.718407 0.695590 0.006749 -0.702717 -0.711438 -0.006708 0.694330 -0.719655 0.001728 
-0.698719 0.715394 -0.001600 0.718412 0.695592 0.006091 -0.702722 -0.711439 -0.006054 0.694331 -0.719655 0.001563 
-0.698483 0.715627 0.000056 0.718657 0.695355 0.003657 -0.702973 -0.711208 -0.003657 0.694093 -0.719885 -0.000079 
-0.698478 0.715631 0.001269 0.718662 0.695343 0.004847 -0.702978 -0.711195 -0.004874 0.694088 -0.719889 -0.001298 
-0.698492 0.715618 -0.000001 0.718647 0.695362 0.004182 -0.702962 -0.711215 -0.004181 0.694102 -0.719877 -0.000024 
-0.698251 0.715853 -0.000283 0.718886 0.695126 0.001284 -0.703207 -0.710984 -0.001278 0.693860 -0.720110 0.000276 
-0.697926 0.716166 -0.002549 0.719203 0.694792 -0.003471 -0.703530 -0.710657 0.003527 0.693533 -0.720421 0.002570 
-0.697806 0.716286 -0.000754 0.719315 0.694673 -0.003948 -0.703645 -0.710540 0.003965 0.693412 -0.720541 0.000778 
-0.697843 0.716246 -0.002629 0.719283 0.694707 -0.003891 -0.703612 -0.710573 0.003949 0.693449 -0.720501 0.002652 
-0.697740 0.716346 -0.002829 0.719378 0.694587 -0.006678 -0.703709 -0.710456 0.006740 0.693345 -0.720600 0.002870 
-0.697740 0.716347 -0.002540 0.719378 0.694591 -0.006163 -0.703710 -0.710460 0.006218 0.693346 -0.720601 0.002578 
-0.697742 0.716346 -0.002249 0.719369 0.694582 -0.008026 -0.703701 -0.710451 0.008075 0.693348 -0.720600 0.002298 
-0.697745 0.716344 -0.001995 0.719342 0.694552 -0.012019 -0.703674 -0.710421 0.012062 0.693351 -0.720597 0.002069 
-0.688456 0.725277 -0.001516 0.728194 0.685187 -0.015855 -0.712732 -0.701257 0.015886 0.684008 -0.729473 0.001613 
-0.682167 0.731195 -0.001335 0.733997 0.678784 -0.022392 -0.718673 -0.694986 0.022418 0.677683 -0.735352 0.001472 
-0.683867 0.729606 -0.001176 0.732360 0.680438 -0.025551 -0.716999 -0.696605 0.025573 0.679393 -0.733773 0.001332 
-0.684105 0.729382 -0.001032 0.732095 0.680639 -0.027706 -0.716729 -0.696801 0.027725 0.679633 -0.733551 0.001201 
-0.684368 0.729137 -0.000844 0.731935 0.680995 -0.022734 -0.716563 -0.697151 0.022749 0.679897 -0.733307 0.000983 
-0.690462 0.723368 -0.000721 0.725825 0.686747 -0.039465 -0.710318 -0.702773 0.039475 0.686028 -0.727574 0.000962 
-0.692871 0.721061 -0.000613 0.723277 0.688919 -0.047556 -0.707716 -0.704894 0.047562 0.688453 -0.725281 0.000904 
-0.692972 0.720964 -0.000577 0.723459 0.689299 -0.038390 -0.707897 -0.705272 0.038397 0.688553 -0.725186 0.000812 
-0.691685 0.722199 -0.000463 0.724960 0.688282 -0.026483 -0.709426 -0.704282 0.026489 0.687256 -0.726415 0.000625 
-0.682348 0.731027 -0.000347 0.733698 0.678870 -0.028688 -0.718371 -0.695068 0.028691 0.677866 -0.735185 0.000523 
0.670857 -0.741586 0.000076 0.265055 0.963713 -0.031671 0.990824 -0.126610 0.047310 -0.725004 -0.688298 0.024805 -0.957345 0.288679 0.012464 -0.985947 0.160530 -0.046241 
0.670460 -0.741946 0.000069 0.270519 0.962480 -0.021268 0.987989 -0.149323 0.039752 -0.725470 -0.687998 0.018756 -0.955808 0.293846 0.009274 -0.982168 0.183502 -0.040897 
0.670457 -0.741949 0.000083 0.270238 0.962470 -0.024961 0.986978 -0.157982 0.030254 -0.725500 -0.688019 0.016718 -0.955610 0.293862 0.021295 -0.980569 0.193470 -0.032462 
0.670454 -0.741951 0.000117 0.272221 0.962014 -0.020613 0.988801 -0.148381 0.015959 -0.725469 -0.687987 0.019195 -0.954603 0.295874 0.034517 -0.982789 0.182728 -0.027132 
0.670454 -0.741951 0.000147 0.274789 0.961424 -0.012415 0.991584 -0.129462 0.000452 -0.725390 -0.687912 0.024234 -0.953396 0.298120 0.046488 -0.986554 0.161654 -0.024066 
0.670454 -0.741951 0.000174 0.278443 0.960443 -0.004255 0.992765 -0.119680 -0.009749 -0.725263 -0.687795 0.030533 -0.952135 0.301313 0.051469 -0.988397 0.149966 -0.024127 
0.670007 -0.742354 -0.000603 0.279526 0.960138 -0.000183 0.992666 -0.119926 -0.015204 -0.725500 -0.687236 0.036843 -0.951706 0.302140 0.054472 -0.988365 0.150052 -0.024868 
0.670514 -0.741880 -0.004943 0.279526 0.960138 -0.000184 0.992645 -0.119774 -0.017584 -0.724736 -0.687732 0.042212 -0.951522 0.302088 0.057861 -0.988459 0.149706 -0.023188 
0.671253 -0.741160 -0.010039 0.279527 0.960138 -0.000182 0.992652 -0.119469 -0.019236 -0.723733 -0.688555 0.045851 -0.951304 0.302025 0.061655 -0.988591 0.149135 -0.021149 
0.672307 -0.740138 -0.014120 0.279526 0.960138 -0.000175 0.992682 -0.119031 -0.020350 -0.722485 -0.689701 0.048248 -0.951131 0.301974 0.064505 -0.988751 0.148302 -0.019423 
0.673137 -0.739324 -0.016895 0.279521 0.960140 -0.000159 0.992710 -0.118681 -0.021019 -0.721524 -0.690608 0.049642 -0.951032 0.301940 0.066105 -0.988876 0.147638 -0.018092 
0.673629 -0.738835 -0.018622 0.279495 0.960147 -0.000143 0.992710 -0.118674 -0.021065 -0.720988 -0.691171 0.049591 -0.950992 0.301898 0.066873 -0.988917 0.147477 -0.017146 
0.673762 -0.738695 -0.019355 0.279362 0.960186 -0.000104 0.992733 -0.118554 -0.020645 -0.720875 -0.691355 0.048652 -0.951043 0.301767 0.066739 -0.988944 0.147357 -0.016606 
0.673795 -0.738671 -0.019124 0.279360 0.960186 -0.000089 0.992749 -0.118518 -0.020054 -0.720925 -0.691403 0.047224 -0.951086 0.301776 0.066075 -0.988952 0.147319 -0.016461 
0.673867 -0.738637 -0.017862 0.279358 0.960187 -0.000074 0.992769 -0.118484 -0.019264 -0.721001 -0.691448 0.045362 -0.951176 0.301799 0.064664 -0.988955 0.147268 -0.016730 
0.673822 -0.738736 -0.015252 0.279357 0.960187 -0.000057 0.992783 -0.118519 -0.018304 -0.721249 -0.691331 0.043150 -0.951305 0.301833 0.062573 -0.988930 0.147329 -0.017678 
0.673582 -0.739024 -0.011475 0.279351 0.960189 -0.000039 0.992787 -0.118645 -0.017220 -0.721715 -0.690994 0.040684 -0.951465 0.301873 0.059886 -0.988868 0.147549 -0.019210 
0.673214 -0.739419 -0.006591 0.278698 0.960379 0.000040 0.992785 -0.118831 -0.016022 -0.722315 -0.690520 0.037990 -0.951849 0.301273 0.056728 -0.988740 0.148104 -0.021394 
0.672923 -0.739709 -0.002434 0.278267 0.960503 0.001506 0.992798 -0.118940 -0.014328 -0.722821 -0.690198 0.034008 -0.952198 0.300827 0.053117 -0.988625 0.148506 -0.023790 
0.672364 -0.740221 -0.000213 0.278588 0.960400 0.004543 0.992814 -0.119067 -0.012009 -0.723524 -0.689710 0.028540 -0.952321 0.301063 0.049450 -0.988527 0.148808 -0.025883 
0.672350 -0.740233 -0.000214 0.278282 0.960462 0.008523 0.992861 -0.118909 -0.009334 -0.723654 -0.689801 0.022355 -0.952600 0.300641 0.046565 -0.988477 0.148859 -0.027455 
0.672349 -0.740234 -0.000211 0.277808 0.960537 0.013806 0.993165 -0.116511 -0.006978 -0.723727 -0.689865 0.017512 -0.952949 0.300041 0.043165 -0.988759 0.146494 -0.029922 
0.672349 -0.740234 -0.000203 0.277258 0.960598 0.019502 0.993735 -0.111674 -0.004483 -0.723773 -0.689904 0.013651 -0.953310 0.299399 0.039510 -0.989380 0.141517 -0.033174 
0.672349 -0.740235 -0.000195 0.276761 0.960626 0.024527 0.994207 -0.107467 -0.001544 -0.723806 -0.689933 0.009872 -0.953610 0.298863 0.036171 -0.989865 0.137203 -0.036641 
0.672349 -0.740234 -0.000203 0.276314 0.960640 0.028676 0.994439 -0.105296 0.001879 -0.723830 -0.689953 0.005926 -0.953864 0.298427 0.032938 -0.990032 0.135045 -0.039981 
0.672349 -0.740234 -0.000161 0.275995 0.960607 0.032559 0.994506 -0.104548 0.005256 -0.723842 -0.689964 0.001769 -0.954049 0.298138 0.030069 -0.989985 0.134394 -0.043213 
0.672349 -0.740234 -0.000055 0.275809 0.960499 0.037023 0.994630 -0.103216 0.007568 -0.723843 -0.689964 0.000692 -0.954175 0.297982 0.027505 -0.989978 0.133074 -0.047276 
0.672290 -0.740288 -0.000107 0.275531 0.960372 0.042049 0.994874 -0.100682 0.009410 -0.723898 -0.689907 0.000482 -0.954317 0.297754 0.024949 -0.990110 0.130502 -0.051482 
0.672290 -0.740288 -0.000097 0.275167 0.960220 0.047538 0.995226 -0.097004 0.010757 -0.723898 -0.689907 0.000397 -0.954468 0.297458 0.022584 -0.990376 0.126722 -0.055648 
0.672225 -0.740347 -0.000848 0.274743 0.960042 0.053245 0.995642 -0.092467 0.012122 -0.723957 -0.689843 0.001472 -0.954621 0.297118 0.020468 -0.990706 0.122049 -0.060041 
0.672292 -0.740282 -0.002637 0.274354 0.959818 0.058985 0.995928 -0.089122 0.013591 -0.723893 -0.689912 0.000845 -0.954749 0.296823 0.018704 -0.990918 0.118659 -0.063254 
0.672292 -0.740282 -0.002351 0.274096 0.959529 0.064616 0.996251 -0.085419 0.013693 -0.723893 -0.689912 0.000736 -0.954825 0.296667 0.017244 -0.991134 0.114880 -0.066746 
0.672293 -0.740282 -0.002109 0.273934 0.959200 0.069964 0.996501 -0.082459 0.013678 -0.723893 -0.689912 0.000632 -0.954865 0.296602 0.016141 -0.991248 0.111893 -0.070047 
0.672293 -0.740282 -0.001900 0.273877 0.958837 0.074988 0.996687 -0.080205 0.013481 -0.723893 -0.689912 0.000518 -0.954868 0.296629 0.015439 -0.991278 0.109657 -0.073092 
0.672238 -0.740327 -0.003481 0.273886 0.958452 0.079721 0.996776 -0.078906 0.014514 -0.723947 -0.689850 -0.002763 -0.954851 0.296698 0.015170 -0.991277 0.108489 -0.074829 
0.672265 -0.740301 -0.003667 0.274030 0.958021 0.084286 0.996931 -0.077112 0.013488 -0.723920 -0.689883 -0.001292 -0.954795 0.296867 0.015388 -0.991261 0.106733 -0.077525 
0.672266 -0.740302 -0.003327 0.274192 0.957575 0.088704 0.997093 -0.075247 0.012010 -0.723919 -0.689884 -0.001200 -0.954735 0.297032 0.015901 -0.991293 0.104937 -0.079544 
0.672267 -0.740303 -0.003027 0.274356 0.957121 0.093001 0.997279 -0.073005 0.010246 -0.723919 -0.689884 -0.001128 -0.954679 0.297166 0.016750 -0.991379 0.102761 -0.081293 
0.672267 -0.740304 -0.002762 0.274525 0.956658 0.097170 0.997493 -0.070289 0.008208 -0.723919 -0.689884 -0.001074 -0.954625 0.297268 0.017952 -0.991526 0.100100 -0.082798 
0.672267 -0.740304 -0.002527 0.274722 0.956194 0.101099 0.997712 -0.067358 0.005871 -0.723919 -0.689885 -0.001036 -0.954568 0.297356 0.019499 -0.991715 0.097223 -0.083960 
0.672340 -0.740237 -0.002741 0.274965 0.955743 0.104640 0.997903 -0.064628 0.003569 -0.723851 -0.689954 -0.001723 -0.954501 0.297442 0.021377 -0.991935 0.094544 -0.084417 
0.672343 -0.740233 -0.002977 0.275168 0.955439 0.106860 0.998002 -0.063156 0.001727 -0.723848 -0.689957 -0.001707 -0.954448 0.297481 0.023106 -0.992046 0.093155 -0.084658 
0.672357 -0.740210 -0.005054 0.275215 0.955303 0.107944 0.998003 -0.063152 0.001605 -0.723834 -0.689971 -0.002029 -0.954443 0.297385 0.024503 -0.992064 0.093277 -0.084307 
0.672410 -0.740142 -0.007421 0.275210 0.955146 0.109344 0.998003 -0.063149 0.001496 -0.723779 -0.690027 -0.002425 -0.954452 0.297240 0.025861 -0.992082 0.093423 -0.083939 
0.672568 -0.739971 -0.009739 0.275029 0.955061 0.110532 0.998004 -0.063143 0.001396 -0.723625 -0.690188 -0.002830 -0.954516 0.296916 0.027201 -0.992108 0.093574 -0.083456 
0.672970 -0.739576 -0.011777 0.274601 0.955102 0.111243 0.998005 -0.063129 0.001306 -0.723242 -0.690587 -0.003210 -0.954655 0.296353 0.028429 -0.992153 0.093681 -0.082802 
0.673599 -0.738973 -0.013540 0.273899 0.955274 0.111498 0.998004 -0.063131 0.001223 -0.722645 -0.691211 -0.003429 -0.954878 0.295526 0.029523 -0.992207 0.093783 -0.082037 
0.674358 -0.738251 -0.015028 0.273006 0.955535 0.111452 0.998005 -0.063117 0.001130 -0.721924 -0.691963 -0.003528 -0.955158 0.294522 0.030485 -0.992265 0.093860 -0.081240 
0.675077 -0.737568 -0.016273 0.272155 0.955795 0.111298 0.998006 -0.063104 0.001041 -0.721241 -0.692675 -0.003538 -0.955423 0.293578 0.031296 -0.992318 0.093922 -0.080517 
0.675631 -0.737038 -0.017258 0.271500 0.955998 0.111158 0.998007 -0.063093 0.000959 -0.720711 -0.693227 -0.003485 -0.955625 0.292849 0.031937 -0.992360 0.093967 -0.079943 
0.675981 -0.736701 -0.017938 0.271090 0.956128 0.111036 0.998008 -0.063086 0.000881 -0.720375 -0.693577 -0.003374 -0.955752 0.292386 0.032389 -0.992390 0.093993 -0.079546 
0.676066 -0.736615 -0.018273 0.270996 0.956172 0.110891 0.998008 -0.063082 0.000810 -0.720290 -0.693666 -0.003214 -0.955781 0.292263 0.032643 -0.992408 0.093993 -0.079318 
0.676085 -0.736598 -0.018233 0.270977 0.956207 0.110633 0.998008 -0.063079 0.000747 -0.720270 -0.693687 -0.003050 -0.955787 0.292238 0.032690 -0.992420 0.093974 -0.079192 
0.676088 -0.736601 -0.017998 0.270976 0.956249 0.110268 0.998008 -0.063077 0.000693 -0.720268 -0.693690 -0.002891 -0.955787 0.292241 0.032646 -0.992431 0.093945 -0.079094 
0.676093 -0.736605 -0.017649 0.270970 0.956307 0.109783 0.998009 -0.063075 0.000643 -0.720266 -0.693693 -0.002740 -0.955789 0.292246 0.032551 -0.992444 0.093906 -0.078971 
0.676098 -0.736611 -0.017185 0.270959 0.956380 0.109174 0.998009 -0.063071 0.000599 -0.720263 -0.693696 -0.002594 -0.955792 0.292251 0.032408 -0.992461 0.093855 -0.078823 
0.676105 -0.736618 -0.016610 0.270945 0.956467 0.108442 0.998009 -0.063067 0.000558 -0.720261 -0.693699 -0.002452 -0.955797 0.292257 0.032218 -0.992480 0.093795 -0.078649 
0.676113 -0.736626 -0.015926 0.270926 0.956569 0.107584 0.998010 -0.063062 0.000522 -0.720258 -0.693702 -0.002313 -0.955803 0.292263 0.031986 -0.992503 0.093724 -0.078447 
0.676122 -0.736635 -0.015137 0.270903 0.956686 0.106600 0.998010 -0.063055 0.000489 -0.720255 -0.693706 -0.002176 -0.955810 0.292271 0.031713 -0.992529 0.093643 -0.078216 
0.676131 -0.736644 -0.014248 0.270878 0.956816 0.105491 0.998010 -0.063048 0.000458 -0.720253 -0.693709 -0.002038 -0.955817 0.292278 0.031405 -0.992558 0.093552 -0.077954 
0.676141 -0.736653 -0.013261 0.270850 0.956959 0.104259 0.998011 -0.063040 0.000431 -0.720250 -0.693712 -0.001899 -0.955826 0.292287 0.031064 -0.992590 0.093451 -0.077663 
0.676151 -0.736662 -0.012182 0.270819 0.957114 0.102906 0.998011 -0.063031 0.000406 -0.720247 -0.693715 -0.001760 -0.955835 0.292295 0.030691 -0.992626 0.093341 -0.077342 
0.676161 -0.736672 -0.011007 0.270794 0.957278 0.101435 0.998012 -0.063021 0.000382 -0.720244 -0.693719 -0.001617 -0.955843 0.292313 0.030285 -0.992664 0.093219 -0.076993 
0.676175 -0.736678 -0.009689 0.270822 0.957439 0.099826 0.998012 -0.063029 0.000367 -0.720238 -0.693726 -0.001469 -0.955834 0.292391 0.029802 -0.992706 0.093086 -0.076620 
0.676189 -0.736682 -0.008257 0.270885 0.957600 0.098097 0.998011 -0.063045 0.000358 -0.720231 -0.693733 -0.001317 -0.955815 0.292508 0.029259 -0.992749 0.092942 -0.076225 
0.676198 -0.736689 -0.006748 0.270957 0.957762 0.096303 0.998011 -0.063033 0.000338 -0.720228 -0.693737 -0.001162 -0.955793 0.292636 0.028697 -0.992798 0.092763 -0.075816 
0.676211 -0.736690 -0.005219 0.270997 0.957938 0.094426 0.998010 -0.063055 0.000323 -0.720219 -0.693746 -0.000992 -0.955781 0.292733 0.028106 -0.992845 0.092623 -0.075366 
0.676217 -0.736691 -0.003990 0.270972 0.958143 0.092396 0.997972 -0.063654 0.000289 -0.720216 -0.693749 -0.000791 -0.955789 0.292762 0.027540 -0.992856 0.093122 -0.074601 
0.676221 -0.736693 -0.002853 0.271059 0.958372 0.089729 0.997865 -0.065308 0.000266 -0.720214 -0.693751 -0.000609 -0.955763 0.292848 0.027536 -0.992777 0.094730 -0.073627 
0.676164 -0.736746 -0.002689 0.271327 0.958594 0.086485 0.997705 -0.067712 0.000404 -0.720265 -0.693698 0.000819 -0.955680 0.293095 0.027781 -0.992631 0.097111 -0.072472 
0.676167 -0.736747 -0.001312 0.271593 0.958800 0.083303 0.997565 -0.069740 0.000404 -0.720265 -0.693699 0.000603 -0.955596 0.293337 0.028117 -0.992516 0.099088 -0.071373 
0.676168 -0.736747 -0.000876 0.271738 0.959027 0.080164 0.997445 -0.071440 0.000507 -0.720265 -0.693698 0.000489 -0.955547 0.293444 0.028652 -0.992454 0.100760 -0.069870 
0.676168 -0.736747 -0.000792 0.271874 0.959253 0.076927 0.997301 -0.073413 0.000741 -0.720266 -0.693698 0.000427 -0.955498 0.293553 0.029155 -0.992370 0.102723 -0.068185 
0.676168 -0.736747 -0.000716 0.272026 0.959465 0.073680 0.997150 -0.075438 0.000854 -0.720266 -0.693698 0.000374 -0.955442 0.293682 0.029692 -0.992282 0.104741 -0.066371 
0.676168 -0.736747 -0.000648 0.272160 0.959666 0.070502 0.997004 -0.077347 0.000845 -0.720266 -0.693698 0.000332 -0.955389 0.293795 0.030270 -0.992205 0.106645 -0.064470 
0.676168 -0.736748 -0.000587 0.272263 0.959856 0.067447 0.996872 -0.079033 0.000713 -0.720266 -0.693698 0.000299 -0.955344 0.293879 0.030878 -0.992148 0.108321 -0.062517 
0.676052 -0.736848 -0.003100 0.272317 0.960041 0.064539 0.996766 -0.080350 0.000822 -0.720361 -0.693592 0.003333 -0.955310 0.293912 0.031606 -0.992129 0.109639 -0.060490 
0.676053 -0.736848 -0.002799 0.272288 0.960232 0.061753 0.996665 -0.081597 0.000632 -0.720362 -0.693592 0.003019 -0.955302 0.293879 0.032147 -0.992104 0.110874 -0.058618 
0.676015 -0.736882 -0.003039 0.272178 0.960431 0.059094 0.996578 -0.082652 0.000656 -0.720396 -0.693555 0.003357 -0.955318 0.293773 0.032628 -0.992081 0.111945 -0.056949 
0.676141 -0.736772 -0.001032 0.272042 0.960629 0.056442 0.996535 -0.083171 -0.000468 -0.720266 -0.693659 0.007327 -0.955342 0.293647 0.033069 -0.992016 0.112371 -0.057248 
0.676142 -0.736771 -0.000947 0.271894 0.960809 0.054025 0.996484 -0.083777 -0.000404 -0.720269 -0.693663 0.006612 -0.955370 0.293517 0.033410 -0.992046 0.112979 -0.055495 
0.676143 -0.736770 -0.000870 0.271798 0.960974 0.051522 0.996389 -0.084906 -0.000346 -0.720273 -0.693665 0.005971 -0.955382 0.293447 0.033690 -0.992015 0.114131 -0.053673 
0.676143 -0.736770 -0.000803 0.271746 0.961116 0.049085 0.996278 -0.086203 -0.000298 -0.720275 -0.693667 0.005407 -0.955379 0.293423 0.033965 -0.991956 0.115455 -0.051907 
0.676143 -0.736770 -0.000746 0.271768 0.961231 0.046655 0.996132 -0.087872 -0.000262 -0.720277 -0.693669 0.004916 -0.955352 0.293469 0.034340 -0.991841 0.117172 -0.050226 
0.676085 -0.736822 -0.001563 0.271758 0.961343 0.044360 0.995991 -0.089455 -0.000141 -0.720323 -0.693613 0.005917 -0.955333 0.293484 0.034724 -0.991717 0.118823 -0.048778 
0.676086 -0.736821 -0.001424 0.271673 0.961451 0.042489 0.995917 -0.090271 -0.000127 -0.720326 -0.693615 0.005398 -0.955342 0.293427 0.034952 -0.991681 0.119666 -0.047429 
0.676087 -0.736820 -0.001298 0.271531 0.961563 0.040836 0.995860 -0.090902 -0.000119 -0.720328 -0.693616 0.004940 -0.955370 0.293309 0.035188 -0.991654 0.120342 -0.046257 
0.676088 -0.736820 -0.001188 0.271470 0.961645 0.039282 0.995776 -0.091818 -0.000114 -0.720329 -0.693617 0.004535 -0.955370 0.293267 0.035540 -0.991582 0.121319 -0.045237 
0.676077 -0.736822 -0.003559 0.271529 0.961690 0.037748 0.995656 -0.093113 0.000101 -0.720303 -0.693612 0.008165 -0.955328 0.293334 0.036108 -0.991446 0.122660 -0.044609 
0.675992 -0.736894 -0.004699 0.271475 0.961749 0.036613 0.995590 -0.093809 0.000306 -0.720364 -0.693536 0.009140 -0.955330 0.293296 0.036366 -0.991389 0.123419 -0.043770 
0.675995 -0.736893 -0.004305 0.271527 0.961768 0.035709 0.995555 -0.094180 0.000263 -0.720371 -0.693538 0.008386 -0.955304 0.293363 0.036505 -0.991373 0.123782 -0.043092 
0.675904 -0.736971 -0.005202 0.271493 0.961807 0.034927 0.995529 -0.094456 0.000430 -0.720441 -0.693456 0.009175 -0.955303 0.293339 0.036720 -0.991358 0.124099 -0.042538 
0.675888 -0.736988 -0.004993 0.271534 0.961818 0.034282 0.995507 -0.094689 0.000407 -0.720463 -0.693438 0.008723 -0.955282 0.293390 0.036870 -0.991347 0.124338 -0.042085 
0.675891 -0.736988 -0.004556 0.271575 0.961824 0.033787 0.995493 -0.094839 0.000358 -0.720471 -0.693439 0.008007 -0.955261 0.293436 0.037025 -0.991342 0.124488 -0.041757 
0.675894 -0.736987 -0.004140 0.271621 0.961824 0.033416 0.995477 -0.095007 0.000375 -0.720477 -0.693440 0.007314 -0.955242 0.293487 0.037119 -0.991329 0.124660 -0.041557 
0.675896 -0.736987 -0.003765 0.271666 0.961821 0.033149 0.995449 -0.095291 0.000564 -0.720483 -0.693441 0.006690 -0.955228 0.293541 0.037061 -0.991292 0.124956 -0.041548 
0.675898 -0.736987 -0.003427 0.271706 0.961814 0.032999 0.995413 -0.095667 0.000927 -0.720487 -0.693441 0.006129 -0.955219 0.293594 0.036861 -0.991234 0.125349 -0.041742 
0.675900 -0.736987 -0.003122 0.271739 0.961805 0.032999 0.995379 -0.096014 0.001394 -0.720491 -0.693442 0.005622 -0.955217 0.293639 0.036549 -0.991173 0.125715 -0.042104 
0.675902 -0.736986 -0.002834 0.271737 0.961799 0.033204 0.995367 -0.096127 0.001927 -0.720494 -0.693442 0.005135 -0.955231 0.293650 0.036112 -0.991135 0.125839 -0.042616 
0.675903 -0.736986 -0.002567 0.271718 0.961794 0.033502 0.995367 -0.096114 0.002453 -0.720497 -0.693443 0.004677 -0.955250 0.293644 0.035638 -0.991112 0.125831 -0.043165 
0.675904 -0.736986 -0.002325 0.271699 0.961787 0.033837 0.995369 -0.096084 0.002961 -0.720498 -0.693444 0.004264 -0.955270 0.293636 0.035176 -0.991091 0.125805 -0.043727 
0.675905 -0.736985 -0.002106 0.271680 0.961779 0.034212 0.995372 -0.096036 0.003455 -0.720500 -0.693444 0.003890 -0.955289 0.293628 0.034717 -0.991071 0.125762 -0.044305 
0.675906 -0.736985 -0.001908 0.271660 0.961770 0.034625 0.995376 -0.095973 0.003938 -0.720502 -0.693444 0.003551 -0.955309 0.293618 0.034262 -0.991051 0.125703 -0.044901 
0.675907 -0.736985 -0.001728 0.271640 0.961759 0.035076 0.995382 -0.095895 0.004413 -0.720503 -0.693444 0.003243 -0.955328 0.293608 0.033805 -0.991033 0.125628 -0.045514 
0.675907 -0.736985 -0.001566 0.271620 0.961747 0.035563 0.995388 -0.095802 0.004882 -0.720504 -0.693445 0.002965 -0.955348 0.293596 0.033348 -0.991015 0.125539 -0.046148 
0.675908 -0.736985 -0.001428 0.271598 0.961734 0.036091 0.995396 -0.095696 0.005340 -0.720505 -0.693445 0.002711 -0.955367 0.293583 0.032894 -0.990998 0.125437 -0.046793 
0.675908 -0.736985 -0.001305 0.271576 0.961719 0.036651 0.995405 -0.095578 0.005794 -0.720505 -0.693445 0.002482 -0.955387 0.293570 0.032440 -0.990981 0.125322 -0.047455 
0.675908 -0.736985 -0.001193 0.271553 0.961703 0.037239 0.995415 -0.095448 0.006245 -0.720506 -0.693445 0.002273 -0.955407 0.293555 0.031980 -0.990964 0.125196 -0.048134 
0.675909 -0.736985 -0.001092 0.271530 0.961685 0.037852 0.995425 -0.095309 0.006693 -0.720506 -0.693445 0.002082 -0.955427 0.293540 0.031520 -0.990947 0.125060 -0.048828 
0.675909 -0.736984 -0.001000 0.271505 0.961667 0.038487 0.995436 -0.095162 0.007139 -0.720507 -0.693445 0.001909 -0.955447 0.293525 0.031055 -0.990930 0.124916 -0.049534 
0.675909 -0.736985 -0.000916 0.271481 0.961648 0.039139 0.995448 -0.095007 0.007581 -0.720507 -0.693446 0.001751 -0.955467 0.293510 0.030592 -0.990913 0.124765 -0.050248 
0.675909 -0.736984 -0.000842 0.271455 0.961628 0.039804 0.995459 -0.094848 0.008019 -0.720507 -0.693446 0.001608 -0.955486 0.293494 0.030131 -0.990896 0.124609 -0.050968 
0.675967 -0.736929 -0.002141 0.271374 0.961622 0.040477 0.995484 -0.094537 0.008579 -0.720443 -0.693504 0.003751 -0.955520 0.293420 0.029766 -0.990890 0.124272 -0.051908 
0.675968 -0.736929 -0.001946 0.271300 0.961611 0.041246 0.995532 -0.093996 0.008955 -0.720444 -0.693505 0.003411 -0.955555 0.293357 0.029251 -0.990923 0.123715 -0.052594 
0.675968 -0.736929 -0.001770 0.271217 0.961603 0.041957 0.995579 -0.093457 0.009374 -0.720445 -0.693505 0.003104 -0.955592 0.293290 0.028708 -0.990956 0.123160 -0.053276 
0.675969 -0.736928 -0.001606 0.271151 0.961595 0.042562 0.995610 -0.093083 0.009839 -0.720446 -0.693505 0.002824 -0.955624 0.293241 0.028168 -0.990967 0.122777 -0.053941 
0.675969 -0.736928 -0.001459 0.271119 0.961582 0.043068 0.995618 -0.092944 0.010289 -0.720447 -0.693505 0.002568 -0.955642 0.293224 0.027706 -0.990950 0.122640 -0.054563 
0.675970 -0.736928 -0.001327 0.271095 0.961567 0.043538 0.995622 -0.092852 0.010709 -0.720447 -0.693506 0.002336 -0.955657 0.293215 0.027291 -0.990929 0.122552 -0.055148 
0.675970 -0.736928 -0.001208 0.271073 0.961553 0.043984 0.995626 -0.092763 0.011099 -0.720448 -0.693506 0.002125 -0.955671 0.293206 0.026906 -0.990908 0.122468 -0.055698 
0.675970 -0.736928 -0.001100 0.271052 0.961540 0.044405 0.995630 -0.092679 0.011461 -0.720449 -0.693506 0.001933 -0.955683 0.293197 0.026548 -0.990889 0.122387 -0.056212 
0.676074 -0.736828 -0.002920 0.270931 0.961556 0.044782 0.995644 -0.092460 0.011983 -0.720333 -0.693611 0.004945 -0.955724 0.293085 0.026304 -0.990877 0.122133 -0.056967 
0.676075 -0.736828 -0.002650 0.270922 0.961541 0.045159 0.995644 -0.092426 0.012291 -0.720335 -0.693612 0.004490 -0.955733 0.293087 0.025987 -0.990856 0.122104 -0.057409 
0.676076 -0.736828 -0.002406 0.270905 0.961530 0.045496 0.995648 -0.092335 0.012640 -0.720337 -0.693612 0.004076 -0.955743 0.293084 0.025638 -0.990841 0.122014 -0.057852 
0.676078 -0.736827 -0.002183 0.270874 0.961526 0.045774 0.995652 -0.092237 0.013039 -0.720339 -0.693613 0.003700 -0.955758 0.293070 0.025247 -0.990827 0.121916 -0.058288 
0.676078 -0.736827 -0.001969 0.270845 0.961523 0.046000 0.995653 -0.092165 0.013436 -0.720340 -0.693613 0.003355 -0.955771 0.293058 0.024864 -0.990812 0.121844 -0.058699 
0.676079 -0.736827 -0.001774 0.270823 0.961521 0.046187 0.995651 -0.092130 0.013794 -0.720341 -0.693613 0.003043 -0.955782 0.293051 0.024535 -0.990794 0.121812 -0.059066 
0.676080 -0.736827 -0.001597 0.270807 0.961518 0.046339 0.995647 -0.092128 0.014113 -0.720342 -0.693614 0.002761 -0.955790 0.293048 0.024255 -0.990775 0.121813 -0.059390 
0.676080 -0.736827 -0.001450 0.270791 0.961516 0.046473 0.995642 -0.092137 0.014410 -0.720343 -0.693614 0.002507 -0.955798 0.293044 0.024002 -0.990756 0.121826 -0.059682 
0.676028 -0.736874 -0.001697 0.270770 0.961516 0.046600 0.995639 -0.092120 0.014740 -0.720390 -0.693563 0.002911 -0.955807 0.293033 0.023771 -0.990735 0.121824 -0.060026 
0.676028 -0.736874 -0.001535 0.270754 0.961513 0.046741 0.995634 -0.092125 0.015049 -0.720391 -0.693563 0.002644 -0.955814 0.293030 0.023494 -0.990715 0.121833 -0.060330 
0.676029 -0.736874 -0.001396 0.270738 0.961512 0.046865 0.995628 -0.092139 0.015347 -0.720392 -0.693563 0.002402 -0.955822 0.293026 0.023241 -0.990696 0.121851 -0.060614 
0.676024 -0.736878 -0.001343 0.270714 0.961514 0.046963 0.995621 -0.092160 0.015647 -0.720397 -0.693558 0.002346 -0.955832 0.293013 0.023008 -0.990674 0.121877 -0.060910 
0.676443 -0.736487 -0.003625 0.270492 0.961573 0.047025 0.995608 -0.092178 0.016379 -0.719983 -0.693976 0.004707 -0.955900 0.292797 0.022915 -0.990670 0.121812 -0.061112 
0.676444 -0.736486 -0.003290 0.270112 0.961679 0.047042 0.995602 -0.092197 0.016643 -0.719985 -0.693976 0.004283 -0.956018 0.292434 0.022615 -0.990640 0.121948 -0.061323 
0.676446 -0.736486 -0.002987 0.269998 0.961707 0.047129 0.995592 -0.092246 0.016954 -0.719987 -0.693976 0.003899 -0.956055 0.292335 0.022318 -0.990611 0.122034 -0.061630 
0.676447 -0.736486 -0.002712 0.269980 0.961705 0.047274 0.995585 -0.092252 0.017336 -0.719989 -0.693976 0.003551 -0.956064 0.292335 0.021956 -0.990585 0.122043 -0.062022 
0.676448 -0.736486 -0.002447 0.269959 0.961703 0.047422 0.995577 -0.092250 0.017763 -0.719990 -0.693977 0.003221 -0.956073 0.292334 0.021553 -0.990559 0.122043 -0.062445 
0.676449 -0.736486 -0.002206 0.269932 0.961704 0.047557 0.995571 -0.092240 0.018183 -0.719992 -0.693977 0.002921 -0.956084 0.292327 0.021159 -0.990534 0.122033 -0.062850 
0.676450 -0.736486 -0.001987 0.269902 0.961707 0.047674 0.995564 -0.092232 0.018600 -0.719992 -0.693977 0.002649 -0.956096 0.292316 0.020774 -0.990510 0.122026 -0.063239 
0.676451 -0.736486 -0.001789 0.269870 0.961711 0.047767 0.995555 -0.092241 0.019017 -0.719993 -0.693977 0.002402 -0.956108 0.292302 0.020399 -0.990485 0.122037 -0.063611 
0.676451 -0.736486 -0.001616 0.269837 0.961718 0.047829 0.995543 -0.092281 0.019439 -0.719994 -0.693977 0.002179 -0.956121 0.292287 0.020042 -0.990457 0.122081 -0.063967 
0.676451 -0.736486 -0.001466 0.269804 0.961725 0.047858 0.995528 -0.092360 0.019863 -0.719994 -0.693977 0.001977 -0.956132 0.292272 0.019703 -0.990425 0.122165 -0.064302 
0.676452 -0.736486 -0.001330 0.269772 0.961734 0.047866 0.995510 -0.092454 0.020280 -0.719995 -0.693977 0.001794 -0.956144 0.292257 0.019378 -0.990392 0.122264 -0.064621 
0.676452 -0.736486 -0.001207 0.269739 0.961743 0.047861 0.995493 -0.092553 0.020689 -0.719995 -0.693977 0.001630 -0.956155 0.292240 0.019066 -0.990359 0.122369 -0.064925 
0.676452 -0.736486 -0.001095 0.269707 0.961753 0.047847 0.995475 -0.092655 0.021083 -0.719996 -0.693977 0.001480 -0.956166 0.292223 0.018767 -0.990327 0.122477 -0.065212 
0.676452 -0.736486 -0.000993 0.269676 0.961763 0.047827 0.995458 -0.092756 0.021458 -0.719996 -0.693977 0.001345 -0.956176 0.292207 0.018487 -0.990296 0.122584 -0.065481 
0.676453 -0.736486 -0.000901 0.269647 0.961772 0.047803 0.995441 -0.092852 0.021809 -0.719996 -0.693977 0.001223 -0.956186 0.292191 0.018225 -0.990266 0.122686 -0.065731 
0.676453 -0.736486 -0.000823 0.269617 0.961782 0.047777 0.995425 -0.092942 0.022136 -0.719996 -0.693977 0.001116 -0.956196 0.292174 0.017991 -0.990239 0.122781 -0.065961 
0.676265 -0.736652 -0.002881 0.269496 0.961821 0.047666 0.995300 -0.093814 0.024000 -0.720172 -0.693796 -0.000289 -0.956234 0.292067 0.017723 -0.990134 0.123790 -0.065657 
0.676266 -0.736653 -0.002602 0.269461 0.961834 0.047608 0.995317 -0.093609 0.024099 -0.720172 -0.693796 -0.000218 -0.956245 0.292045 0.017477 -0.990150 0.123568 -0.065835 
0.676266 -0.736654 -0.002342 0.269443 0.961847 0.047438 0.995317 -0.093572 0.024268 -0.720172 -0.693796 -0.000149 -0.956251 0.292039 0.017248 -0.990144 0.123520 -0.066008 
0.676267 -0.736654 -0.002109 0.269426 0.961863 0.047217 0.995304 -0.093656 0.024450 -0.720172 -0.693796 -0.000077 -0.956257 0.292034 0.017022 -0.990126 0.123599 -0.066139 
0.676267 -0.736654 -0.001929 0.269396 0.961882 0.046991 0.995281 -0.093847 0.024670 -0.720171 -0.693796 -0.000024 -0.956266 0.292017 0.016755 -0.990095 0.123795 -0.066238 
0.676222 -0.736695 -0.001970 0.269338 0.961910 0.046762 0.995227 -0.094264 0.025259 -0.720214 -0.693751 -0.000830 -0.956284 0.291973 0.016513 -0.990038 0.124261 -0.066206 
0.676070 -0.736825 -0.004183 0.269175 0.961968 0.046510 0.995203 -0.094377 0.025748 -0.720343 -0.693614 0.002310 -0.956334 0.291815 0.016430 -0.990006 0.124447 -0.066347 
0.676072 -0.736826 -0.003792 0.269062 0.962015 0.046190 0.995156 -0.094820 0.025951 -0.720345 -0.693613 0.002113 -0.956368 0.291719 0.016117 -0.989942 0.124934 -0.066374 
0.676073 -0.736827 -0.003439 0.269052 0.962025 0.046036 0.995147 -0.094855 0.026172 -0.720345 -0.693613 0.001935 -0.956372 0.291720 0.015888 -0.989925 0.124967 -0.066573 
0.676074 -0.736827 -0.003106 0.269039 0.962034 0.045927 0.995137 -0.094873 0.026491 -0.720346 -0.693613 0.001771 -0.956376 0.291723 0.015565 -0.989904 0.124979 -0.066857 
0.676075 -0.736828 -0.002797 0.269023 0.962040 0.045890 0.995127 -0.094880 0.026830 -0.720347 -0.693612 0.001615 -0.956381 0.291725 0.015215 -0.989881 0.124982 -0.067189 
0.676076 -0.736828 -0.002514 0.269007 0.962045 0.045866 0.995117 -0.094892 0.027155 -0.720347 -0.693612 0.001466 -0.956387 0.291725 0.014880 -0.989859 0.124991 -0.067505 
0.676076 -0.736828 -0.002257 0.268991 0.962051 0.045840 0.995107 -0.094914 0.027455 -0.720348 -0.693612 0.001330 -0.956392 0.291724 0.014568 -0.989837 0.125011 -0.067790 
0.676077 -0.736828 -0.002025 0.268977 0.962056 0.045814 0.995097 -0.094939 0.027729 -0.720348 -0.693612 0.001208 -0.956396 0.291723 0.014283 -0.989816 0.125033 -0.068048 
0.676077 -0.736829 -0.001824 0.268961 0.962062 0.045787 0.995086 -0.094979 0.027983 -0.720348 -0.693612 0.001096 -0.956401 0.291720 0.014018 -0.989796 0.125073 -0.068274 
0.676077 -0.736829 -0.001649 0.268947 0.962067 0.045764 0.995076 -0.095020 0.028209 -0.720348 -0.693612 0.000996 -0.956405 0.291717 0.013782 -0.989777 0.125114 -0.068472 
0.676078 -0.736829 -0.001491 0.268936 0.962071 0.045753 0.995069 -0.095036 0.028400 -0.720349 -0.693611 0.000905 -0.956408 0.291716 0.013585 -0.989762 0.125129 -0.068653 
0.676078 -0.736829 -0.001351 0.268929 0.962073 0.045750 0.995064 -0.095037 0.028565 -0.720349 -0.693611 0.000825 -0.956411 0.291716 0.013419 -0.989751 0.125129 -0.068816 
0.675921 -0.736966 -0.003415 0.268874 0.962093 0.045645 0.994943 -0.095866 0.029957 -0.720495 -0.693461 0.000098 -0.956427 0.291673 0.013194 -0.989665 0.126064 -0.068341 
0.675921 -0.736967 -0.003093 0.268886 0.962094 0.045559 0.994947 -0.095832 0.029951 -0.720495 -0.693461 0.000108 -0.956423 0.291691 0.013054 -0.989664 0.126020 -0.068443 
0.675922 -0.736968 -0.002808 0.268882 0.962102 0.045417 0.994942 -0.095824 0.030131 -0.720495 -0.693460 0.000122 -0.956425 0.291697 0.012835 -0.989652 0.126004 -0.068647 
0.675922 -0.736969 -0.002542 0.268871 0.962112 0.045274 0.994934 -0.095838 0.030345 -0.720495 -0.693460 0.000120 -0.956428 0.291697 0.012590 -0.989636 0.126011 -0.068855 
0.675922 -0.736969 -0.002311 0.268854 0.962124 0.045117 0.994921 -0.095911 0.030563 -0.720495 -0.693460 0.000126 -0.956433 0.291692 0.012339 -0.989615 0.126082 -0.069029 
0.676002 -0.736890 -0.003855 0.268766 0.962157 0.044942 0.994912 -0.095882 0.030925 -0.720406 -0.693546 0.003015 -0.956459 0.291610 0.012218 -0.989596 0.126017 -0.069419 
0.676003 -0.736890 -0.003489 0.268633 0.962204 0.044722 0.994881 -0.096122 0.031193 -0.720407 -0.693546 0.002746 -0.956499 0.291491 0.011911 -0.989551 0.126303 -0.069551 
0.676005 -0.736891 -0.003156 0.268565 0.962229 0.044585 0.994866 -0.096173 0.031515 -0.720408 -0.693546 0.002502 -0.956519 0.291438 0.011601 -0.989525 0.126371 -0.069792 
0.676006 -0.736891 -0.002840 0.268518 0.962246 0.044497 0.994849 -0.096224 0.031882 -0.720409 -0.693545 0.002278 -0.956533 0.291408 0.011239 -0.989496 0.126430 -0.070088 
0.676007 -0.736891 -0.002554 0.268478 0.962259 0.044463 0.994829 -0.096302 0.032274 -0.720410 -0.693545 0.002074 -0.956544 0.291386 0.010839 -0.989462 0.126515 -0.070416 
0.676007 -0.736891 -0.002308 0.268448 0.962269 0.044441 0.994803 -0.096433 0.032671 -0.720411 -0.693545 0.001881 -0.956552 0.291375 0.010425 -0.989423 0.126651 -0.070724 
