-0.001580 -0.002982 0.999994 -0.002646 0.001417 0.999995 -0.002744 0.001392 0.999995 -0.001607 -0.002988 0.999994 
-0.001206 -0.002274 0.999997 -0.000828 0.000443 1.000000 -0.000889 0.000451 1.000000 -0.001222 -0.002272 0.999997 
-0.001065 -0.002008 0.999997 0.006924 -0.003712 0.999969 0.006959 -0.003533 0.999970 -0.001054 -0.001959 0.999998 
0.000489 0.000922 0.999999 0.001062 -0.000570 0.999999 0.001095 -0.000556 0.999999 0.000498 0.000925 0.999999 
-0.000778 -0.001464 0.999999 -0.001718 0.000923 0.999998 -0.001771 0.000901 0.999998 -0.000793 -0.001470 0.999999 
-0.000078 -0.000147 1.000000 -0.001628 0.000874 0.999998 -0.001650 0.000839 0.999998 -0.000084 -0.000157 1.000000 
-0.000075 -0.000141 1.000000 -0.001461 0.000785 0.999999 -0.001481 0.000753 0.999999 -0.000080 -0.000149 1.000000 
0.000758 0.001429 0.999999 -0.000306 0.000164 1.000000 -0.000277 0.000141 1.000000 0.000766 0.001422 0.999999 
0.000527 0.000993 0.999999 -0.000101 0.000054 1.000000 -0.000080 0.000041 1.000000 0.000533 0.000989 0.999999 
-0.000666 -0.001255 0.999999 -0.000550 0.000294 1.000000 -0.000584 0.000296 1.000000 -0.000675 -0.001255 0.999999 
-0.001048 -0.001977 0.999997 -0.000436 0.000233 1.000000 -0.000485 0.000246 1.000000 -0.001061 -0.001974 0.999997 
-0.002722 -0.005282 0.999982 -0.000019 0.000010 1.000000 -0.000139 0.000068 1.000000 -0.002755 -0.005265 0.999982 
-0.001571 -0.003127 0.999994 -0.000110 0.000056 1.000000 -0.000181 0.000087 1.000000 -0.001590 -0.003118 0.999994 
-0.001294 -0.002576 0.999996 0.000025 -0.000013 1.000000 -0.000033 0.000016 1.000000 -0.001310 -0.002568 0.999996 
-0.001620 -0.003222 0.999993 0.001191 -0.000605 0.999999 0.001132 -0.000544 0.999999 -0.001636 -0.003205 0.999994 
-0.001468 -0.002920 0.999995 0.001084 -0.000551 0.999999 0.001031 -0.000495 0.999999 -0.001482 -0.002904 0.999995 
-0.009259 -0.019897 0.999759 0.004821 -0.002268 0.999986 0.004422 -0.001961 0.999988 -0.009367 -0.019811 0.999760 
-0.010190 -0.022269 0.999700 0.002834 -0.001312 0.999995 0.002362 -0.001030 0.999997 -0.010318 -0.022189 0.999701 
-0.008800 -0.017188 0.999814 0.002115 -0.001094 0.999997 0.001751 -0.000857 0.999998 -0.008898 -0.017121 0.999814 
0.000311 0.000593 1.000000 -0.000673 0.000357 1.000000 -0.000668 0.000335 1.000000 0.000313 0.000587 1.000000 
0.000142 0.000270 1.000000 -0.000519 0.000276 1.000000 -0.000519 0.000262 1.000000 0.000142 0.000266 1.000000 
0.001658 0.003150 0.999994 -0.001573 0.000837 0.999998 -0.001521 0.000766 0.999999 0.001672 0.003130 0.999994 
-0.000443 -0.000845 1.000000 0.001922 -0.001019 0.999998 0.001925 -0.000966 0.999998 -0.000442 -0.000831 1.000000 
-0.000583 -0.001130 0.999999 0.001739 -0.000907 0.999998 0.001733 -0.000855 0.999998 -0.000584 -0.001116 0.999999 
-0.004169 -0.008400 0.999956 0.001379 -0.000692 0.999999 0.001205 -0.000571 0.999999 -0.004217 -0.008366 0.999956 
-0.010579 -0.021213 0.999719 0.000194 -0.000098 1.000000 -0.000281 0.000134 1.000000 -0.010708 -0.021147 0.999719 
-0.019104 -0.036613 0.999147 -0.002406 0.001269 0.999996 -0.003257 0.001626 0.999993 -0.019335 -0.036511 0.999146 
0.022429 -0.005297 0.999734 -0.005494 0.002866 0.999981 -0.026292 -0.048308 0.998486 0.029177 0.032470 0.999047 -0.002713 -0.011384 0.999932 0.009891 0.007494 0.999923 
-0.006095 0.001562 0.999980 -0.005134 0.002789 0.999983 -0.026911 -0.047513 0.998508 0.028847 0.030207 0.999127 -0.005000 -0.019375 0.999800 -0.001554 -0.001121 0.999998 
-0.010946 0.002968 0.999936 -0.002868 0.001627 0.999995 -0.023864 -0.040381 0.998899 0.012090 0.012023 0.999855 -0.007801 -0.028609 0.999560 -0.009566 -0.006589 0.999933 
-0.004125 0.001125 0.999991 -0.002511 0.001436 0.999996 -0.023791 -0.039928 0.998919 0.002004 0.001966 0.999996 -0.007953 -0.028975 0.999548 -0.012715 -0.008661 0.999882 
-0.002334 0.000639 0.999997 -0.001640 0.000938 0.999998 -0.028554 -0.047915 0.998443 0.000796 0.000782 0.999999 -0.009432 -0.034240 0.999369 -0.015681 -0.010684 0.999820 
-0.003912 0.001083 0.999992 -0.001818 0.001043 0.999998 -0.035025 -0.058582 0.997668 0.001876 0.001846 0.999997 -0.010717 -0.038462 0.999203 -0.020240 -0.013789 0.999700 
-0.006968 0.001965 0.999974 -0.002200 0.001269 0.999997 -0.043362 -0.072155 0.996450 0.003976 0.003926 0.999984 -0.012305 -0.043392 0.998982 -0.026178 -0.017822 0.999498 
-0.008484 0.002408 0.999961 -0.002380 0.001373 0.999996 -0.050681 -0.084354 0.995146 0.005029 0.004964 0.999975 -0.014146 -0.049598 0.998669 -0.030940 -0.021054 0.999299 
-0.007844 0.002201 0.999967 -0.003059 0.001749 0.999994 -0.055657 -0.093480 0.994064 0.004403 0.004329 0.999981 -0.015847 -0.056202 0.998294 -0.033681 -0.022940 0.999169 
-0.005187 0.001413 0.999986 -0.003275 0.001837 0.999993 -0.057875 -0.099049 0.993398 0.002399 0.002340 0.999994 -0.017295 -0.063153 0.997854 -0.034318 -0.023429 0.999136 
-0.001662 0.000433 0.999999 -0.003443 0.001881 0.999992 -0.058163 -0.102119 0.993070 -0.000197 -0.000190 1.000000 -0.018447 -0.070347 0.997352 -0.033398 -0.022899 0.999180 
-0.000247 0.000062 1.000000 -0.003454 0.001848 0.999992 -0.058036 -0.104017 0.992881 -0.001250 -0.001198 0.999999 -0.019038 -0.074947 0.997006 -0.032756 -0.022528 0.999209 
-0.000201 0.000051 1.000000 -0.001174 0.000627 0.999999 -0.059235 -0.106320 0.992566 -0.000935 -0.000895 0.999999 -0.019840 -0.078142 0.996745 -0.033544 -0.023068 0.999171 
-0.000087 0.000022 1.000000 0.000873 -0.000465 1.000000 -0.060179 -0.108282 0.992297 -0.000605 -0.000579 1.000000 -0.020442 -0.080831 0.996518 -0.034157 -0.023496 0.999140 
-0.000042 0.000011 1.000000 0.003328 -0.001760 0.999993 -0.060479 -0.109365 0.992160 -0.000265 -0.000254 1.000000 -0.020870 -0.083147 0.996319 -0.034528 -0.023797 0.999120 
-0.000000 0.000000 1.000000 0.004432 -0.002327 0.999987 -0.060278 -0.109766 0.992128 -0.000127 -0.000121 1.000000 -0.021095 -0.085002 0.996157 -0.034305 -0.023717 0.999130 
0.000002 -0.000001 1.000000 0.004696 -0.002463 0.999986 -0.060233 -0.109773 0.992130 -0.000095 -0.000091 1.000000 -0.021406 -0.086511 0.996021 -0.033889 -0.023441 0.999151 
0.000006 -0.000001 1.000000 0.005302 -0.002779 0.999982 -0.059997 -0.109391 0.992186 -0.000076 -0.000073 1.000000 -0.021680 -0.087623 0.995918 -0.033524 -0.023193 0.999169 
0.000016 -0.000004 1.000000 0.006074 -0.003181 0.999976 -0.059350 -0.108300 0.992345 -0.000065 -0.000063 1.000000 -0.021910 -0.088556 0.995830 -0.032887 -0.022760 0.999200 
0.000032 -0.000008 1.000000 0.007015 -0.003671 0.999969 -0.058595 -0.106974 0.992534 -0.000056 -0.000053 1.000000 -0.022195 -0.089705 0.995721 -0.032113 -0.022231 0.999237 
0.000016 -0.000004 1.000000 0.008543 -0.004487 0.999953 -0.057974 -0.105412 0.992737 0.000027 0.000026 1.000000 -0.022414 -0.090498 0.995644 -0.031524 -0.021797 0.999265 
0.000043 -0.000011 1.000000 0.010564 -0.005581 0.999929 -0.057586 -0.104032 0.992905 0.000028 0.000026 1.000000 -0.022797 -0.091422 0.995551 -0.031245 -0.021554 0.999279 
0.000068 -0.000017 1.000000 0.012803 -0.006831 0.999895 -0.057743 -0.103256 0.992977 0.000028 0.000027 1.000000 -0.023287 -0.091779 0.995507 -0.031618 -0.021721 0.999264 
0.000168 -0.000043 1.000000 0.014850 -0.008003 0.999858 -0.058174 -0.102934 0.992986 0.000029 0.000028 1.000000 -0.023772 -0.091960 0.995479 -0.032206 -0.022027 0.999238 
0.000277 -0.000072 1.000000 0.016569 -0.009015 0.999822 -0.058645 -0.102759 0.992976 0.000030 0.000029 1.000000 -0.024146 -0.091763 0.995488 -0.032872 -0.022388 0.999209 
0.000192 -0.000051 1.000000 0.017881 -0.009815 0.999792 -0.059020 -0.102486 0.992982 0.000030 0.000028 1.000000 -0.024420 -0.091304 0.995524 -0.033516 -0.022738 0.999180 
0.000203 -0.000055 1.000000 0.018941 -0.010481 0.999766 -0.059307 -0.102133 0.993001 0.000030 0.000029 1.000000 -0.024621 -0.090736 0.995571 -0.034005 -0.022988 0.999157 
0.000205 -0.000056 1.000000 0.019707 -0.010982 0.999745 -0.059505 -0.101755 0.993028 0.000035 0.000034 1.000000 -0.024792 -0.090366 0.995600 -0.034296 -0.023116 0.999144 
0.000202 -0.000055 1.000000 0.019984 -0.011172 0.999738 -0.059438 -0.101313 0.993077 0.000042 0.000040 1.000000 -0.024869 -0.090285 0.995605 -0.034222 -0.023037 0.999149 
0.000198 -0.000054 1.000000 0.019772 -0.011059 0.999743 -0.059209 -0.100890 0.993134 0.000048 0.000046 1.000000 -0.024786 -0.089983 0.995635 -0.034011 -0.022893 0.999159 
0.000193 -0.000053 1.000000 0.019368 -0.010836 0.999754 -0.059032 -0.100574 0.993177 0.000052 0.000050 1.000000 -0.024651 -0.089494 0.995682 -0.033853 -0.022787 0.999167 
0.000186 -0.000051 1.000000 0.018794 -0.010516 0.999768 -0.058822 -0.100224 0.993225 0.000056 0.000054 1.000000 -0.024484 -0.088888 0.995741 -0.033652 -0.022653 0.999177 
0.000175 -0.000048 1.000000 0.018033 -0.010090 0.999786 -0.058570 -0.099829 0.993279 0.000074 0.000071 1.000000 -0.024268 -0.088127 0.995814 -0.033400 -0.022487 0.999189 
0.000161 -0.000044 1.000000 0.017103 -0.009566 0.999808 -0.058254 -0.099356 0.993345 0.000096 0.000092 1.000000 -0.024004 -0.087195 0.995902 -0.033096 -0.022288 0.999204 
0.000153 -0.000042 1.000000 0.016043 -0.008969 0.999831 -0.057877 -0.098786 0.993424 0.000096 0.000092 1.000000 -0.023709 -0.086125 0.996002 -0.032749 -0.022062 0.999220 
0.000144 -0.000039 1.000000 0.014887 -0.008323 0.999855 -0.057471 -0.098134 0.993512 0.000096 0.000092 1.000000 -0.023375 -0.084914 0.996114 -0.032372 -0.021813 0.999238 
0.000133 -0.000036 1.000000 0.013650 -0.007633 0.999878 -0.056996 -0.097338 0.993618 0.000097 0.000093 1.000000 -0.022995 -0.083532 0.996240 -0.031945 -0.021528 0.999258 
0.000121 -0.000033 1.000000 0.012319 -0.006891 0.999900 -0.056408 -0.096351 0.993748 0.000099 0.000095 1.000000 -0.022554 -0.081933 0.996383 -0.031447 -0.021196 0.999281 
0.000108 -0.000030 1.000000 0.010899 -0.006099 0.999922 -0.055725 -0.095191 0.993898 0.000102 0.000097 1.000000 -0.022056 -0.080126 0.996541 -0.030890 -0.020823 0.999306 
0.000095 -0.000026 1.000000 0.009369 -0.005246 0.999942 -0.054958 -0.093873 0.994066 0.000106 0.000101 1.000000 -0.021504 -0.078121 0.996712 -0.030271 -0.020407 0.999333 
0.000080 -0.000022 1.000000 0.007722 -0.004326 0.999961 -0.054096 -0.092391 0.994252 0.000111 0.000106 1.000000 -0.020922 -0.076006 0.996888 -0.029556 -0.019927 0.999364 
0.000064 -0.000017 1.000000 0.005988 -0.003357 0.999976 -0.053138 -0.090743 0.994456 0.000118 0.000113 1.000000 -0.020323 -0.073831 0.997064 -0.028738 -0.019377 0.999399 
0.000050 -0.000014 1.000000 0.005119 -0.002870 0.999983 -0.051960 -0.088740 0.994699 0.000100 0.000095 1.000000 -0.019817 -0.071994 0.997208 -0.027927 -0.018832 0.999433 
0.000036 -0.000010 1.000000 0.004700 -0.002635 0.999985 -0.050556 -0.086354 0.994981 0.000086 0.000083 1.000000 -0.019253 -0.069946 0.997365 -0.027123 -0.018292 0.999465 
0.000022 -0.000006 1.000000 0.003930 -0.002205 0.999990 -0.049041 -0.083760 0.995278 0.000021 0.000020 1.000000 -0.018609 -0.067608 0.997538 -0.026211 -0.017679 0.999500 
0.000060 -0.000017 1.000000 0.002788 -0.001565 0.999995 -0.047480 -0.081041 0.995579 -0.000130 -0.000124 1.000000 -0.017935 -0.065145 0.997715 -0.025177 -0.016978 0.999539 
0.000056 -0.000015 1.000000 0.001345 -0.000756 0.999999 -0.045824 -0.078200 0.995884 -0.000335 -0.000321 1.000000 -0.017248 -0.062677 0.997885 -0.024027 -0.016201 0.999580 
0.000034 -0.000009 1.000000 -0.000385 0.000216 1.000000 -0.044093 -0.075235 0.996191 -0.000557 -0.000533 1.000000 -0.016487 -0.059916 0.998067 -0.022820 -0.015390 0.999621 
0.000013 -0.000003 1.000000 -0.000930 0.000523 0.999999 -0.042252 -0.072093 0.996503 -0.000600 -0.000574 1.000000 -0.015901 -0.057915 0.998195 -0.021570 -0.014543 0.999662 
-0.000004 0.000001 1.000000 -0.000889 0.000500 0.999999 -0.040179 -0.068555 0.996838 -0.000557 -0.000532 1.000000 -0.015301 -0.055919 0.998318 -0.020244 -0.013644 0.999702 
-0.000156 0.000042 1.000000 -0.000872 0.000490 0.999999 -0.038035 -0.064897 0.997167 -0.000413 -0.000394 1.000000 -0.014662 -0.053811 0.998444 -0.018881 -0.012719 0.999741 
-0.000893 0.000241 1.000000 -0.000883 0.000497 0.999999 -0.036007 -0.061436 0.997461 0.000163 0.000155 1.000000 -0.014007 -0.051565 0.998571 -0.017664 -0.011894 0.999773 
-0.001959 0.000528 0.999998 -0.000923 0.000519 0.999999 -0.034166 -0.058295 0.997715 0.000977 0.000931 0.999999 -0.013379 -0.049312 0.998694 -0.016620 -0.011190 0.999799 
-0.003043 0.000820 0.999995 -0.000985 0.000554 0.999999 -0.032438 -0.055347 0.997940 0.001799 0.001714 0.999997 -0.012792 -0.047178 0.998805 -0.015641 -0.010531 0.999822 
-0.004106 0.001106 0.999991 -0.001064 0.000598 0.999999 -0.030760 -0.052470 0.998149 0.002600 0.002477 0.999994 -0.012207 -0.045052 0.998910 -0.014698 -0.009894 0.999843 
-0.005219 0.001406 0.999985 -0.001152 0.000649 0.999999 -0.029189 -0.049697 0.998338 0.003436 0.003273 0.999989 -0.011591 -0.042756 0.999018 -0.013874 -0.009332 0.999860 
-0.006544 0.001768 0.999977 -0.001249 0.000706 0.999999 -0.027828 -0.047250 0.998495 0.004426 0.004218 0.999981 -0.010916 -0.040160 0.999134 -0.013326 -0.008956 0.999871 
-0.008085 0.002196 0.999965 -0.001649 0.000936 0.999998 -0.026688 -0.045145 0.998624 0.005460 0.005207 0.999972 -0.010253 -0.037544 0.999242 -0.012947 -0.008693 0.999878 
-0.009707 0.002655 0.999949 -0.002364 0.001348 0.999996 -0.025737 -0.043323 0.998730 0.006428 0.006137 0.999961 -0.009572 -0.034810 0.999348 -0.012735 -0.008541 0.999882 
-0.011304 0.003114 0.999931 -0.002470 0.001414 0.999996 -0.024898 -0.041739 0.998818 0.007600 0.007264 0.999945 -0.008913 -0.032186 0.999442 -0.012679 -0.008496 0.999884 
-0.012815 0.003552 0.999912 -0.002337 0.001344 0.999996 -0.024066 -0.040190 0.998902 0.008792 0.008413 0.999926 -0.008314 -0.029835 0.999520 -0.012581 -0.008423 0.999885 
-0.014276 0.003983 0.999890 -0.002317 0.001338 0.999996 -0.023279 -0.038710 0.998979 0.009853 0.009447 0.999907 -0.007680 -0.027389 0.999595 -0.012570 -0.008412 0.999886 
-0.015656 0.004388 0.999868 -0.002279 0.001319 0.999997 -0.022532 -0.037363 0.999048 0.010906 0.010465 0.999886 -0.007150 -0.025378 0.999652 -0.012463 -0.008335 0.999888 
-0.016831 0.004730 0.999847 -0.002299 0.001333 0.999996 -0.021806 -0.036103 0.999110 0.011782 0.011310 0.999867 -0.006727 -0.023814 0.999694 -0.012255 -0.008194 0.999891 
-0.017841 0.005023 0.999828 -0.002381 0.001382 0.999996 -0.021110 -0.034915 0.999167 0.012506 0.012009 0.999850 -0.006349 -0.022436 0.999728 -0.012024 -0.008038 0.999895 
-0.018805 0.005303 0.999809 -0.002486 0.001445 0.999996 -0.020467 -0.033818 0.999218 0.013186 0.012665 0.999833 -0.005978 -0.021091 0.999760 -0.011832 -0.007907 0.999899 
-0.019760 0.005582 0.999789 -0.002601 0.001513 0.999995 -0.019885 -0.032817 0.999264 0.013854 0.013310 0.999815 -0.005588 -0.019678 0.999791 -0.011715 -0.007827 0.999901 
-0.020716 0.005866 0.999768 -0.002745 0.001600 0.999995 -0.019403 -0.031973 0.999300 0.014508 0.013943 0.999798 -0.005217 -0.018327 0.999818 -0.011665 -0.007791 0.999902 
-0.021565 0.006122 0.999749 -0.002873 0.001677 0.999994 -0.018987 -0.031240 0.999332 0.015087 0.014504 0.999781 -0.004889 -0.017135 0.999841 -0.011630 -0.007764 0.999902 
-0.022306 0.006348 0.999731 -0.002945 0.001722 0.999994 -0.018627 -0.030597 0.999358 0.015608 0.015010 0.999766 -0.004598 -0.016074 0.999860 -0.011609 -0.007747 0.999903 
-0.022946 0.006546 0.999715 -0.003028 0.001773 0.999994 -0.018321 -0.030049 0.999381 0.016047 0.015437 0.999752 -0.004345 -0.015151 0.999876 -0.011597 -0.007736 0.999903 
-0.023471 0.006709 0.999702 -0.003121 0.001830 0.999993 -0.018076 -0.029610 0.999398 0.016396 0.015778 0.999741 -0.004138 -0.014402 0.999888 -0.011588 -0.007728 0.999903 
-0.023873 0.006832 0.999692 -0.003224 0.001891 0.999993 -0.017892 -0.029286 0.999411 0.016649 0.016024 0.999733 -0.003987 -0.013859 0.999896 -0.011576 -0.007718 0.999903 
-0.024143 0.006912 0.999685 -0.003351 0.001966 0.999992 -0.017763 -0.029069 0.999420 0.016794 0.016164 0.999728 -0.003902 -0.013559 0.999900 -0.011543 -0.007696 0.999904 
-0.024312 0.006961 0.999680 -0.003500 0.002054 0.999992 -0.017692 -0.028950 0.999424 0.016856 0.016224 0.999726 -0.003853 -0.013385 0.999903 -0.011523 -0.007682 0.999904 
-0.024380 0.006981 0.999678 -0.003562 0.002091 0.999991 -0.017664 -0.028902 0.999426 0.016882 0.016249 0.999725 -0.003830 -0.013304 0.999904 -0.011516 -0.007677 0.999904 
-0.024364 0.006977 0.999679 -0.003537 0.002076 0.999992 -0.017665 -0.028902 0.999426 0.016887 0.016254 0.999725 -0.003829 -0.013300 0.999904 -0.011515 -0.007677 0.999904 
-0.024287 0.006956 0.999681 -0.003447 0.002024 0.999992 -0.017686 -0.028935 0.999425 0.016876 0.016244 0.999726 -0.003844 -0.013351 0.999903 -0.011518 -0.007679 0.999904 
-0.024167 0.006923 0.999684 -0.003312 0.001944 0.999993 -0.017725 -0.028995 0.999422 0.016855 0.016225 0.999726 -0.003872 -0.013445 0.999902 -0.011525 -0.007683 0.999904 
-0.024021 0.006882 0.999688 -0.003150 0.001849 0.999993 -0.017782 -0.029086 0.999419 0.016825 0.016197 0.999727 -0.003911 -0.013580 0.999900 -0.011538 -0.007691 0.999904 
-0.023854 0.006835 0.999692 -0.003003 0.001763 0.999994 -0.017856 -0.029206 0.999414 0.016772 0.016146 0.999729 -0.003961 -0.013752 0.999898 -0.011554 -0.007702 0.999904 
-0.023663 0.006781 0.999697 -0.002876 0.001689 0.999994 -0.017947 -0.029353 0.999408 0.016692 0.016069 0.999732 -0.004022 -0.013961 0.999894 -0.011574 -0.007715 0.999903 
-0.023446 0.006720 0.999703 -0.002763 0.001623 0.999995 -0.018056 -0.029528 0.999401 0.016585 0.015968 0.999735 -0.004094 -0.014208 0.999891 -0.011597 -0.007731 0.999903 
-0.023205 0.006652 0.999709 -0.002687 0.001578 0.999995 -0.018181 -0.029730 0.999393 0.016443 0.015832 0.999739 -0.004176 -0.014491 0.999886 -0.011622 -0.007747 0.999902 
-0.022950 0.006579 0.999715 -0.002706 0.001589 0.999995 -0.018326 -0.029966 0.999383 0.016245 0.015642 0.999746 -0.004270 -0.014816 0.999881 -0.011650 -0.007766 0.999902 
-0.022676 0.006502 0.999722 -0.002734 0.001606 0.999995 -0.018494 -0.030240 0.999372 0.016028 0.015434 0.999752 -0.004377 -0.015186 0.999875 -0.011684 -0.007788 0.999901 
-0.022375 0.006416 0.999729 -0.002752 0.001617 0.999995 -0.018676 -0.030535 0.999359 0.015795 0.015211 0.999760 -0.004493 -0.015588 0.999868 -0.011721 -0.007813 0.999901 
-0.022047 0.006323 0.999737 -0.002762 0.001622 0.999995 -0.018871 -0.030851 0.999346 0.015547 0.014972 0.999767 -0.004619 -0.016022 0.999861 -0.011760 -0.007839 0.999900 
-0.021695 0.006223 0.999745 -0.002762 0.001623 0.999995 -0.019077 -0.031187 0.999331 0.015284 0.014720 0.999775 -0.004753 -0.016485 0.999853 -0.011801 -0.007866 0.999899 
-0.021318 0.006115 0.999754 -0.002754 0.001618 0.999995 -0.019295 -0.031542 0.999316 0.015007 0.014454 0.999783 -0.004895 -0.016976 0.999844 -0.011844 -0.007895 0.999899 
-0.020919 0.006002 0.999763 -0.002736 0.001607 0.999995 -0.019524 -0.031914 0.999300 0.014717 0.014176 0.999791 -0.005045 -0.017493 0.999834 -0.011889 -0.007925 0.999898 
-0.020500 0.005882 0.999773 -0.002709 0.001591 0.999995 -0.019762 -0.032302 0.999283 0.014417 0.013888 0.999800 -0.005201 -0.018035 0.999824 -0.011936 -0.007956 0.999897 
-0.020065 0.005758 0.999782 -0.002672 0.001570 0.999995 -0.020014 -0.032711 0.999264 0.014110 0.013592 0.999808 -0.005365 -0.018602 0.999813 -0.011987 -0.007991 0.999896 
-0.019621 0.005631 0.999792 -0.002628 0.001544 0.999995 -0.020281 -0.033145 0.999245 0.013799 0.013294 0.999816 -0.005537 -0.019194 0.999800 -0.012044 -0.008029 0.999895 
-0.019179 0.005506 0.999801 -0.002576 0.001514 0.999996 -0.020568 -0.033611 0.999223 0.013492 0.013000 0.999824 -0.005714 -0.019805 0.999788 -0.012114 -0.008075 0.999894 
-0.018752 0.005386 0.999810 -0.002520 0.001482 0.999996 -0.020884 -0.034118 0.999200 0.013199 0.012719 0.999832 -0.005896 -0.020425 0.999774 -0.012205 -0.008135 0.999892 
-0.018348 0.005274 0.999818 -0.002459 0.001446 0.999996 -0.021231 -0.034669 0.999173 0.012925 0.012457 0.999839 -0.006080 -0.021044 0.999760 -0.012321 -0.008212 0.999890 
-0.017968 0.005171 0.999825 -0.002394 0.001409 0.999996 -0.021605 -0.035257 0.999145 0.012669 0.012214 0.999845 -0.006264 -0.021655 0.999746 -0.012462 -0.008305 0.999888 
-0.017606 0.005074 0.999832 -0.002324 0.001369 0.999996 -0.022000 -0.035872 0.999114 0.012429 0.011986 0.999851 -0.006447 -0.022256 0.999732 -0.012622 -0.008411 0.999885 
-0.017252 0.004981 0.999839 -0.002247 0.001325 0.999997 -0.022405 -0.036498 0.999083 0.012197 0.011768 0.999856 -0.006628 -0.022844 0.999717 -0.012794 -0.008524 0.999882 
-0.016892 0.004885 0.999845 -0.002124 0.001254 0.999997 -0.022807 -0.037117 0.999051 0.011978 0.011560 0.999861 -0.006808 -0.023422 0.999702 -0.012970 -0.008639 0.999879 
-0.016418 0.004750 0.999854 -0.002126 0.001255 0.999997 -0.023125 -0.037627 0.999024 0.011622 0.011218 0.999870 -0.007003 -0.024087 0.999685 -0.013047 -0.008690 0.999877 
-0.015922 0.004606 0.999863 -0.002125 0.001254 0.999997 -0.023425 -0.038115 0.998999 0.011251 0.010860 0.999878 -0.007200 -0.024765 0.999667 -0.013106 -0.008730 0.999876 
-0.015436 0.004466 0.999871 -0.002125 0.001254 0.999997 -0.023741 -0.038630 0.998971 0.010887 0.010509 0.999886 -0.007396 -0.025438 0.999649 -0.013183 -0.008781 0.999875 
-0.014965 0.004329 0.999879 -0.002125 0.001254 0.999997 -0.024079 -0.039181 0.998942 0.010534 0.010169 0.999893 -0.007591 -0.026108 0.999630 -0.013279 -0.008846 0.999873 
-0.014515 0.004199 0.999886 -0.002126 0.001255 0.999997 -0.024435 -0.039759 0.998910 0.010197 0.009844 0.999900 -0.007785 -0.026776 0.999611 -0.013392 -0.008921 0.999871 
-0.014092 0.004077 0.999892 -0.002127 0.001256 0.999997 -0.024807 -0.040366 0.998877 0.009880 0.009539 0.999906 -0.007978 -0.027441 0.999592 -0.013522 -0.009007 0.999868 
-0.013701 0.003963 0.999898 -0.002125 0.001254 0.999997 -0.025200 -0.041005 0.998841 0.009587 0.009256 0.999911 -0.008171 -0.028105 0.999572 -0.013670 -0.009106 0.999865 
-0.013343 0.003860 0.999904 -0.002118 0.001250 0.999997 -0.025613 -0.041677 0.998803 0.009320 0.008999 0.999916 -0.008364 -0.028767 0.999551 -0.013839 -0.009219 0.999862 
-0.013021 0.003767 0.999908 -0.002108 0.001244 0.999997 -0.026046 -0.042381 0.998762 0.009080 0.008767 0.999920 -0.008555 -0.029425 0.999530 -0.014028 -0.009345 0.999858 
-0.012734 0.003684 0.999912 -0.002095 0.001237 0.999997 -0.026496 -0.043113 0.998719 0.008867 0.008561 0.999924 -0.008745 -0.030078 0.999509 -0.014235 -0.009482 0.999854 
-0.012481 0.003610 0.999916 -0.002080 0.001228 0.999997 -0.026959 -0.043867 0.998674 0.008678 0.008379 0.999927 -0.008932 -0.030722 0.999488 -0.014457 -0.009630 0.999849 
-0.012258 0.003546 0.999919 -0.002064 0.001218 0.999997 -0.027431 -0.044636 0.998627 0.008513 0.008220 0.999930 -0.009116 -0.031355 0.999467 -0.014691 -0.009786 0.999844 
-0.012064 0.003490 0.999921 -0.002046 0.001208 0.999997 -0.027907 -0.045411 0.998579 0.008369 0.008081 0.999932 -0.009295 -0.031972 0.999446 -0.014934 -0.009948 0.999839 
-0.011893 0.003440 0.999923 -0.002028 0.001197 0.999997 -0.028380 -0.046180 0.998530 0.008242 0.007959 0.999934 -0.009469 -0.032571 0.999425 -0.015181 -0.010112 0.999834 
-0.011741 0.003396 0.999925 -0.002009 0.001186 0.999997 -0.028843 -0.046934 0.998482 0.008130 0.007850 0.999936 -0.009636 -0.033145 0.999404 -0.015426 -0.010276 0.999828 
-0.011601 0.003356 0.999927 -0.001990 0.001174 0.999997 -0.029286 -0.047655 0.998434 0.008026 0.007750 0.999938 -0.009795 -0.033694 0.999384 -0.015662 -0.010432 0.999823 
-0.011467 0.003317 0.999929 -0.001969 0.001162 0.999997 -0.029702 -0.048334 0.998390 0.007928 0.007655 0.999939 -0.009946 -0.034214 0.999365 -0.015882 -0.010579 0.999818 
-0.011340 0.003280 0.999930 -0.001948 0.001150 0.999997 -0.030091 -0.048966 0.998347 0.007834 0.007565 0.999941 -0.010087 -0.034700 0.999347 -0.016088 -0.010716 0.999813 
-0.011220 0.003245 0.999932 -0.001927 0.001137 0.999997 -0.030449 -0.049550 0.998307 0.007746 0.007480 0.999942 -0.010217 -0.035148 0.999330 -0.016279 -0.010843 0.999809 
-0.011105 0.003212 0.999933 -0.001906 0.001125 0.999998 -0.030777 -0.050083 0.998271 0.007663 0.007399 0.999943 -0.010335 -0.035556 0.999314 -0.016454 -0.010960 0.999805 
-0.010992 0.003179 0.999935 -0.001884 0.001112 0.999998 -0.031068 -0.050558 0.998238 0.007581 0.007320 0.999944 -0.010442 -0.035924 0.999300 -0.016609 -0.011063 0.999801 
-0.010879 0.003146 0.999936 -0.001862 0.001099 0.999998 -0.031321 -0.050971 0.998209 0.007499 0.007241 0.999946 -0.010537 -0.036251 0.999287 -0.016742 -0.011151 0.999798 
-0.010765 0.003113 0.999937 -0.001840 0.001086 0.999998 -0.031537 -0.051322 0.998184 0.007417 0.007162 0.999947 -0.010620 -0.036540 0.999276 -0.016852 -0.011225 0.999795 
-0.010652 0.003081 0.999939 -0.001818 0.001073 0.999998 -0.031716 -0.051614 0.998163 0.007336 0.007084 0.999948 -0.010692 -0.036789 0.999266 -0.016942 -0.011284 0.999793 
-0.010543 0.003049 0.999940 -0.001796 0.001060 0.999998 -0.031862 -0.051852 0.998146 0.007258 0.007009 0.999949 -0.010754 -0.037002 0.999257 -0.017013 -0.011332 0.999791 
-0.010438 0.003018 0.999941 -0.001775 0.001047 0.999998 -0.031978 -0.052042 0.998133 0.007185 0.006937 0.999950 -0.010806 -0.037181 0.999250 -0.017067 -0.011368 0.999790 
-0.010342 0.002991 0.999942 -0.001754 0.001035 0.999998 -0.032064 -0.052183 0.998123 0.007117 0.006872 0.999951 -0.010849 -0.037329 0.999244 -0.017103 -0.011392 0.999789 
-0.010259 0.002966 0.999943 -0.001735 0.001024 0.999998 -0.032129 -0.052288 0.998115 0.007060 0.006817 0.999952 -0.010883 -0.037450 0.999239 -0.017128 -0.011408 0.999788 
-0.010192 0.002947 0.999944 -0.001717 0.001013 0.999998 -0.032181 -0.052373 0.998109 0.007014 0.006772 0.999952 -0.010912 -0.037547 0.999235 -0.017148 -0.011422 0.999788 
-0.010144 0.002933 0.999944 -0.001700 0.001003 0.999998 -0.032228 -0.052451 0.998103 0.006982 0.006742 0.999953 -0.010934 -0.037625 0.999232 -0.017170 -0.011436 0.999787 
-0.010118 0.002926 0.999945 -0.001687 0.000995 0.999998 -0.032278 -0.052532 0.998097 0.006966 0.006726 0.999953 -0.010952 -0.037687 0.999230 -0.017199 -0.011455 0.999786 
-0.010114 0.002924 0.999945 -0.001678 0.000990 0.999998 -0.032335 -0.052625 0.998091 0.006965 0.006725 0.999953 -0.010965 -0.037734 0.999228 -0.017237 -0.011481 0.999786 
-0.010125 0.002927 0.999944 -0.001681 0.000992 0.999998 -0.032396 -0.052724 0.998084 0.006972 0.006732 0.999953 -0.010976 -0.037771 0.999226 -0.017281 -0.011510 0.999784 
-0.010141 0.002932 0.999944 -0.001690 0.000997 0.999998 -0.032456 -0.052822 0.998076 0.006981 0.006741 0.999953 -0.010985 -0.037802 0.999225 -0.017324 -0.011539 0.999783 
-0.010160 0.002938 0.999944 -0.001701 0.001004 0.999998 -0.032516 -0.052920 0.998069 0.006992 0.006751 0.999953 -0.010993 -0.037831 0.999224 -0.017367 -0.011567 0.999782 
-0.010179 0.002943 0.999944 -0.001714 0.001011 0.999998 -0.032577 -0.053019 0.998062 0.007003 0.006762 0.999953 -0.011002 -0.037860 0.999222 -0.017411 -0.011597 0.999781 
-0.010200 0.002949 0.999944 -0.001726 0.001019 0.999998 -0.032639 -0.053121 0.998055 0.007015 0.006774 0.999952 -0.011011 -0.037890 0.999221 -0.017457 -0.011627 0.999780 
-0.010221 0.002955 0.999943 -0.001739 0.001026 0.999998 -0.032701 -0.053223 0.998047 0.007028 0.006786 0.999952 -0.011020 -0.037923 0.999220 -0.017501 -0.011656 0.999779 
-0.010243 0.002962 0.999943 -0.001751 0.001033 0.999998 -0.032766 -0.053329 0.998039 0.007041 0.006799 0.999952 -0.011031 -0.037961 0.999218 -0.017546 -0.011686 0.999778 
-0.010267 0.002969 0.999943 -0.001764 0.001041 0.999998 -0.032837 -0.053444 0.998031 0.007055 0.006812 0.999952 -0.011044 -0.038005 0.999217 -0.017594 -0.011718 0.999777 
-0.010292 0.002976 0.999943 -0.001776 0.001048 0.999998 -0.032914 -0.053570 0.998022 0.007071 0.006827 0.999952 -0.011059 -0.038056 0.999214 -0.017646 -0.011753 0.999775 
-0.010319 0.002983 0.999942 -0.001788 0.001055 0.999998 -0.033000 -0.053709 0.998011 0.007087 0.006843 0.999951 -0.011076 -0.038115 0.999212 -0.017703 -0.011791 0.999774 
-0.010347 0.002992 0.999942 -0.001799 0.001062 0.999998 -0.033094 -0.053863 0.998000 0.007105 0.006860 0.999951 -0.011095 -0.038183 0.999209 -0.017766 -0.011833 0.999772 
-0.010377 0.003000 0.999942 -0.001810 0.001068 0.999998 -0.033197 -0.054031 0.997987 0.007124 0.006878 0.999951 -0.011117 -0.038259 0.999206 -0.017834 -0.011878 0.999770 
-0.010410 0.003010 0.999941 -0.001820 0.001074 0.999998 -0.033312 -0.054218 0.997973 0.007145 0.006899 0.999951 -0.011142 -0.038342 0.999203 -0.017911 -0.011929 0.999768 
-0.010447 0.003021 0.999941 -0.001830 0.001080 0.999998 -0.033438 -0.054424 0.997958 0.007169 0.006922 0.999950 -0.011168 -0.038430 0.999199 -0.017996 -0.011986 0.999766 
-0.010488 0.003033 0.999940 -0.001840 0.001086 0.999998 -0.033576 -0.054648 0.997941 0.007196 0.006949 0.999950 -0.011197 -0.038523 0.999195 -0.018091 -0.012049 0.999764 
-0.010531 0.003046 0.999940 -0.001848 0.001091 0.999998 -0.033722 -0.054887 0.997923 0.007224 0.006976 0.999950 -0.011228 -0.038623 0.999191 -0.018192 -0.012117 0.999761 
-0.010574 0.003059 0.999939 -0.001856 0.001095 0.999998 -0.033875 -0.055136 0.997904 0.007253 0.007004 0.999949 -0.011260 -0.038730 0.999186 -0.018296 -0.012186 0.999758 
-0.010611 0.003070 0.999939 -0.001862 0.001099 0.999998 -0.034031 -0.055390 0.997885 0.007278 0.007028 0.999949 -0.011295 -0.038845 0.999181 -0.018401 -0.012256 0.999756 
-0.010636 0.003078 0.999939 -0.001867 0.001102 0.999998 -0.034186 -0.055643 0.997865 0.007294 0.007044 0.999949 -0.011332 -0.038967 0.999176 -0.018503 -0.012325 0.999753 
-0.010658 0.003084 0.999938 -0.001872 0.001104 0.999998 -0.034343 -0.055898 0.997846 0.007307 0.007057 0.999948 -0.011370 -0.039095 0.999171 -0.018605 -0.012393 0.999750 
-0.010680 0.003091 0.999938 -0.001875 0.001106 0.999998 -0.034504 -0.056160 0.997825 0.007321 0.007071 0.999948 -0.011409 -0.039224 0.999165 -0.018711 -0.012463 0.999747 
-0.010703 0.003098 0.999938 -0.001877 0.001108 0.999998 -0.034670 -0.056432 0.997804 0.007336 0.007086 0.999948 -0.011448 -0.039353 0.999160 -0.018822 -0.012537 0.999744 
-0.010727 0.003106 0.999938 -0.001879 0.001109 0.999998 -0.034838 -0.056706 0.997783 0.007351 0.007101 0.999948 -0.011488 -0.039484 0.999154 -0.018934 -0.012612 0.999741 
-0.010749 0.003113 0.999937 -0.001881 0.001110 0.999998 -0.035006 -0.056979 0.997762 0.007366 0.007115 0.999948 -0.011528 -0.039617 0.999148 -0.019045 -0.012686 0.999738 
-0.010770 0.003119 0.999937 -0.001881 0.001110 0.999998 -0.035172 -0.057250 0.997740 0.007379 0.007128 0.999947 -0.011568 -0.039750 0.999143 -0.019156 -0.012760 0.999735 
-0.010790 0.003125 0.999937 -0.001881 0.001110 0.999998 -0.035337 -0.057519 0.997719 0.007393 0.007141 0.999947 -0.011608 -0.039881 0.999137 -0.019265 -0.012833 0.999732 
-0.010810 0.003132 0.999937 -0.001880 0.001109 0.999998 -0.035501 -0.057785 0.997698 0.007406 0.007154 0.999947 -0.011648 -0.040012 0.999131 -0.019373 -0.012905 0.999729 
-0.010829 0.003138 0.999936 -0.001879 0.001109 0.999998 -0.035661 -0.058045 0.997677 0.007419 0.007167 0.999947 -0.011687 -0.040139 0.999126 -0.019480 -0.012976 0.999726 
-0.010848 0.003144 0.999936 -0.001877 0.001108 0.999998 -0.035817 -0.058300 0.997656 0.007431 0.007179 0.999947 -0.011725 -0.040264 0.999120 -0.019584 -0.013046 0.999723 
-0.010865 0.003149 0.999936 -0.001875 0.001107 0.999998 -0.035969 -0.058548 0.997636 0.007443 0.007191 0.999946 -0.011762 -0.040386 0.999115 -0.019685 -0.013113 0.999720 
-0.010882 0.003155 0.999936 -0.001873 0.001105 0.999998 -0.036116 -0.058787 0.997617 0.007454 0.007202 0.999946 -0.011797 -0.040503 0.999110 -0.019782 -0.013179 0.999717 
-0.010898 0.003159 0.999936 -0.001871 0.001104 0.999998 -0.036257 -0.059018 0.997598 0.007465 0.007212 0.999946 -0.011832 -0.040617 0.999105 -0.019877 -0.013242 0.999715 
-0.010912 0.003164 0.999935 -0.001870 0.001103 0.999998 -0.036393 -0.059240 0.997580 0.007474 0.007222 0.999946 -0.011865 -0.040726 0.999100 -0.019967 -0.013302 0.999712 
-0.010923 0.003168 0.999935 -0.001869 0.001103 0.999998 -0.036523 -0.059451 0.997563 0.007481 0.007229 0.999946 -0.011897 -0.040832 0.999095 -0.020052 -0.013359 0.999710 
-0.010931 0.003170 0.999935 -0.001869 0.001102 0.999998 -0.036646 -0.059652 0.997546 0.007486 0.007233 0.999946 -0.011928 -0.040934 0.999091 -0.020133 -0.013413 0.999707 
-0.010936 0.003172 0.999935 -0.001869 0.001102 0.999998 -0.036764 -0.059844 0.997531 0.007488 0.007236 0.999946 -0.011958 -0.041033 0.999086 -0.020210 -0.013464 0.999705 
-0.010937 0.003173 0.999935 -0.001869 0.001103 0.999998 -0.036876 -0.060027 0.997515 0.007487 0.007235 0.999946 -0.011988 -0.041130 0.999082 -0.020281 -0.013512 0.999703 
-0.010935 0.003172 0.999935 -0.001869 0.001103 0.999998 -0.036983 -0.060201 0.997501 0.007484 0.007232 0.999946 -0.012016 -0.041224 0.999078 -0.020349 -0.013558 0.999701 
-0.010929 0.003171 0.999935 -0.001870 0.001103 0.999998 -0.037086 -0.060369 0.997487 0.007478 0.007227 0.999946 -0.012045 -0.041318 0.999073 -0.020414 -0.013601 0.999699 
-0.010920 0.003168 0.999935 -0.001870 0.001103 0.999998 -0.037185 -0.060532 0.997473 0.007470 0.007219 0.999946 -0.012073 -0.041411 0.999069 -0.020476 -0.013642 0.999697 
