0.001536 0.001419 0.999998 0.001239 -0.001352 0.999998 0.001256 -0.001354 0.999998 0.001597 0.001412 0.999998 
0.001380 0.001275 0.999998 0.001104 -0.001205 0.999999 0.001119 -0.001207 0.999999 0.001435 0.001268 0.999998 
0.000764 0.000706 0.999999 0.001380 -0.001507 0.999998 0.001394 -0.001503 0.999998 0.000814 0.000719 0.999999 
0.000516 0.000477 1.000000 0.000999 -0.001091 0.999999 0.001009 -0.001088 0.999999 0.000552 0.000487 1.000000 
0.000483 0.000446 1.000000 0.000894 -0.000976 0.999999 0.000902 -0.000973 0.999999 0.000515 0.000455 1.000000 
0.003666 0.003385 0.999988 -0.000035 0.000038 1.000000 -0.000014 0.000016 1.000000 0.003739 0.003301 0.999988 
0.005065 0.004681 0.999976 0.001639 -0.001789 0.999997 0.001679 -0.001810 0.999997 0.005208 0.004602 0.999976 
0.004685 0.004330 0.999980 0.001823 -0.001990 0.999996 0.001862 -0.002007 0.999996 0.004825 0.004264 0.999979 
0.004753 0.004394 0.999979 0.001284 -0.001401 0.999998 0.001320 -0.001422 0.999998 0.004880 0.004314 0.999979 
0.004420 0.004086 0.999982 0.001102 -0.001203 0.999999 0.001134 -0.001223 0.999999 0.004537 0.004010 0.999982 
0.004077 0.003769 0.999985 0.000872 -0.000951 0.999999 0.000900 -0.000971 0.999999 0.004181 0.003696 0.999984 
0.003785 0.003498 0.999987 0.000847 -0.000924 0.999999 0.000874 -0.000942 0.999999 0.003882 0.003431 0.999987 
0.003482 0.003218 0.999989 0.000784 -0.000856 0.999999 0.000809 -0.000872 0.999999 0.003571 0.003156 0.999989 
0.003259 0.003013 0.999990 0.000747 -0.000815 0.999999 0.000770 -0.000830 0.999999 0.003344 0.002955 0.999990 
0.003171 0.002932 0.999991 0.001369 -0.001494 0.999998 0.001396 -0.001505 0.999998 0.003269 0.002890 0.999990 
0.003359 0.003110 0.999990 0.003029 -0.003300 0.999990 0.003068 -0.003302 0.999990 0.003502 0.003100 0.999989 
0.004245 0.003941 0.999983 0.005407 -0.005875 0.999968 0.005467 -0.005868 0.999968 0.004464 0.003963 0.999982 
0.005536 0.005159 0.999971 0.008494 -0.009196 0.999922 0.008581 -0.009178 0.999921 0.005858 0.005220 0.999969 
0.007015 0.006568 0.999954 0.012274 -0.013229 0.999837 0.012395 -0.013196 0.999836 0.007458 0.006678 0.999950 
0.008446 0.007950 0.999933 0.016183 -0.017354 0.999718 0.016337 -0.017306 0.999717 0.009013 0.008112 0.999926 
0.009782 0.009257 0.999909 0.020080 -0.021420 0.999569 0.020268 -0.021357 0.999566 0.010470 0.009475 0.999900 
0.011024 0.010492 0.999884 0.023986 -0.025451 0.999388 0.024206 -0.025371 0.999385 0.011830 0.010767 0.999872 
0.012180 0.011657 0.999858 0.027833 -0.029377 0.999181 0.028084 -0.029281 0.999177 0.013101 0.011990 0.999842 
0.013259 0.012758 0.999831 0.031525 -0.033106 0.998955 0.031805 -0.032993 0.998949 0.014288 0.013148 0.999811 
0.014269 0.013802 0.999803 0.035047 -0.036625 0.998714 0.035355 -0.036497 0.998708 0.015401 0.014246 0.999780 
0.015221 0.014797 0.999775 0.038452 -0.039994 0.998460 0.038787 -0.039851 0.998453 0.016450 0.015295 0.999748 
0.016120 0.015751 0.999746 0.041859 -0.043333 0.998183 0.042220 -0.043174 0.998175 0.017445 0.016303 0.999715 
0.016972 0.016668 0.999717 0.045292 -0.046666 0.997883 0.045680 -0.046492 0.997874 0.018393 0.017277 0.999682 
0.017783 0.017555 0.999688 0.048772 -0.050015 0.997557 0.049185 -0.049824 0.997546 0.019299 0.018222 0.999648 
0.018559 0.018415 0.999658 0.052319 -0.053399 0.997202 0.052759 -0.053192 0.997190 0.020170 0.019142 0.999613 
0.019304 0.019254 0.999628 0.055960 -0.056846 0.996813 0.056426 -0.056620 0.996800 0.021011 0.020044 0.999578 
0.020022 0.020075 0.999598 0.059732 -0.060391 0.996386 0.060225 -0.060146 0.996371 0.021827 0.020933 0.999543 
0.020717 0.020882 0.999567 0.063661 -0.064056 0.995914 0.064181 -0.063791 0.995897 0.022623 0.021811 0.999506 
0.021392 0.021679 0.999536 0.067841 -0.067931 0.995381 0.068390 -0.067644 0.995363 0.023402 0.022685 0.999469 
0.017981 0.018086 0.999675 0.070921 -0.071497 0.994916 0.071470 -0.071171 0.994900 0.019993 0.019237 0.999615 
0.013852 0.013778 0.999809 0.072319 -0.073648 0.994659 0.072855 -0.073287 0.994646 0.015820 0.015052 0.999762 
0.009613 0.009325 0.999910 0.074488 -0.077691 0.994191 0.075022 -0.077291 0.994182 0.011576 0.010741 0.999875 
0.011867 0.011391 0.999865 0.074359 -0.078428 0.994143 0.074910 -0.078043 0.994132 0.013890 0.012754 0.999822 
0.015007 0.014431 0.999783 0.069901 -0.073643 0.994832 0.070442 -0.073304 0.994819 0.016988 0.015625 0.999734 
0.017380 0.016488 0.999713 0.062761 -0.067034 0.995775 0.063273 -0.066754 0.995761 0.019256 0.017472 0.999662 
0.020346 0.018706 0.999618 0.055409 -0.061078 0.996594 0.055897 -0.060861 0.996580 0.022135 0.019461 0.999566 
0.019874 0.017429 0.999651 0.048614 -0.056148 0.997238 0.049064 -0.055971 0.997226 0.021523 0.018044 0.999606 
0.024718 0.021316 0.999467 0.054551 -0.064179 0.996446 0.055074 -0.063995 0.996429 0.026632 0.021952 0.999404 
0.066568 -0.076794 0.994822 0.114047 -0.022099 0.993230 -0.000253 -0.001495 0.999999 0.013846 0.006739 0.999881 0.033466 0.029172 0.999014 -0.028901 -0.013386 0.999493 
0.057416 -0.065419 0.996205 0.056254 -0.011307 0.998352 -0.002705 -0.015285 0.999880 0.002518 0.001170 0.999996 0.027193 0.023933 0.999344 0.000978 0.000421 0.999999 
0.046946 -0.053674 0.997454 0.032010 -0.006534 0.999466 -0.005916 -0.032817 0.999444 -0.002684 -0.001243 0.999996 0.022868 0.020018 0.999538 -0.007239 -0.003130 0.999969 
0.044957 -0.052017 0.997634 0.038340 -0.007930 0.999233 -0.007728 -0.042107 0.999083 0.002950 0.001393 0.999995 0.022796 0.019714 0.999546 -0.011452 -0.005177 0.999921 
0.049028 -0.056713 0.997186 0.052641 -0.010638 0.998557 -0.007852 -0.043726 0.999013 0.011114 0.005426 0.999924 0.023627 0.020450 0.999512 -0.006524 -0.003119 0.999974 
0.058332 -0.066404 0.996086 0.057977 -0.011256 0.998254 -0.007391 -0.043000 0.999048 0.011513 0.005669 0.999918 0.024102 0.021218 0.999484 0.002334 0.001116 0.999997 
0.071143 -0.079553 0.994289 0.066323 -0.012325 0.997722 -0.007582 -0.046169 0.998905 0.011839 0.005883 0.999913 0.024325 0.021830 0.999466 0.010591 0.005068 0.999931 
0.085047 -0.093384 0.991991 0.075126 -0.013319 0.997085 -0.007849 -0.050170 0.998710 0.012287 0.006164 0.999906 0.024765 0.022667 0.999436 0.019149 0.009178 0.999775 
0.099660 -0.107275 0.989222 0.084413 -0.014162 0.996330 -0.008258 -0.055819 0.998407 0.013155 0.006667 0.999891 0.025544 0.023893 0.999388 0.027182 0.013050 0.999545 
0.115370 -0.121396 0.985877 0.093908 -0.014758 0.995471 -0.008679 -0.062629 0.997999 0.013696 0.007021 0.999882 0.025316 0.024261 0.999385 0.035457 0.017066 0.999225 
0.131624 -0.135136 0.982045 0.103054 -0.015030 0.994562 -0.009032 -0.070178 0.997494 0.013757 0.007138 0.999880 0.024023 0.023619 0.999432 0.043789 0.021152 0.998817 
0.137765 -0.135964 0.981088 -0.004394 -0.043892 0.999027 -0.022821 -0.010768 0.999682 0.042217 -0.005177 0.999095 0.021079 0.021536 0.999546 0.064449 0.024779 0.997613 
0.144087 -0.138693 0.979798 -0.003988 -0.040253 0.999182 -0.016711 -0.007276 0.999834 0.041220 -0.005019 0.999137 0.014484 0.015122 0.999781 0.094329 0.030195 0.995083 
0.146256 -0.132387 0.980348 0.045976 -0.030507 0.998477 -0.061589 -0.096522 0.993424 -0.048525 -0.021071 0.998600 0.005474 0.006046 0.999967 -0.007022 -0.003289 0.999970 
0.079838 -0.077946 0.993756 0.137354 -0.119143 0.983331 0.003122 0.003593 0.999989 -0.076019 -0.027048 0.996739 -0.072075 -0.075701 0.994522 -0.079815 -0.027929 0.996418 
0.067078 -0.073659 0.995025 0.136938 -0.118176 0.983505 0.000363 0.000419 1.000000 -0.061120 -0.005830 0.998113 -0.022736 -0.021598 0.999508 -0.123160 -0.007832 0.992356 
0.091017 -0.126720 0.987754 -0.033392 -0.024897 0.999132 0.000354 0.000424 1.000000 -0.021425 0.003465 0.999764 0.140121 -0.116390 0.983270 -0.025308 0.006626 0.999658 
0.065639 -0.108483 0.991929 0.000506 0.000618 1.000000 0.032301 -0.014758 0.999369 0.002897 0.001852 0.999994 0.140764 -0.114851 0.983359 -0.000456 0.000314 1.000000 
0.036776 0.018577 0.999151 0.000308 0.000377 1.000000 0.038879 -0.036038 0.998594 0.091308 -0.057762 0.994146 -0.016739 0.035075 0.999244 
0.041957 0.019655 0.998926 -0.000189 -0.000234 1.000000 0.051890 -0.049848 0.997408 0.104403 -0.068097 0.992201 -0.008909 0.020219 0.999756 
0.044936 0.021348 0.998762 0.003307 0.004097 0.999986 0.075556 -0.070653 0.994635 0.129959 -0.081651 0.988152 -0.000075 0.000168 1.000000 
-0.000019 0.000043 1.000000 0.017304 0.021683 0.999615 0.164727 -0.093116 0.981934 0.103999 -0.090438 0.990457 0.046061 0.021990 0.998697 
0.000875 -0.001847 0.999998 0.028283 0.036945 0.998917 0.209084 -0.105625 0.972177 0.138828 -0.110669 0.984113 0.054185 0.027297 0.998158 
0.009369 -0.018609 0.999783 0.030558 0.042092 0.998646 0.252655 -0.116590 0.960506 0.060453 0.032398 0.997645 0.322783 -0.244923 0.914234 0.077107 -0.056409 0.995426 
0.023519 -0.044676 0.998725 0.030318 0.043562 0.998591 0.292818 -0.125424 0.947906 0.066190 0.037249 0.997112 0.362050 -0.265505 0.893547 0.114742 -0.078531 0.990286 
0.040899 -0.075801 0.996284 0.030433 0.044903 0.998528 0.328685 -0.131976 0.935173 0.074020 0.043019 0.996328 0.394049 -0.283568 0.874251 0.151771 -0.098710 0.983474 
0.059027 -0.108820 0.992307 0.030515 0.045635 0.998492 0.361692 -0.137546 0.922095 0.085277 0.050402 0.995082 0.419671 -0.299889 0.856705 0.186489 -0.117255 0.975435 
0.078222 -0.145146 0.986313 0.030863 0.046350 0.998448 0.392721 -0.142267 0.908587 0.099077 0.059160 0.993320 0.440855 -0.315628 0.840254 0.220323 -0.135398 0.965984 
0.099396 -0.185910 0.977526 0.030843 0.046332 0.998450 0.421287 -0.146517 0.895014 0.115593 0.070121 0.990818 0.459424 -0.330393 0.824482 0.252304 -0.153233 0.955438 
0.061582 -0.104249 0.992643 0.032916 0.050303 0.998191 0.444176 -0.147392 0.883732 0.045445 0.028772 0.998552 0.488283 -0.350454 0.799225 0.245866 -0.137861 0.959450 
0.056715 -0.094417 0.993916 0.032280 0.051282 0.998162 0.456635 -0.140483 0.878492 0.028099 0.017965 0.999444 0.533186 -0.373918 0.758879 0.256262 -0.131192 0.957663 
0.038473 -0.068932 0.996879 0.025693 0.043698 0.998714 0.453343 -0.130753 0.881694 0.008799 0.005203 0.999948 0.594094 -0.389455 0.703830 0.249832 -0.120647 0.960744 
0.020769 -0.037946 0.999064 0.012843 0.023392 0.999644 0.460391 -0.135868 0.877257 0.000824 0.000477 1.000000 0.661965 -0.389064 0.640649 0.241481 -0.118669 0.963122 
0.021145 -0.038369 0.999040 0.000592 0.001113 0.999999 0.485302 -0.151077 0.861195 0.006403 0.003736 0.999973 0.716487 -0.379844 0.585120 0.256096 -0.132697 0.957500 
0.008303 -0.014114 0.999866 -0.001266 -0.002403 0.999996 0.495800 -0.158152 0.853915 0.402097 -0.210418 0.891091 0.023299 0.014487 0.999624 
-0.003785 0.006043 0.999975 -0.009990 -0.019922 0.999752 0.492680 -0.148783 0.857397 0.397995 -0.196325 0.896134 0.011090 0.007323 0.999912 
0.000624 -0.000984 0.999999 -0.031613 -0.067797 0.997198 0.519217 -0.137535 0.843503 0.421250 -0.194041 0.885944 -0.000733 -0.000490 1.000000 
0.012452 -0.019172 0.999739 -0.032749 -0.069579 0.997039 0.569303 -0.141765 0.809813 0.467212 -0.211119 0.858570 0.001470 0.001006 0.999998 
0.037508 -0.058017 0.997611 -0.031176 -0.064807 0.997411 0.537445 -0.241360 0.808022 0.012799 0.008739 0.999880 0.454310 -0.107190 0.884372 0.929095 -0.218312 0.298533 
0.066038 -0.105306 0.992245 -0.030289 -0.061351 0.997657 0.611957 -0.278234 0.740334 0.044532 0.029889 0.998561 0.550586 -0.129401 0.824688 0.974886 -0.117178 0.189386 
0.097109 -0.164356 0.981609 0.624886 -0.154339 0.765308 0.667430 -0.319813 0.672501 0.087895 0.057443 0.994472 -0.028414 -0.055279 0.998067 
0.127455 -0.232643 0.964174 0.655858 -0.175207 0.734270 0.682481 -0.364637 0.633451 0.158716 0.103953 0.981837 -0.013990 -0.026498 0.999551 
0.132643 -0.261233 0.956119 0.020397 0.039177 0.999024 0.791189 -0.252929 0.556819 0.219846 0.143906 0.964862 0.542751 -0.321031 0.776119 
0.277599 0.181177 0.943458 0.526859 -0.337586 0.780035 0.768845 -0.317460 0.555064 0.119445 -0.246424 0.961773 0.057766 0.114861 0.991701 
0.338987 0.218344 0.915103 0.502299 -0.359260 0.786529 0.728419 -0.402295 0.554585 0.095026 -0.199129 0.975355 0.093927 0.195240 0.976247 -0.150571 -0.962876 0.224051 
0.405334 0.254186 0.878120 0.461996 -0.378793 0.801920 0.656976 -0.496178 0.567618 0.063614 -0.131023 0.989336 0.130869 0.282979 0.950156 -0.217608 -0.923506 0.315884 
0.475409 0.283006 0.833003 0.409230 -0.384417 0.827499 0.564601 -0.567357 0.599443 0.027721 -0.054983 0.998102 0.166187 0.369607 0.914206 -0.229106 -0.883541 0.408491 
0.526884 0.293544 0.797637 0.358579 -0.369592 0.857218 0.488818 -0.592013 0.640764 -0.006333 0.011921 0.999909 0.192336 0.427769 0.883188 -0.207786 -0.855813 0.473719 
0.554500 0.285037 0.781846 0.323363 -0.346459 0.880569 0.445789 -0.584462 0.677994 -0.032792 0.060201 0.997648 0.216037 0.466227 0.857881 -0.174099 -0.834809 0.522287 
0.568779 0.288814 0.770115 0.295635 -0.321247 0.899667 0.421911 -0.568122 0.706561 -0.037091 0.067492 0.997030 0.234124 0.479954 0.845477 -0.129173 -0.825236 0.549818 
0.588624 0.298633 0.751226 0.270741 -0.299623 0.914836 0.398862 -0.556779 0.728633 -0.033396 0.061294 0.997561 0.254893 0.495801 0.830187 -0.087920 -0.808116 0.582424 
0.601161 0.301843 0.739930 0.266087 -0.292048 0.918643 0.394237 -0.549251 0.736817 -0.032288 0.059854 0.997685 0.263045 0.513645 0.816686 -0.075497 -0.793535 0.603823 
0.604709 0.302286 0.736852 0.275689 -0.297003 0.914212 0.401953 -0.549547 0.732415 -0.033377 0.061769 0.997532 0.257989 0.525301 0.810864 -0.081594 -0.789501 0.608301 
0.603376 0.303444 0.737468 0.289561 -0.308493 0.906083 0.411527 -0.557014 0.721374 -0.034710 0.063570 0.997374 0.247204 0.528215 0.812330 -0.100100 -0.793115 0.600790 
0.598674 0.299496 0.742894 0.299924 -0.318957 0.899062 0.418778 -0.564219 0.711535 -0.037162 0.067819 0.997005 0.238468 0.523906 0.817714 -0.120169 -0.798989 0.589217 
0.304044 -0.326639 0.894910 0.613006 0.284915 0.736917 -0.157825 -0.788584 0.594329 0.236309 0.536933 0.809852 0.577075 -0.276104 0.768604 0.346036 0.045886 0.937098 -0.049108 -0.084221 0.995236 0.013606 0.011852 0.999837 
0.289828 -0.326864 0.899533 0.642789 0.251134 0.723709 -0.166109 -0.755722 0.633476 0.264927 0.566630 0.780220 0.458203 -0.145971 0.876779 0.349713 0.039745 0.936014 -0.061292 -0.146333 0.987335 0.016609 0.014245 0.999761 
0.255553 -0.316183 0.913631 0.670309 0.210793 0.711514 -0.040924 -0.136695 0.989767 0.020200 0.016572 0.999659 -0.169316 -0.723152 0.669614 0.312535 0.578751 0.753240 0.366383 -0.086665 0.926419 0.343851 0.024903 0.938694 
0.215024 -0.298903 0.929743 0.691320 0.172281 0.701709 -0.023350 -0.089118 0.995747 0.023292 0.018090 0.999565 -0.178989 -0.699280 0.692077 0.361614 0.570031 0.737767 0.348164 -0.078189 0.934167 0.332727 0.007987 0.942990 
0.180552 -0.280116 0.942834 0.700595 0.152952 0.696974 -0.012474 -0.046517 0.998840 0.024734 0.018347 0.999526 -0.191121 -0.697303 0.690826 0.390584 0.542417 0.743793 0.355317 -0.088093 0.930586 0.324636 -0.005155 0.945825 
0.164160 -0.271597 0.948307 0.701691 0.151352 0.696220 -0.005199 -0.018722 0.999811 0.024524 0.017459 0.999547 -0.199868 -0.703278 0.682241 0.400336 0.520196 0.754406 0.338428 -0.091329 0.936550 0.321953 -0.012785 0.946669 
0.167437 -0.277318 0.946076 0.699671 0.154476 0.697566 0.000329 0.001139 0.999999 0.023956 0.016394 0.999579 -0.203730 -0.708005 0.676182 0.396067 0.516615 0.759104 0.302991 -0.087640 0.948955 0.323483 -0.015264 0.946111 
0.183478 -0.290560 0.939101 0.694717 0.160440 0.701162 -0.202695 -0.711160 0.673177 0.383511 0.526005 0.759103 0.314893 -0.098867 0.943964 0.327203 -0.012376 0.944873 0.002783 0.008965 0.999956 0.023038 0.015685 0.999612 
0.204029 -0.303124 0.930853 0.687585 0.168208 0.706352 -0.196771 -0.713695 0.672250 0.368380 0.539097 0.757411 0.307448 -0.096665 0.946642 0.332057 -0.008512 0.943221 0.008084 0.026589 0.999614 0.021863 0.014902 0.999650 
0.221968 -0.310201 0.924395 0.678907 0.177775 0.712377 -0.187356 -0.718693 0.669611 0.353461 0.547643 0.758388 0.291506 -0.090427 0.952285 0.335111 -0.004728 0.942167 0.014301 0.048915 0.998701 0.020424 0.013939 0.999694 
0.233219 -0.311518 0.921176 0.670594 0.186226 0.718069 -0.177103 -0.724783 0.665826 0.342265 0.550407 0.761516 0.268483 -0.081171 0.959859 0.336296 -0.001920 0.941754 0.019781 0.070919 0.997286 0.019148 0.013086 0.999731 
0.237593 -0.308516 0.921069 0.663597 0.192542 0.722887 -0.166713 -0.730308 0.662462 0.336000 0.549089 0.765249 0.242213 -0.070981 0.967623 0.335657 -0.000270 0.941984 0.024514 0.092115 0.995447 0.018192 0.012444 0.999757 
0.010433 0.045643 0.998903 0.333423 -0.000396 0.942777 0.250912 -0.076616 0.964973 0.323088 0.545678 0.773207 -0.162429 -0.740404 0.652241 0.234861 -0.299737 0.924661 -0.843546 0.329276 0.424273 0.095179 -0.096885 0.990734 
0.007350 0.036680 0.999300 0.331719 -0.003671 0.943371 0.306446 -0.110578 0.945444 0.323992 0.535137 0.780165 -0.178961 -0.745066 0.642534 0.227499 -0.301832 0.925819 -0.651813 -0.256262 0.713771 0.093792 -0.091585 0.991370 
0.331578 -0.005800 0.943410 0.372907 -0.161385 0.913726 -0.272076 -0.264876 0.925103 0.004352 0.021909 0.999751 0.318977 0.521161 0.791610 -0.204601 -0.753148 0.625225 0.090697 -0.085726 0.992182 0.222847 -0.307702 0.925018 
0.330826 -0.004108 0.943683 0.383460 -0.174403 0.906941 -0.125368 -0.172642 0.976974 0.002690 0.013238 0.999909 0.309305 0.518997 0.796851 -0.205701 -0.759443 0.617197 0.229006 -0.309451 0.922928 -0.093747 0.071870 0.992999 0.092030 -0.086025 0.992033 
0.327439 -0.000073 0.944872 0.358084 -0.158066 0.920212 -0.075731 -0.121114 0.989746 0.001939 0.009445 0.999954 0.300971 0.523789 0.796908 -0.179951 -0.764461 0.619045 0.239443 -0.305353 0.921643 -0.100953 0.065609 0.992725 0.091074 -0.085046 0.992206 
0.325019 0.003447 0.945701 0.316711 -0.130907 0.939445 -0.050575 -0.087474 0.994882 0.001463 0.007103 0.999974 0.293524 0.526277 0.798045 -0.153706 -0.769351 0.620059 0.248761 -0.300287 0.920840 -0.097420 0.057840 0.993561 0.089749 -0.083762 0.992436 
0.325157 0.005835 0.945642 0.275205 -0.107727 0.955331 -0.034285 -0.062713 0.997443 0.001087 0.005291 0.999985 0.284253 0.520783 0.804975 -0.135513 -0.778538 0.612793 0.255417 -0.296110 0.920370 -0.087657 0.048747 0.994957 0.087775 -0.081690 0.992785 
0.326820 0.007844 0.945054 0.234386 -0.087491 0.968199 -0.021151 -0.040635 0.998950 0.000748 0.003633 0.999993 0.273923 0.512261 0.813975 -0.120133 -0.789328 0.602104 0.261852 -0.292991 0.919559 -0.071787 0.037708 0.996707 0.085638 -0.079644 0.993138 
0.328856 0.009848 0.944329 0.194365 -0.069507 0.978464 -0.013429 -0.026698 0.999553 0.000538 0.002626 0.999996 0.263107 0.502549 0.823541 -0.104551 -0.800469 0.590185 0.268580 -0.290184 0.918509 -0.062396 0.031549 0.997553 0.083318 -0.077359 0.993516 
0.330627 0.011946 0.943686 0.153399 -0.052368 0.986776 -0.008201 -0.016734 0.999826 0.000367 0.001791 0.999998 0.252191 0.492138 0.833187 -0.087406 -0.811429 0.577878 0.275188 -0.286910 0.917581 -0.048737 0.023947 0.998525 0.080969 -0.075151 0.993879 
0.332034 0.014167 0.943161 0.112746 -0.036712 0.992945 -0.004894 -0.010203 0.999936 0.000244 0.001191 0.999999 0.241401 0.481301 0.842660 -0.068802 -0.821853 0.565530 0.281705 -0.283343 0.916711 -0.036529 0.017542 0.999179 0.078531 -0.072847 0.994247 
0.333401 0.016433 0.942642 0.073669 -0.022851 0.997021 -0.002507 -0.005345 0.999983 0.000141 0.000688 1.000000 0.231300 0.471155 0.851184 -0.050971 -0.830970 0.553977 0.288641 -0.280303 0.915487 -0.023660 0.011100 0.999658 0.076085 -0.070511 0.994605 
0.334110 0.018536 0.942352 0.036806 -0.010763 0.999264 -0.001538 -0.003346 0.999993 0.000086 0.000423 1.000000 0.224320 0.465732 0.856022 -0.037033 -0.835995 0.547485 -0.014740 0.006774 0.999868 0.295930 -0.277932 0.913881 0.073927 -0.068324 0.994920 
0.334172 0.020318 0.942293 0.008673 -0.002405 0.999959 -0.002347 -0.005182 0.999984 0.000097 0.000478 1.000000 0.219043 0.461963 0.859424 -0.026084 -0.839392 0.542901 -0.011368 0.005149 0.999922 0.161463 -0.148231 0.975683 
0.333430 0.021663 0.942526 -0.002660 0.000729 0.999996 -0.004102 -0.009173 0.999950 0.000112 0.000554 1.000000 0.215725 0.458742 0.861985 -0.018611 -0.841799 0.539470 -0.009053 0.004050 0.999951 0.161523 -0.147008 0.975858 
0.332513 0.022408 0.942832 0.001302 -0.000363 0.999999 -0.006795 -0.015360 0.999859 0.000212 0.001051 0.999999 0.215255 0.457612 0.862703 -0.016412 -0.842344 0.538690 -0.008970 0.003970 0.999952 0.161423 -0.146348 0.975974 
0.332448 0.022645 0.942850 0.006930 -0.001942 0.999974 -0.010501 -0.023817 0.999661 0.000335 0.001669 0.999999 0.215944 0.456142 0.863309 -0.018309 -0.842952 0.537677 -0.013111 0.005787 0.999897 0.161243 -0.146109 0.976039 
0.333051 0.022618 0.942637 0.014916 -0.004221 0.999880 -0.014441 -0.032831 0.999357 0.000456 0.002284 0.999997 0.216823 0.454376 0.864020 -0.022898 -0.843881 0.536041 -0.018437 0.008126 0.999797 0.161250 -0.146286 0.976012 
0.333793 0.022479 0.942378 0.026647 -0.007678 0.999615 -0.018373 -0.041840 0.998955 0.000578 0.002899 0.999996 0.218031 0.453129 0.864370 -0.028999 -0.844506 0.534760 -0.023332 0.010278 0.999675 0.309486 -0.281688 0.908224 0.067833 -0.061635 0.995791 
0.334455 0.022212 0.942150 0.040856 -0.012055 0.999092 -0.022113 -0.050249 0.998492 0.000704 0.003557 0.999993 0.219372 0.452322 0.864454 -0.035586 -0.844839 0.533835 -0.034790 0.015397 0.999276 0.309309 -0.284547 0.907392 0.067650 -0.061329 0.995822 
0.335226 0.021915 0.941883 0.053075 -0.015930 0.998463 -0.026004 -0.058827 0.997929 0.000848 0.004353 0.999990 0.220572 0.451471 0.864594 -0.041964 -0.845181 0.532831 0.308854 -0.287213 0.906707 -0.053687 0.023976 0.998270 0.067501 -0.060957 0.995855 
0.335912 0.021529 0.941647 0.063888 -0.019477 0.997767 -0.029020 -0.065358 0.997440 0.000949 0.004917 0.999987 0.221562 0.450808 0.864686 -0.047719 -0.845430 0.531950 0.308538 -0.289638 0.906043 -0.065332 0.029412 0.997430 0.067301 -0.060647 0.995888 
0.336494 0.021311 0.941445 0.073335 -0.022659 0.997050 -0.031255 -0.070112 0.997049 0.001024 0.005358 0.999985 0.222143 0.450290 0.864807 -0.052386 -0.845689 0.531099 0.308376 -0.291592 0.905471 -0.076300 0.034607 0.996484 0.067177 -0.060427 0.995910 
0.336840 0.021254 0.941322 0.081226 -0.025386 0.996372 -0.032436 -0.072697 0.996827 0.001070 0.005620 0.999984 0.222565 0.450255 0.864717 -0.055896 -0.845698 0.530726 0.308449 -0.293047 0.904977 -0.080095 0.036417 0.996122 0.067065 -0.060289 0.995925 
0.337183 0.021190 0.941200 0.087118 -0.027487 0.995819 -0.032589 -0.073214 0.996784 0.001075 0.005646 0.999983 0.222820 0.450271 0.864643 -0.058243 -0.845688 0.530491 0.308511 -0.294030 0.904636 -0.080114 0.036344 0.996123 0.067137 -0.060361 0.995916 
0.337352 0.021056 0.941143 0.089504 -0.028301 0.995584 -0.032852 -0.073676 0.996741 0.001097 0.005796 0.999983 0.223035 0.450354 0.864544 -0.059340 -0.845601 0.530508 0.308285 -0.294451 0.904577 -0.086831 0.039529 0.995439 0.067143 -0.060309 0.995919 
0.337311 0.020995 0.941159 0.089483 -0.028256 0.995587 -0.032840 -0.073471 0.996757 0.001091 0.005782 0.999983 0.223190 0.450709 0.864319 -0.059436 -0.845364 0.530874 0.308088 -0.294366 0.904672 -0.089662 0.040939 0.995130 0.067248 -0.060388 0.995907 
0.337236 0.020979 0.941186 0.088693 -0.027972 0.995666 -0.032773 -0.073082 0.996787 0.001085 0.005755 0.999983 0.223147 0.451012 0.864172 -0.058985 -0.845216 0.531159 0.308004 -0.294100 0.904787 -0.089139 0.040825 0.995182 0.067320 -0.060464 0.995898 
0.337127 0.020981 0.941225 0.087312 -0.027478 0.995802 -0.032547 -0.072333 0.996849 0.001081 0.005742 0.999983 0.222998 0.451291 0.864065 -0.058136 -0.845110 0.531421 0.307958 -0.293688 0.904936 -0.089637 0.041186 0.995123 0.067349 -0.060493 0.995894 
0.336985 0.020980 0.941276 0.085528 -0.026842 0.995974 -0.032060 -0.070996 0.996961 0.001069 0.005683 0.999983 0.222833 0.451586 0.863953 -0.057044 -0.844991 0.531729 0.307876 -0.293166 0.905133 -0.089452 0.041230 0.995137 0.067385 -0.060552 0.995888 
0.336810 0.020973 0.941339 0.083492 -0.026120 0.996166 -0.032125 -0.070750 0.996977 0.001059 0.005651 0.999983 0.222674 0.451885 0.863838 -0.055795 -0.844857 0.532074 0.307741 -0.292566 0.905373 -0.091391 0.042371 0.994913 0.067496 -0.060638 0.995875 
0.336624 0.020963 0.941406 0.081402 -0.025382 0.996358 -0.032151 -0.070391 0.997001 0.001054 0.005629 0.999984 0.222524 0.452177 0.863724 -0.054512 -0.844719 0.532427 0.307581 -0.291947 0.905627 -0.090783 0.042326 0.994971 0.067570 -0.060722 0.995865 
0.336435 0.020938 0.941474 0.079557 -0.024736 0.996523 -0.031892 -0.069527 0.997070 0.001047 0.005598 0.999984 0.222448 0.452505 0.863572 -0.053370 -0.844534 0.532836 0.307371 -0.291364 0.905886 -0.090928 0.042563 0.994947 0.067636 -0.060799 0.995856 
0.336257 0.020900 0.941538 0.077934 -0.024169 0.996665 -0.031748 -0.068933 0.997116 0.001040 0.005564 0.999984 0.222445 0.452853 0.863390 -0.052417 -0.844314 0.533279 0.307121 -0.290842 0.906139 -0.090762 0.042648 0.994959 0.067733 -0.060902 0.995843 
0.336107 0.020847 0.941593 0.076568 -0.023692 0.996783 -0.031539 -0.068291 0.997167 0.001036 0.005542 0.999984 0.222493 0.453170 0.863211 -0.051683 -0.844096 0.533695 0.306826 -0.290402 0.906380 -0.091232 0.042984 0.994902 0.067828 -0.060994 0.995831 
0.335980 0.020784 0.941640 0.075597 -0.023354 0.996865 -0.031461 -0.067921 0.997195 0.001033 0.005527 0.999984 0.222596 0.453458 0.863033 -0.051186 -0.843881 0.534084 0.306502 -0.290054 0.906601 -0.091530 0.043249 0.994863 0.067934 -0.061100 0.995817 
0.335901 0.020718 0.941669 0.074982 -0.023138 0.996916 -0.031478 -0.067776 0.997204 0.001038 0.005569 0.999984 0.222706 0.453653 0.862903 -0.050897 -0.843718 0.534368 0.306200 -0.289820 0.906778 -0.094145 0.044627 0.994558 0.067992 -0.061142 0.995811 
0.335876 0.020660 0.941680 0.074604 -0.022999 0.996948 -0.031882 -0.068500 0.997142 0.001049 0.005653 0.999983 0.222805 0.453776 0.862813 -0.050772 -0.843606 0.534557 0.305964 -0.289696 0.906897 -0.098121 0.046662 0.994080 0.068068 -0.061157 0.995804 
0.335884 0.020619 0.941678 0.074360 -0.022905 0.996968 -0.032013 -0.068659 0.997126 0.001054 0.005680 0.999983 0.222862 0.453819 0.862775 -0.050725 -0.843556 0.534641 0.305810 -0.289643 0.906966 -0.098680 0.047018 0.994008 0.068102 -0.061189 0.995800 
0.335902 0.020602 0.941671 0.074316 -0.022885 0.996972 -0.032086 -0.068773 0.997116 0.001057 0.005699 0.999983 0.222875 0.453791 0.862787 -0.050716 -0.843563 0.534630 0.305750 -0.289643 0.906986 -0.099118 0.047262 0.993953 0.068106 -0.061190 0.995800 
0.335906 0.020601 0.941670 0.074314 -0.022884 0.996972 -0.032087 -0.068774 0.997116 0.001057 0.005700 0.999983 0.222874 0.453787 0.862788 -0.050718 -0.843565 0.534626 0.305749 -0.289646 0.906985 -0.099120 0.047264 0.993952 0.068106 -0.061190 0.995800 
0.335907 0.020601 0.941670 0.074288 -0.022875 0.996974 -0.032137 -0.068875 0.997108 0.001059 0.005715 0.999983 0.222873 0.453783 0.862791 -0.050714 -0.843567 0.534624 0.305749 -0.289644 0.906986 -0.099516 0.047462 0.993903 0.068100 -0.061179 0.995801 
0.335917 0.020601 0.941666 0.074185 -0.022837 0.996983 -0.032153 -0.068909 0.997105 0.001060 0.005718 0.999983 0.222867 0.453757 0.862807 -0.050697 -0.843583 0.534601 0.305751 -0.289646 0.906985 -0.099535 0.047473 0.993901 0.068098 -0.061176 0.995801 
0.335942 0.020598 0.941657 0.074040 -0.022784 0.996995 -0.032216 -0.069031 0.997094 0.001061 0.005727 0.999983 0.222856 0.453692 0.862843 -0.050681 -0.843617 0.534547 0.305750 -0.289659 0.906981 -0.099604 0.047517 0.993892 0.068094 -0.061173 0.995802 
0.335974 0.020592 0.941646 0.073841 -0.022709 0.997011 -0.032430 -0.069451 0.997058 0.001067 0.005761 0.999983 0.222847 0.453589 0.862900 -0.050643 -0.843669 0.534469 0.305738 -0.289673 0.906981 -0.100105 0.047795 0.993828 0.068087 -0.061158 0.995803 
0.335995 0.020585 0.941639 0.073543 -0.022599 0.997036 -0.032613 -0.069801 0.997028 0.001072 0.005786 0.999983 0.222841 0.453453 0.862973 -0.050543 -0.843733 0.534378 0.305706 -0.289663 0.906995 -0.100274 0.047910 0.993806 0.068077 -0.061148 0.995804 
0.335992 0.020577 0.941640 0.073114 -0.022443 0.997071 -0.033035 -0.070637 0.996955 0.001085 0.005868 0.999982 0.222845 0.453304 0.863050 -0.050360 -0.843793 0.534301 0.305643 -0.289610 0.907033 -0.101644 0.048641 0.993631 0.068051 -0.061101 0.995809 
0.335965 0.020565 0.941650 0.072548 -0.022242 0.997117 -0.033900 -0.072353 0.996803 0.001119 0.006069 0.999981 0.222864 0.453147 0.863128 -0.050098 -0.843844 0.534244 0.305545 -0.289513 0.907097 -0.105198 0.050506 0.993168 0.067987 -0.060977 0.995821 
0.335942 0.020553 0.941658 0.071790 -0.021974 0.997178 -0.034223 -0.072940 0.996749 0.001128 0.006130 0.999981 0.222844 0.452953 0.863234 -0.049764 -0.843927 0.534145 0.305482 -0.289412 0.907150 -0.107148 0.051546 0.992906 0.067944 -0.060922 0.995827 
0.335920 0.020547 0.941667 0.070951 -0.021677 0.997244 -0.034451 -0.073361 0.996710 0.001134 0.006176 0.999980 0.222798 0.452734 0.863362 -0.049394 -0.844033 0.534012 0.305442 -0.289307 0.907197 -0.108840 0.052434 0.992675 0.067892 -0.060859 0.995835 
0.335917 0.020553 0.941667 0.070104 -0.021381 0.997311 -0.034679 -0.073786 0.996671 0.001139 0.006203 0.999980 0.222754 0.452556 0.863466 -0.049092 -0.844121 0.533901 0.305422 -0.289215 0.907233 -0.109022 0.052572 0.992648 0.067871 -0.060838 0.995837 
0.335924 0.020557 0.941665 0.069240 -0.021079 0.997377 -0.034900 -0.074204 0.996632 0.001147 0.006256 0.999980 0.222711 0.452371 0.863574 -0.048816 -0.844213 0.533780 0.305414 -0.289142 0.907259 -0.110865 0.053531 0.992393 0.067826 -0.060782 0.995844 
0.335931 0.020563 0.941662 0.068504 -0.020822 0.997434 -0.035395 -0.075157 0.996543 0.001150 0.006284 0.999980 0.222664 0.452198 0.863677 -0.048561 -0.844303 0.533662 0.305404 -0.289074 0.907284 -0.112469 0.054416 0.992164 0.067852 -0.060776 0.995843 
0.335925 0.020546 0.941665 0.067895 -0.020611 0.997480 -0.035603 -0.075547 0.996506 0.001157 0.006332 0.999979 0.222643 0.452060 0.863754 -0.048342 -0.844365 0.533582 0.305391 -0.289019 0.907306 -0.114239 0.055342 0.991911 0.067808 -0.060722 0.995849 
0.335910 0.020545 0.941670 0.067270 -0.020395 0.997526 -0.035939 -0.076182 0.996446 0.001168 0.006400 0.999979 0.222628 0.451923 0.863830 -0.048107 -0.844424 0.533511 0.305346 -0.288941 0.907346 -0.115047 0.055815 0.991791 0.067773 -0.060675 0.995854 
0.335909 0.020544 0.941671 0.066709 -0.020201 0.997568 -0.036139 -0.076542 0.996411 0.001173 0.006427 0.999979 0.222608 0.451813 0.863893 -0.047909 -0.844474 0.533450 0.305320 -0.288877 0.907375 -0.115214 0.055951 0.991764 0.067760 -0.060663 0.995856 
0.335919 0.020545 0.941667 0.066138 -0.020003 0.997610 -0.036292 -0.076817 0.996384 0.001177 0.006449 0.999979 0.222579 0.451699 0.863960 -0.047724 -0.844531 0.533376 0.305305 -0.288827 0.907396 -0.115331 0.056052 0.991744 0.067747 -0.060651 0.995857 
0.335919 0.020511 0.941667 0.065464 -0.019771 0.997659 -0.036714 -0.077614 0.996307 0.001194 0.006574 0.999978 0.222547 0.451550 0.864046 -0.047507 -0.844603 0.533281 0.305292 -0.288788 0.907413 -0.119641 0.058299 0.991104 0.067658 -0.060521 0.995871 
0.335907 0.020510 0.941672 0.064885 -0.019569 0.997701 -0.036830 -0.077808 0.996288 0.001197 0.006588 0.999978 0.222516 0.451439 0.864112 -0.047255 -0.844655 0.533221 0.305253 -0.288702 0.907453 -0.119615 0.058328 0.991105 0.067642 -0.060508 0.995873 
0.335913 0.020508 0.941670 0.064331 -0.019380 0.997740 -0.037001 -0.078097 0.996259 0.001200 0.006609 0.999977 0.222493 0.451356 0.864161 -0.047065 -0.844694 0.533176 0.305229 -0.288642 0.907481 -0.119735 0.058448 0.991084 0.067638 -0.060504 0.995874 
0.335923 0.020505 0.941666 0.063761 -0.019185 0.997781 -0.037731 -0.079464 0.996123 0.001213 0.006697 0.999977 0.222465 0.451265 0.864216 -0.046873 -0.844738 0.533123 0.305202 -0.288582 0.907509 -0.122194 0.059846 0.990700 0.067663 -0.060480 0.995873 
0.335999 0.020467 0.941640 0.062924 -0.018894 0.997839 -0.037915 -0.079769 0.996092 0.001229 0.006807 0.999976 0.222412 0.451132 0.864299 -0.046624 -0.844811 0.533030 0.305207 -0.288532 0.907523 -0.125026 0.061350 0.990255 0.067606 -0.060404 0.995882 
0.336008 0.020467 0.941637 0.062188 -0.018643 0.997890 -0.038067 -0.080011 0.996067 0.001232 0.006824 0.999976 0.222379 0.451055 0.864347 -0.046401 -0.844848 0.532990 0.305194 -0.288465 0.907549 -0.125081 0.061442 0.990242 0.067599 -0.060399 0.995883 
0.336001 0.020464 0.941639 0.061625 -0.018453 0.997929 -0.038244 -0.080299 0.996037 0.001236 0.006845 0.999976 0.222357 0.450988 0.864388 -0.046192 -0.844877 0.532962 0.305167 -0.288390 0.907582 -0.125193 0.061569 0.990220 0.067593 -0.060394 0.995883 
0.335996 0.020463 0.941641 0.061084 -0.018270 0.997965 -0.038393 -0.080541 0.996012 0.001239 0.006862 0.999976 0.222330 0.450914 0.864434 -0.045987 -0.844912 0.532925 0.305145 -0.288320 0.907611 -0.125255 0.061660 0.990207 0.067586 -0.060387 0.995884 
0.335989 0.020465 0.941644 0.060536 -0.018084 0.998002 -0.038519 -0.080746 0.995990 0.001241 0.006876 0.999976 0.222303 0.450839 0.864480 -0.045760 -0.844946 0.532891 0.305129 -0.288251 0.907639 -0.125259 0.061714 0.990203 0.067576 -0.060379 0.995885 
0.335968 0.020467 0.941651 0.059991 -0.017899 0.998038 -0.038845 -0.081337 0.995929 0.001253 0.006949 0.999975 0.222286 0.450766 0.864522 -0.045496 -0.844971 0.532874 0.305100 -0.288167 0.907675 -0.126207 0.062282 0.990047 0.067542 -0.060330 0.995891 
0.335940 0.020471 0.941661 0.059425 -0.017706 0.998076 -0.039177 -0.081934 0.995867 0.001264 0.007020 0.999975 0.222273 0.450702 0.864559 -0.045207 -0.844989 0.532870 0.305072 -0.288076 0.907713 -0.127106 0.062827 0.989897 0.067508 -0.060282 0.995896 
0.335902 0.020442 0.941675 0.058691 -0.017460 0.998124 -0.039342 -0.082198 0.995839 0.001265 0.007039 0.999974 0.222242 0.450610 0.864615 -0.044873 -0.845025 0.532841 0.305053 -0.287977 0.907751 -0.128382 0.063551 0.989687 0.067472 -0.060239 0.995901 
0.335876 0.020451 0.941684 0.058045 -0.017243 0.998165 -0.039491 -0.082435 0.995814 0.001268 0.007052 0.999974 0.222219 0.450556 0.864649 -0.044571 -0.845041 0.532841 0.305047 -0.287884 0.907783 -0.128330 0.063585 0.989691 0.067464 -0.060232 0.995902 
0.335852 0.020455 0.941693 0.057392 -0.017024 0.998207 -0.039818 -0.083023 0.995752 0.001279 0.007122 0.999974 0.222195 0.450479 0.864695 -0.044223 -0.845065 0.532831 0.305027 -0.287791 0.907818 -0.129210 0.064126 0.989542 0.067431 -0.060185 0.995907 
0.335834 0.020462 0.941699 0.056745 -0.016810 0.998247 -0.039962 -0.083254 0.995727 0.001281 0.007134 0.999974 0.222166 0.450408 0.864740 -0.043847 -0.845087 0.532829 0.305026 -0.287713 0.907844 -0.129202 0.064181 0.989539 0.067424 -0.060178 0.995908 
0.335805 0.020430 0.941710 0.055998 -0.016566 0.998293 -0.040125 -0.083527 0.995697 0.001282 0.007150 0.999974 0.222134 0.450321 0.864793 -0.043432 -0.845114 0.532819 0.305039 -0.287642 0.907862 -0.130497 0.064905 0.989322 0.067389 -0.060135 0.995913 
0.335771 0.020437 0.941722 0.055404 -0.016370 0.998330 -0.040871 -0.084904 0.995551 0.001292 0.007223 0.999973 0.222120 0.450257 0.864830 -0.043019 -0.845122 0.532839 0.305028 -0.287557 0.907893 -0.132348 0.066031 0.989001 0.067417 -0.060117 0.995912 
0.335738 0.020445 0.941733 0.054801 -0.016169 0.998366 -0.041240 -0.085564 0.995479 0.001304 0.007302 0.999972 0.222092 0.450170 0.864883 -0.042577 -0.845146 0.532837 0.305020 -0.287469 0.907923 -0.133116 0.066532 0.988865 0.067371 -0.060058 0.995919 
0.335712 0.020455 0.941743 0.054259 -0.015992 0.998399 -0.041382 -0.085803 0.995452 0.001307 0.007318 0.999972 0.222083 0.450118 0.864912 -0.042196 -0.845147 0.532865 0.305026 -0.287405 0.907941 -0.133107 0.066576 0.988863 0.067360 -0.060047 0.995920 
0.335750 0.020409 0.941730 0.053690 -0.015802 0.998433 -0.041563 -0.086119 0.995418 0.001318 0.007393 0.999972 0.222053 0.450024 0.864969 -0.041824 -0.845180 0.532844 0.305049 -0.287354 0.907950 -0.134300 0.067252 0.988656 0.067321 -0.060000 0.995926 
0.335725 0.020373 0.941740 0.052889 -0.015541 0.998479 -0.041920 -0.086771 0.995346 0.001327 0.007459 0.999971 0.222020 0.449928 0.865027 -0.041423 -0.845212 0.532824 0.305074 -0.287299 0.907959 -0.136206 0.068331 0.988321 0.067258 -0.059917 0.995935 
0.335704 0.020389 0.941747 0.052330 -0.015354 0.998512 -0.042275 -0.087404 0.995276 0.001338 0.007525 0.999971 0.221961 0.449817 0.865100 -0.041018 -0.845263 0.532773 0.305103 -0.287231 0.907971 -0.136714 0.068693 0.988226 0.067210 -0.059858 0.995942 
0.335682 0.020410 0.941754 0.051772 -0.015169 0.998544 -0.042852 -0.088454 0.995158 0.001338 0.007534 0.999971 0.221912 0.449727 0.865159 -0.040614 -0.845299 0.532748 0.305150 -0.287176 0.907972 -0.137366 0.069176 0.988102 0.067250 -0.059868 0.995938 
0.335652 0.020432 0.941765 0.051284 -0.015008 0.998571 -0.043162 -0.089033 0.995093 0.001349 0.007616 0.999970 0.221860 0.449636 0.865220 -0.040213 -0.845337 0.532718 0.305224 -0.287134 0.907961 -0.138905 0.070047 0.987825 0.067174 -0.059774 0.995949 
0.335623 0.020462 0.941774 0.050851 -0.014863 0.998596 -0.043275 -0.089231 0.995070 0.001350 0.007623 0.999970 0.221789 0.449537 0.865290 -0.039807 -0.845387 0.532669 0.305299 -0.287085 0.907951 -0.138441 0.069836 0.987905 0.067134 -0.059737 0.995954 
0.335613 0.020484 0.941777 0.050301 -0.014679 0.998626 -0.043913 -0.090434 0.994934 0.001376 0.007812 0.999969 0.221686 0.449390 0.865392 -0.039401 -0.845475 0.532559 0.305442 -0.287076 0.907905 -0.142926 0.072323 0.987087 0.066982 -0.059534 0.995976 
0.335609 0.020531 0.941778 0.049642 -0.014456 0.998662 -0.044043 -0.090650 0.994908 0.001376 0.007819 0.999968 0.221495 0.449213 0.865533 -0.038903 -0.845611 0.532380 0.305635 -0.287036 0.907853 -0.142880 0.072347 0.987092 0.066899 -0.059450 0.995987 
0.335559 0.020587 0.941794 0.048991 -0.014239 0.998698 -0.044123 -0.090789 0.994892 0.001375 0.007824 0.999968 0.221361 0.449145 0.865603 -0.038355 -0.845664 0.532336 0.305834 -0.286978 0.907805 -0.142958 0.072411 0.987076 0.066825 -0.059371 0.995997 
0.335505 0.020635 0.941813 0.048393 -0.014041 0.998730 -0.044204 -0.090934 0.994875 0.001374 0.007831 0.999968 0.221254 0.449096 0.865655 -0.037817 -0.845695 0.532325 0.306003 -0.286920 0.907766 -0.143155 0.072538 0.987038 0.066757 -0.059297 0.996006 
0.335463 0.020677 0.941826 0.047941 -0.013891 0.998754 -0.044231 -0.090972 0.994871 0.001372 0.007821 0.999968 0.221167 0.449036 0.865709 -0.037378 -0.845730 0.532300 0.306110 -0.286861 0.907748 -0.142445 0.072177 0.987168 0.066714 -0.059259 0.996011 
0.335430 0.020700 0.941838 0.047597 -0.013779 0.998772 -0.044256 -0.091013 0.994866 0.001371 0.007816 0.999969 0.221122 0.448988 0.865745 -0.037025 -0.845747 0.532299 0.306163 -0.286815 0.907745 -0.142071 0.071989 0.987235 0.066687 -0.059234 0.996014 
0.335417 0.020708 0.941842 0.047330 -0.013695 0.998785 -0.044297 -0.091084 0.994858 0.001372 0.007819 0.999968 0.221101 0.448943 0.865774 -0.036785 -0.845758 0.532296 0.306177 -0.286786 0.907749 -0.141982 0.071957 0.987250 0.066675 -0.059223 0.996016 
0.335400 0.020708 0.941848 0.047115 -0.013630 0.998796 -0.044398 -0.091248 0.994838 0.001374 0.007830 0.999968 0.221102 0.448919 0.865786 -0.036568 -0.845752 0.532322 0.306167 -0.286754 0.907763 -0.142043 0.072028 0.987236 0.066672 -0.059221 0.996016 
