-0.889949 -0.456061 -0.000000 -0.452179 0.891927 0.000000 0.457626 -0.889145 0.000000 0.899897 0.436103 0.000000 
-0.889880 -0.456195 -0.000000 -0.452322 0.891854 0.000000 0.457769 -0.889071 0.000000 0.899831 0.436239 0.000000 
-0.890079 -0.455806 -0.000000 -0.451950 0.892043 0.000000 0.457397 -0.889262 0.000000 0.900022 0.435845 0.000000 
-0.890077 -0.455809 -0.000000 -0.451948 0.892044 0.000000 0.457396 -0.889263 0.000000 0.900020 0.435848 0.000000 
-0.890076 -0.455812 -0.000000 -0.451947 0.892045 0.000000 0.457395 -0.889264 0.000000 0.900019 0.435851 0.000000 
-0.890075 -0.455814 -0.000000 -0.451946 0.892045 0.000000 0.457394 -0.889264 0.000000 0.900018 0.435853 0.000000 
-0.890074 -0.455815 -0.000000 -0.451945 0.892046 0.000000 0.457393 -0.889265 0.000000 0.900017 0.435854 0.000000 
-0.889799 -0.456353 -0.000000 -0.452458 0.891786 0.000000 0.457904 -0.889002 0.000000 0.899754 0.436398 0.000000 
-0.889760 -0.456428 -0.000000 -0.452525 0.891752 0.000000 0.457970 -0.888968 0.000000 0.899717 0.436473 0.000000 
-0.889821 -0.456310 -0.000000 -0.452421 0.891805 0.000000 0.457866 -0.889021 0.000000 0.899775 0.436354 0.000000 
-0.889965 -0.456029 -0.000000 -0.452142 0.891946 0.000000 0.457588 -0.889164 0.000000 0.899913 0.436069 0.000000 
-0.889796 -0.456358 -0.000000 -0.452460 0.891785 0.000000 0.457906 -0.889001 0.000000 0.899752 0.436401 0.000000 
-0.889798 -0.456354 -0.000000 -0.452460 0.891785 0.000000 0.457905 -0.889001 0.000000 0.899754 0.436398 0.000000 
-0.889799 -0.456352 -0.000000 -0.452459 0.891785 0.000000 0.457905 -0.889001 0.000000 0.899755 0.436396 0.000000 
-0.889736 -0.456476 -0.000000 -0.452597 0.891715 0.000000 0.458041 -0.888931 0.000000 0.899695 0.436520 0.000000 
-0.889745 -0.456459 -0.000000 -0.452627 0.891700 0.000000 0.458072 -0.888915 0.000000 0.899704 0.436500 0.000000 
-0.889815 -0.456322 -0.000000 -0.452474 0.891777 0.000000 0.457919 -0.888994 0.000000 0.899771 0.436362 0.000000 
-0.889814 -0.456323 -0.000000 -0.452469 0.891780 0.000000 0.457914 -0.888996 0.000000 0.899770 0.436364 0.000000 
-0.889813 -0.456325 -0.000000 -0.452466 0.891782 0.000000 0.457911 -0.888998 0.000000 0.899769 0.436367 0.000000 
-0.889812 -0.456327 -0.000000 -0.452464 0.891783 0.000000 0.457910 -0.888999 0.000000 0.899768 0.436369 0.000000 
-0.889603 -0.456734 -0.000000 -0.452862 0.891580 0.000000 0.458307 -0.888794 0.000000 0.899568 0.436781 0.000000 
-0.889548 -0.456842 -0.000000 -0.452996 0.891513 0.000000 0.458439 -0.888726 0.000000 0.899515 0.436889 0.000000 
-0.889513 -0.456910 -0.000000 -0.453093 0.891463 0.000000 0.458536 -0.888676 0.000000 0.899483 0.436956 0.000000 
-0.889524 -0.456888 -0.000000 -0.453081 0.891469 0.000000 0.458523 -0.888683 0.000000 0.899495 0.436931 0.000000 
-0.889957 -0.456045 -0.000000 -0.452240 0.891896 0.000000 0.457684 -0.889115 0.000000 0.899910 0.436075 0.000000 
-0.889954 -0.456050 -0.000000 -0.452241 0.891896 0.000000 0.457685 -0.889115 0.000000 0.899908 0.436080 0.000000 
-0.889952 -0.456054 -0.000000 -0.452240 0.891896 0.000000 0.457683 -0.889115 0.000000 0.899907 0.436082 0.000000 
-0.889950 -0.456059 -0.000000 -0.452241 0.891896 0.000000 0.457684 -0.889115 0.000000 0.899905 0.436086 0.000000 
-0.889948 -0.456061 -0.000000 -0.452243 0.891895 0.000000 0.457685 -0.889115 0.000000 0.899905 0.436085 0.000000 
-0.889946 -0.456066 -0.000000 -0.452246 0.891893 0.000000 0.457687 -0.889113 0.000000 0.899904 0.436088 0.000000 
-0.889944 -0.456069 -0.000000 -0.452249 0.891892 0.000000 0.457688 -0.889113 0.000000 0.899905 0.436086 0.000000 
-0.889941 -0.456075 -0.000000 -0.452252 0.891890 0.000000 0.457691 -0.889111 0.000000 0.899904 0.436089 0.000000 
-0.889939 -0.456079 -0.000000 -0.452255 0.891889 0.000000 0.457692 -0.889111 0.000000 0.899904 0.436088 0.000000 
-0.889936 -0.456085 -0.000000 -0.452259 0.891887 0.000000 0.457695 -0.889109 0.000000 0.899903 0.436089 0.000000 
-0.889687 -0.456571 -0.000000 -0.452735 0.891645 0.000000 0.458167 -0.888866 0.000000 0.899669 0.436573 0.000000 
-0.883320 -0.468770 -0.000000 -0.465044 0.885288 0.000000 0.470435 -0.882435 0.000000 0.893582 0.448901 0.000000 
-0.874148 -0.485659 -0.000000 -0.481224 0.876598 0.000000 0.486553 -0.873651 0.000000 0.884807 0.465958 0.000000 
-0.625258 0.780418 0.000000 0.499112 -0.866538 0.000000 0.877147 0.480222 0.000000 0.344759 0.938691 0.000000 -0.779273 -0.626685 -0.000000 -0.343551 -0.939134 -0.000000 
-0.633343 0.773871 0.000000 0.508098 -0.861299 0.000000 0.871713 0.490017 0.000000 0.353197 0.935549 0.000000 -0.772690 -0.634784 -0.000000 -0.353283 -0.935516 -0.000000 
-0.634971 0.772536 0.000000 0.512571 -0.858645 0.000000 0.869586 0.493781 0.000000 0.353290 0.935514 0.000000 -0.771320 -0.636448 -0.000000 -0.354076 -0.935217 -0.000000 
-0.633113 0.774059 0.000000 0.512416 -0.858737 0.000000 0.870157 0.492775 0.000000 0.352108 0.935960 0.000000 -0.772832 -0.634611 -0.000000 -0.353181 -0.935555 -0.000000 
-0.631422 0.775439 0.000000 0.510781 -0.859711 0.000000 0.871395 0.490582 0.000000 0.346438 0.938073 0.000000 -0.774187 -0.632957 -0.000000 -0.347284 -0.937760 -0.000000 
-0.632770 0.774340 0.000000 0.509744 -0.860326 0.000000 0.872096 0.489335 0.000000 0.336713 0.941607 0.000000 -0.773018 -0.634384 -0.000000 -0.337023 -0.941496 -0.000000 
-0.637593 0.770374 0.000000 0.510142 -0.860090 0.000000 0.871918 0.489652 0.000000 0.321908 0.946771 0.000000 -0.768933 -0.639329 -0.000000 -0.321450 -0.946927 -0.000000 
-0.643891 0.765117 0.000000 0.512699 -0.858568 0.000000 0.870493 0.492180 0.000000 0.304776 0.952424 0.000000 -0.763652 -0.645628 -0.000000 -0.303493 -0.952834 -0.000000 
-0.649681 0.760207 0.000000 0.515746 -0.856741 0.000000 0.868775 0.495207 0.000000 0.290153 0.956980 0.000000 -0.758911 -0.651194 -0.000000 -0.288164 -0.957581 -0.000000 
-0.653822 0.756648 0.000000 0.517184 -0.855874 0.000000 0.867977 0.496604 0.000000 0.280461 0.959865 0.000000 -0.755649 -0.654976 -0.000000 -0.277902 -0.960609 -0.000000 
-0.655429 0.755257 0.000000 0.517411 -0.855737 0.000000 0.867873 0.496787 0.000000 0.277178 0.960818 0.000000 -0.754609 -0.656175 -0.000000 -0.274341 -0.961632 -0.000000 
-0.655268 0.755396 0.000000 0.517026 -0.855970 0.000000 0.868119 0.496356 0.000000 0.278426 0.960458 0.000000 -0.755081 -0.655631 -0.000000 -0.275543 -0.961289 -0.000000 
-0.654170 0.756347 0.000000 0.516232 -0.856449 0.000000 0.868601 0.495511 0.000000 0.282249 0.959341 0.000000 -0.756330 -0.654190 -0.000000 -0.279459 -0.960158 -0.000000 
-0.653464 0.756957 0.000000 0.516544 -0.856260 0.000000 0.868427 0.495818 0.000000 0.288050 0.957616 0.000000 -0.757224 -0.653155 -0.000000 -0.285597 -0.958350 -0.000000 
-0.652873 0.757467 0.000000 0.516890 -0.856052 0.000000 0.868235 0.496154 0.000000 0.294410 0.955679 0.000000 -0.757961 -0.652299 -0.000000 -0.292361 -0.956308 -0.000000 
-0.652474 0.757811 0.000000 0.516896 -0.856048 0.000000 0.868234 0.496155 0.000000 0.300307 0.953843 0.000000 -0.758456 -0.651724 -0.000000 -0.298617 -0.954373 -0.000000 
-0.652019 0.758202 0.000000 0.516897 -0.856047 0.000000 0.868234 0.496156 0.000000 0.305079 0.952327 0.000000 -0.758923 -0.651180 -0.000000 -0.303691 -0.952771 -0.000000 
-0.651609 0.758555 0.000000 0.516900 -0.856046 0.000000 0.868234 0.496156 0.000000 0.308184 0.951327 0.000000 -0.759293 -0.650749 -0.000000 -0.306993 -0.951712 -0.000000 
-0.651354 0.758774 0.000000 0.516901 -0.856045 0.000000 0.868234 0.496155 0.000000 0.309627 0.950858 0.000000 -0.759477 -0.650534 -0.000000 -0.308523 -0.951217 -0.000000 
-0.651066 0.759021 0.000000 0.516902 -0.856045 0.000000 0.868234 0.496155 0.000000 0.310200 0.950671 0.000000 -0.759615 -0.650373 -0.000000 -0.309128 -0.951020 -0.000000 
-0.650701 0.759334 0.000000 0.516043 -0.856563 0.000000 0.868732 0.495282 0.000000 0.311510 0.950243 0.000000 -0.759735 -0.650233 -0.000000 -0.310485 -0.950578 -0.000000 
-0.649900 0.760019 0.000000 0.516282 -0.856419 0.000000 0.868599 0.495516 0.000000 0.314643 0.949210 0.000000 -0.760105 -0.649800 -0.000000 -0.313939 -0.949443 -0.000000 
-0.648701 0.761043 0.000000 0.516025 -0.856574 0.000000 0.868746 0.495258 0.000000 0.318198 0.948024 0.000000 -0.760734 -0.649064 -0.000000 -0.317837 -0.948145 -0.000000 
-0.647614 0.761969 0.000000 0.515777 -0.856723 0.000000 0.868897 0.494994 0.000000 0.323062 0.946378 0.000000 -0.761215 -0.648500 -0.000000 -0.323199 -0.946331 -0.000000 
-0.645937 0.763390 0.000000 0.515435 -0.856929 0.000000 0.869111 0.494616 0.000000 0.328048 0.944661 0.000000 -0.762176 -0.647370 -0.000000 -0.328702 -0.944434 -0.000000 
-0.644336 0.764743 0.000000 0.515431 -0.856931 0.000000 0.869108 0.494622 0.000000 0.333026 0.942918 0.000000 -0.763052 -0.646337 -0.000000 -0.334253 -0.942483 -0.000000 
-0.642905 0.765946 0.000000 0.515412 -0.856943 0.000000 0.869115 0.494610 0.000000 0.337689 0.941258 0.000000 -0.763793 -0.645461 -0.000000 -0.339485 -0.940611 -0.000000 
-0.641501 0.767122 0.000000 0.515273 -0.857026 0.000000 0.869190 0.494478 0.000000 0.341742 0.939794 0.000000 -0.764545 -0.644570 -0.000000 -0.344052 -0.938951 -0.000000 
-0.640189 0.768218 0.000000 0.515271 -0.857027 0.000000 0.869188 0.494481 0.000000 0.345602 0.938381 0.000000 -0.765258 -0.643724 -0.000000 -0.348429 -0.937335 -0.000000 
-0.640468 0.767985 0.000000 0.515270 -0.857028 0.000000 0.869187 0.494483 0.000000 0.348477 0.937317 0.000000 -0.764965 -0.644072 -0.000000 -0.351592 -0.936153 -0.000000 
-0.644318 0.764757 0.000000 0.515033 -0.857171 0.000000 0.869319 0.494252 0.000000 0.348325 0.937374 0.000000 -0.761962 -0.647622 -0.000000 -0.351382 -0.936232 -0.000000 
-0.646800 0.762659 0.000000 0.515177 -0.857084 0.000000 0.869235 0.494399 0.000000 0.348235 0.937407 0.000000 -0.759837 -0.650114 -0.000000 -0.351401 -0.936225 -0.000000 
-0.648186 0.761482 0.000000 0.514884 -0.857260 0.000000 0.869379 0.494145 0.000000 0.347225 0.937782 0.000000 -0.758532 -0.651636 -0.000000 -0.350401 -0.936600 -0.000000 
-0.649271 0.760557 0.000000 0.514833 -0.857291 0.000000 0.869400 0.494109 0.000000 0.346455 0.938066 0.000000 -0.757481 -0.652857 -0.000000 -0.349672 -0.936872 -0.000000 
-0.649390 0.760455 0.000000 0.514831 -0.857292 0.000000 0.869405 0.494100 0.000000 0.346191 0.938164 0.000000 -0.757312 -0.653053 -0.000000 -0.349433 -0.936961 -0.000000 
-0.649057 0.760740 0.000000 0.514815 -0.857301 0.000000 0.869417 0.494079 0.000000 0.346103 0.938197 0.000000 -0.757548 -0.652779 -0.000000 -0.349358 -0.936989 -0.000000 
-0.648135 0.761525 0.000000 0.514833 -0.857290 0.000000 0.869410 0.494091 0.000000 0.346115 0.938192 0.000000 -0.758316 -0.651887 -0.000000 -0.349354 -0.936991 -0.000000 
-0.647019 0.762474 0.000000 0.514885 -0.857259 0.000000 0.869388 0.494131 0.000000 0.346227 0.938151 0.000000 -0.759282 -0.650762 -0.000000 -0.349432 -0.936962 -0.000000 
-0.645524 0.763740 0.000000 0.514678 -0.857384 0.000000 0.869501 0.493932 0.000000 0.346181 0.938168 0.000000 -0.760563 -0.649264 -0.000000 -0.349304 -0.937010 -0.000000 
-0.644559 0.764555 0.000000 0.514660 -0.857395 0.000000 0.869521 0.493895 0.000000 0.346313 0.938119 0.000000 -0.761394 -0.648290 -0.000000 -0.349409 -0.936970 -0.000000 
-0.643866 0.765138 0.000000 0.514660 -0.857394 0.000000 0.869523 0.493893 0.000000 0.346360 0.938102 0.000000 -0.762009 -0.647566 -0.000000 -0.349418 -0.936967 -0.000000 
-0.643563 0.765393 0.000000 0.514688 -0.857377 0.000000 0.869516 0.493905 0.000000 0.346442 0.938071 0.000000 -0.762328 -0.647191 -0.000000 -0.349462 -0.936951 -0.000000 
-0.643520 0.765429 0.000000 0.514625 -0.857415 0.000000 0.869552 0.493841 0.000000 0.346344 0.938108 0.000000 -0.762467 -0.647027 -0.000000 -0.349285 -0.937017 -0.000000 
-0.643745 0.765240 0.000000 0.514539 -0.857467 0.000000 0.869597 0.493762 0.000000 0.345642 0.938366 0.000000 -0.762396 -0.647111 -0.000000 -0.348446 -0.937329 -0.000000 
-0.644092 0.764948 0.000000 0.514568 -0.857449 0.000000 0.869577 0.493798 0.000000 0.344834 0.938664 0.000000 -0.762235 -0.647300 -0.000000 -0.347494 -0.937682 -0.000000 
-0.644117 0.764927 0.000000 0.514568 -0.857449 0.000000 0.869577 0.493797 0.000000 0.344814 0.938671 0.000000 -0.762328 -0.647191 -0.000000 -0.347400 -0.937717 -0.000000 
-0.644080 0.764958 0.000000 0.514569 -0.857449 0.000000 0.869578 0.493795 0.000000 0.344895 0.938641 0.000000 -0.762470 -0.647024 -0.000000 -0.347413 -0.937712 -0.000000 
-0.644014 0.765014 0.000000 0.514568 -0.857449 0.000000 0.869579 0.493794 0.000000 0.344965 0.938615 0.000000 -0.762634 -0.646830 -0.000000 -0.347416 -0.937711 -0.000000 
-0.643931 0.765083 0.000000 0.514568 -0.857450 0.000000 0.869580 0.493793 0.000000 0.345021 0.938595 0.000000 -0.762809 -0.646624 -0.000000 -0.347404 -0.937715 -0.000000 
-0.644052 0.764982 0.000000 0.514568 -0.857450 0.000000 0.869581 0.493791 0.000000 0.344577 0.938758 0.000000 -0.762821 -0.646610 -0.000000 -0.346852 -0.937920 -0.000000 
-0.644313 0.764762 0.000000 0.514567 -0.857450 0.000000 0.869581 0.493790 0.000000 0.343785 0.939048 0.000000 -0.762717 -0.646733 -0.000000 -0.345924 -0.938263 -0.000000 
-0.644582 0.764535 0.000000 0.514555 -0.857457 0.000000 0.869588 0.493778 0.000000 0.342922 0.939364 0.000000 -0.762601 -0.646869 -0.000000 -0.344923 -0.938631 -0.000000 
-0.644747 0.764396 0.000000 0.514477 -0.857504 0.000000 0.869633 0.493699 0.000000 0.342091 0.939667 0.000000 -0.762561 -0.646916 -0.000000 -0.343954 -0.938986 -0.000000 
-0.644844 0.764314 0.000000 0.514476 -0.857505 0.000000 0.869634 0.493697 0.000000 0.341579 0.939853 0.000000 -0.762566 -0.646911 -0.000000 -0.343344 -0.939210 -0.000000 
-0.644891 0.764275 0.000000 0.514264 -0.857632 0.000000 0.869759 0.493477 0.000000 0.341081 0.940034 0.000000 -0.762602 -0.646868 -0.000000 -0.342740 -0.939430 -0.000000 
-0.644894 0.764272 0.000000 0.514516 -0.857481 0.000000 0.869613 0.493734 0.000000 0.341145 0.940011 0.000000 -0.762664 -0.646795 -0.000000 -0.342786 -0.939414 -0.000000 
-0.644847 0.764312 0.000000 0.514481 -0.857502 0.000000 0.869633 0.493700 0.000000 0.341068 0.940039 0.000000 -0.762760 -0.646681 -0.000000 -0.342662 -0.939459 -0.000000 
-0.644877 0.764287 0.000000 0.514654 -0.857398 0.000000 0.869529 0.493881 0.000000 0.341090 0.940031 0.000000 -0.762787 -0.646650 -0.000000 -0.342663 -0.939459 -0.000000 
-0.645015 0.764170 0.000000 0.514730 -0.857352 0.000000 0.869482 0.493964 0.000000 0.340717 0.940166 0.000000 -0.762722 -0.646726 -0.000000 -0.342230 -0.939616 -0.000000 
-0.645237 0.763982 0.000000 0.514730 -0.857352 0.000000 0.869483 0.493962 0.000000 0.339877 0.940470 0.000000 -0.762584 -0.646889 -0.000000 -0.341294 -0.939957 -0.000000 
-0.645432 0.763817 0.000000 0.514730 -0.857353 0.000000 0.869484 0.493960 0.000000 0.339151 0.940732 0.000000 -0.762463 -0.647032 -0.000000 -0.340486 -0.940250 -0.000000 
-0.645615 0.763663 0.000000 0.514788 -0.857318 0.000000 0.869450 0.494020 0.000000 0.338524 0.940958 0.000000 -0.762344 -0.647172 -0.000000 -0.339790 -0.940501 -0.000000 
-0.645739 0.763558 0.000000 0.514762 -0.857333 0.000000 0.869470 0.493985 0.000000 0.337490 0.941329 0.000000 -0.762274 -0.647255 -0.000000 -0.338651 -0.940912 -0.000000 
-0.645968 0.763365 0.000000 0.514761 -0.857333 0.000000 0.869470 0.493985 0.000000 0.336281 0.941762 0.000000 -0.762111 -0.647446 -0.000000 -0.337325 -0.941388 -0.000000 
-0.646146 0.763214 0.000000 0.514761 -0.857334 0.000000 0.869471 0.493984 0.000000 0.335344 0.942096 0.000000 -0.761984 -0.647596 -0.000000 -0.336298 -0.941756 -0.000000 
-0.646259 0.763118 0.000000 0.514760 -0.857334 0.000000 0.869471 0.493984 0.000000 0.334788 0.942293 0.000000 -0.761904 -0.647690 -0.000000 -0.335689 -0.941973 -0.000000 
-0.646343 0.763047 0.000000 0.514817 -0.857300 0.000000 0.869434 0.494048 0.000000 0.334655 0.942341 0.000000 -0.761842 -0.647763 -0.000000 -0.335543 -0.942025 -0.000000 
-0.646454 0.762953 0.000000 0.514816 -0.857301 0.000000 0.869435 0.494047 0.000000 0.334246 0.942486 0.000000 -0.761756 -0.647864 -0.000000 -0.335098 -0.942183 -0.000000 
-0.646559 0.762864 0.000000 0.514892 -0.857255 0.000000 0.869388 0.494130 0.000000 0.334182 0.942509 0.000000 -0.761671 -0.647964 -0.000000 -0.335030 -0.942208 -0.000000 
-0.646556 0.762866 0.000000 0.514892 -0.857255 0.000000 0.869389 0.494128 0.000000 0.333970 0.942584 0.000000 -0.761673 -0.647962 -0.000000 -0.334800 -0.942289 -0.000000 
-0.646566 0.762858 0.000000 0.514891 -0.857255 0.000000 0.869391 0.494125 0.000000 0.333845 0.942628 0.000000 -0.761664 -0.647973 -0.000000 -0.334666 -0.942337 -0.000000 
-0.646606 0.762824 0.000000 0.514921 -0.857238 0.000000 0.869376 0.494151 0.000000 0.333740 0.942665 0.000000 -0.761627 -0.648016 -0.000000 -0.334558 -0.942375 -0.000000 
-0.646654 0.762783 0.000000 0.514920 -0.857238 0.000000 0.869377 0.494150 0.000000 0.333667 0.942691 0.000000 -0.761582 -0.648069 -0.000000 -0.334483 -0.942402 -0.000000 
-0.646687 0.762755 0.000000 0.514920 -0.857238 0.000000 0.869377 0.494149 0.000000 0.333637 0.942701 0.000000 -0.761547 -0.648109 -0.000000 -0.334457 -0.942411 -0.000000 
-0.646732 0.762717 0.000000 0.514920 -0.857238 0.000000 0.869378 0.494148 0.000000 0.333616 0.942709 0.000000 -0.761503 -0.648162 -0.000000 -0.334441 -0.942417 -0.000000 
-0.646763 0.762691 0.000000 0.514920 -0.857238 0.000000 0.869378 0.494147 0.000000 0.333601 0.942714 0.000000 -0.761469 -0.648201 -0.000000 -0.334431 -0.942420 -0.000000 
-0.646941 0.762540 0.000000 0.515174 -0.857086 0.000000 0.869226 0.494415 0.000000 0.333718 0.942673 0.000000 -0.761311 -0.648387 -0.000000 -0.334582 -0.942367 -0.000000 
-0.646899 0.762575 0.000000 0.515167 -0.857090 0.000000 0.869229 0.494410 0.000000 0.333984 0.942579 0.000000 -0.761337 -0.648357 -0.000000 -0.334871 -0.942264 -0.000000 
-0.646901 0.762574 0.000000 0.515265 -0.857031 0.000000 0.869172 0.494510 0.000000 0.333840 0.942630 0.000000 -0.761325 -0.648370 -0.000000 -0.334729 -0.942314 -0.000000 
-0.646929 0.762550 0.000000 0.515260 -0.857034 0.000000 0.869178 0.494499 0.000000 0.333795 0.942646 0.000000 -0.761291 -0.648410 -0.000000 -0.334690 -0.942328 -0.000000 
-0.647015 0.762477 0.000000 0.515260 -0.857034 0.000000 0.869179 0.494497 0.000000 0.333784 0.942650 0.000000 -0.761206 -0.648510 -0.000000 -0.334688 -0.942329 -0.000000 
-0.647092 0.762412 0.000000 0.515260 -0.857034 0.000000 0.869180 0.494496 0.000000 0.333772 0.942654 0.000000 -0.761129 -0.648601 -0.000000 -0.334686 -0.942330 -0.000000 
-0.647141 0.762370 0.000000 0.515340 -0.856986 0.000000 0.869136 0.494572 0.000000 0.333761 0.942658 0.000000 -0.761075 -0.648664 -0.000000 -0.334689 -0.942329 -0.000000 
-0.647282 0.762251 0.000000 0.515438 -0.856927 0.000000 0.869075 0.494680 0.000000 0.333969 0.942584 0.000000 -0.760943 -0.648819 -0.000000 -0.334929 -0.942243 -0.000000 
-0.647363 0.762182 0.000000 0.515438 -0.856927 0.000000 0.869076 0.494679 0.000000 0.333959 0.942587 0.000000 -0.760863 -0.648913 -0.000000 -0.334930 -0.942243 -0.000000 
-0.647387 0.762162 0.000000 0.515438 -0.856927 0.000000 0.869077 0.494677 0.000000 0.333957 0.942588 0.000000 -0.760830 -0.648951 -0.000000 -0.334937 -0.942241 -0.000000 
-0.647376 0.762171 0.000000 0.515438 -0.856927 0.000000 0.869077 0.494676 0.000000 0.333968 0.942584 0.000000 -0.760830 -0.648951 -0.000000 -0.334956 -0.942234 -0.000000 
-0.647329 0.762210 0.000000 0.515354 -0.856978 0.000000 0.869129 0.494585 0.000000 0.333879 0.942616 0.000000 -0.760860 -0.648916 -0.000000 -0.334859 -0.942268 -0.000000 
-0.647298 0.762237 0.000000 0.515353 -0.856978 0.000000 0.869129 0.494585 0.000000 0.333875 0.942618 0.000000 -0.760877 -0.648896 -0.000000 -0.334860 -0.942268 -0.000000 
-0.647294 0.762240 0.000000 0.515353 -0.856978 0.000000 0.869130 0.494584 0.000000 0.333868 0.942620 0.000000 -0.760872 -0.648902 -0.000000 -0.334858 -0.942268 -0.000000 
-0.647302 0.762233 0.000000 0.515353 -0.856978 0.000000 0.869130 0.494584 0.000000 0.333861 0.942622 0.000000 -0.760855 -0.648922 -0.000000 -0.334857 -0.942269 -0.000000 
-0.647323 0.762216 0.000000 0.515352 -0.856978 0.000000 0.869130 0.494584 0.000000 0.333854 0.942625 0.000000 -0.760829 -0.648953 -0.000000 -0.334855 -0.942270 -0.000000 
-0.647348 0.762195 0.000000 0.515352 -0.856979 0.000000 0.869130 0.494584 0.000000 0.333847 0.942627 0.000000 -0.760799 -0.648987 -0.000000 -0.334853 -0.942270 -0.000000 
-0.647374 0.762172 0.000000 0.515379 -0.856962 0.000000 0.869112 0.494615 0.000000 0.333921 0.942601 0.000000 -0.760769 -0.649023 -0.000000 -0.334940 -0.942239 -0.000000 
-0.647442 0.762115 0.000000 0.515379 -0.856962 0.000000 0.869113 0.494614 0.000000 0.333917 0.942602 0.000000 -0.760703 -0.649100 -0.000000 -0.334944 -0.942238 -0.000000 
-0.647472 0.762090 0.000000 0.515459 -0.856914 0.000000 0.869065 0.494697 0.000000 0.333988 0.942577 0.000000 -0.760671 -0.649137 -0.000000 -0.335030 -0.942207 -0.000000 
-0.647474 0.762087 0.000000 0.515598 -0.856831 0.000000 0.868982 0.494843 0.000000 0.334380 0.942438 0.000000 -0.760662 -0.649148 -0.000000 -0.335464 -0.942053 -0.000000 
-0.647539 0.762032 0.000000 0.515651 -0.856799 0.000000 0.868950 0.494900 0.000000 0.334253 0.942483 0.000000 -0.760602 -0.649219 -0.000000 -0.335336 -0.942098 -0.000000 
-0.647653 0.761936 0.000000 0.515454 -0.856917 0.000000 0.869060 0.494706 0.000000 0.334335 0.942454 0.000000 -0.760503 -0.649335 -0.000000 -0.335414 -0.942071 -0.000000 
-0.647677 0.761915 0.000000 0.515490 -0.856895 0.000000 0.869042 0.494739 0.000000 0.334327 0.942457 0.000000 -0.760478 -0.649363 -0.000000 -0.335414 -0.942071 -0.000000 
-0.647669 0.761922 0.000000 0.515491 -0.856895 0.000000 0.869043 0.494736 0.000000 0.334327 0.942457 0.000000 -0.760480 -0.649362 -0.000000 -0.335417 -0.942070 -0.000000 
-0.647655 0.761934 0.000000 0.515476 -0.856904 0.000000 0.869053 0.494720 0.000000 0.334314 0.942462 0.000000 -0.760485 -0.649355 -0.000000 -0.335407 -0.942073 -0.000000 
-0.647643 0.761944 0.000000 0.515476 -0.856904 0.000000 0.869054 0.494718 0.000000 0.334311 0.942463 0.000000 -0.760489 -0.649351 -0.000000 -0.335408 -0.942073 -0.000000 
-0.647632 0.761953 0.000000 0.515476 -0.856904 0.000000 0.869054 0.494717 0.000000 0.334308 0.942464 0.000000 -0.760491 -0.649348 -0.000000 -0.335410 -0.942072 -0.000000 
-0.647794 0.761816 0.000000 0.516009 -0.856583 0.000000 0.868746 0.495257 0.000000 0.334427 0.942422 0.000000 -0.760346 -0.649518 -0.000000 -0.335584 -0.942010 -0.000000 
-0.647840 0.761777 0.000000 0.516147 -0.856500 0.000000 0.868666 0.495399 0.000000 0.334493 0.942398 0.000000 -0.760299 -0.649573 -0.000000 -0.335669 -0.941980 -0.000000 
-0.647812 0.761800 0.000000 0.516147 -0.856500 0.000000 0.868666 0.495397 0.000000 0.334487 0.942400 0.000000 -0.760317 -0.649552 -0.000000 -0.335668 -0.941980 -0.000000 
-0.647792 0.761818 0.000000 0.516147 -0.856500 0.000000 0.868667 0.495396 0.000000 0.334486 0.942401 0.000000 -0.760328 -0.649539 -0.000000 -0.335670 -0.941980 -0.000000 
-0.647773 0.761833 0.000000 0.516147 -0.856500 0.000000 0.868668 0.495395 0.000000 0.334484 0.942401 0.000000 -0.760338 -0.649527 -0.000000 -0.335672 -0.941979 -0.000000 
-0.647762 0.761842 0.000000 0.516142 -0.856503 0.000000 0.868669 0.495392 0.000000 0.334859 0.942268 0.000000 -0.760342 -0.649523 -0.000000 -0.336078 -0.941834 -0.000000 
-0.647851 0.761767 0.000000 0.516190 -0.856474 0.000000 0.868641 0.495443 0.000000 0.334678 0.942333 0.000000 -0.760263 -0.649616 -0.000000 -0.335890 -0.941901 -0.000000 
-0.647823 0.761791 0.000000 0.516190 -0.856474 0.000000 0.868641 0.495441 0.000000 0.334680 0.942332 0.000000 -0.760283 -0.649592 -0.000000 -0.335894 -0.941900 -0.000000 
-0.647796 0.761814 0.000000 0.516190 -0.856474 0.000000 0.868642 0.495440 0.000000 0.334681 0.942331 0.000000 -0.760303 -0.649568 -0.000000 -0.335898 -0.941898 -0.000000 
-0.647772 0.761835 0.000000 0.516190 -0.856474 0.000000 0.868643 0.495438 0.000000 0.334683 0.942331 0.000000 -0.760320 -0.649548 -0.000000 -0.335901 -0.941897 -0.000000 
-0.647829 0.761785 0.000000 0.516193 -0.856473 0.000000 0.868643 0.495439 0.000000 0.334646 0.942344 0.000000 -0.760269 -0.649608 -0.000000 -0.335865 -0.941910 -0.000000 
-0.647815 0.761798 0.000000 0.516192 -0.856473 0.000000 0.868643 0.495438 0.000000 0.334644 0.942344 0.000000 -0.760279 -0.649597 -0.000000 -0.335865 -0.941910 -0.000000 
-0.647789 0.761820 0.000000 0.516192 -0.856473 0.000000 0.868644 0.495437 0.000000 0.334640 0.942346 0.000000 -0.760297 -0.649576 -0.000000 -0.335863 -0.941911 -0.000000 
-0.647763 0.761842 0.000000 0.516191 -0.856473 0.000000 0.868644 0.495436 0.000000 0.334639 0.942347 0.000000 -0.760316 -0.649554 -0.000000 -0.335863 -0.941911 -0.000000 
-0.647743 0.761859 0.000000 0.516191 -0.856474 0.000000 0.868644 0.495436 0.000000 0.334636 0.942347 0.000000 -0.760329 -0.649538 -0.000000 -0.335862 -0.941911 -0.000000 
-0.647729 0.761871 0.000000 0.516073 -0.856545 0.000000 0.868715 0.495313 0.000000 0.334537 0.942383 0.000000 -0.760336 -0.649530 -0.000000 -0.335749 -0.941951 -0.000000 
-0.647768 0.761838 0.000000 0.515854 -0.856676 0.000000 0.868840 0.495092 0.000000 0.334385 0.942436 0.000000 -0.760298 -0.649574 -0.000000 -0.335573 -0.942014 -0.000000 
-0.647918 0.761710 0.000000 0.515854 -0.856676 0.000000 0.868841 0.495092 0.000000 0.334382 0.942438 0.000000 -0.760168 -0.649727 -0.000000 -0.335576 -0.942013 -0.000000 
-0.647997 0.761643 0.000000 0.515854 -0.856677 0.000000 0.868841 0.495092 0.000000 0.334384 0.942437 0.000000 -0.760098 -0.649808 -0.000000 -0.335582 -0.942011 -0.000000 
-0.648017 0.761626 0.000000 0.515854 -0.856677 0.000000 0.868841 0.495092 0.000000 0.334397 0.942432 0.000000 -0.760081 -0.649828 -0.000000 -0.335597 -0.942006 -0.000000 
-0.647997 0.761642 0.000000 0.515854 -0.856677 0.000000 0.868841 0.495092 0.000000 0.334426 0.942422 0.000000 -0.760098 -0.649808 -0.000000 -0.335628 -0.941995 -0.000000 
-0.648017 0.761626 0.000000 0.516067 -0.856548 0.000000 0.868716 0.495310 0.000000 0.334613 0.942356 0.000000 -0.760082 -0.649827 -0.000000 -0.335846 -0.941917 -0.000000 
-0.647989 0.761650 0.000000 0.515819 -0.856697 0.000000 0.868863 0.495053 0.000000 0.334534 0.942384 0.000000 -0.760109 -0.649796 -0.000000 -0.335740 -0.941955 -0.000000 
-0.647954 0.761679 0.000000 0.515819 -0.856698 0.000000 0.868863 0.495053 0.000000 0.334552 0.942377 0.000000 -0.760139 -0.649761 -0.000000 -0.335758 -0.941948 -0.000000 
-0.648041 0.761606 0.000000 0.516020 -0.856576 0.000000 0.868741 0.495267 0.000000 0.334753 0.942306 0.000000 -0.760069 -0.649843 -0.000000 -0.335989 -0.941866 -0.000000 
-0.648036 0.761610 0.000000 0.516057 -0.856554 0.000000 0.868720 0.495303 0.000000 0.334700 0.942325 0.000000 -0.760074 -0.649836 -0.000000 -0.335932 -0.941886 -0.000000 
-0.648041 0.761605 0.000000 0.516057 -0.856554 0.000000 0.868721 0.495302 0.000000 0.334614 0.942355 0.000000 -0.760073 -0.649838 -0.000000 -0.335838 -0.941920 -0.000000 
-0.648112 0.761545 0.000000 0.516122 -0.856515 0.000000 0.868681 0.495372 0.000000 0.334839 0.942275 0.000000 -0.760018 -0.649903 -0.000000 -0.336083 -0.941833 -0.000000 
-0.648067 0.761584 0.000000 0.516000 -0.856588 0.000000 0.868762 0.495230 0.000000 0.334675 0.942334 0.000000 -0.760061 -0.649852 -0.000000 -0.335893 -0.941900 -0.000000 
-0.648324 0.761365 0.000000 0.516327 -0.856391 0.000000 0.868569 0.495569 0.000000 0.334874 0.942263 0.000000 -0.759846 -0.650103 -0.000000 -0.336133 -0.941814 -0.000000 
-0.648311 0.761376 0.000000 0.516326 -0.856392 0.000000 0.868569 0.495569 0.000000 0.334884 0.942259 0.000000 -0.759863 -0.650083 -0.000000 -0.336141 -0.941812 -0.000000 
-0.648441 0.761265 0.000000 0.516603 -0.856225 0.000000 0.868395 0.495873 0.000000 0.335160 0.942161 0.000000 -0.759762 -0.650201 -0.000000 -0.336451 -0.941701 -0.000000 
-0.648434 0.761271 0.000000 0.516604 -0.856225 0.000000 0.868397 0.495869 0.000000 0.335087 0.942187 0.000000 -0.759778 -0.650182 -0.000000 -0.336368 -0.941731 -0.000000 
-0.648474 0.761237 0.000000 0.516604 -0.856225 0.000000 0.868399 0.495866 0.000000 0.334807 0.942287 0.000000 -0.759756 -0.650209 -0.000000 -0.336059 -0.941841 -0.000000 
-0.648405 0.761295 0.000000 0.516604 -0.856224 0.000000 0.868405 0.495855 0.000000 0.334664 0.942338 0.000000 -0.759821 -0.650133 -0.000000 -0.335900 -0.941897 -0.000000 
-0.648359 0.761335 0.000000 0.516635 -0.856206 0.000000 0.868388 0.495885 0.000000 0.334705 0.942323 0.000000 -0.759866 -0.650080 -0.000000 -0.335942 -0.941883 -0.000000 
-0.648341 0.761350 0.000000 0.516681 -0.856178 0.000000 0.868361 0.495933 0.000000 0.334748 0.942308 0.000000 -0.759887 -0.650055 -0.000000 -0.335987 -0.941867 -0.000000 
-0.648285 0.761398 0.000000 0.516656 -0.856193 0.000000 0.868375 0.495907 0.000000 0.334726 0.942316 0.000000 -0.759939 -0.649994 -0.000000 -0.335959 -0.941877 -0.000000 
-0.648233 0.761442 0.000000 0.516627 -0.856211 0.000000 0.868394 0.495876 0.000000 0.334725 0.942316 0.000000 -0.759987 -0.649938 -0.000000 -0.335953 -0.941879 -0.000000 
-0.648302 0.761383 0.000000 0.516626 -0.856211 0.000000 0.868390 0.495881 0.000000 0.334795 0.942291 0.000000 -0.759931 -0.650004 -0.000000 -0.336028 -0.941852 -0.000000 
-0.648293 0.761391 0.000000 0.516625 -0.856212 0.000000 0.868396 0.495872 0.000000 0.334713 0.942320 0.000000 -0.759941 -0.649992 -0.000000 -0.335938 -0.941884 -0.000000 
-0.648365 0.761329 0.000000 0.516654 -0.856194 0.000000 0.868373 0.495911 0.000000 0.334827 0.942280 0.000000 -0.759880 -0.650063 -0.000000 -0.336062 -0.941840 -0.000000 
-0.648419 0.761284 0.000000 0.516738 -0.856144 0.000000 0.868324 0.495998 0.000000 0.334846 0.942273 0.000000 -0.759838 -0.650113 -0.000000 -0.336087 -0.941831 -0.000000 
-0.648417 0.761285 0.000000 0.516738 -0.856144 0.000000 0.868325 0.495996 0.000000 0.334720 0.942318 0.000000 -0.759842 -0.650108 -0.000000 -0.335950 -0.941880 -0.000000 
-0.648412 0.761290 0.000000 0.516737 -0.856144 0.000000 0.868326 0.495995 0.000000 0.334553 0.942377 0.000000 -0.759848 -0.650101 -0.000000 -0.335769 -0.941944 -0.000000 
-0.648454 0.761253 0.000000 0.516755 -0.856134 0.000000 0.868313 0.496017 0.000000 0.334609 0.942357 0.000000 -0.759811 -0.650144 -0.000000 -0.335828 -0.941923 -0.000000 
-0.648640 0.761095 0.000000 0.516880 -0.856058 0.000000 0.868230 0.496162 0.000000 0.334802 0.942289 0.000000 -0.759652 -0.650330 -0.000000 -0.336046 -0.941845 -0.000000 
-0.648668 0.761072 0.000000 0.516882 -0.856057 0.000000 0.868232 0.496158 0.000000 0.334742 0.942310 0.000000 -0.759630 -0.650356 -0.000000 -0.335985 -0.941868 -0.000000 
-0.648746 0.761005 0.000000 0.516952 -0.856015 0.000000 0.868195 0.496222 0.000000 0.334796 0.942291 0.000000 -0.759566 -0.650431 -0.000000 -0.336048 -0.941845 -0.000000 
-0.648730 0.761019 0.000000 0.516951 -0.856015 0.000000 0.868197 0.496219 0.000000 0.334688 0.942329 0.000000 -0.759582 -0.650412 -0.000000 -0.335930 -0.941887 -0.000000 
-0.648741 0.761010 0.000000 0.516941 -0.856021 0.000000 0.868205 0.496206 0.000000 0.334459 0.942410 0.000000 -0.759575 -0.650419 -0.000000 -0.335682 -0.941975 -0.000000 
-0.648730 0.761019 0.000000 0.516941 -0.856021 0.000000 0.868206 0.496204 0.000000 0.334337 0.942454 0.000000 -0.759585 -0.650408 -0.000000 -0.335550 -0.942022 -0.000000 
-0.648750 0.761002 0.000000 0.516969 -0.856004 0.000000 0.868190 0.496232 0.000000 0.334393 0.942434 0.000000 -0.759567 -0.650430 -0.000000 -0.335613 -0.942000 -0.000000 
-0.648984 0.760802 0.000000 0.517125 -0.855910 0.000000 0.868093 0.496402 0.000000 0.334526 0.942387 0.000000 -0.759367 -0.650663 -0.000000 -0.335770 -0.941944 -0.000000 
-0.648993 0.760795 0.000000 0.517125 -0.855910 0.000000 0.868095 0.496398 0.000000 0.334459 0.942410 0.000000 -0.759362 -0.650668 -0.000000 -0.335699 -0.941969 -0.000000 
-0.649000 0.760788 0.000000 0.517125 -0.855910 0.000000 0.868096 0.496396 0.000000 0.334263 0.942480 0.000000 -0.759357 -0.650674 -0.000000 -0.335488 -0.942045 -0.000000 
-0.649078 0.760722 0.000000 0.517099 -0.855925 0.000000 0.868106 0.496378 0.000000 0.334440 0.942417 0.000000 -0.759291 -0.650751 -0.000000 -0.335672 -0.941979 -0.000000 
-0.649050 0.760745 0.000000 0.517100 -0.855925 0.000000 0.868108 0.496375 0.000000 0.334438 0.942418 0.000000 -0.759316 -0.650722 -0.000000 -0.335671 -0.941979 -0.000000 
-0.649051 0.760745 0.000000 0.517099 -0.855925 0.000000 0.868111 0.496371 0.000000 0.334294 0.942469 0.000000 -0.759317 -0.650721 -0.000000 -0.335516 -0.942034 -0.000000 
