0.193103 0.159933 0.002768 0.252723 0.036907 0.002819 0.062286 -0.061107 0.004969 -0.000651 0.061706 0.004948 
0.193024 0.159963 0.002894 0.252662 0.036946 0.002810 0.062241 -0.061099 0.004959 -0.000714 0.061705 0.005076 
0.193101 0.160096 0.003412 0.252685 0.037054 0.002918 0.062218 -0.060913 0.004450 -0.000682 0.061917 0.004972 
0.193098 0.160096 0.003560 0.252683 0.037054 0.003109 0.062215 -0.060914 0.004495 -0.000687 0.061916 0.004970 
0.193095 0.160096 0.003694 0.252680 0.037054 0.003283 0.062211 -0.060914 0.004536 -0.000691 0.061916 0.004969 
0.193092 0.160096 0.003813 0.252678 0.037054 0.003444 0.062208 -0.060914 0.004576 -0.000694 0.061916 0.004965 
0.193090 0.160096 0.003920 0.252675 0.037054 0.003590 0.062205 -0.060914 0.004614 -0.000697 0.061916 0.004962 
0.192999 0.159917 0.003204 0.252659 0.036912 0.003567 0.062248 -0.061165 0.005078 -0.000729 0.061627 0.004733 
0.193282 0.159788 0.003189 0.252951 0.036790 0.004206 0.062543 -0.061302 0.004981 -0.000442 0.061482 0.003965 
0.193434 0.159788 0.003397 0.253086 0.036783 0.004468 0.062666 -0.061287 0.004773 -0.000303 0.061504 0.003697 
0.193485 0.159769 0.003561 0.253099 0.036745 0.004538 0.062648 -0.061267 0.004776 -0.000282 0.061546 0.003793 
0.193458 0.159637 0.003231 0.253116 0.036637 0.004608 0.062700 -0.061442 0.005054 -0.000274 0.061344 0.003669 
0.193459 0.159634 0.003393 0.253116 0.036633 0.004681 0.062701 -0.061446 0.005073 -0.000274 0.061341 0.003778 
0.193457 0.159635 0.003541 0.253114 0.036634 0.004883 0.062698 -0.061444 0.005220 -0.000275 0.061342 0.003871 
0.193582 0.159550 0.003564 0.253253 0.036563 0.005422 0.062853 -0.061545 0.005429 -0.000135 0.061227 0.003553 
0.193885 0.159349 0.003490 0.253547 0.036375 0.006273 0.063150 -0.061739 0.005724 0.000172 0.061020 0.002906 
0.193895 0.159328 0.003556 0.253541 0.036341 0.006090 0.063127 -0.061741 0.005690 0.000165 0.061033 0.003127 
0.193900 0.159322 0.003685 0.253547 0.036331 0.005974 0.063132 -0.061750 0.005619 0.000169 0.061027 0.003303 
0.193903 0.159316 0.003801 0.253553 0.036322 0.005870 0.063138 -0.061758 0.005554 0.000172 0.061022 0.003461 
0.193906 0.159311 0.003909 0.253557 0.036315 0.005786 0.063142 -0.061765 0.005501 0.000175 0.061017 0.003602 
0.193820 0.159249 0.003760 0.253526 0.036281 0.005716 0.063155 -0.061884 0.005606 0.000132 0.060868 0.003629 
0.193894 0.159219 0.003879 0.253613 0.036263 0.006234 0.063256 -0.061930 0.005796 0.000222 0.060809 0.003412 
0.193961 0.159213 0.003984 0.253684 0.036271 0.006869 0.063339 -0.061943 0.006191 0.000300 0.060783 0.003268 
0.193952 0.159233 0.004075 0.253663 0.036307 0.007786 0.063316 -0.061904 0.007182 0.000289 0.060805 0.003427 
0.194033 0.159071 0.004156 0.253618 0.036109 0.008595 0.063178 -0.061923 0.008061 0.000277 0.060826 0.003571 
0.194031 0.159078 0.004228 0.253613 0.036122 0.008887 0.063173 -0.061909 0.008411 0.000275 0.060833 0.003701 
0.194029 0.159085 0.004292 0.253609 0.036135 0.009150 0.063169 -0.061896 0.008730 0.000273 0.060840 0.003818 
0.194026 0.159093 0.004350 0.253602 0.036153 0.009471 0.063162 -0.061879 0.009099 0.000270 0.060848 0.003924 
0.194019 0.159109 0.004403 0.253586 0.036186 0.010033 0.063146 -0.061845 0.009709 0.000263 0.060863 0.004019 
0.194012 0.159124 0.004453 0.253571 0.036220 0.010555 0.063131 -0.061813 0.010269 0.000257 0.060877 0.004104 
0.194003 0.159143 0.004498 0.253549 0.036264 0.011213 0.063109 -0.061768 0.010965 0.000248 0.060896 0.004181 
0.193996 0.159158 0.004540 0.253531 0.036302 0.011741 0.063092 -0.061731 0.011524 0.000241 0.060911 0.004250 
0.193986 0.159178 0.004577 0.253506 0.036354 0.012414 0.063067 -0.061680 0.012229 0.000232 0.060930 0.004313 
0.193978 0.159195 0.004611 0.253485 0.036399 0.012969 0.063046 -0.061635 0.012812 0.000224 0.060946 0.004369 
0.193915 0.159199 0.004591 0.253467 0.036476 0.013677 0.063080 -0.061659 0.013579 0.000213 0.060846 0.004403 
0.192496 0.160125 0.004871 0.253696 0.038300 0.015019 0.064687 -0.062463 0.014674 0.000175 0.059099 0.004423 
0.190277 0.156337 0.005435 0.253697 0.035909 0.018274 0.066575 -0.068303 0.019970 -0.000151 0.051798 0.007030 
-0.341592 0.343737 0.004451 -0.253603 0.239189 0.008613 -0.422308 0.102323 0.009133 -0.508750 0.209813 0.004923 0.185299 0.150223 0.006350 0.250627 0.030899 0.019918 0.065082 -0.075972 0.025333 -0.003547 0.042976 0.011712 
-0.341609 0.343212 0.004502 -0.252519 0.239569 0.007831 -0.419790 0.100957 0.008769 -0.507364 0.207557 0.005395 0.180124 0.146242 0.004833 0.246806 0.027619 0.017940 0.062433 -0.081146 0.025321 -0.007547 0.037067 0.012193 
-0.341566 0.343197 0.004548 -0.252239 0.239730 0.006771 -0.419211 0.100770 0.008798 -0.507029 0.207198 0.006525 0.180120 0.146186 0.004839 0.247373 0.027748 0.016643 0.063530 -0.081997 0.022615 -0.007019 0.036015 0.010782 
-0.341479 0.342333 0.004681 -0.252390 0.238644 0.006019 -0.419678 0.100100 0.009782 -0.507250 0.206746 0.008378 0.180117 0.146109 0.004841 0.247305 0.027466 0.014821 0.063405 -0.082268 0.018949 -0.007079 0.035951 0.008931 
-0.341386 0.338637 0.004816 -0.252518 0.234755 0.005821 -0.420070 0.096608 0.011788 -0.507415 0.203443 0.010688 0.180121 0.146040 0.004841 0.247065 0.027130 0.013131 0.062938 -0.082266 0.015853 -0.007304 0.036228 0.007522 
-0.341504 0.332528 0.004844 -0.252446 0.228810 0.005895 -0.419699 0.090420 0.014174 -0.507241 0.197093 0.012996 0.180137 0.145992 0.004841 0.246949 0.026920 0.011754 0.062685 -0.082257 0.014015 -0.007424 0.036404 0.007067 
-0.343910 0.324140 0.005206 -0.254190 0.220995 0.006318 -0.420463 0.081656 0.017808 -0.508686 0.187765 0.016522 0.180157 0.145954 0.004842 0.247040 0.026858 0.010563 0.062826 -0.082404 0.012742 -0.007354 0.036280 0.006996 
-0.348719 0.315169 0.007107 -0.258155 0.212761 0.007922 -0.423130 0.072188 0.022631 -0.512224 0.177569 0.021600 0.180175 0.145923 0.004843 0.247421 0.026988 0.009565 0.063533 -0.082822 0.011702 -0.007010 0.035691 0.006965 
-0.353991 0.307856 0.010211 -0.262682 0.206109 0.010358 -0.426447 0.064406 0.027533 -0.516311 0.169135 0.027140 0.180190 0.145894 0.004844 0.247863 0.027170 0.008673 0.064366 -0.083294 0.010713 -0.006603 0.034997 0.006876 
-0.357958 0.303110 0.013373 -0.266144 0.201820 0.012730 -0.429030 0.059314 0.031539 -0.519417 0.163593 0.031922 0.180204 0.145865 0.004845 0.248079 0.027231 0.007800 0.064766 -0.083540 0.009720 -0.006404 0.034655 0.006764 
-0.359394 0.301507 0.016211 -0.267424 0.200368 0.014751 -0.429969 0.057548 0.034124 -0.520518 0.161681 0.035324 0.180219 0.145839 0.004846 0.248127 0.027205 0.006952 0.064843 -0.083615 0.008837 -0.006359 0.034579 0.006738 
-0.358735 0.302057 0.018793 -0.266844 0.200860 0.016532 -0.429439 0.058058 0.035616 -0.519907 0.162248 0.037628 0.180237 0.145815 0.004847 0.248092 0.027139 0.006126 0.064759 -0.083598 0.008142 -0.006390 0.034640 0.006879 
-0.356898 0.303830 0.021223 -0.265211 0.202471 0.018158 -0.428063 0.059862 0.036483 -0.518322 0.164214 0.039318 0.180253 0.145795 0.004850 0.247994 0.027048 0.005427 0.064560 -0.083518 0.007563 -0.006476 0.034793 0.007011 
-0.354931 0.306749 0.024055 -0.263396 0.205283 0.020063 -0.426456 0.062763 0.037182 -0.516558 0.167220 0.040970 0.180332 0.145743 0.004896 0.248115 0.027020 0.005284 0.064722 -0.083613 0.007520 -0.006356 0.034674 0.007160 
-0.353151 0.310072 0.027019 -0.261751 0.208527 0.022068 -0.425001 0.066066 0.037814 -0.514964 0.170602 0.042588 0.180323 0.145728 0.004944 0.248153 0.027031 0.005114 0.064804 -0.083676 0.007336 -0.006320 0.034584 0.007197 
-0.351709 0.313228 0.029785 -0.260408 0.211644 0.023895 -0.423811 0.069203 0.038177 -0.513671 0.173779 0.043921 0.180322 0.145724 0.004959 0.248152 0.027028 0.005059 0.064803 -0.083681 0.007168 -0.006321 0.034578 0.007097 
-0.350811 0.315869 0.032204 -0.259609 0.214251 0.025437 -0.423165 0.071850 0.038286 -0.512924 0.176460 0.044935 0.180318 0.145721 0.004960 0.248148 0.027025 0.005047 0.064798 -0.083686 0.006934 -0.006327 0.034574 0.006873 
-0.350636 0.317715 0.034148 -0.259518 0.216078 0.026582 -0.423208 0.073717 0.038103 -0.512880 0.178345 0.045578 0.180308 0.145715 0.004961 0.248138 0.027018 0.005025 0.064785 -0.083695 0.006393 -0.006340 0.034565 0.006348 
-0.351109 0.318742 0.035436 -0.260046 0.217110 0.027169 -0.423831 0.074765 0.037464 -0.513446 0.179387 0.045665 0.180290 0.145703 0.004961 0.248120 0.027006 0.004993 0.064763 -0.083709 0.005445 -0.006361 0.034551 0.005419 
-0.351686 0.319276 0.036065 -0.260667 0.217652 0.027233 -0.424549 0.075332 0.036261 -0.514118 0.179947 0.045050 0.180282 0.145697 0.004968 0.248112 0.027000 0.004979 0.064755 -0.083715 0.005004 -0.006369 0.034545 0.004993 
-0.351678 0.320050 0.036180 -0.260696 0.218432 0.026915 -0.424687 0.076155 0.034529 -0.514218 0.180763 0.043775 0.180406 0.145621 0.004802 0.248116 0.026857 0.004538 0.064648 -0.083675 0.004899 -0.006357 0.034656 0.005171 
-0.350519 0.321507 0.035836 -0.259609 0.219855 0.026247 -0.423793 0.077716 0.032064 -0.513248 0.182356 0.041664 0.180220 0.145578 0.004287 0.247962 0.026832 0.003851 0.064527 -0.083750 0.004661 -0.006510 0.034561 0.005114 
-0.348755 0.323377 0.035089 -0.257953 0.221648 0.025279 -0.422394 0.079740 0.029098 -0.511737 0.184453 0.038947 0.180219 0.145830 0.004797 0.247924 0.027066 0.003817 0.064454 -0.083462 0.004093 -0.006546 0.034868 0.005086 
-0.346599 0.325515 0.033930 -0.255879 0.223727 0.023977 -0.420544 0.082036 0.025678 -0.509800 0.186806 0.035703 0.180228 0.145674 0.004416 0.247897 0.026889 0.003394 0.064396 -0.083585 0.004060 -0.006568 0.034767 0.005101 
-0.344167 0.327645 0.032611 -0.253599 0.225725 0.022615 -0.418580 0.084393 0.022183 -0.507678 0.189291 0.032281 0.180015 0.145614 0.004193 0.247631 0.026804 0.002701 0.064087 -0.083595 0.003827 -0.006824 0.034783 0.005350 
-0.341710 0.329882 0.031193 -0.251280 0.227839 0.021212 -0.416545 0.086862 0.018589 -0.505499 0.191880 0.028704 0.180011 0.145617 0.004268 0.247628 0.026807 0.002912 0.064083 -0.083593 0.003932 -0.006829 0.034786 0.005316 
-0.339421 0.331970 0.029665 -0.249105 0.229819 0.019759 -0.414605 0.089175 0.014981 -0.503441 0.194298 0.025050 0.180009 0.145617 0.004337 0.247625 0.026805 0.003103 0.064077 -0.083591 0.004027 -0.006834 0.034790 0.005285 
-0.337377 0.333812 0.027953 -0.247175 0.231547 0.018189 -0.412890 0.091241 0.011367 -0.501609 0.196474 0.021321 0.180032 0.145664 0.004544 0.247630 0.026842 0.003265 0.064064 -0.083525 0.003916 -0.006829 0.034867 0.005217 
-0.335489 0.335530 0.026028 -0.245391 0.233154 0.016467 -0.411291 0.093177 0.007681 -0.499902 0.198517 0.017458 0.180029 0.145667 0.004588 0.247627 0.026844 0.003424 0.064060 -0.083522 0.004010 -0.006833 0.034870 0.005194 
-0.334459 0.336945 0.023547 -0.244293 0.234583 0.014494 -0.410117 0.094566 0.004944 -0.498799 0.199893 0.014219 0.180025 0.145669 0.004629 0.247625 0.026846 0.003569 0.064058 -0.083520 0.004095 -0.006837 0.034873 0.005173 
-0.335867 0.337450 0.022328 -0.245195 0.235473 0.014007 -0.410330 0.094611 0.004945 -0.499531 0.199561 0.013475 0.180055 0.145735 0.004868 0.247622 0.026895 0.003690 0.064024 -0.083421 0.003915 -0.006838 0.034990 0.005107 
-0.336821 0.337724 0.022437 -0.245804 0.236032 0.014410 -0.410467 0.094645 0.004943 -0.500023 0.199315 0.013181 0.180038 0.145718 0.004882 0.247626 0.026888 0.003824 0.064046 -0.083458 0.004031 -0.006837 0.034942 0.005103 
-0.338100 0.337835 0.023077 -0.246886 0.236331 0.014916 -0.411274 0.094659 0.004943 -0.501034 0.199143 0.013324 0.180160 0.145943 0.005533 0.247710 0.027097 0.004026 0.064095 -0.083186 0.003186 -0.006752 0.035231 0.004696 
-0.339258 0.337895 0.023678 -0.247889 0.236548 0.015290 -0.412062 0.094654 0.004945 -0.501980 0.198982 0.013559 0.180168 0.146055 0.005740 0.247713 0.027208 0.004072 0.064092 -0.083063 0.002995 -0.006749 0.035355 0.004664 
-0.339661 0.337889 0.023995 -0.248273 0.236573 0.015452 -0.412417 0.094658 0.004947 -0.502356 0.198956 0.013720 0.180091 0.146095 0.005681 0.247635 0.027248 0.003910 0.064012 -0.083023 0.003037 -0.006827 0.035395 0.004812 
-0.339636 0.337847 0.024230 -0.248289 0.236504 0.015559 -0.412492 0.094665 0.004949 -0.502388 0.198988 0.013853 0.180092 0.146118 0.005668 0.247633 0.027269 0.003998 0.064009 -0.082999 0.003157 -0.006828 0.035421 0.004832 
-0.339382 0.337761 0.024333 -0.248158 0.236314 0.015585 -0.412532 0.094674 0.004951 -0.502302 0.199100 0.013933 0.180086 0.146120 0.005607 0.247629 0.027270 0.004061 0.064006 -0.083002 0.003317 -0.006833 0.035419 0.004867 
-0.339023 0.337661 0.024269 -0.247952 0.236083 0.015453 -0.412538 0.094680 0.004955 -0.502150 0.199235 0.014004 0.180032 0.146103 0.005439 0.247581 0.027255 0.003987 0.063965 -0.083028 0.003477 -0.006880 0.035390 0.004937 
-0.338541 0.337524 0.024224 -0.247673 0.235769 0.015341 -0.412541 0.094685 0.004958 -0.501943 0.199414 0.014074 0.180069 0.146158 0.005604 0.247590 0.027296 0.004042 0.063948 -0.082943 0.003322 -0.006869 0.035491 0.004888 
-0.338213 0.337433 0.024164 -0.247479 0.235566 0.015209 -0.412529 0.094686 0.004962 -0.501795 0.199525 0.014148 0.179992 0.146134 0.005345 0.247509 0.027268 0.003828 0.063863 -0.082967 0.003507 -0.006949 0.035470 0.005035 
-0.337943 0.337367 0.024030 -0.247306 0.235415 0.015053 -0.412489 0.094679 0.004971 -0.501655 0.199602 0.014177 0.179990 0.146139 0.005313 0.247507 0.027272 0.003926 0.063861 -0.082964 0.003639 -0.006951 0.035474 0.005035 
-0.337601 0.337267 0.023746 -0.247011 0.235266 0.014851 -0.412258 0.094590 0.004990 -0.501375 0.199561 0.014110 0.179902 0.146147 0.005055 0.247421 0.027280 0.003684 0.063778 -0.082961 0.003806 -0.007036 0.035476 0.005193 
-0.337300 0.337088 0.023241 -0.246725 0.235060 0.014521 -0.411991 0.094383 0.004991 -0.501093 0.199382 0.013929 0.179912 0.146136 0.005034 0.247423 0.027264 0.003790 0.063772 -0.082964 0.003917 -0.007034 0.035480 0.005175 
-0.337239 0.336676 0.022640 -0.246643 0.234647 0.014147 -0.411880 0.093911 0.004992 -0.501004 0.198912 0.013695 0.179946 0.146174 0.005144 0.247446 0.027295 0.003936 0.063784 -0.082914 0.003842 -0.007012 0.035536 0.005060 
-0.337337 0.336230 0.021937 -0.246705 0.234211 0.013705 -0.411892 0.093388 0.004989 -0.501052 0.198380 0.013423 0.179996 0.146179 0.005175 0.247502 0.027301 0.004167 0.063844 -0.082914 0.003841 -0.006957 0.035535 0.004855 
-0.337324 0.336216 0.021317 -0.246697 0.234173 0.013328 -0.411891 0.093336 0.004989 -0.501046 0.198352 0.013174 0.179995 0.146182 0.005150 0.247501 0.027304 0.004238 0.063844 -0.082911 0.003948 -0.006958 0.035538 0.004865 
-0.337297 0.336259 0.020693 -0.246683 0.234186 0.012952 -0.411894 0.093347 0.004990 -0.501036 0.198394 0.012918 0.179994 0.146186 0.005126 0.247500 0.027307 0.004302 0.063843 -0.082909 0.004045 -0.006959 0.035542 0.004873 
-0.337274 0.336298 0.020054 -0.246676 0.234190 0.012573 -0.411910 0.093357 0.004993 -0.501035 0.198438 0.012654 0.179994 0.146189 0.005104 0.247500 0.027310 0.004361 0.063842 -0.082906 0.004134 -0.006960 0.035545 0.004881 
-0.337277 0.336336 0.019411 -0.246698 0.234194 0.012186 -0.411957 0.093370 0.004993 -0.501062 0.198486 0.012389 0.179993 0.146191 0.005083 0.247499 0.027312 0.004415 0.063841 -0.082904 0.004215 -0.006961 0.035548 0.004887 
-0.337436 0.336119 0.018680 -0.246850 0.233964 0.011734 -0.412097 0.093105 0.004993 -0.501211 0.198235 0.012101 0.179992 0.146194 0.005065 0.247498 0.027314 0.004464 0.063840 -0.082902 0.004289 -0.006961 0.035550 0.004893 
-0.337659 0.335708 0.017884 -0.247046 0.233556 0.011242 -0.412256 0.092630 0.004993 -0.501397 0.197758 0.011787 0.179992 0.146196 0.005045 0.247497 0.027316 0.004510 0.063839 -0.082899 0.004358 -0.006962 0.035553 0.004896 
-0.337900 0.335260 0.017087 -0.247259 0.233113 0.010751 -0.412431 0.092121 0.004993 -0.501601 0.197244 0.011471 0.179993 0.146199 0.005010 0.247497 0.027318 0.004543 0.063838 -0.082896 0.004430 -0.006962 0.035558 0.004900 
-0.338143 0.334884 0.016321 -0.247487 0.232733 0.010277 -0.412637 0.091697 0.004992 -0.501822 0.196825 0.011169 0.180172 0.146189 0.005024 0.247666 0.027300 0.004895 0.063997 -0.082896 0.004366 -0.006793 0.035565 0.004489 
-0.338337 0.334636 0.015617 -0.247675 0.232476 0.009841 -0.412815 0.091412 0.004992 -0.502007 0.196550 0.010892 0.180173 0.146190 0.005002 0.247666 0.027302 0.004902 0.063997 -0.082894 0.004434 -0.006792 0.035566 0.004529 
-0.338528 0.334440 0.014959 -0.247864 0.232267 0.009432 -0.413002 0.091188 0.004992 -0.502195 0.196339 0.010635 0.180404 0.146151 0.004881 0.247867 0.027246 0.005013 0.064171 -0.082904 0.004281 -0.006588 0.035574 0.004138 
-0.338720 0.334416 0.014376 -0.248060 0.232228 0.009053 -0.413203 0.091143 0.004991 -0.502392 0.196309 0.010423 0.180333 0.146043 0.004361 0.247831 0.027158 0.004792 0.064167 -0.083047 0.004680 -0.006627 0.035410 0.004243 
-0.338761 0.334388 0.013832 -0.248112 0.232181 0.008713 -0.413268 0.091102 0.004991 -0.502446 0.196287 0.010212 0.180344 0.146044 0.004412 0.247837 0.027157 0.004813 0.064168 -0.083040 0.004710 -0.006621 0.035419 0.004303 
-0.338787 0.334312 0.013305 -0.248137 0.232095 0.008383 -0.413292 0.091006 0.004990 -0.502471 0.196202 0.010008 0.180292 0.145964 0.004062 0.247810 0.027091 0.004668 0.064164 -0.083143 0.004987 -0.006650 0.035301 0.004380 
-0.338860 0.334006 0.012741 -0.248195 0.231793 0.008031 -0.413329 0.090671 0.004990 -0.502523 0.195863 0.009789 0.180329 0.145852 0.003822 0.247858 0.026987 0.004710 0.064221 -0.083264 0.005136 -0.006603 0.035172 0.004247 
-0.339008 0.333533 0.012157 -0.248317 0.231333 0.007665 -0.413412 0.090160 0.004991 -0.502634 0.195339 0.009563 0.180330 0.145849 0.003928 0.247859 0.026983 0.004735 0.064222 -0.083267 0.005121 -0.006603 0.035170 0.004312 
-0.339133 0.333123 0.011619 -0.248418 0.230936 0.007330 -0.413481 0.089717 0.004991 -0.502726 0.194885 0.009353 0.180330 0.145847 0.004022 0.247859 0.026981 0.004760 0.064222 -0.083270 0.005110 -0.006602 0.035168 0.004370 
-0.339277 0.332749 0.011131 -0.248539 0.230575 0.007021 -0.413571 0.089315 0.004990 -0.502839 0.194470 0.009168 0.180386 0.145793 0.003879 0.247922 0.026932 0.004791 0.064293 -0.083330 0.005124 -0.006539 0.035101 0.004208 
-0.339485 0.332235 0.010657 -0.248733 0.230067 0.006721 -0.413743 0.088779 0.004990 -0.503027 0.193928 0.008989 0.180474 0.145817 0.004043 0.248006 0.026954 0.004939 0.064373 -0.083304 0.004937 -0.006455 0.035131 0.004032 
-0.339828 0.331603 0.010189 -0.249048 0.229454 0.006411 -0.414017 0.088115 0.004990 -0.503331 0.193245 0.008825 0.180475 0.145815 0.004123 0.248007 0.026951 0.004944 0.064374 -0.083306 0.004947 -0.006453 0.035129 0.004118 
-0.340077 0.331107 0.009808 -0.249274 0.228972 0.006162 -0.414212 0.087594 0.004990 -0.503548 0.192710 0.008688 0.180477 0.145813 0.004195 0.248008 0.026949 0.004950 0.064375 -0.083308 0.004957 -0.006452 0.035127 0.004195 
-0.340177 0.330795 0.009532 -0.249360 0.228670 0.005990 -0.414277 0.087267 0.004990 -0.503628 0.192374 0.008581 0.180478 0.145811 0.004263 0.248010 0.026947 0.004955 0.064377 -0.083310 0.004963 -0.006451 0.035125 0.004264 
-0.340209 0.330656 0.009363 -0.249381 0.228538 0.005877 -0.414283 0.087116 0.004990 -0.503645 0.192216 0.008523 0.180422 0.145763 0.004029 0.247963 0.026904 0.004757 0.064337 -0.083365 0.005119 -0.006499 0.035065 0.004389 
-0.340243 0.330411 0.009224 -0.249401 0.228305 0.005784 -0.414283 0.086859 0.004991 -0.503660 0.191948 0.008474 0.180423 0.145761 0.004112 0.247963 0.026901 0.004782 0.064338 -0.083368 0.005110 -0.006499 0.035063 0.004439 
-0.340283 0.330262 0.009149 -0.249427 0.228168 0.005733 -0.414289 0.086699 0.004991 -0.503680 0.191776 0.008450 0.180497 0.145611 0.003774 0.248048 0.026760 0.004824 0.064432 -0.083525 0.005244 -0.006414 0.034897 0.004190 
-0.340284 0.330128 0.009142 -0.249429 0.228033 0.005730 -0.414292 0.086564 0.004991 -0.503682 0.191643 0.008445 0.180498 0.145608 0.003883 0.248049 0.026756 0.004841 0.064433 -0.083529 0.005222 -0.006413 0.034894 0.004259 
-0.340288 0.330050 0.009160 -0.249431 0.227956 0.005747 -0.414292 0.086485 0.004991 -0.503684 0.191562 0.008448 0.180499 0.145606 0.003981 0.248050 0.026753 0.004857 0.064434 -0.083532 0.005201 -0.006413 0.034891 0.004322 
-0.340304 0.329994 0.009219 -0.249441 0.227906 0.005779 -0.414295 0.086427 0.004991 -0.503693 0.191498 0.008476 0.180534 0.145597 0.004073 0.248088 0.026747 0.004970 0.064476 -0.083544 0.005158 -0.006374 0.034876 0.004254 
-0.340318 0.329952 0.009314 -0.249450 0.227871 0.005821 -0.414294 0.086381 0.004991 -0.503698 0.191445 0.008530 0.180535 0.145595 0.004154 0.248089 0.026744 0.004974 0.064477 -0.083547 0.005143 -0.006373 0.034874 0.004317 
-0.340328 0.329935 0.009453 -0.249455 0.227860 0.005886 -0.414294 0.086364 0.004992 -0.503702 0.191422 0.008606 0.180536 0.145593 0.004227 0.248090 0.026741 0.004978 0.064478 -0.083550 0.005129 -0.006372 0.034872 0.004374 
-0.340342 0.329925 0.009602 -0.249463 0.227858 0.005955 -0.414293 0.086352 0.004992 -0.503707 0.191402 0.008687 0.180537 0.145591 0.004295 0.248091 0.026739 0.004980 0.064479 -0.083552 0.005115 -0.006371 0.034870 0.004426 
-0.340351 0.329917 0.009744 -0.249468 0.227857 0.006023 -0.414292 0.086344 0.004992 -0.503711 0.191388 0.008763 0.180538 0.145589 0.004357 0.248092 0.026737 0.004980 0.064480 -0.083554 0.005101 -0.006371 0.034868 0.004474 
-0.340411 0.329917 0.009876 -0.249505 0.227880 0.006090 -0.414295 0.086329 0.004992 -0.503738 0.191350 0.008829 0.180512 0.145503 0.003905 0.248103 0.026673 0.004748 0.064523 -0.083673 0.005225 -0.006363 0.034727 0.004380 
-0.340398 0.329875 0.010038 -0.249497 0.227835 0.006190 -0.414295 0.086294 0.004992 -0.503732 0.191317 0.008894 0.180667 0.145245 0.003840 0.248256 0.026417 0.004994 0.064675 -0.083927 0.005425 -0.006209 0.034471 0.004266 
-0.340400 0.329863 0.010205 -0.249498 0.227827 0.006288 -0.414296 0.086286 0.004993 -0.503734 0.191305 0.008965 0.180537 0.145369 0.003789 0.248140 0.026547 0.004809 0.064573 -0.083818 0.005310 -0.006326 0.034573 0.004287 
-0.340410 0.329856 0.010375 -0.249505 0.227827 0.006383 -0.414296 0.086280 0.004993 -0.503739 0.191293 0.009042 0.180573 0.145373 0.003936 0.248175 0.026550 0.004900 0.064606 -0.083814 0.005203 -0.006291 0.034579 0.004235 
-0.340438 0.329857 0.010561 -0.249521 0.227841 0.006483 -0.414296 0.086276 0.004993 -0.503750 0.191275 0.009131 0.180574 0.145371 0.004031 0.248176 0.026547 0.004909 0.064607 -0.083817 0.005182 -0.006290 0.034576 0.004299 
-0.340460 0.329855 0.010752 -0.249533 0.227852 0.006582 -0.414293 0.086271 0.004994 -0.503758 0.191257 0.009226 0.180575 0.145368 0.004117 0.248177 0.026544 0.004917 0.064608 -0.083820 0.005162 -0.006289 0.034573 0.004358 
-0.340475 0.329850 0.010933 -0.249541 0.227856 0.006682 -0.414292 0.086265 0.004994 -0.503763 0.191242 0.009310 0.180625 0.145347 0.004201 0.248237 0.026529 0.005081 0.064678 -0.083852 0.005105 -0.006229 0.034535 0.004217 
-0.340520 0.329855 0.011098 -0.249566 0.227881 0.006778 -0.414290 0.086260 0.004989 -0.503781 0.191217 0.009376 0.180646 0.145199 0.003813 0.248272 0.026392 0.004973 0.064726 -0.084011 0.005241 -0.006195 0.034365 0.004073 
-0.340545 0.329855 0.011268 -0.249580 0.227895 0.006867 -0.414288 0.086256 0.004989 -0.503791 0.191201 0.009459 0.180648 0.145196 0.003920 0.248273 0.026387 0.004974 0.064728 -0.084015 0.005215 -0.006193 0.034362 0.004154 
-0.340534 0.329847 0.011424 -0.249565 0.227893 0.006959 -0.414269 0.086250 0.004990 -0.503776 0.191188 0.009526 0.180649 0.145193 0.004017 0.248275 0.026384 0.004975 0.064729 -0.084018 0.005191 -0.006192 0.034359 0.004227 
-0.340501 0.329840 0.011561 -0.249534 0.227887 0.007039 -0.414238 0.086248 0.004991 -0.503744 0.191184 0.009586 0.180650 0.145191 0.004105 0.248276 0.026381 0.004977 0.064730 -0.084021 0.005170 -0.006191 0.034357 0.004292 
-0.340470 0.329820 0.011680 -0.249509 0.227864 0.007116 -0.414221 0.086235 0.004992 -0.503721 0.191174 0.009630 0.180686 0.145224 0.004292 0.248300 0.026406 0.005014 0.064743 -0.083978 0.004997 -0.006166 0.034409 0.004267 
-0.340455 0.329810 0.011793 -0.249497 0.227853 0.007189 -0.414215 0.086231 0.004993 -0.503712 0.191172 0.009672 0.180687 0.145222 0.004352 0.248301 0.026404 0.005010 0.064744 -0.083980 0.004996 -0.006165 0.034407 0.004331 
-0.340455 0.329805 0.011906 -0.249497 0.227850 0.007256 -0.414215 0.086229 0.004993 -0.503711 0.191168 0.009719 0.180688 0.145221 0.004407 0.248302 0.026402 0.005005 0.064745 -0.083982 0.004995 -0.006164 0.034405 0.004390 
-0.340459 0.329801 0.012016 -0.249499 0.227849 0.007327 -0.414215 0.086227 0.004994 -0.503713 0.191162 0.009760 0.180689 0.145219 0.004455 0.248303 0.026401 0.005002 0.064746 -0.083983 0.004994 -0.006163 0.034404 0.004442 
-0.340467 0.329798 0.012120 -0.249504 0.227851 0.007396 -0.414215 0.086225 0.004994 -0.503717 0.191155 0.009797 0.180690 0.145218 0.004500 0.248304 0.026399 0.004999 0.064747 -0.083985 0.004994 -0.006162 0.034403 0.004489 
-0.340476 0.329796 0.012218 -0.249509 0.227854 0.007462 -0.414216 0.086223 0.004994 -0.503721 0.191148 0.009831 0.180691 0.145216 0.004541 0.248305 0.026398 0.004997 0.064748 -0.083986 0.004993 -0.006162 0.034401 0.004532 
-0.340484 0.329793 0.012305 -0.249513 0.227856 0.007518 -0.414214 0.086220 0.004990 -0.503723 0.191141 0.009860 0.180712 0.145158 0.004275 0.248330 0.026342 0.004840 0.064777 -0.084048 0.005009 -0.006137 0.034337 0.004441 
-0.340499 0.329795 0.012400 -0.249519 0.227868 0.007575 -0.414207 0.086218 0.004991 -0.503726 0.191129 0.009898 0.180712 0.145156 0.004339 0.248331 0.026340 0.004855 0.064777 -0.084050 0.005005 -0.006137 0.034335 0.004487 
-0.340500 0.329794 0.012477 -0.249515 0.227872 0.007622 -0.414197 0.086216 0.004991 -0.503721 0.191121 0.009931 0.180694 0.145117 0.004239 0.248324 0.026307 0.004805 0.064781 -0.084099 0.005100 -0.006144 0.034278 0.004532 
-0.340497 0.329787 0.012553 -0.249512 0.227868 0.007675 -0.414193 0.086211 0.004992 -0.503717 0.191115 0.009955 0.180850 0.144812 0.003978 0.248498 0.026017 0.005058 0.064973 -0.084420 0.005390 -0.005971 0.033944 0.004304 
-0.340520 0.329789 0.012605 -0.249525 0.227879 0.007705 -0.414194 0.086208 0.004992 -0.503728 0.191103 0.009977 0.180689 0.144942 0.003857 0.248346 0.026149 0.004743 0.064828 -0.084298 0.005264 -0.006124 0.034062 0.004377 
-0.340559 0.329797 0.012638 -0.249549 0.227901 0.007719 -0.414197 0.086206 0.004992 -0.503746 0.191087 0.009997 0.180691 0.144885 0.003588 0.248321 0.026077 0.004350 0.064779 -0.084328 0.005195 -0.006147 0.034048 0.004438 
-0.340568 0.329797 0.012682 -0.249555 0.227905 0.007745 -0.414198 0.086205 0.004992 -0.503751 0.191082 0.010016 0.180714 0.144878 0.003717 0.248349 0.026072 0.004477 0.064811 -0.084340 0.005153 -0.006120 0.034033 0.004395 
-0.340567 0.329794 0.012734 -0.249554 0.227902 0.007785 -0.414198 0.086204 0.004992 -0.503751 0.191081 0.010028 0.180714 0.144875 0.003833 0.248349 0.026069 0.004526 0.064810 -0.084344 0.005135 -0.006120 0.034031 0.004444 
-0.340565 0.329790 0.012796 -0.249553 0.227897 0.007835 -0.414199 0.086203 0.004993 -0.503750 0.191079 0.010041 0.180718 0.144878 0.003951 0.248351 0.026070 0.004574 0.064811 -0.084340 0.005098 -0.006117 0.034036 0.004477 
-0.340562 0.329785 0.012867 -0.249552 0.227893 0.007889 -0.414200 0.086201 0.004993 -0.503750 0.191078 0.010059 0.180718 0.144876 0.004045 0.248351 0.026068 0.004614 0.064811 -0.084342 0.005086 -0.006117 0.034034 0.004518 
-0.340560 0.329781 0.012939 -0.249551 0.227888 0.007943 -0.414200 0.086200 0.004993 -0.503749 0.191076 0.010079 0.180719 0.144874 0.004130 0.248351 0.026066 0.004650 0.064810 -0.084344 0.005075 -0.006117 0.034032 0.004557 
-0.340626 0.329782 0.013022 -0.249595 0.227911 0.007990 -0.414214 0.086188 0.004993 -0.503785 0.191044 0.010115 0.180698 0.144785 0.003930 0.248404 0.026020 0.004720 0.064932 -0.084504 0.005054 -0.006069 0.033827 0.004261 
-0.340642 0.329782 0.013097 -0.249604 0.227918 0.008036 -0.414213 0.086186 0.004993 -0.503792 0.191034 0.010145 0.180701 0.144738 0.003861 0.248426 0.025984 0.004761 0.064972 -0.084570 0.005120 -0.006048 0.033750 0.004217 
-0.340633 0.329773 0.013163 -0.249597 0.227907 0.008086 -0.414212 0.086181 0.004996 -0.503787 0.191031 0.010165 0.180702 0.144735 0.003964 0.248427 0.025981 0.004782 0.064973 -0.084573 0.005106 -0.006047 0.033747 0.004285 
-0.340627 0.329768 0.013222 -0.249594 0.227901 0.008128 -0.414212 0.086180 0.004996 -0.503785 0.191031 0.010183 0.180703 0.144733 0.004057 0.248428 0.025978 0.004801 0.064973 -0.084576 0.005093 -0.006046 0.033745 0.004345 
-0.340623 0.329764 0.013277 -0.249592 0.227896 0.008167 -0.414212 0.086179 0.004996 -0.503783 0.191031 0.010200 0.180703 0.144731 0.004141 0.248428 0.025976 0.004819 0.064974 -0.084578 0.005081 -0.006046 0.033742 0.004400 
-0.340614 0.329757 0.013336 -0.249584 0.227889 0.008204 -0.414207 0.086175 0.004996 -0.503777 0.191027 0.010223 0.180882 0.144430 0.004027 0.248606 0.025677 0.005095 0.065151 -0.084875 0.005332 -0.005868 0.033443 0.004257 
-0.340643 0.329763 0.013379 -0.249601 0.227907 0.008228 -0.414206 0.086174 0.004996 -0.503789 0.191015 0.010242 0.180768 0.144580 0.003941 0.248499 0.025830 0.004880 0.065050 -0.084733 0.005218 -0.005975 0.033582 0.004275 
-0.340635 0.329759 0.013409 -0.249596 0.227900 0.008254 -0.414207 0.086174 0.004996 -0.503786 0.191017 0.010246 0.180769 0.144577 0.004037 0.248500 0.025827 0.004890 0.065051 -0.084737 0.005193 -0.005974 0.033579 0.004337 
-0.340627 0.329755 0.013436 -0.249592 0.227894 0.008280 -0.414207 0.086173 0.004996 -0.503783 0.191019 0.010248 0.180770 0.144574 0.004123 0.248501 0.025824 0.004899 0.065052 -0.084740 0.005172 -0.005974 0.033577 0.004393 
-0.340621 0.329752 0.013461 -0.249588 0.227888 0.008303 -0.414207 0.086173 0.004995 -0.503780 0.191021 0.010249 0.180771 0.144572 0.004202 0.248502 0.025821 0.004907 0.065053 -0.084742 0.005152 -0.005973 0.033575 0.004444 
-0.340641 0.329756 0.013482 -0.249600 0.227899 0.008318 -0.414209 0.086171 0.004995 -0.503790 0.191012 0.010256 0.180837 0.144568 0.004188 0.248568 0.025817 0.004921 0.065119 -0.084747 0.005049 -0.005907 0.033570 0.004310 
-0.340636 0.329751 0.013514 -0.249597 0.227893 0.008343 -0.414208 0.086169 0.004997 -0.503787 0.191011 0.010265 0.180838 0.144566 0.004260 0.248569 0.025814 0.004927 0.065120 -0.084749 0.005041 -0.005906 0.033568 0.004369 
-0.340626 0.329744 0.013549 -0.249591 0.227884 0.008364 -0.414207 0.086165 0.004998 -0.503782 0.191009 0.010281 0.180838 0.144564 0.004326 0.248569 0.025812 0.004933 0.065121 -0.084751 0.005034 -0.005905 0.033566 0.004422 
-0.340618 0.329738 0.013589 -0.249586 0.227876 0.008385 -0.414206 0.086164 0.004998 -0.503779 0.191010 0.010300 0.180839 0.144562 0.004385 0.248570 0.025810 0.004939 0.065121 -0.084753 0.005028 -0.005904 0.033564 0.004470 
-0.340600 0.329729 0.013626 -0.249570 0.227865 0.008408 -0.414194 0.086157 0.004997 -0.503764 0.191005 0.010313 0.180840 0.144561 0.004438 0.248571 0.025809 0.004944 0.065122 -0.084755 0.005022 -0.005904 0.033563 0.004513 
-0.340583 0.329724 0.013672 -0.249555 0.227859 0.008436 -0.414180 0.086155 0.004997 -0.503749 0.191003 0.010331 0.180881 0.144609 0.004643 0.248595 0.025847 0.004999 0.065131 -0.084691 0.004801 -0.005878 0.033637 0.004439 
-0.340596 0.329715 0.013718 -0.249562 0.227857 0.008465 -0.414181 0.086144 0.004998 -0.503755 0.190986 0.010350 0.180918 0.144677 0.004878 0.248602 0.025897 0.004988 0.065110 -0.084594 0.004538 -0.005869 0.033753 0.004421 
-0.340636 0.329728 0.013747 -0.249583 0.227889 0.008475 -0.414173 0.086144 0.004997 -0.503768 0.190967 0.010369 0.180919 0.144678 0.004882 0.248603 0.025898 0.004985 0.065111 -0.084593 0.004581 -0.005868 0.033753 0.004471 
-0.340650 0.329735 0.013765 -0.249586 0.227905 0.008482 -0.414162 0.086143 0.004997 -0.503767 0.190957 0.010380 0.180920 0.144678 0.004885 0.248604 0.025898 0.004984 0.065112 -0.084593 0.004620 -0.005867 0.033754 0.004515 
-0.340631 0.329737 0.013767 -0.249564 0.227910 0.008479 -0.414136 0.086143 0.004997 -0.503744 0.190955 0.010385 0.180920 0.144678 0.004887 0.248605 0.025898 0.004982 0.065113 -0.084593 0.004656 -0.005867 0.033754 0.004555 
-0.340572 0.329735 0.013764 -0.249508 0.227905 0.008481 -0.414084 0.086143 0.004997 -0.503689 0.190957 0.010380 0.180921 0.144679 0.004888 0.248606 0.025899 0.004981 0.065113 -0.084592 0.004689 -0.005866 0.033754 0.004591 
-0.340541 0.329734 0.013762 -0.249474 0.227907 0.008481 -0.414046 0.086141 0.004997 -0.503654 0.190952 0.010377 0.180865 0.144593 0.004512 0.248579 0.025830 0.004831 0.065114 -0.084706 0.004961 -0.005895 0.033622 0.004641 
-0.340514 0.329713 0.013740 -0.249451 0.227882 0.008466 -0.414028 0.086121 0.004997 -0.503632 0.190937 0.010371 0.181116 0.144541 0.004591 0.248794 0.025759 0.005136 0.065298 -0.084724 0.004856 -0.005676 0.033624 0.004302 
-0.340455 0.329703 0.013732 -0.249397 0.227867 0.008461 -0.413981 0.086114 0.004997 -0.503580 0.190934 0.010368 0.181117 0.144540 0.004621 0.248796 0.025758 0.005118 0.065299 -0.084726 0.004869 -0.005675 0.033624 0.004364 
-0.340454 0.329706 0.013700 -0.249385 0.227881 0.008426 -0.413953 0.086109 0.004997 -0.503563 0.190919 0.010370 0.181027 0.144451 0.004170 0.248734 0.025686 0.004802 0.065264 -0.084841 0.005080 -0.005739 0.033490 0.004445 
-0.340417 0.329668 0.013681 -0.249349 0.227841 0.008420 -0.413917 0.086070 0.004996 -0.503527 0.190881 0.010357 0.181092 0.144436 0.004118 0.248804 0.025674 0.004833 0.065338 -0.084861 0.005003 -0.005669 0.033467 0.004284 
-0.340414 0.329612 0.013649 -0.249345 0.227785 0.008398 -0.413914 0.086013 0.004997 -0.503524 0.190824 0.010346 0.181092 0.144434 0.004196 0.248805 0.025672 0.004847 0.065339 -0.084863 0.005000 -0.005668 0.033465 0.004345 
-0.340435 0.329612 0.013603 -0.249357 0.227793 0.008367 -0.413913 0.086005 0.004996 -0.503532 0.190809 0.010331 0.181159 0.144263 0.003894 0.248880 0.025508 0.004901 0.065423 -0.085041 0.005166 -0.005593 0.033280 0.004152 
-0.340442 0.329609 0.013551 -0.249370 0.227782 0.008339 -0.413934 0.086004 0.004996 -0.503547 0.190815 0.010305 0.181390 0.144277 0.004004 0.249091 0.025512 0.005096 0.065618 -0.085010 0.004760 -0.005378 0.033321 0.003652 
-0.340577 0.329629 0.013522 -0.249472 0.227833 0.008294 -0.413989 0.085999 0.004994 -0.503636 0.190779 0.010319 0.181378 0.144130 0.003609 0.249124 0.025393 0.005016 0.065693 -0.085199 0.004939 -0.005348 0.033102 0.003517 
-0.340571 0.329631 0.013457 -0.249469 0.227832 0.008245 -0.413988 0.086000 0.004995 -0.503633 0.190783 0.010302 0.181380 0.144126 0.003733 0.249127 0.025389 0.005009 0.065695 -0.085204 0.004942 -0.005346 0.033099 0.003653 
-0.340610 0.329646 0.013365 -0.249491 0.227861 0.008168 -0.413988 0.086000 0.004994 -0.503650 0.190770 0.010286 0.181281 0.143991 0.003332 0.249068 0.025278 0.004760 0.065673 -0.085373 0.005249 -0.005409 0.032903 0.003814 
-0.340607 0.329596 0.013265 -0.249489 0.227808 0.008105 -0.413988 0.085948 0.004995 -0.503648 0.190721 0.010248 0.181282 0.143987 0.003485 0.249070 0.025273 0.004780 0.065675 -0.085378 0.005221 -0.005408 0.032899 0.003920 
-0.340618 0.329422 0.013143 -0.249496 0.227635 0.008038 -0.413988 0.085766 0.004995 -0.503653 0.190538 0.010192 0.181284 0.143984 0.003622 0.249071 0.025268 0.004799 0.065676 -0.085383 0.005198 -0.005406 0.032896 0.004016 
-0.340597 0.329374 0.013066 -0.249484 0.227578 0.008005 -0.413989 0.085723 0.004996 -0.503645 0.190505 0.010148 0.181343 0.144012 0.003840 0.249129 0.025295 0.004958 0.065734 -0.085357 0.005006 -0.005348 0.032924 0.003878 
-0.340582 0.329371 0.012998 -0.249475 0.227567 0.007974 -0.413989 0.085722 0.004996 -0.503638 0.190511 0.010111 0.181367 0.143980 0.003874 0.249158 0.025266 0.004995 0.065766 -0.085393 0.005010 -0.005319 0.032885 0.003879 
-0.340577 0.329364 0.012934 -0.249472 0.227556 0.007943 -0.413990 0.085715 0.004996 -0.503637 0.190508 0.010076 0.181375 0.143945 0.003867 0.249172 0.025235 0.005006 0.065787 -0.085434 0.005054 -0.005305 0.032840 0.003905 
-0.340559 0.329359 0.012878 -0.249462 0.227543 0.007918 -0.413990 0.085713 0.004995 -0.503629 0.190514 0.010045 0.181367 0.143962 0.003982 0.249161 0.025249 0.004985 0.065772 -0.085414 0.005027 -0.005316 0.032863 0.004015 
-0.340540 0.329350 0.012845 -0.249450 0.227527 0.007907 -0.413988 0.085708 0.005000 -0.503620 0.190517 0.010026 0.181392 0.143952 0.004095 0.249182 0.025236 0.005009 0.065789 -0.085421 0.004986 -0.005296 0.032859 0.004063 
-0.340562 0.329331 0.012814 -0.249463 0.227515 0.007880 -0.413988 0.085681 0.004999 -0.503629 0.190482 0.010022 0.181359 0.143893 0.003963 0.249150 0.025177 0.004911 0.065758 -0.085479 0.005116 -0.005328 0.032800 0.004162 
-0.340560 0.329268 0.012787 -0.249462 0.227450 0.007867 -0.413989 0.085619 0.004999 -0.503629 0.190421 0.010007 0.181444 0.143852 0.004063 0.249233 0.025136 0.005123 0.065840 -0.085520 0.005043 -0.005243 0.032759 0.003971 
-0.340582 0.329273 0.012775 -0.249475 0.227464 0.007851 -0.413989 0.085616 0.004998 -0.503638 0.190411 0.010010 0.181405 0.143792 0.003833 0.249200 0.025080 0.004910 0.065811 -0.085583 0.005142 -0.005278 0.032693 0.004059 
-0.340597 0.329233 0.012754 -0.249483 0.227431 0.007825 -0.413987 0.085571 0.004997 -0.503643 0.190359 0.010013 0.181423 0.143729 0.003716 0.249228 0.025024 0.004934 0.065850 -0.085656 0.005190 -0.005250 0.032612 0.003965 
-0.340596 0.329152 0.012725 -0.249482 0.227348 0.007803 -0.413987 0.085489 0.004997 -0.503643 0.190278 0.010007 0.181424 0.143726 0.003832 0.249230 0.025020 0.004939 0.065852 -0.085660 0.005171 -0.005249 0.032609 0.004056 
-0.340594 0.329045 0.012707 -0.249481 0.227240 0.007796 -0.413987 0.085382 0.004997 -0.503642 0.190172 0.009995 0.181425 0.143723 0.003936 0.249231 0.025017 0.004944 0.065853 -0.085664 0.005153 -0.005247 0.032606 0.004138 
-0.340607 0.328979 0.012710 -0.249489 0.227180 0.007795 -0.413986 0.085312 0.004997 -0.503647 0.190097 0.009999 0.181488 0.143596 0.003713 0.249296 0.024893 0.004995 0.065920 -0.085791 0.005278 -0.005182 0.032475 0.003987 
-0.340664 0.328994 0.012720 -0.249521 0.227217 0.007792 -0.413985 0.085309 0.004997 -0.503671 0.190072 0.010012 0.181417 0.143494 0.003376 0.249245 0.024804 0.004726 0.065886 -0.085907 0.005460 -0.005236 0.032347 0.004108 
-0.340671 0.328955 0.012709 -0.249525 0.227181 0.007772 -0.413983 0.085268 0.004998 -0.503673 0.190027 0.010021 0.181418 0.143490 0.003527 0.249246 0.024798 0.004749 0.065887 -0.085912 0.005408 -0.005235 0.032342 0.004184 
-0.340694 0.328907 0.012692 -0.249538 0.227143 0.007752 -0.413982 0.085212 0.004998 -0.503682 0.189963 0.010023 0.181550 0.143354 0.003415 0.249384 0.024670 0.004939 0.066034 -0.086056 0.005328 -0.005095 0.032190 0.003794 
-0.340688 0.328834 0.012664 -0.249534 0.227067 0.007733 -0.413981 0.085140 0.004998 -0.503679 0.189893 0.010015 0.181551 0.143350 0.003559 0.249386 0.024664 0.004943 0.066036 -0.086062 0.005294 -0.005093 0.032186 0.003902 
-0.340690 0.328690 0.012631 -0.249535 0.226923 0.007718 -0.413980 0.084993 0.004997 -0.503679 0.189746 0.009996 0.181556 0.143346 0.003690 0.249390 0.024658 0.004953 0.066038 -0.086066 0.005262 -0.005090 0.032185 0.003991 
-0.340687 0.328610 0.012623 -0.249533 0.226842 0.007717 -0.413980 0.084914 0.004997 -0.503678 0.189668 0.009989 0.181557 0.143343 0.003808 0.249391 0.024654 0.004956 0.066040 -0.086070 0.005236 -0.005089 0.032181 0.004080 
-0.340690 0.328599 0.012632 -0.249533 0.226833 0.007732 -0.413976 0.084902 0.004997 -0.503677 0.189653 0.009983 0.181643 0.143265 0.003661 0.249480 0.024580 0.004995 0.066132 -0.086150 0.005224 -0.005000 0.032098 0.003880 
-0.340765 0.328618 0.012635 -0.249577 0.226881 0.007716 -0.413977 0.084898 0.004996 -0.503709 0.189622 0.010001 0.181634 0.143179 0.003319 0.249494 0.024508 0.004778 0.066166 -0.086256 0.005263 -0.004988 0.031977 0.003797 
-0.340766 0.328574 0.012616 -0.249578 0.226837 0.007689 -0.413976 0.084853 0.004996 -0.503709 0.189576 0.010009 0.181635 0.143175 0.003472 0.249495 0.024502 0.004797 0.066168 -0.086261 0.005236 -0.004987 0.031973 0.003904 
-0.340768 0.328449 0.012597 -0.249579 0.226713 0.007677 -0.413976 0.084727 0.004997 -0.503710 0.189450 0.010002 0.181637 0.143171 0.003610 0.249497 0.024498 0.004815 0.066169 -0.086266 0.005212 -0.004985 0.031970 0.004001 
-0.340792 0.328371 0.012593 -0.249592 0.226645 0.007671 -0.413975 0.084642 0.004996 -0.503719 0.189355 0.010003 0.181745 0.142936 0.003259 0.249600 0.024265 0.004914 0.066269 -0.086492 0.005397 -0.004880 0.031740 0.003733 
-0.340782 0.328363 0.012581 -0.249587 0.226633 0.007663 -0.413975 0.084635 0.004996 -0.503715 0.189352 0.010000 0.181747 0.142932 0.003418 0.249602 0.024259 0.004920 0.066271 -0.086498 0.005357 -0.004879 0.031736 0.003846 
-0.340774 0.328267 0.012561 -0.249578 0.226536 0.007655 -0.413966 0.084539 0.004997 -0.503707 0.189256 0.009988 0.181748 0.142928 0.003561 0.249604 0.024254 0.004927 0.066273 -0.086504 0.005321 -0.004877 0.031732 0.003948 
