0.999853 0.017083 -0.001470 -0.021436 0.999770 0.000303 -0.000863 -1.000000 -0.000270 -0.999730 -0.023198 0.001468 
0.999853 0.017083 -0.001322 -0.021437 0.999770 0.000276 -0.000863 -1.000000 -0.000247 -0.999730 -0.023198 0.001321 
0.999853 0.017133 -0.000387 -0.021487 0.999769 -0.000525 -0.000812 -1.000000 0.000534 -0.999730 -0.023248 0.000390 
0.999851 0.017252 0.000798 -0.021607 0.999767 -0.000059 -0.000693 -1.000000 0.000041 -0.999727 -0.023367 -0.000798 
0.999849 0.017367 -0.000174 -0.021722 0.999748 -0.005690 -0.000577 -0.999984 0.005693 -0.999724 -0.023482 0.000209 
0.999851 0.016748 0.004077 -0.021077 0.999758 -0.006248 -0.001223 -0.999980 0.006156 -0.999730 -0.022863 -0.004039 
0.999805 0.017149 0.009823 -0.021509 0.999769 0.000390 -0.000790 -1.000000 -0.000609 -0.999681 -0.023264 -0.009826 
0.999843 0.017040 0.004870 -0.021393 0.999771 -0.000403 -0.000907 -1.000000 0.000294 -0.999720 -0.023155 -0.004868 
0.999835 0.017146 0.005940 -0.021511 0.999767 0.001603 -0.000789 -0.999998 -0.001736 -0.999712 -0.023261 -0.005949 
0.999845 0.017124 0.004030 -0.021491 0.999764 0.003209 -0.000808 -0.999994 -0.003298 -0.999722 -0.023238 -0.004050 
0.999803 0.017620 0.009096 -0.022049 0.999723 0.008214 -0.000249 -0.999965 -0.008415 -0.999676 -0.023734 -0.009146 
0.999826 0.017717 0.005821 -0.022134 0.999696 0.010869 -0.000165 -0.999940 -0.010997 -0.999699 -0.023832 -0.005888 
0.999829 0.017721 0.005281 -0.022127 0.999706 0.009907 -0.000172 -0.999950 -0.010023 -0.999702 -0.023835 -0.005342 
0.999836 0.017795 0.003373 -0.022184 0.999701 0.010319 -0.000116 -0.999946 -0.010392 -0.999708 -0.023910 -0.003436 
0.999827 0.018005 0.004715 -0.022411 0.999688 0.011018 0.000112 -0.999938 -0.011121 -0.999698 -0.024120 -0.004783 
0.999803 0.019114 0.005405 -0.023549 0.999607 0.015226 0.001250 -0.999881 -0.015345 -0.999667 -0.025228 -0.005498 
0.999804 0.019425 0.003876 -0.023839 0.999587 0.016031 0.001540 -0.999869 -0.016115 -0.999666 -0.025539 -0.003974 
0.999800 0.019636 0.003720 -0.024049 0.999574 0.016537 0.001750 -0.999860 -0.016618 -0.999661 -0.025750 -0.003821 
0.999779 0.020734 0.003378 -0.025140 0.999554 0.016099 0.002841 -0.999865 -0.016171 -0.999634 -0.026847 -0.003476 
0.999780 0.020741 0.003041 -0.025137 0.999577 0.014607 0.002839 -0.999888 -0.014672 -0.999634 -0.026855 -0.003131 
0.999781 0.020747 0.002738 -0.025135 0.999596 0.013264 0.002837 -0.999907 -0.013323 -0.999635 -0.026861 -0.002819 
0.999782 0.020749 0.002470 -0.025132 0.999611 0.012053 0.002833 -0.999923 -0.012107 -0.999636 -0.026863 -0.002543 
0.999909 0.013435 0.001467 -0.017807 0.999758 0.012945 -0.004493 -0.999906 -0.012976 -0.999808 -0.019549 -0.001546 
0.999999 0.000940 0.000680 -0.005304 0.999898 0.013287 -0.016997 -0.999767 -0.013301 -0.999975 -0.007055 -0.000761 
0.999966 -0.007881 0.002337 0.003491 0.999892 0.014273 -0.025789 -0.999565 -0.014323 -0.999996 0.001765 -0.002424 
0.999956 -0.009119 0.002099 0.004735 0.999902 0.013180 -0.027033 -0.999547 -0.013225 -0.999993 0.003003 -0.002179 
0.999956 -0.009162 0.001901 0.004780 0.999891 0.013994 -0.027078 -0.999535 -0.014035 -0.999993 0.003047 -0.001986 
0.999965 -0.008304 0.000803 0.003934 0.999840 0.017425 -0.026232 -0.999504 -0.017440 -0.999997 0.002189 -0.000910 
0.999949 -0.009927 0.001880 0.005530 0.999756 0.021363 -0.027828 -0.999384 -0.021402 -0.999991 0.003813 -0.002010 
0.999951 -0.009523 0.002783 0.005101 0.999726 0.022840 -0.027399 -0.999362 -0.022898 -0.999990 0.003408 -0.002922 
0.999949 -0.009659 0.003062 0.005229 0.999713 0.023376 -0.027527 -0.999346 -0.023440 -0.999989 0.003544 -0.003205 
0.999964 -0.007998 0.002711 0.003583 0.999765 0.021395 -0.025881 -0.999435 -0.021452 -0.999994 0.001883 -0.002842 
0.999967 -0.007737 0.002408 0.003333 0.999802 0.019612 -0.025632 -0.999478 -0.019663 -0.999995 0.001622 -0.002528 
0.999969 -0.007552 0.002039 0.003153 0.999785 0.020480 -0.025452 -0.999465 -0.020523 -0.999997 0.001437 -0.002164 
0.999969 -0.007555 0.001987 0.003152 0.999731 0.022973 -0.025451 -0.999411 -0.023014 -0.999997 0.001440 -0.002128 
0.999974 -0.006963 0.001775 0.002556 0.999626 0.027244 -0.024855 -0.999319 -0.027279 -0.999998 0.000849 -0.001942 
0.999979 -0.006346 0.001584 0.001937 0.999487 0.031972 -0.024236 -0.999194 -0.032002 -0.999998 0.000233 -0.001780 
0.999983 -0.005706 0.001401 0.001296 0.999329 0.036604 -0.023595 -0.999050 -0.036629 -0.999999 -0.000406 -0.001625 
0.999984 -0.005454 0.001166 0.001047 0.999167 0.040801 -0.023346 -0.998894 -0.040820 -0.999999 -0.000657 -0.001416 
0.999985 -0.005344 0.001027 0.000937 0.998977 0.045203 -0.023236 -0.998707 -0.045219 -0.999999 -0.000766 -0.001303 
0.999986 -0.005270 0.000940 0.000862 0.998784 0.049300 -0.023161 -0.998515 -0.049313 -0.999999 -0.000839 -0.001241 
0.977828 -0.196792 0.071595 -0.999999 0.000115 -0.001087 0.001815 0.998400 0.056514 0.619179 0.783744 -0.048603 -0.171312 -0.984732 -0.030920 -0.626457 -0.779355 -0.012554 
0.977858 -0.204388 0.044942 -0.999937 0.010954 0.002625 0.012867 0.997601 0.068026 0.617501 0.785984 -0.030359 -0.179655 -0.983339 -0.027722 -0.623332 -0.781621 -0.022936 
0.979170 -0.202179 0.018684 -0.999899 0.010950 0.009058 0.013341 0.997270 0.072627 0.629032 0.777275 -0.012733 -0.177895 -0.983527 -0.032077 -0.636937 -0.770422 -0.027575 
0.979935 -0.199164 -0.007783 -0.999905 0.003528 0.013333 0.006289 0.997110 0.075706 0.663847 0.747868 -0.000124 -0.175680 -0.983608 -0.040642 -0.677593 -0.735118 -0.021659 
0.981121 -0.193062 -0.011308 -0.999931 -0.002754 0.011449 -0.000082 0.996888 0.078837 0.675632 0.737239 -0.000069 -0.169708 -0.984591 -0.042192 -0.691608 -0.722047 -0.018052 
0.982306 -0.187180 -0.006163 -0.999935 -0.010099 0.005297 -0.007885 0.996811 0.079410 0.675630 0.737241 -0.000064 -0.163583 -0.985600 -0.042810 -0.692454 -0.721254 -0.017299 
0.982839 -0.184378 -0.005670 -0.999901 -0.014021 0.001435 -0.012102 0.996777 0.079305 0.675584 0.737283 -0.000105 -0.160750 -0.986060 -0.042962 -0.692838 -0.720946 -0.014593 
0.983239 -0.182060 -0.009794 -0.999868 -0.016273 0.000197 -0.014444 0.996731 0.079485 0.675537 0.737326 -0.000109 -0.158604 -0.986404 -0.043023 -0.693005 -0.720855 -0.010587 
0.984012 -0.177322 -0.016659 -0.999782 -0.020813 0.001533 -0.018866 0.996682 0.079177 0.675478 0.737380 -0.000119 -0.154163 -0.987082 -0.043633 -0.693398 -0.720530 -0.005944 
0.984826 -0.171680 -0.025355 -0.999636 -0.026461 0.005333 -0.024198 0.996586 0.078932 0.675421 0.737433 -0.000132 -0.148926 -0.987836 -0.044730 -0.693893 -0.720076 -0.001574 
0.956221 -0.291579 -0.024963 -0.999037 -0.043802 0.002476 -0.041742 0.996405 0.073717 0.670797 0.741277 -0.023231 -0.269050 -0.962838 -0.023572 -0.687335 -0.725992 0.022499 
0.977289 -0.208507 -0.037837 -0.998891 -0.047086 -0.000580 -0.045262 0.996769 0.066354 0.688301 0.723489 -0.052968 -0.186003 -0.982156 -0.027801 -0.710759 -0.699426 0.074995 
0.992863 -0.100767 -0.063794 -0.998855 -0.047843 -0.000482 -0.046039 0.997446 0.054613 0.712318 0.696922 -0.083078 -0.078754 -0.996477 -0.028849 -0.728995 -0.673015 0.124968 
0.991600 -0.082795 -0.099374 -0.998854 -0.047851 -0.000373 -0.046068 0.998131 0.040163 0.718898 0.685562 -0.114848 -0.060627 -0.998040 -0.015540 -0.728773 -0.661144 0.178265 
-0.998881 -0.047292 -0.000131 0.981446 0.142001 -0.128837 0.163781 -0.986154 -0.026019 -0.714070 -0.664034 0.221724 -0.045521 0.998647 0.025135 0.739551 0.653666 -0.160578 
-0.998880 -0.047317 -0.000051 0.968653 0.180294 -0.170898 0.204547 -0.978757 -0.013980 -0.683062 -0.680973 0.264012 -0.045557 0.998929 0.008069 0.719537 0.668244 -0.188988 
-0.999059 -0.043382 0.000303 0.951825 0.232865 -0.199505 0.258023 -0.965987 -0.017101 -0.630987 -0.714475 0.302291 -0.041622 0.999133 0.000078 0.679569 0.699027 -0.222591 
-0.999362 -0.035706 -0.000528 0.954123 0.270730 -0.127886 0.297879 -0.954507 0.013604 -0.527502 -0.793373 0.303811 -0.033946 0.999424 -0.000012 0.555808 0.779914 -0.287769 
-0.999521 -0.030931 -0.001331 0.941453 0.333946 -0.046321 0.357818 -0.933507 0.023061 -0.411776 -0.872157 0.264166 -0.029172 0.999573 0.001430 0.414014 0.854307 -0.314248 
-0.999506 -0.031393 -0.001154 0.928966 0.369299 0.025309 0.391511 -0.920149 0.006690 -0.315191 -0.927632 0.200385 -0.029635 0.999559 0.001931 0.286953 0.911053 -0.296042 
-0.999356 -0.035871 0.000648 0.912518 0.403990 0.064050 0.428343 -0.903092 -0.030767 -0.274799 -0.950355 0.145980 -0.034108 0.999407 0.004736 0.231536 0.937068 -0.261334 
-0.999210 -0.039700 0.001778 0.903158 0.422416 0.076620 0.448320 -0.892455 -0.050339 -0.275564 -0.957390 0.086428 -0.037929 0.999263 0.005951 0.235547 0.953144 -0.189825 
-0.999170 -0.040709 0.001575 0.908370 0.414233 0.057233 0.439012 -0.896603 -0.058058 -0.310297 -0.949684 0.042616 -0.038940 0.999224 0.005891 0.289762 0.952438 -0.094342 
-0.999263 -0.038339 0.001603 0.920584 0.389415 0.029675 0.412352 -0.910351 -0.035043 -0.311910 -0.950002 0.014422 -0.036570 0.999315 0.005615 0.287395 0.957183 -0.034699 
-0.999763 -0.019003 0.010650 0.930583 0.365813 0.014040 0.388334 -0.921249 -0.022280 -0.305231 -0.952277 0.001731 -0.017185 0.999837 0.005464 0.268465 0.963137 -0.017166 
-0.999786 -0.005119 0.020043 0.936719 0.350079 -0.001314 0.372273 -0.927506 -0.033835 -0.336248 -0.941773 0.001086 -0.003251 0.999980 0.005369 0.308377 0.951262 -0.002169 
-0.999554 -0.000264 0.029873 0.939315 0.342960 -0.008105 0.364775 -0.929985 -0.045458 -0.357689 -0.933834 0.003659 0.001697 0.999976 0.006677 0.337386 0.941364 -0.002274 
-0.999067 -0.000395 0.043180 0.939872 0.341124 -0.016606 0.362157 -0.930200 -0.059758 -0.358454 -0.933532 0.005337 0.001810 0.999946 0.010245 0.338332 0.941023 -0.002636 
-0.998013 -0.002910 0.062949 0.938656 0.343410 -0.031538 0.362805 -0.928678 -0.077008 -0.357761 -0.933789 0.006718 -0.000143 0.999872 0.015990 0.338469 0.940975 -0.002131 
-0.996127 -0.006749 0.087663 0.936378 0.347057 -0.052414 0.363723 -0.926535 -0.096121 -0.356636 -0.934212 0.007641 -0.002734 0.999663 0.025805 0.338506 0.940963 -0.001406 
-0.993269 -0.010495 0.115356 0.933453 0.350652 -0.075556 0.363457 -0.924198 -0.117292 -0.355509 -0.934633 0.008579 -0.004560 0.999327 0.036386 0.338513 0.940962 -0.000598 
-0.989301 -0.013477 0.145265 0.929957 0.353660 -0.100517 0.361368 -0.921899 -0.139699 -0.354593 -0.934971 0.009596 -0.004881 0.998868 0.047308 0.338546 0.940950 0.000268 
-0.984048 -0.017140 0.177078 0.925406 0.357057 -0.127022 0.358278 -0.919242 -0.163192 -0.353587 -0.935343 0.010485 -0.005027 0.998260 0.058747 0.338654 0.940910 0.001317 
-0.977383 -0.021833 0.210348 0.919499 0.361427 -0.154570 0.354616 -0.915945 -0.187861 -0.352366 -0.935795 0.011182 -0.005185 0.997458 0.071070 0.338807 0.940853 0.002407 
-0.970283 -0.026223 0.240547 0.913216 0.365516 -0.180094 0.349808 -0.912545 -0.211887 -0.351095 -0.936261 0.012117 -0.004263 0.996447 0.084110 0.338855 0.940833 0.003328 
-0.963295 -0.029920 0.266772 0.907209 0.368616 -0.202717 0.343445 -0.909274 -0.235089 -0.349897 -0.936691 0.013486 -0.002154 0.995258 0.097244 0.338901 0.940813 0.004124 
-0.955110 -0.034401 0.294248 0.900091 0.372166 -0.226557 0.335918 -0.905537 -0.259156 -0.348510 -0.937186 0.014954 0.000325 0.993792 0.111254 0.338979 0.940782 0.004734 
-0.944823 -0.039028 0.325247 0.891672 0.375275 -0.253159 0.325544 -0.901585 -0.284897 -0.347162 -0.937653 0.016907 0.003941 0.992138 0.125084 0.339182 0.940707 0.005093 
-0.930604 -0.046266 0.363093 0.879331 0.381162 -0.285468 0.313891 -0.896081 -0.313864 -0.345102 -0.938373 0.019007 0.007348 0.990104 0.140144 0.339503 0.940590 0.005360 
-0.911021 -0.056618 0.408455 0.861797 0.390352 -0.323932 0.299892 -0.888555 -0.347180 -0.342160 -0.939409 0.020913 0.011288 0.987417 0.157737 0.339782 0.940487 0.005675 
-0.885647 -0.069975 0.459057 0.839117 0.402696 -0.365676 0.283521 -0.879054 -0.383248 -0.338896 -0.940578 0.021504 0.016341 0.983953 0.177677 0.340016 0.940400 0.006129 
-0.854182 -0.083096 0.513292 0.810353 0.415784 -0.412859 0.260669 -0.868605 -0.421399 -0.333796 -0.942325 0.024574 0.025280 0.980019 0.197292 0.339505 0.940582 0.006376 
-0.815715 -0.095780 0.570470 0.779048 0.426281 -0.459748 0.234616 -0.860351 -0.452495 -0.324522 -0.945596 0.023117 0.037773 0.975931 0.214781 0.327588 0.944798 0.006568 
-0.767974 -0.107835 0.631338 0.746275 0.434939 -0.503886 0.206862 -0.853568 -0.478153 -0.310881 -0.950334 0.014802 0.055903 0.971319 0.231117 0.299429 0.954090 0.007323 
-0.709690 -0.119943 0.694229 0.707886 0.442718 -0.550362 0.173425 -0.847208 -0.502158 -0.302315 -0.953149 0.010578 0.074869 0.967590 0.241172 0.276660 0.960950 0.005860 
-0.644347 -0.131110 0.753410 0.660608 0.451190 -0.600020 0.135076 -0.841052 -0.523819 -0.293399 -0.955868 0.015256 0.091298 0.965527 0.243767 0.259662 0.965698 0.001948 
-0.569456 -0.145430 0.809055 0.605321 0.462221 -0.648026 0.095239 -0.834199 -0.543178 -0.281774 -0.959361 0.015142 0.108039 0.962983 0.246966 0.237855 0.971289 0.004849 
-0.477899 -0.132269 0.868399 0.549547 0.444003 -0.707714 0.052241 -0.848880 -0.525998 -0.265168 -0.964092 0.014580 0.131461 0.967138 0.217627 0.188305 0.982009 0.014105 
0.133858 0.989169 0.060221 0.497941 0.379371 -0.779829 -0.365774 -0.061963 0.928639 0.007748 -0.888776 -0.458277 -0.251333 -0.967384 0.031624 
0.464156 0.274140 -0.842262 -0.271580 0.053086 0.960951 0.100774 0.994799 0.014830 -0.243927 -0.968348 0.052929 -0.017230 -0.938934 -0.343666 
0.482356 0.194774 -0.854047 -0.227034 0.130594 0.965091 0.058779 0.998240 0.007835 -0.237299 -0.970973 0.030014 -0.023929 -0.964845 -0.261728 
0.496190 0.157332 -0.853840 -0.227579 0.178045 0.957344 0.058632 0.997857 -0.029053 -0.247192 -0.966554 0.068326 -0.045952 -0.971189 -0.233838 
0.475018 0.146972 -0.867616 -0.241841 0.194167 0.950690 0.107426 0.986943 -0.120016 -0.274492 -0.941531 0.195379 -0.078100 -0.968943 -0.234627 
-0.290131 -0.890232 0.351156 -0.104568 -0.972606 -0.207611 -0.728360 0.685006 -0.016089 -0.888142 0.418558 0.189768 0.569909 0.592606 -0.569229 0.970556 -0.050864 -0.235444 
-0.279408 -0.832317 0.478728 -0.112975 -0.980665 -0.159793 -0.717892 0.694789 -0.043595 -0.891324 0.424100 0.160249 0.580258 0.562602 -0.588879 0.965275 -0.052827 -0.255838 
-0.255194 -0.785696 0.563523 -0.107278 -0.988891 -0.102888 -0.711967 0.696962 -0.085720 -0.890373 0.429692 0.150332 0.600565 0.541096 -0.588673 0.955656 -0.053052 -0.289666 
-0.226065 -0.747959 0.624061 -0.096909 -0.994108 -0.048548 -0.694599 0.701025 -0.161547 -0.890104 0.426839 0.159759 0.650135 0.515553 -0.558148 0.942892 -0.054893 -0.328545 
-0.200620 -0.715473 0.669216 -0.088022 -0.996110 -0.004053 -0.660726 0.707855 -0.249766 -0.893336 0.412204 0.178995 0.712324 0.486326 -0.506046 0.252990 -0.042577 -0.966532 0.984555 -0.054409 -0.166408 
-0.192627 -0.700005 0.687668 -0.621984 0.708553 -0.333299 -0.894840 0.400706 0.196711 -0.088509 -0.996052 0.006754 0.239993 -0.052054 -0.969378 0.764089 0.456151 -0.456174 0.981322 -0.057469 -0.183589 
-0.199496 -0.717728 0.667134 -0.096281 -0.995223 -0.016135 -0.585865 0.701341 -0.406057 -0.892681 0.397139 0.213075 0.802395 0.431719 -0.412045 0.251114 -0.032785 -0.967402 0.981563 -0.067471 -0.178835 
-0.216179 -0.758196 0.615147 -0.103568 -0.994114 -0.031795 -0.576680 0.685687 -0.444155 -0.888896 0.405066 0.213977 0.811268 0.416502 -0.410330 0.937286 -0.075661 -0.340249 
-0.235109 -0.798116 0.554738 -0.113390 -0.992836 -0.037665 -0.578683 0.679207 -0.451446 -0.886812 0.410215 0.212809 0.811082 0.421461 -0.405606 0.946355 -0.088686 -0.310720 
-0.250552 -0.828941 0.500080 -0.123836 -0.991094 -0.048959 -0.577747 0.677662 -0.454954 -0.886603 0.410737 0.212674 0.812053 0.421006 -0.404135 0.953249 -0.100267 -0.285065 
-0.258801 -0.847039 0.464271 -0.130371 -0.989666 -0.059701 -0.577614 0.677757 -0.454981 -0.886592 0.410556 0.213070 0.812308 0.422103 -0.402474 0.956823 -0.106099 -0.270616 
-0.258308 -0.849846 0.459389 -0.129894 -0.989371 -0.065365 -0.578745 0.679145 -0.451460 -0.886884 0.409609 0.213676 0.811588 0.425439 -0.400408 0.957258 -0.103985 -0.269895 
-0.251824 -0.843764 0.473969 -0.123277 -0.990210 -0.065478 -0.581197 0.679888 -0.447172 -0.887166 0.408647 0.214345 0.809995 0.430522 -0.398194 0.955630 -0.095446 -0.278679 
-0.242673 -0.835285 0.493365 -0.112760 -0.991530 -0.064445 -0.584909 0.679094 -0.443524 -0.887251 0.408026 0.215178 0.807575 0.436646 -0.396437 0.952925 -0.083685 -0.291429 
-0.233695 -0.829619 0.507069 -0.102447 -0.992836 -0.061489 -0.589883 0.676865 -0.440332 -0.887168 0.407826 0.215895 0.804240 0.443595 -0.395501 0.950243 -0.072514 -0.302952 
-0.228382 -0.826998 0.513727 -0.095454 -0.993570 -0.060889 -0.595407 0.673314 -0.438337 -0.886984 0.407957 0.216406 0.800441 0.450140 -0.395813 0.948545 -0.065118 -0.309873 
-0.227276 -0.828520 0.511763 -0.092615 -0.993682 -0.063400 -0.599738 0.669935 -0.437609 -0.886833 0.408134 0.216690 0.797378 0.454513 -0.396997 0.948452 -0.062029 -0.310790 
-0.229196 -0.832534 0.504337 -0.093021 -0.993408 -0.066991 -0.601472 0.668478 -0.437456 -0.886805 0.408139 0.216794 0.796153 0.456204 -0.397515 0.949475 -0.062263 -0.307605 
-0.232503 -0.836554 0.496105 -0.095669 -0.992922 -0.070386 -0.600657 0.669146 -0.437556 -0.886807 0.408092 0.216873 0.796747 0.455552 -0.397072 0.950776 -0.064778 -0.303033 
-0.236422 -0.838762 0.490492 -0.099539 -0.992339 -0.073181 -0.598641 0.670601 -0.438090 -0.886800 0.408078 0.216927 0.798209 0.453716 -0.396237 0.951852 -0.068720 -0.298757 
-0.240028 -0.839009 0.488313 -0.103353 -0.991807 -0.075080 -0.596902 0.671685 -0.438801 -0.886691 0.408378 0.216809 0.799463 0.451866 -0.395823 0.952512 -0.072886 -0.295649 
-0.242007 -0.838357 0.488456 -0.105694 -0.991553 -0.075172 -0.595349 0.672666 -0.439409 -0.886566 0.408734 0.216652 0.800568 0.450182 -0.395509 0.952717 -0.075658 -0.294290 
-0.242211 -0.836865 0.490908 -0.106414 -0.991575 -0.073860 -0.594351 0.673279 -0.439821 -0.886456 0.409046 0.216509 0.801257 0.448997 -0.395462 0.952490 -0.076728 -0.294745 
-0.241853 -0.835607 0.493221 -0.106472 -0.991643 -0.072851 -0.593968 0.673547 -0.439927 -0.886437 0.409117 0.216455 0.801511 0.448457 -0.395559 0.952231 -0.076856 -0.295549 
-0.241421 -0.835194 0.494132 -0.106137 -0.991725 -0.072227 -0.594003 0.673538 -0.439895 -0.886441 0.409112 0.216449 0.801472 0.448411 -0.395688 0.952091 -0.076557 -0.296078 
-0.241075 -0.835185 0.494317 -0.105777 -0.991780 -0.072004 -0.594155 0.673491 -0.439762 -0.886458 0.409062 0.216475 0.801363 0.448561 -0.395739 0.952030 -0.076182 -0.296369 
-0.240824 -0.835265 0.494304 -0.105526 -0.991810 -0.071947 -0.594302 0.673442 -0.439638 -0.886477 0.409007 0.216500 0.801253 0.448716 -0.395787 0.952006 -0.075901 -0.296520 
-0.240697 -0.835291 0.494322 -0.105391 -0.991829 -0.071886 -0.594367 0.673420 -0.439583 -0.886485 0.408982 0.216512 0.801202 0.448786 -0.395810 0.951989 -0.075758 -0.296609 
-0.240684 -0.835267 0.494369 -0.105376 -0.991832 -0.071876 -0.594378 0.673436 -0.439544 -0.886483 0.408985 0.216516 0.801195 0.448791 -0.395819 0.951980 -0.075736 -0.296644 
-0.240670 -0.835238 0.494425 -0.105367 -0.991833 -0.071863 -0.594387 0.673442 -0.439522 -0.886482 0.408987 0.216517 0.801193 0.448786 -0.395830 0.951972 -0.075725 -0.296672 
-0.240654 -0.835183 0.494526 -0.105363 -0.991834 -0.071856 -0.594404 0.673469 -0.439458 -0.886478 0.408994 0.216521 0.801169 0.448799 -0.395863 0.951958 -0.075711 -0.296722 
-0.240640 -0.835161 0.494570 -0.105353 -0.991838 -0.071818 -0.594400 0.673504 -0.439411 -0.886478 0.408992 0.216526 0.801163 0.448792 -0.395883 0.951949 -0.075701 -0.296753 
-0.240635 -0.835150 0.494589 -0.105352 -0.991840 -0.071798 -0.594407 0.673494 -0.439415 -0.886476 0.408995 0.216524 0.801163 0.448785 -0.395892 0.951947 -0.075704 -0.296760 
-0.240630 -0.835141 0.494607 -0.105350 -0.991841 -0.071780 -0.594411 0.673487 -0.439421 -0.886475 0.408998 0.216523 0.801163 0.448777 -0.395901 0.951944 -0.075707 -0.296767 
-0.240604 -0.835101 0.494688 -0.105338 -0.991847 -0.071725 -0.594425 0.673485 -0.439406 -0.886472 0.409007 0.216520 0.801143 0.448778 -0.395940 0.951933 -0.075703 -0.296804 
-0.240594 -0.835080 0.494727 -0.105335 -0.991850 -0.071682 -0.594438 0.673467 -0.439415 -0.886469 0.409015 0.216517 0.801138 0.448767 -0.395961 0.951928 -0.075711 -0.296818 
-0.240580 -0.835048 0.494790 -0.105332 -0.991855 -0.071613 -0.594439 0.673503 -0.439359 -0.886467 0.409018 0.216520 0.801129 0.448745 -0.396006 0.951917 -0.075715 -0.296853 
-0.240512 -0.834902 0.495068 -0.105329 -0.991863 -0.071511 -0.594480 0.673525 -0.439269 -0.886462 0.409031 0.216515 0.801087 0.448735 -0.396102 0.951883 -0.075717 -0.296960 
-0.240448 -0.834759 0.495341 -0.105296 -0.991881 -0.071306 -0.594497 0.673527 -0.439244 -0.886455 0.409051 0.216508 0.801066 0.448688 -0.396198 0.951846 -0.075713 -0.297081 
-0.240379 -0.834616 0.495614 -0.105288 -0.991895 -0.071120 -0.594526 0.673541 -0.439183 -0.886447 0.409073 0.216499 0.801031 0.448643 -0.396320 0.951811 -0.075733 -0.297188 
-0.240318 -0.834477 0.495879 -0.105266 -0.991914 -0.070887 -0.594538 0.673594 -0.439084 -0.886439 0.409090 0.216498 0.801009 0.448573 -0.396443 0.951771 -0.075739 -0.297313 
-0.240236 -0.834305 0.496207 -0.105253 -0.991931 -0.070676 -0.594582 0.673556 -0.439084 -0.886429 0.409123 0.216478 0.800967 0.448526 -0.396580 0.951733 -0.075767 -0.297430 
-0.240188 -0.834191 0.496422 -0.105239 -0.991947 -0.070473 -0.594590 0.673623 -0.438970 -0.886422 0.409136 0.216480 0.800943 0.448467 -0.396696 0.951699 -0.075776 -0.297534 
-0.240154 -0.834110 0.496575 -0.105234 -0.991959 -0.070307 -0.594620 0.673556 -0.439032 -0.886412 0.409169 0.216461 0.800918 0.448420 -0.396799 0.951682 -0.075814 -0.297579 
-0.240048 -0.833948 0.496898 -0.105238 -0.991967 -0.070186 -0.594659 0.673637 -0.438854 -0.886411 0.409171 0.216459 0.800872 0.448400 -0.396916 0.951642 -0.075818 -0.297707 
-0.239937 -0.833779 0.497235 -0.105182 -0.991988 -0.069972 -0.594711 0.673615 -0.438818 -0.886404 0.409192 0.216449 0.800829 0.448389 -0.397015 0.951596 -0.075794 -0.297861 
-0.239832 -0.833607 0.497573 -0.105136 -0.992007 -0.069781 -0.594758 0.673590 -0.438794 -0.886398 0.409208 0.216443 0.800784 0.448389 -0.397105 0.951551 -0.075776 -0.298009 
-0.239736 -0.833484 0.497826 -0.105111 -0.992019 -0.069638 -0.594813 0.673576 -0.438741 -0.886394 0.409223 0.216433 0.800738 0.448384 -0.397203 0.951518 -0.075774 -0.298113 
-0.239668 -0.833404 0.497994 -0.105088 -0.992031 -0.069500 -0.594860 0.673568 -0.438688 -0.886387 0.409241 0.216424 0.800694 0.448379 -0.397298 0.951495 -0.075777 -0.298188 
-0.239493 -0.833110 0.498569 -0.105093 -0.992037 -0.069419 -0.594939 0.673847 -0.438152 -0.886395 0.409213 0.216444 0.800592 0.448350 -0.397536 0.951419 -0.075726 -0.298442 
-0.239396 -0.832970 0.498850 -0.105024 -0.992060 -0.069185 -0.594993 0.673792 -0.438165 -0.886385 0.409240 0.216434 0.800550 0.448336 -0.397636 0.951377 -0.075702 -0.298580 
-0.239292 -0.832818 0.499153 -0.105023 -0.992068 -0.069071 -0.595048 0.673923 -0.437887 -0.886388 0.409231 0.216439 0.800483 0.448346 -0.397760 0.951336 -0.075689 -0.298715 
-0.239253 -0.832746 0.499292 -0.105006 -0.992080 -0.068930 -0.595081 0.673868 -0.437927 -0.886381 0.409255 0.216425 0.800457 0.448319 -0.397841 0.951319 -0.075707 -0.298765 
-0.239191 -0.832655 0.499473 -0.105002 -0.992088 -0.068815 -0.595116 0.673949 -0.437756 -0.886379 0.409260 0.216424 0.800415 0.448279 -0.397973 0.951293 -0.075708 -0.298847 
-0.239171 -0.832602 0.499572 -0.105001 -0.992096 -0.068704 -0.595122 0.673994 -0.437678 -0.886375 0.409267 0.216424 0.800394 0.448248 -0.398050 0.951277 -0.075720 -0.298895 
-0.239108 -0.832515 0.499747 -0.104996 -0.992102 -0.068626 -0.595153 0.674094 -0.437481 -0.886376 0.409263 0.216427 0.800355 0.448221 -0.398158 0.951252 -0.075708 -0.298978 
-0.239053 -0.832447 0.499886 -0.104992 -0.992108 -0.068545 -0.595168 0.674239 -0.437237 -0.886376 0.409261 0.216433 0.800318 0.448161 -0.398300 0.951228 -0.075698 -0.299056 
-0.238970 -0.832287 0.500191 -0.105007 -0.992108 -0.068519 -0.595241 0.674543 -0.436670 -0.886362 0.409274 0.216465 0.800207 0.448071 -0.398624 0.951175 -0.075668 -0.299234 
-0.238801 -0.832082 0.500613 -0.104941 -0.992125 -0.068383 -0.595335 0.674712 -0.436281 -0.886366 0.409257 0.216482 0.800098 0.448064 -0.398851 0.951110 -0.075576 -0.299462 
-0.238708 -0.832003 0.500788 -0.104865 -0.992146 -0.068191 -0.595361 0.674807 -0.436097 -0.886365 0.409259 0.216483 0.800059 0.448028 -0.398969 0.951076 -0.075514 -0.299588 
-0.238574 -0.831711 0.501337 -0.104933 -0.992135 -0.068246 -0.595430 0.675449 -0.435007 -0.886383 0.409186 0.216545 0.799911 0.447946 -0.399358 0.950994 -0.075437 -0.299866 
-0.238449 -0.831620 0.501548 -0.104833 -0.992159 -0.068048 -0.595503 0.675422 -0.434949 -0.886384 0.409188 0.216539 0.799848 0.447982 -0.399444 0.950958 -0.075357 -0.300000 
-0.238381 -0.831477 0.501817 -0.104847 -0.992161 -0.068004 -0.595513 0.675562 -0.434718 -0.886383 0.409192 0.216533 0.799822 0.447939 -0.399543 0.950925 -0.075349 -0.300107 
-0.238222 -0.831213 0.502330 -0.104878 -0.992155 -0.068037 -0.595577 0.675924 -0.434068 -0.886397 0.409145 0.216566 0.799705 0.447880 -0.399845 0.950858 -0.075295 -0.300333 
-0.238090 -0.831070 0.502628 -0.104800 -0.992174 -0.067877 -0.595654 0.676044 -0.433776 -0.886395 0.409143 0.216576 0.799619 0.447849 -0.400050 0.950807 -0.075214 -0.300514 
-0.237997 -0.830948 0.502874 -0.104775 -0.992187 -0.067727 -0.595779 0.676272 -0.433248 -0.886391 0.409142 0.216594 0.799469 0.447786 -0.400421 0.950762 -0.075174 -0.300668 
-0.237904 -0.830826 0.503120 -0.104749 -0.992202 -0.067549 -0.595884 0.676520 -0.432716 -0.886390 0.409134 0.216614 0.799333 0.447735 -0.400749 0.950715 -0.075133 -0.300826 
-0.237781 -0.830529 0.503669 -0.104753 -0.992206 -0.067480 -0.595963 0.677349 -0.431308 -0.886404 0.409066 0.216685 0.799136 0.447562 -0.401334 0.950616 -0.074991 -0.301175 
-0.237633 -0.830343 0.504044 -0.104686 -0.992225 -0.067309 -0.596013 0.677926 -0.430331 -0.886415 0.409017 0.216733 0.799001 0.447416 -0.401767 0.950538 -0.074843 -0.301456 
-0.237574 -0.830234 0.504252 -0.104666 -0.992235 -0.067193 -0.595988 0.678442 -0.429551 -0.886427 0.408970 0.216774 0.798930 0.447249 -0.402094 0.950489 -0.074745 -0.301635 
-0.237556 -0.830177 0.504354 -0.104674 -0.992237 -0.067143 -0.595938 0.678930 -0.428850 -0.886438 0.408924 0.216813 0.798890 0.447049 -0.402396 0.950458 -0.074673 -0.301752 
-0.237522 -0.830082 0.504526 -0.104694 -0.992235 -0.067155 -0.595869 0.679535 -0.427986 -0.886468 0.408834 0.216863 0.798841 0.446855 -0.402708 0.950420 -0.074553 -0.301901 
-0.237426 -0.829867 0.504926 -0.104701 -0.992231 -0.067191 -0.595802 0.680255 -0.426934 -0.886527 0.408670 0.216929 0.798786 0.446690 -0.403000 0.950356 -0.074332 -0.302156 
-0.237337 -0.829719 0.505210 -0.104676 -0.992237 -0.067141 -0.595712 0.680841 -0.426125 -0.886578 0.408533 0.216979 0.798765 0.446526 -0.403223 0.950305 -0.074130 -0.302365 
-0.237208 -0.829462 0.505692 -0.104653 -0.992239 -0.067151 -0.595674 0.681488 -0.425143 -0.886635 0.408388 0.217020 0.798696 0.446403 -0.403496 0.950236 -0.073900 -0.302639 
-0.237093 -0.829265 0.506069 -0.104630 -0.992243 -0.067128 -0.595671 0.681920 -0.424454 -0.886671 0.408303 0.217032 0.798621 0.446301 -0.403756 0.950185 -0.073745 -0.302838 
-0.236989 -0.829040 0.506487 -0.104658 -0.992234 -0.067223 -0.595779 0.682192 -0.423865 -0.886690 0.408273 0.217012 0.798469 0.446239 -0.404126 0.950145 -0.073678 -0.302980 
-0.236895 -0.828799 0.506925 -0.104652 -0.992228 -0.067315 -0.595922 0.682332 -0.423438 -0.886700 0.408265 0.216985 0.798316 0.446204 -0.404467 0.950103 -0.073609 -0.303127 
-0.236816 -0.828695 0.507132 -0.104600 -0.992239 -0.067241 -0.596005 0.682375 -0.423252 -0.886696 0.408291 0.216953 0.798215 0.446129 -0.404749 0.950079 -0.073561 -0.303215 
-0.236801 -0.828643 0.507223 -0.104612 -0.992237 -0.067244 -0.596059 0.682445 -0.423064 -0.886691 0.408314 0.216929 0.798139 0.446039 -0.404998 0.950073 -0.073568 -0.303232 
-0.236742 -0.828463 0.507546 -0.104625 -0.992230 -0.067322 -0.596198 0.682523 -0.422742 -0.886690 0.408336 0.216892 0.797984 0.445979 -0.405369 0.950046 -0.073536 -0.303323 
-0.236726 -0.828435 0.507598 -0.104623 -0.992231 -0.067319 -0.596226 0.682562 -0.422639 -0.886684 0.408357 0.216879 0.797939 0.445893 -0.405552 0.950041 -0.073539 -0.303338 
-0.236696 -0.828339 0.507770 -0.104616 -0.992233 -0.067305 -0.596262 0.682654 -0.422439 -0.886676 0.408389 0.216849 0.797871 0.445756 -0.405837 0.950024 -0.073524 -0.303394 
-0.236656 -0.828226 0.507973 -0.104623 -0.992232 -0.067295 -0.596280 0.682766 -0.422234 -0.886671 0.408409 0.216834 0.797814 0.445611 -0.406108 0.950002 -0.073518 -0.303464 
-0.236630 -0.828177 0.508064 -0.104613 -0.992236 -0.067255 -0.596315 0.682773 -0.422173 -0.886662 0.408438 0.216815 0.797763 0.445526 -0.406303 0.949993 -0.073525 -0.303491 
-0.236599 -0.828034 0.508312 -0.104630 -0.992234 -0.067268 -0.596383 0.682861 -0.421935 -0.886658 0.408468 0.216777 0.797667 0.445375 -0.406655 0.949974 -0.073521 -0.303552 
-0.236576 -0.827989 0.508395 -0.104617 -0.992240 -0.067199 -0.596415 0.682860 -0.421890 -0.886648 0.408500 0.216754 0.797614 0.445289 -0.406853 0.949966 -0.073531 -0.303575 
-0.236534 -0.827876 0.508600 -0.104629 -0.992239 -0.067193 -0.596470 0.682910 -0.421732 -0.886645 0.408523 0.216725 0.797539 0.445175 -0.407124 0.949949 -0.073538 -0.303626 
-0.236488 -0.827749 0.508828 -0.104662 -0.992232 -0.067247 -0.596501 0.683012 -0.421522 -0.886651 0.408523 0.216699 0.797473 0.445045 -0.407397 0.949935 -0.073536 -0.303672 
-0.236382 -0.827400 0.509443 -0.104679 -0.992227 -0.067294 -0.596656 0.683128 -0.421115 -0.886665 0.408528 0.216634 0.797306 0.444995 -0.407777 0.949884 -0.073481 -0.303844 
-0.236175 -0.826996 0.510195 -0.104654 -0.992223 -0.067385 -0.596825 0.683335 -0.420539 -0.886701 0.408495 0.216551 0.797096 0.444890 -0.408303 0.949823 -0.073337 -0.304070 
-0.236106 -0.826950 0.510302 -0.104581 -0.992238 -0.067276 -0.596898 0.683341 -0.420427 -0.886698 0.408518 0.216515 0.797007 0.444853 -0.408517 0.949808 -0.073279 -0.304129 
-0.236019 -0.826733 0.510693 -0.104592 -0.992232 -0.067356 -0.597015 0.683480 -0.420033 -0.886718 0.408513 0.216446 0.796859 0.444741 -0.408927 0.949786 -0.073218 -0.304214 
-0.235979 -0.826628 0.510881 -0.104603 -0.992229 -0.067381 -0.597110 0.683495 -0.419874 -0.886715 0.408537 0.216411 0.796750 0.444676 -0.409210 0.949774 -0.073221 -0.304250 
-0.235932 -0.826539 0.511047 -0.104599 -0.992229 -0.067385 -0.597175 0.683511 -0.419756 -0.886711 0.408563 0.216378 0.796670 0.444562 -0.409489 0.949762 -0.073216 -0.304287 
-0.235924 -0.826473 0.511158 -0.104599 -0.992229 -0.067380 -0.597219 0.683521 -0.419677 -0.886706 0.408586 0.216356 0.796612 0.444503 -0.409667 0.949755 -0.073233 -0.304306 
-0.235904 -0.826433 0.511232 -0.104592 -0.992233 -0.067332 -0.597271 0.683509 -0.419622 -0.886698 0.408618 0.216328 0.796552 0.444421 -0.409871 0.949751 -0.073245 -0.304317 
-0.235810 -0.826200 0.511651 -0.104599 -0.992227 -0.067406 -0.597300 0.683656 -0.419342 -0.886711 0.408617 0.216276 0.796460 0.444188 -0.410304 0.949721 -0.073199 -0.304421 
-0.235772 -0.826146 0.511757 -0.104572 -0.992234 -0.067347 -0.597349 0.683663 -0.419259 -0.886708 0.408640 0.216246 0.796400 0.444123 -0.410490 0.949711 -0.073181 -0.304456 
-0.235704 -0.825953 0.512099 -0.104572 -0.992229 -0.067426 -0.597455 0.683752 -0.418963 -0.886717 0.408645 0.216199 0.796266 0.444019 -0.410862 0.949688 -0.073149 -0.304535 
-0.235675 -0.825918 0.512169 -0.104553 -0.992233 -0.067404 -0.597513 0.683744 -0.418894 -0.886714 0.408664 0.216176 0.796207 0.443982 -0.411017 0.949683 -0.073137 -0.304555 
-0.235666 -0.825860 0.512267 -0.104543 -0.992234 -0.067402 -0.597564 0.683764 -0.418790 -0.886709 0.408687 0.216152 0.796143 0.443920 -0.411207 0.949676 -0.073144 -0.304573 
-0.235638 -0.825792 0.512389 -0.104546 -0.992232 -0.067428 -0.597633 0.683793 -0.418644 -0.886710 0.408703 0.216120 0.796060 0.443847 -0.411447 0.949671 -0.073133 -0.304592 
-0.235631 -0.825745 0.512468 -0.104528 -0.992234 -0.067427 -0.597674 0.683815 -0.418548 -0.886706 0.408721 0.216099 0.796002 0.443782 -0.411629 0.949666 -0.073133 -0.304608 
-0.235628 -0.825739 0.512479 -0.104525 -0.992235 -0.067412 -0.597686 0.683838 -0.418493 -0.886701 0.408741 0.216083 0.795975 0.443691 -0.411780 0.949667 -0.073139 -0.304604 
-0.235589 -0.825662 0.512622 -0.104529 -0.992233 -0.067434 -0.597709 0.683904 -0.418353 -0.886704 0.408749 0.216057 0.795916 0.443561 -0.412034 0.949658 -0.073126 -0.304634 
