-0.006612 -0.088320 0.004552 0.135921 -0.110677 0.003923 0.070796 -0.231397 0.004632 0.182797 -0.192446 0.003955 
-0.006422 -0.087965 0.004593 0.136093 -0.110773 0.004021 0.070971 -0.231494 0.004668 0.182998 -0.192092 0.004050 
-0.006206 -0.087561 0.004625 0.135900 -0.110670 0.004108 0.070779 -0.231393 0.004698 0.183221 -0.191697 0.004132 
-0.006734 -0.088332 0.004758 0.134070 -0.109748 0.003907 0.069007 -0.230515 0.004711 0.182712 -0.192393 0.003849 
-0.006254 -0.087435 0.004763 0.133998 -0.109712 0.004004 0.068940 -0.230482 0.004731 0.183212 -0.191508 0.003950 
-0.005590 -0.086197 0.004767 0.134122 -0.109782 0.004092 0.069072 -0.230556 0.004751 0.183905 -0.190282 0.004040 
-0.004687 -0.084517 0.004772 0.134328 -0.109896 0.004171 0.069288 -0.230674 0.004771 0.184848 -0.188618 0.004120 
-0.003487 -0.082330 0.004764 0.134587 -0.110075 0.004236 0.069479 -0.230814 0.004809 0.186027 -0.186582 0.004200 
-0.002573 -0.081107 0.004381 0.136097 -0.111092 0.004124 0.070997 -0.231823 0.004985 0.186987 -0.185356 0.004378 
-0.001347 -0.078833 0.004508 0.135869 -0.110958 0.004199 0.070783 -0.231696 0.005320 0.188260 -0.183115 0.004511 
-0.000658 -0.077555 0.004736 0.135528 -0.110747 0.004268 0.070451 -0.231484 0.006050 0.188973 -0.181860 0.004747 
0.000970 -0.074526 0.004829 0.135199 -0.110541 0.004333 0.070123 -0.231277 0.006415 0.190647 -0.178905 0.004840 
0.003518 -0.069804 0.004793 0.134755 -0.110301 0.004388 0.069707 -0.231056 0.006423 0.193293 -0.174250 0.004805 
0.005901 -0.065384 0.004767 0.134274 -0.110039 0.004436 0.069251 -0.230811 0.006478 0.195769 -0.169895 0.004780 
0.007575 -0.062281 0.004794 0.133955 -0.109854 0.004478 0.068953 -0.230635 0.006791 0.197508 -0.166837 0.004809 
0.007005 -0.063242 0.005004 0.133977 -0.109704 0.004496 0.069143 -0.230550 0.007866 0.197057 -0.167531 0.004991 
0.002252 -0.070506 0.005651 0.135623 -0.108790 0.004540 0.072712 -0.230563 0.009894 0.193805 -0.171627 0.005649 
-0.000678 -0.076137 0.006384 0.137445 -0.109642 0.004578 0.074564 -0.231324 0.011729 0.190788 -0.177116 0.006401 
-0.002364 -0.078947 0.007002 0.139622 -0.110256 0.004609 0.076086 -0.231503 0.012990 0.188479 -0.180886 0.007021 
-0.000465 -0.074649 0.006821 0.141472 -0.110461 0.004636 0.076789 -0.231099 0.012862 0.189459 -0.178414 0.006845 
0.001517 -0.070773 0.006579 0.142267 -0.110658 0.004658 0.077179 -0.231084 0.012716 0.191157 -0.175227 0.006610 
0.002940 -0.068143 0.006458 0.142270 -0.110654 0.004682 0.077202 -0.231081 0.012883 0.192637 -0.172630 0.006490 
0.003969 -0.066241 0.006441 0.141756 -0.110356 0.004704 0.076710 -0.230767 0.013355 0.193701 -0.170763 0.006476 
0.004279 -0.065570 0.006568 0.140954 -0.109812 0.004725 0.076020 -0.230230 0.014168 0.194089 -0.169983 0.006612 
0.278273 0.125767 0.004353 0.077189 -0.229934 0.016658 -0.003461 -0.073076 0.008045 0.050650 0.001444 0.004877 0.247777 -0.181626 0.019345 0.224248 -0.164226 0.014333 
0.279238 0.127411 0.005271 0.059888 -0.226157 0.019892 -0.021286 -0.074740 0.013651 0.039481 0.004993 0.008666 0.254369 -0.181257 0.021329 0.217610 -0.162737 0.016113 
0.283330 0.125727 0.006223 0.042625 -0.225710 0.022819 -0.034913 -0.075470 0.018292 0.030336 0.005879 0.012009 0.256200 -0.180256 0.022529 0.212308 -0.161382 0.017516 
0.281177 0.126606 0.005755 0.038751 -0.225378 0.023437 -0.037087 -0.075500 0.019338 0.028201 0.005338 0.012803 0.254956 -0.180208 0.021109 0.208322 -0.163810 0.017096 
0.277240 0.128179 0.004923 0.037833 -0.224416 0.023387 -0.036984 -0.074907 0.019719 0.026643 0.004195 0.013208 0.252777 -0.180882 0.018874 0.203641 -0.167606 0.016141 
0.277008 0.128079 0.004764 0.038377 -0.224502 0.022946 -0.037080 -0.074835 0.019649 0.025157 0.002966 0.013294 0.251629 -0.181423 0.017650 0.200972 -0.169777 0.015625 
0.278147 0.127524 0.004784 0.039393 -0.225119 0.022172 -0.037010 -0.074635 0.019323 0.023097 0.001046 0.013316 0.250720 -0.181935 0.016582 0.198934 -0.171526 0.015080 
0.279706 0.126871 0.004807 0.040904 -0.225915 0.020988 -0.036506 -0.073446 0.018580 0.020847 -0.000877 0.013131 0.249189 -0.182017 0.015105 0.196391 -0.173363 0.014296 
0.281788 0.126113 0.004837 0.042988 -0.226879 0.019499 -0.035761 -0.071614 0.017455 0.018566 -0.002593 0.012675 0.246721 -0.181738 0.013356 0.193289 -0.175211 0.013364 
0.284436 0.125155 0.004858 0.045332 -0.227806 0.017871 -0.034945 -0.069462 0.016100 0.016147 -0.004192 0.012000 0.243139 -0.181195 0.011447 0.189559 -0.177076 0.012367 
0.288107 0.125094 0.004935 0.047733 -0.228584 0.016178 -0.034009 -0.066925 0.014564 0.013709 -0.005502 0.011147 0.239203 -0.178748 0.008763 0.184763 -0.179158 0.011240 
0.290669 0.125715 0.005257 0.050153 -0.229211 0.014539 -0.033132 -0.064354 0.012920 0.012699 -0.005422 0.010137 0.235034 -0.177118 0.006278 0.179694 -0.181569 0.010202 
0.292800 0.126120 0.005853 0.052066 -0.229382 0.012884 -0.031921 -0.061069 0.011249 0.012458 -0.004567 0.009108 0.230480 -0.177485 0.004725 0.175369 -0.183300 0.009300 
0.295158 0.126319 0.007191 0.052927 -0.228968 0.011395 -0.030783 -0.058033 0.009921 0.013245 -0.002934 0.008400 0.227254 -0.177739 0.003575 0.171981 -0.184601 0.008596 
0.296740 0.126897 0.008954 0.052646 -0.227795 0.009976 -0.029488 -0.054797 0.008901 0.014230 -0.001081 0.008015 0.224218 -0.176772 0.002133 0.168346 -0.185839 0.007839 
0.297924 0.127622 0.010970 0.051749 -0.226107 0.008531 -0.027920 -0.051161 0.007992 0.015411 0.001010 0.007763 0.220652 -0.175184 0.000588 0.164477 -0.186875 0.007007 
0.299449 0.128333 0.013112 0.050702 -0.224172 0.007030 -0.026094 -0.047173 0.007067 0.016841 0.003325 0.007495 0.216981 -0.173304 -0.001035 0.160405 -0.187843 0.006111 
0.301491 0.128948 0.015323 0.049497 -0.221991 0.005498 -0.024078 -0.042999 0.006168 0.018315 0.005619 0.007219 0.213461 -0.171261 -0.002733 0.156134 -0.188837 0.005156 
0.303157 0.129379 0.017398 0.050335 -0.221745 0.005015 -0.025918 -0.045479 0.005074 0.020225 0.007239 0.006521 0.209748 -0.169542 -0.004329 0.150734 -0.192418 0.004993 
0.303142 0.129509 0.018824 0.046553 -0.218895 0.004470 -0.030843 -0.051725 0.004900 0.018352 0.005700 0.006255 0.206501 -0.169203 -0.005641 0.146598 -0.195532 0.004468 
0.301197 0.130164 0.020381 0.043371 -0.216406 0.003911 -0.033333 -0.054914 0.005046 0.015414 0.003158 0.006456 0.203365 -0.168776 -0.006873 0.142569 -0.198584 0.003929 
0.297344 0.131175 0.022053 0.043433 -0.216413 0.003734 -0.035442 -0.057823 0.004682 0.013542 0.001430 0.006271 0.199468 -0.168199 -0.007834 0.137633 -0.202313 0.003923 
0.293670 0.131985 0.023695 0.040017 -0.213679 0.003038 -0.037586 -0.060292 0.004825 0.010791 -0.000746 0.006493 0.196008 -0.167834 -0.008535 0.134908 -0.203827 0.003256 
0.291875 0.132799 0.026273 0.039385 -0.213195 0.003217 -0.041406 -0.065296 0.004796 0.010711 -0.000729 0.006603 0.194637 -0.167246 -0.008283 0.132798 -0.205436 0.003705 
0.292269 0.133947 0.029742 0.038997 -0.212905 0.003373 -0.044264 -0.069040 0.004866 0.012168 0.000667 0.007108 0.195849 -0.166134 -0.007385 0.132771 -0.205416 0.004353 
0.293162 0.135024 0.033481 0.038744 -0.212732 0.003514 -0.045573 -0.070753 0.005132 0.013644 0.002057 0.008040 0.197845 -0.165144 -0.006045 0.133791 -0.204519 0.005110 
0.293675 0.135769 0.037001 0.038518 -0.212589 0.003645 -0.045927 -0.071215 0.005512 0.014657 0.003007 0.009148 0.199466 -0.164460 -0.004630 0.134869 -0.203565 0.005860 
0.294098 0.136099 0.040308 0.038266 -0.212430 0.003765 -0.045880 -0.071150 0.005929 0.015527 0.003797 0.010303 0.200866 -0.164142 -0.003152 0.136027 -0.202597 0.006607 
0.294556 0.136085 0.043452 0.037935 -0.212211 0.003873 -0.045721 -0.070938 0.006345 0.016360 0.004520 0.011441 0.202353 -0.164245 -0.001568 0.137368 -0.201563 0.007377 
0.294989 0.135686 0.046355 0.037566 -0.211931 0.003972 -0.045533 -0.070712 0.006741 0.017041 0.005076 0.012512 0.203805 -0.164780 0.000046 0.138734 -0.200632 0.008146 
0.295496 0.134958 0.049034 0.037061 -0.211578 0.004062 -0.045344 -0.070460 0.007130 0.017626 0.005500 0.013525 0.205160 -0.165643 0.001637 0.140048 -0.199818 0.008898 
0.296008 0.134015 0.051391 0.036472 -0.211159 0.004143 -0.045238 -0.070318 0.007486 0.017954 0.005672 0.014412 0.206169 -0.166617 0.003034 0.141038 -0.199320 0.009568 
0.296397 0.133283 0.053518 0.035762 -0.210646 0.004217 -0.045229 -0.070304 0.007802 0.018012 0.005633 0.015172 0.206764 -0.167241 0.004198 0.141704 -0.198983 0.010153 
0.296406 0.132932 0.055396 0.034984 -0.210079 0.004284 -0.045260 -0.070343 0.008090 0.017712 0.005320 0.015806 0.206940 -0.167496 0.005080 0.141941 -0.198867 0.010622 
0.296284 0.132541 0.057100 0.034200 -0.209507 0.004344 -0.045302 -0.070395 0.008362 0.017299 0.004910 0.016375 0.206889 -0.167780 0.005860 0.142028 -0.198859 0.011036 
0.296129 0.132102 0.058679 0.033431 -0.208946 0.004399 -0.045352 -0.070458 0.008619 0.016838 0.004459 0.016898 0.206727 -0.168098 0.006575 0.142049 -0.198905 0.011414 
0.295964 0.131663 0.060175 0.032696 -0.208409 0.004448 -0.045406 -0.070527 0.008864 0.016376 0.004008 0.017390 0.206539 -0.168419 0.007244 0.142042 -0.198972 0.011767 
0.296793 0.130376 0.058131 0.021644 -0.209295 0.019201 -0.070750 -0.100913 0.021678 -0.010569 -0.017350 0.023729 0.205357 -0.168162 0.004373 0.109686 -0.228923 0.019807 
0.297345 0.130255 0.048659 0.019699 -0.224209 0.039194 -0.076652 -0.116916 0.039364 -0.053030 -0.067993 0.037321 0.201181 -0.166243 -0.006264 0.062605 -0.283234 0.040433 
0.013763 -0.234374 0.051104 0.296580 0.134079 0.033260 0.198428 -0.163434 -0.023347 0.028234 -0.324399 0.059892 -0.060772 -0.105141 0.050800 -0.088156 -0.129346 0.058194 
0.315320 0.121661 0.024981 0.010895 -0.044434 -0.023107 -0.135150 -0.215492 0.083764 0.021133 -0.275871 0.083204 0.062735 -0.313270 0.086925 -0.004333 -0.398406 0.149916 0.179234 -0.188367 -0.022852 
0.008966 -0.278689 0.120258 0.311715 0.126506 0.024433 0.003645 -0.055429 -0.023851 -0.164226 -0.253154 0.137827 -0.004120 -0.388253 0.150450 0.173542 -0.197973 -0.023114 -0.006472 -0.411233 0.170061 
0.305719 0.133721 0.023199 -0.007576 -0.265258 0.141414 -0.181044 -0.268763 0.177138 -0.133603 -0.212244 0.122775 0.166996 -0.209677 -0.024178 -0.019843 -0.405435 0.184377 -0.025616 -0.416881 0.198902 
0.304039 0.136291 0.024609 -0.024847 -0.239156 0.114354 -0.184820 -0.262125 0.153629 -0.138420 -0.185340 0.098072 0.164683 -0.215471 -0.025496 -0.023864 -0.389393 0.146252 
0.296254 0.144962 0.024549 -0.041061 -0.222777 0.072994 -0.195831 -0.261227 0.114950 -0.120191 -0.140222 0.045671 0.161650 -0.225466 -0.028258 -0.005232 -0.348659 0.079299 
0.293310 0.147498 0.025692 -0.038299 -0.222263 0.043900 -0.202311 -0.256512 0.082283 -0.102923 -0.108765 0.012206 0.156791 -0.232281 -0.032084 0.006681 -0.323744 0.043611 
0.294347 0.145256 0.029741 -0.030326 -0.229093 0.037241 -0.203805 -0.252152 0.068916 -0.103542 -0.111380 0.004116 0.144966 -0.221937 -0.039391 0.000683 -0.329004 0.040074 
0.283347 0.152829 0.035604 -0.025764 -0.233350 0.031032 -0.204661 -0.249312 0.055463 -0.103479 -0.118380 -0.003925 0.128209 -0.206688 -0.046733 -0.002162 -0.335206 0.035618 
-0.030468 -0.230786 0.026531 0.264984 0.167823 0.042882 -0.061412 -0.051023 -0.045557 -0.163403 -0.201169 0.028607 -0.042631 -0.384982 0.046905 0.056891 -0.277651 -0.005895 
-0.033470 -0.229425 0.021453 0.245902 0.180064 0.049994 -0.075409 -0.042540 -0.048201 -0.167594 -0.212276 0.021824 -0.043592 -0.386388 0.037067 0.056010 -0.289200 -0.008284 
0.228412 0.184490 0.057160 -0.035588 -0.228666 0.016109 -0.045025 -0.388116 0.026776 0.053508 -0.300653 -0.011350 -0.087648 -0.040778 -0.049481 -0.171112 -0.221616 0.014103 
0.220627 0.178653 0.068427 -0.037207 -0.228064 0.010528 -0.046376 -0.389736 0.015955 0.051854 -0.303475 -0.016554 -0.091696 -0.046628 -0.048696 -0.172325 -0.223472 0.005325 
0.225151 0.165774 0.086755 -0.039003 -0.227501 0.005048 -0.047174 -0.392195 0.005240 0.053652 -0.292431 -0.023457 -0.082787 -0.056603 -0.046099 -0.169793 -0.215803 -0.003270 
-0.049138 -0.397330 0.000622 -0.043270 -0.226039 0.004965 0.237056 0.150506 0.111990 0.055733 -0.275106 -0.024906 -0.065654 -0.066860 -0.040990 -0.168626 -0.208135 -0.005113 
0.246609 0.140283 0.142250 -0.048934 -0.221451 0.004321 -0.214137 -0.265823 -0.005189 -0.103349 -0.117610 -0.019115 0.127109 -0.207620 -0.031976 0.002056 -0.332668 -0.009024 
0.250382 0.134212 0.172952 -0.052759 -0.218613 0.004428 -0.214339 -0.266398 -0.011176 -0.096881 -0.107563 -0.013603 0.139902 -0.208194 -0.017931 0.009999 -0.322038 -0.009204 
0.248977 0.125778 0.197547 -0.057669 -0.214718 0.004466 -0.213691 -0.266285 -0.017762 -0.096742 -0.105432 -0.010144 0.145547 -0.210055 -0.008329 0.012848 -0.318115 -0.010344 
0.243363 0.115836 0.217184 -0.062831 -0.210965 0.004544 -0.212879 -0.265375 -0.024712 -0.101244 -0.109271 -0.009379 0.145815 -0.212719 -0.003008 0.010818 -0.319797 -0.013424 
0.235953 0.105531 0.236473 -0.069178 -0.206333 0.004492 -0.211813 -0.264030 -0.032001 -0.107015 -0.114586 -0.009792 0.145074 -0.214982 0.001302 0.008245 -0.322037 -0.017710 
0.227193 0.093641 0.256663 -0.074827 -0.202340 0.004579 -0.210483 -0.262299 -0.039684 -0.112441 -0.119659 -0.010633 0.143731 -0.217590 0.006000 0.005632 -0.324352 -0.022240 
0.217932 0.079581 0.277498 -0.082873 -0.195546 0.004830 -0.207853 -0.261824 -0.048003 -0.120664 -0.124037 -0.012543 0.145026 -0.226262 0.013098 0.006398 -0.322073 -0.025934 
0.205116 0.067941 0.301037 -0.089618 -0.189565 0.005673 -0.205777 -0.264922 -0.057494 -0.127804 -0.125747 -0.014799 0.146829 -0.236372 0.022579 0.008879 -0.317954 -0.027080 
0.187175 0.058931 0.327537 -0.092422 -0.187223 0.006940 -0.204604 -0.269314 -0.068034 -0.130452 -0.125796 -0.016432 0.146273 -0.244402 0.033830 0.011198 -0.315201 -0.025525 
0.161435 0.052529 0.353896 -0.093655 -0.188614 0.008982 -0.202511 -0.278435 -0.079107 -0.130737 -0.127552 -0.018030 0.142559 -0.251845 0.047141 0.013369 -0.316263 -0.020910 
0.014634 -0.328050 -0.013044 -0.095832 -0.197427 0.011990 0.125264 0.050359 0.377652 0.138077 -0.262605 0.064409 -0.131529 -0.140378 -0.023112 -0.197339 -0.298838 -0.089160 
-0.091893 -0.213377 0.018251 0.076075 0.053440 0.398427 -0.123619 -0.161828 -0.027605 -0.185698 -0.323845 -0.096806 0.017039 -0.351953 -0.001825 0.129830 -0.268044 0.084296 
-0.136631 -0.240610 -0.035691 -0.090046 -0.224099 0.030450 0.016516 0.056247 0.419883 0.117808 -0.263970 0.109063 -0.008604 -0.450231 -0.028200 0.046836 -0.303195 0.032077 
-0.130036 -0.249724 -0.028199 -0.094340 -0.232477 0.042252 -0.044124 0.045958 0.444354 0.103346 -0.268523 0.144923 -0.001785 -0.456926 -0.008628 0.045049 -0.316927 0.059303 
-0.124712 -0.262669 -0.013471 -0.099613 -0.252978 0.048494 -0.099848 0.022154 0.464542 0.084294 -0.305710 0.205232 0.002056 -0.480151 0.026735 0.032965 -0.293218 0.117055 
-0.124221 -0.285385 0.004672 -0.109752 -0.272935 0.060541 -0.160515 0.025127 0.463921 0.051948 -0.325001 0.263768 -0.003845 -0.503004 0.080387 0.009555 -0.285251 0.170067 
-0.125220 -0.307250 0.037329 -0.124058 -0.272891 0.101996 -0.218217 0.065469 0.448963 0.023378 -0.298607 0.302900 -0.018552 -0.501751 0.148054 -0.004080 -0.327225 0.196653 
-0.123214 -0.321190 0.091674 -0.130729 -0.277639 0.158925 -0.267294 0.099814 0.445264 -0.003483 -0.272946 0.349022 -0.037096 -0.505179 0.218449 -0.016004 -0.373233 0.266670 
-0.058972 -0.502930 0.281801 -0.130024 -0.320869 0.144537 -0.141598 -0.278792 0.212929 -0.040494 -0.375357 0.333031 -0.093865 -0.177314 0.205776 -0.233149 0.013583 0.399948 
-0.082187 -0.494064 0.333144 -0.111708 -0.176427 0.257953 -0.127838 -0.242745 0.477111 -0.145095 -0.310359 0.186972 -0.158342 -0.274195 0.253829 
-0.134761 -0.171798 0.307459 -0.106517 -0.482375 0.377743 -0.160798 -0.232613 0.511400 -0.375701 0.110932 0.537550 -0.125401 -0.361552 0.426913 
-0.916870 -0.241628 0.253416 -0.133072 -0.470552 0.419441 -0.161777 -0.162003 0.349194 -1.091400 -0.536096 0.411784 -0.714167 -0.395043 0.322813 -0.233523 -0.139311 0.376993 -0.168154 -0.248081 0.246504 
-0.934941 -0.232802 0.242536 -0.189643 -0.237357 0.283100 -0.191575 -0.148402 0.383210 -1.105860 -0.506749 0.404531 -0.733808 -0.381887 0.325748 -0.179569 -0.384585 0.260182 -0.222062 -0.255683 0.362178 
-0.948740 -0.226287 0.226734 -0.212679 -0.228339 0.318337 -0.222405 -0.136885 0.415045 -1.111911 -0.475091 0.395079 -0.751554 -0.370609 0.324050 -0.199284 -0.372952 0.295323 -0.247359 -0.249955 0.395817 
-0.961617 -0.221305 0.213236 -0.238064 -0.218054 0.351368 -0.254576 -0.127340 0.445755 -1.119417 -0.445231 0.383423 -0.769413 -0.361458 0.323047 -0.220908 -0.362758 0.329117 -0.274361 -0.244905 0.427630 
-0.978612 -0.218330 0.206408 -0.264705 -0.204344 0.378900 -0.285592 -0.123887 0.475481 -0.792315 -0.353373 0.328102 -0.243076 -0.359146 0.361389 -0.302313 -0.240379 0.455762 
-0.998685 -0.215576 0.196194 -0.288829 -0.197742 0.402021 -0.315028 -0.117517 0.497836 -0.818341 -0.343987 0.332485 -0.267100 -0.355667 0.391440 -0.331956 -0.231955 0.477583 
-1.024912 -0.208833 0.188558 -0.312396 -0.198588 0.427175 -0.344726 -0.107120 0.514645 -0.848842 -0.332338 0.340846 -0.294353 -0.350100 0.421461 -0.364670 -0.221808 0.498689 
-1.072471 -0.211368 0.245119 -0.694758 0.184573 0.583289 -0.340084 -0.198520 0.453535 -0.377366 -0.095243 0.529628 -0.882525 -0.318557 0.350233 -0.325364 -0.342344 0.450766 -0.400867 -0.210463 0.518777 
-1.106661 -0.202676 0.232706 -0.734772 0.200501 0.566590 -0.373235 -0.192386 0.478024 -0.414905 -0.083204 0.545734 -0.917340 -0.304127 0.356374 -0.360196 -0.332511 0.478964 -0.440566 -0.197852 0.537468 
-1.136466 -0.199460 0.215460 -0.396363 -0.322873 0.505387 -0.777528 0.213941 0.551918 -0.480606 -0.186271 0.554602 -0.409729 -0.179813 0.500414 -0.456544 -0.070949 0.563552 -0.950247 -0.292436 0.357417 
-1.161143 -0.203330 0.197634 -0.431736 -0.310429 0.526826 -0.820622 0.224024 0.538429 -0.520805 -0.173664 0.569046 -0.446332 -0.165288 0.518140 -0.497823 -0.057903 0.576377 -0.976290 -0.284729 0.348310 -0.933331 -0.289899 0.090064 
-1.184265 -0.209089 0.180626 -0.465039 -0.294332 0.542874 -0.863321 0.233691 0.522370 -0.481267 -0.147469 0.529217 -0.537746 -0.042533 0.583899 -0.941957 -0.294732 0.089470 -0.559041 -0.157621 0.577630 -1.004020 -0.277912 0.343539 
-1.206222 -0.215483 0.165954 -0.495529 -0.274918 0.554981 -0.902443 0.245344 0.503339 -0.972417 -0.257062 0.278521 -0.511732 -0.133111 0.536749 -0.574108 -0.020771 0.586088 -0.953430 -0.294781 0.089510 
-1.224037 -0.218203 0.159753 -0.989176 -0.251740 0.284463 -0.539339 -0.120689 0.555914 -0.519004 -0.262619 0.571984 -0.602803 -0.006067 0.594802 -0.932547 0.253076 0.495292 -0.967337 -0.288041 0.090402 
-1.238566 -0.221216 0.157817 -1.002579 -0.248771 0.289001 -0.560139 -0.110704 0.566289 -0.536914 -0.253631 0.582772 -0.625762 0.000966 0.602702 -0.957670 0.254717 0.493857 -0.979950 -0.282494 0.091077 
-1.249696 -0.224570 0.157914 -0.548747 -0.247442 0.587950 -0.978597 0.252841 0.496196 -1.012155 -0.247535 0.291925 -0.574211 -0.102616 0.569727 -0.643193 0.004723 0.608265 -0.989958 -0.278564 0.091794 
-1.258364 -0.227800 0.160205 -0.554719 -0.244074 0.588944 -0.993371 0.249326 0.500163 -1.018545 -0.247723 0.294437 -0.582516 -0.097225 0.569824 -0.654048 0.005981 0.611210 -0.998515 -0.275024 0.093223 
-1.264196 -0.230649 0.163826 -0.555559 -0.243899 0.586788 -1.000768 0.245305 0.504637 -1.021781 -0.249196 0.296554 -0.585419 -0.095984 0.568489 -0.658124 0.004912 0.611951 -1.004974 -0.272313 0.094995 
-1.266507 -0.233357 0.168097 -0.552361 -0.247189 0.582799 -1.001579 0.240199 0.510451 -1.021950 -0.251938 0.298187 -0.583535 -0.098829 0.566353 -0.656443 0.000802 0.611801 -1.275221 -0.386456 0.351500 -1.007858 -0.271388 0.096988 
-1.265455 -0.235984 0.173259 -0.545181 -0.253758 0.576682 -0.996330 0.233525 0.518190 -0.576861 -0.105329 0.562760 -0.649238 -0.006573 0.610785 -1.272655 -0.392335 0.353332 -1.007296 -0.272088 0.099227 -0.656059 -0.126686 0.602486 -1.079687 -0.277466 0.356103 
-1.262900 -0.237525 0.180046 -0.536176 -0.263165 0.572112 -0.984889 0.227737 0.526986 -0.565769 -0.114316 0.558366 -0.639153 -0.018356 0.614343 -1.269100 -0.398841 0.357321 -1.006693 -0.272848 0.101613 -0.644657 -0.134316 0.598989 -1.074544 -0.282248 0.358797 
-1.260392 -0.238960 0.186402 -0.529441 -0.271732 0.571599 -0.975006 0.222388 0.536329 -0.556795 -0.123461 0.558053 -0.630609 -0.027898 0.618773 -1.265494 -0.404892 0.361802 -1.006308 -0.273980 0.103762 -0.633769 -0.140376 0.596326 -1.070908 -0.286576 0.361710 
-1.260437 -0.241492 0.191623 -0.524299 -0.279837 0.571218 -0.968652 0.217407 0.543597 -1.262559 -0.411570 0.366816 -0.550371 -0.129676 0.556742 -0.625738 -0.036335 0.623579 -0.623728 -0.145569 0.592107 -1.007839 -0.274666 0.106259 -1.069075 -0.290651 0.364494 
-1.261520 -0.243359 0.198063 -0.518521 -0.285635 0.569856 -0.964835 0.211958 0.548539 -1.260161 -0.416276 0.373887 -0.546077 -0.130911 0.555059 -0.621298 -0.042147 0.624883 -0.615740 -0.149953 0.589563 -1.070720 -0.295050 0.375720 
-1.261982 -0.245593 0.202884 -0.511227 -0.287809 0.565034 -0.959514 0.210593 0.548714 -1.256917 -0.420437 0.379825 -0.539381 -0.129144 0.547627 -0.615956 -0.044127 0.623470 -0.604222 -0.149825 0.580205 -1.067354 -0.296563 0.377939 
-1.262507 -0.247584 0.207498 -0.506747 -0.288357 0.562448 -0.956083 0.209597 0.550195 -1.254108 -0.423869 0.384883 -0.535117 -0.129489 0.544604 -0.612210 -0.045180 0.623109 -0.598254 -0.149828 0.576108 -1.065448 -0.298067 0.380659 
-1.263253 -0.250012 0.211338 -0.505091 -0.289603 0.562049 -0.955418 0.207380 0.552993 -1.252296 -0.427070 0.388468 -0.533721 -0.131543 0.545245 -0.610672 -0.046796 0.623778 -0.596916 -0.151396 0.576497 -1.064942 -0.300318 0.383556 
-1.264205 -0.252480 0.214154 -0.504516 -0.290327 0.562113 -0.956212 0.205320 0.555315 -1.251025 -0.429876 0.391092 -0.533589 -0.132748 0.546170 -0.610466 -0.047925 0.624508 -0.596912 -0.152529 0.577376 -1.065074 -0.302318 0.385834 
-1.265285 -0.254554 0.215963 -0.504312 -0.290353 0.562100 -0.957661 0.203918 0.556653 -1.250275 -0.432073 0.392931 -0.534057 -0.132414 0.546427 -0.611038 -0.048403 0.625036 -0.597153 -0.152783 0.577724 -1.065486 -0.303666 0.387318 
-1.266234 -0.255856 0.216579 -0.504492 -0.289993 0.562075 -0.959230 0.203364 0.556902 -1.250055 -0.433270 0.393781 -0.534862 -0.131389 0.546332 -0.612077 -0.048305 0.625355 -0.597575 -0.152532 0.577710 -1.065987 -0.304280 0.387945 
-1.266855 -0.256169 0.216056 -0.505144 -0.289341 0.562194 -0.960537 0.203672 0.556165 -1.250385 -0.433338 0.393568 -0.535833 -0.130330 0.546248 -0.613242 -0.047628 0.625294 -0.598329 -0.151907 0.577610 -1.066578 -0.304145 0.387721 
-1.267280 -0.255637 0.214474 -0.506407 -0.288249 0.562479 -0.961730 0.204810 0.554418 -1.251298 -0.432446 0.392371 -0.537048 -0.129243 0.546139 -0.614626 -0.046392 0.624847 -0.599610 -0.150777 0.577415 -1.067416 -0.303316 0.386700 
-1.267789 -0.254552 0.211795 -0.508403 -0.286565 0.562933 -0.963410 0.206708 0.551576 -1.252799 -0.430782 0.390274 -0.538897 -0.127594 0.545957 -0.616711 -0.044447 0.624097 -0.601592 -0.149013 0.577103 -1.068661 -0.301870 0.384925 
-1.268405 -0.252941 0.207974 -0.511180 -0.284245 0.563549 -0.965637 0.209379 0.547570 -1.254902 -0.428355 0.387236 -0.541436 -0.125321 0.545683 -0.619564 -0.041751 0.623023 -0.604319 -0.146576 0.576648 -1.070341 -0.299804 0.382367 
-1.269176 -0.250868 0.202966 -0.514816 -0.281211 0.564323 -0.968510 0.212839 0.542302 -1.257620 -0.425209 0.383223 -0.544753 -0.122365 0.545300 -0.623284 -0.038238 0.621583 -0.607879 -0.143400 0.576018 -1.072514 -0.297129 0.379000 
-1.270165 -0.248422 0.196720 -0.519402 -0.277353 0.565227 -0.972162 0.217110 0.535640 -1.260968 -0.421408 0.378204 -0.548954 -0.118612 0.544756 -0.627996 -0.033817 0.619714 -0.612373 -0.139382 0.575152 -1.075250 -0.293855 0.374786 
-1.271542 -0.245787 0.189300 -0.525058 -0.272553 0.566236 -0.976753 0.222202 0.527431 -1.266023 -0.416716 0.371453 -0.554170 -0.113964 0.544005 -0.633847 -0.028390 0.617339 -0.617946 -0.134423 0.574000 -1.021354 -0.270779 0.103214 -1.074780 -0.288633 0.362864 
-1.275702 -0.246256 0.184118 -0.532072 -0.266550 0.567536 -0.983195 0.227819 0.517924 -1.272728 -0.415708 0.366385 -0.560788 -0.108574 0.543447 -0.641220 -0.021792 0.614566 -1.019127 -0.265387 0.304021 -1.021235 -0.269365 0.106382 
-1.280410 -0.247058 0.178524 -0.538829 -0.258624 0.568590 -0.990783 0.234606 0.507245 -1.024148 -0.262390 0.302010 -0.566669 -0.101504 0.540786 -0.649785 -0.012114 0.611534 -1.276123 -0.413693 0.364123 -1.022842 -0.268844 0.105747 
-1.283698 -0.247926 0.175275 -0.541789 -0.254376 0.570572 -0.996282 0.239940 0.500931 -1.026706 -0.260816 0.301831 -0.570879 -0.095838 0.542006 -0.655745 -0.003044 0.610139 -1.277561 -0.413204 0.363818 -1.023961 -0.268158 0.105669 
-1.285639 -0.249202 0.173894 -0.542252 -0.252084 0.570515 -0.999173 0.242209 0.497768 -1.027600 -0.260226 0.301773 -0.572213 -0.092523 0.541111 -0.658706 0.001456 0.609323 -1.277006 -0.413814 0.364528 -1.024948 -0.267537 0.105678 
-1.285526 -0.248810 0.174075 -0.540064 -0.251350 0.568756 -0.999144 0.242100 0.497700 -1.026317 -0.259499 0.301125 -0.571065 -0.089270 0.537797 -0.658377 0.001763 0.609019 -1.275017 -0.412900 0.365971 -1.025761 -0.266831 0.104156 
-1.284403 -0.247448 0.174818 -0.535686 -0.250270 0.565100 -0.996830 0.242279 0.497638 -1.272235 -0.411348 0.367676 -0.567396 -0.085462 0.531554 -0.655662 0.002485 0.607278 -1.023717 -0.258356 0.299660 -1.026133 -0.265988 0.101888 
-1.282354 -0.245449 0.175955 -0.529991 -0.249838 0.560555 -0.992284 0.242793 0.497436 -1.268209 -0.409265 0.369990 -0.562080 -0.083238 0.525185 -0.650770 0.003091 0.604654 -1.020041 -0.257176 0.298042 -1.026405 -0.265149 0.098812 
-1.281375 -0.244441 0.176708 -0.525191 -0.248840 0.556729 -0.987358 0.244834 0.495251 -1.265973 -0.408922 0.371746 -0.556947 -0.080444 0.518040 -0.646994 0.003815 0.603154 -1.017583 -0.256238 0.296800 -1.026467 -0.264155 0.098333 
-1.281974 -0.243762 0.177072 -0.523062 -0.247583 0.554398 -0.985196 0.246605 0.492645 -1.265433 -0.408857 0.373121 -0.554524 -0.078441 0.513420 -0.645668 0.005066 0.601867 -1.016691 -0.255496 0.296037 -1.028221 -0.262954 0.097385 
-1.282801 -0.243554 0.176104 -0.522527 -0.245847 0.553005 -0.985556 0.247979 0.489916 -1.266240 -0.408353 0.372577 -0.554730 -0.075503 0.510579 -0.646822 0.006734 0.601106 -1.016599 -0.254795 0.295082 -1.028721 -0.262166 0.096898 
-1.283298 -0.243717 0.175045 -0.523753 -0.245430 0.553473 -0.986876 0.248482 0.488746 -1.269176 -0.408311 0.369904 -0.556343 -0.074804 0.511250 -0.648748 0.007919 0.600973 -1.017289 -0.254671 0.295189 -1.026972 -0.261476 0.099314 
-1.283196 -0.244577 0.174167 -0.526077 -0.246060 0.554878 -0.988321 0.247575 0.489525 -1.275185 -0.409555 0.364162 -0.558473 -0.076164 0.513353 -0.650982 0.006957 0.602259 -1.018492 -0.255655 0.295734 -1.022985 -0.261311 0.104957 
-1.283489 -0.244753 0.172853 -0.529402 -0.246304 0.556639 -0.992628 0.245347 0.491608 -1.277288 -0.407589 0.361664 -0.562318 -0.076877 0.515876 -0.654969 0.005783 0.604141 -1.019671 -0.255738 0.295728 -1.021985 -0.261955 0.105160 
-1.284108 -0.244778 0.171289 -0.533138 -0.246231 0.558468 -0.590537 -0.056147 0.529258 -0.998496 0.242499 0.494179 -1.020993 -0.255444 0.295465 -1.279082 -0.404484 0.359464 -1.021746 -0.262545 0.104064 
-1.284797 -0.245577 0.169249 -0.537140 -0.246139 0.560440 -0.595704 -0.055777 0.531301 -1.005005 0.239642 0.496520 -1.022812 -0.255422 0.294995 -1.280187 -0.401930 0.357341 -1.021231 -0.263954 0.103116 
-1.285664 -0.246960 0.167029 -0.540764 -0.245754 0.562175 -0.600461 -0.055231 0.533111 -1.011265 0.237379 0.498343 -1.025012 -0.255579 0.294316 -1.280754 -0.400192 0.355697 -1.021418 -0.265482 0.102256 
-1.284961 -0.248256 0.163842 -0.543639 -0.247105 0.564118 -0.604111 -0.055970 0.535329 -1.015764 0.235083 0.500536 -1.026319 -0.256074 0.292945 -1.279321 -0.396749 0.353725 -1.019672 -0.268944 0.099752 
-1.282564 -0.250060 0.159548 -0.546181 -0.249830 0.566490 -0.606840 -0.057654 0.537934 -1.018915 0.233139 0.502776 -1.027073 -0.257111 0.290774 -1.274913 -0.392648 0.351982 -1.015774 -0.275330 0.095624 
-1.278560 -0.251409 0.154871 -0.548604 -0.255467 0.569941 -0.608565 -0.061655 0.541994 -1.019954 0.230989 0.506129 -1.026840 -0.258671 0.288768 -1.268429 -0.387817 0.350483 -1.009829 -0.283789 0.091120 
-1.273469 -0.250592 0.151195 -0.551452 -0.264716 0.574827 -0.609437 -0.069363 0.548411 -1.018335 0.227767 0.512087 -1.025539 -0.260346 0.287814 -1.262602 -0.381505 0.348407 -1.003180 -0.292018 0.087335 
-1.266033 -0.249246 0.148569 -0.555912 -0.276436 0.581085 -0.610557 -0.081271 0.557533 -1.015153 0.222289 0.521675 -1.023748 -0.263303 0.287562 -1.258988 -0.375572 0.342896 -0.993243 -0.301859 0.086953 
-1.259044 -0.246224 0.148861 -0.560045 -0.287179 0.586599 -0.612441 -0.092495 0.566555 -1.013173 0.214969 0.533319 -1.021272 -0.265870 0.288074 -1.256597 -0.369548 0.338547 -0.986205 -0.309493 0.086284 
-1.253029 -0.243513 0.150059 -0.563737 -0.294921 0.590553 -0.613958 -0.101957 0.572896 -1.012185 0.207523 0.544223 -1.018884 -0.267828 0.288291 -0.981650 -0.316073 0.084688 
-1.247756 -0.241575 0.150792 -0.568058 -0.302639 0.595034 -0.617455 -0.110074 0.579710 -1.014001 0.199749 0.554546 -0.978505 -0.322677 0.082331 -0.636784 -0.168021 0.587796 -1.076037 -0.286536 0.338619 
-1.243420 -0.239893 0.151744 -0.572593 -0.309484 0.599446 -0.621777 -0.117113 0.586285 -1.017057 0.192106 0.564075 -0.976260 -0.328148 0.080519 -0.641254 -0.177233 0.595800 -1.073963 -0.288860 0.339274 
-1.239261 -0.238244 0.152897 -1.067488 -0.665415 0.349333 -1.020379 0.184479 0.573168 -0.626194 -0.123537 0.592304 -0.386555 -0.862482 0.481795 -0.991597 -0.573817 0.259751 -0.577105 -0.315750 0.603548 -0.574810 -0.454583 0.564816 
-1.235603 -0.236733 0.153728 -1.076283 -0.671011 0.351519 -0.982911 -0.583772 0.236609 -1.024154 0.177808 0.580754 -0.631043 -0.128996 0.597958 -0.394614 -0.864674 0.495913 -0.581967 -0.320891 0.607604 -0.583122 -0.455190 0.577022 
-1.232235 -0.236208 0.154041 -1.081948 -0.668740 0.353892 -0.985959 -0.582719 0.240879 -1.028097 0.172279 0.586558 -0.636094 -0.133431 0.602916 -0.404252 -0.874673 0.502616 -0.587042 -0.324949 0.611338 -0.590418 -0.457064 0.584891 
-1.228698 -0.235226 0.153278 -1.085374 -0.662440 0.359146 -0.986769 -0.581777 0.240833 -1.031992 0.168208 0.590377 -0.641130 -0.136735 0.607137 -0.412442 -0.884344 0.501674 -0.592202 -0.328002 0.614768 -0.596193 -0.459505 0.588821 
-1.224867 -0.233690 0.152098 -1.087329 -0.654502 0.365970 -0.986244 -0.581055 0.238264 -1.034713 0.165464 0.592849 -0.645094 -0.139006 0.610308 -0.418997 -0.892695 0.496283 -0.596382 -0.330360 0.617499 -0.600268 -0.462161 0.590254 
-1.220187 -0.231358 0.150698 -1.088055 -0.644953 0.372754 -0.985157 -0.580600 0.234646 -1.034982 0.164271 0.594158 -0.647255 -0.140734 0.612471 -0.426010 -0.900895 0.490590 -0.599145 -0.332344 0.619481 -0.603149 -0.465047 0.590588 
-1.214573 -0.228422 0.149466 -1.087788 -0.634832 0.377854 -0.983833 -0.580118 0.231279 -1.032460 0.164450 0.594685 -0.647603 -0.142657 0.614079 -0.433613 -0.908866 0.487582 -0.600714 -0.334089 0.620899 -0.605256 -0.467230 0.591089 
-1.212044 -0.227646 0.150283 -1.086903 -0.625999 0.380307 -0.984952 -0.578766 0.232111 -1.028528 0.165555 0.594572 -0.646845 -0.144493 0.615123 -0.440349 -0.915206 0.487917 -0.601572 -0.335312 0.621830 -0.606682 -0.467650 0.592141 
-1.209955 -0.227209 0.150173 -1.086389 -0.621708 0.380681 -0.985213 -0.576768 0.232930 -1.025200 0.167717 0.593062 -0.645548 -0.144370 0.614782 -0.442703 -0.916459 0.488832 -0.601675 -0.335046 0.621828 -0.606899 -0.465878 0.592488 
-1.209145 -0.226816 0.148527 -1.086053 -0.619444 0.381621 -0.985263 -0.575302 0.233095 -1.021570 0.172624 0.588241 -0.643348 -0.142212 0.612293 -0.442175 -0.914213 0.488888 -0.600476 -0.331945 0.620179 -0.605809 -0.463234 0.591088 
-1.208977 -0.226600 0.146615 -1.085561 -0.617139 0.382797 -0.985135 -0.573571 0.233659 -1.019701 0.177413 0.582706 -0.642244 -0.138787 0.609375 -0.441063 -0.910518 0.489948 -0.599636 -0.327633 0.618200 -0.604939 -0.459424 0.589793 
-1.209195 -0.226585 0.144574 -1.085061 -0.614568 0.383515 -0.985015 -0.571373 0.234684 -1.019981 0.181573 0.577264 -0.642063 -0.133877 0.605845 -0.440063 -0.906123 0.492373 -0.599152 -0.322548 0.616035 -0.604372 -0.454588 0.588757 
-1.209631 -0.226709 0.142111 -1.084680 -0.611900 0.384196 -0.984878 -0.568816 0.235877 -1.021213 0.186005 0.571160 -0.642474 -0.128224 0.601952 -0.438971 -0.900871 0.495455 -0.599101 -0.316704 0.613750 -0.604124 -0.448974 0.587772 
-1.210259 -0.226943 0.139323 -1.084515 -0.609114 0.384806 -0.984881 -0.566084 0.237109 -1.023099 0.190602 0.564600 -0.643505 -0.122253 0.598119 -0.438079 -0.895257 0.498954 -0.599600 -0.310507 0.611623 -0.604335 -0.443019 0.586960 
-1.211003 -0.227288 0.136222 -1.084547 -0.606160 0.385286 -0.985058 -0.563198 0.238274 -1.025339 0.195375 0.557559 -0.644918 -0.116099 0.594183 -0.437431 -0.889435 0.502609 -0.600504 -0.304091 0.609490 -0.604899 -0.436835 0.586137 
-1.211852 -0.227681 0.132930 -1.084814 -0.603045 0.385720 -0.985459 -0.560230 0.239425 -1.027742 0.200334 0.550131 -0.646569 -0.109837 0.590184 -0.437100 -0.883455 0.506495 -0.601740 -0.297554 0.607416 -0.605779 -0.430503 0.585372 
-1.212870 -0.228052 0.129630 -1.085368 -0.599832 0.385950 -0.986212 -0.557341 0.240630 -1.030224 0.205282 0.542628 -0.648493 -0.103697 0.586426 -0.437329 -0.877627 0.510896 -0.603320 -0.291141 0.605590 -0.607056 -0.424256 0.584889 
-1.213975 -0.228458 0.126252 -1.086112 -0.596643 0.385915 -0.987159 -0.554446 0.241801 -1.032800 0.210175 0.535005 -0.650600 -0.097656 0.582696 -0.437865 -0.871766 0.515550 -0.605137 -0.284814 0.603803 -0.608585 -0.418004 0.584482 
-1.215041 -0.228546 0.123937 -1.086964 -0.595108 0.385334 -0.987973 -0.552154 0.243355 -1.034976 0.214882 0.529229 -0.652389 -0.092921 0.580659 -0.438230 -0.866068 0.520855 -0.606520 -0.279424 0.603129 -0.609741 -0.412704 0.585225 
-1.214954 -0.228159 0.124062 -1.087052 -0.596816 0.381894 -0.987967 -0.550956 0.244918 -1.034579 0.215848 0.528859 -0.651944 -0.091486 0.580132 -0.437944 -0.863160 0.526428 -0.605001 -0.279203 0.602358 -0.608787 -0.410128 0.586531 
-1.214288 -0.227363 0.125931 -1.086769 -0.598357 0.380328 -0.987759 -0.551103 0.245485 -1.031643 0.214452 0.531613 -0.649162 -0.093186 0.579346 -0.437523 -0.863132 0.527855 -0.603104 -0.280704 0.601372 -0.607416 -0.410135 0.586454 
-1.213799 -0.226911 0.127125 -1.086514 -0.598100 0.381358 -0.987528 -0.551668 0.245009 -1.030101 0.213380 0.533599 -0.647943 -0.094781 0.579674 -0.437269 -0.864287 0.525883 -0.602834 -0.281218 0.601464 -0.607122 -0.411223 0.585997 
-1.213754 -0.227018 0.127273 -1.086393 -0.597501 0.382891 -0.987421 -0.552336 0.244132 -1.030021 0.212983 0.534132 -0.647845 -0.095282 0.579978 -0.437030 -0.865907 0.522862 -0.602782 -0.281706 0.601626 -0.606961 -0.412682 0.585290 
-1.213735 -0.227264 0.127166 -1.086371 -0.596844 0.384344 -0.987374 -0.552846 0.243250 -1.030354 0.212624 0.534450 -0.648112 -0.095632 0.580302 -0.437043 -0.867215 0.520027 -0.603046 -0.282118 0.601869 -0.607080 -0.414055 0.584640 
-1.213699 -0.227508 0.126938 -1.086493 -0.596534 0.385004 -0.987398 -0.553122 0.242594 -1.030869 0.212243 0.534732 -0.648613 -0.096010 0.580729 -0.437310 -0.868180 0.518278 -0.603564 -0.282593 0.602231 -0.607458 -0.415044 0.584352 
-1.213756 -0.227654 0.126748 -1.086754 -0.596615 0.384929 -0.987547 -0.553281 0.242241 -1.031382 0.211869 0.535019 -0.649166 -0.096402 0.581195 -0.437701 -0.868792 0.517714 -0.604147 -0.283087 0.602628 -0.607949 -0.415614 0.584430 
-1.213891 -0.227764 0.126509 -1.087100 -0.596780 0.384639 -0.987786 -0.553398 0.241981 -1.031869 0.211614 0.535159 -0.649740 -0.096763 0.581617 -0.438157 -0.869231 0.517552 -0.604790 -0.283474 0.603000 -0.608518 -0.415992 0.584597 
-1.214047 -0.227889 0.126242 -1.087437 -0.596907 0.384386 -0.988026 -0.553462 0.241766 -1.032377 0.211447 0.535176 -0.650343 -0.097067 0.582008 -0.438568 -0.869504 0.517473 -0.605463 -0.283747 0.603342 -0.609104 -0.416241 0.584766 
-1.214187 -0.228004 0.125981 -1.087726 -0.596964 0.384168 -0.988241 -0.553481 0.241601 -1.032834 0.211357 0.535107 -0.650873 -0.097249 0.582291 -0.438931 -0.869690 0.517457 -0.606047 -0.283907 0.603608 -0.609612 -0.416382 0.584902 
-1.214303 -0.228101 0.125728 -1.087978 -0.596955 0.383989 -0.988439 -0.553463 0.241468 -1.033211 0.211349 0.534958 -0.651300 -0.097290 0.582441 -0.439258 -0.869812 0.517471 -0.606516 -0.283971 0.603793 -0.610027 -0.416446 0.584988 
-1.214360 -0.228208 0.125438 -1.088189 -0.596874 0.383854 -0.988592 -0.553388 0.241322 -1.033511 0.211446 0.534695 -0.651665 -0.097258 0.582517 -0.439520 -0.869879 0.517418 -0.606938 -0.283958 0.603930 -0.610383 -0.416439 0.585013 
-1.214349 -0.228386 0.125020 -1.088393 -0.596775 0.383721 -0.988681 -0.553227 0.241106 -1.033892 0.211619 0.534289 -0.652116 -0.097181 0.582581 -0.439724 -0.869945 0.517202 -0.607462 -0.283879 0.604075 -0.610782 -0.416373 0.584979 
-1.214329 -0.228610 0.124508 -1.088636 -0.596640 0.383558 -0.988785 -0.553031 0.240835 -1.034364 0.211820 0.533802 -0.652674 -0.097099 0.582668 -0.439973 -0.870044 0.516919 -0.608109 -0.283796 0.604260 -0.611275 -0.416303 0.584938 
-1.214302 -0.228881 0.123899 -1.088931 -0.596494 0.383361 -0.988909 -0.552800 0.240510 -1.034926 0.212055 0.533229 -0.653341 -0.097009 0.582778 -0.440273 -0.870172 0.516574 -0.608884 -0.283704 0.604484 -0.611865 -0.416229 0.584889 
-1.214368 -0.229099 0.123315 -1.089295 -0.596297 0.383129 -0.989160 -0.552603 0.240250 -1.035454 0.212330 0.532618 -0.654019 -0.096915 0.582896 -0.440725 -0.870264 0.516466 -0.609681 -0.283597 0.604712 -0.612521 -0.416128 0.584914 
-1.214443 -0.229181 0.123107 -1.089587 -0.596370 0.382810 -0.989391 -0.552615 0.240106 -1.035744 0.212272 0.532608 -0.654429 -0.097142 0.583179 -0.441144 -0.870507 0.516531 -0.610182 -0.283834 0.604978 -0.612978 -0.416300 0.585071 
-1.214496 -0.229268 0.122935 -1.089834 -0.596450 0.382620 -0.989569 -0.552687 0.239900 -1.035972 0.212153 0.532670 -0.654776 -0.097421 0.583471 -0.441478 -0.870856 0.516336 -0.610616 -0.284132 0.605237 -0.613359 -0.416594 0.585158 
-1.214536 -0.229363 0.122755 -1.090073 -0.596529 0.382431 -0.989733 -0.552752 0.239687 -1.036207 0.212032 0.532730 -0.655129 -0.097706 0.583768 -0.441800 -0.871217 0.516118 -0.611057 -0.284431 0.605498 -0.613741 -0.416888 0.585239 
-1.214578 -0.229460 0.122571 -1.090318 -0.596610 0.382236 -0.989903 -0.552817 0.239471 -1.036448 0.211909 0.532791 -0.655495 -0.098005 0.584079 -0.442134 -0.871593 0.515898 -0.611515 -0.284737 0.605769 -0.614138 -0.417188 0.585326 
