2.394327 2.651358 0.004816 2.538388 2.616770 0.004378 2.500924 2.748766 0.004122 2.601284 2.711778 0.003855 
2.394463 2.650856 0.004822 2.538908 2.616832 0.004481 2.501453 2.748827 0.004136 2.601435 2.711257 0.003949 
2.393732 2.652185 0.005005 2.535743 2.616105 0.003939 2.498258 2.748111 0.003871 2.600643 2.712667 0.003129 
2.393581 2.652677 0.004943 2.536689 2.616463 0.003861 2.499158 2.748449 0.003934 2.600468 2.713207 0.003184 
2.393709 2.652211 0.004945 2.537866 2.616802 0.003952 2.500340 2.748781 0.004023 2.600615 2.712718 0.003350 
2.393918 2.650863 0.004994 2.536971 2.616503 0.003811 2.499406 2.748476 0.003772 2.600823 2.711463 0.002970 
2.394144 2.650044 0.004981 2.538198 2.616855 0.003899 2.500640 2.748823 0.003879 2.601077 2.710623 0.003162 
2.393923 2.651288 0.004805 2.539997 2.617605 0.003647 2.502356 2.749536 0.004106 2.600808 2.711953 0.003306 
2.393666 2.652118 0.004815 2.541083 2.618127 0.003386 2.503463 2.750055 0.004344 2.600554 2.712724 0.003331 
2.394517 2.649103 0.004811 2.543038 2.618693 0.003522 2.505439 2.750615 0.004394 2.601486 2.709685 0.003467 
2.394229 2.650109 0.004886 2.543152 2.619010 0.002866 2.505602 2.750936 0.004521 2.601201 2.710613 0.003036 
2.394480 2.649498 0.004767 2.545856 2.620037 0.002439 2.508380 2.751956 0.004729 2.601516 2.709860 0.002967 
2.394597 2.648098 0.005081 2.545374 2.620150 0.002005 2.507899 2.752061 0.004777 2.601647 2.708509 0.002443 
2.395738 2.644033 0.005111 2.548505 2.621050 0.002251 2.511054 2.752949 0.004957 2.602901 2.704407 0.002686 
2.395758 2.643480 0.005197 2.549426 2.621530 0.001872 2.512006 2.753418 0.005116 2.602945 2.703818 0.002444 
2.396759 2.639913 0.005214 2.552066 2.622291 0.002128 2.514668 2.754169 0.005303 2.604046 2.700215 0.002692 
2.397101 2.638658 0.005365 2.553906 2.622917 0.002212 2.516518 2.754778 0.005704 2.604428 2.698937 0.002931 
2.397372 2.637675 0.005582 2.555912 2.623485 0.002446 2.518534 2.755326 0.006266 2.604737 2.697918 0.003369 
2.397415 2.637501 0.005858 2.557505 2.623931 0.002663 2.520133 2.755750 0.006925 2.604795 2.697714 0.003846 
2.397421 2.637464 0.006125 2.558689 2.624259 0.002865 2.521322 2.756057 0.007559 2.604810 2.697654 0.004294 
2.397426 2.637431 0.006388 2.559412 2.624454 0.003058 2.522048 2.756234 0.008153 2.604821 2.697607 0.004704 
2.397430 2.637404 0.006631 2.559759 2.624543 0.003235 2.522399 2.756305 0.008706 2.604827 2.697575 0.005081 
2.397431 2.637385 0.006839 2.559818 2.624549 0.003393 2.522460 2.756296 0.009216 2.604829 2.697556 0.005428 
2.397430 2.637372 0.007032 2.559606 2.624477 0.003538 2.522249 2.756211 0.009692 2.604828 2.697550 0.005749 
2.397429 2.637363 0.007211 2.559126 2.624329 0.003670 2.521770 2.756052 0.010135 2.604823 2.697553 0.006044 
2.397429 2.637351 0.007376 2.558383 2.624105 0.003791 2.521027 2.755819 0.010545 2.604818 2.697559 0.006314 
2.397431 2.637335 0.007528 2.557385 2.623809 0.003902 2.520029 2.755515 0.010925 2.604813 2.697566 0.006563 
2.397433 2.637316 0.007669 2.556139 2.623442 0.004003 2.518782 2.755142 0.011278 2.604807 2.697576 0.006792 
2.397678 2.638501 0.007916 2.553709 2.623318 0.004195 2.517567 2.755366 0.011598 2.605598 2.696913 0.006960 
2.398549 2.636094 0.007541 2.551688 2.623074 0.004272 2.516090 2.755309 0.011171 2.606767 2.693724 0.006675 
2.399465 2.632627 0.007123 2.549511 2.622485 0.004341 2.513887 2.754760 0.010564 2.607733 2.690374 0.006338 
2.401318 2.622733 0.006442 2.547703 2.620540 0.004403 2.509492 2.752162 0.009308 2.608519 2.684655 0.005725 
2.403436 2.614780 0.005844 2.544905 2.619335 0.004457 2.506045 2.750828 0.008072 2.610453 2.677866 0.005189 
2.402794 2.616561 0.006234 2.541863 2.617760 0.004570 2.502062 2.748974 0.008847 2.609264 2.681151 0.005579 
2.401473 2.620334 0.006673 2.537941 2.615726 0.004614 2.497154 2.746636 0.009711 2.607315 2.686478 0.006097 
2.401896 2.618847 0.006447 2.533437 2.614160 0.004660 2.492850 2.745181 0.009231 2.607844 2.684776 0.005922 
2.401189 2.622135 0.006527 2.530280 2.611905 0.004782 2.491051 2.743364 0.009291 2.607730 2.685932 0.006221 
2.489041 2.742427 0.008465 2.962146 2.397811 0.019603 2.632012 2.698234 0.010208 2.399617 2.414556 0.023911 2.401533 2.620438 0.006103 2.449042 2.534949 0.007312 
2.484667 2.741162 0.006950 2.957098 2.395842 0.021028 2.631733 2.697527 0.009120 2.405175 2.411433 0.017244 2.402512 2.616867 0.005584 2.442779 2.541818 0.006727 
2.481565 2.740334 0.005356 2.955815 2.397341 0.019907 2.629170 2.701325 0.007468 2.403828 2.415529 0.013816 2.403868 2.612236 0.005080 2.436995 2.549130 0.006142 
2.476803 2.739113 0.004859 2.960170 2.401898 0.021538 2.627571 2.704821 0.006823 2.407171 2.420157 0.009903 2.402987 2.614721 0.005032 2.433142 2.554453 0.005801 
2.473947 2.738224 0.004678 2.967892 2.405608 0.026429 2.628012 2.705957 0.007165 2.414861 2.422940 0.006125 2.402248 2.617167 0.004991 2.431974 2.556618 0.005729 
2.471237 2.737435 0.004707 2.975390 2.407313 0.032961 2.629665 2.705265 0.008078 2.423322 2.423574 0.003350 2.401317 2.620337 0.004981 2.432514 2.556690 0.005833 
2.468075 2.736514 0.004739 2.980344 2.406721 0.039180 2.631324 2.703904 0.009043 2.429690 2.422708 0.001596 2.400392 2.623484 0.004980 2.433097 2.556414 0.006006 
2.466545 2.735899 0.004400 2.982165 2.405637 0.044093 2.632163 2.703110 0.009801 2.432578 2.422422 0.000634 2.400292 2.624457 0.004602 2.433095 2.556648 0.005921 
2.462663 2.734665 0.004090 2.981982 2.404999 0.047899 2.632432 2.702604 0.010127 2.432685 2.423359 0.000416 2.399872 2.625967 0.004455 2.432312 2.557471 0.005957 
2.457893 2.733246 0.003995 2.981526 2.404240 0.051573 2.632680 2.702056 0.010493 2.432501 2.424168 0.000209 2.399232 2.628037 0.004527 2.431211 2.558582 0.006127 
2.454877 2.732051 0.003458 2.981367 2.403390 0.055104 2.633130 2.701366 0.010702 2.432735 2.424750 -0.000297 2.399478 2.627619 0.004246 2.430286 2.559525 0.006082 
2.451933 2.730937 0.003021 2.981545 2.402737 0.058478 2.633536 2.700834 0.010980 2.433355 2.424758 -0.000939 2.399565 2.627670 0.003972 2.429470 2.560373 0.005985 
2.447497 2.729729 0.003178 2.982179 2.402080 0.061610 2.633657 2.700873 0.011450 2.434480 2.424698 -0.001981 2.398619 2.631145 0.003986 2.428420 2.561667 0.005885 
2.443476 2.728659 0.003198 2.983387 2.401746 0.064509 2.633719 2.701133 0.011762 2.436238 2.424960 -0.003501 2.398057 2.633222 0.003989 2.426988 2.563380 0.005775 
2.440395 2.727700 0.003229 2.984899 2.401755 0.067077 2.633381 2.701889 0.012095 2.438341 2.425441 -0.005408 2.397670 2.634615 0.003969 2.425191 2.565371 0.005605 
2.435305 2.726178 0.003203 2.986593 2.401937 0.069317 2.633209 2.702333 0.011993 2.440645 2.425871 -0.007569 2.397301 2.635514 0.004107 2.422881 2.567751 0.005552 
2.431252 2.724947 0.003295 2.988298 2.402204 0.071391 2.632787 2.703173 0.012081 2.442971 2.426363 -0.009852 2.396993 2.636411 0.004233 2.420519 2.570200 0.005464 
2.427809 2.723941 0.003453 2.990042 2.402429 0.073428 2.632279 2.704189 0.012313 2.396594 2.637770 0.004287 2.445385 2.427004 -0.012253 2.418294 2.572544 0.005266 
2.425261 2.722835 0.002884 2.991561 2.402687 0.075191 2.632095 2.704757 0.012081 2.397579 2.634871 0.004038 2.447643 2.427761 -0.014796 2.415796 2.575055 0.005050 
2.421376 2.721667 0.002949 2.993150 2.402834 0.076860 2.631528 2.705747 0.012106 2.397380 2.635469 0.004063 2.449989 2.428616 -0.017533 2.413122 2.577716 0.004842 
2.417289 2.720472 0.003073 2.994860 2.403028 0.078504 2.630951 2.706782 0.012141 2.397150 2.636170 0.004114 2.452515 2.429597 -0.020425 2.410348 2.580442 0.004650 
2.413019 2.719087 0.003002 2.996709 2.403248 0.080165 2.630530 2.707579 0.011999 2.397508 2.634853 0.004194 2.455303 2.430754 -0.023490 2.407211 2.583378 0.004627 
2.410992 2.718208 0.002429 2.998439 2.403583 0.081662 2.630111 2.708657 0.011857 2.398490 2.632442 0.003786 2.457994 2.432052 -0.026740 2.404436 2.586133 0.004215 
2.405267 2.716537 0.002648 3.000400 2.403781 0.083253 2.629563 2.709585 0.011687 2.398284 2.632827 0.003958 2.461017 2.433325 -0.030182 2.400955 2.589266 0.004200 
2.401494 2.715497 0.002843 3.002619 2.404054 0.084991 2.628747 2.711086 0.011904 2.398018 2.633906 0.003904 2.464416 2.434736 -0.033803 2.397830 2.592158 0.003940 
2.396790 2.714124 0.003040 3.004902 2.404315 0.086816 2.627989 2.712419 0.011977 2.397999 2.633971 0.004003 2.468023 2.436265 -0.037584 2.394183 2.595358 0.003932 
2.391870 2.712689 0.003219 3.007282 2.404597 0.088731 2.627178 2.713818 0.012024 2.398024 2.633885 0.004094 2.471868 2.437932 -0.041550 2.390304 2.598662 0.003972 
2.385964 2.710947 0.003390 3.009746 2.404874 0.090739 2.626431 2.715072 0.011887 2.398121 2.633394 0.004232 2.475964 2.439749 -0.045708 2.386042 2.602125 0.004144 
2.381000 2.709513 0.003486 3.012295 2.405155 0.092880 2.625444 2.716717 0.011947 2.398191 2.633254 0.004225 2.480318 2.441711 -0.050047 2.381806 2.605535 0.004191 
2.375612 2.707926 0.003365 3.014859 2.405394 0.095109 2.624604 2.718248 0.011795 2.398504 2.632560 0.004076 2.484898 2.443811 -0.054602 2.377400 2.609032 0.004195 
2.369577 2.706190 0.003363 3.017546 2.405653 0.097529 2.623657 2.719897 0.011646 2.398683 2.632240 0.003997 2.489781 2.446150 -0.059329 2.372686 2.612632 0.004306 
2.363244 2.704372 0.003435 3.015620 2.400092 0.097062 2.621990 2.721891 0.011452 2.398721 2.632272 0.003970 2.486400 2.449887 -0.061059 2.370136 2.614812 0.004233 
2.363181 2.709026 0.003602 3.016266 2.394186 0.100454 2.615535 2.721212 0.012281 2.391899 2.628907 0.004180 2.485996 2.457922 -0.062711 2.363819 2.610768 0.004368 
2.375011 2.719768 0.005505 3.026172 2.381526 0.111696 2.600767 2.717648 0.017239 2.372521 2.626448 0.004921 2.498214 2.472545 -0.065362 2.357216 2.597955 0.004672 
2.393692 2.724338 0.008665 3.043304 2.365285 0.126978 2.583898 2.711731 0.024347 2.351824 2.615638 0.005966 2.395353 2.553817 0.010464 
2.412334 2.731912 0.019365 3.066387 2.340994 0.147566 2.557410 2.701658 0.036686 2.310556 2.616202 0.008577 2.388152 2.537111 0.017007 
2.378919 2.720626 0.017762 3.094376 2.326161 0.165622 2.678650 2.582744 -0.046620 2.502424 2.713907 0.025133 2.278441 2.608925 0.010780 2.380218 2.513382 0.022224 
2.345366 2.706676 0.005337 3.114367 2.322148 0.172523 2.711433 2.572772 -0.060582 2.500573 2.701610 0.009232 2.271416 2.597117 0.004804 2.378101 2.502142 0.017767 
2.335732 2.705674 0.005143 3.126635 2.314322 0.175480 2.740335 2.579972 -0.068318 2.493892 2.707142 0.006698 2.271217 2.595574 0.005210 2.371925 2.506352 0.016514 
2.330079 2.704926 0.005178 3.119412 2.294363 0.161818 2.724107 2.596433 -0.071793 2.490482 2.709545 0.006376 2.271767 2.591587 0.005161 2.365284 2.509857 0.015128 
2.321178 2.703671 0.005221 3.115632 2.288930 0.163417 2.725086 2.599075 -0.071612 2.487842 2.711341 0.006240 2.272323 2.587705 0.005110 2.360038 2.512435 0.014592 
2.312624 2.702662 0.005332 3.114680 2.291185 0.173379 2.736321 2.594095 -0.069191 2.486036 2.712700 0.006721 2.272571 2.585585 0.004514 2.356908 2.514000 0.013996 
2.305864 2.702094 0.006268 3.115167 2.294762 0.185495 2.749725 2.591208 -0.063434 2.485581 2.713362 0.008582 2.272504 2.584659 0.004228 2.355559 2.514836 0.013791 
2.300985 2.701727 0.008219 3.117321 2.299306 0.195576 2.756450 2.595435 -0.056141 2.485671 2.713659 0.011955 2.272037 2.583973 0.004645 2.355635 2.515186 0.014315 
2.297119 2.701487 0.010700 3.120150 2.304570 0.203339 2.760925 2.600828 -0.049628 2.485409 2.714599 0.015977 2.271558 2.584633 0.005174 2.356718 2.515390 0.014825 
2.293037 2.701151 0.013127 3.123336 2.310448 0.209339 2.765082 2.607421 -0.043698 2.484781 2.715996 0.019828 2.271151 2.584870 0.005683 2.357865 2.515769 0.015169 
2.287883 2.700583 0.015518 3.126977 2.317587 0.214052 2.769509 2.615086 -0.038531 2.483347 2.718094 0.023289 2.270672 2.585151 0.006220 2.358501 2.516613 0.015275 
2.281521 2.699645 0.017898 3.130585 2.325767 0.216931 2.773224 2.624258 -0.034315 2.480800 2.720958 0.026280 2.270113 2.585638 0.006811 2.358062 2.518127 0.015009 
2.273892 2.698225 0.020299 3.133955 2.333889 0.218085 2.776550 2.633985 -0.031095 2.477355 2.724326 0.028840 2.269480 2.586311 0.007475 2.356601 2.520115 0.014435 
2.265137 2.696278 0.022788 3.137120 2.341161 0.217862 2.780008 2.643520 -0.028725 2.473348 2.727898 0.031074 2.268780 2.587136 0.008228 2.354353 2.522357 0.013653 
2.255594 2.693741 0.025501 2.268005 2.588158 0.009120 2.783370 2.652916 -0.027079 2.468760 2.731617 0.033200 3.140162 2.347893 0.216353 2.351421 2.524760 0.012695 
2.246320 2.690847 0.028465 2.267297 2.588991 0.010091 2.788576 2.658208 -0.024573 2.466719 2.733465 0.035969 3.143301 2.348261 0.216121 2.350401 2.525783 0.012297 
2.349675 2.526259 0.012099 1.921779 3.079185 0.045133 2.311182 2.510879 0.004485 2.514366 2.778118 0.205320 2.463204 2.765749 0.075850 3.148610 2.343343 0.218075 2.797366 2.661786 -0.021087 
2.315517 2.512621 0.004483 2.347442 2.528173 0.011621 1.969146 3.146507 0.097612 2.460432 2.761042 0.070517 3.157905 2.348877 0.228323 2.812163 2.672755 -0.013219 
2.344496 2.530300 0.011031 2.173926 2.491722 -0.072369 2.318398 2.510306 0.004477 2.034662 3.157502 0.072025 2.467801 2.764009 0.067226 3.162877 2.354796 0.236794 2.820515 2.685153 -0.004074 
2.340723 2.532589 0.010379 2.131508 2.466501 -0.064233 2.320651 2.502453 0.004460 2.085618 3.151069 0.056453 2.483395 2.773610 0.067112 3.163917 2.361080 0.243787 2.822627 2.697647 0.005575 
2.335469 2.535271 0.009569 2.088070 2.450913 -0.046339 2.318171 2.499811 0.003358 2.132740 3.143657 0.052274 2.495409 2.783744 0.072129 3.161913 2.366600 0.251218 2.820761 2.711231 0.017472 
2.329564 2.537252 0.008611 2.080350 2.474708 -0.051118 2.309779 2.504518 0.000938 2.164493 3.160816 0.082453 2.509619 2.795560 0.088757 3.157795 2.355296 0.254928 2.822345 2.719281 0.033014 
2.323098 2.539836 0.007516 2.093815 2.525393 -0.073788 2.300287 2.513685 -0.001305 2.192825 3.188924 0.136530 2.526032 2.805977 0.112965 3.152605 2.334802 0.254529 2.821991 2.724771 0.050577 
2.316287 2.542563 0.006783 2.103095 2.583663 -0.096562 2.293054 2.523478 -0.002184 2.216169 3.208272 0.193382 2.537597 2.813344 0.137604 3.146336 2.317725 0.253049 2.824955 2.724847 0.064649 
2.308982 2.545613 0.006089 2.108111 2.629561 -0.111690 2.289547 2.529186 -0.002751 2.228859 3.213766 0.240809 2.542209 2.814558 0.158254 3.138788 2.301574 0.251592 2.827762 2.722196 0.078178 
2.301809 2.548779 0.005525 2.113305 2.652984 -0.121990 2.290019 2.528271 -0.004271 2.228917 3.208080 0.273482 2.540829 2.809607 0.172442 3.130212 2.282982 0.248601 2.832150 2.715968 0.092796 
2.837150 2.704786 0.107782 2.117946 2.658786 -0.132788 2.294093 2.521473 -0.007564 3.120863 2.260428 0.243484 2.296444 2.552048 0.005060 2.221482 3.194616 0.292331 2.535816 2.798928 0.180308 
2.842596 2.687948 0.124495 2.123168 2.652692 -0.145778 3.110480 2.232256 0.235492 2.292264 2.553806 0.004778 2.209155 3.176054 0.300935 2.528786 2.782942 0.183366 2.248852 2.613963 0.047221 2.319084 2.470813 0.044186 
2.844127 2.667970 0.143324 2.247813 2.610716 0.051225 2.289645 2.554439 0.004518 2.195909 3.152664 0.302749 2.520970 2.762990 0.183572 2.128677 2.636583 -0.159725 2.329046 2.450224 0.051575 
2.329100 2.535660 0.013759 2.836679 2.649360 0.170191 2.246805 2.607113 0.055307 2.184528 3.124331 0.303107 2.512698 2.741212 0.187399 2.131132 2.614417 -0.172864 2.339388 2.430284 0.060054 
2.329481 2.533140 0.014429 2.244924 2.602029 0.058950 2.170709 3.092448 0.311476 2.486084 2.737476 0.128467 2.829804 2.638399 0.055516 2.133707 2.594132 -0.183292 2.346293 2.414040 0.065327 
2.333845 2.528888 0.018603 2.241427 2.597444 0.060185 2.147004 3.059134 0.335693 2.472026 2.719770 0.155257 2.822837 2.624570 0.093387 2.134722 2.586062 -0.187528 2.347481 2.411636 0.061370 
2.348789 2.532598 0.035577 2.250910 2.601663 0.067380 2.092800 3.026656 0.382490 2.452213 2.700930 0.200733 3.040231 2.102070 0.283020 2.812096 2.611148 0.174337 2.179186 2.577563 -0.161379 2.358611 2.437105 0.065536 
2.037541 2.991411 0.436329 2.428613 2.680954 0.253757 3.021863 2.076151 0.322584 2.803563 2.589876 0.250655 2.210288 2.581441 -0.121855 2.384883 2.487909 0.127492 2.376908 2.552896 0.090521 2.269150 2.627722 0.113520 
2.928554 2.005845 0.511450 2.685728 2.647970 0.262165 2.361233 2.572728 0.249293 1.992327 2.971325 0.481655 2.405659 2.668639 0.294009 2.218988 2.601534 -0.082122 2.387677 2.523876 0.206157 
2.893098 1.974000 0.529436 2.356282 2.575263 0.291642 2.435451 2.654381 0.232550 2.213580 2.607484 -0.054313 2.376379 2.545980 0.264225 1.958629 2.958260 0.508515 2.388193 2.640975 0.308542 
2.837224 1.950096 0.568094 2.534551 2.641172 0.224651 2.202914 2.610926 -0.037334 2.356712 2.555117 0.336508 1.926314 2.950486 0.521230 2.395349 2.612654 0.390445 2.364949 2.632364 0.378036 
2.715012 2.557170 0.209212 2.770773 1.934406 0.600300 2.416036 2.592437 0.418961 2.189558 2.612034 -0.027914 2.337560 2.519818 0.329663 1.896683 2.945505 0.525809 2.339294 2.639692 0.412812 
2.826311 2.435158 0.205187 2.322836 2.497128 0.334452 2.705313 1.943683 0.628844 2.411818 2.582597 0.432304 1.870335 2.941034 0.530061 2.322535 2.637463 0.427075 
2.308204 2.480294 0.331542 2.729715 1.810554 0.504729 1.852253 2.938610 0.518921 2.307451 2.641898 0.424488 2.589752 2.539301 0.397310 2.424986 2.568126 0.426599 
2.748728 1.781695 0.381247 2.454036 2.530864 0.414456 2.283178 2.442091 0.360030 2.286086 2.355983 0.552498 1.845249 2.938876 0.499128 2.289443 2.652801 0.288440 2.302723 2.645572 0.266935 
2.772938 1.844826 0.371762 2.461666 2.517884 0.415097 2.261694 2.408935 0.345500 2.129903 2.301025 0.480188 1.829363 2.942830 0.476938 2.289303 2.660434 0.293163 2.287336 2.663047 0.267791 
2.726533 1.837182 0.400827 2.478646 2.482126 0.417165 2.229226 2.370140 0.339737 2.057444 2.259603 0.401568 2.286608 2.676420 0.301163 1.803728 2.949902 0.445611 2.265276 2.690512 0.267965 
2.632080 1.776403 0.427196 2.485276 2.429388 0.417860 2.193282 2.336156 0.336192 2.056450 2.263642 0.372406 2.278451 2.692761 0.295720 1.782373 2.959005 0.412472 2.244171 2.712420 0.257270 
2.565333 1.724055 0.428993 2.481547 2.386932 0.394742 2.171242 2.326392 0.318616 2.121086 2.297964 0.407127 2.270682 2.712391 0.291207 1.760473 2.969797 0.375982 2.221831 2.737453 0.245526 
2.461956 2.325653 0.354401 2.136536 2.291763 0.256671 2.481339 1.671647 0.419467 1.733635 2.979419 0.332104 2.179579 2.778335 0.318903 2.258066 2.740186 0.290004 2.201842 2.767689 0.255560 
2.424450 2.275928 0.295498 2.098880 2.264612 0.206856 2.489917 1.666233 0.335941 1.715197 2.987411 0.290673 2.143187 2.816280 0.308111 2.248503 2.767590 0.288621 2.184227 2.798424 0.246018 
2.083580 2.264286 0.189149 2.466008 2.215538 0.129310 2.409617 2.276330 0.243158 1.708731 2.995972 0.257359 2.120626 2.841390 0.287887 2.247898 2.782159 0.273999 2.177198 2.816941 0.222969 
2.527546 2.123914 0.192939 2.418738 2.287546 0.279907 2.056620 2.255910 0.101141 2.446835 1.671285 0.134411 1.713200 3.001427 0.221440 2.103443 2.859233 0.252620 2.252357 2.789688 0.248877 2.173563 2.828925 0.190742 
2.555144 2.001457 0.164073 2.422860 2.304388 0.239250 2.030289 2.245664 0.083339 2.340316 1.670293 0.017013 1.707596 3.005693 0.189429 2.088101 2.875452 0.199552 2.258224 2.796221 0.207490 2.174406 2.837074 0.139851 
2.519865 1.835804 0.185415 2.424967 2.312335 0.209085 2.013686 2.243037 0.059683 2.372661 1.667146 0.080770 1.698996 3.010456 0.155285 2.072111 2.891129 0.142812 2.299141 2.791161 0.253652 2.170657 2.856413 0.243437 
2.444913 1.740351 0.200011 2.426671 2.321203 0.185911 2.009198 2.246957 0.050457 2.368531 1.681289 0.113501 1.688706 3.018013 0.147313 2.079539 2.890795 0.100345 2.303568 2.796059 0.210643 2.171753 2.863069 0.197416 
2.343967 1.681844 0.219136 2.430277 2.325554 0.173793 2.003405 2.248540 0.049575 2.348819 1.699928 0.121071 1.680774 3.023848 0.146490 2.073044 2.903855 0.088016 2.309299 2.804763 0.197950 2.184893 2.870984 0.193747 
2.429677 2.322614 0.165420 1.994208 2.246315 0.047293 2.229290 1.657846 0.242408 2.320881 1.714600 0.111803 1.675270 3.026341 0.145520 2.061230 2.918866 0.087491 2.315511 2.812252 0.196762 2.197609 2.878540 0.203911 
2.427296 2.317736 0.160325 1.986937 2.243611 0.050046 2.121729 1.676510 0.283736 2.298130 1.730559 0.113526 1.667521 3.025860 0.144917 2.046853 2.931841 0.086014 2.320013 2.818707 0.196640 2.208662 2.884379 0.214841 
2.432736 2.325475 0.159073 1.991905 2.245169 0.061570 2.182934 1.671073 0.304424 2.275130 1.730656 0.054356 1.663166 3.025254 0.145652 2.037719 2.939630 0.086648 2.320291 2.822875 0.197675 2.216680 2.885828 0.227533 
2.396831 1.710345 0.299715 2.458973 2.360154 0.170918 2.029159 2.264801 0.093022 2.270675 1.732793 0.012012 1.680839 3.027849 0.152791 2.049822 2.936306 0.093245 2.328247 2.813682 0.198535 2.229134 2.876676 0.237828 
2.618125 1.905758 0.244258 2.487923 2.415991 0.190971 2.090928 2.313933 0.138799 2.366714 1.705714 0.099020 1.714084 3.031729 0.167759 2.075225 2.928243 0.106185 2.340495 2.798693 0.210366 2.246856 2.861149 0.255272 
2.145162 2.376499 0.180462 2.502873 2.442819 0.200867 2.493687 1.744032 0.240569 2.641124 2.132411 0.087783 1.747774 3.030971 0.184991 2.093636 2.923722 0.126575 2.355638 2.784894 0.231009 2.269926 2.844498 0.281443 
2.545443 1.805448 0.303471 2.509356 2.456513 0.288748 2.050552 2.501562 -0.189098 2.162121 2.401451 0.194000 1.761228 3.026163 0.194315 2.086423 2.930883 0.139939 2.373405 2.779966 0.218763 2.255567 2.864986 0.081357 
2.540027 1.822544 0.290850 2.510453 2.443644 0.282657 2.149937 2.381164 0.120290 2.264633 2.185181 -0.070953 1.756575 3.028637 0.200916 2.078577 2.936898 0.141268 2.375385 2.786205 0.235670 2.258961 2.872925 0.090326 
2.559758 1.879703 0.245923 2.508292 2.438976 0.255029 2.135942 2.368337 0.124254 2.088632 2.229201 -0.015760 1.746685 3.033612 0.210878 2.080507 2.936901 0.141042 2.368818 2.791659 0.232262 2.253092 2.874900 0.089929 
2.571165 1.956330 0.178963 2.503603 2.434921 0.212794 2.123692 2.360115 0.120153 1.972797 2.225134 0.090650 1.734854 3.035148 0.213047 2.076913 2.937924 0.138300 2.362572 2.795803 0.219620 2.247116 2.875581 0.082825 
2.116631 2.359380 0.104120 1.944726 2.215904 0.135799 2.566780 1.992254 0.123115 2.496163 2.437393 0.174459 1.722388 3.034463 0.208303 2.069631 2.940582 0.134351 2.348775 2.805057 0.240738 2.264552 2.860671 0.287402 
2.115372 2.359490 0.093821 1.939613 2.211131 0.151637 2.564955 2.008510 0.094891 2.491844 2.441398 0.151688 1.715468 3.032538 0.203532 2.069443 2.937546 0.123107 2.346040 2.805501 0.223497 2.258086 2.863829 0.268433 
2.117172 2.358485 0.092199 1.942354 2.211226 0.149221 2.567779 2.006403 0.095765 2.491424 2.443712 0.147785 1.715090 3.029790 0.197357 2.070798 2.933807 0.115726 2.343450 2.805987 0.214555 2.253109 2.865272 0.256887 
2.118555 2.358294 0.092161 1.945102 2.212270 0.144573 2.571006 2.003728 0.101683 2.492133 2.446081 0.149914 1.715537 3.027101 0.190779 2.066901 2.934758 0.115139 2.341603 2.808486 0.213753 2.251829 2.866847 0.257351 
2.118224 2.358976 0.091637 1.945557 2.212317 0.144009 2.572882 2.007033 0.103732 2.491848 2.449084 0.151965 1.713404 3.025264 0.186083 2.060413 2.937255 0.116878 2.339082 2.811635 0.216624 2.250574 2.868589 0.262114 
2.116634 2.359785 0.092141 1.945020 2.212041 0.143878 2.574041 2.011048 0.106512 2.490398 2.452199 0.154801 1.708721 3.023915 0.183913 2.053842 2.938902 0.118260 2.334993 2.814453 0.219873 2.247361 2.870080 0.266223 
2.114546 2.360611 0.093580 1.944090 2.211722 0.143342 2.574718 2.014524 0.110797 2.487998 2.455286 0.158253 1.702208 3.022627 0.183477 2.048212 2.939346 0.118611 2.329663 2.816743 0.222290 2.241914 2.871517 0.268070 
2.112257 2.361509 0.095517 1.942877 2.211393 0.142621 2.575016 2.017845 0.116326 2.485236 2.458191 0.162610 1.694117 3.021313 0.183637 2.042680 2.939679 0.118946 2.324067 2.818778 0.224929 2.235714 2.872971 0.269785 
2.109931 2.362436 0.097720 1.941361 2.211164 0.142144 2.574844 2.021208 0.123175 2.481959 2.461124 0.168114 1.685780 3.019997 0.182646 2.037240 2.940053 0.119571 2.317849 2.820931 0.228426 2.228668 2.874578 0.272051 
2.108287 2.363621 0.099379 1.940448 2.211442 0.141634 2.574783 2.024123 0.128757 2.479233 2.464254 0.171309 1.682630 3.018967 0.180001 2.032004 2.941121 0.118628 2.312200 2.824106 0.229745 2.223229 2.876786 0.272789 
2.106811 2.365191 0.100879 1.940079 2.212047 0.141615 2.575185 2.027211 0.131799 2.477748 2.467175 0.171562 1.678175 3.018833 0.180353 2.028273 2.942078 0.115705 2.309069 2.826694 0.227459 2.219823 2.879218 0.269925 
2.105337 2.366617 0.102239 1.939797 2.212727 0.141683 2.575484 2.029671 0.134132 2.476698 2.469573 0.170911 1.673589 3.019293 0.181341 2.025618 2.942807 0.112064 2.306894 2.828838 0.224104 2.217367 2.881421 0.265883 
2.104017 2.367776 0.103297 1.939488 2.213462 0.141743 2.575542 2.031357 0.136356 2.475855 2.471422 0.170181 1.669782 3.020224 0.181593 2.023970 2.943382 0.108361 2.305266 2.830613 0.220748 2.215543 2.883306 0.261791 
2.103286 2.368628 0.103490 1.939369 2.214219 0.141858 2.575597 2.032518 0.137757 2.475558 2.472730 0.169032 1.667601 3.021335 0.180054 2.023204 2.944019 0.104770 2.304649 2.832063 0.217484 2.214896 2.884904 0.258107 
2.103092 2.369204 0.102986 1.939271 2.214959 0.142022 2.575534 2.033275 0.139012 2.475496 2.473618 0.167916 1.667107 3.022414 0.176346 2.023147 2.944569 0.101059 2.304572 2.833201 0.214412 2.214828 2.886252 0.254700 
2.103220 2.369520 0.102146 1.939168 2.215656 0.142211 2.575332 2.033578 0.140239 2.475575 2.474087 0.167030 1.667759 3.023441 0.171557 2.023675 2.944965 0.097571 2.304872 2.833986 0.211759 2.215159 2.887284 0.251740 
2.103548 2.369615 0.101036 1.939072 2.216304 0.142393 2.575032 2.033476 0.141193 2.475808 2.474188 0.166241 1.669155 3.024504 0.166299 2.024711 2.945276 0.094489 2.305529 2.834475 0.209545 2.215904 2.888024 0.249299 
2.104038 2.369603 0.099865 1.938985 2.216909 0.142559 2.574678 2.033111 0.141960 2.476140 2.474044 0.165502 1.670542 3.025516 0.161096 2.026135 2.945516 0.091724 2.306411 2.834751 0.207590 2.216906 2.888556 0.247158 
2.103856 2.369962 0.100167 1.938835 2.217412 0.142699 2.574377 2.032772 0.142560 2.476404 2.473937 0.164901 1.668724 3.026345 0.161196 2.026750 2.945828 0.090215 2.307057 2.835001 0.206090 2.217784 2.888940 0.245490 
2.103685 2.370232 0.100383 1.938722 2.217720 0.142800 2.574237 2.032734 0.143012 2.476478 2.474031 0.164520 1.667947 3.026596 0.161317 2.026644 2.945996 0.089141 2.307233 2.835270 0.205088 2.218096 2.889261 0.244327 
2.103600 2.370416 0.100517 1.938661 2.217865 0.142873 2.574207 2.032866 0.143289 2.476431 2.474212 0.164323 1.667461 3.026604 0.161351 2.026461 2.946049 0.088535 2.307139 2.835484 0.204528 2.218012 2.889496 0.243604 
2.103600 2.370437 0.100537 1.938648 2.217867 0.142918 2.574205 2.032901 0.143301 2.476403 2.474243 0.164278 1.667353 3.026639 0.161356 2.026558 2.946007 0.088453 2.307100 2.835493 0.204436 2.217926 2.889523 0.243423 
2.103679 2.370372 0.100490 1.938655 2.217792 0.142952 2.574216 2.032871 0.143162 2.476400 2.474177 0.164322 1.667434 3.026661 0.161338 2.026802 2.945936 0.088678 2.307107 2.835393 0.204625 2.217890 2.889428 0.243599 
2.103836 2.370247 0.100388 1.938678 2.217661 0.142971 2.574234 2.032786 0.142914 2.476402 2.474049 0.164425 1.667699 3.026587 0.161289 2.027116 2.945811 0.089108 2.307129 2.835208 0.205005 2.217848 2.889243 0.243979 
2.104048 2.370075 0.100247 1.938709 2.217485 0.142986 2.574258 2.032661 0.142578 2.476411 2.473870 0.164576 1.668078 3.026489 0.161230 2.027528 2.945652 0.089712 2.307159 2.834958 0.205548 2.217812 2.888984 0.244540 
2.104298 2.369871 0.100078 1.938746 2.217283 0.142990 2.574285 2.032506 0.142183 2.476425 2.473656 0.164760 1.668544 3.026360 0.161168 2.027986 2.945470 0.090433 2.307199 2.834665 0.206198 2.217784 2.888675 0.245224 
2.104586 2.369636 0.099870 1.938787 2.217055 0.142994 2.574315 2.032329 0.141743 2.476441 2.473415 0.164967 1.669254 3.025967 0.161074 2.028218 2.945260 0.091216 2.307240 2.834338 0.206930 2.217758 2.888327 0.246000 
2.104895 2.369378 0.099648 1.938832 2.216808 0.142990 2.574345 2.032125 0.141258 2.476463 2.473145 0.165198 1.670029 3.025534 0.161006 2.028461 2.945029 0.092086 2.307293 2.833975 0.207740 2.217740 2.887939 0.246862 
2.105164 2.369109 0.099493 1.938873 2.216545 0.142987 2.574365 2.031863 0.140718 2.476503 2.472822 0.165444 1.670736 3.025131 0.161263 2.028722 2.944786 0.093088 2.307383 2.833564 0.208634 2.217775 2.887497 0.247813 
2.105333 2.368844 0.099475 1.938905 2.216273 0.142977 2.574366 2.031517 0.140117 2.476572 2.472430 0.165705 1.671236 3.024811 0.162109 2.028993 2.944541 0.094265 2.307528 2.833098 0.209621 2.217896 2.886991 0.248869 
2.105427 2.368575 0.099561 1.938931 2.215982 0.142967 2.574359 2.031115 0.139456 2.476659 2.471988 0.165986 1.671555 3.024548 0.163419 2.029271 2.944291 0.095607 2.307710 2.832585 0.210703 2.218073 2.886427 0.250036 
2.105518 2.368294 0.099674 1.938959 2.215664 0.142951 2.574359 2.030702 0.138737 2.476746 2.471524 0.166293 1.671855 3.024250 0.164908 2.029539 2.944021 0.097078 2.307885 2.832035 0.211883 2.218243 2.885819 0.251310 
2.105599 2.368015 0.099820 1.938988 2.215324 0.142949 2.574373 2.030314 0.137983 2.476827 2.471064 0.166614 1.672099 3.023916 0.166551 2.029761 2.943746 0.098631 2.308041 2.831477 0.213120 2.218394 2.885193 0.252657 
2.105635 2.367821 0.099983 1.939001 2.215039 0.142974 2.574406 2.030088 0.137376 2.476862 2.470753 0.166870 1.672177 3.023616 0.168000 2.029849 2.943534 0.099888 2.308102 2.831061 0.214109 2.218442 2.884717 0.253731 
2.105651 2.367677 0.100136 1.939015 2.214823 0.142980 2.574429 2.029915 0.136954 2.476866 2.470529 0.167084 1.672206 3.023377 0.169153 2.029927 2.943340 0.100846 2.308105 2.830744 0.214857 2.218407 2.884359 0.254496 
2.105659 2.367573 0.100260 1.939015 2.214664 0.143011 2.574442 2.029800 0.136676 2.476861 2.470372 0.167256 1.672219 3.023206 0.169969 2.029987 2.943196 0.101536 2.308098 2.830516 0.215405 2.218366 2.884105 0.255045 
2.105663 2.367514 0.100333 1.939012 2.214568 0.143046 2.574451 2.029742 0.136519 2.476851 2.470286 0.167347 1.672227 3.023110 0.170424 2.030039 2.943099 0.101912 2.308084 2.830385 0.215701 2.218321 2.883963 0.255319 
2.105664 2.367496 0.100356 1.939008 2.214535 0.143074 2.574461 2.029727 0.136476 2.476835 2.470274 0.167365 1.672233 3.023083 0.170551 2.030091 2.943040 0.102004 2.308061 2.830340 0.215768 2.218261 2.883925 0.255335 
2.105663 2.367507 0.100349 1.939004 2.214543 0.143097 2.574473 2.029740 0.136513 2.476816 2.470310 0.167339 1.672240 3.023104 0.170456 2.030142 2.943007 0.101907 2.308031 2.830352 0.215683 2.218193 2.883954 0.255181 
2.105661 2.367533 0.100322 1.938998 2.214576 0.143119 2.574484 2.029773 0.136594 2.476795 2.470374 0.167284 1.672247 3.023153 0.170230 2.030188 2.942991 0.101697 2.307999 2.830399 0.215509 2.218123 2.884025 0.254930 
2.105657 2.367569 0.100284 1.938989 2.214620 0.143148 2.574494 2.029822 0.136696 2.476773 2.470453 0.167211 1.672250 3.023217 0.169927 2.030233 2.942986 0.101424 2.307965 2.830467 0.215287 2.218053 2.884119 0.254626 
2.105654 2.367610 0.100239 1.938980 2.214671 0.143178 2.574503 2.029877 0.136806 2.476751 2.470539 0.167129 1.672255 3.023289 0.169592 2.030275 2.942987 0.101121 2.307932 2.830544 0.215038 2.217983 2.884224 0.254296 
2.105650 2.367652 0.100193 1.938969 2.214722 0.143212 2.574513 2.029937 0.136919 2.476728 2.470628 0.167043 1.672258 3.023363 0.169243 2.030317 2.942989 0.100809 2.307898 2.830624 0.214783 2.217914 2.884332 0.253959 
2.105646 2.367689 0.100150 1.938959 2.214770 0.143242 2.574520 2.029989 0.137026 2.476705 2.470710 0.166967 1.672267 3.023432 0.168921 2.030364 2.942985 0.100520 2.307865 2.830695 0.214548 2.217843 2.884431 0.253640 
2.105646 2.367707 0.100130 1.938953 2.214792 0.143266 2.574529 2.030008 0.137091 2.476687 2.470757 0.166928 1.672283 3.023470 0.168739 2.030416 2.942963 0.100360 2.307839 2.830724 0.214417 2.217782 2.884481 0.253437 
2.105648 2.367710 0.100123 1.938950 2.214793 0.143286 2.574543 2.030008 0.137105 2.476674 2.470780 0.166913 1.672299 3.023483 0.168685 2.030466 2.942929 0.100309 2.307820 2.830722 0.214372 2.217731 2.884492 0.253339 
2.105652 2.367702 0.100126 1.938946 2.214776 0.143311 2.574558 2.029999 0.137079 2.476663 2.470784 0.166912 1.672319 3.023476 0.168722 2.030517 2.942884 0.100335 2.307802 2.830696 0.214389 2.217684 2.884475 0.253307 
2.105657 2.367687 0.100135 1.938943 2.214749 0.143330 2.574575 2.029982 0.137027 2.476653 2.470777 0.166923 1.672338 3.023457 0.168822 2.030569 2.942831 0.100416 2.307789 2.830652 0.214447 2.217637 2.884438 0.253322 
2.105657 2.367669 0.100158 1.938940 2.214714 0.143351 2.574592 2.029957 0.136957 2.476644 2.470761 0.166941 1.672344 3.023434 0.168996 2.030620 2.942774 0.100535 2.307775 2.830598 0.214535 2.217595 2.884388 0.253369 
2.105631 2.367671 0.100201 1.938933 2.214693 0.143372 2.574612 2.029950 0.136892 2.476636 2.470763 0.166944 1.672274 3.023436 0.169236 2.030647 2.942733 0.100627 2.307761 2.830563 0.214588 2.217556 2.884356 0.253384 
2.105567 2.367700 0.100271 1.938917 2.214696 0.143412 2.574624 2.029977 0.136886 2.476619 2.470798 0.166908 1.672120 3.023493 0.169465 2.030659 2.942711 0.100595 2.307733 2.830573 0.214527 2.217504 2.884377 0.253262 
2.105518 2.367717 0.100334 1.938909 2.214698 0.143428 2.574634 2.029969 0.136905 2.476601 2.470820 0.166896 1.672014 3.023535 0.169654 2.030694 2.942674 0.100581 2.307704 2.830569 0.214488 2.217443 2.884384 0.253154 
2.105500 2.367713 0.100374 1.938907 2.214683 0.143440 2.574647 2.029943 0.136892 2.476591 2.470820 0.166906 1.671976 3.023542 0.169808 2.030736 2.942630 0.100632 2.307687 2.830540 0.214514 2.217399 2.884361 0.253131 
2.105475 2.367725 0.100404 1.938900 2.214680 0.143462 2.574662 2.029945 0.136884 2.476581 2.470840 0.166892 1.671918 3.023565 0.169915 2.030762 2.942604 0.100625 2.307670 2.830535 0.214493 2.217361 2.884364 0.253065 
2.105459 2.367724 0.100428 1.938894 2.214672 0.143484 2.574671 2.029935 0.136881 2.476567 2.470847 0.166886 1.671897 3.023582 0.169995 2.030816 2.942559 0.100626 2.307651 2.830516 0.214481 2.217307 2.884357 0.252991 
2.105446 2.367729 0.100447 1.938889 2.214667 0.143502 2.574685 2.029929 0.136874 2.476558 2.470862 0.166876 1.671869 3.023599 0.170063 2.030856 2.942526 0.100621 2.307636 2.830505 0.214465 2.217267 2.884355 0.252928 
2.105432 2.367730 0.100467 1.938884 2.214661 0.143523 2.574696 2.029918 0.136866 2.476547 2.470871 0.166869 1.671845 3.023615 0.170136 2.030904 2.942488 0.100624 2.307621 2.830488 0.214456 2.217224 2.884348 0.252866 
2.105414 2.367733 0.100491 1.938878 2.214655 0.143543 2.574707 2.029909 0.136857 2.476536 2.470881 0.166861 1.671813 3.023635 0.170225 2.030950 2.942450 0.100626 2.307607 2.830472 0.214444 2.217182 2.884342 0.252802 
2.105393 2.367737 0.100520 1.938871 2.214648 0.143564 2.574718 2.029898 0.136849 2.476526 2.470890 0.166852 1.671775 3.023657 0.170332 2.030994 2.942414 0.100631 2.307593 2.830455 0.214433 2.217141 2.884336 0.252739 
2.105370 2.367741 0.100553 1.938865 2.214643 0.143583 2.574729 2.029886 0.136842 2.476516 2.470899 0.166844 1.671727 3.023681 0.170447 2.031037 2.942378 0.100636 2.307579 2.830440 0.214422 2.217101 2.884330 0.252676 
2.105346 2.367746 0.100586 1.938859 2.214638 0.143604 2.574740 2.029876 0.136834 2.476507 2.470908 0.166836 1.671681 3.023705 0.170568 2.031080 2.942342 0.100643 2.307566 2.830424 0.214411 2.217062 2.884323 0.252613 
2.105323 2.367751 0.100617 1.938853 2.214632 0.143623 2.574750 2.029863 0.136825 2.476497 2.470917 0.166827 1.671635 3.023730 0.170684 2.031123 2.942306 0.100649 2.307553 2.830408 0.214400 2.217024 2.884317 0.252551 
2.105302 2.367755 0.100646 1.938846 2.214626 0.143644 2.574761 2.029853 0.136815 2.476488 2.470926 0.166818 1.671593 3.023753 0.170790 2.031168 2.942271 0.100653 2.307541 2.830391 0.214389 2.216986 2.884310 0.252488 
2.105283 2.367758 0.100671 1.938840 2.214621 0.143662 2.574770 2.029840 0.136805 2.476479 2.470933 0.166809 1.671558 3.023776 0.170886 2.031214 2.942234 0.100657 2.307530 2.830375 0.214378 2.216949 2.884303 0.252426 
