-0.605679 -0.795707 0.001727 0.798275 -0.602185 -0.011394 -0.794577 0.607056 0.011384 0.587786 0.809015 -0.001473 
-0.605681 -0.795706 0.001565 0.798285 -0.602191 -0.010287 -0.794587 0.607063 0.010278 0.587788 0.809014 -0.001335 
-0.605683 -0.795704 0.001401 0.798294 -0.602197 -0.009257 -0.794596 0.607069 0.009249 0.587790 0.809013 -0.001195 
-0.605541 -0.795809 0.002679 0.798403 -0.602069 -0.008115 -0.794705 0.606942 0.008099 0.587646 0.809115 -0.002497 
-0.605361 -0.795947 0.002643 0.798507 -0.601874 -0.011547 -0.794811 0.606748 0.011531 0.587462 0.809248 -0.002385 
-0.605448 -0.795883 0.001673 0.798454 -0.601954 -0.011075 -0.794757 0.606827 0.011065 0.587551 0.809186 -0.001426 
-0.605453 -0.795880 0.001347 0.798463 -0.601963 -0.009881 -0.794766 0.606835 0.009873 0.587556 0.809183 -0.001127 
-0.605397 -0.795923 0.001086 0.798521 -0.601912 -0.008104 -0.794824 0.606785 0.008098 0.587499 0.809225 -0.000905 
-0.605399 -0.795922 0.000893 0.798526 -0.601916 -0.007342 -0.794829 0.606789 0.007337 0.587500 0.809224 -0.000729 
-0.605507 -0.795840 -0.000400 0.798458 -0.602023 -0.005814 -0.794761 0.606895 0.005817 0.587610 0.809144 0.000530 
-0.605867 -0.795537 -0.006744 0.798190 -0.602405 -0.001038 -0.794491 0.607275 0.001079 0.587976 0.808850 0.006766 
-0.605872 -0.795518 -0.008324 0.798181 -0.602417 -0.000832 -0.794482 0.607287 0.000883 0.587981 0.808832 0.008342 
-0.606046 -0.795298 -0.014491 0.798014 -0.602638 -0.000073 -0.794314 0.607507 0.000161 0.588159 0.808616 0.014490 
-0.599825 -0.800037 -0.012267 0.802703 -0.596380 -0.000078 -0.799040 0.601277 0.000153 0.581835 0.813214 0.012266 
-0.599987 -0.799968 -0.008150 0.802598 -0.596520 0.000357 -0.798935 0.601417 -0.000307 0.581999 0.813149 0.008141 
-0.600120 -0.799874 -0.007521 0.802502 -0.596649 0.000274 -0.798838 0.601546 -0.000228 0.582134 0.813058 0.007514 
-0.601698 -0.798567 -0.015831 0.801301 -0.598257 -0.002374 -0.797627 0.603146 0.002471 0.583738 0.811787 0.015882 
-0.601349 -0.798465 -0.028880 0.801323 -0.598214 0.004623 -0.797651 0.603102 -0.004446 0.583388 0.811684 0.028773 
-0.601230 -0.798304 -0.035120 0.801318 -0.598225 0.004132 -0.797647 0.603112 -0.003918 0.583269 0.811524 0.035022 
-0.601155 -0.798191 -0.038789 0.801315 -0.598231 0.003697 -0.797645 0.603118 -0.003460 0.583195 0.811410 0.038701 
-0.601019 -0.797997 -0.044465 0.801311 -0.598240 0.003289 -0.797641 0.603125 -0.003017 0.583059 0.811217 0.044385 
-0.600888 -0.797809 -0.049333 0.801307 -0.598246 0.002936 -0.797639 0.603130 -0.002634 0.582928 0.811029 0.049261 
-0.601082 -0.797523 -0.051552 0.801110 -0.598510 0.002863 -0.797440 0.603392 -0.002548 0.583126 0.810749 0.051480 
-0.794766 0.606907 -0.003194 0.429658 -0.902991 0.000815 0.913033 0.407800 0.008403 0.494969 0.868909 -0.001911 -0.604619 -0.794935 -0.050137 -0.556607 -0.830535 0.019999 
-0.794769 0.606906 -0.002826 0.429204 -0.903203 -0.002948 0.913233 0.407296 0.010796 0.501597 0.865052 0.009266 -0.604748 -0.795061 -0.046459 -0.565768 -0.824550 0.004961 
-0.794769 0.606906 -0.002523 0.428868 -0.903367 -0.000479 0.913413 0.407002 0.005041 0.501892 0.864877 0.009607 -0.604894 -0.795210 -0.041764 -0.566097 -0.824332 0.003220 
-0.794767 0.606910 -0.002238 0.428705 -0.903444 -0.000417 0.913487 0.406838 0.004918 0.501902 0.864871 0.009667 -0.604912 -0.795205 -0.041610 -0.566100 -0.824332 0.002918 
-0.794765 0.606913 -0.001978 0.428460 -0.903561 -0.000362 0.913594 0.406588 0.005689 0.501916 0.864862 0.009680 -0.604907 -0.795177 -0.042203 -0.566107 -0.824328 0.002643 
-0.794765 0.606915 -0.001742 0.428395 -0.903592 -0.000311 0.913623 0.406521 0.005794 0.501923 0.864858 0.009699 -0.604917 -0.795170 -0.042186 -0.566111 -0.824326 0.002398 
-0.794764 0.606916 -0.001529 0.428554 -0.903516 -0.000202 0.913553 0.406685 0.005291 0.501924 0.864858 0.009683 -0.604942 -0.795185 -0.041554 -0.566112 -0.824326 0.002176 
-0.794764 0.606917 -0.001339 0.428786 -0.903406 0.000611 0.913451 0.406925 0.004344 0.501929 0.864859 0.009273 -0.604982 -0.795221 -0.040249 -0.566116 -0.824323 0.001980 
-0.794764 0.606918 -0.001171 0.428857 -0.903370 0.002068 0.913422 0.407002 0.003101 0.501944 0.864859 0.008427 -0.605040 -0.795279 -0.038175 -0.566126 -0.824317 0.001806 
-0.794764 0.606918 -0.001018 0.429133 -0.903234 0.003512 0.913300 0.407284 0.001642 0.501951 0.864864 0.007429 -0.605109 -0.795354 -0.035430 -0.566129 -0.824315 0.001677 
-0.794763 0.606919 -0.000877 0.429580 -0.903016 0.004855 0.913100 0.407735 0.000234 0.501771 0.864977 0.006348 -0.605172 -0.795425 -0.032645 -0.565907 -0.824467 0.001691 
-0.794729 0.606964 -0.000744 0.430019 -0.902797 0.006445 0.912901 0.408180 -0.000138 0.500566 0.865684 0.004935 -0.605273 -0.795454 -0.029955 -0.564425 -0.825483 0.001651 
-0.794685 0.607021 -0.000621 0.430793 -0.902414 0.008124 0.912547 0.408971 0.000268 0.498405 0.866937 0.003515 -0.605374 -0.795458 -0.027742 -0.561784 -0.827283 0.001460 
-0.794686 0.607021 -0.000509 0.431974 -0.901837 0.009387 0.912009 0.410170 0.000247 0.496428 0.868075 0.002322 -0.605413 -0.795503 -0.025481 -0.559402 -0.828896 0.001360 
-0.794731 0.606962 -0.000406 0.433089 -0.901290 0.010555 0.911499 0.411303 0.000254 0.494697 0.869065 0.001128 -0.605392 -0.795592 -0.023103 -0.557361 -0.830269 0.001263 
-0.794732 0.606961 -0.000312 0.433827 -0.900922 0.011571 0.911159 0.412055 0.000270 0.493379 0.869814 0.000046 -0.605422 -0.795629 -0.020915 -0.555823 -0.831300 0.001178 
-0.794732 0.606960 -0.000228 0.434137 -0.900762 0.012372 0.911015 0.412372 0.000277 0.492517 0.870302 -0.000926 -0.605449 -0.795662 -0.018783 -0.554863 -0.831941 0.001103 
-0.794732 0.606960 -0.000155 0.434182 -0.900731 0.013041 0.910993 0.412422 0.000270 0.491925 0.870636 -0.001813 -0.605473 -0.795690 -0.016752 -0.554239 -0.832357 0.001041 
-0.794732 0.606960 -0.000089 0.434127 -0.900749 0.013626 0.911017 0.412369 0.000276 0.491414 0.870922 -0.002632 -0.605492 -0.795713 -0.014832 -0.553708 -0.832710 0.000980 
-0.794476 0.607286 0.003353 0.433917 -0.900841 0.014222 0.911113 0.412157 0.000085 0.490453 0.871459 -0.003977 -0.605853 -0.795410 -0.016304 -0.552394 -0.833583 0.000964 
-0.794476 0.607295 0.000262 0.434106 -0.900741 0.014780 0.911024 0.412354 0.000193 0.490030 0.871699 -0.003561 -0.605801 -0.795413 -0.017959 -0.551908 -0.833901 0.002563 
-0.794476 0.607296 0.000224 0.434263 -0.900661 0.015028 0.910949 0.412519 0.000481 0.489470 0.872011 -0.004048 -0.605818 -0.795437 -0.016282 -0.551292 -0.834309 0.002311 
-0.794476 0.607296 0.000188 0.434453 -0.900566 0.015232 0.910861 0.412713 0.000599 0.489034 0.872253 -0.004459 -0.605832 -0.795455 -0.014787 -0.550819 -0.834622 0.002117 
-0.794475 0.607296 0.000157 0.434519 -0.900531 0.015369 0.910830 0.412782 0.000641 0.488802 0.872382 -0.004788 -0.605843 -0.795470 -0.013455 -0.550586 -0.834776 0.001948 
-0.794475 0.607297 0.000128 0.434489 -0.900545 0.015451 0.910843 0.412752 0.000683 0.488709 0.872432 -0.005061 -0.605852 -0.795482 -0.012277 -0.550515 -0.834823 0.001795 
-0.794475 0.607297 0.000104 0.434438 -0.900569 0.015474 0.910866 0.412702 0.000692 0.488707 0.872432 -0.005268 -0.605859 -0.795492 -0.011242 -0.550547 -0.834803 0.001657 
-0.794475 0.607297 0.000083 0.434419 -0.900578 0.015496 0.910875 0.412681 0.000687 0.488697 0.872436 -0.005446 -0.605865 -0.795500 -0.010338 -0.550556 -0.834797 0.001537 
-0.794475 0.607297 0.000063 0.434417 -0.900578 0.015518 0.910876 0.412680 0.000696 0.488677 0.872447 -0.005584 -0.605869 -0.795506 -0.009609 -0.550543 -0.834805 0.001428 
-0.794475 0.607297 0.000057 0.434404 -0.900584 0.015519 0.910881 0.412668 0.000743 0.488659 0.872457 -0.005624 -0.605871 -0.795509 -0.009245 -0.550532 -0.834813 0.001321 
-0.794475 0.607297 0.000056 0.434387 -0.900593 0.015494 0.910889 0.412651 0.000833 0.488651 0.872462 -0.005590 -0.605872 -0.795510 -0.009152 -0.550529 -0.834815 0.001218 
-0.794475 0.607297 0.000056 0.434379 -0.900597 0.015453 0.910891 0.412645 0.000947 0.488643 0.872466 -0.005514 -0.605871 -0.795509 -0.009210 -0.550522 -0.834820 0.001119 
-0.794475 0.607297 0.000058 0.434378 -0.900599 0.015398 0.910892 0.412644 0.001019 0.488643 0.872467 -0.005419 -0.605871 -0.795509 -0.009300 -0.550522 -0.834820 0.001032 
-0.794475 0.607297 0.000057 0.434376 -0.900601 0.015343 0.910893 0.412642 0.001083 0.488643 0.872467 -0.005330 -0.605870 -0.795508 -0.009383 -0.550522 -0.834820 0.000955 
-0.794475 0.607296 0.000058 0.434373 -0.900603 0.015292 0.910893 0.412641 0.001141 0.488643 0.872468 -0.005248 -0.605870 -0.795508 -0.009459 -0.550522 -0.834820 0.000884 
-0.794475 0.607296 0.000059 0.434371 -0.900605 0.015243 0.910894 0.412639 0.001193 0.488643 0.872468 -0.005173 -0.605869 -0.795507 -0.009528 -0.550521 -0.834821 0.000820 
-0.794475 0.607296 0.000058 0.434369 -0.900607 0.015196 0.910895 0.412637 0.001241 0.488643 0.872469 -0.005103 -0.605869 -0.795507 -0.009594 -0.550522 -0.834821 0.000763 
-0.794475 0.607296 0.000059 0.434368 -0.900608 0.015150 0.910895 0.412636 0.001287 0.488644 0.872469 -0.005038 -0.605868 -0.795506 -0.009657 -0.550522 -0.834821 0.000710 
-0.794347 0.607458 0.002709 0.434186 -0.900699 0.014944 0.910979 0.412450 0.001295 0.488418 0.872593 -0.005481 -0.606044 -0.795343 -0.011842 -0.550139 -0.835073 0.000666 
-0.794348 0.607459 0.002419 0.434148 -0.900720 0.014779 0.910996 0.412412 0.001365 0.488413 0.872596 -0.005303 -0.606042 -0.795346 -0.011747 -0.550138 -0.835073 0.000642 
-0.794348 0.607459 0.002163 0.434113 -0.900740 0.014599 0.911013 0.412376 0.001419 0.488417 0.872596 -0.005072 -0.606038 -0.795347 -0.011855 -0.550143 -0.835070 0.000623 
-0.794349 0.607459 0.001952 0.434084 -0.900757 0.014417 0.911026 0.412346 0.001477 0.488414 0.872599 -0.004843 -0.606035 -0.795348 -0.011999 -0.550139 -0.835073 0.000592 
-0.794349 0.607458 0.001762 0.434056 -0.900773 0.014238 0.911039 0.412317 0.001526 0.488411 0.872602 -0.004627 -0.606032 -0.795348 -0.012133 -0.550135 -0.835075 0.000563 
-0.794350 0.607458 0.001590 0.434031 -0.900788 0.014070 0.911051 0.412291 0.001569 0.488408 0.872604 -0.004428 -0.606029 -0.795348 -0.012257 -0.550132 -0.835078 0.000538 
-0.794350 0.607458 0.001436 0.434008 -0.900801 0.013916 0.911062 0.412267 0.001614 0.488406 0.872606 -0.004246 -0.606026 -0.795348 -0.012375 -0.550129 -0.835079 0.000514 
-0.794351 0.607458 0.001296 0.433990 -0.900812 0.013775 0.911070 0.412249 0.001670 0.488407 0.872606 -0.004084 -0.606024 -0.795348 -0.012491 -0.550132 -0.835078 0.000493 
-0.794352 0.607457 0.001170 0.434012 -0.900804 0.013629 0.911060 0.412271 0.001738 0.488415 0.872603 -0.003930 -0.606022 -0.795348 -0.012610 -0.550145 -0.835069 0.000473 
-0.794352 0.607457 0.001056 0.434089 -0.900769 0.013469 0.911024 0.412348 0.001819 0.488433 0.872593 -0.003779 -0.606019 -0.795348 -0.012731 -0.550176 -0.835049 0.000456 
-0.794352 0.607457 0.000953 0.434137 -0.900748 0.013350 0.911002 0.412397 0.001913 0.488445 0.872587 -0.003656 -0.606016 -0.795348 -0.012854 -0.550196 -0.835035 0.000440 
-0.794353 0.607456 0.000860 0.434136 -0.900749 0.013292 0.911002 0.412397 0.002019 0.488445 0.872588 -0.003569 -0.606014 -0.795348 -0.012982 -0.550195 -0.835036 0.000425 
-0.794354 0.607455 0.000776 0.434132 -0.900752 0.013259 0.911004 0.412393 0.002134 0.488444 0.872588 -0.003502 -0.606012 -0.795348 -0.013106 -0.550195 -0.835036 0.000412 
-0.794354 0.607455 0.000699 0.434129 -0.900754 0.013241 0.911004 0.412391 0.002249 0.488444 0.872589 -0.003449 -0.606010 -0.795347 -0.013223 -0.550194 -0.835037 0.000400 
-0.794354 0.607455 0.000628 0.434126 -0.900755 0.013229 0.911005 0.412390 0.002350 0.488443 0.872589 -0.003402 -0.606008 -0.795347 -0.013324 -0.550194 -0.835037 0.000390 
-0.794354 0.607455 0.000565 0.434124 -0.900756 0.013222 0.911005 0.412389 0.002437 0.488443 0.872589 -0.003363 -0.606006 -0.795347 -0.013410 -0.550194 -0.835037 0.000380 
-0.794355 0.607454 0.000507 0.434122 -0.900757 0.013221 0.911005 0.412387 0.002513 0.488443 0.872589 -0.003331 -0.606005 -0.795347 -0.013481 -0.550194 -0.835037 0.000372 
-0.794355 0.607454 0.000455 0.434121 -0.900758 0.013225 0.911005 0.412387 0.002577 0.488443 0.872590 -0.003304 -0.606003 -0.795347 -0.013539 -0.550193 -0.835037 0.000364 
-0.794355 0.607453 0.000407 0.434120 -0.900758 0.013232 0.911005 0.412386 0.002632 0.488443 0.872590 -0.003283 -0.606002 -0.795347 -0.013587 -0.550193 -0.835037 0.000357 
-0.794356 0.607453 0.000364 0.434119 -0.900758 0.013241 0.911005 0.412386 0.002681 0.488443 0.872590 -0.003265 -0.606001 -0.795347 -0.013628 -0.550193 -0.835037 0.000351 
-0.794356 0.607453 0.000325 0.434118 -0.900759 0.013249 0.911005 0.412386 0.002725 0.488443 0.872590 -0.003248 -0.606000 -0.795347 -0.013665 -0.550193 -0.835037 0.000345 
-0.794356 0.607452 0.000289 0.434117 -0.900759 0.013254 0.911005 0.412385 0.002767 0.488443 0.872590 -0.003232 -0.605999 -0.795348 -0.013702 -0.550193 -0.835038 0.000341 
-0.794356 0.607452 0.000257 0.434116 -0.900759 0.013253 0.911005 0.412385 0.002808 0.488442 0.872590 -0.003214 -0.605998 -0.795348 -0.013741 -0.550193 -0.835038 0.000336 
-0.794357 0.607452 0.000227 0.434116 -0.900760 0.013246 0.911006 0.412384 0.002851 0.488442 0.872590 -0.003194 -0.605997 -0.795348 -0.013785 -0.550193 -0.835038 0.000333 
-0.794357 0.607452 0.000201 0.434115 -0.900760 0.013230 0.911005 0.412384 0.002906 0.488442 0.872591 -0.003173 -0.605996 -0.795348 -0.013836 -0.550193 -0.835038 0.000329 
-0.794357 0.607451 0.000177 0.434118 -0.900759 0.013202 0.911003 0.412388 0.002979 0.488442 0.872591 -0.003150 -0.605994 -0.795347 -0.013898 -0.550192 -0.835038 0.000326 
-0.794357 0.607451 0.000155 0.434131 -0.900754 0.013157 0.910997 0.412402 0.003060 0.488441 0.872591 -0.003120 -0.605994 -0.795347 -0.013971 -0.550192 -0.835038 0.000324 
-0.794358 0.607450 0.000135 0.434153 -0.900744 0.013097 0.910986 0.412425 0.003146 0.488440 0.872592 -0.003082 -0.605992 -0.795346 -0.014055 -0.550192 -0.835038 0.000321 
-0.794358 0.607450 0.000118 0.434181 -0.900731 0.013024 0.910973 0.412453 0.003238 0.488439 0.872593 -0.003038 -0.605991 -0.795346 -0.014150 -0.550192 -0.835038 0.000319 
-0.794358 0.607450 0.000102 0.434212 -0.900718 0.012941 0.910959 0.412484 0.003332 0.488438 0.872594 -0.002987 -0.605990 -0.795345 -0.014254 -0.550191 -0.835039 0.000317 
-0.794358 0.607449 0.000089 0.434243 -0.900704 0.012849 0.910944 0.412516 0.003429 0.488436 0.872595 -0.002932 -0.605988 -0.795344 -0.014366 -0.550190 -0.835039 0.000315 
-0.794359 0.607449 0.000089 0.434258 -0.900698 0.012742 0.910937 0.412532 0.003501 0.488435 0.872596 -0.002869 -0.605987 -0.795343 -0.014475 -0.550190 -0.835040 0.000310 
-0.794359 0.607449 0.000089 0.434281 -0.900689 0.012619 0.910926 0.412555 0.003580 0.488433 0.872597 -0.002801 -0.605986 -0.795342 -0.014585 -0.550189 -0.835040 0.000307 
-0.794359 0.607449 0.000090 0.434316 -0.900674 0.012485 0.910910 0.412589 0.003661 0.488431 0.872598 -0.002726 -0.605984 -0.795341 -0.014700 -0.550188 -0.835041 0.000303 
-0.794359 0.607448 0.000090 0.434352 -0.900659 0.012346 0.910893 0.412625 0.003741 0.488429 0.872599 -0.002649 -0.605983 -0.795340 -0.014817 -0.550187 -0.835041 0.000300 
-0.794359 0.607448 0.000091 0.434379 -0.900647 0.012210 0.910881 0.412652 0.003821 0.488427 0.872601 -0.002574 -0.605981 -0.795339 -0.014933 -0.550186 -0.835042 0.000297 
-0.794360 0.607447 0.000092 0.434406 -0.900636 0.012073 0.910868 0.412678 0.003899 0.488426 0.872602 -0.002498 -0.605980 -0.795338 -0.015049 -0.550186 -0.835042 0.000294 
-0.794360 0.607447 0.000093 0.434435 -0.900624 0.011931 0.910855 0.412708 0.003976 0.488424 0.872603 -0.002419 -0.605978 -0.795336 -0.015168 -0.550185 -0.835043 0.000291 
-0.794360 0.607447 0.000095 0.434465 -0.900612 0.011787 0.910841 0.412738 0.004054 0.488422 0.872605 -0.002338 -0.605977 -0.795335 -0.015288 -0.550184 -0.835044 0.000289 
-0.794361 0.607446 0.000096 0.434495 -0.900599 0.011640 0.910827 0.412767 0.004132 0.488419 0.872606 -0.002257 -0.605976 -0.795334 -0.015408 -0.550182 -0.835044 0.000287 
-0.794361 0.607446 0.000095 0.434524 -0.900587 0.011493 0.910814 0.412796 0.004208 0.488418 0.872607 -0.002175 -0.605974 -0.795333 -0.015528 -0.550182 -0.835045 0.000285 
-0.794361 0.607445 0.000097 0.434551 -0.900576 0.011346 0.910801 0.412824 0.004282 0.488415 0.872609 -0.002093 -0.605973 -0.795332 -0.015648 -0.550181 -0.835046 0.000283 
-0.794362 0.607445 0.000096 0.434580 -0.900563 0.011199 0.910788 0.412852 0.004356 0.488413 0.872610 -0.002011 -0.605971 -0.795330 -0.015766 -0.550179 -0.835046 0.000281 
-0.794362 0.607445 0.000098 0.434608 -0.900552 0.011053 0.910775 0.412879 0.004426 0.488411 0.872611 -0.001929 -0.605970 -0.795329 -0.015881 -0.550178 -0.835047 0.000280 
-0.794362 0.607444 0.000098 0.434636 -0.900540 0.010907 0.910762 0.412907 0.004495 0.488409 0.872613 -0.001848 -0.605968 -0.795328 -0.015994 -0.550177 -0.835048 0.000278 
-0.794363 0.607444 0.000100 0.434662 -0.900529 0.010764 0.910750 0.412933 0.004562 0.488407 0.872614 -0.001769 -0.605967 -0.795327 -0.016106 -0.550176 -0.835048 0.000277 
-0.794363 0.607443 0.000100 0.434681 -0.900522 0.010626 0.910742 0.412951 0.004630 0.488406 0.872615 -0.001692 -0.605965 -0.795326 -0.016217 -0.550175 -0.835049 0.000276 
-0.794364 0.607442 0.000100 0.434700 -0.900514 0.010485 0.910733 0.412970 0.004687 0.488409 0.872613 -0.001612 -0.605963 -0.795326 -0.016331 -0.550181 -0.835045 0.000279 
-0.794364 0.607442 0.000102 0.434720 -0.900506 0.010348 0.910724 0.412989 0.004756 0.488407 0.872614 -0.001537 -0.605961 -0.795324 -0.016440 -0.550180 -0.835046 0.000277 
-0.794366 0.607439 0.000102 0.434740 -0.900498 0.010213 0.910714 0.413009 0.004803 0.488412 0.872612 -0.001460 -0.605957 -0.795325 -0.016545 -0.550187 -0.835041 0.000280 
-0.794367 0.607439 0.000102 0.434768 -0.900486 0.010076 0.910702 0.413036 0.004863 0.488410 0.872613 -0.001383 -0.605956 -0.795324 -0.016648 -0.550186 -0.835042 0.000279 
-0.794367 0.607438 0.000105 0.434783 -0.900480 0.009954 0.910695 0.413050 0.004924 0.488408 0.872614 -0.001316 -0.605955 -0.795323 -0.016746 -0.550186 -0.835042 0.000277 
-0.794367 0.607438 0.000105 0.434800 -0.900473 0.009836 0.910687 0.413067 0.004985 0.488407 0.872615 -0.001250 -0.605953 -0.795322 -0.016841 -0.550185 -0.835043 0.000276 
-0.794368 0.607437 0.000105 0.434817 -0.900466 0.009722 0.910679 0.413083 0.005042 0.488405 0.872616 -0.001185 -0.605952 -0.795321 -0.016937 -0.550184 -0.835043 0.000274 
-0.794368 0.607437 0.000105 0.434835 -0.900459 0.009612 0.910671 0.413101 0.005100 0.488404 0.872617 -0.001123 -0.605950 -0.795320 -0.017031 -0.550183 -0.835044 0.000273 
-0.794368 0.607437 0.000105 0.434853 -0.900451 0.009506 0.910663 0.413119 0.005155 0.488402 0.872618 -0.001062 -0.605949 -0.795319 -0.017123 -0.550183 -0.835044 0.000272 
-0.794369 0.607436 0.000105 0.434872 -0.900443 0.009401 0.910654 0.413138 0.005209 0.488401 0.872619 -0.001003 -0.605948 -0.795318 -0.017214 -0.550182 -0.835045 0.000271 
-0.794369 0.607435 0.000108 0.434891 -0.900435 0.009297 0.910645 0.413156 0.005262 0.488400 0.872620 -0.000944 -0.605946 -0.795317 -0.017304 -0.550181 -0.835045 0.000270 
-0.794369 0.607435 0.000108 0.434911 -0.900427 0.009195 0.910636 0.413176 0.005315 0.488398 0.872620 -0.000885 -0.605945 -0.795317 -0.017394 -0.550181 -0.835046 0.000269 
-0.794369 0.607435 0.000109 0.434930 -0.900418 0.009092 0.910627 0.413194 0.005366 0.488397 0.872621 -0.000827 -0.605944 -0.795315 -0.017483 -0.550180 -0.835046 0.000268 
-0.794370 0.607434 0.000109 0.434950 -0.900410 0.008991 0.910618 0.413215 0.005420 0.488395 0.872622 -0.000769 -0.605942 -0.795315 -0.017572 -0.550179 -0.835046 0.000268 
-0.794370 0.607434 0.000110 0.434970 -0.900401 0.008889 0.910608 0.413234 0.005471 0.488394 0.872623 -0.000711 -0.605941 -0.795314 -0.017661 -0.550179 -0.835047 0.000267 
-0.794371 0.607433 0.000110 0.434995 -0.900390 0.008792 0.910597 0.413259 0.005517 0.488395 0.872623 -0.000648 -0.605938 -0.795313 -0.017771 -0.550181 -0.835046 0.000269 
-0.794371 0.607432 0.000111 0.435021 -0.900378 0.008692 0.910585 0.413284 0.005581 0.488393 0.872624 -0.000578 -0.605937 -0.795311 -0.017919 -0.550180 -0.835046 0.000268 
-0.794372 0.607432 0.000113 0.435041 -0.900370 0.008600 0.910576 0.413303 0.005638 0.488404 0.872617 -0.000498 -0.605934 -0.795309 -0.018103 -0.550195 -0.835036 0.000267 
-0.794372 0.607432 0.000114 0.435051 -0.900366 0.008510 0.910571 0.413314 0.005667 0.488451 0.872591 -0.000407 -0.605932 -0.795306 -0.018300 -0.550253 -0.834998 0.000267 
-0.794372 0.607431 0.000115 0.435058 -0.900363 0.008406 0.910568 0.413320 0.005700 0.488500 0.872564 -0.000304 -0.605929 -0.795303 -0.018517 -0.550315 -0.834957 0.000266 
-0.794373 0.607431 0.000117 0.435063 -0.900362 0.008288 0.910566 0.413324 0.005744 0.488551 0.872535 -0.000193 -0.605926 -0.795300 -0.018753 -0.550377 -0.834916 0.000266 
-0.794373 0.607430 0.000118 0.435066 -0.900362 0.008160 0.910565 0.413326 0.005792 0.488603 0.872506 -0.000074 -0.605922 -0.795297 -0.019006 -0.550443 -0.834873 0.000265 
-0.794373 0.607430 0.000120 0.435067 -0.900362 0.008020 0.910564 0.413327 0.005846 0.488657 0.872476 0.000054 -0.605919 -0.795293 -0.019274 -0.550509 -0.834829 0.000265 
-0.794374 0.607430 0.000122 0.435067 -0.900364 0.007868 0.910564 0.413326 0.005911 0.488703 0.872450 0.000188 -0.605915 -0.795289 -0.019557 -0.550567 -0.834791 0.000264 
-0.794374 0.607429 0.000123 0.435068 -0.900364 0.007707 0.910563 0.413326 0.005987 0.488742 0.872429 0.000326 -0.605911 -0.795284 -0.019851 -0.550615 -0.834759 0.000264 
-0.794374 0.607429 0.000126 0.435071 -0.900365 0.007540 0.910563 0.413326 0.006075 0.488772 0.872411 0.000467 -0.605907 -0.795280 -0.020157 -0.550653 -0.834734 0.000263 
-0.794375 0.607428 0.000125 0.435077 -0.900363 0.007367 0.910559 0.413332 0.006170 0.488798 0.872397 0.000610 -0.605903 -0.795275 -0.020466 -0.550686 -0.834713 0.000263 
-0.794375 0.607428 0.000127 0.435088 -0.900359 0.007191 0.910554 0.413342 0.006263 0.488820 0.872384 0.000756 -0.605899 -0.795270 -0.020781 -0.550715 -0.834694 0.000263 
-0.794375 0.607427 0.000130 0.435100 -0.900355 0.007015 0.910549 0.413353 0.006357 0.488838 0.872374 0.000901 -0.605895 -0.795265 -0.021092 -0.550739 -0.834678 0.000262 
-0.794376 0.607427 0.000132 0.435115 -0.900349 0.006838 0.910541 0.413368 0.006450 0.488855 0.872364 0.001045 -0.605891 -0.795260 -0.021398 -0.550760 -0.834663 0.000261 
-0.794376 0.607427 0.000133 0.435132 -0.900342 0.006658 0.910534 0.413382 0.006540 0.488872 0.872355 0.001190 -0.605886 -0.795256 -0.021695 -0.550783 -0.834648 0.000261 
-0.794376 0.607426 0.000136 0.435146 -0.900337 0.006477 0.910528 0.413395 0.006625 0.488891 0.872344 0.001334 -0.605882 -0.795251 -0.021988 -0.550808 -0.834632 0.000260 
-0.794377 0.607426 0.000136 0.435159 -0.900332 0.006297 0.910521 0.413408 0.006709 0.488911 0.872333 0.001477 -0.605878 -0.795246 -0.022275 -0.550833 -0.834615 0.000260 
-0.794377 0.607425 0.000139 0.435172 -0.900326 0.006114 0.910515 0.413420 0.006795 0.488926 0.872324 0.001618 -0.605873 -0.795241 -0.022556 -0.550854 -0.834602 0.000259 
-0.794377 0.607425 0.000140 0.435187 -0.900321 0.005930 0.910508 0.413433 0.006880 0.488940 0.872316 0.001760 -0.605869 -0.795236 -0.022832 -0.550872 -0.834590 0.000259 
-0.794377 0.607425 0.000141 0.435202 -0.900315 0.005746 0.910502 0.413447 0.006962 0.488952 0.872308 0.001900 -0.605865 -0.795232 -0.023104 -0.550889 -0.834579 0.000258 
-0.794378 0.607424 0.000145 0.435218 -0.900308 0.005565 0.910494 0.413462 0.007044 0.488962 0.872303 0.002038 -0.605861 -0.795227 -0.023370 -0.550901 -0.834570 0.000257 
-0.794378 0.607424 0.000146 0.435236 -0.900300 0.005389 0.910486 0.413478 0.007125 0.488966 0.872300 0.002172 -0.605857 -0.795222 -0.023631 -0.550909 -0.834565 0.000257 
-0.794378 0.607424 0.000147 0.435254 -0.900293 0.005217 0.910478 0.413495 0.007207 0.488969 0.872298 0.002302 -0.605853 -0.795218 -0.023886 -0.550914 -0.834562 0.000256 
-0.794379 0.607422 0.000148 0.435273 -0.900285 0.005048 0.910469 0.413513 0.007276 0.488974 0.872295 0.002435 -0.605848 -0.795214 -0.024151 -0.550922 -0.834557 0.000260 
-0.794380 0.607422 0.000150 0.435290 -0.900277 0.004887 0.910461 0.413529 0.007361 0.488976 0.872293 0.002556 -0.605844 -0.795209 -0.024397 -0.550925 -0.834555 0.000259 
-0.794381 0.607420 0.000151 0.435313 -0.900267 0.004728 0.910451 0.413550 0.007426 0.488979 0.872292 0.002681 -0.605839 -0.795206 -0.024645 -0.550930 -0.834551 0.000262 
-0.794384 0.607416 0.000152 0.435382 -0.900233 0.004737 0.910418 0.413621 0.007481 0.488973 0.872295 0.002768 -0.605831 -0.795203 -0.024918 -0.550922 -0.834557 0.000226 
-0.794384 0.607416 0.000156 0.435379 -0.900235 0.004571 0.910420 0.413617 0.007511 0.489040 0.872256 0.002897 -0.605827 -0.795199 -0.025139 -0.551005 -0.834502 0.000228 
-0.794384 0.607415 0.000157 0.435375 -0.900238 0.004403 0.910422 0.413611 0.007540 0.489110 0.872217 0.003034 -0.605823 -0.795194 -0.025378 -0.551092 -0.834444 0.000230 
-0.794385 0.607415 0.000158 0.435371 -0.900241 0.004236 0.910425 0.413606 0.007575 0.489181 0.872177 0.003174 -0.605819 -0.795189 -0.025632 -0.551179 -0.834387 0.000232 
-0.794385 0.607415 0.000160 0.435367 -0.900244 0.004068 0.910427 0.413600 0.007615 0.489252 0.872136 0.003315 -0.605815 -0.795184 -0.025893 -0.551267 -0.834329 0.000234 
-0.794385 0.607414 0.000161 0.435361 -0.900247 0.003898 0.910429 0.413594 0.007659 0.489321 0.872097 0.003457 -0.605810 -0.795179 -0.026160 -0.551353 -0.834272 0.000236 
-0.794385 0.607414 0.000163 0.435356 -0.900251 0.003730 0.910433 0.413586 0.007714 0.489381 0.872062 0.003595 -0.605805 -0.795174 -0.026425 -0.551428 -0.834222 0.000237 
-0.794386 0.607413 0.000164 0.435349 -0.900255 0.003566 0.910436 0.413577 0.007786 0.489424 0.872038 0.003725 -0.605801 -0.795169 -0.026689 -0.551481 -0.834187 0.000238 
-0.794386 0.607413 0.000166 0.435346 -0.900257 0.003405 0.910437 0.413573 0.007869 0.489449 0.872023 0.003852 -0.605796 -0.795163 -0.026955 -0.551513 -0.834167 0.000239 
-0.794386 0.607413 0.000168 0.435349 -0.900256 0.003242 0.910436 0.413574 0.007954 0.489471 0.872010 0.003981 -0.605791 -0.795157 -0.027226 -0.551541 -0.834148 0.000240 
-0.794387 0.607412 0.000170 0.435351 -0.900255 0.003079 0.910434 0.413576 0.008034 0.489498 0.871994 0.004111 -0.605786 -0.795152 -0.027497 -0.551576 -0.834125 0.000240 
-0.794387 0.607412 0.000171 0.435355 -0.900254 0.002916 0.910433 0.413577 0.008111 0.489530 0.871976 0.004242 -0.605782 -0.795146 -0.027767 -0.551615 -0.834099 0.000241 
-0.794387 0.607411 0.000173 0.435358 -0.900253 0.002754 0.910432 0.413579 0.008186 0.489563 0.871957 0.004372 -0.605777 -0.795141 -0.028032 -0.551657 -0.834071 0.000241 
-0.794388 0.607411 0.000175 0.435362 -0.900252 0.002594 0.910430 0.413582 0.008260 0.489594 0.871939 0.004499 -0.605772 -0.795135 -0.028292 -0.551696 -0.834045 0.000242 
-0.794388 0.607411 0.000174 0.435368 -0.900249 0.002437 0.910427 0.413586 0.008335 0.489622 0.871923 0.004624 -0.605767 -0.795130 -0.028546 -0.551732 -0.834021 0.000242 
-0.794388 0.607410 0.000177 0.435373 -0.900247 0.002282 0.910425 0.413589 0.008411 0.489646 0.871908 0.004747 -0.605763 -0.795124 -0.028798 -0.551763 -0.834001 0.000243 
-0.794388 0.607410 0.000179 0.435378 -0.900245 0.002130 0.910422 0.413594 0.008487 0.489666 0.871897 0.004866 -0.605758 -0.795119 -0.029044 -0.551788 -0.833984 0.000243 
-0.794389 0.607409 0.000181 0.435385 -0.900242 0.001983 0.910418 0.413600 0.008564 0.489683 0.871887 0.004981 -0.605754 -0.795113 -0.029284 -0.551810 -0.833970 0.000243 
-0.794389 0.607409 0.000181 0.435394 -0.900238 0.001840 0.910415 0.413607 0.008640 0.489696 0.871878 0.005093 -0.605749 -0.795108 -0.029515 -0.551828 -0.833958 0.000243 
-0.794390 0.607409 0.000183 0.435401 -0.900235 0.001700 0.910411 0.413613 0.008716 0.489707 0.871872 0.005201 -0.605744 -0.795103 -0.029742 -0.551842 -0.833949 0.000243 
-0.794390 0.607408 0.000185 0.435409 -0.900231 0.001566 0.910407 0.413620 0.008793 0.489714 0.871867 0.005304 -0.605740 -0.795098 -0.029961 -0.551852 -0.833942 0.000243 
-0.794390 0.607408 0.000185 0.435414 -0.900229 0.001437 0.910405 0.413624 0.008862 0.489725 0.871860 0.005408 -0.605736 -0.795093 -0.030193 -0.551866 -0.833933 0.000247 
-0.794390 0.607407 0.000188 0.435422 -0.900225 0.001313 0.910401 0.413631 0.008933 0.489730 0.871857 0.005507 -0.605731 -0.795088 -0.030419 -0.551872 -0.833929 0.000251 
-0.794391 0.607407 0.000188 0.435434 -0.900220 0.001192 0.910395 0.413641 0.009003 0.489734 0.871854 0.005604 -0.605727 -0.795083 -0.030635 -0.551877 -0.833925 0.000254 
-0.794391 0.607407 0.000190 0.435450 -0.900212 0.001071 0.910388 0.413656 0.009079 0.489732 0.871854 0.005694 -0.605723 -0.795078 -0.030827 -0.551876 -0.833926 0.000253 
-0.794391 0.607407 0.000190 0.435462 -0.900206 0.000959 0.910382 0.413668 0.009140 0.489735 0.871852 0.005784 -0.605719 -0.795073 -0.031025 -0.551880 -0.833924 0.000255 
-0.794391 0.607407 0.000192 0.435474 -0.900201 0.000849 0.910377 0.413678 0.009211 0.489733 0.871852 0.005868 -0.605716 -0.795069 -0.031207 -0.551879 -0.833924 0.000254 
-0.794391 0.607406 0.000192 0.435484 -0.900196 0.000746 0.910372 0.413688 0.009277 0.489732 0.871853 0.005947 -0.605712 -0.795065 -0.031379 -0.551879 -0.833924 0.000253 
-0.794389 0.607409 0.000195 0.435547 -0.900166 0.000837 0.910342 0.413751 0.009304 0.489741 0.871848 0.005985 -0.605711 -0.795058 -0.031584 -0.551884 -0.833921 0.000216 
-0.794390 0.607409 0.000195 0.435545 -0.900167 0.000717 0.910344 0.413748 0.009328 0.489794 0.871817 0.006083 -0.605707 -0.795053 -0.031763 -0.551951 -0.833877 0.000219 
-0.794390 0.607408 0.000197 0.435541 -0.900169 0.000594 0.910345 0.413743 0.009360 0.489849 0.871785 0.006187 -0.605703 -0.795049 -0.031964 -0.552018 -0.833832 0.000221 
-0.794390 0.607408 0.000197 0.435538 -0.900170 0.000471 0.910347 0.413739 0.009394 0.489906 0.871753 0.006292 -0.605699 -0.795044 -0.032166 -0.552089 -0.833785 0.000223 
-0.794390 0.607407 0.000200 0.435535 -0.900172 0.000344 0.910349 0.413735 0.009436 0.489963 0.871720 0.006399 -0.605694 -0.795038 -0.032383 -0.552159 -0.833739 0.000224 
-0.794391 0.607407 0.000200 0.435532 -0.900173 0.000216 0.910350 0.413730 0.009477 0.490021 0.871687 0.006508 -0.605689 -0.795033 -0.032598 -0.552232 -0.833691 0.000226 
-0.794391 0.607407 0.000202 0.435528 -0.900175 0.000087 0.910352 0.413725 0.009527 0.490073 0.871656 0.006616 -0.605685 -0.795027 -0.032821 -0.552297 -0.833648 0.000227 
-0.794391 0.607406 0.000204 0.435549 -0.900165 0.000046 0.910343 0.413745 0.009557 0.490144 0.871616 0.006698 -0.605680 -0.795021 -0.033071 -0.552385 -0.833589 0.000229 
-0.794391 0.607406 0.000205 0.435586 -0.900147 0.000042 0.910325 0.413783 0.009566 0.490237 0.871563 0.006762 -0.605675 -0.795015 -0.033297 -0.552501 -0.833513 0.000231 
-0.794391 0.607406 0.000205 0.435628 -0.900127 0.000039 0.910306 0.413825 0.009573 0.490332 0.871509 0.006823 -0.605670 -0.795010 -0.033513 -0.552619 -0.833434 0.000233 
-0.794389 0.607409 0.000208 0.435670 -0.900106 0.000033 0.910286 0.413868 0.009574 0.490430 0.871453 0.006898 -0.605669 -0.795000 -0.033773 -0.552738 -0.833355 0.000237 
-0.794387 0.607412 0.000209 0.435723 -0.900081 0.000035 0.910262 0.413921 0.009574 0.490506 0.871410 0.006971 -0.605667 -0.794990 -0.034034 -0.552826 -0.833297 0.000239 
-0.794386 0.607413 0.000211 0.435783 -0.900052 0.000031 0.910234 0.413983 0.009586 0.490566 0.871376 0.007053 -0.605661 -0.794982 -0.034325 -0.552891 -0.833253 0.000240 
-0.794386 0.607413 0.000213 0.435853 -0.900018 0.000028 0.910202 0.414052 0.009601 0.490601 0.871355 0.007155 -0.605653 -0.794972 -0.034691 -0.552921 -0.833234 0.000241 
-0.794386 0.607413 0.000216 0.435929 -0.899981 0.000025 0.910167 0.414130 0.009625 0.490622 0.871342 0.007277 -0.605644 -0.794960 -0.035134 -0.552926 -0.833230 0.000243 
-0.794386 0.607413 0.000219 0.436013 -0.899940 0.000022 0.910128 0.414214 0.009661 0.490637 0.871333 0.007416 -0.605633 -0.794945 -0.035650 -0.552921 -0.833234 0.000244 
-0.794386 0.607413 0.000222 0.436105 -0.899896 0.000019 0.910086 0.414307 0.009708 0.490652 0.871323 0.007569 -0.605621 -0.794928 -0.036229 -0.552914 -0.833238 0.000245 
-0.794386 0.607413 0.000227 0.436200 -0.899850 0.000017 0.910041 0.414403 0.009768 0.490670 0.871311 0.007745 -0.605606 -0.794909 -0.036896 -0.552909 -0.833242 0.000245 
-0.794386 0.607413 0.000231 0.436279 -0.899811 0.000013 0.910004 0.414482 0.009862 0.490667 0.871311 0.007926 -0.605590 -0.794888 -0.037613 -0.552882 -0.833260 0.000245 
-0.794386 0.607413 0.000234 0.436330 -0.899786 0.000008 0.909979 0.414533 0.009989 0.490622 0.871336 0.008026 -0.605580 -0.794873 -0.038080 -0.552816 -0.833303 0.000246 
-0.794386 0.607413 0.000236 0.436385 -0.899760 0.000005 0.909953 0.414589 0.010062 0.490612 0.871341 0.008072 -0.605574 -0.794866 -0.038303 -0.552799 -0.833315 0.000246 
-0.794386 0.607413 0.000236 0.436433 -0.899737 0.000001 0.909931 0.414637 0.010093 0.490648 0.871320 0.008115 -0.605570 -0.794861 -0.038478 -0.552842 -0.833286 0.000246 
-0.794387 0.607412 0.000238 0.436484 -0.899712 -0.000000 0.909907 0.414689 0.010088 0.490685 0.871298 0.008171 -0.605566 -0.794855 -0.038667 -0.552882 -0.833260 0.000246 
