-0.000051 -0.000103 1.000000 0.001255 -0.000627 0.999999 0.001266 -0.000597 0.999999 -0.000048 -0.000095 1.000000 
0.000372 0.000753 1.000000 0.000764 -0.000381 1.000000 0.000789 -0.000372 1.000000 0.000379 0.000756 1.000000 
0.000331 0.000669 1.000000 0.000688 -0.000344 1.000000 0.000711 -0.000335 1.000000 0.000337 0.000672 1.000000 
0.000474 0.000960 0.999999 0.001838 -0.000918 0.999998 0.001879 -0.000887 0.999998 0.000486 0.000968 0.999999 
-0.000189 -0.000382 1.000000 0.002170 -0.001084 0.999997 0.002185 -0.001031 0.999997 -0.000185 -0.000368 1.000000 
0.000546 0.001104 0.999999 0.002303 -0.001151 0.999997 0.002353 -0.001111 0.999997 0.000560 0.001115 0.999999 
-0.000884 -0.001785 0.999998 0.007691 -0.003849 0.999963 0.007733 -0.003657 0.999963 -0.000871 -0.001733 0.999998 
-0.001984 -0.004010 0.999990 0.005661 -0.002832 0.999980 0.005631 -0.002662 0.999981 -0.001992 -0.003964 0.999990 
-0.002100 -0.004242 0.999989 0.005393 -0.002698 0.999982 0.005356 -0.002532 0.999982 -0.002109 -0.004197 0.999989 
-0.001899 -0.003837 0.999991 0.004905 -0.002454 0.999985 0.004871 -0.002303 0.999985 -0.001907 -0.003795 0.999991 
-0.001390 -0.002808 0.999995 0.004979 -0.002492 0.999984 0.004970 -0.002350 0.999985 -0.001392 -0.002769 0.999995 
-0.002229 -0.004501 0.999987 0.006214 -0.003111 0.999976 0.006180 -0.002924 0.999977 -0.002238 -0.004450 0.999988 
-0.001984 -0.004020 0.999990 0.007945 -0.003965 0.999961 0.007939 -0.003743 0.999961 -0.001984 -0.003959 0.999990 
-0.001791 -0.003630 0.999992 0.007925 -0.003952 0.999961 0.007928 -0.003735 0.999962 -0.001789 -0.003571 0.999992 
-0.001864 -0.003780 0.999991 0.007626 -0.003801 0.999964 0.007623 -0.003590 0.999965 -0.001864 -0.003722 0.999991 
-0.003556 -0.007218 0.999968 0.008784 -0.004375 0.999952 0.008716 -0.004101 0.999954 -0.003574 -0.007143 0.999968 
-0.011024 -0.022135 0.999694 0.014865 -0.007477 0.999862 0.014527 -0.006905 0.999871 -0.011114 -0.021977 0.999697 
-0.015928 -0.032136 0.999357 0.017716 -0.008861 0.999804 0.017183 -0.008121 0.999819 -0.016070 -0.031930 0.999361 
-0.017917 -0.035947 0.999193 0.019568 -0.009838 0.999760 0.018970 -0.009014 0.999779 -0.018076 -0.035717 0.999198 
-0.017645 -0.035007 0.999231 0.018938 -0.009630 0.999774 0.018357 -0.008825 0.999793 -0.017800 -0.034783 0.999236 
-0.012904 -0.025113 0.999601 0.019502 -0.010113 0.999759 0.019155 -0.009397 0.999772 -0.012995 -0.024915 0.999605 
-0.008190 -0.015866 0.999841 0.021100 -0.010997 0.999717 0.020980 -0.010346 0.999726 -0.008219 -0.015687 0.999843 
-0.005875 -0.011328 0.999919 0.026270 -0.013757 0.999560 0.026311 -0.013039 0.999569 -0.005860 -0.011131 0.999921 
-0.004071 -0.007782 0.999961 0.029999 -0.015850 0.999424 0.030165 -0.015087 0.999431 -0.004022 -0.007574 0.999963 
-0.002278 -0.004309 0.999988 0.034933 -0.018658 0.999215 0.035239 -0.017822 0.999220 -0.002190 -0.004081 0.999989 
-0.006486 -0.012078 0.999906 0.041909 -0.022706 0.998863 0.042127 -0.021622 0.998878 -0.006420 -0.011782 0.999910 
-0.017120 -0.031678 0.999351 0.060777 -0.032992 0.997606 0.060775 -0.031255 0.997662 -0.017110 -0.031202 0.999367 
0.002518 0.004285 0.999988 -0.017980 -0.033277 0.999284 0.071731 -0.036272 0.996764 0.012492 -0.034991 0.999310 0.022241 -0.013127 0.999666 0.011423 -0.031896 0.999426 
-0.002545 -0.004252 0.999988 -0.016723 -0.031290 0.999370 0.075198 -0.037601 0.996459 0.015022 -0.040540 0.999065 0.022066 -0.013256 0.999669 0.016918 -0.045631 0.998815 
-0.006908 -0.011625 0.999909 -0.011970 -0.022485 0.999676 0.075642 -0.037750 0.996420 0.012891 -0.033520 0.999355 0.021748 -0.012966 0.999679 0.018566 -0.048189 0.998666 
-0.001962 -0.003324 0.999993 -0.004411 -0.008313 0.999956 0.075004 -0.037429 0.996481 0.008655 -0.021445 0.999733 0.018866 -0.011181 0.999760 0.016143 -0.039874 0.999074 
-0.000440 -0.000747 1.000000 0.005366 0.010034 0.999935 0.070419 -0.035584 0.996883 0.000567 -0.001332 0.999999 0.012103 -0.007165 0.999901 0.012597 -0.029473 0.999486 
-0.000379 -0.000659 1.000000 0.000632 0.001193 0.999999 0.058103 -0.029001 0.997889 -0.000217 0.000515 1.000000 0.007459 -0.004301 0.999963 0.008240 -0.019427 0.999777 
0.003084 0.005523 0.999980 0.000419 0.000798 1.000000 0.047677 -0.023592 0.998584 -0.000147 0.000363 1.000000 0.007860 -0.004407 0.999959 0.004708 -0.011544 0.999922 
0.013039 0.023540 0.999638 0.000275 0.000528 1.000000 0.037104 -0.018181 0.999146 -0.000119 0.000318 1.000000 0.007125 -0.003965 0.999967 -0.001151 0.003049 0.999995 
0.029048 0.051684 0.998241 0.000113 0.000217 1.000000 0.026908 -0.013132 0.999552 -0.000286 0.000867 1.000000 0.006637 -0.003750 0.999971 -0.008020 0.024282 0.999673 
0.048363 0.083284 0.995352 0.000093 0.000179 1.000000 0.017709 -0.008643 0.999806 -0.001424 0.005105 0.999986 0.003037 -0.001772 0.999994 -0.013758 0.049598 0.998675 
0.065751 0.109822 0.991774 0.000074 0.000142 1.000000 0.008088 -0.003947 0.999959 -0.002706 0.011360 0.999932 -0.002823 0.001695 0.999995 -0.017135 0.073092 0.997178 
0.077644 0.126966 0.988864 0.000008 0.000015 1.000000 0.000942 -0.000461 0.999999 -0.003847 0.018148 0.999828 -0.008765 0.005363 0.999947 -0.018726 0.090592 0.995712 
0.085356 0.138371 0.986695 0.000655 0.001256 0.999999 -0.000468 0.000230 1.000000 -0.005226 0.026427 0.999637 -0.015057 0.009265 0.999844 -0.019769 0.102958 0.994489 
0.091310 0.147721 0.984805 0.000556 0.001066 0.999999 -0.000300 0.000147 1.000000 -0.006855 0.035745 0.999337 -0.023452 0.014397 0.999621 -0.021231 0.114155 0.993236 
0.097418 0.157673 0.982674 0.000509 0.000975 0.999999 -0.000276 0.000136 1.000000 -0.008565 0.045467 0.998929 -0.032489 0.019832 0.999275 -0.022940 0.125465 0.991833 
0.104250 0.168579 0.980160 0.000470 0.000901 0.999999 -0.000266 0.000131 1.000000 -0.010277 0.055569 0.998402 -0.042103 0.025563 0.998786 -0.024658 0.137266 0.990227 
0.111616 0.179620 0.977383 0.000536 0.001026 0.999999 -0.000274 0.000135 1.000000 -0.011908 0.065993 0.997749 -0.052281 0.031664 0.998130 -0.026117 0.149184 0.988464 
0.119093 0.189933 0.974547 0.000963 0.001846 0.999998 -0.000320 0.000157 1.000000 -0.013171 0.075705 0.997043 -0.061788 0.037476 0.997385 -0.026925 0.160124 0.986730 
0.126277 0.199404 0.971747 0.001289 0.002472 0.999996 -0.000436 0.000214 1.000000 -0.013885 0.083767 0.996389 -0.069752 0.042425 0.996662 -0.027044 0.169832 0.985102 
0.133021 0.208361 0.968964 0.001465 0.002817 0.999995 -0.000773 0.000379 1.000000 -0.014120 0.090113 0.995831 -0.076179 0.046409 0.996014 -0.026653 0.178320 0.983612 
0.139572 0.217040 0.966133 0.001396 0.002692 0.999995 -0.002641 0.001290 0.999996 -0.014061 0.095316 0.995348 -0.081879 0.049929 0.995391 -0.026014 0.186384 0.982133 
0.146048 0.225549 0.963222 0.001062 0.002056 0.999997 -0.006219 0.003026 0.999976 -0.013725 0.099449 0.994948 -0.086923 0.053043 0.994802 -0.025109 0.194163 0.980648 
0.152374 0.233809 0.960268 0.000513 0.000997 0.999999 -0.010234 0.004960 0.999935 -0.013208 0.102759 0.994619 -0.091365 0.055780 0.994254 -0.023985 0.201392 0.979217 
0.158531 0.241830 0.957281 0.000372 0.000724 1.000000 -0.013159 0.006372 0.999893 -0.012600 0.105705 0.994318 -0.095142 0.058100 0.993767 -0.022681 0.207452 0.977982 
0.164633 0.249464 0.954287 0.000363 0.000706 1.000000 -0.016081 0.007787 0.999840 -0.011876 0.108234 0.994054 -0.098421 0.060182 0.993323 -0.021167 0.212913 0.976842 
0.170672 0.256628 0.951322 0.000353 0.000687 1.000000 -0.018767 0.009088 0.999783 -0.011075 0.110439 0.993821 -0.101343 0.062128 0.992910 -0.019487 0.217878 0.975781 
0.176546 0.263481 0.948372 0.000342 0.000666 1.000000 -0.021029 0.010183 0.999727 -0.010252 0.112317 0.993620 -0.103855 0.063835 0.992542 -0.017771 0.222313 0.974813 
0.182253 0.270077 0.945432 0.000331 0.000644 1.000000 -0.022840 0.011059 0.999678 -0.009423 0.113880 0.993450 -0.105950 0.065289 0.992226 -0.016053 0.226249 0.973937 
0.187828 0.276448 0.942495 -0.107673 0.066522 0.991958 -0.024193 0.011715 0.999639 -0.008602 0.115201 0.993305 0.000319 0.000621 1.000000 -0.014353 0.229764 0.973140 
0.193303 0.282637 0.939548 -0.109047 0.067548 0.991739 -0.025091 0.012150 0.999611 -0.007796 0.116331 0.993180 0.000307 0.000597 1.000000 -0.012684 0.232934 0.972410 
0.198668 0.288704 0.936580 -0.110001 0.068313 0.991581 -0.025544 0.012369 0.999597 -0.007001 0.117226 0.993081 0.000294 0.000572 1.000000 -0.011049 0.235765 0.971747 
0.203930 0.294679 0.933583 -0.110528 0.068810 0.991488 -0.025544 0.012369 0.999597 -0.006223 0.117908 0.993005 0.000281 0.000546 1.000000 -0.009458 0.238298 0.971146 
0.209098 0.300593 0.930549 -0.110621 0.069033 0.991462 -0.025078 0.012143 0.999612 -0.005467 0.118399 0.992951 0.000268 0.000520 1.000000 -0.007920 0.240571 0.970599 
0.214162 0.306459 0.927479 -0.110264 0.068970 0.991506 -0.024132 0.011685 0.999640 -0.004738 0.118711 0.992918 0.000254 0.000494 1.000000 -0.006447 0.242607 0.970103 
0.219128 0.312309 0.924362 -0.109443 0.068609 0.991622 -0.022688 0.010986 0.999682 -0.004039 0.118859 0.992903 0.000240 0.000468 1.000000 -0.005044 0.244434 0.969653 
0.224023 0.318194 0.921176 -0.108139 0.067940 0.991812 -0.020722 0.010034 0.999735 -0.003370 0.118861 0.992905 0.000227 0.000442 1.000000 -0.003712 0.246095 0.969239 
0.228867 0.324163 0.917899 -0.106326 0.066945 0.992075 -0.018209 0.008817 0.999795 -0.002729 0.118733 0.992922 0.000214 0.000416 1.000000 -0.002448 0.247623 0.968853 
0.233666 0.330248 0.914515 -0.103987 0.065613 0.992412 -0.015120 0.007321 0.999859 -0.002118 0.118484 0.992954 0.000202 0.000392 1.000000 -0.001256 0.249036 0.968494 
0.238412 0.336476 0.911013 -0.101093 0.063922 0.992821 -0.011421 0.005531 0.999919 -0.001537 0.118113 0.992999 0.000190 0.000369 1.000000 -0.000139 0.250341 0.968158 
0.243095 0.342873 0.907382 -0.097613 0.061850 0.993301 -0.007077 0.003427 0.999969 -0.000988 0.117615 0.993059 0.000179 0.000348 1.000000 0.000898 0.251538 0.967847 
0.247655 0.349467 0.903626 -0.093457 0.059332 0.993854 -0.002594 0.001256 0.999996 -0.000467 0.116854 0.993149 0.000148 0.000288 1.000000 0.001858 0.252646 0.967557 
0.252024 0.356324 0.899732 -0.088344 0.056188 0.994504 -0.001027 0.000497 0.999999 0.000104 0.115309 0.993330 0.000032 0.000063 1.000000 0.002922 0.253994 0.967201 
0.256837 0.363919 0.895320 -0.082644 0.052686 0.995186 -0.000445 0.000216 1.000000 0.000733 0.113713 0.993513 0.000032 0.000062 1.000000 0.004149 0.255800 0.966721 
0.261975 0.371861 0.890555 -0.076538 0.048962 0.995864 -0.001634 0.000792 0.999998 0.001437 0.112497 0.993651 0.000951 0.001848 0.999998 0.005588 0.257968 0.966137 
0.267412 0.380020 0.885481 -0.070251 0.045148 0.996507 -0.001434 0.000695 0.999999 0.002177 0.110941 0.993825 0.000847 0.001646 0.999998 0.007212 0.260267 0.965510 
0.273094 0.388240 0.880164 -0.063939 0.041330 0.997098 -0.001116 0.000541 0.999999 0.002952 0.109561 0.993976 0.000719 0.001397 0.999999 0.009005 0.262723 0.964829 
0.278997 0.396672 0.874535 -0.057592 0.037468 0.997637 -0.000737 0.000357 1.000000 0.003750 0.108261 0.994115 0.000289 0.000563 1.000000 0.010957 0.265474 0.964056 
0.285105 0.405314 0.868583 -0.051331 0.033628 0.998115 -0.000407 0.000197 1.000000 0.004563 0.107365 0.994209 0.000176 0.000341 1.000000 0.012981 0.268379 0.963226 
0.291347 0.414003 0.862391 -0.045338 0.029921 0.998524 0.003841 -0.001863 0.999991 0.005367 0.107755 0.994163 0.000811 0.001574 0.999998 0.014831 0.271025 0.962458 
0.297358 0.423268 0.855817 -0.039199 0.026020 0.998893 0.004591 -0.002227 0.999987 0.006168 0.107501 0.994186 0.000736 0.001429 0.999999 0.016814 0.274357 0.961481 
0.303701 0.433370 0.848502 -0.033472 0.022325 0.999190 0.008037 -0.003898 0.999960 0.006968 0.108143 0.994111 0.000676 0.001313 0.999999 0.018667 0.277925 0.960421 
0.310365 0.444059 0.840527 -0.028511 0.019088 0.999411 0.013287 -0.006445 0.999891 0.007732 0.109824 0.993921 0.000632 0.001227 0.999999 0.020248 0.281939 0.959219 
0.317252 0.455214 0.831944 -0.023996 0.016119 0.999582 0.019740 -0.009575 0.999759 0.008510 0.112324 0.993635 0.000596 0.001156 0.999999 0.021698 0.286430 0.957856 
0.324181 0.466907 0.822742 0.026425 -0.012817 0.999569 0.009328 0.115330 0.993283 -0.019484 0.013125 0.999724 0.000569 0.001104 0.999999 0.023116 0.291419 0.956316 
0.330996 0.479143 0.812935 0.033373 -0.016187 0.999312 0.010169 0.118665 0.992882 -0.014892 0.010053 0.999839 0.000549 0.001066 0.999999 0.024453 0.296704 0.954656 
0.337645 0.491892 0.802519 0.040601 -0.019693 0.998981 0.011038 0.122278 0.992435 -0.010160 0.006871 0.999925 0.000536 0.001040 0.999999 0.025723 0.302237 0.952886 
0.000527 0.001024 0.999999 0.048119 -0.023339 0.998569 -0.005242 0.003551 0.999980 0.026944 0.307975 0.951013 0.344090 0.505093 0.791507 0.011940 0.126129 0.991942 
0.202345 0.313444 0.927798 0.021350 -0.014154 0.999672 0.042213 -0.020484 0.998899 0.013514 0.154864 0.987843 0.000470 0.000913 0.999999 0.025512 0.268293 0.963000 
0.132977 0.190218 0.972694 0.045276 -0.022134 0.998729 0.016243 0.198210 0.980025 0.016292 -0.011549 0.999801 -0.000213 -0.000410 1.000000 0.027671 0.270012 0.962459 
0.059561 0.090150 0.994146 0.000303 -0.000201 1.000000 0.043421 -0.021920 0.998816 0.013302 0.237396 0.971322 -0.000210 -0.000392 1.000000 0.019440 0.268309 0.963137 
-0.008516 -0.014640 0.999857 0.002957 -0.001727 0.999994 0.038899 -0.020072 0.999042 0.005493 0.264896 0.964261 -0.000244 -0.000446 1.000000 0.006474 0.255864 0.966691 
-0.000207 -0.000375 1.000000 0.029064 -0.015186 0.999462 0.007066 -0.003544 0.999969 -0.008822 0.237380 0.971377 -0.056986 -0.113826 0.991865 -0.007615 0.284993 0.958499 
-0.000177 -0.000319 1.000000 0.024352 -0.012725 0.999622 0.017635 -0.008219 0.999811 -0.019598 0.225173 0.974122 -0.077486 -0.165470 0.983166 -0.020389 0.293342 0.955790 
-0.000148 -0.000268 1.000000 0.020063 -0.010484 0.999744 0.021176 -0.009529 0.999730 -0.030808 0.217140 0.975654 -0.092305 -0.203219 0.974773 -0.036374 0.303480 0.952143 
-0.000101 -0.000183 1.000000 -0.095979 -0.214641 0.971966 0.028931 -0.012735 0.999500 -0.039885 0.218033 0.975126 0.020319 -0.010618 0.999737 -0.049540 0.312184 0.948729 
-0.000058 -0.000105 1.000000 -0.094907 -0.213710 0.972276 0.028284 -0.012371 0.999523 -0.051774 0.226835 0.972556 0.021268 -0.011113 0.999712 -0.066154 0.326151 0.943000 
-0.000012 -0.000022 1.000000 -0.073262 -0.168780 0.982927 0.030495 -0.013077 0.999449 -0.064599 0.249040 0.966336 0.024108 -0.012622 0.999630 -0.078473 0.334638 0.939074 
0.000090 0.000162 1.000000 -0.037698 -0.104477 0.993813 0.032729 -0.011731 0.999395 -0.087285 0.280675 0.955826 0.026377 -0.013811 0.999557 -0.097183 0.353552 0.930353 
0.000206 0.000370 1.000000 0.037057 -0.005780 0.999296 -0.107395 0.275143 0.955386 0.038824 -0.020378 0.999038 -0.007641 -0.048955 0.998772 -0.110086 0.368383 0.923133 
0.000459 0.000821 1.000000 0.055478 -0.002134 0.998458 -0.099880 0.224349 0.969377 0.049438 -0.026066 0.998437 -0.003104 -0.075837 0.997115 -0.107274 0.353106 0.929413 
0.000722 0.001270 0.999999 0.071453 0.000161 0.997444 -0.087198 0.186280 0.978620 0.061666 -0.033118 0.997547 0.000051 -0.036704 0.999326 -0.089549 0.295549 0.951121 
0.000596 0.001035 0.999999 0.066894 0.001001 0.997760 -0.070946 0.140694 0.987508 0.070972 -0.038638 0.996730 -0.000223 0.012696 0.999919 -0.070883 0.211706 0.974760 
0.002469 0.004199 0.999988 0.072996 -0.001690 0.997331 -0.052086 0.098053 0.993817 0.086050 -0.047886 0.995139 0.000696 0.037305 0.999304 -0.052697 0.136390 0.989253 
0.003605 0.005944 0.999976 0.064803 -0.002423 0.997895 -0.026422 0.045638 0.998609 0.001952 0.061798 0.998087 0.096753 -0.055620 0.993753 -0.023309 0.051282 0.998412 
0.007125 0.011512 0.999908 0.001979 0.043684 0.999043 0.061258 -0.003049 0.998117 0.004614 -0.007466 0.999961 0.113776 -0.066929 0.991250 0.000480 -0.000933 0.999999 
0.025976 0.041869 0.998785 0.001764 0.032232 0.999479 0.091456 -0.005441 0.995794 0.020203 -0.033056 0.999249 0.148449 -0.088882 0.984918 0.000435 -0.000845 1.000000 
0.053216 0.085296 0.994933 0.003076 0.050409 0.998724 0.141537 -0.009920 0.989883 0.027112 -0.044473 0.998643 0.177363 -0.109878 0.977992 0.000360 -0.000689 1.000000 
0.086836 0.139903 0.986350 0.005240 0.082380 0.996587 0.198469 -0.016342 0.979971 0.032511 -0.053233 0.998053 0.203936 -0.131319 0.970137 0.000355 -0.000663 1.000000 
0.116742 0.192406 0.974347 0.006740 0.124045 0.992254 0.256568 -0.023025 0.966252 0.032983 -0.053953 0.997999 0.227137 -0.150481 0.962166 0.000661 -0.001221 0.999999 
0.148369 0.246826 0.957634 0.007871 0.172662 0.984950 0.310794 -0.032817 0.949911 0.030863 -0.050781 0.998233 0.242698 -0.168930 0.955280 0.000539 -0.000993 0.999999 
0.180232 0.311694 0.932933 0.007265 0.206315 0.978459 0.346656 -0.040317 0.937126 0.043281 -0.068980 0.996679 0.258498 -0.187389 0.947663 0.003773 -0.006384 0.999973 
0.194457 0.351028 0.915951 0.007416 0.217212 0.976096 0.355102 -0.043347 0.933822 0.063026 -0.092391 0.993726 0.264091 -0.192514 0.945090 0.013939 -0.020095 0.999701 
0.201399 0.365631 0.908709 0.009275 0.219020 0.975676 0.344124 -0.044102 0.937888 0.073009 -0.100872 0.992217 0.256467 -0.186835 0.948323 0.016572 -0.021392 0.999634 
0.203089 0.359295 0.910858 0.010873 0.224516 0.974410 0.324825 -0.042593 0.944815 0.060536 -0.083779 0.994644 0.238498 -0.172680 0.955668 0.003323 -0.004324 0.999985 
0.212165 0.369393 0.904729 0.011126 0.234618 0.972024 0.311508 -0.040516 0.949380 0.063438 -0.083179 0.994513 0.228413 -0.167569 0.959035 0.002720 -0.003234 0.999991 
0.228242 0.402919 0.886319 0.010956 0.247194 0.968904 0.315838 -0.041987 0.947884 0.079507 -0.095619 0.992238 0.224588 -0.167149 0.960011 0.009597 -0.009707 0.999907 
0.244062 0.441008 0.863682 0.010787 0.258572 0.965932 0.325510 -0.044870 0.944473 0.102380 -0.112460 0.988368 0.222959 -0.168345 0.960182 0.023508 -0.019819 0.999527 
0.257744 0.477392 0.840039 0.113413 -0.081932 0.990164 0.011253 0.267644 0.963452 0.333988 -0.048367 0.941336 0.129438 -0.130355 0.982982 
0.270326 0.514987 0.813457 0.133118 -0.083836 0.987548 0.012059 0.274292 0.961571 0.339830 -0.051568 0.939072 0.164519 -0.149809 0.974931 
0.280289 0.550551 0.786341 0.155392 -0.084794 0.984207 0.013168 0.279411 0.960081 0.343615 -0.054534 0.937526 0.204019 -0.168102 0.964426 
0.181360 -0.083355 0.979878 0.014554 0.282338 0.959205 0.288364 0.587442 0.756147 0.344519 -0.056844 0.937057 0.199464 -0.163644 0.966144 0.290635 -0.196719 0.936394 
0.208303 -0.079680 0.974813 0.016051 0.283847 0.958735 0.293451 0.622014 0.725937 0.344552 -0.058905 0.936917 0.196056 -0.161766 0.967158 0.379505 -0.206652 0.901815 
0.238067 -0.072849 0.968513 0.017331 0.283211 0.958901 0.294915 0.657154 0.693667 0.193263 -0.160042 0.968006 0.343402 -0.060143 0.937261 0.472229 -0.197008 0.859179 
0.017143 0.279255 0.960064 0.287993 0.688692 0.665404 0.269125 -0.064016 0.960975 0.194276 -0.160138 0.967788 0.345093 -0.060120 0.936641 0.552684 -0.170014 0.815865 
0.016220 0.271264 0.962368 0.273997 0.721312 0.636109 0.197039 -0.160890 0.967104 0.337740 -0.065006 0.938992 0.279941 -0.043009 0.959053 0.345205 -0.058340 0.936712 0.625875 -0.123336 0.770109 
0.015642 0.266080 0.963824 0.339175 -0.064314 0.938522 0.200231 -0.161134 0.966407 0.560411 -0.077490 0.824581 0.257770 0.744907 0.615360 0.316281 -0.024875 0.948339 
0.015319 0.263610 0.964508 0.338512 -0.063488 0.938818 0.200159 -0.159719 0.966657 0.569189 -0.069750 0.819243 0.253588 0.750233 0.610609 0.323835 -0.017854 0.945945 
0.015956 0.261998 0.964937 0.333629 -0.062723 0.940616 0.196723 -0.156964 0.967813 0.559938 -0.073571 0.825261 0.260562 0.744087 0.615176 0.310925 -0.021082 0.950201 
0.017727 0.264725 0.964161 0.275137 0.732720 0.622431 0.190161 -0.153273 0.969714 0.539539 -0.084056 0.837755 0.323103 -0.061959 0.944333 0.289769 -0.029654 0.956637 
0.020619 0.270922 0.962380 0.292493 0.719806 0.629545 0.182707 -0.150214 0.971624 0.309771 -0.061694 0.948808 0.268437 -0.039893 0.962471 0.317139 -0.055771 0.946738 0.620999 -0.123237 0.774063 
0.024280 0.278802 0.960042 0.309361 0.707228 0.635708 0.175820 -0.148207 0.973202 0.294738 -0.061423 0.953602 0.251089 -0.049728 0.966686 0.302259 -0.055974 0.951581 0.586539 -0.148057 0.796273 
0.028262 0.286392 0.957696 0.325176 0.695383 0.640861 0.250989 -0.059353 0.966169 0.169629 -0.146986 0.974485 0.286155 -0.055627 0.956567 0.551827 -0.167464 0.816972 
0.033027 0.294929 0.954948 0.343236 0.683234 0.644500 0.234840 -0.062723 0.970008 0.161064 -0.143513 0.976454 0.267921 -0.054845 0.961878 0.519594 -0.179528 0.835339 
0.038292 0.303412 0.952090 0.363730 0.669366 0.647804 0.215749 -0.062837 0.974425 0.149078 -0.136024 0.979425 0.247880 -0.053288 0.967324 0.489979 -0.184556 0.851974 
0.043894 0.310250 0.949641 0.385659 0.653843 0.650965 0.194268 -0.059633 0.979134 0.133905 -0.124400 0.983155 0.227176 -0.051170 0.972509 0.465378 -0.183776 0.865823 
0.047468 0.312797 0.948633 0.399765 0.640846 0.655365 0.176108 -0.055347 0.982814 0.122323 -0.114424 0.985872 0.211290 -0.048729 0.976208 0.447738 -0.180252 0.875808 
0.045813 0.311910 0.949006 0.396980 0.636460 0.661306 0.167949 -0.052916 0.984374 0.121229 -0.112017 0.986284 0.208562 -0.046746 0.976891 0.436270 -0.177053 0.882225 
0.043146 0.311267 0.949342 0.391604 0.638297 0.662740 0.167565 -0.051219 0.984530 0.121693 -0.110432 0.986405 0.210969 -0.045602 0.976428 0.438512 -0.173432 0.881833 
0.041236 0.310612 0.949642 0.388297 0.641794 0.661306 0.169785 -0.049557 0.984234 0.121386 -0.108562 0.986651 0.213717 -0.045063 0.975856 0.447639 -0.168849 0.878128 
0.040093 0.309071 0.950194 0.385915 0.645217 0.659367 0.173105 -0.048528 0.983707 0.121660 -0.107845 0.986696 0.216848 -0.045196 0.975158 0.458055 -0.165308 0.873418 
0.039241 0.307101 0.950868 0.382843 0.648349 0.658084 0.177741 -0.048712 0.982871 0.123865 -0.109420 0.986248 0.221009 -0.045838 0.974194 0.466477 -0.164000 0.869197 
0.038405 0.304576 0.951713 0.378385 0.651557 0.657494 0.184010 -0.050000 0.981652 0.128124 -0.113176 0.985279 0.226598 -0.046911 0.972858 0.473706 -0.164687 0.865148 
0.037133 0.300988 0.952905 0.371584 0.654753 0.658198 0.191612 -0.052058 0.980089 0.134534 -0.118879 0.983752 0.234083 -0.048201 0.971021 0.479989 -0.166638 0.861303 
0.035523 0.296326 0.954426 0.362958 0.658511 0.659261 0.201126 -0.054613 0.978042 0.142579 -0.126035 0.981726 0.243308 -0.049694 0.968675 0.487728 -0.168967 0.856488 
0.033617 0.290548 0.956270 0.352433 0.662787 0.660685 0.212494 -0.057511 0.975469 0.152169 -0.134492 0.979161 0.254236 -0.051361 0.965778 0.497343 -0.171339 0.850467 
0.031694 0.284203 0.958240 0.341222 0.667605 0.661718 0.225244 -0.060409 0.972428 0.162257 -0.143377 0.976276 0.266433 -0.053269 0.962380 0.509399 -0.173237 0.842913 
0.029422 0.277021 0.960413 0.327924 0.672627 0.663354 0.239365 -0.063441 0.968855 0.173766 -0.153274 0.972786 0.280205 -0.055132 0.958356 0.522528 -0.174981 0.834473 
0.026750 0.268347 0.962951 0.312061 0.677295 0.666251 0.255213 -0.066797 0.964575 0.187292 -0.164712 0.968396 0.295889 -0.056872 0.953528 0.536494 -0.176800 0.825176 
0.023826 0.258065 0.965834 0.293901 0.681751 0.669954 0.273137 -0.070252 0.959406 0.202660 -0.177517 0.963025 0.313554 -0.058490 0.947767 0.552482 -0.178108 0.814273 
0.020823 0.246195 0.968997 0.273813 0.685829 0.674288 0.293202 -0.073623 0.953212 0.219655 -0.191548 0.956588 0.333135 -0.059991 0.940969 0.570936 -0.178463 0.801363 
0.017788 0.232566 0.972418 0.251715 0.689090 0.679555 0.315471 -0.076853 0.945818 0.238440 -0.206896 0.948863 0.354853 -0.061281 0.932911 0.591738 -0.177788 0.786281 
0.340468 -0.079911 0.936854 0.014721 0.216813 0.976102 0.227189 0.691111 0.686113 0.259535 -0.223952 0.939408 0.379339 -0.062228 0.923163 0.614961 -0.175778 0.768717 
0.365915 -0.081067 0.927111 0.012416 0.200886 0.979536 0.204398 0.692971 0.691384 0.279019 -0.239903 0.929836 0.402486 -0.063095 0.913249 0.642194 -0.168793 0.747727 
0.391929 -0.079370 0.916565 0.010618 0.185633 0.982562 0.181723 0.696081 0.694585 0.297165 -0.254563 0.920267 0.425409 -0.064049 0.902732 0.673641 -0.154186 0.722796 
0.416143 -0.075596 0.906151 0.009391 0.171255 0.985182 0.161036 0.699031 0.696724 0.313002 -0.267445 0.911319 0.447903 -0.065538 0.891677 0.704924 -0.133724 0.696563 
0.008533 0.158509 0.987321 0.423649 -0.068499 0.903233 0.463671 -0.078304 0.882541 0.143134 0.700669 0.698982 0.326900 -0.279592 0.902754 0.469112 -0.067280 0.880572 0.731670 -0.112814 0.672259 
0.008145 0.147800 0.988984 0.661697 -0.089884 0.744364 0.441638 -0.064820 0.894849 0.483789 -0.081796 0.871354 0.129038 0.700330 0.702059 0.338989 -0.292177 0.894270 
0.008252 0.138984 0.990260 0.677825 -0.090591 0.729621 0.457698 -0.067050 0.886576 0.502797 -0.086933 0.860022 0.118758 0.697954 0.706227 0.349711 -0.306788 0.885202 
0.007750 0.127066 0.991864 0.689770 -0.099242 0.717194 0.473950 -0.079428 0.876962 0.523304 -0.089929 0.847387 0.107301 0.689823 0.715983 0.364704 -0.326364 0.872053 
0.509958 -0.098568 0.854533 0.006928 0.115589 0.993273 0.097815 0.677169 0.729297 0.380874 -0.348767 0.856327 0.551511 -0.077873 0.830525 0.774408 -0.143138 0.616283 
0.529596 -0.112318 0.840781 0.005891 0.101237 0.994845 0.089075 0.662808 0.743472 0.397012 -0.371779 0.839143 0.578188 -0.077708 0.812195 0.774435 -0.166752 0.610283 
0.549351 -0.114194 0.827752 0.004651 0.081858 0.996633 0.078541 0.648336 0.757293 0.413841 -0.389737 0.822703 0.603590 -0.074034 0.793850 0.786543 -0.158424 0.596868 
0.567758 -0.102526 0.816786 0.003135 0.058306 0.998294 0.065215 0.634123 0.770477 0.432464 -0.400327 0.807907 0.625967 -0.064942 0.777141 0.808329 -0.117006 0.576987 
0.582071 -0.088697 0.808286 0.001592 0.036795 0.999322 0.051997 0.619313 0.783420 0.451874 -0.404744 0.794979 0.646098 -0.049795 0.761628 0.822954 -0.076358 0.562954 
0.594211 -0.072373 0.801047 0.000469 0.013920 0.999903 0.040354 0.602673 0.796967 0.770939 -0.031647 0.636123 0.471904 -0.406755 0.782213 
0.606429 -0.055630 0.793189 0.000016 0.000532 1.000000 0.030729 0.586129 0.809635 0.779285 0.002768 0.626663 0.490735 -0.409246 0.769218 
0.024840 0.577766 0.815825 -0.302981 -0.055129 0.951401 0.133873 0.031805 0.990488 0.501041 -0.412382 0.760854 0.785355 0.034028 0.618110 -0.013676 0.090304 0.995820 -0.007336 -0.003018 0.999969 
0.023514 0.576242 0.816941 -0.274905 -0.065712 0.959223 0.136375 0.032877 0.990112 0.502918 -0.417300 0.756924 0.789155 0.053764 0.611836 -0.032055 0.174754 0.984090 -0.010717 -0.004422 0.999933 
0.026304 0.577553 0.815929 0.134442 0.032622 0.990384 0.499624 -0.422946 0.755971 0.791257 0.060776 0.608456 -0.048214 0.222187 0.973811 -0.012598 -0.005210 0.999907 
0.031134 0.579502 0.814376 0.135808 0.032931 0.990188 0.494336 -0.428355 0.756402 0.791670 0.059788 0.608017 -0.053504 0.226190 0.972613 -0.012676 -0.005245 0.999906 
0.036992 0.581161 0.812948 0.136080 0.032859 0.990153 0.488608 -0.432016 0.758040 0.790884 0.054659 0.609521 -0.051999 0.209428 0.976440 -0.011857 -0.004902 0.999918 
0.043072 0.582199 0.811905 0.135771 0.032568 0.990205 0.483227 -0.434627 0.759994 0.789867 0.046169 0.611538 -0.047341 0.185748 0.981456 -0.010744 -0.004437 0.999932 
0.048514 0.581991 0.811747 0.135465 0.032219 0.990258 0.479180 -0.437124 0.761124 0.789102 0.034876 0.613272 -0.042867 0.165485 0.985280 -0.009778 -0.004035 0.999944 
0.052300 0.580830 0.812343 0.135352 0.031947 0.990282 0.477002 -0.439489 0.761130 0.788701 0.024575 0.614286 -0.039748 0.152182 0.987553 -0.009122 -0.003762 0.999951 
0.053822 0.579682 0.813064 0.135604 0.031853 0.990251 0.476487 -0.441592 0.760235 0.789020 0.018173 0.614099 -0.037620 0.144349 0.988812 -0.008715 -0.003593 0.999956 
0.053611 0.578952 0.813598 0.136044 0.031878 0.990190 0.476999 -0.443194 0.758980 0.789795 0.014824 0.613192 -0.037193 0.143195 0.988995 -0.008615 -0.003551 0.999957 
0.053002 0.578345 0.814068 0.136375 0.031872 0.990144 0.477776 -0.444211 0.757896 0.790348 0.011260 0.612555 -0.036841 0.143071 0.989027 -0.008578 -0.003536 0.999957 
0.052719 0.577964 0.814358 0.136547 0.031798 0.990123 0.478193 -0.444837 0.757266 0.790489 0.006428 0.612442 -0.036695 0.143892 0.988913 -0.008586 -0.003539 0.999957 
0.052987 0.577918 0.814373 0.136519 0.031657 0.990131 0.477993 -0.445129 0.757220 0.790099 0.000605 0.612980 -0.037388 0.147158 0.988406 -0.008703 -0.003588 0.999956 
0.053641 0.578335 0.814034 0.136363 0.031483 0.990158 0.477202 -0.445183 0.757688 0.789422 -0.005330 0.613828 -0.038265 0.150655 0.987846 -0.008836 -0.003643 0.999954 
0.054573 0.579179 0.813372 0.136171 0.031306 0.990191 0.475897 -0.445213 0.758490 0.788617 -0.011000 0.614786 -0.039104 0.153738 0.987338 -0.008955 -0.003692 0.999953 
0.055746 0.580367 0.812444 0.135914 0.031131 0.990231 0.474176 -0.445151 0.759604 0.787727 -0.015970 0.615817 -0.039980 0.156588 0.986854 -0.009067 -0.003738 0.999952 
0.057049 0.581770 0.811350 0.135552 0.030960 0.990286 0.472231 -0.444866 0.760981 0.786822 -0.019779 0.616863 -0.040821 0.159029 0.986430 -0.009163 -0.003779 0.999951 
0.057961 0.582338 0.810878 0.135268 0.030849 0.990329 0.471178 -0.444597 0.761790 0.786229 -0.021914 0.617546 -0.041297 0.160301 0.986204 -0.009213 -0.003799 0.999950 
0.058060 0.582288 0.810906 0.135241 0.030836 0.990333 0.471140 -0.444590 0.761818 0.786147 -0.022224 0.617639 -0.041325 0.160377 0.986190 -0.009215 -0.003800 0.999950 
0.058065 0.582290 0.810905 0.135241 0.030835 0.990333 0.471135 -0.444590 0.761821 0.786142 -0.022237 0.617645 -0.041333 0.160401 0.986186 -0.009215 -0.003800 0.999950 
0.058088 0.582286 0.810906 0.135234 0.030833 0.990334 0.471123 -0.444575 0.761837 0.786112 -0.022276 0.617683 -0.041385 0.160554 0.986159 -0.009221 -0.003803 0.999950 
0.058147 0.582270 0.810913 0.135216 0.030827 0.990337 0.471095 -0.444529 0.761882 0.786033 -0.022353 0.617781 -0.041527 0.160954 0.986088 -0.009239 -0.003810 0.999950 
0.058245 0.582241 0.810927 0.135226 0.030811 0.990336 0.471054 -0.444444 0.761956 0.785902 -0.022464 0.617943 -0.042003 0.162464 0.985820 -0.009279 -0.003826 0.999950 
0.058376 0.582203 0.810945 0.135178 0.030797 0.990343 0.470997 -0.444316 0.762067 0.785720 -0.022588 0.618169 -0.042300 0.163296 0.985670 -0.009319 -0.003842 0.999949 
0.058521 0.582163 0.810963 0.135131 0.030783 0.990349 0.470933 -0.444179 0.762186 0.785523 -0.022745 0.618414 -0.042623 0.164202 0.985505 -0.009362 -0.003861 0.999949 
0.058658 0.582130 0.810977 0.135104 0.030770 0.990354 0.470866 -0.444073 0.762289 0.785347 -0.022972 0.618629 -0.042924 0.165039 0.985353 -0.009403 -0.003877 0.999948 
0.058803 0.582082 0.811001 0.135084 0.030757 0.990357 0.470801 -0.443991 0.762377 0.785173 -0.023297 0.618838 -0.043194 0.165795 0.985214 -0.009440 -0.003893 0.999948 
0.058989 0.581994 0.811050 0.135048 0.030738 0.990362 0.470734 -0.443913 0.762464 0.784966 -0.023780 0.619082 -0.043459 0.166540 0.985077 -0.009476 -0.003908 0.999947 
0.059206 0.581877 0.811118 0.134999 0.030712 0.990370 0.470664 -0.443835 0.762552 0.784736 -0.024380 0.619350 -0.043731 0.167304 0.984935 -0.009512 -0.003923 0.999947 
0.059420 0.581755 0.811191 0.134952 0.030687 0.990377 0.470597 -0.443777 0.762627 0.784515 -0.025010 0.619605 -0.044004 0.168077 0.984791 -0.009547 -0.003938 0.999947 
0.059613 0.581648 0.811254 0.134957 0.030662 0.990377 0.470535 -0.443731 0.762692 0.784315 -0.025598 0.619834 -0.044488 0.169579 0.984512 -0.009591 -0.003955 0.999946 
0.059786 0.581552 0.811310 0.134934 0.030643 0.990381 0.470476 -0.443706 0.762743 0.784135 -0.026155 0.620038 -0.044766 0.170363 0.984364 -0.009628 -0.003970 0.999946 
0.059944 0.581464 0.811360 0.134922 0.030627 0.990383 0.470421 -0.443697 0.762782 0.783971 -0.026697 0.620223 -0.045027 0.171099 0.984224 -0.009663 -0.003985 0.999945 
0.060101 0.581374 0.811414 0.134909 0.030611 0.990385 0.470368 -0.443688 0.762820 0.783807 -0.027235 0.620407 -0.045282 0.171815 0.984088 -0.009698 -0.003999 0.999945 
0.060267 0.581281 0.811468 0.134892 0.030594 0.990388 0.470313 -0.443670 0.762865 0.783636 -0.027783 0.620599 -0.045564 0.172602 0.983937 -0.009735 -0.004015 0.999945 
0.060444 0.581185 0.811524 0.134870 0.030575 0.990391 0.470249 -0.443655 0.762913 0.783456 -0.028369 0.620799 -0.045871 0.173453 0.983773 -0.009774 -0.004031 0.999944 
0.060638 0.581100 0.811570 0.134847 0.030555 0.990395 0.470164 -0.443646 0.762971 0.783271 -0.029006 0.621004 -0.046173 0.174288 0.983612 -0.009813 -0.004047 0.999944 
