2.481229 0.295439 0.004187 2.596013 0.339694 0.004390 2.385378 0.386252 0.004531 2.509475 0.429871 0.004734 
2.481337 0.295418 0.004263 2.595968 0.339479 0.004446 2.385328 0.386040 0.004573 2.509582 0.429851 0.004757 
2.483489 0.294889 0.004267 2.595863 0.338162 0.004631 2.385190 0.384696 0.004116 2.511679 0.429347 0.004521 
2.484051 0.294753 0.004322 2.595759 0.337459 0.004729 2.385071 0.383997 0.004022 2.512230 0.429216 0.004483 
2.485080 0.294531 0.004289 2.595628 0.336525 0.004773 2.384913 0.383031 0.003838 2.513218 0.429010 0.004400 
2.487574 0.293851 0.004423 2.595012 0.332991 0.004956 2.384247 0.379610 0.003486 2.515724 0.428342 0.004136 
2.488448 0.293740 0.004259 2.594739 0.331916 0.004829 2.383961 0.378599 0.003440 2.516616 0.428234 0.004147 
2.489012 0.293676 0.004175 2.594328 0.330174 0.004740 2.383535 0.376980 0.003570 2.517231 0.428163 0.004285 
2.491949 0.293157 0.004019 2.594043 0.328208 0.004884 2.383205 0.375017 0.003292 2.520113 0.427672 0.004463 
2.489927 0.293785 0.003619 2.593589 0.326969 0.004306 2.382713 0.373782 0.003724 2.518104 0.428282 0.004700 
2.491087 0.293532 0.003739 2.592555 0.322010 0.004406 2.381575 0.368876 0.003891 2.519236 0.428041 0.004965 
2.492246 0.293212 0.003860 2.591578 0.317648 0.004527 2.380446 0.364293 0.004078 2.520197 0.427768 0.005303 
2.493801 0.292939 0.003963 2.590221 0.311145 0.004509 2.378932 0.357773 0.004096 2.521660 0.427524 0.005291 
2.495618 0.292567 0.004061 2.589622 0.308426 0.004697 2.378273 0.355071 0.004360 2.523436 0.427166 0.005976 
2.498393 0.291960 0.004146 2.589626 0.308464 0.005016 2.378288 0.355149 0.004724 2.526198 0.426562 0.007040 
2.502142 0.291154 0.004231 2.589156 0.306190 0.005141 2.377787 0.352971 0.004877 2.529936 0.425771 0.007557 
2.506758 0.290165 0.004299 2.588680 0.303883 0.005216 2.377284 0.350778 0.004992 2.534543 0.424805 0.007994 
2.647478 0.119420 0.008825 2.537634 0.424052 0.007731 2.626537 0.310727 0.008213 2.346273 0.192361 0.008785 2.375840 0.344449 0.005003 2.378143 0.264294 0.005141 
2.646250 0.118374 0.008690 2.540750 0.423427 0.007668 2.627683 0.306082 0.008157 2.354410 0.183489 0.006554 2.374736 0.339608 0.004922 2.378595 0.263301 0.004848 
2.645454 0.118034 0.008548 2.543909 0.422755 0.008214 2.628169 0.303005 0.008459 2.357838 0.178400 0.006249 2.374474 0.338457 0.005020 2.379172 0.259394 0.004864 
2.644175 0.117182 0.008069 2.547167 0.422055 0.008861 2.628361 0.301842 0.008674 2.359649 0.175836 0.006637 2.374527 0.338685 0.005166 2.379919 0.254558 0.005013 
2.642531 0.116049 0.007308 2.549978 0.421382 0.009307 2.628267 0.301867 0.008636 2.360047 0.175288 0.007524 2.374478 0.338550 0.005328 2.380643 0.249546 0.005315 
2.641214 0.115593 0.006523 2.550393 0.421022 0.009701 2.627780 0.302446 0.008466 2.359528 0.175334 0.008597 2.374237 0.337734 0.005956 2.380796 0.246767 0.005969 
2.640769 0.116038 0.005897 2.549730 0.420810 0.009973 2.627141 0.303058 0.008248 2.358681 0.175371 0.009587 2.373919 0.336619 0.006743 2.380555 0.245798 0.006702 
2.640115 0.116589 0.005075 2.549458 0.420535 0.010024 2.626293 0.304654 0.007862 2.357748 0.175177 0.010386 2.373598 0.335474 0.007319 2.380157 0.245596 0.007263 
2.641887 0.117977 0.004966 2.549928 0.420229 0.009866 2.625926 0.304707 0.007663 2.357463 0.175096 0.010726 2.373358 0.334592 0.007648 2.379808 0.246344 0.007569 
2.644197 0.119629 0.004966 2.551066 0.419988 0.009557 2.625797 0.304814 0.007446 2.357442 0.174728 0.010738 2.373283 0.334283 0.007804 2.379439 0.248179 0.007699 
2.646469 0.121243 0.004950 2.552681 0.419730 0.009114 2.625699 0.305335 0.007178 2.357461 0.174550 0.010596 2.373277 0.334249 0.007756 2.379100 0.250279 0.007667 
2.648811 0.122895 0.004953 2.554722 0.419444 0.008556 2.625626 0.306144 0.006881 2.357622 0.174228 0.010226 2.373327 0.334454 0.007494 2.378757 0.252706 0.007448 
2.651110 0.124508 0.004955 2.556944 0.419118 0.007882 2.625509 0.307198 0.006536 2.357838 0.173821 0.009694 2.373352 0.334570 0.007038 2.378396 0.255253 0.007070 
2.653114 0.125910 0.004960 2.558866 0.418737 0.007088 2.625192 0.308343 0.006124 2.357961 0.172832 0.009211 2.373186 0.333961 0.006432 2.378003 0.257173 0.006623 
2.653979 0.126523 0.004969 2.560243 0.418359 0.006282 2.624654 0.309788 0.005699 2.357947 0.171583 0.009090 2.372939 0.333101 0.005788 2.377714 0.257719 0.006255 
2.653889 0.126486 0.004961 2.561048 0.418050 0.005507 2.623972 0.311669 0.005270 2.357705 0.170533 0.009250 2.372726 0.332360 0.005181 2.377484 0.257660 0.005987 
2.653089 0.126077 0.004992 2.561039 0.418030 0.005104 2.623384 0.314328 0.005042 2.357192 0.169754 0.009627 2.372927 0.333301 0.005003 2.377197 0.258900 0.006046 
2.651115 0.125452 0.005039 2.560285 0.418163 0.005009 2.622478 0.317454 0.004985 2.355680 0.170333 0.010308 2.373516 0.336287 0.004985 2.376691 0.260378 0.006237 
2.648541 0.125045 0.005089 2.556902 0.418599 0.004398 2.621547 0.318497 0.004465 2.353071 0.171717 0.011258 2.373675 0.337763 0.005205 2.375752 0.262631 0.006652 
2.645747 0.124710 0.005143 2.555280 0.418948 0.004231 2.620436 0.320730 0.004317 2.350085 0.173226 0.012269 2.374337 0.341427 0.005093 2.375057 0.263549 0.006798 
2.642962 0.124453 0.005195 2.554357 0.419102 0.004297 2.619259 0.323467 0.004362 2.347059 0.174603 0.013210 2.374974 0.344693 0.005082 2.374297 0.265044 0.006973 
2.640451 0.124319 0.005240 2.553497 0.419323 0.004362 2.618207 0.325974 0.004410 2.344258 0.175707 0.014014 2.375638 0.348083 0.005008 2.373629 0.266385 0.007046 
2.638473 0.124218 0.005302 2.552800 0.419443 0.004419 2.617356 0.328222 0.004464 2.341882 0.176792 0.014703 2.376136 0.350620 0.004997 2.373077 0.267766 0.007141 
2.636772 0.124090 0.005365 2.552229 0.419541 0.004469 2.616662 0.330147 0.004514 2.339920 0.177698 0.015289 2.376558 0.352770 0.004990 2.372636 0.268907 0.007221 
2.635579 0.123999 0.005427 2.552852 0.419373 0.004401 2.616211 0.331710 0.004542 2.338537 0.178319 0.015687 2.376788 0.353380 0.004778 2.372429 0.269461 0.007170 
2.634550 0.123922 0.005472 2.553273 0.419305 0.004407 2.615835 0.333037 0.004600 2.337346 0.178840 0.016043 2.377088 0.354522 0.004595 2.372279 0.269629 0.007110 
2.633818 0.123859 0.005505 2.553402 0.419262 0.004403 2.615570 0.333918 0.004626 2.336519 0.179198 0.016294 2.377230 0.355021 0.004532 2.372140 0.270034 0.007116 
2.633421 0.123815 0.005527 2.553124 0.419309 0.004449 2.615412 0.334490 0.004658 2.336092 0.179394 0.016423 2.377367 0.355717 0.004575 2.372037 0.270478 0.007150 
2.633300 0.123777 0.005532 2.553016 0.419327 0.004491 2.615368 0.334705 0.004685 2.335964 0.179474 0.016486 2.377419 0.355982 0.004616 2.372017 0.270566 0.007184 
2.633324 0.123794 0.005517 2.552377 0.419384 0.004386 2.615400 0.334110 0.004569 2.335963 0.179470 0.016487 2.377211 0.355086 0.004747 2.371946 0.271005 0.007286 
2.633394 0.123843 0.005490 2.552126 0.419428 0.004391 2.615438 0.333704 0.004555 2.335972 0.179447 0.016439 2.377127 0.354705 0.004804 2.371933 0.271071 0.007307 
2.633486 0.123906 0.005453 2.551610 0.419317 0.003914 2.615549 0.331893 0.004184 2.335985 0.179423 0.016358 2.376451 0.351511 0.004769 2.371841 0.271173 0.007340 
2.633579 0.123972 0.005415 2.552866 0.419066 0.003965 2.615615 0.331680 0.004287 2.336018 0.179432 0.016239 2.376394 0.350723 0.004540 2.371970 0.270287 0.007171 
2.633693 0.124052 0.005373 2.552783 0.419078 0.004058 2.615666 0.331224 0.004345 2.336034 0.179486 0.016130 2.376337 0.350432 0.004583 2.371974 0.270175 0.007154 
2.633860 0.124167 0.005352 2.552698 0.419089 0.004144 2.615736 0.330630 0.004405 2.336055 0.179491 0.016033 2.376261 0.350039 0.004622 2.371988 0.269970 0.007143 
2.634007 0.124268 0.005332 2.552582 0.419107 0.004221 2.615811 0.329999 0.004459 2.336074 0.179490 0.015930 2.376171 0.349576 0.004657 2.372001 0.269763 0.007128 
2.634125 0.124344 0.005314 2.552099 0.419218 0.004293 2.615886 0.329291 0.004493 2.336091 0.179494 0.015816 2.376121 0.349401 0.004711 2.372006 0.269591 0.007114 
2.634214 0.124398 0.005299 2.551794 0.419282 0.004358 2.615962 0.328625 0.004533 2.336104 0.179510 0.015690 2.376027 0.348955 0.004745 2.372012 0.269445 0.007091 
2.634279 0.124435 0.005285 2.552361 0.419138 0.004349 2.616053 0.327988 0.004571 2.336123 0.179504 0.015544 2.375834 0.347705 0.004608 2.372079 0.268899 0.006979 
2.634310 0.124449 0.005273 2.551018 0.419321 0.004249 2.616141 0.326836 0.004447 2.336144 0.179545 0.015380 2.375556 0.346616 0.004782 2.371971 0.269531 0.007048 
2.634274 0.124424 0.005265 2.550738 0.419367 0.004318 2.616193 0.326391 0.004498 2.336147 0.179619 0.015239 2.375471 0.346184 0.004801 2.371971 0.269510 0.007013 
2.634250 0.124406 0.005257 2.550423 0.419419 0.004381 2.616240 0.325992 0.004544 2.336145 0.179658 0.015088 2.375391 0.345777 0.004817 2.371964 0.269569 0.006973 
2.634242 0.124399 0.005249 2.550070 0.419477 0.004438 2.616280 0.325645 0.004585 2.336139 0.179663 0.014924 2.375318 0.345403 0.004831 2.371949 0.269726 0.006927 
2.634235 0.124388 0.005241 2.549084 0.419698 0.004496 2.616306 0.325229 0.004593 2.336129 0.179650 0.014762 2.375335 0.345749 0.004887 2.371903 0.269943 0.006892 
2.634213 0.124372 0.005235 2.548764 0.419751 0.004542 2.616334 0.324985 0.004630 2.336117 0.179643 0.014599 2.375260 0.345373 0.004894 2.371882 0.270177 0.006844 
2.634190 0.124350 0.005228 2.549333 0.419585 0.004498 2.616377 0.324792 0.004656 2.336122 0.179668 0.014400 2.375094 0.344220 0.004728 2.371917 0.270084 0.006696 
2.634145 0.124319 0.005225 2.548847 0.419666 0.004543 2.616392 0.324653 0.004686 2.336110 0.179674 0.014225 2.375059 0.344035 0.004749 2.371884 0.270493 0.006651 
2.634111 0.124291 0.005220 2.549245 0.419622 0.004623 2.616412 0.324800 0.004790 2.336096 0.179658 0.014044 2.375144 0.344165 0.004567 2.371956 0.270168 0.006466 
2.634059 0.124252 0.005217 2.547944 0.419865 0.004607 2.616437 0.324364 0.004731 2.336081 0.179660 0.013883 2.375106 0.344210 0.004679 2.371874 0.270832 0.006479 
2.634012 0.124218 0.005214 2.547520 0.419937 0.004642 2.616452 0.324230 0.004754 2.336068 0.179660 0.013736 2.375057 0.343958 0.004706 2.371843 0.271216 0.006450 
2.633974 0.124191 0.005210 2.547140 0.420001 0.004673 2.616468 0.324096 0.004775 2.336056 0.179658 0.013603 2.375010 0.343714 0.004730 2.371816 0.271558 0.006425 
2.633942 0.124169 0.005207 2.546804 0.420057 0.004702 2.616482 0.323971 0.004793 2.336046 0.179654 0.013484 2.374967 0.343494 0.004752 2.371792 0.271857 0.006403 
2.633916 0.124147 0.005204 2.545566 0.420293 0.004671 2.616504 0.323507 0.004716 2.336037 0.179656 0.013384 2.374939 0.343647 0.004865 2.371714 0.272361 0.006439 
2.633897 0.124131 0.005202 2.544049 0.420590 0.004608 2.616510 0.322891 0.004594 2.336032 0.179686 0.013307 2.374881 0.343930 0.005003 2.371598 0.272840 0.006498 
2.633874 0.124113 0.005200 2.543710 0.420552 0.004425 2.616512 0.322277 0.004463 2.336027 0.179705 0.013224 2.374568 0.342668 0.004989 2.371510 0.273032 0.006497 
2.633682 0.124005 0.005142 2.544895 0.420379 0.004497 2.616486 0.322793 0.004576 2.335836 0.179928 0.013208 2.374698 0.342920 0.004699 2.371648 0.271983 0.006279 
2.633646 0.123979 0.005147 2.544797 0.420395 0.004543 2.616485 0.322790 0.004615 2.335829 0.179935 0.013153 2.374669 0.342775 0.004722 2.371635 0.272137 0.006279 
2.633623 0.123963 0.005151 2.544748 0.420404 0.004585 2.616486 0.322778 0.004650 2.335823 0.179941 0.013115 2.374644 0.342649 0.004743 2.371627 0.272233 0.006282 
2.633608 0.123953 0.005155 2.544738 0.420405 0.004623 2.616487 0.322767 0.004681 2.335820 0.179949 0.013093 2.374624 0.342545 0.004762 2.371623 0.272285 0.006289 
2.633597 0.123937 0.005158 2.545164 0.420349 0.004612 2.616510 0.322743 0.004705 2.335819 0.179956 0.013075 2.374653 0.342504 0.004633 2.371691 0.271796 0.006197 
2.633579 0.123925 0.005162 2.545150 0.420351 0.004647 2.616509 0.322745 0.004730 2.335816 0.179961 0.013073 2.374637 0.342422 0.004663 2.371686 0.271849 0.006217 
2.633573 0.123917 0.005165 2.545890 0.420273 0.004751 2.616502 0.323098 0.004848 2.335814 0.179958 0.013067 2.374801 0.343003 0.004506 2.371787 0.271158 0.006094 
2.633552 0.123902 0.005168 2.545797 0.420289 0.004772 2.616505 0.323075 0.004860 2.335810 0.179960 0.013069 2.374779 0.342885 0.004549 2.371778 0.271278 0.006125 
2.633537 0.123891 0.005172 2.545742 0.420299 0.004791 2.616507 0.323059 0.004870 2.335808 0.179964 0.013081 2.374761 0.342793 0.004588 2.371772 0.271360 0.006156 
2.633526 0.123883 0.005175 2.545719 0.420303 0.004808 2.616508 0.323051 0.004880 2.335807 0.179970 0.013103 2.374748 0.342722 0.004624 2.371769 0.271409 0.006187 
2.633517 0.123876 0.005178 2.545715 0.420304 0.004823 2.616509 0.323051 0.004888 2.335807 0.179974 0.013129 2.374738 0.342672 0.004656 2.371767 0.271437 0.006218 
2.633517 0.123874 0.005180 2.546467 0.420124 0.004766 2.616536 0.323033 0.004889 2.335806 0.179976 0.013143 2.374633 0.341891 0.004561 2.371813 0.271169 0.006181 
2.633513 0.123867 0.005183 2.546011 0.420235 0.004790 2.616535 0.322948 0.004879 2.335804 0.179978 0.013163 2.374686 0.342285 0.004625 2.371796 0.271242 0.006218 
2.633509 0.123864 0.005185 2.546000 0.420237 0.004807 2.616535 0.322948 0.004887 2.335804 0.179980 0.013192 2.374685 0.342274 0.004658 2.371796 0.271255 0.006248 
2.633506 0.123859 0.005187 2.545991 0.420244 0.004825 2.616533 0.322959 0.004897 2.335804 0.179978 0.013221 2.374691 0.342295 0.004686 2.371799 0.271250 0.006275 
2.633505 0.123856 0.005189 2.545847 0.420284 0.004841 2.616532 0.322937 0.004897 2.335804 0.179980 0.013246 2.374713 0.342455 0.004720 2.371795 0.271258 0.006301 
2.633501 0.123853 0.005191 2.545850 0.420284 0.004854 2.616531 0.322945 0.004904 2.335804 0.179982 0.013266 2.374710 0.342438 0.004743 2.371794 0.271273 0.006322 
2.633497 0.123849 0.005193 2.545850 0.420284 0.004865 2.616531 0.322951 0.004910 2.335804 0.179984 0.013285 2.374707 0.342420 0.004764 2.371793 0.271288 0.006342 
2.633499 0.123847 0.005194 2.545164 0.420368 0.004766 2.616552 0.322534 0.004801 2.335805 0.179991 0.013289 2.374575 0.341970 0.004879 2.371720 0.271729 0.006432 
2.633497 0.123845 0.005195 2.545176 0.420366 0.004786 2.616548 0.322562 0.004818 2.335803 0.179995 0.013279 2.374574 0.341966 0.004885 2.371718 0.271755 0.006433 
2.633501 0.123841 0.005195 2.546441 0.420180 0.004845 2.616553 0.322950 0.004934 2.335803 0.179995 0.013257 2.374734 0.342368 0.004597 2.371866 0.270699 0.006224 
2.633477 0.123813 0.005196 2.546102 0.420260 0.004861 2.616553 0.322928 0.004931 2.335796 0.180002 0.013236 2.374767 0.342579 0.004631 2.371853 0.270842 0.006233 
2.633465 0.123778 0.005196 2.543906 0.420913 0.004891 2.616456 0.322574 0.004825 2.335766 0.180096 0.013227 2.374919 0.344957 0.004786 2.371674 0.270910 0.006275 
2.633438 0.123761 0.005197 2.543963 0.420905 0.004896 2.616448 0.322640 0.004838 2.335763 0.180125 0.013191 2.374858 0.344649 0.004798 2.371656 0.271135 0.006282 
2.633383 0.123721 0.005198 2.542780 0.421049 0.004704 2.616471 0.321935 0.004642 2.335755 0.180164 0.013159 2.374556 0.343539 0.004978 2.371509 0.272042 0.006427 
2.633363 0.123708 0.005199 2.542878 0.421033 0.004726 2.616451 0.322082 0.004672 2.335749 0.180184 0.013100 2.374520 0.343364 0.004970 2.371492 0.272245 0.006408 
2.633326 0.123683 0.005200 2.542935 0.421025 0.004746 2.616436 0.322202 0.004700 2.335742 0.180199 0.013046 2.374484 0.343187 0.004965 2.371476 0.272431 0.006394 
2.633288 0.123651 0.005200 2.541808 0.421128 0.004414 2.616441 0.321161 0.004418 2.335731 0.180217 0.012992 2.374101 0.341902 0.004991 2.371329 0.272749 0.006432 
2.633284 0.123642 0.005199 2.543206 0.420970 0.004556 2.616415 0.321887 0.004612 2.335722 0.180213 0.012913 2.374373 0.342854 0.004655 2.371496 0.271647 0.006157 
2.633221 0.123596 0.005200 2.542541 0.421104 0.004561 2.616405 0.321770 0.004585 2.335700 0.180260 0.012874 2.374345 0.342925 0.004742 2.371438 0.272029 0.006200 
2.633165 0.123556 0.005202 2.542565 0.421101 0.004600 2.616392 0.321871 0.004622 2.335690 0.180275 0.012836 2.374306 0.342731 0.004761 2.371423 0.272205 0.006206 
2.633121 0.123526 0.005202 2.542587 0.421098 0.004636 2.616383 0.321942 0.004655 2.335683 0.180290 0.012798 2.374267 0.342534 0.004779 2.371410 0.272362 0.006210 
2.633084 0.123500 0.005203 2.542602 0.421096 0.004668 2.616376 0.321990 0.004686 2.335676 0.180305 0.012761 2.374228 0.342341 0.004795 2.371398 0.272501 0.006214 
2.633053 0.123459 0.005203 2.541289 0.421344 0.004607 2.616365 0.321506 0.004574 2.335668 0.180322 0.012731 2.374163 0.342391 0.004935 2.371308 0.272959 0.006294 
2.633032 0.123438 0.005202 2.542865 0.421117 0.004686 2.616366 0.322031 0.004733 2.335659 0.180323 0.012683 2.374323 0.342695 0.004598 2.371482 0.271800 0.006042 
2.632981 0.123403 0.005203 2.542845 0.421122 0.004713 2.616364 0.322041 0.004756 2.335652 0.180342 0.012663 2.374274 0.342444 0.004631 2.371470 0.271946 0.006064 
2.632939 0.123373 0.005204 2.542833 0.421125 0.004738 2.616363 0.322047 0.004777 2.335646 0.180359 0.012648 2.374229 0.342219 0.004661 2.371460 0.272070 0.006084 
2.632901 0.123347 0.005204 2.542824 0.421127 0.004761 2.616362 0.322054 0.004796 2.335641 0.180374 0.012634 2.374190 0.342016 0.004688 2.371451 0.272183 0.006102 
2.632890 0.123337 0.005203 2.542206 0.421249 0.004748 2.616367 0.321841 0.004754 2.335635 0.180392 0.012611 2.374160 0.342056 0.004770 2.371403 0.272480 0.006149 
2.632865 0.123320 0.005203 2.542229 0.421246 0.004770 2.616361 0.321880 0.004776 2.335632 0.180408 0.012585 2.374124 0.341874 0.004787 2.371393 0.272610 0.006156 
2.632829 0.123295 0.005204 2.542243 0.421244 0.004790 2.616356 0.321920 0.004795 2.335628 0.180421 0.012563 2.374092 0.341709 0.004801 2.371383 0.272723 0.006164 
2.632775 0.123258 0.005206 2.542250 0.421244 0.004807 2.616352 0.321953 0.004812 2.335623 0.180438 0.012549 2.374061 0.341557 0.004814 2.371377 0.272801 0.006172 
2.632719 0.123216 0.005208 2.542197 0.421257 0.004824 2.616347 0.321971 0.004826 2.335617 0.180457 0.012538 2.374041 0.341474 0.004830 2.371369 0.272863 0.006181 
2.632654 0.123171 0.005210 2.542194 0.421258 0.004839 2.616344 0.321994 0.004840 2.335609 0.180480 0.012530 2.374013 0.341336 0.004841 2.371366 0.272908 0.006190 
2.632592 0.123128 0.005212 2.542187 0.421260 0.004852 2.616341 0.322013 0.004854 2.335597 0.180507 0.012526 2.373988 0.341208 0.004851 2.371363 0.272941 0.006198 
2.632532 0.123086 0.005214 2.542181 0.421262 0.004864 2.616339 0.322030 0.004866 2.335586 0.180534 0.012522 2.373965 0.341089 0.004859 2.371360 0.272969 0.006206 
2.632494 0.123041 0.005214 2.543312 0.421073 0.004936 2.616315 0.322444 0.004981 2.335556 0.180607 0.012520 2.374140 0.342170 0.004560 2.371445 0.271664 0.005982 
2.632453 0.123010 0.005215 2.541279 0.421489 0.004816 2.616327 0.321700 0.004779 2.335525 0.180676 0.012522 2.374064 0.342576 0.004793 2.371286 0.272389 0.006131 
2.632426 0.122992 0.005215 2.541350 0.421478 0.004830 2.616316 0.321787 0.004797 2.335523 0.180698 0.012497 2.374021 0.342364 0.004805 2.371272 0.272558 0.006138 
2.632361 0.122947 0.005218 2.541392 0.421472 0.004843 2.616306 0.321872 0.004814 2.335515 0.180726 0.012485 2.373984 0.342178 0.004818 2.371262 0.272679 0.006149 
2.632287 0.122896 0.005220 2.541418 0.421469 0.004855 2.616296 0.321943 0.004829 2.335498 0.180766 0.012480 2.373948 0.341999 0.004830 2.371255 0.272769 0.006161 
2.632208 0.122841 0.005223 2.541430 0.421468 0.004866 2.616289 0.322001 0.004843 2.335470 0.180822 0.012481 2.373915 0.341830 0.004840 2.371250 0.272830 0.006172 
2.632129 0.122784 0.005226 2.541155 0.421537 0.004880 2.616282 0.321997 0.004842 2.335433 0.180890 0.012485 2.373927 0.341972 0.004865 2.371240 0.272871 0.006185 
2.632082 0.122746 0.005227 2.541104 0.421599 0.004854 2.616295 0.321929 0.004827 2.335393 0.180962 0.012483 2.374021 0.342411 0.004754 2.371294 0.272389 0.006095 
2.631997 0.122688 0.005229 2.541114 0.421599 0.004865 2.616289 0.321975 0.004841 2.335386 0.180989 0.012471 2.373973 0.342170 0.004771 2.371284 0.272504 0.006110 
2.631908 0.122626 0.005232 2.541112 0.421601 0.004875 2.616285 0.322009 0.004854 2.335375 0.181023 0.012464 2.373929 0.341945 0.004786 2.371277 0.272589 0.006125 
2.631821 0.122566 0.005235 2.541104 0.421603 0.004884 2.616281 0.322032 0.004866 2.335365 0.181054 0.012457 2.373887 0.341731 0.004801 2.371271 0.272664 0.006139 
2.631739 0.122509 0.005238 2.541094 0.421606 0.004892 2.616279 0.322049 0.004876 2.335355 0.181083 0.012450 2.373847 0.341529 0.004813 2.371266 0.272731 0.006151 
2.631704 0.122479 0.005238 2.542330 0.421427 0.004923 2.616288 0.322407 0.004979 2.335340 0.181101 0.012427 2.373976 0.341761 0.004524 2.371415 0.271711 0.005942 
2.631632 0.122427 0.005240 2.542185 0.421453 0.004928 2.616291 0.322387 0.004979 2.335291 0.181172 0.012444 2.373938 0.341564 0.004565 2.371406 0.271830 0.005977 
2.631582 0.122390 0.005242 2.541957 0.421487 0.004911 2.616298 0.322270 0.004955 2.335267 0.181213 0.012462 2.373877 0.341312 0.004620 2.371385 0.271987 0.006025 
2.631550 0.122367 0.005244 2.541934 0.421491 0.004917 2.616301 0.322247 0.004957 2.335249 0.181246 0.012492 2.373850 0.341173 0.004652 2.371383 0.272015 0.006059 
2.631529 0.122350 0.005245 2.541175 0.421687 0.004940 2.616297 0.322101 0.004923 2.335241 0.181268 0.012521 2.373940 0.341958 0.004731 2.371347 0.272049 0.006100 
2.631526 0.122346 0.005245 2.539329 0.422054 0.004841 2.616289 0.321429 0.004737 2.335230 0.181298 0.012532 2.373882 0.342557 0.004932 2.371186 0.272585 0.006227 
2.631516 0.122339 0.005245 2.539558 0.422017 0.004852 2.616274 0.321540 0.004759 2.335196 0.181365 0.012549 2.373837 0.342331 0.004932 2.371184 0.272608 0.006238 
2.631510 0.122336 0.005245 2.539696 0.421996 0.004861 2.616257 0.321676 0.004779 2.335193 0.181374 0.012519 2.373799 0.342143 0.004932 2.371169 0.272778 0.006236 
2.631481 0.122310 0.005246 2.540735 0.421890 0.004887 2.616256 0.322072 0.004868 2.335155 0.181427 0.012506 2.374000 0.342871 0.004629 2.371316 0.271680 0.006008 
2.631407 0.122252 0.005249 2.541927 0.421768 0.004978 2.616251 0.322637 0.005010 2.335122 0.181465 0.012501 2.374224 0.343581 0.004351 2.371479 0.270632 0.005801 
2.631284 0.122167 0.005254 2.541795 0.421793 0.004976 2.616252 0.322634 0.005005 2.335105 0.181507 0.012521 2.374158 0.343243 0.004407 2.371464 0.270836 0.005855 
2.631197 0.122103 0.005257 2.540983 0.421898 0.004863 2.616280 0.322151 0.004879 2.335100 0.181532 0.012543 2.373959 0.342463 0.004565 2.371377 0.271422 0.005990 
2.631161 0.122076 0.005259 2.541365 0.421861 0.004904 2.616276 0.322323 0.004932 2.335089 0.181562 0.012555 2.374002 0.342569 0.004505 2.371421 0.271141 0.005950 
2.631098 0.122032 0.005262 2.541343 0.421867 0.004912 2.616278 0.322307 0.004936 2.335079 0.181588 0.012577 2.373952 0.342307 0.004547 2.371414 0.271236 0.005992 
2.631068 0.122009 0.005263 2.540828 0.421998 0.004929 2.616277 0.322196 0.004916 2.335063 0.181614 0.012598 2.373977 0.342625 0.004619 2.371388 0.271342 0.006037 
2.631033 0.121984 0.005264 2.540859 0.421995 0.004933 2.616279 0.322182 0.004922 2.335060 0.181618 0.012605 2.373919 0.342328 0.004650 2.371380 0.271448 0.006067 
2.631014 0.121964 0.005264 2.539869 0.422368 0.004995 2.616286 0.322084 0.004902 2.335035 0.181665 0.012617 2.374107 0.343682 0.004720 2.371368 0.271440 0.006081 
2.631001 0.121953 0.005264 2.541293 0.422035 0.004978 2.616288 0.322351 0.004984 2.335010 0.181669 0.012610 2.374114 0.343200 0.004450 2.371494 0.270531 0.005910 
2.630936 0.121908 0.005266 2.541262 0.422042 0.004978 2.616295 0.322302 0.004983 2.334988 0.181715 0.012637 2.374043 0.342837 0.004497 2.371486 0.270643 0.005958 
2.630901 0.121871 0.005267 2.541457 0.422069 0.004937 2.616287 0.322193 0.004968 2.334979 0.181726 0.012650 2.374067 0.343197 0.004353 2.371521 0.269919 0.005861 
2.630894 0.121862 0.005267 2.540786 0.422204 0.004907 2.616300 0.321892 0.004906 2.334958 0.181750 0.012665 2.373993 0.343045 0.004471 2.371465 0.270255 0.005945 
2.630887 0.121857 0.005266 2.540821 0.422200 0.004914 2.616305 0.321852 0.004913 2.334958 0.181765 0.012666 2.373918 0.342660 0.004514 2.371452 0.270428 0.005984 
2.630874 0.121848 0.005266 2.540850 0.422197 0.004920 2.616309 0.321822 0.004919 2.334960 0.181797 0.012663 2.373850 0.342313 0.004554 2.371439 0.270597 0.006018 
2.630849 0.121825 0.005266 2.540838 0.422250 0.004893 2.616330 0.321708 0.004901 2.334951 0.181845 0.012671 2.373911 0.342588 0.004476 2.371486 0.270202 0.005961 
2.630814 0.121801 0.005267 2.540861 0.422248 0.004902 2.616332 0.321690 0.004909 2.334925 0.181880 0.012694 2.373845 0.342246 0.004520 2.371478 0.270314 0.006005 
2.630769 0.121769 0.005269 2.540880 0.422247 0.004909 2.616333 0.321689 0.004916 2.334924 0.181906 0.012705 2.373787 0.341949 0.004559 2.371467 0.270450 0.006042 
2.630779 0.121767 0.005268 2.541395 0.422329 0.005039 2.616331 0.322114 0.005035 2.334903 0.181930 0.012707 2.374183 0.343861 0.004313 2.371617 0.269246 0.005829 
2.630779 0.121759 0.005267 2.539565 0.422771 0.005027 2.616332 0.321654 0.004913 2.334843 0.182006 0.012732 2.374275 0.345084 0.004510 2.371507 0.269642 0.005929 
2.630797 0.121757 0.005266 2.540662 0.422617 0.004995 2.616352 0.321834 0.004963 2.334811 0.182025 0.012729 2.374285 0.344796 0.004279 2.371621 0.268897 0.005786 
2.630767 0.121736 0.005267 2.540675 0.422619 0.004992 2.616353 0.321831 0.004964 2.334802 0.182022 0.012728 2.374178 0.344247 0.004337 2.371597 0.269214 0.005840 
2.630706 0.121691 0.005270 2.539905 0.422773 0.004947 2.616363 0.321527 0.004886 2.334798 0.182047 0.012746 2.374090 0.344052 0.004468 2.371532 0.269629 0.005937 
2.630695 0.121683 0.005270 2.540001 0.422760 0.004948 2.616361 0.321540 0.004894 2.334786 0.182052 0.012747 2.373994 0.343558 0.004509 2.371514 0.269861 0.005978 
2.630742 0.121702 0.005266 2.541437 0.422570 0.004976 2.616370 0.321947 0.005005 2.334780 0.182037 0.012709 2.374121 0.343766 0.004196 2.371669 0.268838 0.005757 
2.630725 0.121685 0.005266 2.541552 0.422641 0.005055 2.616360 0.322222 0.005073 2.334749 0.182051 0.012684 2.374291 0.344548 0.004115 2.371726 0.268525 0.005672 
2.630599 0.121595 0.005271 2.541288 0.422686 0.005032 2.616365 0.322150 0.005048 2.334736 0.182084 0.012688 2.374171 0.343968 0.004201 2.371688 0.268933 0.005748 
2.630472 0.121505 0.005276 2.540480 0.422846 0.004990 2.616373 0.321876 0.004974 2.334694 0.182177 0.012723 2.374082 0.343759 0.004335 2.371627 0.269324 0.005851 
2.630407 0.121455 0.005278 2.541726 0.422672 0.005024 2.616383 0.322246 0.005077 2.334686 0.182199 0.012719 2.374165 0.343742 0.004092 2.371765 0.268473 0.005695 
2.630344 0.121410 0.005280 2.540901 0.422868 0.005031 2.616382 0.322098 0.005037 2.334668 0.182233 0.012716 2.374161 0.343994 0.004217 2.371706 0.268881 0.005767 
2.630220 0.121324 0.005286 2.540798 0.422889 0.005025 2.616388 0.322063 0.005030 2.334661 0.182265 0.012738 2.374067 0.343502 0.004285 2.371688 0.269124 0.005833 
2.630155 0.121272 0.005288 2.539756 0.423118 0.004954 2.616380 0.321641 0.004919 2.334616 0.182349 0.012772 2.374002 0.343727 0.004384 2.371608 0.269271 0.005903 
2.630116 0.121246 0.005290 2.539809 0.423113 0.004955 2.616380 0.321640 0.004925 2.334615 0.182384 0.012776 2.373909 0.343246 0.004434 2.371590 0.269511 0.005951 
2.630117 0.121212 0.005290 2.539157 0.423320 0.004887 2.616370 0.321327 0.004836 2.334625 0.182453 0.012774 2.373880 0.343775 0.004433 2.371533 0.269344 0.005941 
2.630117 0.121210 0.005290 2.539440 0.423286 0.004907 2.616359 0.321477 0.004869 2.334620 0.182457 0.012769 2.373832 0.343488 0.004434 2.371534 0.269450 0.005949 
2.630062 0.121172 0.005293 2.539522 0.423276 0.004912 2.616349 0.321561 0.004879 2.334615 0.182472 0.012779 2.373755 0.343092 0.004478 2.371515 0.269685 0.005994 
2.630045 0.121160 0.005294 2.538427 0.423406 0.004744 2.616363 0.320976 0.004698 2.334614 0.182502 0.012769 2.373474 0.342076 0.004681 2.371365 0.270650 0.006154 
2.630058 0.121163 0.005294 2.539584 0.423321 0.004861 2.616334 0.321668 0.004855 2.334596 0.182517 0.012741 2.373784 0.343326 0.004381 2.371524 0.269573 0.005916 
2.629941 0.121082 0.005300 2.539575 0.423326 0.004872 2.616315 0.321826 0.004867 2.334506 0.182666 0.012793 2.373726 0.343031 0.004433 2.371509 0.269766 0.005973 
2.629796 0.120981 0.005308 2.539582 0.423327 0.004882 2.616300 0.321950 0.004878 2.334418 0.182819 0.012865 2.373673 0.342755 0.004480 2.371504 0.269846 0.006033 
2.629746 0.120940 0.005311 2.540430 0.423234 0.004921 2.616300 0.322321 0.004962 2.334396 0.182845 0.012861 2.373793 0.343051 0.004291 2.371612 0.269202 0.005902 
2.629654 0.120875 0.005316 2.538879 0.423642 0.004963 2.616281 0.322113 0.004893 2.334341 0.182959 0.012904 2.373945 0.344584 0.004447 2.371524 0.269384 0.005977 
2.629630 0.120850 0.005317 2.538611 0.423703 0.004852 2.616309 0.321802 0.004802 2.334327 0.182982 0.012910 2.373862 0.344228 0.004432 2.371517 0.269381 0.005981 
2.629602 0.120826 0.005319 2.538832 0.423684 0.004870 2.616308 0.321936 0.004832 2.334325 0.182990 0.012911 2.373815 0.343826 0.004453 2.371529 0.269566 0.006005 
2.629564 0.120799 0.005320 2.537627 0.423924 0.004812 2.616306 0.321538 0.004717 2.334314 0.183014 0.012918 2.373739 0.343919 0.004620 2.371423 0.270119 0.006115 
2.629549 0.120787 0.005321 2.537374 0.423929 0.004737 2.616309 0.321345 0.004651 2.334304 0.183038 0.012907 2.373530 0.342996 0.004723 2.371345 0.270714 0.006206 
2.629517 0.120766 0.005322 2.537527 0.423906 0.004757 2.616284 0.321544 0.004682 2.334301 0.183055 0.012875 2.373474 0.342716 0.004740 2.371322 0.270992 0.006217 
2.629454 0.120721 0.005325 2.539310 0.423711 0.004906 2.616251 0.322458 0.004905 2.334291 0.183069 0.012842 2.373805 0.343874 0.004346 2.371536 0.269575 0.005920 
2.629326 0.120630 0.005331 2.540756 0.423572 0.005054 2.616229 0.323239 0.005104 2.334237 0.183142 0.012854 2.374098 0.344891 0.004029 2.371729 0.268295 0.005693 
2.629197 0.120539 0.005336 2.540521 0.423718 0.005121 2.616230 0.323400 0.005143 2.334224 0.183157 0.012850 2.374130 0.345077 0.004092 2.371729 0.268535 0.005729 
2.629142 0.120497 0.005337 2.539652 0.424064 0.005152 2.616221 0.323292 0.005114 2.334175 0.183243 0.012842 2.374427 0.347322 0.003993 2.371737 0.267738 0.005602 
2.629009 0.120403 0.005342 2.539543 0.424088 0.005132 2.616238 0.323165 0.005099 2.334161 0.183253 0.012864 2.374264 0.346476 0.004076 2.371712 0.268068 0.005689 
2.628721 0.120234 0.005279 2.540450 0.424010 0.005149 2.616235 0.323494 0.005146 2.333950 0.183537 0.012938 2.374219 0.345997 0.003946 2.371794 0.267532 0.005639 
2.628700 0.120220 0.005287 2.539783 0.424077 0.005079 2.616266 0.323028 0.005065 2.333948 0.183563 0.012929 2.374034 0.345179 0.004086 2.371722 0.268081 0.005745 
2.628674 0.120204 0.005291 2.539681 0.424098 0.005069 2.616291 0.322826 0.005055 2.333951 0.183618 0.012920 2.373896 0.344460 0.004163 2.371698 0.268400 0.005810 
2.628663 0.120198 0.005294 2.539151 0.424225 0.005070 2.616314 0.322541 0.005026 2.333956 0.183665 0.012917 2.373838 0.344304 0.004265 2.371664 0.268669 0.005876 
2.628655 0.120193 0.005297 2.539141 0.424230 0.005060 2.616338 0.322354 0.005020 2.333964 0.183707 0.012913 2.373709 0.343636 0.004326 2.371647 0.268900 0.005931 
2.628678 0.120189 0.005298 2.537954 0.424484 0.004935 2.616346 0.321641 0.004861 2.333988 0.183726 0.012888 2.373670 0.344290 0.004336 2.371557 0.268689 0.005917 
2.628740 0.120221 0.005297 2.539009 0.424390 0.004988 2.616356 0.321948 0.004971 2.333977 0.183699 0.012856 2.373769 0.344312 0.004125 2.371695 0.267992 0.005766 
2.628717 0.120206 0.005299 2.538931 0.424407 0.004987 2.616364 0.321892 0.004973 2.333974 0.183706 0.012833 2.373651 0.343700 0.004197 2.371664 0.268396 0.005821 
2.628653 0.120160 0.005305 2.538701 0.424462 0.004992 2.616368 0.321821 0.004966 2.333968 0.183739 0.012837 2.373575 0.343366 0.004274 2.371637 0.268681 0.005880 
2.628584 0.120114 0.005310 2.538684 0.424468 0.004991 2.616372 0.321795 0.004967 2.333962 0.183773 0.012849 2.373479 0.342868 0.004335 2.371618 0.268926 0.005937 
