0.000612 -0.000131 1.000000 -0.000815 -0.003904 0.999992 -0.000899 -0.003870 0.999992 0.000589 -0.000122 1.000000 
0.000548 -0.000117 1.000000 -0.000736 -0.003525 0.999994 -0.000812 -0.003495 0.999994 0.000527 -0.000109 1.000000 
-0.002350 0.000501 0.999997 -0.000377 -0.001807 0.999998 -0.000429 -0.001850 0.999998 -0.002364 0.000488 0.999997 
-0.003212 0.000684 0.999995 -0.000238 -0.001142 0.999999 -0.000280 -0.001208 0.999999 -0.003223 0.000666 0.999995 
-0.004245 0.000903 0.999991 -0.000165 -0.000791 1.000000 -0.000204 -0.000881 1.000000 -0.004255 0.000878 0.999991 
-0.006644 0.001414 0.999977 0.000427 0.002051 0.999998 0.000439 0.001893 0.999998 -0.006640 0.001371 0.999977 
-0.006289 0.001340 0.999979 0.000166 0.000798 1.000000 0.000152 0.000654 1.000000 -0.006292 0.001301 0.999979 
-0.005305 0.001133 0.999985 -0.000163 -0.000779 1.000000 -0.000208 -0.000893 1.000000 -0.005317 0.001102 0.999985 
-0.007236 0.001543 0.999973 -0.000659 -0.003159 0.999995 -0.000767 -0.003303 0.999994 -0.007265 0.001503 0.999972 
-0.002698 0.000576 0.999996 -0.001608 -0.007700 0.999969 -0.001793 -0.007721 0.999969 -0.002749 0.000569 0.999996 
-0.002402 0.000513 0.999997 -0.001824 -0.008732 0.999960 -0.002030 -0.008741 0.999960 -0.002458 0.000509 0.999997 
-0.002116 0.000449 0.999998 -0.002133 -0.010279 0.999945 -0.002372 -0.010275 0.999944 -0.002182 0.000449 0.999998 
-0.001949 0.000413 0.999998 -0.001959 -0.009457 0.999953 -0.002179 -0.009453 0.999953 -0.002009 0.000412 0.999998 
-0.001642 0.000347 0.999999 -0.002824 -0.013649 0.999903 -0.003136 -0.013617 0.999902 -0.001728 0.000354 0.999998 
-0.001509 0.000319 0.999999 -0.004263 -0.020616 0.999778 -0.004729 -0.020546 0.999778 -0.001637 0.000336 0.999999 
-0.001419 0.000300 0.999999 -0.004899 -0.023691 0.999707 -0.005433 -0.023604 0.999707 -0.001565 0.000321 0.999999 
-0.001276 0.000270 0.999999 -0.005442 -0.026314 0.999639 -0.006033 -0.026210 0.999638 -0.001438 0.000295 0.999999 
-0.015680 -0.010650 0.999820 -0.000508 0.000103 1.000000 -0.000723 0.004381 0.999990 0.009627 -0.013457 0.999863 -0.005355 -0.023479 0.999710 -0.002101 0.013951 0.999900 
-0.015359 -0.010393 0.999828 -0.000444 0.000090 1.000000 -0.000727 0.004306 0.999990 0.004195 -0.005888 0.999974 -0.005174 -0.022687 0.999729 -0.001173 0.007517 0.999971 
-0.014850 -0.010066 0.999839 -0.000411 0.000083 1.000000 -0.000333 0.001978 0.999998 0.003501 -0.004905 0.999982 -0.005986 -0.026246 0.999638 -0.001002 0.006442 0.999979 
-0.012987 -0.008805 0.999877 -0.000374 0.000076 1.000000 0.000322 -0.001911 0.999998 0.004654 -0.006520 0.999968 -0.006966 -0.030543 0.999509 -0.001166 0.007493 0.999971 
-0.009928 -0.006731 0.999928 -0.000089 0.000018 1.000000 0.001037 -0.006124 0.999981 0.007169 -0.010042 0.999924 -0.007563 -0.033345 0.999415 -0.001542 0.009871 0.999950 
-0.006666 -0.004539 0.999967 0.002447 -0.000483 0.999997 0.001682 -0.009856 0.999950 0.010195 -0.014219 0.999847 -0.007734 -0.034771 0.999365 -0.001632 0.010412 0.999944 
-0.004010 -0.002750 0.999988 0.005847 -0.001119 0.999982 0.002146 -0.012463 0.999920 0.013003 -0.018011 0.999753 -0.007583 -0.034982 0.999359 -0.001533 0.009771 0.999951 
-0.000532 -0.000368 1.000000 0.008441 -0.001568 0.999963 0.002645 -0.015258 0.999880 0.015315 -0.021025 0.999662 -0.007188 -0.034054 0.999394 -0.001472 0.009414 0.999955 
-0.000070 -0.000049 1.000000 0.010040 -0.001823 0.999948 0.002591 -0.014824 0.999887 0.016282 -0.022301 0.999619 -0.006653 -0.032150 0.999461 -0.001364 0.008685 0.999961 
-0.000066 -0.000046 1.000000 0.010942 -0.001976 0.999938 0.002382 -0.013623 0.999904 0.016344 -0.022351 0.999617 -0.006079 -0.029526 0.999546 -0.001204 0.007679 0.999970 
0.000018 0.000013 1.000000 0.010972 -0.001982 0.999938 0.002133 -0.012211 0.999923 0.015945 -0.021794 0.999635 -0.005430 -0.026371 0.999637 -0.001117 0.007140 0.999974 
0.000012 0.000009 1.000000 0.010078 -0.001830 0.999948 0.001832 -0.010525 0.999943 0.014927 -0.020394 0.999681 -0.004720 -0.022821 0.999728 -0.001075 0.006889 0.999976 
0.000015 0.000010 1.000000 0.008373 -0.001528 0.999964 0.001491 -0.008581 0.999962 0.013443 -0.018355 0.999741 -0.003899 -0.018777 0.999816 -0.001091 0.007013 0.999975 
0.000634 0.000443 1.000000 0.006081 -0.001101 0.999981 0.001097 -0.006292 0.999980 0.011669 -0.015855 0.999806 -0.002900 -0.014063 0.999897 -0.001279 0.008213 0.999965 
0.002860 0.002017 0.999994 0.003606 -0.000641 0.999993 0.000697 -0.003959 0.999992 0.009710 -0.013094 0.999867 -0.001879 -0.009270 0.999955 -0.001796 0.011474 0.999933 
0.006276 0.004461 0.999970 0.001253 -0.000217 0.999999 0.000314 -0.001764 0.999998 0.007686 -0.010282 0.999918 -0.000901 -0.004545 0.999989 -0.002512 0.015954 0.999870 
0.010363 0.007423 0.999919 0.000224 -0.000039 1.000000 0.000093 -0.000527 1.000000 0.005661 -0.007517 0.999956 -0.000233 -0.001182 0.999999 -0.003040 0.019460 0.999806 
0.014776 0.010588 0.999835 0.000088 -0.000015 1.000000 0.000036 -0.000206 1.000000 0.004238 -0.005624 0.999975 -0.000067 -0.000338 1.000000 -0.003566 0.023624 0.999715 
0.019119 0.013671 0.999724 0.003258 -0.000562 0.999995 -0.000415 0.002475 0.999997 0.003649 -0.004854 0.999982 0.000462 0.002344 0.999997 -0.003889 0.027287 0.999620 
0.023360 0.016663 0.999588 0.003992 -0.000688 0.999992 -0.000515 0.003223 0.999995 0.003323 -0.004431 0.999985 0.000368 0.001864 0.999998 -0.004365 0.033135 0.999441 
0.027330 0.019444 0.999437 0.003740 -0.000644 0.999993 -0.000451 0.002983 0.999995 0.003015 -0.004030 0.999987 0.000320 0.001625 0.999999 -0.004583 0.038178 0.999260 
0.030854 0.021908 0.999284 0.003449 -0.000594 0.999994 -0.000391 0.002731 0.999996 0.002659 -0.003562 0.999990 0.000161 0.000818 1.000000 -0.004674 0.043002 0.999064 
0.033760 0.023933 0.999143 0.003099 -0.000534 0.999995 -0.000352 0.002574 0.999997 0.002374 -0.003185 0.999992 0.000147 0.000744 1.000000 -0.004665 0.046787 0.998894 
0.036285 0.025686 0.999011 0.002792 -0.000481 0.999996 -0.000323 0.002457 0.999997 0.002079 -0.002793 0.999994 0.000140 0.000712 1.000000 -0.004616 0.050036 0.998737 
0.038223 0.027036 0.998903 0.001023 -0.000176 0.999999 -0.000315 0.002472 0.999997 0.001677 -0.002255 0.999996 0.000428 0.002174 0.999998 -0.004602 0.053139 0.998576 
0.039815 0.028145 0.998811 -0.000257 0.000044 1.000000 -0.000284 0.002287 0.999997 0.001447 -0.001947 0.999997 0.000473 0.002405 0.999997 -0.004577 0.055999 0.998420 
0.040947 0.028932 0.998742 -0.000939 0.000161 1.000000 -0.000271 0.002230 0.999997 0.001276 -0.001718 0.999998 0.000585 0.002977 0.999995 -0.004516 0.057606 0.998329 
0.041579 0.029370 0.998703 -0.000837 0.000144 1.000000 -0.000256 0.002127 0.999998 0.001144 -0.001540 0.999998 0.000547 0.002783 0.999996 -0.004466 0.058185 0.998296 
0.041791 0.029521 0.998690 -0.000739 0.000127 1.000000 -0.000240 0.001996 0.999998 0.001167 -0.001571 0.999998 0.000511 0.002601 0.999996 -0.004458 0.058325 0.998288 
0.041630 0.029406 0.998700 0.000179 -0.000031 1.000000 -0.000301 0.002501 0.999997 0.001319 -0.001775 0.999998 0.000689 0.003510 0.999994 -0.004397 0.057388 0.998342 
0.041204 0.029104 0.998727 0.000528 -0.000090 1.000000 -0.000300 0.002487 0.999997 0.001543 -0.002077 0.999997 0.000676 0.003443 0.999994 -0.004347 0.056733 0.998380 
0.040596 0.028669 0.998764 0.001112 -0.000190 0.999999 -0.000507 0.004192 0.999991 0.001826 -0.002459 0.999995 0.001346 0.006874 0.999975 -0.004292 0.055731 0.998437 
0.039831 0.028114 0.998811 -0.000682 0.000116 1.000000 -0.000432 0.003579 0.999994 0.002123 -0.002860 0.999994 0.001356 0.006933 0.999975 -0.004295 0.056137 0.998414 
0.038974 0.027492 0.998862 -0.000603 0.000103 1.000000 -0.000383 0.003175 0.999995 0.002518 -0.003394 0.999991 0.001227 0.006270 0.999980 -0.004224 0.055271 0.998462 
0.038027 0.026815 0.998917 -0.000532 0.000091 1.000000 -0.000348 0.002883 0.999996 0.002940 -0.003965 0.999988 0.001108 0.005662 0.999983 -0.004158 0.054442 0.998508 
0.037059 0.026126 0.998971 -0.000467 0.000080 1.000000 -0.000315 0.002615 0.999997 0.003361 -0.004534 0.999984 0.000999 0.005106 0.999986 -0.004091 0.053590 0.998555 
0.036078 0.025427 0.999025 0.000023 -0.000004 1.000000 -0.000296 0.002451 0.999997 0.003763 -0.005077 0.999980 0.000807 0.004127 0.999991 -0.004020 0.052673 0.998604 
0.035088 0.024721 0.999078 0.000201 -0.000034 1.000000 -0.000272 0.002251 0.999997 0.004137 -0.005585 0.999976 0.000688 0.003518 0.999994 -0.003948 0.051746 0.998652 
0.034105 0.024022 0.999129 -0.000908 0.000155 1.000000 -0.000248 0.002060 0.999998 0.004449 -0.006008 0.999972 0.000778 0.003980 0.999992 -0.003913 0.051448 0.998668 
0.033143 0.023331 0.999178 0.000507 -0.000086 1.000000 -0.000324 0.002680 0.999996 0.004700 -0.006351 0.999969 0.000855 0.004376 0.999990 -0.003785 0.049543 0.998765 
0.032293 0.022720 0.999220 0.000461 -0.000079 1.000000 -0.000293 0.002424 0.999997 0.004932 -0.006667 0.999966 0.000771 0.003943 0.999992 -0.003717 0.048684 0.998807 
0.031469 0.022133 0.999260 0.000417 -0.000071 1.000000 -0.000264 0.002191 0.999998 0.005114 -0.006916 0.999963 0.000693 0.003547 0.999993 -0.003648 0.047804 0.998850 
0.030667 0.021567 0.999297 0.000378 -0.000064 1.000000 -0.000239 0.001980 0.999998 0.005244 -0.007093 0.999961 0.000623 0.003189 0.999995 -0.003576 0.046887 0.998894 
0.029916 0.021039 0.999331 0.001191 -0.000203 0.999999 -0.000234 0.001937 0.999998 0.005343 -0.007226 0.999960 0.000380 0.001942 0.999998 -0.003508 0.045916 0.998939 
0.029220 0.020550 0.999362 0.001075 -0.000183 0.999999 -0.000212 0.001751 0.999998 0.005399 -0.007302 0.999959 0.000341 0.001744 0.999998 -0.003440 0.045058 0.998978 
0.028522 0.020053 0.999392 -0.000326 0.000056 1.000000 -0.000195 0.001613 0.999999 0.005360 -0.007252 0.999959 0.000521 0.002667 0.999996 -0.003411 0.044805 0.998990 
0.027909 0.019621 0.999418 -0.000282 0.000048 1.000000 -0.000177 0.001462 0.999999 0.005322 -0.007200 0.999960 0.000463 0.002372 0.999997 -0.003339 0.043891 0.999031 
0.027301 0.019195 0.999443 -0.001450 0.000247 0.999999 -0.000113 0.000940 1.000000 0.005263 -0.007120 0.999961 0.000322 0.001647 0.999999 -0.003336 0.044057 0.999023 
0.026746 0.018804 0.999465 -0.000282 0.000048 1.000000 -0.000149 0.001233 0.999999 0.005221 -0.007063 0.999961 0.000214 0.001097 0.999999 -0.003247 0.042795 0.999079 
0.026227 0.018440 0.999486 -0.000245 0.000042 1.000000 -0.000135 0.001118 0.999999 0.005190 -0.007021 0.999962 0.000188 0.000964 1.000000 -0.003182 0.041961 0.999114 
0.025746 0.018102 0.999505 -0.000212 0.000036 1.000000 -0.000122 0.001015 0.999999 0.005171 -0.006994 0.999962 0.000165 0.000848 1.000000 -0.003123 0.041197 0.999146 
0.025310 0.017796 0.999521 -0.000183 0.000031 1.000000 -0.000111 0.000919 1.000000 0.005158 -0.006977 0.999962 0.000144 0.000738 1.000000 -0.003070 0.040513 0.999174 
0.024929 0.017528 0.999536 0.001128 -0.000192 0.999999 -0.000158 0.001311 0.999999 0.005158 -0.006977 0.999962 0.000035 0.000178 1.000000 -0.003004 0.039522 0.999214 
0.024600 0.017294 0.999548 0.002913 -0.000496 0.999996 -0.000234 0.001933 0.999998 0.005184 -0.007013 0.999962 -0.000097 -0.000498 1.000000 -0.002946 0.038521 0.999253 
0.024294 0.017076 0.999559 0.003044 -0.000518 0.999995 -0.000317 0.002606 0.999997 0.005177 -0.007005 0.999962 0.000177 0.000908 1.000000 -0.002920 0.037965 0.999275 
0.024185 0.016997 0.999563 0.001137 -0.000193 0.999999 -0.000207 0.001707 0.999999 0.005376 -0.007274 0.999959 0.000048 0.000248 1.000000 -0.002999 0.039320 0.999222 
0.023945 0.016828 0.999572 0.001026 -0.000174 0.999999 -0.000187 0.001542 0.999999 0.005380 -0.007280 0.999959 0.000037 0.000192 1.000000 -0.002969 0.038930 0.999238 
0.023747 0.016688 0.999579 0.000927 -0.000158 1.000000 -0.000169 0.001393 0.999999 0.005404 -0.007313 0.999959 0.000027 0.000138 1.000000 -0.002946 0.038627 0.999249 
0.023593 0.016579 0.999584 0.000838 -0.000143 1.000000 -0.000152 0.001258 0.999999 0.005440 -0.007362 0.999958 0.000018 0.000091 1.000000 -0.002928 0.038401 0.999258 
0.023469 0.016492 0.999589 0.000166 -0.000028 1.000000 -0.000140 0.001160 0.999999 0.005468 -0.007400 0.999958 -0.000009 -0.000045 1.000000 -0.002964 0.038964 0.999236 
0.023395 0.016439 0.999591 0.000146 -0.000025 1.000000 -0.000127 0.001049 0.999999 0.005505 -0.007450 0.999957 -0.000011 -0.000058 1.000000 -0.002950 0.038782 0.999243 
0.023320 0.016387 0.999594 -0.000898 0.000152 1.000000 -0.000056 0.000467 1.000000 0.005534 -0.007489 0.999957 -0.000193 -0.000989 0.999999 -0.003006 0.039675 0.999208 
0.023280 0.016359 0.999595 -0.000806 0.000137 1.000000 -0.000051 0.000425 1.000000 0.005560 -0.007524 0.999956 -0.000178 -0.000917 1.000000 -0.002988 0.039438 0.999218 
0.023270 0.016352 0.999595 -0.000722 0.000123 1.000000 -0.000047 0.000387 1.000000 0.005591 -0.007567 0.999956 -0.000166 -0.000852 1.000000 -0.002975 0.039270 0.999224 
0.023291 0.016366 0.999595 -0.000645 0.000110 1.000000 -0.000043 0.000354 1.000000 0.005627 -0.007616 0.999955 -0.000153 -0.000788 1.000000 -0.002967 0.039161 0.999228 
0.023335 0.016397 0.999593 -0.000573 0.000097 1.000000 -0.000039 0.000326 1.000000 0.005662 -0.007663 0.999955 -0.000142 -0.000727 1.000000 -0.002962 0.039099 0.999231 
0.023357 0.016413 0.999592 -0.001541 0.000262 0.999999 -0.000039 0.000327 1.000000 0.005679 -0.007687 0.999954 0.000064 0.000326 1.000000 -0.002985 0.039481 0.999216 
0.023368 0.016420 0.999592 -0.000882 0.000150 1.000000 -0.000047 0.000390 1.000000 0.005721 -0.007743 0.999954 -0.000049 -0.000251 1.000000 -0.002975 0.039311 0.999223 
0.023414 0.016452 0.999590 -0.000788 0.000134 1.000000 -0.000043 0.000357 1.000000 0.005761 -0.007797 0.999953 -0.000048 -0.000246 1.000000 -0.002971 0.039264 0.999224 
0.023467 0.016490 0.999589 -0.000700 0.000119 1.000000 -0.000038 0.000317 1.000000 0.005797 -0.007847 0.999952 -0.000056 -0.000286 1.000000 -0.002970 0.039250 0.999225 
0.023509 0.016520 0.999587 -0.000434 0.000074 1.000000 -0.000039 0.000324 1.000000 0.005831 -0.007892 0.999952 -0.000098 -0.000503 1.000000 -0.002969 0.039213 0.999226 
0.023546 0.016545 0.999586 -0.000382 0.000065 1.000000 -0.000036 0.000297 1.000000 0.005856 -0.007926 0.999951 -0.000093 -0.000478 1.000000 -0.002966 0.039178 0.999228 
0.023580 0.016569 0.999585 -0.000333 0.000057 1.000000 -0.000033 0.000274 1.000000 0.005879 -0.007957 0.999951 -0.000089 -0.000456 1.000000 -0.002964 0.039146 0.999229 
0.023577 0.016566 0.999585 0.000612 -0.000104 1.000000 -0.000100 0.000829 1.000000 0.005891 -0.007974 0.999951 0.000033 0.000168 1.000000 -0.002923 0.038483 0.999255 
0.023523 0.016528 0.999587 0.000556 -0.000094 1.000000 -0.000091 0.000750 1.000000 0.005899 -0.007985 0.999951 0.000023 0.000117 1.000000 -0.002917 0.038403 0.999258 
0.023441 0.016470 0.999590 -0.001221 0.000207 0.999999 -0.000020 0.000163 1.000000 0.005895 -0.007980 0.999951 -0.000105 -0.000538 1.000000 -0.003011 0.039857 0.999201 
0.023388 0.016432 0.999591 -0.000875 0.000148 1.000000 -0.000022 0.000182 1.000000 0.005873 -0.007950 0.999951 -0.000170 -0.000875 1.000000 -0.002995 0.039642 0.999209 
0.023324 0.016382 0.999594 0.002055 -0.000349 0.999998 -0.000088 0.000721 1.000000 0.005893 -0.007980 0.999951 -0.000779 -0.004007 0.999992 -0.003014 0.039278 0.999224 
0.023251 0.016328 0.999596 0.001841 -0.000312 0.999998 -0.000080 0.000659 1.000000 0.005845 -0.007915 0.999952 -0.000703 -0.003613 0.999993 -0.002993 0.038996 0.999235 
0.023200 0.016289 0.999598 0.003266 -0.000554 0.999995 -0.000202 0.001660 0.999999 0.005793 -0.007847 0.999952 -0.000409 -0.002103 0.999998 -0.002911 0.037697 0.999285 
0.023081 0.016204 0.999602 0.002920 -0.000496 0.999996 -0.000184 0.001509 0.999999 0.005714 -0.007740 0.999954 -0.000368 -0.001890 0.999998 -0.002893 0.037460 0.999294 
0.022970 0.016125 0.999606 0.002624 -0.000445 0.999996 -0.000167 0.001373 0.999999 0.005643 -0.007645 0.999955 -0.000330 -0.001698 0.999999 -0.002875 0.037224 0.999303 
0.022847 0.016038 0.999610 0.003848 -0.000652 0.999992 -0.000346 0.002824 0.999996 0.005583 -0.007564 0.999956 -0.000013 -0.000068 1.000000 -0.002856 0.036616 0.999325 
0.022655 0.015904 0.999617 0.001690 -0.000286 0.999999 -0.000223 0.001826 0.999998 0.005503 -0.007455 0.999957 -0.000290 -0.001492 0.999999 -0.002959 0.038190 0.999266 
0.022542 0.015822 0.999621 0.002365 -0.000400 0.999997 -0.000240 0.001965 0.999998 0.005476 -0.007420 0.999957 -0.000326 -0.001679 0.999999 -0.002919 0.037599 0.999289 
0.022431 0.015745 0.999624 0.002135 -0.000361 0.999998 -0.000217 0.001780 0.999998 0.005448 -0.007382 0.999958 -0.000297 -0.001533 0.999999 -0.002896 0.037303 0.999300 
0.022304 0.015654 0.999629 0.001929 -0.000326 0.999998 -0.000197 0.001612 0.999999 0.005434 -0.007363 0.999958 -0.000272 -0.001401 0.999999 -0.002873 0.037010 0.999311 
0.022167 0.015557 0.999633 0.001742 -0.000295 0.999998 -0.000178 0.001460 0.999999 0.005427 -0.007354 0.999958 -0.000250 -0.001286 0.999999 -0.002851 0.036725 0.999321 
0.022038 0.015465 0.999638 0.003294 -0.000556 0.999994 -0.000249 0.002035 0.999998 0.005438 -0.007369 0.999958 -0.000307 -0.001587 0.999999 -0.002802 0.035912 0.999351 
0.021875 0.015352 0.999643 0.000973 -0.000164 1.000000 -0.000149 0.001222 0.999999 0.005422 -0.007347 0.999958 -0.000426 -0.002200 0.999997 -0.002904 0.037481 0.999293 
0.021778 0.015283 0.999646 0.000876 -0.000148 1.000000 -0.000135 0.001105 0.999999 0.005437 -0.007368 0.999958 -0.000389 -0.002009 0.999998 -0.002880 0.037175 0.999305 
0.021691 0.015221 0.999649 0.000791 -0.000133 1.000000 -0.000122 0.000999 0.999999 0.005456 -0.007394 0.999958 -0.000356 -0.001840 0.999998 -0.002859 0.036904 0.999315 
0.021614 0.015166 0.999651 0.000712 -0.000120 1.000000 -0.000110 0.000904 1.000000 0.005472 -0.007416 0.999958 -0.000326 -0.001686 0.999999 -0.002840 0.036661 0.999324 
0.021504 0.015088 0.999655 0.001453 -0.000245 0.999999 -0.000137 0.001118 0.999999 0.005488 -0.007438 0.999957 -0.000357 -0.001845 0.999998 -0.002806 0.036141 0.999343 
0.021413 0.015022 0.999658 0.001313 -0.000221 0.999999 -0.000124 0.001012 0.999999 0.005482 -0.007431 0.999957 -0.000327 -0.001692 0.999999 -0.002788 0.035906 0.999351 
0.021342 0.014972 0.999660 0.001183 -0.000199 0.999999 -0.000112 0.000915 1.000000 0.005472 -0.007417 0.999958 -0.000300 -0.001552 0.999999 -0.002772 0.035706 0.999359 
0.021297 0.014939 0.999662 0.001065 -0.000179 0.999999 -0.000101 0.000827 1.000000 0.005463 -0.007406 0.999958 -0.000276 -0.001427 0.999999 -0.002760 0.035552 0.999364 
0.021260 0.014912 0.999663 0.001030 -0.000174 0.999999 -0.000093 0.000761 1.000000 0.005458 -0.007400 0.999958 -0.000270 -0.001394 0.999999 -0.002750 0.035416 0.999369 
0.021233 0.014892 0.999664 0.000930 -0.000157 1.000000 -0.000084 0.000689 1.000000 0.005455 -0.007397 0.999958 -0.000248 -0.001284 0.999999 -0.002742 0.035308 0.999373 
0.021209 0.014874 0.999664 0.000839 -0.000141 1.000000 -0.000076 0.000623 1.000000 0.005460 -0.007403 0.999958 -0.000230 -0.001187 0.999999 -0.002735 0.035216 0.999376 
0.021188 0.014858 0.999665 0.000755 -0.000127 1.000000 -0.000069 0.000564 1.000000 0.005463 -0.007409 0.999958 -0.000212 -0.001095 0.999999 -0.002728 0.035136 0.999379 
0.021142 0.014823 0.999667 -0.000738 0.000125 1.000000 0.000003 -0.000027 1.000000 0.005488 -0.007444 0.999957 -0.000473 -0.002437 0.999997 -0.002864 0.036809 0.999318 
0.021120 0.014806 0.999667 0.001943 -0.000329 0.999998 -0.000123 0.001004 0.999999 0.005509 -0.007474 0.999957 -0.000572 -0.002943 0.999996 -0.002800 0.035689 0.999359 
0.021078 0.014774 0.999669 0.001744 -0.000296 0.999998 -0.000112 0.000911 1.000000 0.005471 -0.007423 0.999957 -0.000519 -0.002669 0.999996 -0.002784 0.035482 0.999366 
0.021081 0.014775 0.999669 0.001570 -0.000266 0.999999 -0.000101 0.000826 1.000000 0.005436 -0.007376 0.999958 -0.000472 -0.002427 0.999997 -0.002773 0.035344 0.999371 
0.021088 0.014778 0.999668 0.001415 -0.000240 0.999999 -0.000092 0.000750 1.000000 0.005415 -0.007348 0.999958 -0.000429 -0.002206 0.999997 -0.002765 0.035235 0.999375 
0.021091 0.014779 0.999668 0.001274 -0.000216 0.999999 -0.000083 0.000680 1.000000 0.005413 -0.007346 0.999958 -0.000391 -0.002012 0.999998 -0.002759 0.035154 0.999378 
0.021085 0.014773 0.999669 0.001511 -0.000256 0.999999 -0.000084 0.000685 1.000000 0.005426 -0.007365 0.999958 -0.000438 -0.002253 0.999997 -0.002754 0.035078 0.999381 
0.021039 0.014739 0.999670 0.001438 -0.000243 0.999999 -0.000093 0.000760 1.000000 0.005452 -0.007400 0.999958 -0.000571 -0.002941 0.999996 -0.002802 0.035717 0.999358 
0.021032 0.014733 0.999670 0.001291 -0.000218 0.999999 -0.000085 0.000690 1.000000 0.005425 -0.007364 0.999958 -0.000518 -0.002670 0.999996 -0.002788 0.035547 0.999364 
0.021026 0.014727 0.999670 0.001161 -0.000196 0.999999 -0.000077 0.000626 1.000000 0.005410 -0.007345 0.999958 -0.000472 -0.002431 0.999997 -0.002777 0.035405 0.999369 
0.021015 0.014718 0.999671 0.001042 -0.000176 0.999999 -0.000070 0.000567 1.000000 0.005397 -0.007328 0.999959 -0.000430 -0.002215 0.999997 -0.002767 0.035270 0.999374 
0.021002 0.014708 0.999671 0.000933 -0.000158 1.000000 -0.000063 0.000515 1.000000 0.005386 -0.007314 0.999959 -0.000391 -0.002012 0.999998 -0.002757 0.035145 0.999378 
0.020933 0.014659 0.999673 -0.000879 0.000149 1.000000 0.000001 -0.000010 1.000000 0.005373 -0.007296 0.999959 -0.000473 -0.002442 0.999997 -0.002853 0.036568 0.999327 
0.020931 0.014658 0.999673 -0.000790 0.000134 1.000000 0.000001 -0.000007 1.000000 0.005417 -0.007356 0.999958 -0.000434 -0.002237 0.999997 -0.002838 0.036380 0.999334 
0.020944 0.014666 0.999673 -0.000518 0.000088 1.000000 -0.000014 0.000114 1.000000 0.005456 -0.007409 0.999958 -0.000377 -0.001944 0.999998 -0.002820 0.036113 0.999344 
0.020982 0.014692 0.999672 -0.000457 0.000077 1.000000 -0.000013 0.000107 1.000000 0.005509 -0.007481 0.999957 -0.000347 -0.001787 0.999998 -0.002814 0.036039 0.999346 
0.021031 0.014725 0.999670 0.000644 -0.000109 1.000000 -0.000034 0.000280 1.000000 0.005554 -0.007543 0.999956 -0.000548 -0.002826 0.999996 -0.002812 0.035912 0.999351 
0.021040 0.014731 0.999670 0.003170 -0.000537 0.999995 -0.000151 0.001224 0.999999 0.005576 -0.007574 0.999956 -0.000688 -0.003543 0.999993 -0.002770 0.035030 0.999382 
0.021059 0.014742 0.999670 0.002859 -0.000484 0.999996 -0.000137 0.001112 0.999999 0.005608 -0.007618 0.999955 -0.000622 -0.003205 0.999995 -0.002771 0.035034 0.999382 
0.021033 0.014724 0.999670 0.002574 -0.000436 0.999997 -0.000124 0.001009 0.999999 0.005546 -0.007534 0.999956 -0.000564 -0.002903 0.999996 -0.002759 0.034882 0.999388 
0.021028 0.014720 0.999671 0.001045 -0.000177 0.999999 -0.000068 0.000555 1.000000 0.005512 -0.007488 0.999957 -0.000749 -0.003859 0.999992 -0.002875 0.036518 0.999329 
0.021055 0.014740 0.999670 -0.000715 0.000121 1.000000 0.000020 -0.000165 1.000000 0.005478 -0.007442 0.999957 -0.000939 -0.004843 0.999988 -0.002979 0.038084 0.999270 
0.021146 0.014801 0.999667 -0.000635 0.000107 1.000000 0.000017 -0.000142 1.000000 0.005466 -0.007426 0.999957 -0.000853 -0.004401 0.999990 -0.002959 0.037826 0.999280 
0.021216 0.014849 0.999665 0.000432 -0.000073 1.000000 -0.000061 0.000498 1.000000 0.005477 -0.007442 0.999957 -0.000652 -0.003359 0.999994 -0.002901 0.036959 0.999313 
0.021226 0.014855 0.999664 -0.000101 0.000017 1.000000 -0.000028 0.000231 1.000000 0.005501 -0.007474 0.999957 -0.000689 -0.003554 0.999993 -0.002926 0.037332 0.999299 
0.021268 0.014883 0.999663 -0.000084 0.000014 1.000000 -0.000026 0.000210 1.000000 0.005531 -0.007516 0.999956 -0.000630 -0.003251 0.999995 -0.002912 0.037161 0.999305 
0.021278 0.014890 0.999663 0.000617 -0.000104 1.000000 -0.000038 0.000312 1.000000 0.005580 -0.007582 0.999956 -0.000723 -0.003728 0.999993 -0.002899 0.036937 0.999313 
0.021280 0.014892 0.999663 0.000556 -0.000094 1.000000 -0.000035 0.000284 1.000000 0.005598 -0.007606 0.999955 -0.000656 -0.003385 0.999994 -0.002884 0.036748 0.999320 
0.021263 0.014879 0.999663 0.001901 -0.000321 0.999998 -0.000047 0.000383 1.000000 0.005642 -0.007667 0.999955 -0.001013 -0.005224 0.999986 -0.002884 0.036698 0.999322 
0.021206 0.014841 0.999665 -0.000139 0.000023 1.000000 0.000004 -0.000034 1.000000 0.005661 -0.007692 0.999954 -0.000913 -0.004711 0.999988 -0.002968 0.037938 0.999276 
0.021231 0.014858 0.999664 -0.000117 0.000020 1.000000 0.000003 -0.000028 1.000000 0.005714 -0.007765 0.999954 -0.000832 -0.004294 0.999990 -0.002952 0.037726 0.999284 
0.021222 0.014851 0.999664 -0.000396 0.000067 1.000000 -0.000006 0.000049 1.000000 0.005756 -0.007821 0.999953 -0.000943 -0.004869 0.999988 -0.003024 0.038567 0.999251 
0.021179 0.014821 0.999666 0.000511 -0.000086 1.000000 -0.000045 0.000363 1.000000 0.005828 -0.007920 0.999952 -0.000922 -0.004760 0.999988 -0.002985 0.037973 0.999274 
0.021122 0.014781 0.999668 0.000462 -0.000078 1.000000 -0.000040 0.000327 1.000000 0.005869 -0.007976 0.999951 -0.000840 -0.004336 0.999990 -0.002960 0.037653 0.999287 
0.021069 0.014740 0.999669 0.000416 -0.000070 1.000000 -0.000036 0.000295 1.000000 0.005899 -0.008019 0.999950 -0.000765 -0.003950 0.999992 -0.002937 0.037354 0.999298 
0.021039 0.014717 0.999670 0.000409 -0.000069 1.000000 -0.000047 0.000384 1.000000 0.005942 -0.008078 0.999950 -0.000855 -0.004421 0.999990 -0.002971 0.037830 0.999280 
0.021043 0.014719 0.999670 0.000370 -0.000062 1.000000 -0.000042 0.000346 1.000000 0.006002 -0.008160 0.999949 -0.000780 -0.004030 0.999992 -0.002955 0.037617 0.999288 
0.021058 0.014728 0.999670 0.000333 -0.000056 1.000000 -0.000038 0.000312 1.000000 0.006019 -0.008183 0.999948 -0.000711 -0.003673 0.999993 -0.002938 0.037399 0.999296 
0.021022 0.014703 0.999671 -0.000354 0.000060 1.000000 0.000037 -0.000300 1.000000 0.006049 -0.008224 0.999948 -0.001214 -0.006278 0.999980 -0.003055 0.039049 0.999233 
0.021000 0.014689 0.999672 0.002129 -0.000359 0.999998 -0.000040 0.000323 1.000000 0.006131 -0.008335 0.999946 -0.001524 -0.007873 0.999968 -0.003023 0.038382 0.999259 
0.020954 0.014659 0.999673 0.000582 -0.000098 1.000000 -0.000008 0.000066 1.000000 0.006154 -0.008366 0.999946 -0.001461 -0.007556 0.999970 -0.003094 0.039441 0.999217 
0.020957 0.014662 0.999673 0.000513 -0.000087 1.000000 -0.000008 0.000062 1.000000 0.006149 -0.008359 0.999946 -0.001324 -0.006846 0.999976 -0.003060 0.039010 0.999234 
0.021000 0.014690 0.999672 0.001529 -0.000258 0.999999 -0.000056 0.000455 1.000000 0.006167 -0.008383 0.999946 -0.001279 -0.006611 0.999977 -0.003019 0.038377 0.999259 
0.020985 0.014681 0.999672 0.001370 -0.000231 0.999999 -0.000051 0.000418 1.000000 0.006179 -0.008399 0.999946 -0.001157 -0.005980 0.999981 -0.002993 0.038048 0.999271 
0.020877 0.014607 0.999675 -0.000651 0.000110 1.000000 0.000019 -0.000153 1.000000 0.006156 -0.008367 0.999946 -0.001225 -0.006339 0.999979 -0.003089 0.039506 0.999215 
0.020816 0.014567 0.999677 -0.000967 0.000163 1.000000 0.000061 -0.000498 1.000000 0.006129 -0.008330 0.999947 -0.001435 -0.007435 0.999971 -0.003119 0.039992 0.999195 
0.020881 0.014611 0.999675 -0.000757 0.000127 1.000000 0.000046 -0.000373 1.000000 0.006094 -0.008282 0.999947 -0.001289 -0.006674 0.999977 -0.003079 0.039456 0.999217 
0.020959 0.014663 0.999673 0.000239 -0.000040 1.000000 -0.000000 0.000004 1.000000 0.006131 -0.008334 0.999946 -0.001239 -0.006417 0.999979 -0.003043 0.038877 0.999239 
0.020964 0.014666 0.999673 -0.001544 0.000259 0.999999 0.000064 -0.000521 1.000000 0.006115 -0.008312 0.999947 -0.001250 -0.006480 0.999978 -0.003120 0.040097 0.999191 
0.020960 0.014662 0.999673 -0.000528 0.000089 1.000000 0.000039 -0.000315 1.000000 0.006108 -0.008304 0.999947 -0.001319 -0.006833 0.999976 -0.003082 0.039506 0.999215 
0.021049 0.014723 0.999670 -0.000464 0.000078 1.000000 0.000034 -0.000278 1.000000 0.006104 -0.008298 0.999947 -0.001198 -0.006209 0.999980 -0.003055 0.039168 0.999228 
0.021081 0.014744 0.999669 0.000901 -0.000151 1.000000 -0.000035 0.000285 1.000000 0.006173 -0.008394 0.999946 -0.001261 -0.006536 0.999978 -0.003048 0.038832 0.999241 
0.021079 0.014739 0.999669 0.000807 -0.000136 1.000000 -0.000032 0.000258 1.000000 0.006183 -0.008409 0.999946 -0.001144 -0.005929 0.999982 -0.003021 0.038482 0.999255 
0.021053 0.014716 0.999670 0.001716 -0.000289 0.999998 -0.000087 0.000708 1.000000 0.006195 -0.008429 0.999945 -0.001272 -0.006589 0.999977 -0.003051 0.038558 0.999252 
0.021059 0.014721 0.999670 0.001309 -0.000220 0.999999 -0.000067 0.000542 1.000000 0.006178 -0.008405 0.999946 -0.001194 -0.006183 0.999980 -0.003042 0.038464 0.999255 
0.021139 0.014776 0.999667 0.001165 -0.000196 0.999999 -0.000061 0.000493 1.000000 0.006148 -0.008364 0.999946 -0.001081 -0.005600 0.999984 -0.003022 0.038213 0.999265 
0.021180 0.014802 0.999666 0.002592 -0.000436 0.999997 -0.000175 0.001418 0.999999 0.006092 -0.008289 0.999947 -0.000791 -0.004093 0.999991 -0.002939 0.036935 0.999313 
0.021179 0.014803 0.999666 0.000928 -0.000156 1.000000 -0.000076 0.000614 1.000000 0.006018 -0.008188 0.999948 -0.001101 -0.005704 0.999983 -0.003055 0.038612 0.999250 
0.021330 0.014906 0.999661 0.000832 -0.000140 1.000000 -0.000068 0.000555 1.000000 0.006044 -0.008225 0.999948 -0.001001 -0.005188 0.999986 -0.003047 0.038501 0.999254 
0.021519 0.015036 0.999655 0.000752 -0.000126 1.000000 -0.000062 0.000502 1.000000 0.006099 -0.008301 0.999947 -0.000912 -0.004726 0.999988 -0.003047 0.038503 0.999254 
0.021564 0.015068 0.999654 -0.000501 0.000084 1.000000 -0.000009 0.000076 1.000000 0.006057 -0.008243 0.999948 -0.000984 -0.005102 0.999986 -0.003114 0.039521 0.999214 
0.021658 0.015131 0.999651 0.001600 -0.000269 0.999999 -0.000053 0.000427 1.000000 0.006101 -0.008305 0.999947 -0.001357 -0.007027 0.999974 -0.003110 0.039218 0.999226 
0.021688 0.015152 0.999650 0.001911 -0.000321 0.999998 -0.000109 0.000885 1.000000 0.006097 -0.008300 0.999947 -0.001263 -0.006541 0.999978 -0.003115 0.039236 0.999225 
0.021723 0.015176 0.999649 0.001562 -0.000262 0.999999 -0.000091 0.000738 1.000000 0.006075 -0.008269 0.999947 -0.001160 -0.006016 0.999981 -0.003095 0.039059 0.999232 
0.021759 0.015201 0.999648 0.003149 -0.000529 0.999995 -0.000164 0.001325 0.999999 0.006067 -0.008258 0.999947 -0.001175 -0.006092 0.999981 -0.003048 0.038262 0.999263 
0.021765 0.015204 0.999648 0.003434 -0.000578 0.999994 -0.000205 0.001659 0.999999 0.006034 -0.008214 0.999948 -0.000923 -0.004780 0.999988 -0.002994 0.037490 0.999293 
0.021760 0.015199 0.999648 0.003092 -0.000520 0.999995 -0.000186 0.001505 0.999999 0.005949 -0.008099 0.999950 -0.000837 -0.004335 0.999990 -0.002973 0.037226 0.999302 
0.021772 0.015208 0.999647 0.000509 -0.000086 1.000000 -0.000045 0.000365 1.000000 0.005851 -0.007966 0.999951 -0.001135 -0.005886 0.999982 -0.003118 0.039364 0.999220 
0.021845 0.015259 0.999645 -0.001622 0.000272 0.999999 0.000078 -0.000636 1.000000 0.005829 -0.007935 0.999952 -0.001402 -0.007279 0.999973 -0.003244 0.041266 0.999143 
0.021899 0.015297 0.999643 -0.001462 0.000245 0.999999 0.000102 -0.000834 1.000000 0.005779 -0.007868 0.999952 -0.001456 -0.007557 0.999970 -0.003217 0.040990 0.999154 
0.021829 0.015247 0.999645 -0.000368 0.000062 1.000000 0.000084 -0.000686 1.000000 0.005802 -0.007899 0.999952 -0.002029 -0.010509 0.999943 -0.003309 0.041945 0.999114 
0.021877 0.015281 0.999644 -0.000327 0.000055 1.000000 0.000075 -0.000607 1.000000 0.005827 -0.007933 0.999952 -0.001835 -0.009507 0.999953 -0.003266 0.041407 0.999137 
0.022045 0.015394 0.999638 -0.001617 0.000272 0.999999 0.000149 -0.001220 0.999999 0.006099 -0.008306 0.999947 -0.001742 -0.009017 0.999958 -0.003298 0.042107 0.999108 
0.021890 0.015283 0.999644 -0.000814 0.000137 1.000000 0.000093 -0.000760 1.000000 0.006156 -0.008385 0.999946 -0.001570 -0.008125 0.999966 -0.003231 0.041153 0.999148 
0.021731 0.015167 0.999649 -0.000726 0.000122 1.000000 0.000084 -0.000682 1.000000 0.006227 -0.008485 0.999945 -0.001425 -0.007377 0.999972 -0.003182 0.040532 0.999173 
0.021574 0.015053 0.999654 -0.000031 0.000005 1.000000 0.000062 -0.000504 1.000000 0.006315 -0.008607 0.999943 -0.001427 -0.007391 0.999972 -0.003139 0.039939 0.999197 
0.021426 0.014944 0.999659 -0.000026 0.000004 1.000000 0.000055 -0.000450 1.000000 0.006393 -0.008716 0.999942 -0.001294 -0.006702 0.999977 -0.003099 0.039433 0.999217 
0.021254 0.014821 0.999664 0.001578 -0.000266 0.999999 -0.000047 0.000379 1.000000 0.006435 -0.008776 0.999941 -0.001485 -0.007679 0.999969 -0.003125 0.039371 0.999220 
0.021071 0.014697 0.999670 0.000016 -0.000003 1.000000 0.000020 -0.000165 1.000000 0.006468 -0.008819 0.999940 -0.001539 -0.007984 0.999967 -0.003177 0.040291 0.999183 
0.020975 0.014629 0.999673 0.000011 -0.000002 1.000000 0.000019 -0.000152 1.000000 0.006464 -0.008814 0.999940 -0.001401 -0.007266 0.999973 -0.003129 0.039688 0.999207 
0.020962 0.014618 0.999673 0.000243 -0.000041 1.000000 0.000012 -0.000100 1.000000 0.006474 -0.008829 0.999940 -0.001329 -0.006893 0.999975 -0.003096 0.039246 0.999225 
0.020982 0.014630 0.999673 0.000219 -0.000037 1.000000 0.000011 -0.000093 1.000000 0.006483 -0.008842 0.999940 -0.001209 -0.006272 0.999980 -0.003068 0.038888 0.999239 
