0.594743 0.803916 0.000000 0.801293 -0.598272 0.000000 -0.804937 0.593360 0.000000 -0.612522 -0.790453 -0.000000 
0.594765 0.803899 0.000000 0.801283 -0.598286 0.000000 -0.804927 0.593374 0.000000 -0.612544 -0.790436 -0.000000 
0.594700 0.803948 0.000000 0.801339 -0.598211 0.000000 -0.804983 0.593299 0.000000 -0.612480 -0.790486 -0.000000 
0.594608 0.804016 0.000000 0.801408 -0.598118 0.000000 -0.805051 0.593205 0.000000 -0.612389 -0.790556 -0.000000 
0.594609 0.804015 0.000000 0.801409 -0.598117 0.000000 -0.805052 0.593204 0.000000 -0.612391 -0.790555 -0.000000 
0.594166 0.804343 0.000000 0.801743 -0.597668 0.000000 -0.805384 0.592754 0.000000 -0.611955 -0.790893 -0.000000 
0.594017 0.804453 0.000000 0.801857 -0.597517 0.000000 -0.805496 0.592601 0.000000 -0.611808 -0.791006 -0.000000 
0.593862 0.804567 0.000000 0.801974 -0.597359 0.000000 -0.805613 0.592443 0.000000 -0.611656 -0.791124 -0.000000 
0.593812 0.804604 0.000000 0.802011 -0.597310 0.000000 -0.805649 0.592393 0.000000 -0.611606 -0.791162 -0.000000 
0.593724 0.804669 0.000000 0.802076 -0.597222 0.000000 -0.805713 0.592306 0.000000 -0.611520 -0.791229 -0.000000 
0.593724 0.804668 0.000000 0.802075 -0.597223 0.000000 -0.805713 0.592306 0.000000 -0.611520 -0.791229 -0.000000 
0.593725 0.804668 0.000000 0.802075 -0.597223 0.000000 -0.805713 0.592307 0.000000 -0.611522 -0.791227 -0.000000 
0.609541 0.792755 0.000000 0.790095 -0.612985 0.000000 -0.793829 0.608141 0.000000 -0.627068 -0.778965 -0.000000 
0.611004 0.791628 0.000000 0.788960 -0.614444 0.000000 -0.792704 0.609607 0.000000 -0.628505 -0.777805 -0.000000 
0.614147 0.789191 0.000000 0.786507 -0.617581 0.000000 -0.790269 0.612760 0.000000 -0.631594 -0.775299 -0.000000 
0.615534 0.788111 0.000000 0.785419 -0.618965 0.000000 -0.789189 0.614151 0.000000 -0.632959 -0.774185 -0.000000 
0.610395 0.792097 0.000000 0.789452 -0.613812 0.000000 -0.793189 0.608975 0.000000 -0.627916 -0.778281 -0.000000 
0.625756 0.780019 0.000000 0.777344 -0.629075 0.000000 -0.781176 0.624311 0.000000 -0.643002 -0.765865 -0.000000 
0.691898 0.721996 0.000000 0.719008 -0.695001 0.000000 -0.723245 0.690592 0.000000 -0.707828 -0.706385 -0.000000 
0.695280 0.718739 0.000000 0.715748 -0.698359 0.000000 -0.720004 0.693969 0.000000 -0.711139 -0.703051 -0.000000 
0.634873 0.772617 0.000000 0.770223 -0.637775 0.000000 -0.774109 0.633053 0.000000 -0.651945 -0.758266 -0.000000 
0.564156 0.825668 0.000000 0.824314 -0.566133 0.000000 -0.827765 0.561075 0.000000 -0.582408 -0.812897 -0.000000 
0.507513 0.861644 0.000000 0.861284 -0.508124 0.000000 -0.864382 0.502835 0.000000 -0.526558 -0.850139 -0.000000 
-0.877227 0.480076 0.000000 -0.504809 -0.863231 -0.000000 0.576825 0.816868 0.000000 -0.473855 0.880603 0.000000 0.815845 -0.578271 0.000000 0.495651 -0.868522 0.000000 
-0.877380 0.479796 0.000000 -0.504096 -0.863648 -0.000000 0.572000 0.820253 0.000000 -0.481426 0.876487 0.000000 0.819246 -0.573442 0.000000 0.502190 -0.864757 0.000000 
-0.873874 0.486152 0.000000 -0.509969 -0.860193 -0.000000 0.573798 0.818997 0.000000 -0.480062 0.877235 0.000000 0.817986 -0.575238 0.000000 0.500011 -0.866019 0.000000 
-0.873793 0.486297 0.000000 -0.510130 -0.860097 -0.000000 0.573533 0.819182 0.000000 -0.480014 0.877261 0.000000 0.818171 -0.574974 0.000000 0.499880 -0.866095 0.000000 
-0.874647 0.484761 0.000000 -0.508658 -0.860969 -0.000000 0.573010 0.819548 0.000000 -0.480264 0.877124 0.000000 0.818539 -0.574451 0.000000 0.500314 -0.865844 0.000000 
-0.875682 0.482889 0.000000 -0.506763 -0.862085 -0.000000 0.572429 0.819954 0.000000 -0.480571 0.876956 0.000000 0.818945 -0.573871 0.000000 0.500862 -0.865527 0.000000 
-0.876326 0.481718 0.000000 -0.505470 -0.862844 -0.000000 0.572206 0.820110 0.000000 -0.480767 0.876848 0.000000 0.819102 -0.573648 0.000000 0.501252 -0.865301 0.000000 
-0.876782 0.480888 0.000000 -0.504435 -0.863449 -0.000000 0.572055 0.820215 0.000000 -0.480939 0.876754 0.000000 0.819208 -0.573497 0.000000 0.501572 -0.865116 0.000000 
-0.877869 0.478900 0.000000 -0.502199 -0.864752 -0.000000 0.570372 0.821387 0.000000 -0.481623 0.876378 0.000000 0.820381 -0.571818 0.000000 0.502275 -0.864708 0.000000 
-0.878662 0.477444 0.000000 -0.500447 -0.865767 -0.000000 0.568449 0.822718 0.000000 -0.482333 0.875988 0.000000 0.821716 -0.569897 0.000000 0.502845 -0.864377 0.000000 
-0.877720 0.479174 0.000000 -0.501803 -0.864982 -0.000000 0.568948 0.822373 0.000000 -0.482275 0.876020 0.000000 0.821369 -0.570397 0.000000 0.502610 -0.864514 0.000000 
-0.875578 0.483077 0.000000 -0.505342 -0.862919 -0.000000 0.571209 0.820805 0.000000 -0.482095 0.876119 0.000000 0.819783 -0.572674 0.000000 0.502279 -0.864706 0.000000 
-0.873289 0.487202 0.000000 -0.509160 -0.860672 -0.000000 0.574137 0.818759 0.000000 -0.482372 0.875966 0.000000 0.817696 -0.575650 0.000000 0.502567 -0.864538 0.000000 
-0.871134 0.491046 0.000000 -0.512742 -0.858542 -0.000000 0.577101 0.816673 0.000000 -0.482543 0.875872 0.000000 0.815559 -0.578673 0.000000 0.502819 -0.864392 0.000000 
-0.869441 0.494036 0.000000 -0.515507 -0.856885 -0.000000 0.579938 0.814661 0.000000 -0.481662 0.876357 0.000000 0.813510 -0.581551 0.000000 0.502134 -0.864790 0.000000 
-0.868138 0.496323 0.000000 -0.517601 -0.855622 -0.000000 0.582570 0.812781 0.000000 -0.479159 0.877728 0.000000 0.811622 -0.584183 0.000000 0.499876 -0.866097 0.000000 
-0.867306 0.497775 0.000000 -0.518881 -0.854846 -0.000000 0.584523 0.811377 0.000000 -0.475465 0.879735 0.000000 0.810234 -0.586107 0.000000 0.496395 -0.868097 0.000000 
-0.866716 0.498803 0.000000 -0.519749 -0.854319 -0.000000 0.586020 0.810296 0.000000 -0.471606 0.881810 0.000000 0.809175 -0.587568 0.000000 0.492715 -0.870190 0.000000 
-0.866224 0.499656 0.000000 -0.520464 -0.853884 -0.000000 0.587357 0.809328 0.000000 -0.468028 0.883714 0.000000 0.808224 -0.588875 0.000000 0.489312 -0.872109 0.000000 
-0.865668 0.500619 0.000000 -0.521316 -0.853364 -0.000000 0.588961 0.808161 0.000000 -0.464828 0.885401 0.000000 0.807067 -0.590460 0.000000 0.486334 -0.873773 0.000000 
-0.865667 0.500620 0.000000 -0.521315 -0.853364 -0.000000 0.591245 0.806492 0.000000 -0.462419 0.886662 0.000000 0.805403 -0.592728 0.000000 0.484528 -0.874776 0.000000 
-0.865666 0.500621 0.000000 -0.521315 -0.853365 -0.000000 0.592178 0.805807 0.000000 -0.461976 0.886893 0.000000 0.804716 -0.593659 0.000000 0.484326 -0.874888 0.000000 
-0.865666 0.500623 0.000000 -0.521314 -0.853365 -0.000000 0.592317 0.805705 0.000000 -0.462674 0.886529 0.000000 0.804619 -0.593792 0.000000 0.485054 -0.874484 0.000000 
-0.865665 0.500623 0.000000 -0.521313 -0.853365 -0.000000 0.592119 0.805851 0.000000 -0.463801 0.885939 0.000000 0.804775 -0.593580 0.000000 0.486123 -0.873891 0.000000 
-0.865665 0.500623 0.000000 -0.521312 -0.853366 -0.000000 0.591908 0.806005 0.000000 -0.464817 0.885407 0.000000 0.804948 -0.593345 0.000000 0.487074 -0.873361 0.000000 
-0.865665 0.500624 0.000000 -0.521311 -0.853367 -0.000000 0.591767 0.806109 0.000000 -0.465441 0.885079 0.000000 0.805078 -0.593168 0.000000 0.487651 -0.873039 0.000000 
-0.865665 0.500624 0.000000 -0.521310 -0.853367 -0.000000 0.591696 0.806161 0.000000 -0.465675 0.884956 0.000000 0.805162 -0.593055 0.000000 0.487856 -0.872924 0.000000 
-0.865665 0.500624 0.000000 -0.521309 -0.853368 -0.000000 0.591690 0.806165 0.000000 -0.465722 0.884931 0.000000 0.805200 -0.593003 0.000000 0.487891 -0.872904 0.000000 
-0.865665 0.500625 0.000000 -0.521309 -0.853368 -0.000000 0.591695 0.806162 0.000000 -0.465686 0.884950 0.000000 0.805230 -0.592963 0.000000 0.487847 -0.872929 0.000000 
-0.865665 0.500624 0.000000 -0.521308 -0.853368 -0.000000 0.591718 0.806145 0.000000 -0.465236 0.885187 0.000000 0.805249 -0.592937 0.000000 0.487382 -0.873189 0.000000 
-0.865665 0.500624 0.000000 -0.521308 -0.853369 -0.000000 0.591754 0.806119 0.000000 -0.464458 0.885595 0.000000 0.805258 -0.592924 0.000000 0.486584 -0.873634 0.000000 
-0.865665 0.500624 0.000000 -0.521308 -0.853369 -0.000000 0.591796 0.806087 0.000000 -0.463549 0.886071 0.000000 0.805261 -0.592920 0.000000 0.485655 -0.874151 0.000000 
-0.865665 0.500624 0.000000 -0.521307 -0.853369 -0.000000 0.591840 0.806056 0.000000 -0.462676 0.886527 0.000000 0.805260 -0.592922 0.000000 0.484764 -0.874645 0.000000 
-0.865665 0.500624 0.000000 -0.521308 -0.853369 -0.000000 0.591881 0.806025 0.000000 -0.461947 0.886908 0.000000 0.805254 -0.592930 0.000000 0.484024 -0.875055 0.000000 
-0.865665 0.500624 0.000000 -0.521308 -0.853369 -0.000000 0.591920 0.805997 0.000000 -0.461326 0.887231 0.000000 0.805245 -0.592942 0.000000 0.483395 -0.875402 0.000000 
-0.865665 0.500625 0.000000 -0.521308 -0.853369 -0.000000 0.591959 0.805968 0.000000 -0.460750 0.887530 0.000000 0.805231 -0.592961 0.000000 0.482816 -0.875722 0.000000 
-0.865665 0.500624 0.000000 -0.521308 -0.853369 -0.000000 0.591999 0.805939 0.000000 -0.460184 0.887823 0.000000 0.805212 -0.592987 0.000000 0.482250 -0.876034 0.000000 
-0.865664 0.500625 0.000000 -0.521308 -0.853369 -0.000000 0.592038 0.805910 0.000000 -0.459622 0.888115 0.000000 0.805188 -0.593020 0.000000 0.481691 -0.876341 0.000000 
-0.865664 0.500625 0.000000 -0.521309 -0.853368 -0.000000 0.592063 0.805891 0.000000 -0.459121 0.888374 0.000000 0.805168 -0.593046 0.000000 0.481193 -0.876615 0.000000 
-0.865664 0.500626 0.000000 -0.521309 -0.853368 -0.000000 0.592069 0.805887 0.000000 -0.458759 0.888561 0.000000 0.805160 -0.593058 0.000000 0.480832 -0.876813 0.000000 
-0.865663 0.500627 0.000000 -0.521310 -0.853367 -0.000000 0.592057 0.805896 0.000000 -0.458564 0.888662 0.000000 0.805162 -0.593054 0.000000 0.480634 -0.876921 0.000000 
-0.865663 0.500627 0.000000 -0.521310 -0.853367 -0.000000 0.592037 0.805911 0.000000 -0.458489 0.888700 0.000000 0.805168 -0.593047 0.000000 0.480557 -0.876964 0.000000 
-0.865663 0.500627 0.000000 -0.521311 -0.853367 -0.000000 0.592015 0.805927 0.000000 -0.458478 0.888706 0.000000 0.805171 -0.593043 0.000000 0.480546 -0.876970 0.000000 
-0.865663 0.500627 0.000000 -0.521311 -0.853367 -0.000000 0.591991 0.805945 0.000000 -0.458490 0.888700 0.000000 0.805171 -0.593042 0.000000 0.480558 -0.876963 0.000000 
-0.865663 0.500627 0.000000 -0.521312 -0.853366 -0.000000 0.591965 0.805963 0.000000 -0.458503 0.888693 0.000000 0.805172 -0.593041 0.000000 0.480571 -0.876956 0.000000 
-0.865663 0.500626 0.000000 -0.521312 -0.853366 -0.000000 0.591939 0.805983 0.000000 -0.458516 0.888686 0.000000 0.805173 -0.593040 0.000000 0.480584 -0.876949 0.000000 
-0.865664 0.500626 0.000000 -0.521312 -0.853366 -0.000000 0.591910 0.806004 0.000000 -0.458529 0.888679 0.000000 0.805173 -0.593039 0.000000 0.480598 -0.876941 0.000000 
-0.865664 0.500626 0.000000 -0.521312 -0.853366 -0.000000 0.591880 0.806026 0.000000 -0.458542 0.888673 0.000000 0.805174 -0.593039 0.000000 0.480611 -0.876934 0.000000 
-0.865664 0.500625 0.000000 -0.521312 -0.853366 -0.000000 0.591848 0.806050 0.000000 -0.458555 0.888666 0.000000 0.805175 -0.593038 0.000000 0.480625 -0.876926 0.000000 
-0.865665 0.500624 0.000000 -0.521313 -0.853366 -0.000000 0.591813 0.806075 0.000000 -0.458568 0.888659 0.000000 0.805175 -0.593037 0.000000 0.480638 -0.876919 0.000000 
-0.865665 0.500623 0.000000 -0.521313 -0.853366 -0.000000 0.591776 0.806103 0.000000 -0.458581 0.888653 0.000000 0.805176 -0.593036 0.000000 0.480651 -0.876912 0.000000 
-0.865666 0.500621 0.000000 -0.521313 -0.853365 -0.000000 0.591736 0.806132 0.000000 -0.458593 0.888646 0.000000 0.805176 -0.593035 0.000000 0.480664 -0.876905 0.000000 
-0.865668 0.500619 0.000000 -0.521313 -0.853365 -0.000000 0.591690 0.806165 0.000000 -0.458607 0.888639 0.000000 0.805179 -0.593032 0.000000 0.480677 -0.876898 0.000000 
-0.865669 0.500617 0.000000 -0.521314 -0.853365 -0.000000 0.591639 0.806203 0.000000 -0.458620 0.888632 0.000000 0.805183 -0.593027 0.000000 0.480690 -0.876891 0.000000 
-0.865671 0.500614 0.000000 -0.521314 -0.853365 -0.000000 0.591583 0.806244 0.000000 -0.458636 0.888624 0.000000 0.805188 -0.593020 0.000000 0.480704 -0.876883 0.000000 
-0.865673 0.500611 0.000000 -0.521315 -0.853364 -0.000000 0.591524 0.806287 0.000000 -0.458651 0.888617 0.000000 0.805193 -0.593013 0.000000 0.480719 -0.876875 0.000000 
-0.865675 0.500606 0.000000 -0.521316 -0.853364 -0.000000 0.591460 0.806335 0.000000 -0.458659 0.888612 0.000000 0.805198 -0.593006 0.000000 0.480727 -0.876870 0.000000 
-0.865678 0.500602 0.000000 -0.521316 -0.853364 -0.000000 0.591391 0.806385 0.000000 -0.458666 0.888609 0.000000 0.805203 -0.593000 0.000000 0.480733 -0.876867 0.000000 
-0.865681 0.500596 0.000000 -0.521317 -0.853363 -0.000000 0.591317 0.806439 0.000000 -0.458670 0.888607 0.000000 0.805207 -0.592994 0.000000 0.480737 -0.876865 0.000000 
-0.865663 0.500627 0.000000 -0.521353 -0.853341 -0.000000 0.590822 0.806802 0.000000 -0.459502 0.888177 0.000000 0.805591 -0.592472 0.000000 0.481403 -0.876499 0.000000 
-0.865628 0.500687 0.000000 -0.521417 -0.853302 -0.000000 0.590280 0.807198 0.000000 -0.460320 0.887753 0.000000 0.805992 -0.591927 0.000000 0.482050 -0.876144 0.000000 
-0.865411 0.501063 0.000000 -0.521790 -0.853074 -0.000000 0.590192 0.807263 0.000000 -0.460801 0.887504 0.000000 0.806052 -0.591845 0.000000 0.482406 -0.875948 0.000000 
-0.864969 0.501826 0.000000 -0.522543 -0.852613 -0.000000 0.590527 0.807018 0.000000 -0.460957 0.887423 0.000000 0.805800 -0.592188 0.000000 0.482450 -0.875924 0.000000 
-0.864514 0.502609 0.000000 -0.523315 -0.852139 -0.000000 0.590864 0.806771 0.000000 -0.460994 0.887403 0.000000 0.805548 -0.592530 0.000000 0.482367 -0.875969 0.000000 
-0.863942 0.503592 0.000000 -0.524280 -0.851546 -0.000000 0.591364 0.806405 0.000000 -0.460713 0.887549 0.000000 0.805182 -0.593028 0.000000 0.481962 -0.876192 0.000000 
-0.863200 0.504862 0.000000 -0.525526 -0.850777 -0.000000 0.592212 0.805782 0.000000 -0.460062 0.887887 0.000000 0.804555 -0.593879 0.000000 0.481219 -0.876601 0.000000 
-0.862629 0.505837 0.000000 -0.526488 -0.850183 -0.000000 0.592834 0.805325 0.000000 -0.459512 0.888172 0.000000 0.804090 -0.594507 0.000000 0.480588 -0.876947 0.000000 
-0.862279 0.506433 0.000000 -0.527075 -0.849819 -0.000000 0.593180 0.805070 0.000000 -0.459079 0.888395 0.000000 0.803826 -0.594864 0.000000 0.480091 -0.877219 0.000000 
-0.862130 0.506688 0.000000 -0.527326 -0.849663 -0.000000 0.593278 0.804998 0.000000 -0.458762 0.888559 0.000000 0.803740 -0.594981 0.000000 0.479727 -0.877418 0.000000 
-0.862115 0.506712 0.000000 -0.527349 -0.849649 -0.000000 0.593214 0.805045 0.000000 -0.458564 0.888661 0.000000 0.803772 -0.594938 0.000000 0.479499 -0.877542 0.000000 
-0.862112 0.506717 0.000000 -0.527352 -0.849647 -0.000000 0.593155 0.805088 0.000000 -0.458462 0.888714 0.000000 0.803802 -0.594897 0.000000 0.479380 -0.877608 0.000000 
-0.862112 0.506718 0.000000 -0.527352 -0.849647 -0.000000 0.593109 0.805122 0.000000 -0.458419 0.888736 0.000000 0.803824 -0.594867 0.000000 0.479329 -0.877635 0.000000 
-0.862112 0.506718 0.000000 -0.527349 -0.849649 -0.000000 0.593068 0.805152 0.000000 -0.458382 0.888756 0.000000 0.803844 -0.594840 0.000000 0.479285 -0.877659 0.000000 
-0.862112 0.506718 0.000000 -0.527347 -0.849650 -0.000000 0.593031 0.805179 0.000000 -0.458348 0.888773 0.000000 0.803861 -0.594817 0.000000 0.479246 -0.877681 0.000000 
-0.862112 0.506719 0.000000 -0.527345 -0.849651 -0.000000 0.592999 0.805203 0.000000 -0.458319 0.888788 0.000000 0.803876 -0.594796 0.000000 0.479212 -0.877699 0.000000 
-0.862111 0.506719 0.000000 -0.527343 -0.849652 -0.000000 0.592971 0.805224 0.000000 -0.458294 0.888801 0.000000 0.803889 -0.594779 0.000000 0.479184 -0.877715 0.000000 
-0.862111 0.506720 0.000000 -0.527342 -0.849653 -0.000000 0.592948 0.805241 0.000000 -0.458274 0.888811 0.000000 0.803900 -0.594765 0.000000 0.479160 -0.877728 0.000000 
-0.862110 0.506722 0.000000 -0.527341 -0.849654 -0.000000 0.592928 0.805255 0.000000 -0.458259 0.888819 0.000000 0.803909 -0.594752 0.000000 0.479142 -0.877737 0.000000 
-0.862107 0.506726 0.000000 -0.527343 -0.849652 -0.000000 0.592915 0.805265 0.000000 -0.458248 0.888824 0.000000 0.803915 -0.594744 0.000000 0.479128 -0.877745 0.000000 
-0.862104 0.506731 0.000000 -0.527345 -0.849651 -0.000000 0.592906 0.805272 0.000000 -0.458239 0.888829 0.000000 0.803918 -0.594740 0.000000 0.479117 -0.877751 0.000000 
-0.862101 0.506736 0.000000 -0.527349 -0.849649 -0.000000 0.592902 0.805274 0.000000 -0.458230 0.888834 0.000000 0.803919 -0.594739 0.000000 0.479106 -0.877757 0.000000 
-0.862098 0.506742 0.000000 -0.527354 -0.849646 -0.000000 0.592903 0.805274 0.000000 -0.458224 0.888837 0.000000 0.803918 -0.594740 0.000000 0.479098 -0.877761 0.000000 
-0.862095 0.506746 0.000000 -0.527358 -0.849643 -0.000000 0.592906 0.805272 0.000000 -0.458223 0.888837 0.000000 0.803916 -0.594743 0.000000 0.479096 -0.877762 0.000000 
-0.862094 0.506749 0.000000 -0.527362 -0.849640 -0.000000 0.592909 0.805270 0.000000 -0.458221 0.888838 0.000000 0.803914 -0.594746 0.000000 0.479095 -0.877763 0.000000 
-0.862091 0.506753 0.000000 -0.527367 -0.849637 -0.000000 0.592911 0.805268 0.000000 -0.458226 0.888835 0.000000 0.803912 -0.594748 0.000000 0.479099 -0.877761 0.000000 
-0.862089 0.506757 0.000000 -0.527373 -0.849634 -0.000000 0.592918 0.805263 0.000000 -0.458223 0.888837 0.000000 0.803908 -0.594754 0.000000 0.479095 -0.877763 0.000000 
-0.862086 0.506762 0.000000 -0.527379 -0.849630 -0.000000 0.592922 0.805260 0.000000 -0.458227 0.888835 0.000000 0.803905 -0.594758 0.000000 0.479098 -0.877761 0.000000 
-0.862083 0.506767 0.000000 -0.527385 -0.849626 -0.000000 0.592934 0.805251 0.000000 -0.458232 0.888833 0.000000 0.803896 -0.594770 0.000000 0.479103 -0.877759 0.000000 
-0.862079 0.506773 0.000000 -0.527392 -0.849622 -0.000000 0.592938 0.805248 0.000000 -0.458238 0.888830 0.000000 0.803892 -0.594775 0.000000 0.479107 -0.877757 0.000000 
-0.862076 0.506779 0.000000 -0.527398 -0.849618 -0.000000 0.592940 0.805246 0.000000 -0.458245 0.888826 0.000000 0.803890 -0.594778 0.000000 0.479112 -0.877754 0.000000 
-0.862073 0.506784 0.000000 -0.527404 -0.849615 -0.000000 0.592946 0.805242 0.000000 -0.458250 0.888824 0.000000 0.803885 -0.594785 0.000000 0.479115 -0.877752 0.000000 
-0.862070 0.506789 0.000000 -0.527410 -0.849611 -0.000000 0.592946 0.805243 0.000000 -0.458258 0.888819 0.000000 0.803885 -0.594785 0.000000 0.479121 -0.877749 0.000000 
-0.862067 0.506794 0.000000 -0.527416 -0.849607 -0.000000 0.592946 0.805242 0.000000 -0.458268 0.888814 0.000000 0.803884 -0.594786 0.000000 0.479129 -0.877745 0.000000 
-0.862064 0.506800 0.000000 -0.527422 -0.849604 -0.000000 0.592945 0.805243 0.000000 -0.458277 0.888810 0.000000 0.803884 -0.594786 0.000000 0.479134 -0.877742 0.000000 
-0.862061 0.506805 0.000000 -0.527427 -0.849600 -0.000000 0.592944 0.805244 0.000000 -0.458286 0.888805 0.000000 0.803884 -0.594786 0.000000 0.479141 -0.877738 0.000000 
-0.862058 0.506810 0.000000 -0.527432 -0.849597 -0.000000 0.592942 0.805245 0.000000 -0.458298 0.888799 0.000000 0.803885 -0.594784 0.000000 0.479149 -0.877733 0.000000 
-0.862055 0.506815 0.000000 -0.527438 -0.849593 -0.000000 0.592938 0.805248 0.000000 -0.458312 0.888791 0.000000 0.803887 -0.594782 0.000000 0.479161 -0.877727 0.000000 
-0.862052 0.506820 0.000000 -0.527444 -0.849590 -0.000000 0.592933 0.805252 0.000000 -0.458331 0.888782 0.000000 0.803890 -0.594778 0.000000 0.479175 -0.877719 0.000000 
-0.862049 0.506825 0.000000 -0.527449 -0.849587 -0.000000 0.592926 0.805257 0.000000 -0.458354 0.888770 0.000000 0.803895 -0.594772 0.000000 0.479193 -0.877709 0.000000 
-0.862046 0.506831 0.000000 -0.527454 -0.849583 -0.000000 0.592918 0.805263 0.000000 -0.458380 0.888756 0.000000 0.803900 -0.594764 0.000000 0.479215 -0.877698 0.000000 
-0.862043 0.506836 0.000000 -0.527460 -0.849580 -0.000000 0.592908 0.805270 0.000000 -0.458410 0.888741 0.000000 0.803906 -0.594756 0.000000 0.479239 -0.877684 0.000000 
-0.862039 0.506841 0.000000 -0.527465 -0.849576 -0.000000 0.592898 0.805278 0.000000 -0.458442 0.888724 0.000000 0.803913 -0.594746 0.000000 0.479265 -0.877670 0.000000 
-0.862036 0.506846 0.000000 -0.527471 -0.849573 -0.000000 0.592888 0.805285 0.000000 -0.458475 0.888707 0.000000 0.803920 -0.594737 0.000000 0.479292 -0.877656 0.000000 
-0.862033 0.506852 0.000000 -0.527476 -0.849570 -0.000000 0.592878 0.805292 0.000000 -0.458511 0.888689 0.000000 0.803926 -0.594730 0.000000 0.479322 -0.877639 0.000000 
-0.862030 0.506857 0.000000 -0.527482 -0.849566 -0.000000 0.592869 0.805299 0.000000 -0.458551 0.888668 0.000000 0.803932 -0.594721 0.000000 0.479357 -0.877620 0.000000 
-0.862027 0.506862 0.000000 -0.527487 -0.849563 -0.000000 0.592859 0.805306 0.000000 -0.458597 0.888644 0.000000 0.803938 -0.594713 0.000000 0.479397 -0.877598 0.000000 
-0.862024 0.506867 0.000000 -0.527492 -0.849560 -0.000000 0.592847 0.805315 0.000000 -0.458649 0.888618 0.000000 0.803946 -0.594703 0.000000 0.479442 -0.877574 0.000000 
-0.862021 0.506873 0.000000 -0.527498 -0.849556 -0.000000 0.592834 0.805325 0.000000 -0.458708 0.888587 0.000000 0.803954 -0.594691 0.000000 0.479494 -0.877545 0.000000 
-0.862018 0.506878 0.000000 -0.527503 -0.849553 -0.000000 0.592819 0.805336 0.000000 -0.458775 0.888552 0.000000 0.803964 -0.594678 0.000000 0.479553 -0.877513 0.000000 
-0.862015 0.506883 0.000000 -0.527508 -0.849550 -0.000000 0.592802 0.805348 0.000000 -0.458850 0.888514 0.000000 0.803975 -0.594664 0.000000 0.479619 -0.877477 0.000000 
-0.862012 0.506888 0.000000 -0.527514 -0.849546 -0.000000 0.592783 0.805362 0.000000 -0.458933 0.888471 0.000000 0.803987 -0.594647 0.000000 0.479692 -0.877437 0.000000 
-0.862009 0.506893 0.000000 -0.527519 -0.849543 -0.000000 0.592763 0.805377 0.000000 -0.459022 0.888425 0.000000 0.803999 -0.594630 0.000000 0.479771 -0.877394 0.000000 
-0.862006 0.506899 0.000000 -0.527524 -0.849540 -0.000000 0.592752 0.805385 0.000000 -0.459110 0.888380 0.000000 0.804006 -0.594622 0.000000 0.479850 -0.877351 0.000000 
-0.862003 0.506904 0.000000 -0.527529 -0.849537 -0.000000 0.592748 0.805388 0.000000 -0.459195 0.888335 0.000000 0.804006 -0.594621 0.000000 0.479929 -0.877307 0.000000 
-0.862000 0.506909 0.000000 -0.527534 -0.849534 -0.000000 0.592743 0.805392 0.000000 -0.459286 0.888288 0.000000 0.804007 -0.594620 0.000000 0.480012 -0.877262 0.000000 
-0.861997 0.506914 0.000000 -0.527539 -0.849531 -0.000000 0.592735 0.805398 0.000000 -0.459384 0.888238 0.000000 0.804011 -0.594615 0.000000 0.480101 -0.877213 0.000000 
-0.861994 0.506919 0.000000 -0.527544 -0.849528 -0.000000 0.592725 0.805405 0.000000 -0.459484 0.888186 0.000000 0.804016 -0.594608 0.000000 0.480192 -0.877163 0.000000 
-0.861990 0.506925 0.000000 -0.527550 -0.849524 -0.000000 0.592716 0.805411 0.000000 -0.459585 0.888134 0.000000 0.804019 -0.594603 0.000000 0.480284 -0.877113 0.000000 
-0.861987 0.506930 0.000000 -0.527554 -0.849521 -0.000000 0.592708 0.805417 0.000000 -0.459686 0.888081 0.000000 0.804023 -0.594598 0.000000 0.480376 -0.877062 0.000000 
-0.861984 0.506935 0.000000 -0.527559 -0.849519 -0.000000 0.592700 0.805423 0.000000 -0.459785 0.888030 0.000000 0.804027 -0.594593 0.000000 0.480467 -0.877013 0.000000 
-0.861981 0.506941 0.000000 -0.527564 -0.849515 -0.000000 0.592692 0.805429 0.000000 -0.459880 0.887981 0.000000 0.804029 -0.594590 0.000000 0.480553 -0.876966 0.000000 
-0.861977 0.506947 0.000000 -0.527569 -0.849512 -0.000000 0.592686 0.805433 0.000000 -0.459968 0.887935 0.000000 0.804031 -0.594587 0.000000 0.480633 -0.876922 0.000000 
-0.861974 0.506953 0.000000 -0.527574 -0.849509 -0.000000 0.592680 0.805438 0.000000 -0.460048 0.887894 0.000000 0.804033 -0.594584 0.000000 0.480705 -0.876882 0.000000 
-0.861970 0.506959 0.000000 -0.527579 -0.849506 -0.000000 0.592672 0.805444 0.000000 -0.460117 0.887858 0.000000 0.804037 -0.594579 0.000000 0.480766 -0.876849 0.000000 
-0.861967 0.506964 0.000000 -0.527585 -0.849503 -0.000000 0.592665 0.805449 0.000000 -0.460168 0.887832 0.000000 0.804040 -0.594575 0.000000 0.480810 -0.876825 0.000000 
-0.861963 0.506971 0.000000 -0.527589 -0.849500 -0.000000 0.592663 0.805450 0.000000 -0.460200 0.887815 0.000000 0.804040 -0.594575 0.000000 0.480837 -0.876810 0.000000 
-0.861960 0.506977 0.000000 -0.527595 -0.849496 -0.000000 0.592664 0.805450 0.000000 -0.460216 0.887807 0.000000 0.804038 -0.594578 0.000000 0.480849 -0.876804 0.000000 
-0.861956 0.506983 0.000000 -0.527600 -0.849493 -0.000000 0.592666 0.805448 0.000000 -0.460223 0.887803 0.000000 0.804035 -0.594583 0.000000 0.480853 -0.876801 0.000000 
-0.861952 0.506989 0.000000 -0.527605 -0.849490 -0.000000 0.592669 0.805446 0.000000 -0.460227 0.887801 0.000000 0.804031 -0.594588 0.000000 0.480854 -0.876801 0.000000 
-0.861949 0.506995 0.000000 -0.527611 -0.849486 -0.000000 0.592673 0.805443 0.000000 -0.460233 0.887798 0.000000 0.804027 -0.594593 0.000000 0.480858 -0.876798 0.000000 
-0.861945 0.507001 0.000000 -0.527617 -0.849483 -0.000000 0.592675 0.805442 0.000000 -0.460248 0.887791 0.000000 0.804025 -0.594595 0.000000 0.480870 -0.876792 0.000000 
-0.861942 0.507007 0.000000 -0.527622 -0.849479 -0.000000 0.592672 0.805444 0.000000 -0.460265 0.887781 0.000000 0.804026 -0.594594 0.000000 0.480884 -0.876784 0.000000 
-0.861939 0.507013 0.000000 -0.527627 -0.849476 -0.000000 0.592671 0.805444 0.000000 -0.460282 0.887773 0.000000 0.804026 -0.594594 0.000000 0.480898 -0.876776 0.000000 
-0.861936 0.507018 0.000000 -0.527633 -0.849473 -0.000000 0.592674 0.805442 0.000000 -0.460298 0.887765 0.000000 0.804024 -0.594597 0.000000 0.480912 -0.876769 0.000000 
-0.861932 0.507023 0.000000 -0.527638 -0.849469 -0.000000 0.592677 0.805440 0.000000 -0.460316 0.887755 0.000000 0.804021 -0.594601 0.000000 0.480928 -0.876760 0.000000 
-0.861929 0.507028 0.000000 -0.527643 -0.849466 -0.000000 0.592679 0.805438 0.000000 -0.460339 0.887743 0.000000 0.804019 -0.594604 0.000000 0.480949 -0.876749 0.000000 
-0.861926 0.507034 0.000000 -0.527649 -0.849463 -0.000000 0.592680 0.805438 0.000000 -0.460369 0.887728 0.000000 0.804017 -0.594606 0.000000 0.480975 -0.876734 0.000000 
-0.861923 0.507039 0.000000 -0.527654 -0.849459 -0.000000 0.592681 0.805437 0.000000 -0.460403 0.887710 0.000000 0.804016 -0.594608 0.000000 0.481006 -0.876717 0.000000 
-0.861920 0.507044 0.000000 -0.527659 -0.849456 -0.000000 0.592681 0.805437 0.000000 -0.460444 0.887689 0.000000 0.804014 -0.594610 0.000000 0.481043 -0.876697 0.000000 
-0.861917 0.507049 0.000000 -0.527665 -0.849453 -0.000000 0.592681 0.805437 0.000000 -0.460490 0.887665 0.000000 0.804013 -0.594611 0.000000 0.481084 -0.876674 0.000000 
-0.861914 0.507055 0.000000 -0.527670 -0.849450 -0.000000 0.592680 0.805438 0.000000 -0.460542 0.887638 0.000000 0.804013 -0.594612 0.000000 0.481131 -0.876649 0.000000 
-0.861911 0.507060 0.000000 -0.527675 -0.849446 -0.000000 0.592679 0.805439 0.000000 -0.460598 0.887609 0.000000 0.804012 -0.594613 0.000000 0.481181 -0.876621 0.000000 
-0.861907 0.507066 0.000000 -0.527680 -0.849443 -0.000000 0.592677 0.805440 0.000000 -0.460657 0.887578 0.000000 0.804012 -0.594613 0.000000 0.481235 -0.876592 0.000000 
-0.861904 0.507071 0.000000 -0.527686 -0.849440 -0.000000 0.592675 0.805442 0.000000 -0.460718 0.887547 0.000000 0.804012 -0.594614 0.000000 0.481290 -0.876561 0.000000 
-0.861901 0.507077 0.000000 -0.527691 -0.849436 -0.000000 0.592673 0.805443 0.000000 -0.460780 0.887515 0.000000 0.804012 -0.594614 0.000000 0.481346 -0.876531 0.000000 
-0.861897 0.507083 0.000000 -0.527696 -0.849433 -0.000000 0.592669 0.805446 0.000000 -0.460840 0.887483 0.000000 0.804012 -0.594613 0.000000 0.481399 -0.876501 0.000000 
-0.861894 0.507088 0.000000 -0.527701 -0.849430 -0.000000 0.592663 0.805450 0.000000 -0.460891 0.887457 0.000000 0.804014 -0.594610 0.000000 0.481444 -0.876477 0.000000 
-0.861891 0.507094 0.000000 -0.527707 -0.849427 -0.000000 0.592660 0.805452 0.000000 -0.460924 0.887440 0.000000 0.804014 -0.594610 0.000000 0.481471 -0.876462 0.000000 
-0.861887 0.507100 0.000000 -0.527712 -0.849423 -0.000000 0.592661 0.805452 0.000000 -0.460938 0.887432 0.000000 0.804011 -0.594614 0.000000 0.481481 -0.876456 0.000000 
-0.861884 0.507106 0.000000 -0.527718 -0.849420 -0.000000 0.592666 0.805448 0.000000 -0.460939 0.887432 0.000000 0.804005 -0.594622 0.000000 0.481479 -0.876458 0.000000 
-0.861880 0.507112 0.000000 -0.527723 -0.849416 -0.000000 0.592662 0.805451 0.000000 -0.460949 0.887427 0.000000 0.804007 -0.594620 0.000000 0.481483 -0.876455 0.000000 
-0.861877 0.507118 0.000000 -0.527729 -0.849413 -0.000000 0.592662 0.805451 0.000000 -0.460943 0.887430 0.000000 0.804004 -0.594624 0.000000 0.481473 -0.876461 0.000000 
-0.861873 0.507124 0.000000 -0.527734 -0.849409 -0.000000 0.592666 0.805448 0.000000 -0.460941 0.887431 0.000000 0.804001 -0.594628 0.000000 0.481467 -0.876464 0.000000 
-0.861869 0.507131 0.000000 -0.527740 -0.849406 -0.000000 0.592666 0.805448 0.000000 -0.460937 0.887433 0.000000 0.803998 -0.594632 0.000000 0.481459 -0.876469 0.000000 
-0.861865 0.507137 0.000000 -0.527746 -0.849403 -0.000000 0.592670 0.805445 0.000000 -0.460937 0.887433 0.000000 0.803994 -0.594637 0.000000 0.481456 -0.876470 0.000000 
-0.861862 0.507143 0.000000 -0.527751 -0.849399 -0.000000 0.592671 0.805444 0.000000 -0.460942 0.887430 0.000000 0.803991 -0.594641 0.000000 0.481458 -0.876469 0.000000 
-0.861858 0.507150 0.000000 -0.527757 -0.849396 -0.000000 0.592673 0.805443 0.000000 -0.460958 0.887422 0.000000 0.803989 -0.594644 0.000000 0.481470 -0.876462 0.000000 
-0.861854 0.507156 0.000000 -0.527762 -0.849392 -0.000000 0.592672 0.805444 0.000000 -0.460974 0.887414 0.000000 0.803988 -0.594645 0.000000 0.481483 -0.876455 0.000000 
-0.861851 0.507162 0.000000 -0.527768 -0.849389 -0.000000 0.592674 0.805442 0.000000 -0.460988 0.887406 0.000000 0.803986 -0.594649 0.000000 0.481495 -0.876449 0.000000 
-0.861847 0.507168 0.000000 -0.527774 -0.849385 -0.000000 0.592678 0.805439 0.000000 -0.461001 0.887400 0.000000 0.803981 -0.594655 0.000000 0.481506 -0.876443 0.000000 
-0.861844 0.507174 0.000000 -0.527779 -0.849381 -0.000000 0.592683 0.805436 0.000000 -0.461016 0.887392 0.000000 0.803977 -0.594660 0.000000 0.481519 -0.876436 0.000000 
-0.861840 0.507180 0.000000 -0.527785 -0.849378 -0.000000 0.592685 0.805434 0.000000 -0.461034 0.887382 0.000000 0.803974 -0.594664 0.000000 0.481534 -0.876427 0.000000 
-0.861837 0.507186 0.000000 -0.527791 -0.849374 -0.000000 0.592688 0.805432 0.000000 -0.461053 0.887372 0.000000 0.803971 -0.594668 0.000000 0.481551 -0.876418 0.000000 
-0.861834 0.507191 0.000000 -0.527796 -0.849371 -0.000000 0.592690 0.805430 0.000000 -0.461074 0.887362 0.000000 0.803968 -0.594672 0.000000 0.481568 -0.876408 0.000000 
-0.861830 0.507197 0.000000 -0.527802 -0.849368 -0.000000 0.592693 0.805428 0.000000 -0.461094 0.887351 0.000000 0.803965 -0.594677 0.000000 0.481586 -0.876399 0.000000 
-0.861827 0.507203 0.000000 -0.527808 -0.849364 -0.000000 0.592696 0.805426 0.000000 -0.461115 0.887340 0.000000 0.803961 -0.594682 0.000000 0.481605 -0.876388 0.000000 
-0.861823 0.507209 0.000000 -0.527813 -0.849361 -0.000000 0.592700 0.805424 0.000000 -0.461138 0.887328 0.000000 0.803958 -0.594686 0.000000 0.481625 -0.876378 0.000000 
-0.861820 0.507215 0.000000 -0.527819 -0.849357 -0.000000 0.592703 0.805421 0.000000 -0.461162 0.887316 0.000000 0.803955 -0.594691 0.000000 0.481646 -0.876366 0.000000 
-0.861816 0.507221 0.000000 -0.527824 -0.849354 -0.000000 0.592705 0.805420 0.000000 -0.461187 0.887303 0.000000 0.803951 -0.594696 0.000000 0.481668 -0.876354 0.000000 
-0.861813 0.507226 0.000000 -0.527830 -0.849350 -0.000000 0.592708 0.805418 0.000000 -0.461214 0.887289 0.000000 0.803948 -0.594700 0.000000 0.481691 -0.876341 0.000000 
-0.861809 0.507232 0.000000 -0.527836 -0.849346 -0.000000 0.592709 0.805417 0.000000 -0.461241 0.887275 0.000000 0.803946 -0.594703 0.000000 0.481715 -0.876328 0.000000 
-0.861806 0.507238 0.000000 -0.527841 -0.849343 -0.000000 0.592709 0.805416 0.000000 -0.461266 0.887262 0.000000 0.803944 -0.594705 0.000000 0.481736 -0.876316 0.000000 
-0.861802 0.507244 0.000000 -0.527847 -0.849340 -0.000000 0.592711 0.805416 0.000000 -0.461287 0.887251 0.000000 0.803941 -0.594709 0.000000 0.481753 -0.876307 0.000000 
-0.861799 0.507250 0.000000 -0.527852 -0.849336 -0.000000 0.592712 0.805414 0.000000 -0.461301 0.887244 0.000000 0.803938 -0.594713 0.000000 0.481764 -0.876301 0.000000 
-0.861796 0.507256 0.000000 -0.527858 -0.849333 -0.000000 0.592715 0.805412 0.000000 -0.461310 0.887239 0.000000 0.803935 -0.594718 0.000000 0.481769 -0.876298 0.000000 
-0.861792 0.507262 0.000000 -0.527864 -0.849329 -0.000000 0.592718 0.805410 0.000000 -0.461313 0.887237 0.000000 0.803930 -0.594723 0.000000 0.481770 -0.876298 0.000000 
-0.861788 0.507268 0.000000 -0.527870 -0.849325 -0.000000 0.592721 0.805408 0.000000 -0.461313 0.887237 0.000000 0.803926 -0.594729 0.000000 0.481766 -0.876300 0.000000 
