-0.089363 0.027095 0.003775 0.021654 -0.054875 0.004060 -0.216286 -0.145439 0.004316 -0.108144 -0.229075 0.004605 
-0.089322 0.027068 0.003827 0.021674 -0.054931 0.004176 -0.216290 -0.145434 0.004279 -0.108170 -0.229098 0.004630 
-0.089419 0.027054 0.003913 0.021590 -0.054928 0.004053 -0.216360 -0.145467 0.004477 -0.108226 -0.229115 0.004624 
-0.089420 0.027053 0.004011 0.021590 -0.054929 0.004138 -0.216360 -0.145468 0.004522 -0.108227 -0.229116 0.004654 
-0.089533 0.027310 0.004449 0.021518 -0.054615 0.004204 -0.216386 -0.145277 0.004391 -0.108210 -0.228869 0.004148 
-0.089489 0.027331 0.004470 0.021576 -0.054576 0.004300 -0.216313 -0.145276 0.004207 -0.108123 -0.228851 0.004035 
-0.089598 0.027289 0.004198 0.021470 -0.054613 0.003948 -0.216415 -0.145324 0.004256 -0.108222 -0.228895 0.004009 
-0.089672 0.027309 0.004306 0.021406 -0.054577 0.003877 -0.216465 -0.145321 0.004410 -0.108261 -0.228876 0.003988 
-0.089673 0.027310 0.004372 0.021406 -0.054577 0.003975 -0.216466 -0.145320 0.004470 -0.108262 -0.228876 0.004078 
-0.089673 0.027310 0.004445 0.021405 -0.054577 0.004062 -0.216467 -0.145320 0.004536 -0.108262 -0.228875 0.004159 
-0.089664 0.027304 0.004811 0.021413 -0.054583 0.004135 -0.216458 -0.145327 0.004900 -0.108254 -0.228881 0.004232 
-0.089640 0.027286 0.005623 0.021433 -0.054597 0.004207 -0.216433 -0.145345 0.005700 -0.108235 -0.228896 0.004299 
-0.089643 0.027285 0.005657 0.021431 -0.054597 0.004280 -0.216435 -0.145347 0.005722 -0.108234 -0.228897 0.004360 
-0.089729 0.027287 0.005389 0.021202 -0.054792 0.004151 -0.216826 -0.145120 0.005401 -0.108772 -0.228863 0.004175 
-0.089749 0.027329 0.005391 0.021170 -0.054766 0.004235 -0.216871 -0.145059 0.005297 -0.108829 -0.228818 0.004151 
-0.089556 0.027477 0.006791 0.021213 -0.054790 0.004295 -0.216963 -0.144700 0.006695 -0.109074 -0.228626 0.004222 
-0.090370 0.026078 0.009613 0.021294 -0.054839 0.004349 -0.215736 -0.147591 0.009950 -0.106932 -0.230200 0.004742 
-0.091923 0.023421 0.011641 0.021459 -0.054914 0.004413 -0.213332 -0.153036 0.012334 -0.102770 -0.233128 0.005185 
-0.091678 0.023713 0.012075 0.021467 -0.054927 0.004461 -0.213593 -0.152396 0.012504 -0.103273 -0.232785 0.004968 
-0.091575 0.023874 0.012039 0.021464 -0.054926 0.004502 -0.213737 -0.152063 0.012425 -0.103526 -0.232609 0.004966 
-0.091566 0.023902 0.011980 0.021460 -0.054925 0.004541 -0.213767 -0.152009 0.012324 -0.103568 -0.232581 0.004961 
-0.091618 0.023831 0.011992 0.021459 -0.054925 0.004573 -0.213709 -0.152156 0.012304 -0.103459 -0.232659 0.004961 
-0.091605 0.023789 0.012414 0.021469 -0.054933 0.004602 -0.213663 -0.152222 0.012692 -0.103414 -0.232691 0.004960 
-0.091844 0.023307 0.013270 0.021493 -0.054950 0.004627 -0.213222 -0.153173 0.013516 -0.102704 -0.233188 0.004960 
-0.091924 0.023027 0.014221 0.021519 -0.054969 0.004650 -0.212949 -0.153695 0.014437 -0.102321 -0.233455 0.004961 
-0.092854 0.021413 0.015487 0.021554 -0.054993 0.004670 -0.211482 -0.156927 0.015700 -0.099864 -0.235136 0.004990 
-0.092899 0.021096 0.016683 0.021590 -0.055013 0.004690 -0.211135 -0.157504 0.017043 -0.099431 -0.235422 0.005170 
-0.092072 0.022111 0.017667 0.021633 -0.055008 0.004712 -0.211858 -0.155446 0.019264 -0.100953 -0.234350 0.006457 
-0.091096 0.023593 0.019873 0.021547 -0.054677 0.004727 -0.212571 -0.152763 0.024360 -0.102742 -0.232790 0.009424 
-0.211538 -0.150914 0.031500 0.590929 -0.167715 0.004985 0.516266 -0.051695 0.007971 -0.090552 0.025622 0.022815 -0.101896 -0.230864 0.014877 0.410604 -0.283303 0.004673 
-0.204125 -0.146954 0.033755 0.594689 -0.167709 0.004983 0.519752 -0.051853 0.007428 -0.084510 0.030530 0.025412 -0.093828 -0.226031 0.017287 0.414635 -0.283717 0.004757 
-0.189255 -0.141476 0.028990 0.597944 -0.167468 0.004994 0.522933 -0.051646 0.006669 -0.071198 0.037178 0.024192 -0.077893 -0.219403 0.014304 0.417957 -0.283583 0.004865 
-0.172491 -0.135346 0.019047 0.602546 -0.167628 0.004990 0.528470 -0.051199 0.006062 -0.055115 0.043820 0.018539 -0.060439 -0.212720 0.006907 0.421629 -0.282287 0.004990 
-0.167708 -0.133610 0.015293 0.607916 -0.170413 0.004990 0.535650 -0.052848 0.005044 -0.049847 0.045237 0.015148 -0.055729 -0.211353 0.004976 0.425245 -0.282257 0.004987 
-0.167881 -0.133499 0.013325 0.608350 -0.171433 0.005997 0.536645 -0.053526 0.005427 -0.050019 0.045348 0.013197 -0.055789 -0.211314 0.004957 0.425151 -0.282408 0.005566 
-0.168032 -0.133401 0.011336 0.606422 -0.167512 0.007822 0.534417 -0.049790 0.006831 -0.050169 0.045446 0.011216 -0.055850 -0.211274 0.004947 0.423518 -0.278958 0.006003 
-0.168148 -0.133325 0.009524 0.601448 -0.160583 0.008268 0.528852 -0.043225 0.007442 -0.050284 0.045521 0.009405 -0.055905 -0.211238 0.004942 0.419113 -0.272947 0.005848 
-0.168251 -0.133258 0.007579 0.595294 -0.155061 0.008319 0.522390 -0.037892 0.007561 -0.050386 0.045588 0.007459 -0.055965 -0.211199 0.004940 0.413254 -0.267900 0.005783 
-0.168334 -0.133204 0.005532 0.589579 -0.152164 0.008664 0.516774 -0.034937 0.007627 -0.050469 0.045641 0.005407 -0.056027 -0.211157 0.004938 0.407449 -0.264857 0.006074 
-0.168355 -0.133194 0.004994 0.585296 -0.151831 0.009871 0.512838 -0.034396 0.008180 -0.050489 0.045651 0.004992 -0.056047 -0.211148 0.004977 0.402841 -0.263999 0.007362 
-0.168316 -0.133181 0.004770 0.584481 -0.154374 0.013945 0.512382 -0.036745 0.010886 -0.050454 0.045666 0.004961 -0.056008 -0.211133 0.004896 0.401709 -0.266024 0.011407 
-0.168551 -0.133136 0.004608 0.587112 -0.158614 0.021046 0.515204 -0.040943 0.015867 -0.050692 0.045714 0.004832 -0.056240 -0.211085 0.004526 0.404224 -0.270064 0.018064 
-0.168554 -0.133160 0.004625 0.591126 -0.163732 0.029422 0.519368 -0.046104 0.021778 -0.050676 0.045676 0.004702 -0.056252 -0.211123 0.004674 0.408200 -0.275106 0.025979 
-0.168475 -0.133311 0.004493 0.594965 -0.168294 0.037727 0.523341 -0.050766 0.027671 -0.050533 0.045483 0.004117 -0.056201 -0.211312 0.005043 0.412042 -0.279659 0.033852 
-0.168456 -0.133305 0.004443 0.597274 -0.171236 0.044321 0.525762 -0.053824 0.032303 -0.050504 0.045483 0.004183 -0.056187 -0.211312 0.005013 0.414367 -0.282617 0.040209 
-0.168459 -0.133303 0.004487 0.597684 -0.172899 0.048614 0.526309 -0.055562 0.035138 -0.050507 0.045484 0.004242 -0.056190 -0.211310 0.005137 0.414727 -0.284204 0.044617 
-0.168475 -0.133293 0.004524 0.596966 -0.174035 0.051540 0.525744 -0.056749 0.036868 -0.050522 0.045494 0.004299 -0.056209 -0.211298 0.005699 0.413917 -0.285201 0.047918 
-0.168497 -0.133279 0.004559 0.595679 -0.174801 0.053733 0.524603 -0.057557 0.038044 -0.050544 0.045508 0.004354 -0.056238 -0.211279 0.006499 0.412522 -0.285805 0.050634 
-0.168523 -0.133262 0.004595 0.594027 -0.175436 0.055472 0.523096 -0.058228 0.038884 -0.050570 0.045524 0.004403 -0.056277 -0.211254 0.007408 0.410749 -0.286255 0.053018 
-0.168548 -0.133246 0.004630 0.592219 -0.176275 0.056983 0.521434 -0.059102 0.039541 -0.050594 0.045540 0.004447 -0.056318 -0.211226 0.008285 0.408806 -0.286885 0.055274 
-0.168573 -0.133229 0.004686 0.590526 -0.177498 0.058451 0.519894 -0.060366 0.040142 -0.050616 0.045555 0.004487 -0.056362 -0.211198 0.009103 0.406971 -0.287882 0.057539 
-0.168672 -0.133157 0.004963 0.589261 -0.178957 0.060071 0.518801 -0.061863 0.040879 -0.050632 0.045572 0.004522 -0.056514 -0.211160 0.010053 0.405551 -0.289086 0.059899 
-0.168934 -0.132968 0.005517 0.588480 -0.180285 0.061853 0.518236 -0.063200 0.041828 -0.050643 0.045594 0.004554 -0.056897 -0.211103 0.011206 0.404580 -0.290096 0.062274 
-0.169262 -0.132723 0.006319 0.587925 -0.181295 0.063635 0.517926 -0.064192 0.042865 -0.050650 0.045618 0.004583 -0.057373 -0.211029 0.012556 0.403810 -0.290742 0.064551 
-0.169600 -0.132462 0.007273 0.587460 -0.182130 0.065304 0.517694 -0.065015 0.043840 -0.050652 0.045645 0.004609 -0.057862 -0.210941 0.014013 0.403140 -0.291225 0.066725 
-0.170081 -0.132160 0.006834 0.581298 -0.179400 0.060319 0.519582 -0.056242 0.052116 -0.050643 0.045625 0.004641 -0.058548 -0.210975 0.013032 0.389564 -0.274792 0.064319 
-0.172053 -0.131039 0.004800 0.513868 -0.041642 0.046170 -0.050620 0.045403 0.004667 0.570277 -0.167524 0.050147 -0.061393 -0.211188 0.009312 0.374928 -0.254197 0.064436 
-0.172168 -0.131085 0.004780 0.501685 -0.017412 0.035426 -0.050555 0.045233 0.004693 0.561510 -0.141721 0.038891 -0.061545 -0.211380 0.007052 0.369249 -0.233177 0.062327 
-0.173329 -0.131075 0.004891 0.487957 0.025798 0.025080 -0.050465 0.044373 0.004871 0.556319 -0.094035 0.028350 -0.063267 -0.212166 0.005276 0.371633 -0.198125 0.058915 
-0.174419 -0.130687 0.004982 0.476844 0.090292 0.023508 -0.048718 0.042740 0.004978 0.558887 -0.020563 0.028435 -0.065689 -0.213558 0.004992 0.387100 -0.146149 0.052822 
-0.178483 -0.130371 0.004975 -0.073581 -0.218037 0.004996 0.460571 0.182881 0.021825 -0.045127 0.037241 0.004978 0.557206 0.084442 0.025775 0.404173 -0.064648 0.040969 
0.545645 0.195804 0.028693 0.436555 0.280295 0.026551 -0.075995 -0.218977 0.005100 0.414168 0.026804 0.034196 -0.179637 -0.129825 0.004957 -0.043905 0.035869 0.004800 
0.509327 0.316273 0.035004 -0.076806 -0.218953 0.005597 0.422021 0.120881 0.026222 0.383265 0.372401 0.033516 -0.180050 -0.129340 0.005670 -0.043583 0.035747 0.004790 
0.344290 0.434399 0.031538 -0.069674 -0.221230 0.013373 -0.175622 -0.134831 0.013521 -0.044402 0.034247 0.005053 0.472334 0.382945 0.030396 0.392408 0.185577 0.007249 
0.326428 0.473752 0.018428 -0.065153 -0.222790 0.019964 -0.172759 -0.138465 0.020201 -0.045077 0.032864 0.005311 0.446252 0.405346 0.021051 0.340160 0.219757 0.007674 
0.288383 0.498618 0.031031 -0.067176 -0.222024 0.022838 -0.173861 -0.136536 0.022814 0.407560 0.433218 0.007291 0.303803 0.245852 0.004781 
0.279110 0.499146 0.054650 -0.069304 -0.220972 0.027332 -0.174964 -0.134221 0.027012 0.390411 0.434508 0.004869 0.064839 -0.051527 0.005246 0.282825 0.249300 0.005853 
-0.074992 -0.219007 0.030783 0.281201 0.489346 0.075941 -0.178358 -0.129539 0.029957 0.063369 -0.053430 0.005606 0.383628 0.427868 0.006854 0.272098 0.245015 0.004969 
-0.079155 -0.217995 0.031567 0.283229 0.484701 0.080422 -0.180949 -0.126752 0.029978 0.062151 -0.054949 0.006225 0.383367 0.423165 0.008106 0.269224 0.241949 0.004969 
-0.082911 -0.216955 0.035111 0.287281 0.483783 0.078934 -0.183373 -0.124293 0.031798 0.060822 -0.056344 0.007932 0.386113 0.420274 0.006527 0.269143 0.240849 0.004965 
-0.087426 -0.215262 0.041230 0.289585 0.484792 0.076452 -0.186261 -0.121015 0.034981 0.059192 -0.057865 0.010846 0.387885 0.419506 0.004905 0.269045 0.241307 0.004962 
-0.091341 -0.213328 0.047942 0.290768 0.486113 0.075242 -0.188762 -0.117929 0.038051 0.057777 -0.058934 0.014474 0.389002 0.419428 0.004905 0.268379 0.242432 0.004985 
-0.094676 -0.211186 0.054997 0.291632 0.487761 0.073546 -0.190912 -0.115126 0.040823 0.389963 0.419468 0.004908 0.056545 -0.059486 0.018759 
-0.098332 -0.208768 0.061743 0.292677 0.489690 0.071492 -0.193240 -0.112154 0.043084 0.391108 0.419531 0.004910 0.055147 -0.059910 0.023279 
-0.101382 -0.206471 0.067530 0.293785 0.491575 0.068897 -0.195167 -0.109682 0.044592 0.392642 0.419621 0.004913 0.053938 -0.059931 0.027588 
-0.103180 -0.204715 0.072020 0.293761 0.493037 0.065800 -0.196287 -0.108244 0.045295 0.393569 0.419713 0.004923 0.053211 -0.059532 0.031307 
0.401014 0.421794 0.004932 -0.096079 -0.183400 0.052729 0.275065 0.248559 0.006941 0.299428 0.496010 0.061644 -0.201344 -0.096492 0.045219 -0.068751 0.071549 0.037532 
0.408625 0.426621 0.004951 -0.113255 -0.168040 0.066265 0.284275 0.252223 0.004951 0.304513 0.500557 0.057278 -0.217716 -0.080197 0.058432 -0.083705 0.086850 0.054660 
0.420238 0.427282 0.004956 -0.152054 -0.143160 0.090764 0.296640 0.252349 0.004952 0.314039 0.502018 0.051648 -0.253620 -0.051888 0.084166 -0.114154 0.110530 0.077306 
0.315439 0.502726 0.048008 -0.202949 -0.115721 0.116168 -0.296382 -0.016366 0.106751 -0.143591 0.132949 0.091337 0.424699 0.429061 0.007024 0.304104 0.252057 0.004950 
0.314554 0.503120 0.042797 -0.273112 -0.063478 0.138666 -0.348447 0.050251 0.129715 -0.173048 0.170695 0.105100 0.428129 0.432512 0.008751 0.313914 0.251354 0.004967 
0.313556 0.501901 0.037478 -0.318880 -0.003247 0.138856 -0.377445 0.119826 0.128228 0.320725 0.249494 0.004969 0.430358 0.433407 0.010834 
0.439943 0.430458 0.017533 -0.317947 0.026534 0.114598 0.327504 0.248584 0.004988 0.322961 0.501191 0.036400 -0.376795 0.149880 0.118113 -0.186290 0.246864 0.104721 
0.447804 0.428258 0.025184 -0.288412 0.027705 0.093337 0.332951 0.248596 0.004984 0.331205 0.501348 0.035502 -0.356250 0.146393 0.092467 -0.172920 0.257087 0.088642 
0.455476 0.426226 0.033488 -0.272501 0.030799 0.090690 0.339251 0.248521 0.005371 0.339786 0.501453 0.034400 -0.345669 0.146143 0.085040 -0.167842 0.264173 0.067036 
0.458368 0.421252 0.054380 -0.253106 0.041469 0.073589 0.341719 0.245950 0.015135 0.344626 0.498800 0.044733 -0.332937 0.151899 0.062544 -0.162126 0.280694 0.051898 
0.456666 0.415152 0.075637 -0.237322 0.058396 0.052152 0.339595 0.242953 0.025443 0.346301 0.495623 0.055944 -0.324312 0.162789 0.037160 -0.163303 0.304029 0.039420 
0.449613 0.412014 0.092116 -0.254090 0.078533 0.023967 0.331553 0.243863 0.031579 0.342945 0.495775 0.066622 -0.338433 0.185028 0.008644 -0.174235 0.322461 0.014023 
0.439615 0.415074 0.097408 -0.266140 0.083675 0.021227 0.321952 0.247706 0.033995 0.334044 0.499501 0.069644 -0.350103 0.190201 0.004138 -0.185219 0.326913 0.004996 
0.428399 0.427989 0.094733 -0.269526 0.083845 0.024107 0.313892 0.256853 0.035756 0.321135 0.509635 0.065197 -0.353883 0.189556 0.004136 -0.189742 0.327161 0.003899 
0.419732 0.444053 0.097139 -0.267996 0.082751 0.026673 0.309765 0.269205 0.040455 0.310657 0.522539 0.065728 -0.354049 0.186577 0.004203 -0.192500 0.327216 0.004001 
0.413442 0.460074 0.106617 -0.266458 0.082223 0.028271 0.308395 0.282622 0.048707 0.303048 0.535953 0.073455 -0.354084 0.184375 0.004262 -0.194948 0.327740 0.004093 
0.409396 0.472934 0.119371 -0.264678 0.082864 0.027922 0.308434 0.294247 0.058091 0.298309 0.547218 0.084937 -0.353412 0.183879 0.003181 -0.196166 0.329309 0.004524 
0.407325 0.481102 0.131912 -0.264014 0.083361 0.027962 0.309276 0.302175 0.066725 0.295996 0.554650 0.096690 -0.353372 0.183855 0.003347 -0.197020 0.330243 0.004777 
0.406375 0.485335 0.140549 -0.263650 0.083545 0.027619 0.310000 0.306636 0.072313 0.294941 0.558650 0.105174 -0.353365 0.183840 0.003496 -0.197477 0.330719 0.005195 
0.405666 0.486672 0.144603 -0.263416 0.083528 0.026942 0.310015 0.308343 0.074405 0.294077 0.559975 0.109695 -0.353360 0.183810 0.003630 -0.197754 0.330977 0.006119 
0.405469 0.486051 0.145494 -0.263241 0.083410 0.026050 0.309860 0.308209 0.074019 0.293734 0.559523 0.111419 -0.353349 0.183775 0.003750 -0.197895 0.331088 0.007018 
0.405857 0.483969 0.143762 -0.263053 0.083296 0.025074 0.309707 0.306694 0.071606 0.294042 0.557780 0.110696 -0.353331 0.183743 0.003859 -0.197983 0.331158 0.007549 
0.407012 0.481729 0.140278 -0.262957 0.083129 0.024201 0.309996 0.304957 0.068047 0.295155 0.555921 0.108224 -0.353307 0.183711 0.003956 -0.197867 0.331035 0.007405 
0.408428 0.480981 0.134495 -0.263065 0.082541 0.023659 0.310695 0.304422 0.062711 0.296427 0.555345 0.103353 -0.353276 0.183378 0.004067 -0.197265 0.330133 0.005075 
0.408316 0.481375 0.124082 -0.261486 0.082078 0.023440 0.309657 0.304305 0.054870 0.295836 0.555481 0.094074 -0.352353 0.182383 0.004151 -0.197231 0.330080 0.004917 
0.407309 0.483318 0.114321 -0.259211 0.081494 0.023374 0.308410 0.305362 0.047774 0.294163 0.556780 0.085244 -0.351003 0.180980 0.004230 -0.197226 0.330077 0.004913 
0.406074 0.489489 0.105782 -0.254548 0.080343 0.023516 0.308352 0.309898 0.041944 0.291846 0.561486 0.077280 -0.348194 0.178111 0.004504 -0.197195 0.330022 0.004876 
0.403379 0.500221 0.099285 -0.249460 0.079332 0.024612 0.308326 0.318402 0.037766 0.287674 0.569955 0.071116 -0.345104 0.175134 0.005534 -0.197179 0.330039 0.004876 
0.400001 0.514261 0.093749 -0.243719 0.078439 0.026930 0.308612 0.329847 0.034443 0.282589 0.581162 0.065769 -0.341583 0.171935 0.007675 -0.197150 0.330077 0.004881 
0.396689 0.529140 0.092242 -0.237986 0.077733 0.029523 0.309464 0.342282 0.034333 0.277762 0.593155 0.063914 -0.337992 0.168845 0.009841 -0.197127 0.330122 0.004886 
0.393099 0.543994 0.091500 -0.232106 0.077170 0.032151 0.310273 0.354765 0.034843 0.272763 0.605047 0.062589 -0.334239 0.165787 0.012013 -0.197106 0.330169 0.004891 
0.388378 0.558524 0.090956 -0.226726 0.076790 0.034492 0.309965 0.367146 0.035249 0.266712 0.616652 0.061585 -0.330734 0.163059 0.013761 -0.197096 0.330212 0.004895 
0.381884 0.572859 0.091250 -0.221749 0.076438 0.035707 0.308151 0.379530 0.035888 0.258916 0.627996 0.061539 -0.327329 0.160576 0.014178 -0.196910 0.330229 0.004886 
0.373839 0.586553 0.094665 -0.216224 0.075880 0.035151 0.305229 0.391453 0.038930 0.249734 0.638638 0.064184 -0.323498 0.157576 0.012619 -0.196961 0.330221 0.004888 
0.365741 0.599168 0.103854 -0.210920 0.075343 0.033745 0.302518 0.402738 0.046444 0.240909 0.648465 0.071748 -0.319670 0.154654 0.009806 -0.197041 0.330198 0.004890 
0.357507 0.610065 0.118384 -0.206344 0.074871 0.031690 0.299720 0.412790 0.058210 0.232419 0.656989 0.083812 -0.316164 0.152082 0.005850 -0.197152 0.330163 0.004893 
0.349490 0.619078 0.137452 -0.204979 0.074809 0.032385 0.296475 0.421550 0.073811 0.224618 0.664379 0.100050 -0.314826 0.151167 0.004230 -0.197068 0.330081 0.004993 
0.342419 0.627929 0.158117 -0.205247 0.075383 0.034613 0.293890 0.430393 0.091019 0.218081 0.671982 0.117577 -0.314891 0.151205 0.004295 -0.197628 0.330443 0.005235 
0.335010 0.636486 0.174498 -0.205478 0.076001 0.036678 0.290707 0.438754 0.105095 0.211110 0.679166 0.131243 -0.314955 0.151233 0.004354 -0.198357 0.330901 0.005821 
0.327962 0.644226 0.184645 -0.205427 0.076944 0.038447 0.286939 0.446062 0.114459 0.204335 0.685590 0.139373 -0.315012 0.151257 0.004408 -0.199668 0.331727 0.006373 
0.320209 0.652112 0.190715 -0.205044 0.078240 0.039855 0.282277 0.453352 0.120479 0.196615 0.691944 0.144001 -0.315060 0.151269 0.004456 -0.201704 0.332986 0.007141 
0.312127 0.660089 0.194669 -0.204521 0.079661 0.041008 0.277218 0.460677 0.124714 0.188433 0.698258 0.146848 -0.315103 0.151276 0.004501 -0.204025 0.334382 0.007940 
0.303954 0.668471 0.197852 -0.315135 0.151283 0.004539 -0.326993 0.412361 0.564225 0.180084 0.704920 0.149151 -0.312153 0.451907 0.614939 -0.203850 0.081216 0.041903 0.272123 0.468484 0.128071 
0.295799 0.677442 0.199508 -0.315137 0.151287 0.004576 -0.330033 0.400245 0.552848 0.171633 0.712052 0.150225 -0.309247 0.435831 0.604400 -0.203036 0.082849 0.042516 0.267095 0.476907 0.129941 
0.287570 0.685881 0.200161 -0.315155 0.151293 0.004609 -0.331816 0.392565 0.550701 0.163086 0.718643 0.150418 -0.308388 0.425289 0.603010 -0.202259 0.084476 0.043077 0.261858 0.484793 0.131022 
0.281219 0.691881 0.200879 -0.315180 0.151293 0.004640 -0.334020 0.388859 0.550596 0.156533 0.723268 0.150756 -0.309649 0.419908 0.603492 -0.201890 0.085486 0.043688 0.257717 0.490390 0.132127 
0.278651 0.694371 0.202012 -0.315195 0.151297 0.004669 -0.336170 0.390249 0.552280 0.153996 0.725241 0.151494 -0.312359 0.420663 0.605796 -0.201774 0.085967 0.044134 0.256077 0.492708 0.133455 
0.277013 0.695918 0.202614 -0.315203 0.151300 0.004694 -0.338265 0.393127 0.554950 0.152368 0.726470 0.151876 -0.315435 0.423160 0.609106 -0.201663 0.086318 0.044391 0.254999 0.494153 0.134174 
0.275834 0.696738 0.203326 -0.315210 0.151298 0.004716 -0.339961 0.394192 0.556492 0.151207 0.727095 0.152431 -0.317722 0.423947 0.611045 -0.201601 0.086528 0.044562 0.254209 0.494931 0.134886 
0.275183 0.696675 0.204320 -0.315218 0.151293 0.004736 -0.341123 0.393537 0.556896 0.150606 0.726996 0.153279 -0.319055 0.423104 0.611621 -0.201611 0.086591 0.044699 0.253737 0.494886 0.135770 
0.275212 0.695859 0.205573 -0.315225 0.151286 0.004755 -0.341782 0.392703 0.557219 0.150719 0.726321 0.154412 -0.319768 0.422132 0.612041 -0.201692 0.086500 0.044793 0.253695 0.494150 0.136810 
0.275630 0.694727 0.206770 -0.315229 0.151277 0.004771 -0.341954 0.391859 0.557603 0.151212 0.725410 0.155560 -0.319946 0.421163 0.612493 -0.201790 0.086325 0.044804 0.253920 0.493138 0.137716 
0.276365 0.693396 0.207637 -0.315230 0.151268 0.004786 -0.341657 0.391001 0.558001 0.151997 0.724347 0.156466 -0.319619 0.420191 0.612941 -0.201872 0.086116 0.044725 0.254354 0.491947 0.138272 
0.277393 0.691962 0.208003 -0.315198 0.151227 0.004805 -0.340914 0.390231 0.558400 0.153046 0.723200 0.156954 -0.318812 0.419319 0.613367 -0.201901 0.085871 0.044580 0.254983 0.490646 0.138381 
0.278617 0.690511 0.207834 -0.315192 0.151220 0.004817 -0.339736 0.389700 0.558757 0.154260 0.722042 0.156989 -0.317532 0.418720 0.613719 -0.201947 0.085634 0.044364 0.255734 0.489317 0.138012 
0.279978 0.689170 0.207111 -0.315183 0.151214 0.004827 -0.338112 0.389475 0.559020 0.155580 0.720973 0.156536 -0.315754 0.418468 0.613934 -0.201970 0.085408 0.044098 0.256583 0.488076 0.137170 
0.281477 0.688066 0.205735 -0.315169 0.151212 0.004837 -0.336035 0.389560 0.559193 0.157001 0.720115 0.155511 -0.313468 0.418549 0.614024 -0.201946 0.085224 0.043771 0.257532 0.487045 0.135770 
0.283036 0.687171 0.203633 -0.315152 0.151213 0.004845 -0.333517 0.390106 0.559220 0.158440 0.719411 0.153828 -0.310702 0.419159 0.613914 -0.201898 0.085057 0.043403 0.258534 0.486180 0.133776 
0.284664 0.686555 0.200623 -0.315130 0.151216 0.004853 -0.330529 0.390959 0.559093 0.159898 0.718932 0.151337 -0.307420 0.420104 0.613614 -0.201785 0.084958 0.042965 0.259582 0.485548 0.131020 
0.286345 0.686168 0.196633 -0.315103 0.151223 0.004860 -0.327054 0.392196 0.558835 0.161352 0.718616 0.147971 -0.303619 0.421480 0.613142 -0.201628 0.084893 0.042458 0.260662 0.485090 0.127454 
0.288139 0.685969 0.191670 -0.315071 0.151232 0.004866 -0.323062 0.393647 0.558469 0.162864 0.718446 0.143758 -0.299272 0.423081 0.612540 -0.201416 0.084867 0.041856 0.261810 0.484782 0.123053 
0.290089 0.685842 0.185792 -0.315033 0.151244 0.004872 -0.318499 0.395326 0.557985 0.164486 0.718325 0.138753 -0.294308 0.424929 0.611785 -0.201165 0.084858 0.041160 0.263048 0.484515 0.117868 
0.292239 0.685704 0.179062 -0.314990 0.151257 0.004877 -0.313316 0.397249 0.557352 0.166270 0.718191 0.133013 -0.288665 0.427046 0.610836 -0.200885 0.084850 0.040372 0.264398 0.484215 0.111945 
0.294551 0.685372 0.171443 -0.314637 0.151179 0.004686 -0.307501 0.399372 0.556693 0.168178 0.717868 0.126524 -0.282322 0.429387 0.609807 -0.200239 0.084863 0.039402 0.265781 0.483685 0.105319 
0.297577 0.682837 0.164699 -0.314425 0.151098 0.004612 -0.301640 0.401338 0.556651 0.170918 0.715699 0.120865 -0.275872 0.431562 0.609363 -0.199773 0.084736 0.038387 0.267361 0.481047 0.099542 
0.300939 0.679828 0.158348 -0.314398 0.151085 0.004645 -0.296031 0.403209 0.556555 0.174067 0.713223 0.115543 -0.269638 0.433596 0.608862 -0.199560 0.084627 0.037588 0.269068 0.477991 0.094130 
0.303846 0.677276 0.152305 -0.314373 0.151072 0.004675 -0.290631 0.405081 0.556335 0.176767 0.711107 0.110466 -0.263625 0.435628 0.608234 -0.199364 0.084527 0.036839 0.270530 0.475384 0.089001 
0.306491 0.674878 0.146702 -0.314373 0.151073 0.004704 -0.285547 0.406872 0.556082 0.179229 0.709122 0.105766 -0.257968 0.437577 0.607584 -0.199217 0.084434 0.036136 0.271839 0.472948 0.084243 
0.309055 0.672226 0.142252 -0.314670 0.151236 0.004730 -0.280856 0.408484 0.555947 0.181678 0.706994 0.102126 -0.252744 0.439333 0.607074 -0.199483 0.084328 0.035473 0.273051 0.470363 0.080341 
0.311864 0.668889 0.139417 -0.315302 0.151663 0.004746 -0.276555 0.409643 0.556210 0.184481 0.704417 0.099981 -0.247918 0.440528 0.607023 -0.200267 0.084202 0.034845 0.274340 0.467258 0.077654 
0.314649 0.665137 0.137517 -0.316422 0.152289 0.004768 -0.272604 0.410449 0.556371 0.187335 0.701563 0.098681 -0.243464 0.441377 0.606872 -0.201684 0.084066 0.034275 0.275522 0.463845 0.075644 
0.317147 0.661700 0.136021 -0.317454 0.152873 0.004788 -0.269143 0.411333 0.556446 0.189924 0.698953 0.097675 -0.239551 0.442318 0.606648 -0.203007 0.083956 0.033806 0.276573 0.460728 0.074037 
0.319276 0.658722 0.134809 -0.318343 0.153382 0.004807 -0.266254 0.412191 0.556410 0.192144 0.696690 0.096860 -0.236259 0.443234 0.606336 -0.204156 0.083870 0.033427 0.277459 0.458033 0.072736 
0.321003 0.656210 0.133822 -0.319102 0.153822 0.004825 -0.263896 0.412959 0.556329 0.193957 0.694773 0.096189 -0.233549 0.444055 0.606009 -0.205144 0.083805 0.033131 0.278152 0.455757 0.071692 
0.322443 0.654036 0.133191 -0.319797 0.154228 0.004840 -0.261992 0.413598 0.556245 0.195485 0.693120 0.095798 -0.231350 0.444744 0.605713 -0.206062 0.083755 0.032903 0.278715 0.453799 0.070975 
0.323599 0.652284 0.132802 -0.320363 0.154562 0.004853 -0.260507 0.414247 0.556188 0.196723 0.691792 0.095578 -0.229656 0.445456 0.605485 -0.206814 0.083719 0.032741 0.279172 0.452228 0.070502 
0.324430 0.651038 0.132564 -0.320763 0.154798 0.004866 -0.259454 0.414745 0.556147 0.197616 0.690850 0.095455 -0.228457 0.446000 0.605323 -0.207346 0.083695 0.032630 0.279505 0.451114 0.070195 
0.324915 0.650316 0.132408 -0.320993 0.154936 0.004877 -0.258795 0.415046 0.556151 0.198135 0.690305 0.095370 -0.227719 0.446330 0.605258 -0.207652 0.083683 0.032566 0.279700 0.450469 0.070002 
0.325053 0.650140 0.132318 -0.321041 0.154965 0.004887 -0.258509 0.415054 0.556138 0.198277 0.690173 0.095315 -0.227376 0.446333 0.605213 -0.207712 0.083678 0.032539 0.279761 0.450315 0.069897 
0.325156 0.650026 0.132521 -0.321114 0.155009 0.004906 -0.258368 0.414743 0.556136 0.198391 0.690107 0.095534 -0.227168 0.445981 0.605194 -0.207807 0.083676 0.032526 0.279820 0.450242 0.070003 
0.325223 0.649960 0.132733 -0.321156 0.155034 0.004912 -0.258270 0.414403 0.556128 0.198467 0.690071 0.095748 -0.227009 0.445597 0.605176 -0.207860 0.083673 0.032508 0.279869 0.450206 0.070130 
0.325317 0.649815 0.132964 -0.321236 0.155083 0.004918 -0.258164 0.414104 0.556194 0.198574 0.689976 0.095988 -0.226866 0.445257 0.605244 -0.207966 0.083669 0.032483 0.279917 0.450102 0.070263 
0.325496 0.649519 0.133368 -0.321404 0.155180 0.004924 -0.258002 0.413728 0.556315 0.198780 0.689772 0.096400 -0.226663 0.444825 0.605375 -0.208190 0.083657 0.032438 0.280007 0.449878 0.070504 
0.325778 0.649162 0.133763 -0.321547 0.155266 0.004926 -0.257777 0.413388 0.556458 0.199096 0.689530 0.096802 -0.226416 0.444437 0.605534 -0.208382 0.083648 0.032391 0.280166 0.449602 0.070732 
0.326086 0.648644 0.134206 -0.321800 0.155417 0.004928 -0.257515 0.412952 0.556636 0.199445 0.689161 0.097269 -0.226100 0.443931 0.605721 -0.208720 0.083634 0.032314 0.280304 0.449185 0.070977 
0.326433 0.648171 0.134454 -0.321945 0.155498 0.004929 -0.257185 0.412681 0.556763 0.199826 0.688819 0.097541 -0.225740 0.443624 0.605851 -0.208913 0.083617 0.032256 0.280484 0.448792 0.071094 
0.326607 0.647938 0.134381 -0.321999 0.155533 0.004929 -0.256889 0.412579 0.556833 0.200008 0.688639 0.097503 -0.225419 0.443508 0.605915 -0.208983 0.083610 0.032209 0.280567 0.448586 0.071001 
0.326695 0.647798 0.134483 -0.322032 0.155633 0.004920 -0.256735 0.412555 0.556914 0.200107 0.688539 0.097608 -0.225268 0.443487 0.605997 -0.209057 0.083646 0.032201 0.280607 0.448471 0.071062 
0.326722 0.647783 0.134514 -0.322035 0.155635 0.004925 -0.256720 0.412557 0.556922 0.200137 0.688531 0.097636 -0.225255 0.443490 0.606005 -0.209060 0.083646 0.032206 0.280625 0.448460 0.071085 
0.326719 0.647793 0.134508 -0.322035 0.155635 0.004929 -0.256718 0.412565 0.556921 0.200134 0.688540 0.097630 -0.225254 0.443498 0.606004 -0.209060 0.083647 0.032211 0.280624 0.448469 0.071082 
0.326716 0.647803 0.134503 -0.322035 0.155635 0.004933 -0.256718 0.412572 0.556920 0.200131 0.688548 0.097626 -0.225254 0.443506 0.606002 -0.209060 0.083648 0.032216 0.280624 0.448477 0.071079 
0.326714 0.647811 0.134499 -0.322035 0.155636 0.004937 -0.256705 0.412570 0.556927 0.200128 0.688555 0.097621 -0.225243 0.443505 0.606010 -0.209060 0.083649 0.032220 0.280623 0.448485 0.071077 
0.326720 0.647805 0.134505 -0.322042 0.155641 0.004940 -0.256651 0.412538 0.556961 0.200134 0.688551 0.097629 -0.225190 0.443471 0.606047 -0.209069 0.083649 0.032220 0.280626 0.448481 0.071078 
0.326727 0.647801 0.134481 -0.322043 0.155642 0.004943 -0.256568 0.412503 0.557005 0.200140 0.688547 0.097610 -0.225112 0.443437 0.606093 -0.209070 0.083649 0.032220 0.280629 0.448476 0.071058 
0.326733 0.647791 0.134471 -0.322044 0.155643 0.004943 -0.256506 0.412469 0.557042 0.200146 0.688540 0.097601 -0.225054 0.443402 0.606133 -0.209071 0.083649 0.032217 0.280631 0.448467 0.071048 
0.326739 0.647783 0.134461 -0.322045 0.155644 0.004943 -0.256447 0.412436 0.557078 0.200152 0.688533 0.097594 -0.224999 0.443370 0.606171 -0.209072 0.083649 0.032215 0.280634 0.448459 0.071040 
0.326745 0.647774 0.134454 -0.322046 0.155645 0.004942 -0.256388 0.412402 0.557114 0.200158 0.688526 0.097589 -0.224944 0.443335 0.606210 -0.209074 0.083648 0.032213 0.280636 0.448452 0.071032 
0.326750 0.647767 0.134447 -0.322047 0.155645 0.004942 -0.256329 0.412367 0.557151 0.200163 0.688521 0.097584 -0.224889 0.443300 0.606250 -0.209075 0.083648 0.032211 0.280638 0.448445 0.071026 
0.326755 0.647760 0.134442 -0.322048 0.155646 0.004942 -0.256270 0.412331 0.557188 0.200168 0.688516 0.097580 -0.224834 0.443263 0.606290 -0.209077 0.083648 0.032209 0.280640 0.448439 0.071020 
0.326774 0.647732 0.134476 -0.322065 0.155656 0.004942 -0.256182 0.412272 0.557252 0.200189 0.688497 0.097617 -0.224754 0.443201 0.606361 -0.209099 0.083647 0.032204 0.280649 0.448419 0.071038 
0.326777 0.647728 0.134477 -0.322066 0.155657 0.004942 -0.256113 0.412226 0.557296 0.200193 0.688494 0.097618 -0.224691 0.443155 0.606409 -0.209100 0.083647 0.032203 0.280650 0.448416 0.071038 
0.326783 0.647719 0.134486 -0.322071 0.155661 0.004941 -0.256059 0.412191 0.557334 0.200199 0.688488 0.097627 -0.224642 0.443118 0.606451 -0.209108 0.083647 0.032202 0.280653 0.448409 0.071043 
0.326805 0.647681 0.134517 -0.322091 0.155673 0.004941 -0.255997 0.412147 0.557388 0.200225 0.688461 0.097658 -0.224587 0.443069 0.606513 -0.209135 0.083646 0.032199 0.280663 0.448377 0.071063 
0.326813 0.647672 0.134524 -0.322094 0.155675 0.004941 -0.255946 0.412113 0.557424 0.200234 0.688454 0.097666 -0.224541 0.443034 0.606553 -0.209140 0.083646 0.032199 0.280666 0.448369 0.071067 
0.326816 0.647668 0.134524 -0.322095 0.155676 0.004941 -0.255907 0.412088 0.557447 0.200237 0.688452 0.097666 -0.224506 0.443009 0.606579 -0.209141 0.083646 0.032199 0.280667 0.448366 0.071067 
0.326818 0.647664 0.134525 -0.322096 0.155677 0.004941 -0.255861 0.412058 0.557476 0.200240 0.688449 0.097667 -0.224464 0.442979 0.606609 -0.209143 0.083646 0.032198 0.280669 0.448363 0.071067 
0.326821 0.647661 0.134526 -0.322097 0.155678 0.004941 -0.255807 0.412024 0.557509 0.200242 0.688447 0.097669 -0.224415 0.442945 0.606646 -0.209144 0.083646 0.032197 0.280670 0.448360 0.071067 
0.326823 0.647657 0.134529 -0.322098 0.155678 0.004940 -0.255750 0.411989 0.557545 0.200245 0.688444 0.097671 -0.224364 0.442910 0.606686 -0.209146 0.083646 0.032197 0.280671 0.448357 0.071068 
0.326826 0.647654 0.134531 -0.322099 0.155679 0.004940 -0.255694 0.411956 0.557582 0.200248 0.688442 0.097674 -0.224313 0.442877 0.606726 -0.209147 0.083646 0.032196 0.280673 0.448355 0.071069 
0.326956 0.647452 0.134817 -0.322204 0.155742 0.004940 -0.255566 0.411849 0.557743 0.200399 0.688304 0.097960 -0.224195 0.442748 0.606907 -0.209289 0.083639 0.032166 0.280741 0.448201 0.071247 
0.327075 0.647375 0.135040 -0.322220 0.155751 0.004940 -0.255389 0.411727 0.557842 0.200533 0.688267 0.098173 -0.224030 0.442623 0.607016 -0.209310 0.083638 0.032159 0.280829 0.448156 0.071394 
0.327078 0.647371 0.135041 -0.322221 0.155752 0.004940 -0.255367 0.411714 0.557856 0.200537 0.688264 0.098174 -0.224010 0.442609 0.607032 -0.209312 0.083638 0.032158 0.280830 0.448153 0.071393 
0.327095 0.647337 0.135060 -0.322241 0.155765 0.004940 -0.255316 0.411692 0.557913 0.200557 0.688239 0.098195 -0.223969 0.442582 0.607098 -0.209339 0.083638 0.032155 0.280836 0.448124 0.071404 
0.327109 0.647319 0.135065 -0.322247 0.155769 0.004940 -0.255281 0.411669 0.557935 0.200571 0.688226 0.098201 -0.223935 0.442556 0.607122 -0.209348 0.083637 0.032153 0.280842 0.448109 0.071405 
0.327132 0.647288 0.135107 -0.322262 0.155778 0.004940 -0.255177 0.411634 0.558023 0.200597 0.688205 0.098245 -0.223846 0.442522 0.607220 -0.209367 0.083636 0.032145 0.280856 0.448087 0.071428 
0.327132 0.647287 0.135112 -0.322263 0.155778 0.004940 -0.255157 0.411617 0.558041 0.200597 0.688205 0.098250 -0.223829 0.442504 0.607239 -0.209368 0.083636 0.032145 0.280857 0.448086 0.071432 
0.327132 0.647287 0.135118 -0.322264 0.155779 0.004939 -0.255151 0.411609 0.558049 0.200598 0.688204 0.098255 -0.223824 0.442496 0.607249 -0.209370 0.083636 0.032145 0.280857 0.448086 0.071436 
0.327132 0.647286 0.135123 -0.322264 0.155780 0.004939 -0.255126 0.411590 0.558070 0.200598 0.688204 0.098260 -0.223803 0.442477 0.607272 -0.209371 0.083636 0.032146 0.280857 0.448086 0.071440 
0.327132 0.647285 0.135129 -0.322265 0.155780 0.004939 -0.255084 0.411562 0.558101 0.200599 0.688203 0.098265 -0.223765 0.442448 0.607306 -0.209372 0.083636 0.032146 0.280857 0.448085 0.071444 
0.327139 0.647274 0.135144 -0.322272 0.155785 0.004939 -0.255028 0.411531 0.558151 0.200606 0.688196 0.098280 -0.223719 0.442416 0.607363 -0.209382 0.083636 0.032145 0.280860 0.448077 0.071454 
0.327144 0.647268 0.135151 -0.322274 0.155786 0.004939 -0.254962 0.411489 0.558194 0.200613 0.688192 0.098288 -0.223659 0.442374 0.607411 -0.209385 0.083636 0.032144 0.280864 0.448072 0.071458 
0.327145 0.647265 0.135156 -0.322275 0.155787 0.004939 -0.254919 0.411463 0.558225 0.200614 0.688190 0.098292 -0.223621 0.442348 0.607445 -0.209387 0.083636 0.032144 0.280864 0.448070 0.071461 
0.327147 0.647263 0.135161 -0.322276 0.155788 0.004939 -0.254879 0.411441 0.558255 0.200615 0.688189 0.098297 -0.223586 0.442326 0.607477 -0.209388 0.083636 0.032143 0.280865 0.448068 0.071465 
0.327154 0.647251 0.135179 -0.322284 0.155793 0.004939 -0.254826 0.411425 0.558308 0.200624 0.688181 0.098314 -0.223544 0.442308 0.607538 -0.209399 0.083635 0.032142 0.280869 0.448059 0.071476 
